50
1 0 3
2 0 22
2 1 6
3 0 23
3 1 7
3 2 12
4 0 22
4 1 4
4 2 6
4 3 23
5 0 11
5 1 26
5 2 24
5 3 6
5 4 1
6 0 15
6 1 19
6 2 2
6 3 16
6 4 7
6 5 25
7 0 15
7 1 3
7 2 18
7 3 1
7 4 4
7 5 16
7 6 6
8 0 3
8 1 11
8 2 13
8 3 21
8 4 10
8 5 9
8 6 17
8 7 15
9 0 8
9 1 9
9 2 1
9 3 23
9 4 3
9 5 20
9 6 15
9 7 11
9 8 15
10 0 21
10 1 2
10 2 12
10 3 5
10 4 6
10 5 3
10 6 15
10 7 12
10 8 17
10 9 26
11 0 20
11 1 11
11 2 2
11 3 12
11 4 14
11 5 7
11 6 13
11 7 24
11 8 21
11 9 5
11 10 20
12 0 22
12 1 19
12 2 22
12 3 8
12 4 1
12 5 16
12 6 6
12 7 26
12 8 24
12 9 8
12 10 7
12 11 18
13 0 21
13 1 19
13 2 8
13 3 23
13 4 20
13 5 2
13 6 2
13 7 16
13 8 1
13 9 21
13 10 6
13 11 18
13 12 12
14 0 26
14 1 10
14 2 20
14 3 22
14 4 8
14 5 2
14 6 15
14 7 2
14 8 6
14 9 9
14 10 3
14 11 7
14 12 9
14 13 9
15 0 19
15 1 13
15 2 1
15 3 25
15 4 16
15 5 21
15 6 22
15 7 1
15 8 20
15 9 14
15 10 22
15 11 22
15 12 15
15 13 24
15 14 13
16 0 15
16 1 9
16 2 1
16 3 24
16 4 9
16 5 11
16 6 5
16 7 7
16 8 2
16 9 2
16 10 3
16 11 3
16 12 20
16 13 7
16 14 7
16 15 18
17 0 25
17 1 24
17 2 7
17 3 12
17 4 26
17 5 12
17 6 23
17 7 14
17 8 8
17 9 7
17 10 25
17 11 16
17 12 2
17 13 10
17 14 15
17 15 16
17 16 5
18 0 1
18 1 21
18 2 8
18 3 8
18 4 1
18 5 3
18 6 13
18 7 26
18 8 10
18 9 10
18 10 12
18 11 1
18 12 22
18 13 24
18 14 19
18 15 23
18 16 6
18 17 15
19 0 15
19 1 12
19 2 5
19 3 9
19 4 22
19 5 20
19 6 16
19 7 11
19 8 15
19 9 17
19 10 10
19 11 14
19 12 22
19 13 19
19 14 16
19 15 22
19 16 24
19 17 18
19 18 3
20 0 16
20 1 13
20 2 2
20 3 6
20 4 11
20 5 8
20 6 11
20 7 14
20 8 26
20 9 1
20 10 12
20 11 2
20 12 12
20 13 16
20 14 16
20 15 24
20 16 8
20 17 25
20 18 26
20 19 17
21 0 22
21 1 8
21 2 12
21 3 12
21 4 9
21 5 21
21 6 6
21 7 11
21 8 7
21 9 5
21 10 25
21 11 2
21 12 19
21 13 8
21 14 3
21 15 25
21 16 12
21 17 15
21 18 21
21 19 11
21 20 13
22 0 13
22 1 4
22 2 8
22 3 3
22 4 24
22 5 10
22 6 14
22 7 9
22 8 3
22 9 24
22 10 17
22 11 19
22 12 20
22 13 23
22 14 24
22 15 26
22 16 25
22 17 8
22 18 12
22 19 15
22 20 1
22 21 21
23 0 10
23 1 1
23 2 18
23 3 2
23 4 11
23 5 13
23 6 24
23 7 10
23 8 24
23 9 26
23 10 9
23 11 20
23 12 9
23 13 10
23 14 21
23 15 16
23 16 21
23 17 19
23 18 16
23 19 9
23 20 12
23 21 22
23 22 2
24 0 5
24 1 9
24 2 9
24 3 11
24 4 24
24 5 25
24 6 24
24 7 24
24 8 16
24 9 3
24 10 4
24 11 16
24 12 11
24 13 22
24 14 3
24 15 16
24 16 20
24 17 21
24 18 4
24 19 22
24 20 3
24 21 23
24 22 25
24 23 11
25 0 16
25 1 6
25 2 23
25 3 13
25 4 6
25 5 6
25 6 12
25 7 12
25 8 20
25 9 15
25 10 12
25 11 24
25 12 13
25 13 16
25 14 19
25 15 13
25 16 22
25 17 4
25 18 23
25 19 13
25 20 12
25 21 19
25 22 12
25 23 17
25 24 16
26 0 23
26 1 3
26 2 10
26 3 3
26 4 26
26 5 1
26 6 20
26 7 10
26 8 26
26 9 21
26 10 19
26 11 4
26 12 7
26 13 24
26 14 6
26 15 20
26 16 12
26 17 2
26 18 18
26 19 9
26 20 7
26 21 25
26 22 20
26 23 15
26 24 24
26 25 25
27 0 1
27 1 22
27 2 22
27 3 1
27 4 9
27 5 22
27 6 3
27 7 20
27 8 9
27 9 11
27 10 23
27 11 12
27 12 16
27 13 6
27 14 19
27 15 10
27 16 24
27 17 17
27 18 6
27 19 22
27 20 14
27 21 10
27 22 25
27 23 25
27 24 12
27 25 7
27 26 25
28 0 14
28 1 24
28 2 18
28 3 9
28 4 3
28 5 25
28 6 24
28 7 26
28 8 21
28 9 12
28 10 7
28 11 11
28 12 11
28 13 23
28 14 19
28 15 21
28 16 10
28 17 6
28 18 3
28 19 17
28 20 23
28 21 7
28 22 21
28 23 17
28 24 18
28 25 14
28 26 7
28 27 24
29 0 10
29 1 5
29 2 20
29 3 19
29 4 22
29 5 5
29 6 11
29 7 19
29 8 20
29 9 6
29 10 7
29 11 1
29 12 21
29 13 3
29 14 21
29 15 15
29 16 23
29 17 2
29 18 6
29 19 3
29 20 11
29 21 12
29 22 25
29 23 6
29 24 11
29 25 13
29 26 11
29 27 4
29 28 4
30 0 25
30 1 25
30 2 3
30 3 12
30 4 3
30 5 14
30 6 16
30 7 1
30 8 18
30 9 20
30 10 20
30 11 7
30 12 14
30 13 22
30 14 21
30 15 10
30 16 14
30 17 24
30 18 5
30 19 5
30 20 16
30 21 26
30 22 24
30 23 9
30 24 16
30 25 3
30 26 5
30 27 5
30 28 20
30 29 14
31 0 5
31 1 12
31 2 7
31 3 7
31 4 24
31 5 17
31 6 17
31 7 23
31 8 11
31 9 10
31 10 15
31 11 22
31 12 8
31 13 8
31 14 17
31 15 17
31 16 24
31 17 22
31 18 4
31 19 3
31 20 14
31 21 19
31 22 19
31 23 9
31 24 8
31 25 6
31 26 7
31 27 20
31 28 14
31 29 1
31 30 14
32 0 23
32 1 26
32 2 23
32 3 13
32 4 19
32 5 12
32 6 26
32 7 6
32 8 2
32 9 21
32 10 24
32 11 17
32 12 8
32 13 9
32 14 11
32 15 1
32 16 25
32 17 18
32 18 13
32 19 7
32 20 7
32 21 13
32 22 23
32 23 8
32 24 10
32 25 24
32 26 25
32 27 6
32 28 10
32 29 6
32 30 19
32 31 12
33 0 6
33 1 15
33 2 2
33 3 3
33 4 24
33 5 10
33 6 18
33 7 6
33 8 19
33 9 1
33 10 15
33 11 13
33 12 19
33 13 22
33 14 8
33 15 20
33 16 21
33 17 3
33 18 12
33 19 7
33 20 2
33 21 12
33 22 6
33 23 14
33 24 6
33 25 4
33 26 17
33 27 15
33 28 2
33 29 8
33 30 14
33 31 10
33 32 19
34 0 10
34 1 15
34 2 26
34 3 25
34 4 20
34 5 11
34 6 23
34 7 11
34 8 26
34 9 19
34 10 7
34 11 2
34 12 22
34 13 7
34 14 16
34 15 12
34 16 21
34 17 20
34 18 5
34 19 11
34 20 5
34 21 4
34 22 22
34 23 13
34 24 21
34 25 3
34 26 8
34 27 25
34 28 17
34 29 10
34 30 4
34 31 13
34 32 14
34 33 1
35 0 7
35 1 23
35 2 2
35 3 19
35 4 5
35 5 19
35 6 26
35 7 16
35 8 16
35 9 2
35 10 2
35 11 16
35 12 21
35 13 16
35 14 19
35 15 24
35 16 26
35 17 20
35 18 23
35 19 2
35 20 2
35 21 21
35 22 6
35 23 3
35 24 10
35 25 19
35 26 25
35 27 14
35 28 16
35 29 22
35 30 11
35 31 24
35 32 6
35 33 26
35 34 3
36 0 14
36 1 23
36 2 26
36 3 20
36 4 18
36 5 16
36 6 15
36 7 4
36 8 1
36 9 25
36 10 1
36 11 7
36 12 6
36 13 4
36 14 18
36 15 21
36 16 23
36 17 1
36 18 26
36 19 1
36 20 23
36 21 19
36 22 21
36 23 15
36 24 21
36 25 10
36 26 19
36 27 22
36 28 14
36 29 8
36 30 9
36 31 20
36 32 11
36 33 5
36 34 14
36 35 9
37 0 2
37 1 17
37 2 1
37 3 6
37 4 3
37 5 26
37 6 22
37 7 1
37 8 7
37 9 17
37 10 2
37 11 12
37 12 13
37 13 17
37 14 19
37 15 2
37 16 12
37 17 24
37 18 26
37 19 14
37 20 1
37 21 23
37 22 6
37 23 20
37 24 20
37 25 24
37 26 4
37 27 1
37 28 4
37 29 24
37 30 3
37 31 24
37 32 23
37 33 9
37 34 23
37 35 2
37 36 15
38 0 2
38 1 24
38 2 23
38 3 6
38 4 2
38 5 19
38 6 11
38 7 2
38 8 19
38 9 18
38 10 11
38 11 5
38 12 9
38 13 19
38 14 9
38 15 12
38 16 6
38 17 24
38 18 9
38 19 8
38 20 9
38 21 2
38 22 24
38 23 24
38 24 3
38 25 7
38 26 22
38 27 18
38 28 10
38 29 26
38 30 25
38 31 21
38 32 11
38 33 8
38 34 18
38 35 12
38 36 6
38 37 17
39 0 2
39 1 15
39 2 25
39 3 4
39 4 4
39 5 1
39 6 21
39 7 14
39 8 24
39 9 6
39 10 2
39 11 7
39 12 18
39 13 3
39 14 20
39 15 21
39 16 9
39 17 25
39 18 8
39 19 23
39 20 11
39 21 26
39 22 16
39 23 23
39 24 11
39 25 5
39 26 9
39 27 19
39 28 9
39 29 16
39 30 6
39 31 13
39 32 20
39 33 26
39 34 20
39 35 10
39 36 8
39 37 1
39 38 21
40 0 13
40 1 14
40 2 17
40 3 14
40 4 25
40 5 24
40 6 21
40 7 25
40 8 8
40 9 1
40 10 20
40 11 3
40 12 9
40 13 24
40 14 14
40 15 19
40 16 12
40 17 11
40 18 17
40 19 1
40 20 20
40 21 16
40 22 9
40 23 9
40 24 24
40 25 14
40 26 25
40 27 6
40 28 23
40 29 22
40 30 19
40 31 26
40 32 12
40 33 18
40 34 18
40 35 4
40 36 13
40 37 25
40 38 1
40 39 10
41 0 10
41 1 8
41 2 17
41 3 8
41 4 7
41 5 11
41 6 17
41 7 8
41 8 1
41 9 1
41 10 23
41 11 14
41 12 15
41 13 2
41 14 13
41 15 26
41 16 3
41 17 4
41 18 1
41 19 1
41 20 2
41 21 10
41 22 11
41 23 15
41 24 19
41 25 1
41 26 12
41 27 19
41 28 9
41 29 13
41 30 26
41 31 1
41 32 23
41 33 7
41 34 25
41 35 17
41 36 15
41 37 18
41 38 21
41 39 16
41 40 1
42 0 10
42 1 21
42 2 18
42 3 25
42 4 26
42 5 16
42 6 12
42 7 3
42 8 24
42 9 3
42 10 8
42 11 9
42 12 10
42 13 23
42 14 20
42 15 6
42 16 5
42 17 11
42 18 6
42 19 16
42 20 24
42 21 19
42 22 10
42 23 9
42 24 13
42 25 20
42 26 21
42 27 3
42 28 5
42 29 1
42 30 19
42 31 10
42 32 17
42 33 3
42 34 24
42 35 1
42 36 8
42 37 11
42 38 26
42 39 4
42 40 16
42 41 22
43 0 13
43 1 21
43 2 21
43 3 9
43 4 25
43 5 26
43 6 22
43 7 23
43 8 22
43 9 7
43 10 2
43 11 15
43 12 4
43 13 4
43 14 23
43 15 26
43 16 9
43 17 1
43 18 24
43 19 3
43 20 3
43 21 17
43 22 24
43 23 12
43 24 6
43 25 15
43 26 11
43 27 25
43 28 16
43 29 6
43 30 10
43 31 2
43 32 11
43 33 13
43 34 3
43 35 10
43 36 17
43 37 19
43 38 12
43 39 13
43 40 16
43 41 17
43 42 11
44 0 15
44 1 9
44 2 4
44 3 21
44 4 24
44 5 13
44 6 3
44 7 7
44 8 5
44 9 23
44 10 20
44 11 2
44 12 26
44 13 1
44 14 6
44 15 4
44 16 8
44 17 2
44 18 10
44 19 17
44 20 6
44 21 1
44 22 21
44 23 4
44 24 22
44 25 4
44 26 22
44 27 8
44 28 16
44 29 16
44 30 20
44 31 18
44 32 22
44 33 4
44 34 26
44 35 21
44 36 18
44 37 5
44 38 5
44 39 2
44 40 5
44 41 10
44 42 6
44 43 19
45 0 20
45 1 6
45 2 7
45 3 17
45 4 20
45 5 17
45 6 3
45 7 3
45 8 17
45 9 10
45 10 25
45 11 3
45 12 16
45 13 17
45 14 7
45 15 8
45 16 15
45 17 18
45 18 21
45 19 24
45 20 1
45 21 20
45 22 10
45 23 16
45 24 15
45 25 23
45 26 19
45 27 9
45 28 25
45 29 8
45 30 16
45 31 2
45 32 4
45 33 24
45 34 18
45 35 11
45 36 12
45 37 7
45 38 22
45 39 13
45 40 4
45 41 16
45 42 8
45 43 10
45 44 22
46 0 2
46 1 15
46 2 25
46 3 6
46 4 12
46 5 12
46 6 10
46 7 19
46 8 11
46 9 20
46 10 24
46 11 12
46 12 12
46 13 24
46 14 8
46 15 2
46 16 15
46 17 24
46 18 24
46 19 3
46 20 9
46 21 19
46 22 24
46 23 12
46 24 3
46 25 7
46 26 14
46 27 8
46 28 16
46 29 23
46 30 13
46 31 12
46 32 1
46 33 15
46 34 7
46 35 11
46 36 2
46 37 12
46 38 11
46 39 19
46 40 3
46 41 15
46 42 14
46 43 4
46 44 5
46 45 10
47 0 6
47 1 23
47 2 5
47 3 1
47 4 11
47 5 20
47 6 23
47 7 10
47 8 20
47 9 14
47 10 21
47 11 23
47 12 24
47 13 23
47 14 5
47 15 17
47 16 25
47 17 12
47 18 15
47 19 15
47 20 16
47 21 4
47 22 8
47 23 22
47 24 9
47 25 19
47 26 20
47 27 13
47 28 26
47 29 26
47 30 16
47 31 9
47 32 10
47 33 3
47 34 2
47 35 1
47 36 4
47 37 21
47 38 25
47 39 16
47 40 15
47 41 7
47 42 4
47 43 4
47 44 3
47 45 5
47 46 23
48 0 2
48 1 7
48 2 9
48 3 9
48 4 21
48 5 17
48 6 6
48 7 11
48 8 9
48 9 12
48 10 12
48 11 22
48 12 7
48 13 17
48 14 1
48 15 12
48 16 7
48 17 25
48 18 6
48 19 4
48 20 20
48 21 22
48 22 18
48 23 20
48 24 22
48 25 18
48 26 16
48 27 4
48 28 4
48 29 8
48 30 19
48 31 21
48 32 9
48 33 19
48 34 16
48 35 8
48 36 25
48 37 8
48 38 14
48 39 24
48 40 26
48 41 20
48 42 3
48 43 13
48 44 18
48 45 15
48 46 14
48 47 12
49 0 1
49 1 22
49 2 21
49 3 5
49 4 2
49 5 13
49 6 8
49 7 11
49 8 12
49 9 10
49 10 8
49 11 20
49 12 22
49 13 10
49 14 6
49 15 16
49 16 24
49 17 10
49 18 3
49 19 16
49 20 12
49 21 13
49 22 13
49 23 16
49 24 7
49 25 3
49 26 26
49 27 9
49 28 5
49 29 9
49 30 13
49 31 12
49 32 12
49 33 18
49 34 1
49 35 15
49 36 8
49 37 3
49 38 5
49 39 18
49 40 1
49 41 12
49 42 4
49 43 25
49 44 15
49 45 19
49 46 8
49 47 11
49 48 24
