53
1 0 17
2 0 17
2 1 44
3 0 15
3 1 29
3 2 38
4 0 2
4 1 30
4 2 2
4 3 53
5 0 13
5 1 5
5 2 2
5 3 17
5 4 48
6 0 42
6 1 12
6 2 33
6 3 59
6 4 60
6 5 9
7 0 23
7 1 5
7 2 51
7 3 38
7 4 39
7 5 36
7 6 55
8 0 50
8 1 41
8 2 49
8 3 30
8 4 42
8 5 42
8 6 36
8 7 21
9 0 48
9 1 6
9 2 35
9 3 15
9 4 27
9 5 36
9 6 46
9 7 41
9 8 4
10 0 28
10 1 17
10 2 52
10 3 29
10 4 52
10 5 60
10 6 1
10 7 22
10 8 21
10 9 7
11 0 62
11 1 58
11 2 37
11 3 11
11 4 24
11 5 48
11 6 29
11 7 28
11 8 29
11 9 25
11 10 8
12 0 11
12 1 39
12 2 50
12 3 19
12 4 46
12 5 47
12 6 58
12 7 61
12 8 48
12 9 50
12 10 43
12 11 54
13 0 5
13 1 47
13 2 44
13 3 14
13 4 46
13 5 47
13 6 40
13 7 55
13 8 56
13 9 26
13 10 9
13 11 64
13 12 18
14 0 34
14 1 41
14 2 11
14 3 60
14 4 22
14 5 33
14 6 48
14 7 16
14 8 30
14 9 16
14 10 39
14 11 60
14 12 5
14 13 58
15 0 42
15 1 37
15 2 51
15 3 46
15 4 47
15 5 15
15 6 32
15 7 52
15 8 13
15 9 50
15 10 63
15 11 17
15 12 24
15 13 59
15 14 6
16 0 5
16 1 33
16 2 44
16 3 60
16 4 47
16 5 1
16 6 27
16 7 9
16 8 27
16 9 3
16 10 3
16 11 26
16 12 11
16 13 51
16 14 17
16 15 41
17 0 18
17 1 1
17 2 26
17 3 36
17 4 1
17 5 35
17 6 20
17 7 34
17 8 23
17 9 5
17 10 2
17 11 56
17 12 11
17 13 18
17 14 12
17 15 20
17 16 22
18 0 59
18 1 60
18 2 51
18 3 32
18 4 57
18 5 19
18 6 6
18 7 27
18 8 63
18 9 60
18 10 3
18 11 26
18 12 8
18 13 59
18 14 7
18 15 64
18 16 5
18 17 61
19 0 45
19 1 56
19 2 59
19 3 60
19 4 31
19 5 3
19 6 13
19 7 13
19 8 41
19 9 21
19 10 60
19 11 35
19 12 40
19 13 54
19 14 17
19 15 50
19 16 4
19 17 12
19 18 26
20 0 49
20 1 53
20 2 19
20 3 64
20 4 60
20 5 19
20 6 16
20 7 19
20 8 52
20 9 30
20 10 36
20 11 38
20 12 59
20 13 29
20 14 38
20 15 46
20 16 20
20 17 24
20 18 20
20 19 54
21 0 31
21 1 47
21 2 25
21 3 43
21 4 23
21 5 60
21 6 22
21 7 52
21 8 50
21 9 25
21 10 22
21 11 61
21 12 27
21 13 17
21 14 50
21 15 64
21 16 17
21 17 12
21 18 57
21 19 35
21 20 7
22 0 3
22 1 40
22 2 8
22 3 40
22 4 55
22 5 4
22 6 6
22 7 50
22 8 38
22 9 55
22 10 22
22 11 60
22 12 57
22 13 15
22 14 55
22 15 63
22 16 36
22 17 63
22 18 7
22 19 54
22 20 9
22 21 19
23 0 44
23 1 47
23 2 47
23 3 9
23 4 30
23 5 49
23 6 5
23 7 60
23 8 40
23 9 48
23 10 37
23 11 29
23 12 62
23 13 27
23 14 45
23 15 15
23 16 31
23 17 20
23 18 57
23 19 8
23 20 3
23 21 10
23 22 3
24 0 25
24 1 57
24 2 18
24 3 9
24 4 53
24 5 64
24 6 43
24 7 32
24 8 49
24 9 36
24 10 36
24 11 60
24 12 43
24 13 27
24 14 37
24 15 37
24 16 1
24 17 56
24 18 59
24 19 13
24 20 32
24 21 19
24 22 17
24 23 34
25 0 44
25 1 40
25 2 5
25 3 29
25 4 57
25 5 28
25 6 43
25 7 32
25 8 44
25 9 20
25 10 13
25 11 51
25 12 22
25 13 45
25 14 25
25 15 29
25 16 20
25 17 27
25 18 49
25 19 3
25 20 15
25 21 33
25 22 37
25 23 40
25 24 18
26 0 14
26 1 45
26 2 33
26 3 60
26 4 6
26 5 18
26 6 48
26 7 9
26 8 41
26 9 61
26 10 60
26 11 49
26 12 4
26 13 37
26 14 54
26 15 45
26 16 45
26 17 18
26 18 8
26 19 1
26 20 50
26 21 64
26 22 53
26 23 61
26 24 58
26 25 40
27 0 46
27 1 52
27 2 63
27 3 60
27 4 33
27 5 58
27 6 14
27 7 31
27 8 37
27 9 10
27 10 16
27 11 19
27 12 40
27 13 64
27 14 4
27 15 2
27 16 29
27 17 46
27 18 40
27 19 1
27 20 4
27 21 23
27 22 55
27 23 13
27 24 11
27 25 51
27 26 12
28 0 62
28 1 19
28 2 39
28 3 42
28 4 29
28 5 3
28 6 1
28 7 49
28 8 41
28 9 58
28 10 42
28 11 8
28 12 38
28 13 63
28 14 21
28 15 37
28 16 18
28 17 18
28 18 56
28 19 51
28 20 14
28 21 43
28 22 41
28 23 2
28 24 46
28 25 34
28 26 26
28 27 47
29 0 17
29 1 35
29 2 43
29 3 21
29 4 46
29 5 30
29 6 46
29 7 10
29 8 6
29 9 46
29 10 39
29 11 29
29 12 4
29 13 57
29 14 24
29 15 54
29 16 47
29 17 52
29 18 57
29 19 54
29 20 64
29 21 50
29 22 7
29 23 16
29 24 46
29 25 50
29 26 52
29 27 23
29 28 35
30 0 2
30 1 60
30 2 29
30 3 64
30 4 24
30 5 14
30 6 6
30 7 14
30 8 57
30 9 43
30 10 60
30 11 30
30 12 62
30 13 5
30 14 25
30 15 28
30 16 62
30 17 38
30 18 2
30 19 37
30 20 51
30 21 11
30 22 49
30 23 29
30 24 10
30 25 22
30 26 18
30 27 34
30 28 34
30 29 33
31 0 60
31 1 64
31 2 53
31 3 63
31 4 28
31 5 40
31 6 26
31 7 5
31 8 52
31 9 26
31 10 2
31 11 29
31 12 31
31 13 8
31 14 39
31 15 8
31 16 42
31 17 26
31 18 10
31 19 62
31 20 6
31 21 20
31 22 13
31 23 51
31 24 6
31 25 30
31 26 26
31 27 63
31 28 17
31 29 5
31 30 21
32 0 34
32 1 24
32 2 50
32 3 42
32 4 1
32 5 24
32 6 39
32 7 1
32 8 36
32 9 25
32 10 54
32 11 27
32 12 4
32 13 21
32 14 44
32 15 7
32 16 13
32 17 8
32 18 39
32 19 61
32 20 56
32 21 15
32 22 7
32 23 62
32 24 21
32 25 40
32 26 12
32 27 32
32 28 50
32 29 9
32 30 42
32 31 13
33 0 42
33 1 35
33 2 19
33 3 51
33 4 29
33 5 14
33 6 15
33 7 11
33 8 7
33 9 18
33 10 11
33 11 36
33 12 10
33 13 3
33 14 31
33 15 36
33 16 5
33 17 30
33 18 7
33 19 25
33 20 61
33 21 30
33 22 43
33 23 43
33 24 48
33 25 14
33 26 39
33 27 34
33 28 25
33 29 27
33 30 63
33 31 55
33 32 14
34 0 46
34 1 13
34 2 4
34 3 15
34 4 18
34 5 4
34 6 38
34 7 54
34 8 33
34 9 41
34 10 4
34 11 30
34 12 21
34 13 3
34 14 50
34 15 21
34 16 15
34 17 1
34 18 5
34 19 34
34 20 42
34 21 53
34 22 39
34 23 62
34 24 54
34 25 11
34 26 38
34 27 53
34 28 14
34 29 48
34 30 43
34 31 42
34 32 29
34 33 59
35 0 54
35 1 19
35 2 17
35 3 32
35 4 42
35 5 8
35 6 49
35 7 44
35 8 37
35 9 28
35 10 63
35 11 39
35 12 18
35 13 57
35 14 53
35 15 63
35 16 14
35 17 21
35 18 36
35 19 64
35 20 52
35 21 27
35 22 38
35 23 12
35 24 61
35 25 3
35 26 18
35 27 9
35 28 53
35 29 3
35 30 48
35 31 12
35 32 11
35 33 11
35 34 14
36 0 24
36 1 33
36 2 4
36 3 20
36 4 28
36 5 59
36 6 43
36 7 63
36 8 43
36 9 21
36 10 36
36 11 36
36 12 46
36 13 42
36 14 51
36 15 53
36 16 46
36 17 2
36 18 34
36 19 48
36 20 29
36 21 62
36 22 28
36 23 2
36 24 24
36 25 12
36 26 38
36 27 1
36 28 39
36 29 45
36 30 29
36 31 44
36 32 23
36 33 6
36 34 3
36 35 10
37 0 14
37 1 3
37 2 33
37 3 29
37 4 34
37 5 63
37 6 39
37 7 46
37 8 36
37 9 56
37 10 52
37 11 4
37 12 15
37 13 55
37 14 18
37 15 51
37 16 47
37 17 11
37 18 27
37 19 40
37 20 12
37 21 32
37 22 12
37 23 8
37 24 8
37 25 51
37 26 25
37 27 38
37 28 38
37 29 7
37 30 19
37 31 1
37 32 10
37 33 6
37 34 35
37 35 51
37 36 51
38 0 7
38 1 11
38 2 33
38 3 62
38 4 5
38 5 8
38 6 56
38 7 61
38 8 42
38 9 48
38 10 27
38 11 23
38 12 21
38 13 58
38 14 58
38 15 28
38 16 18
38 17 59
38 18 28
38 19 38
38 20 30
38 21 23
38 22 28
38 23 13
38 24 7
38 25 23
38 26 22
38 27 39
38 28 27
38 29 11
38 30 39
38 31 60
38 32 27
38 33 60
38 34 13
38 35 5
38 36 11
38 37 57
39 0 54
39 1 5
39 2 45
39 3 38
39 4 37
39 5 42
39 6 26
39 7 58
39 8 33
39 9 37
39 10 59
39 11 43
39 12 53
39 13 19
39 14 33
39 15 28
39 16 11
39 17 51
39 18 35
39 19 42
39 20 23
39 21 51
39 22 39
39 23 6
39 24 51
39 25 51
39 26 32
39 27 37
39 28 3
39 29 13
39 30 53
39 31 14
39 32 38
39 33 1
39 34 5
39 35 41
39 36 34
39 37 36
39 38 41
40 0 60
40 1 56
40 2 16
40 3 47
40 4 34
40 5 46
40 6 32
40 7 33
40 8 59
40 9 22
40 10 64
40 11 47
40 12 2
40 13 6
40 14 17
40 15 37
40 16 54
40 17 36
40 18 9
40 19 56
40 20 19
40 21 24
40 22 28
40 23 33
40 24 47
40 25 54
40 26 64
40 27 55
40 28 24
40 29 55
40 30 8
40 31 36
40 32 45
40 33 16
40 34 47
40 35 58
40 36 29
40 37 8
40 38 61
40 39 53
41 0 54
41 1 6
41 2 1
41 3 60
41 4 17
41 5 29
41 6 27
41 7 32
41 8 25
41 9 30
41 10 11
41 11 60
41 12 25
41 13 41
41 14 5
41 15 31
41 16 1
41 17 24
41 18 38
41 19 1
41 20 33
41 21 32
41 22 2
41 23 3
41 24 34
41 25 46
41 26 34
41 27 41
41 28 45
41 29 42
41 30 28
41 31 41
41 32 33
41 33 8
41 34 9
41 35 25
41 36 40
41 37 10
41 38 8
41 39 57
41 40 35
42 0 29
42 1 6
42 2 8
42 3 47
42 4 26
42 5 16
42 6 57
42 7 15
42 8 8
42 9 15
42 10 34
42 11 31
42 12 49
42 13 11
42 14 18
42 15 58
42 16 21
42 17 58
42 18 3
42 19 27
42 20 37
42 21 19
42 22 64
42 23 6
42 24 54
42 25 21
42 26 19
42 27 22
42 28 56
42 29 10
42 30 44
42 31 40
42 32 53
42 33 37
42 34 54
42 35 23
42 36 25
42 37 26
42 38 45
42 39 41
42 40 12
42 41 45
43 0 24
43 1 63
43 2 26
43 3 7
43 4 58
43 5 3
43 6 63
43 7 23
43 8 21
43 9 9
43 10 55
43 11 62
43 12 56
43 13 1
43 14 21
43 15 40
43 16 59
43 17 14
43 18 11
43 19 50
43 20 13
43 21 57
43 22 25
43 23 24
43 24 33
43 25 61
43 26 32
43 27 54
43 28 56
43 29 4
43 30 56
43 31 48
43 32 36
43 33 34
43 34 38
43 35 42
43 36 58
43 37 27
43 38 35
43 39 14
43 40 44
43 41 23
43 42 7
44 0 30
44 1 10
44 2 42
44 3 21
44 4 52
44 5 34
44 6 6
44 7 39
44 8 14
44 9 9
44 10 6
44 11 23
44 12 49
44 13 43
44 14 27
44 15 56
44 16 15
44 17 15
44 18 31
44 19 44
44 20 35
44 21 11
44 22 61
44 23 63
44 24 26
44 25 51
44 26 15
44 27 58
44 28 11
44 29 27
44 30 64
44 31 47
44 32 3
44 33 44
44 34 49
44 35 24
44 36 56
44 37 34
44 38 28
44 39 47
44 40 19
44 41 49
44 42 5
44 43 32
45 0 12
45 1 57
45 2 23
45 3 59
45 4 14
45 5 40
45 6 36
45 7 26
45 8 18
45 9 26
45 10 60
45 11 51
45 12 15
45 13 32
45 14 2
45 15 59
45 16 47
45 17 62
45 18 63
45 19 56
45 20 36
45 21 19
45 22 1
45 23 50
45 24 35
45 25 27
45 26 51
45 27 6
45 28 56
45 29 48
45 30 14
45 31 3
45 32 43
45 33 58
45 34 42
45 35 19
45 36 52
45 37 58
45 38 9
45 39 7
45 40 41
45 41 38
45 42 37
45 43 45
45 44 55
46 0 32
46 1 11
46 2 34
46 3 54
46 4 54
46 5 50
46 6 32
46 7 9
46 8 52
46 9 37
46 10 39
46 11 55
46 12 56
46 13 28
46 14 21
46 15 26
46 16 21
46 17 62
46 18 56
46 19 26
46 20 39
46 21 63
46 22 64
46 23 4
46 24 59
46 25 53
46 26 10
46 27 22
46 28 14
46 29 57
46 30 2
46 31 24
46 32 53
46 33 24
46 34 46
46 35 22
46 36 51
46 37 59
46 38 25
46 39 39
46 40 12
46 41 38
46 42 51
46 43 41
46 44 44
46 45 49
47 0 11
47 1 31
47 2 21
47 3 30
47 4 24
47 5 20
47 6 4
47 7 22
47 8 24
47 9 35
47 10 40
47 11 29
47 12 19
47 13 46
47 14 62
47 15 22
47 16 42
47 17 49
47 18 3
47 19 18
47 20 38
47 21 38
47 22 47
47 23 31
47 24 12
47 25 7
47 26 23
47 27 47
47 28 10
47 29 5
47 30 61
47 31 59
47 32 28
47 33 22
47 34 9
47 35 62
47 36 39
47 37 32
47 38 37
47 39 36
47 40 9
47 41 52
47 42 4
47 43 44
47 44 42
47 45 12
47 46 49
48 0 26
48 1 9
48 2 27
48 3 23
48 4 60
48 5 27
48 6 56
48 7 54
48 8 44
48 9 29
48 10 37
48 11 30
48 12 50
48 13 24
48 14 13
48 15 60
48 16 21
48 17 8
48 18 29
48 19 47
48 20 29
48 21 19
48 22 55
48 23 43
48 24 57
48 25 26
48 26 4
48 27 26
48 28 31
48 29 48
48 30 52
48 31 50
48 32 2
48 33 42
48 34 45
48 35 39
48 36 22
48 37 39
48 38 2
48 39 36
48 40 28
48 41 40
48 42 19
48 43 49
48 44 2
48 45 5
48 46 31
48 47 13
49 0 9
49 1 26
49 2 61
49 3 53
49 4 6
49 5 52
49 6 38
49 7 13
49 8 30
49 9 48
49 10 35
49 11 63
49 12 43
49 13 37
49 14 53
49 15 32
49 16 16
49 17 8
49 18 30
49 19 19
49 20 2
49 21 50
49 22 62
49 23 39
49 24 49
49 25 10
49 26 26
49 27 42
49 28 63
49 29 54
49 30 21
49 31 41
49 32 56
49 33 43
49 34 17
49 35 47
49 36 56
49 37 19
49 38 42
49 39 20
49 40 57
49 41 13
49 42 11
49 43 22
49 44 32
49 45 36
49 46 12
49 47 43
49 48 43
50 0 12
50 1 38
50 2 40
50 3 32
50 4 52
50 5 11
50 6 2
50 7 29
50 8 29
50 9 30
50 10 50
50 11 46
50 12 18
50 13 38
50 14 28
50 15 55
50 16 36
50 17 40
50 18 35
50 19 64
50 20 37
50 21 27
50 22 29
50 23 47
50 24 21
50 25 3
50 26 14
50 27 6
50 28 43
50 29 3
50 30 30
50 31 64
50 32 13
50 33 31
50 34 35
50 35 55
50 36 52
50 37 14
50 38 18
50 39 32
50 40 60
50 41 61
50 42 2
50 43 35
50 44 61
50 45 9
50 46 13
50 47 54
50 48 62
50 49 33
51 0 4
51 1 35
51 2 20
51 3 8
51 4 34
51 5 5
51 6 12
51 7 59
51 8 39
51 9 3
51 10 27
51 11 24
51 12 27
51 13 39
51 14 25
51 15 43
51 16 48
51 17 16
51 18 13
51 19 25
51 20 9
51 21 45
51 22 7
51 23 54
51 24 34
51 25 32
51 26 33
51 27 25
51 28 58
51 29 27
51 30 9
51 31 21
51 32 56
51 33 58
51 34 61
51 35 25
51 36 50
51 37 5
51 38 28
51 39 52
51 40 53
51 41 59
51 42 56
51 43 25
51 44 28
51 45 1
51 46 48
51 47 16
51 48 47
51 49 29
51 50 46
52 0 5
52 1 56
52 2 11
52 3 32
52 4 4
52 5 47
52 6 53
52 7 48
52 8 50
52 9 61
52 10 44
52 11 38
52 12 51
52 13 26
52 14 24
52 15 51
52 16 53
52 17 61
52 18 26
52 19 19
52 20 31
52 21 31
52 22 54
52 23 44
52 24 10
52 25 60
52 26 31
52 27 8
52 28 31
52 29 52
52 30 26
52 31 31
52 32 29
52 33 11
52 34 54
52 35 53
52 36 7
52 37 29
52 38 38
52 39 30
52 40 25
52 41 13
52 42 43
52 43 18
52 44 39
52 45 57
52 46 41
52 47 2
52 48 33
52 49 12
52 50 56
52 51 43
