69
4 0 23
4 2 25
5 0 5
6 1 37
6 2 3
6 4 6
6 5 20
7 0 28
7 2 10
7 3 19
7 4 33
7 5 29
7 6 23
8 0 7
8 1 37
8 2 16
8 3 3
8 5 19
8 6 19
9 1 28
9 3 3
9 6 20
10 0 8
10 2 25
10 3 41
10 5 40
10 8 24
10 9 41
11 5 37
11 6 13
11 8 38
11 10 38
12 0 42
12 2 26
12 6 3
12 7 5
12 9 15
12 10 40
12 11 28
13 0 22
13 1 15
13 3 9
13 6 31
13 8 12
13 11 8
14 0 17
14 1 38
14 3 13
14 4 42
14 6 31
14 10 41
14 13 18
15 0 29
15 1 29
15 2 1
15 3 30
15 5 18
15 6 31
15 8 11
15 11 10
16 0 37
16 2 11
16 7 17
16 8 39
16 9 7
16 12 6
16 14 6
17 1 26
17 2 27
17 4 13
17 8 12
17 11 27
17 12 31
17 16 22
18 1 27
18 2 36
18 3 15
18 5 38
18 9 39
18 10 38
18 12 12
18 14 14
18 16 37
18 17 8
19 1 42
19 2 34
19 3 40
19 4 32
19 6 9
19 13 1
19 14 12
19 15 5
19 18 7
20 5 22
20 8 9
20 10 27
20 13 16
20 15 17
20 17 5
20 19 23
21 0 13
21 1 31
21 5 15
21 6 11
21 7 13
21 8 17
21 10 41
21 11 19
21 12 1
21 14 22
21 15 23
21 16 11
21 18 29
21 20 20
22 1 40
22 2 40
22 4 13
22 8 31
22 11 12
22 12 17
22 15 39
22 16 16
22 19 35
22 21 10
23 0 3
23 1 39
23 2 22
23 3 18
23 4 4
23 5 17
23 7 7
23 8 8
23 12 33
23 14 31
23 15 17
23 18 6
23 20 23
23 22 27
24 0 14
24 2 31
24 3 38
24 7 35
24 9 4
24 10 41
24 12 16
24 13 11
24 16 37
24 18 4
24 19 17
24 20 21
24 21 38
24 23 14
25 0 24
25 5 12
25 9 22
25 10 12
25 11 31
25 14 21
25 15 32
25 18 41
25 19 27
25 20 24
25 21 31
25 24 30
26 2 42
26 3 35
26 5 31
26 6 39
26 7 34
26 8 37
26 17 14
26 25 3
27 0 10
27 2 30
27 3 7
27 4 15
27 9 11
27 12 33
27 13 14
27 14 3
27 15 11
27 18 36
27 20 3
27 23 21
27 24 32
27 26 2
28 0 9
28 2 12
28 4 35
28 5 26
28 6 40
28 10 1
28 13 40
28 18 36
28 21 27
28 27 42
29 2 6
29 4 9
29 10 12
29 11 29
29 15 5
29 18 21
29 19 35
29 20 12
29 23 18
29 25 35
29 26 37
30 1 20
30 7 28
30 10 2
30 11 32
30 15 41
30 16 10
30 17 12
30 18 31
30 19 21
30 20 4
30 23 39
30 25 35
30 26 32
30 27 28
30 29 31
31 0 23
31 3 18
31 5 4
31 6 27
31 7 6
31 8 37
31 10 4
31 12 23
31 14 34
31 15 28
31 16 40
31 18 1
31 19 21
31 21 17
31 23 27
31 24 41
31 25 41
31 26 26
31 28 34
31 30 16
32 0 31
32 6 37
32 11 3
32 13 32
32 15 5
32 16 31
32 20 21
32 21 23
32 22 1
32 25 25
32 26 20
32 27 8
32 28 1
32 29 41
32 30 27
33 0 19
33 1 20
33 3 1
33 5 32
33 7 29
33 9 21
33 10 20
33 11 3
33 12 34
33 14 19
33 15 10
33 16 31
33 17 29
33 28 14
33 31 17
34 0 30
34 7 31
34 8 14
34 10 40
34 11 18
34 12 42
34 13 15
34 14 6
34 16 10
34 18 41
34 19 23
34 20 41
34 22 31
34 23 32
34 27 25
34 28 22
34 29 11
34 30 29
34 32 40
35 0 9
35 1 28
35 3 41
35 5 32
35 6 32
35 8 28
35 10 29
35 11 15
35 13 5
35 15 37
35 16 39
35 18 6
35 21 27
35 22 10
35 23 8
35 25 31
35 26 29
35 27 33
35 29 34
35 31 23
35 34 40
36 0 36
36 1 22
36 5 30
36 6 9
36 7 15
36 9 1
36 12 6
36 13 21
36 14 32
36 16 28
36 17 33
36 18 16
36 19 10
36 20 13
36 22 15
36 23 21
36 24 9
36 25 39
36 27 27
36 28 25
36 30 32
36 31 20
36 32 21
36 33 22
36 34 14
36 35 35
37 4 20
37 6 19
37 7 14
37 8 40
37 9 21
37 10 34
37 13 3
37 14 12
37 15 17
37 18 21
37 19 33
37 20 36
37 21 14
37 23 42
37 26 28
37 27 30
37 29 4
37 30 32
37 31 18
37 32 12
37 33 12
37 35 39
37 36 23
38 8 26
38 10 23
38 11 4
38 12 33
38 15 22
38 16 29
38 20 36
38 23 34
38 24 29
38 26 24
38 27 28
38 28 10
38 29 36
38 30 8
38 31 4
38 33 16
38 36 15
38 37 24
39 0 19
39 1 31
39 2 34
39 3 22
39 4 21
39 5 41
39 7 7
39 11 42
39 15 31
39 17 14
39 19 37
39 20 25
39 25 12
39 27 42
39 29 21
39 32 11
39 33 27
39 34 1
39 36 37
39 38 36
40 2 38
40 7 21
40 8 1
40 11 40
40 12 7
40 13 27
40 16 32
40 17 7
40 20 12
40 21 4
40 23 5
40 25 24
40 27 6
40 28 8
40 29 2
40 30 6
40 34 2
40 37 7
40 39 26
41 2 2
41 3 12
41 6 35
41 7 41
41 8 7
41 10 18
41 11 28
41 13 29
41 15 8
41 16 38
41 18 35
41 19 42
41 21 13
41 25 1
41 31 6
41 34 33
41 35 39
41 37 15
41 39 39
42 2 19
42 3 21
42 5 5
42 6 39
42 8 16
42 12 22
42 15 40
42 18 36
42 19 27
42 22 19
42 23 42
42 27 37
42 29 20
42 31 14
42 33 12
42 34 14
42 37 33
42 39 30
42 40 31
43 0 12
43 1 19
43 5 4
43 7 28
43 9 24
43 10 26
43 11 22
43 14 42
43 15 29
43 17 27
43 19 35
43 20 17
43 21 41
43 23 17
43 24 5
43 28 32
43 29 10
43 30 38
43 32 5
43 33 21
43 35 22
43 36 31
43 37 27
43 38 1
43 40 6
43 42 26
44 3 31
44 4 28
44 6 39
44 7 18
44 8 14
44 10 34
44 14 22
44 16 11
44 21 24
44 22 40
44 24 25
44 25 34
44 29 33
44 31 38
44 37 32
44 40 13
44 41 15
44 42 6
45 2 35
45 3 19
45 5 39
45 6 5
45 7 36
45 9 21
45 12 2
45 13 26
45 14 28
45 15 28
45 16 2
45 20 39
45 21 14
45 24 32
45 25 7
45 28 6
45 32 41
45 34 14
45 36 36
45 38 18
45 39 28
45 41 33
46 0 27
46 4 14
46 6 29
46 7 34
46 8 3
46 9 33
46 13 34
46 16 22
46 18 8
46 19 9
46 21 41
46 25 2
46 27 13
46 28 12
46 30 41
46 31 7
46 33 8
46 36 37
46 38 38
46 40 15
47 0 14
47 3 38
47 4 31
47 8 34
47 9 28
47 11 14
47 13 23
47 14 37
47 15 25
47 18 18
47 19 5
47 23 10
47 24 34
47 27 35
47 28 21
47 29 42
47 30 20
47 32 26
47 33 4
47 36 15
47 40 1
47 41 8
47 44 14
47 46 25
48 1 18
48 7 36
48 8 23
48 10 7
48 12 8
48 15 42
48 16 13
48 18 27
48 21 30
48 22 3
48 23 30
48 25 28
48 26 2
48 27 17
48 28 32
48 29 14
48 30 34
48 33 6
48 35 10
48 36 2
48 37 32
48 38 16
48 41 8
48 42 30
48 44 5
48 46 1
48 47 34
49 0 38
49 1 19
49 2 36
49 3 11
49 5 13
49 6 18
49 7 3
49 8 16
49 9 36
49 12 13
49 18 1
49 19 19
49 21 1
49 22 15
49 23 38
49 24 28
49 28 5
49 30 1
49 33 21
49 35 16
49 38 1
49 44 13
49 46 6
49 47 39
49 48 17
50 0 35
50 1 30
50 2 8
50 3 25
50 4 4
50 5 26
50 6 28
50 9 13
50 11 22
50 12 19
50 13 39
50 17 17
50 24 4
50 26 20
50 27 6
50 29 28
50 30 35
50 31 25
50 33 34
50 34 4
50 35 20
50 41 1
50 43 41
50 49 21
51 3 24
51 5 14
51 16 3
51 19 14
51 21 14
51 22 38
51 25 37
51 27 5
51 29 32
51 31 40
51 32 30
51 33 13
51 36 29
51 37 15
51 38 1
51 39 28
51 41 3
51 44 9
51 49 24
52 5 32
52 8 40
52 9 15
52 10 34
52 11 28
52 13 41
52 15 17
52 17 11
52 18 9
52 20 4
52 21 30
52 31 3
52 34 5
52 36 26
52 40 20
52 48 21
52 49 2
52 50 35
52 51 23
53 2 30
53 3 31
53 5 41
53 7 35
53 8 7
53 9 39
53 11 4
53 14 20
53 15 24
53 18 22
53 19 20
53 23 27
53 25 15
53 26 13
53 29 5
53 30 36
53 38 15
53 40 41
53 41 19
53 46 28
53 52 7
54 0 16
54 1 21
54 3 10
54 6 38
54 9 32
54 11 8
54 12 9
54 13 8
54 15 13
54 16 23
54 20 41
54 23 8
54 26 8
54 29 29
54 30 13
54 39 33
54 43 16
54 44 28
54 50 25
54 51 32
55 5 18
55 8 21
55 10 10
55 15 41
55 16 22
55 17 19
55 20 13
55 21 38
55 23 1
55 24 3
55 25 21
55 26 2
55 27 40
55 28 26
55 30 16
55 32 6
55 34 4
55 35 14
55 36 8
55 38 32
55 42 34
55 43 33
55 51 17
55 54 40
56 4 25
56 7 30
56 9 1
56 10 11
56 12 41
56 13 25
56 14 36
56 15 4
56 16 15
56 17 22
56 20 37
56 21 3
56 22 9
56 23 35
56 24 25
56 26 27
56 27 39
56 29 22
56 33 18
56 36 23
56 37 1
56 38 14
56 40 14
56 41 34
56 42 29
56 43 10
56 44 17
56 45 35
56 47 9
56 49 8
56 54 26
57 1 18
57 2 3
57 4 18
57 5 9
57 6 25
57 11 17
57 13 11
57 15 29
57 17 16
57 21 14
57 26 31
57 28 22
57 29 5
57 30 15
57 31 11
57 33 29
57 38 9
57 39 9
57 41 28
57 42 4
57 45 37
57 47 21
57 48 6
57 50 10
57 51 5
57 52 41
57 53 21
57 56 16
58 0 33
58 3 21
58 6 37
58 11 18
58 14 34
58 15 6
58 17 15
58 18 23
58 20 31
58 21 20
58 22 6
58 26 36
58 29 27
58 30 34
58 31 37
58 34 28
58 37 33
58 39 36
58 40 4
58 41 30
58 47 40
58 48 10
58 49 14
58 50 20
58 52 29
58 57 39
59 2 18
59 5 3
59 7 20
59 9 26
59 10 39
59 11 36
59 13 41
59 15 3
59 17 11
59 18 22
59 21 5
59 22 34
59 23 9
59 25 16
59 26 25
59 27 31
59 28 29
59 29 8
59 30 11
59 31 41
59 33 14
59 34 34
59 35 7
59 39 6
59 46 11
59 47 15
59 49 23
59 52 21
59 56 18
59 58 6
60 0 15
60 2 25
60 3 13
60 4 42
60 6 37
60 7 33
60 12 30
60 16 25
60 19 13
60 21 26
60 24 9
60 27 13
60 28 28
60 29 27
60 30 23
60 32 42
60 34 28
60 40 16
60 41 31
60 43 18
60 44 2
60 45 4
60 49 37
60 51 9
60 53 21
60 54 10
60 55 1
60 58 33
60 59 17
61 0 15
61 1 29
61 7 42
61 8 38
61 16 19
61 17 13
61 18 31
61 19 4
61 20 33
61 22 14
61 23 27
61 24 5
61 25 17
61 27 40
61 28 1
61 30 42
61 31 14
61 32 38
61 33 10
61 34 7
61 36 38
61 41 9
61 43 31
61 44 8
61 46 25
61 48 17
61 49 24
61 50 17
61 52 6
61 54 13
61 56 24
61 60 23
62 1 14
62 2 13
62 3 24
62 4 8
62 5 25
62 8 31
62 10 22
62 16 9
62 18 19
62 20 35
62 22 42
62 26 20
62 28 10
62 29 7
62 30 38
62 31 15
62 32 7
62 33 36
62 35 41
62 37 4
62 40 6
62 45 36
62 47 12
62 49 28
62 51 22
62 53 35
62 56 31
62 60 38
62 61 12
63 2 22
63 3 38
63 5 6
63 10 5
63 11 1
63 12 2
63 13 13
63 16 2
63 17 37
63 18 3
63 20 32
63 21 21
63 22 21
63 25 39
63 28 6
63 31 33
63 32 3
63 33 37
63 34 28
63 35 10
63 37 27
63 40 15
63 42 12
63 43 26
63 44 5
63 45 17
63 49 10
63 50 36
63 56 38
63 60 11
63 61 12
63 62 42
64 0 17
64 2 33
64 4 12
64 6 18
64 7 39
64 8 33
64 10 12
64 11 36
64 12 12
64 14 12
64 18 6
64 21 33
64 27 27
64 29 11
64 30 6
64 31 7
64 33 22
64 34 21
64 35 4
64 38 35
64 44 39
64 46 41
64 49 36
64 50 11
64 51 38
64 52 36
64 54 23
64 56 38
64 57 13
64 61 22
64 62 10
65 1 16
65 4 6
65 5 14
65 7 11
65 10 28
65 15 27
65 16 11
65 18 38
65 19 22
65 27 32
65 30 34
65 33 7
65 35 21
65 36 24
65 37 9
65 39 3
65 45 10
65 49 27
65 52 36
65 53 5
65 56 33
65 58 20
65 59 3
65 60 25
65 61 28
65 63 39
66 2 10
66 4 26
66 5 10
66 6 13
66 7 11
66 8 3
66 9 12
66 12 31
66 14 23
66 18 17
66 19 28
66 22 37
66 23 6
66 25 41
66 26 12
66 28 31
66 29 4
66 30 39
66 35 15
66 40 7
66 41 23
66 42 17
66 43 2
66 44 37
66 49 36
66 50 29
66 51 21
66 53 23
66 54 2
66 56 16
66 60 2
66 61 28
67 0 19
67 1 42
67 2 12
67 3 27
67 4 23
67 5 16
67 6 16
67 8 36
67 10 10
67 11 37
67 12 34
67 15 20
67 16 13
67 17 3
67 19 41
67 22 8
67 28 42
67 30 10
67 31 33
67 35 38
67 36 12
67 37 17
67 39 35
67 40 33
67 41 6
67 42 12
67 44 25
67 46 24
67 48 25
67 49 20
67 50 39
67 51 1
67 53 30
67 54 23
67 55 39
67 56 14
67 58 13
67 60 17
67 62 33
67 66 13
68 1 3
68 4 35
68 5 37
68 6 17
68 7 9
68 8 41
68 9 36
68 11 3
68 13 38
68 14 15
68 15 25
68 16 21
68 20 36
68 21 18
68 22 28
68 23 38
68 26 30
68 27 4
68 28 30
68 30 38
68 32 10
68 33 40
68 34 30
68 35 18
68 36 7
68 37 24
68 39 40
68 40 16
68 41 36
68 45 30
68 48 3
68 50 18
68 54 38
68 55 22
68 56 8
68 58 34
68 60 24
68 61 23
68 63 2
68 65 18
68 66 18
