68
2 1 10
3 0 6
3 1 7
4 0 11
4 1 1
5 0 8
5 1 2
5 2 3
5 4 13
6 2 7
6 4 4
7 0 2
7 1 7
7 3 11
7 5 10
7 6 9
8 4 10
8 6 10
9 0 2
9 1 14
9 4 15
9 5 5
9 6 7
9 7 4
9 8 15
10 1 5
10 2 10
10 3 5
10 4 12
10 5 11
10 7 7
11 1 7
11 3 11
11 8 2
11 9 4
11 10 2
12 5 3
12 6 10
12 11 14
13 0 13
13 3 5
13 4 15
13 6 13
13 7 5
13 11 8
14 0 6
14 7 12
14 8 12
14 10 15
14 11 2
15 0 2
15 4 15
15 5 13
15 6 14
15 7 10
15 8 9
15 9 2
15 11 6
15 13 3
15 14 13
16 0 5
16 1 12
16 2 5
16 3 10
16 5 5
16 7 11
16 11 4
16 13 7
16 15 12
17 2 11
17 3 8
17 4 6
17 5 9
17 8 10
17 12 2
17 13 10
17 15 6
17 16 15
18 0 10
18 4 8
18 5 8
18 8 14
18 9 7
18 10 12
18 13 3
19 1 7
19 2 7
19 6 13
19 7 4
19 9 1
19 10 1
19 11 10
19 12 11
19 14 10
19 16 7
20 0 8
20 2 2
20 4 12
20 5 5
20 6 10
20 7 9
20 8 7
20 10 9
20 12 3
20 13 15
20 14 2
20 15 6
20 16 6
20 19 12
21 0 12
21 4 14
21 5 6
21 7 9
21 8 10
21 9 9
21 10 14
21 11 10
21 12 12
21 14 6
21 15 9
21 17 12
21 19 1
22 1 2
22 2 10
22 4 6
22 6 6
22 8 9
22 12 15
22 13 2
22 14 13
22 17 12
22 20 10
23 0 6
23 1 1
23 3 2
23 4 13
23 5 12
23 7 8
23 12 12
23 18 2
23 20 8
24 4 10
24 6 1
24 7 13
24 8 13
24 10 5
24 11 13
24 18 13
24 19 2
24 22 5
25 1 4
25 2 1
25 3 10
25 5 5
25 6 4
25 10 11
25 11 15
25 15 4
25 17 15
25 23 10
25 24 13
26 0 15
26 4 3
26 5 4
26 7 11
26 8 3
26 12 3
26 13 8
26 14 11
26 16 8
26 18 7
26 19 5
26 20 8
26 22 14
26 25 7
27 1 8
27 3 5
27 5 13
27 7 12
27 8 14
27 9 11
27 11 1
27 16 14
27 17 15
27 19 11
27 20 9
27 21 2
27 22 2
27 24 12
27 25 7
27 26 1
28 1 9
28 2 1
28 3 11
28 6 13
28 8 9
28 9 11
28 12 14
28 13 11
28 16 2
28 17 2
28 18 4
28 25 7
28 26 9
29 2 8
29 3 7
29 5 12
29 6 6
29 8 7
29 13 6
29 14 14
29 15 11
29 17 7
29 19 6
29 20 10
29 26 11
30 0 3
30 1 8
30 4 13
30 5 14
30 7 13
30 8 1
30 10 5
30 12 7
30 19 6
30 20 7
30 24 3
30 27 3
30 28 9
31 1 3
31 2 11
31 3 14
31 5 8
31 7 3
31 9 6
31 10 15
31 11 9
31 13 10
31 14 8
31 17 14
31 20 13
31 22 5
31 23 9
31 27 2
31 28 5
31 29 13
31 30 1
32 1 14
32 5 15
32 7 15
32 8 1
32 10 2
32 11 8
32 12 11
32 13 5
32 16 7
32 17 10
32 18 4
32 19 9
32 20 12
32 22 2
32 23 8
32 24 5
32 25 14
32 31 10
33 2 12
33 3 6
33 6 9
33 8 10
33 9 11
33 11 8
33 16 13
33 18 9
33 21 6
33 25 8
33 26 15
33 28 8
33 30 15
33 31 14
34 0 12
34 1 3
34 2 3
34 3 13
34 4 12
34 6 14
34 8 7
34 11 7
34 17 3
34 18 4
34 20 1
34 21 3
34 26 5
34 30 7
34 31 6
34 33 15
35 2 3
35 5 2
35 6 1
35 7 7
35 8 2
35 13 13
35 14 5
35 15 5
35 16 2
35 25 12
35 29 4
35 30 6
35 31 7
35 33 8
35 34 3
36 0 10
36 1 12
36 3 3
36 4 8
36 5 7
36 6 14
36 8 4
36 9 9
36 10 15
36 11 14
36 13 15
36 14 3
36 15 14
36 16 4
36 19 14
36 21 14
36 23 2
36 24 1
36 25 3
36 26 7
36 28 9
36 29 14
36 30 11
36 31 2
36 34 11
36 35 11
37 1 13
37 2 11
37 5 3
37 6 4
37 8 9
37 13 12
37 16 11
37 17 4
37 21 8
37 22 13
37 28 14
37 30 9
37 31 14
37 32 7
37 33 2
37 34 10
37 35 3
38 2 11
38 6 2
38 7 4
38 10 12
38 11 8
38 12 8
38 13 8
38 15 9
38 16 9
38 17 14
38 22 11
38 25 14
38 26 14
38 28 8
38 34 2
38 35 4
38 36 14
39 2 12
39 3 15
39 6 14
39 7 13
39 8 13
39 10 8
39 12 5
39 14 12
39 15 5
39 18 14
39 20 1
39 21 14
39 22 15
39 25 4
39 27 15
39 28 6
39 31 3
39 32 4
39 33 4
39 36 5
39 37 14
40 4 6
40 5 10
40 6 10
40 12 8
40 15 14
40 16 4
40 19 14
40 20 13
40 21 11
40 22 12
40 23 13
40 24 11
40 27 11
40 28 13
40 29 1
40 30 7
40 34 7
40 35 4
40 38 11
41 2 13
41 3 5
41 5 14
41 6 15
41 10 11
41 11 8
41 15 11
41 19 6
41 20 13
41 21 12
41 22 4
41 24 14
41 28 2
41 30 15
41 31 6
41 37 8
42 0 10
42 5 4
42 7 6
42 8 6
42 12 10
42 13 14
42 15 5
42 16 11
42 17 7
42 18 4
42 21 9
42 23 1
42 24 7
42 26 14
42 28 15
42 30 1
42 32 1
42 35 1
42 36 5
42 37 11
42 39 6
42 40 8
42 41 9
43 0 1
43 1 1
43 2 4
43 8 8
43 9 12
43 11 1
43 13 14
43 14 3
43 16 15
43 21 3
43 23 7
43 24 10
43 25 11
43 27 14
43 28 13
43 31 1
43 33 11
43 34 11
43 35 7
43 39 10
43 42 15
44 0 6
44 3 3
44 4 15
44 6 14
44 8 13
44 9 8
44 11 12
44 12 15
44 13 11
44 14 7
44 16 4
44 17 2
44 18 10
44 19 1
44 26 4
44 27 9
44 28 14
44 29 2
44 30 6
44 31 11
44 35 15
44 36 10
44 38 4
44 39 1
44 40 13
44 41 3
44 42 14
44 43 6
45 2 10
45 3 13
45 5 3
45 8 5
45 16 1
45 17 1
45 20 15
45 21 11
45 22 4
45 25 8
45 27 7
45 32 14
45 34 7
45 35 10
45 36 6
45 39 8
45 40 8
45 41 14
46 0 12
46 1 10
46 3 7
46 4 15
46 11 14
46 12 5
46 13 3
46 17 10
46 19 2
46 20 9
46 21 13
46 23 3
46 25 7
46 26 14
46 27 6
46 28 14
46 29 3
46 30 5
46 32 14
46 33 12
46 34 1
46 36 9
46 40 4
46 44 4
47 0 3
47 2 7
47 5 11
47 7 15
47 10 4
47 11 7
47 12 15
47 14 1
47 17 3
47 18 4
47 20 11
47 22 6
47 23 5
47 24 1
47 25 7
47 26 10
47 27 4
47 29 6
47 31 10
47 37 8
47 38 14
47 40 9
47 43 13
47 44 5
47 46 2
48 1 2
48 5 3
48 7 8
48 9 11
48 10 9
48 12 11
48 13 1
48 14 9
48 15 15
48 17 14
48 22 14
48 23 5
48 25 14
48 27 4
48 28 5
48 29 15
48 30 5
48 34 5
48 35 9
48 36 11
48 37 9
48 40 15
48 41 3
48 42 13
48 43 13
48 45 10
48 46 10
48 47 12
49 0 7
49 1 1
49 3 15
49 5 8
49 6 5
49 9 10
49 13 3
49 15 9
49 16 5
49 17 13
49 19 9
49 20 5
49 21 2
49 22 3
49 23 6
49 24 7
49 26 14
49 27 15
49 30 4
49 31 4
49 32 8
49 33 7
49 34 9
49 37 13
49 38 6
49 46 2
49 47 9
50 0 14
50 5 2
50 6 2
50 7 13
50 8 14
50 9 2
50 10 6
50 11 9
50 12 10
50 14 5
50 15 2
50 20 12
50 21 4
50 23 6
50 24 10
50 25 8
50 32 10
50 33 15
50 36 12
50 38 4
50 39 9
50 43 5
50 44 15
50 46 9
50 49 5
51 2 13
51 5 5
51 12 15
51 14 3
51 16 4
51 19 8
51 22 3
51 23 12
51 25 7
51 28 1
51 29 2
51 30 13
51 31 15
51 32 13
51 34 12
51 36 14
51 37 12
51 38 11
51 39 14
51 40 10
51 44 2
51 46 9
51 49 7
51 50 11
52 1 10
52 4 12
52 7 7
52 8 1
52 10 8
52 15 4
52 16 12
52 17 5
52 19 8
52 21 8
52 25 7
52 26 7
52 28 15
52 30 5
52 32 10
52 34 10
52 38 2
52 40 5
52 42 13
52 44 2
52 46 12
52 47 12
52 48 12
53 0 1
53 1 2
53 2 13
53 3 4
53 7 8
53 8 5
53 9 8
53 12 1
53 14 8
53 16 1
53 19 11
53 21 9
53 22 15
53 23 6
53 24 12
53 25 3
53 27 15
53 28 14
53 30 2
53 33 5
53 34 11
53 35 13
53 41 11
53 42 6
53 45 8
53 46 5
53 49 11
53 52 8
54 0 4
54 3 6
54 5 14
54 6 3
54 10 2
54 14 5
54 18 5
54 20 15
54 22 12
54 23 1
54 24 6
54 27 8
54 28 11
54 29 12
54 30 6
54 31 4
54 32 4
54 33 9
54 34 13
54 36 13
54 37 7
54 38 12
54 39 5
54 43 6
54 45 14
54 46 5
54 47 3
54 51 8
55 1 9
55 3 14
55 6 11
55 9 7
55 10 15
55 11 12
55 12 10
55 13 5
55 15 5
55 16 2
55 17 13
55 23 11
55 27 15
55 28 9
55 30 14
55 31 9
55 33 4
55 34 12
55 35 13
55 36 15
55 37 10
55 39 14
55 44 2
55 45 5
55 49 10
55 50 2
55 51 2
55 52 15
55 53 2
55 54 3
56 0 1
56 2 14
56 4 12
56 5 3
56 6 9
56 7 3
56 9 2
56 11 5
56 12 15
56 13 5
56 15 8
56 16 12
56 19 10
56 22 7
56 23 2
56 24 7
56 26 8
56 27 4
56 29 3
56 30 1
56 36 6
56 38 12
56 39 4
56 41 13
56 42 8
56 44 7
56 46 2
56 47 11
56 54 7
57 0 8
57 1 4
57 4 5
57 5 1
57 6 7
57 7 9
57 8 5
57 9 4
57 10 5
57 11 13
57 14 7
57 15 7
57 17 11
57 22 12
57 30 2
57 34 7
57 38 14
57 40 10
57 42 5
57 43 7
57 47 10
57 48 7
57 50 6
57 53 13
57 54 1
57 55 14
58 0 13
58 3 4
58 4 11
58 12 13
58 13 10
58 14 6
58 15 12
58 17 1
58 22 14
58 23 2
58 26 9
58 32 13
58 33 7
58 34 5
58 37 12
58 38 1
58 41 1
58 42 7
58 43 13
58 44 7
58 46 13
58 47 3
58 48 11
58 52 15
58 54 15
58 55 15
59 0 11
59 2 5
59 6 12
59 7 6
59 8 5
59 9 11
59 11 12
59 16 4
59 18 4
59 19 10
59 20 12
59 22 7
59 28 11
59 30 6
59 31 3
59 32 11
59 33 15
59 34 7
59 37 7
59 39 4
59 40 15
59 42 8
59 46 13
59 47 8
59 48 13
59 49 11
59 52 9
59 54 1
59 55 1
59 56 13
59 58 15
60 1 7
60 2 6
60 3 12
60 4 9
60 5 10
60 7 5
60 8 4
60 9 6
60 15 4
60 16 3
60 17 4
60 19 13
60 20 4
60 22 1
60 24 12
60 26 4
60 29 11
60 31 15
60 32 12
60 33 2
60 35 5
60 36 15
60 38 1
60 46 1
60 47 4
60 49 15
60 51 2
60 57 9
60 58 12
61 0 12
61 1 4
61 4 2
61 5 9
61 6 14
61 7 10
61 8 6
61 10 6
61 11 7
61 12 9
61 14 11
61 18 12
61 20 4
61 21 14
61 22 2
61 24 1
61 25 9
61 26 14
61 27 15
61 28 12
61 30 12
61 31 6
61 32 6
61 37 7
61 39 9
61 40 5
61 44 11
61 45 14
61 47 10
61 48 2
61 49 7
61 51 2
61 52 12
61 57 8
61 59 10
62 2 14
62 3 4
62 4 14
62 8 3
62 13 13
62 15 11
62 21 11
62 22 14
62 25 15
62 26 15
62 28 9
62 29 1
62 30 7
62 31 12
62 33 6
62 35 8
62 38 13
62 39 13
62 43 5
62 45 6
62 46 1
62 49 2
62 50 2
62 51 4
62 54 12
62 55 6
62 56 13
62 58 5
62 61 10
63 2 11
63 3 3
63 5 7
63 10 1
63 11 15
63 12 4
63 16 6
63 17 5
63 20 5
63 23 1
63 24 1
63 26 13
63 27 11
63 28 1
63 29 6
63 31 6
63 33 11
63 34 7
63 35 10
63 36 11
63 39 10
63 42 14
63 44 6
63 48 5
63 49 7
63 51 1
63 53 14
63 54 9
63 55 5
63 56 3
63 57 2
63 60 14
64 0 8
64 1 3
64 3 4
64 5 11
64 6 9
64 10 3
64 12 10
64 13 15
64 14 12
64 17 9
64 18 4
64 19 6
64 21 14
64 24 15
64 28 2
64 29 13
64 33 3
64 35 2
64 40 4
64 42 10
64 43 15
64 44 3
64 46 9
64 49 9
64 50 10
64 51 8
64 59 4
64 60 15
64 62 1
64 63 13
65 0 4
65 4 13
65 8 10
65 10 2
65 12 10
65 13 7
65 14 3
65 16 9
65 17 7
65 18 13
65 20 11
65 22 9
65 25 12
65 26 7
65 30 1
65 33 10
65 35 15
65 37 11
65 38 11
65 39 14
65 42 10
65 44 6
65 45 6
65 46 13
65 47 5
65 48 8
65 49 15
65 50 15
65 51 13
65 54 4
65 56 3
65 57 11
65 58 12
65 60 4
65 61 13
65 62 2
65 63 7
65 64 2
66 0 11
66 1 9
66 2 4
66 3 11
66 6 10
66 7 12
66 9 11
66 10 1
66 11 2
66 12 2
66 13 1
66 14 10
66 15 7
66 18 13
66 20 3
66 22 7
66 24 15
66 25 9
66 26 9
66 27 5
66 28 9
66 29 15
66 31 12
66 32 9
66 34 15
66 38 11
66 40 7
66 47 9
66 48 13
66 49 5
66 50 3
66 51 9
66 53 4
66 57 9
66 60 8
66 62 4
66 63 8
66 64 12
66 65 3
67 0 5
67 3 9
67 6 15
67 9 1
67 10 2
67 11 14
67 12 11
67 16 9
67 17 9
67 21 4
67 22 9
67 26 5
67 27 5
67 28 2
67 29 3
67 31 13
67 32 12
67 37 5
67 40 3
67 41 14
67 44 9
67 45 11
67 46 14
67 48 14
67 50 9
67 54 15
67 55 12
67 56 6
67 60 13
67 61 7
67 62 9
67 63 4
67 64 13
67 66 14
