34
1 0 17
2 0 1
2 1 11
3 0 14
3 1 6
3 2 15
4 0 7
4 1 15
4 2 24
4 3 26
5 0 4
5 1 20
5 2 15
5 3 22
5 4 23
6 0 4
6 1 27
6 2 25
6 3 22
6 4 10
6 5 7
7 0 6
7 1 20
7 2 19
7 3 26
7 4 14
7 5 25
7 6 15
8 0 7
8 1 30
8 2 15
8 3 4
8 4 27
8 5 3
8 6 25
8 7 11
9 0 18
9 1 17
9 2 20
9 3 8
9 4 22
9 5 20
9 6 2
9 7 16
9 8 16
10 0 17
10 1 23
10 2 20
10 3 10
10 4 17
10 5 16
10 6 3
10 7 23
10 8 24
10 9 12
11 0 20
11 1 30
11 2 26
11 3 12
11 4 25
11 5 24
11 6 27
11 7 18
11 8 27
11 9 29
11 10 14
12 0 15
12 1 28
12 2 16
12 3 6
12 4 11
12 5 8
12 6 4
12 7 23
12 8 27
12 9 13
12 10 19
12 11 29
13 0 19
13 1 15
13 2 12
13 3 5
13 4 12
13 5 26
13 6 16
13 7 17
13 8 4
13 9 10
13 10 3
13 11 26
13 12 27
14 0 10
14 1 27
14 2 9
14 3 25
14 4 30
14 5 30
14 6 4
14 7 3
14 8 15
14 9 28
14 10 7
14 11 13
14 12 18
14 13 19
15 0 1
15 1 24
15 2 11
15 3 3
15 4 10
15 5 4
15 6 25
15 7 27
15 8 7
15 9 11
15 10 28
15 11 14
15 12 25
15 13 18
15 14 7
16 0 3
16 1 7
16 2 7
16 3 18
16 4 27
16 5 9
16 6 12
16 7 4
16 8 13
16 9 6
16 10 12
16 11 10
16 12 17
16 13 24
16 14 6
16 15 29
17 0 17
17 1 24
17 2 21
17 3 19
17 4 3
17 5 27
17 6 24
17 7 11
17 8 27
17 9 9
17 10 7
17 11 14
17 12 22
17 13 22
17 14 23
17 15 16
17 16 29
18 0 20
18 1 28
18 2 20
18 3 15
18 4 19
18 5 2
18 6 15
18 7 10
18 8 7
18 9 23
18 10 17
18 11 15
18 12 9
18 13 2
18 14 15
18 15 21
18 16 30
18 17 5
19 0 1
19 1 14
19 2 4
19 3 16
19 4 11
19 5 19
19 6 19
19 7 13
19 8 18
19 9 5
19 10 8
19 11 10
19 12 1
19 13 11
19 14 3
19 15 30
19 16 2
19 17 8
19 18 24
20 0 25
20 1 1
20 2 4
20 3 5
20 4 28
20 5 13
20 6 1
20 7 20
20 8 30
20 9 5
20 10 24
20 11 11
20 12 1
20 13 29
20 14 5
20 15 23
20 16 11
20 17 27
20 18 30
20 19 19
21 0 12
21 1 21
21 2 29
21 3 17
21 4 15
21 5 9
21 6 10
21 7 25
21 8 14
21 9 4
21 10 9
21 11 2
21 12 17
21 13 16
21 14 9
21 15 19
21 16 17
21 17 13
21 18 30
21 19 16
21 20 10
22 0 24
22 1 9
22 2 16
22 3 29
22 4 19
22 5 4
22 6 30
22 7 28
22 8 1
22 9 4
22 10 30
22 11 12
22 12 12
22 13 13
22 14 29
22 15 17
22 16 28
22 17 26
22 18 19
22 19 1
22 20 30
22 21 29
23 0 25
23 1 22
23 2 22
23 3 30
23 4 2
23 5 28
23 6 13
23 7 25
23 8 7
23 9 9
23 10 6
23 11 30
23 12 8
23 13 5
23 14 5
23 15 25
23 16 19
23 17 11
23 18 24
23 19 10
23 20 19
23 21 6
23 22 27
24 0 18
24 1 8
24 2 19
24 3 19
24 4 21
24 5 30
24 6 24
24 7 24
24 8 15
24 9 17
24 10 27
24 11 17
24 12 20
24 13 24
24 14 19
24 15 26
24 16 24
24 17 7
24 18 23
24 19 16
24 20 20
24 21 15
24 22 1
24 23 23
25 0 27
25 1 7
25 2 22
25 3 17
25 4 14
25 5 5
25 6 18
25 7 28
25 8 25
25 9 22
25 10 9
25 11 11
25 12 26
25 13 6
25 14 28
25 15 27
25 16 20
25 17 6
25 18 17
25 19 10
25 20 24
25 21 10
25 22 5
25 23 26
25 24 29
26 0 30
26 1 27
26 2 4
26 3 22
26 4 18
26 5 26
26 6 29
26 7 26
26 8 7
26 9 23
26 10 2
26 11 22
26 12 22
26 13 7
26 14 3
26 15 16
26 16 12
26 17 5
26 18 17
26 19 11
26 20 15
26 21 6
26 22 28
26 23 11
26 24 3
26 25 22
27 0 23
27 1 14
27 2 13
27 3 20
27 4 16
27 5 24
27 6 11
27 7 22
27 8 30
27 9 30
27 10 17
27 11 11
27 12 18
27 13 23
27 14 7
27 15 20
27 16 16
27 17 9
27 18 14
27 19 3
27 20 27
27 21 24
27 22 5
27 23 19
27 24 7
27 25 25
27 26 9
28 0 23
28 1 4
28 2 12
28 3 8
28 4 17
28 5 6
28 6 4
28 7 9
28 8 15
28 9 26
28 10 20
28 11 16
28 12 28
28 13 22
28 14 4
28 15 1
28 16 15
28 17 5
28 18 25
28 19 1
28 20 15
28 21 1
28 22 30
28 23 13
28 24 10
28 25 29
28 26 30
28 27 27
29 0 16
29 1 4
29 2 8
29 3 9
29 4 23
29 5 6
29 6 3
29 7 17
29 8 1
29 9 25
29 10 4
29 11 18
29 12 26
29 13 4
29 14 19
29 15 12
29 16 11
29 17 24
29 18 14
29 19 15
29 20 30
29 21 26
29 22 1
29 23 23
29 24 30
29 25 11
29 26 28
29 27 25
29 28 22
30 0 5
30 1 17
30 2 22
30 3 21
30 4 27
30 5 15
30 6 19
30 7 28
30 8 25
30 9 26
30 10 24
30 11 17
30 12 23
30 13 14
30 14 28
30 15 20
30 16 27
30 17 5
30 18 16
30 19 24
30 20 17
30 21 19
30 22 15
30 23 2
30 24 22
30 25 29
30 26 6
30 27 9
30 28 14
30 29 2
31 0 7
31 1 17
31 2 26
31 3 18
31 4 30
31 5 23
31 6 9
31 7 1
31 8 1
31 9 11
31 10 16
31 11 30
31 12 26
31 13 24
31 14 6
31 15 10
31 16 18
31 17 26
31 18 7
31 19 18
31 20 15
31 21 17
31 22 21
31 23 5
31 24 24
31 25 3
31 26 26
31 27 8
31 28 21
31 29 11
31 30 11
32 0 4
32 1 18
32 2 1
32 3 27
32 4 12
32 5 20
32 6 19
32 7 9
32 8 20
32 9 29
32 10 4
32 11 29
32 12 6
32 13 1
32 14 3
32 15 17
32 16 30
32 17 2
32 18 12
32 19 26
32 20 28
32 21 24
32 22 7
32 23 29
32 24 7
32 25 12
32 26 7
32 27 17
32 28 11
32 29 18
32 30 27
32 31 14
33 0 28
33 1 19
33 2 5
33 3 26
33 4 10
33 5 8
33 6 12
33 7 5
33 8 1
33 9 27
33 10 25
33 11 4
33 12 11
33 13 26
33 14 8
33 15 24
33 16 5
33 17 29
33 18 23
33 19 9
33 20 15
33 21 9
33 22 4
33 23 22
33 24 6
33 25 28
33 26 30
33 27 14
33 28 7
33 29 5
33 30 24
33 31 21
33 32 10
