52
1 0 4
2 0 10
2 1 6
3 0 1
3 1 4
3 2 9
4 0 8
4 1 8
4 2 3
4 3 6
5 0 9
5 1 7
5 2 5
5 3 10
5 4 8
6 0 4
6 1 3
6 2 4
6 3 6
6 4 3
6 5 4
7 0 9
7 1 9
7 2 9
7 3 7
7 4 10
7 5 8
7 6 3
8 0 2
8 1 2
8 2 6
8 3 3
8 4 5
8 5 8
8 6 4
8 7 6
9 0 1
9 1 9
9 2 2
9 3 6
9 4 5
9 5 6
9 6 1
9 7 9
9 8 7
10 0 4
10 1 6
10 2 1
10 3 8
10 4 1
10 5 2
10 6 4
10 7 9
10 8 7
10 9 1
11 0 5
11 1 2
11 2 5
11 3 8
11 4 2
11 5 6
11 6 10
11 7 5
11 8 5
11 9 4
11 10 5
12 0 4
12 1 2
12 2 7
12 3 6
12 4 9
12 5 9
12 6 6
12 7 9
12 8 7
12 9 9
12 10 4
12 11 1
13 0 7
13 1 8
13 2 6
13 3 8
13 4 1
13 5 7
13 6 5
13 7 6
13 8 9
13 9 4
13 10 5
13 11 3
13 12 4
14 0 3
14 1 7
14 2 7
14 3 8
14 4 3
14 5 6
14 6 4
14 7 10
14 8 2
14 9 7
14 10 8
14 11 2
14 12 3
14 13 10
15 0 2
15 1 6
15 2 1
15 3 2
15 4 9
15 5 8
15 6 1
15 7 1
15 8 1
15 9 4
15 10 3
15 11 2
15 12 7
15 13 3
15 14 5
16 0 5
16 1 8
16 2 5
16 3 3
16 4 4
16 5 9
16 6 9
16 7 7
16 8 6
16 9 4
16 10 4
16 11 5
16 12 3
16 13 5
16 14 8
16 15 1
17 0 9
17 1 2
17 2 5
17 3 1
17 4 8
17 5 6
17 6 6
17 7 10
17 8 2
17 9 3
17 10 5
17 11 10
17 12 1
17 13 7
17 14 5
17 15 8
17 16 9
18 0 4
18 1 5
18 2 8
18 3 5
18 4 6
18 5 5
18 6 8
18 7 5
18 8 5
18 9 5
18 10 3
18 11 8
18 12 7
18 13 1
18 14 4
18 15 4
18 16 6
18 17 4
19 0 9
19 1 8
19 2 4
19 3 5
19 4 4
19 5 9
19 6 1
19 7 2
19 8 2
19 9 1
19 10 2
19 11 9
19 12 2
19 13 10
19 14 9
19 15 6
19 16 7
19 17 9
19 18 3
20 0 6
20 1 1
20 2 4
20 3 2
20 4 1
20 5 6
20 6 4
20 7 4
20 8 10
20 9 3
20 10 3
20 11 2
20 12 9
20 13 7
20 14 5
20 15 5
20 16 8
20 17 7
20 18 7
20 19 1
21 0 6
21 1 1
21 2 1
21 3 6
21 4 9
21 5 7
21 6 1
21 7 5
21 8 1
21 9 9
21 10 1
21 11 1
21 12 6
21 13 7
21 14 10
21 15 5
21 16 10
21 17 3
21 18 3
21 19 8
21 20 1
22 0 3
22 1 3
22 2 8
22 3 5
22 4 4
22 5 6
22 6 5
22 7 9
22 8 2
22 9 4
22 10 6
22 11 3
22 12 6
22 13 1
22 14 3
22 15 9
22 16 3
22 17 4
22 18 5
22 19 6
22 20 4
22 21 1
23 0 3
23 1 3
23 2 10
23 3 2
23 4 7
23 5 8
23 6 5
23 7 6
23 8 4
23 9 7
23 10 10
23 11 10
23 12 4
23 13 2
23 14 7
23 15 5
23 16 3
23 17 8
23 18 6
23 19 2
23 20 6
23 21 3
23 22 5
24 0 10
24 1 4
24 2 7
24 3 3
24 4 9
24 5 7
24 6 9
24 7 5
24 8 6
24 9 2
24 10 1
24 11 9
24 12 6
24 13 8
24 14 10
24 15 1
24 16 6
24 17 5
24 18 8
24 19 9
24 20 10
24 21 9
24 22 6
24 23 5
25 0 8
25 1 9
25 2 7
25 3 7
25 4 7
25 5 6
25 6 9
25 7 3
25 8 10
25 9 4
25 10 4
25 11 9
25 12 6
25 13 3
25 14 9
25 15 6
25 16 4
25 17 3
25 18 6
25 19 9
25 20 10
25 21 2
25 22 4
25 23 6
25 24 6
26 0 10
26 1 1
26 2 3
26 3 7
26 4 5
26 5 3
26 6 5
26 7 2
26 8 10
26 9 8
26 10 8
26 11 1
26 12 2
26 13 2
26 14 4
26 15 10
26 16 2
26 17 1
26 18 6
26 19 6
26 20 9
26 21 10
26 22 3
26 23 5
26 24 10
26 25 1
27 0 10
27 1 7
27 2 7
27 3 3
27 4 9
27 5 1
27 6 9
27 7 1
27 8 4
27 9 6
27 10 6
27 11 6
27 12 3
27 13 5
27 14 4
27 15 2
27 16 1
27 17 10
27 18 7
27 19 7
27 20 1
27 21 4
27 22 1
27 23 4
27 24 2
27 25 9
27 26 5
28 0 6
28 1 7
28 2 10
28 3 10
28 4 4
28 5 8
28 6 6
28 7 10
28 8 6
28 9 7
28 10 6
28 11 4
28 12 1
28 13 5
28 14 2
28 15 8
28 16 4
28 17 8
28 18 5
28 19 4
28 20 10
28 21 7
28 22 4
28 23 3
28 24 4
28 25 7
28 26 5
28 27 2
29 0 1
29 1 3
29 2 3
29 3 6
29 4 5
29 5 9
29 6 2
29 7 9
29 8 10
29 9 4
29 10 2
29 11 2
29 12 8
29 13 4
29 14 9
29 15 1
29 16 3
29 17 7
29 18 2
29 19 8
29 20 8
29 21 8
29 22 3
29 23 6
29 24 7
29 25 6
29 26 1
29 27 10
29 28 8
30 0 1
30 1 10
30 2 10
30 3 3
30 4 4
30 5 1
30 6 3
30 7 1
30 8 5
30 9 6
30 10 1
30 11 7
30 12 8
30 13 4
30 14 2
30 15 9
30 16 10
30 17 10
30 18 9
30 19 5
30 20 4
30 21 10
30 22 9
30 23 4
30 24 3
30 25 5
30 26 4
30 27 6
30 28 7
30 29 5
31 0 8
31 1 4
31 2 7
31 3 7
31 4 8
31 5 7
31 6 8
31 7 4
31 8 1
31 9 8
31 10 3
31 11 8
31 12 6
31 13 3
31 14 4
31 15 8
31 16 3
31 17 8
31 18 4
31 19 10
31 20 10
31 21 7
31 22 7
31 23 5
31 24 5
31 25 9
31 26 2
31 27 3
31 28 4
31 29 4
31 30 8
32 0 3
32 1 5
32 2 10
32 3 4
32 4 6
32 5 1
32 6 1
32 7 3
32 8 6
32 9 1
32 10 6
32 11 8
32 12 8
32 13 10
32 14 9
32 15 6
32 16 6
32 17 9
32 18 6
32 19 1
32 20 3
32 21 3
32 22 8
32 23 3
32 24 6
32 25 3
32 26 9
32 27 8
32 28 9
32 29 9
32 30 7
32 31 5
33 0 2
33 1 1
33 2 2
33 3 5
33 4 2
33 5 7
33 6 10
33 7 10
33 8 2
33 9 3
33 10 10
33 11 6
33 12 8
33 13 1
33 14 7
33 15 1
33 16 8
33 17 8
33 18 6
33 19 6
33 20 9
33 21 6
33 22 3
33 23 4
33 24 4
33 25 4
33 26 9
33 27 5
33 28 1
33 29 7
33 30 6
33 31 9
33 32 4
34 0 4
34 1 4
34 2 1
34 3 10
34 4 4
34 5 3
34 6 5
34 7 7
34 8 9
34 9 9
34 10 10
34 11 5
34 12 2
34 13 3
34 14 9
34 15 10
34 16 8
34 17 5
34 18 10
34 19 6
34 20 8
34 21 2
34 22 9
34 23 1
34 24 5
34 25 6
34 26 8
34 27 7
34 28 1
34 29 2
34 30 5
34 31 9
34 32 4
34 33 6
35 0 8
35 1 1
35 2 4
35 3 4
35 4 7
35 5 2
35 6 1
35 7 8
35 8 5
35 9 6
35 10 6
35 11 2
35 12 4
35 13 4
35 14 3
35 15 10
35 16 4
35 17 1
35 18 7
35 19 1
35 20 5
35 21 2
35 22 4
35 23 4
35 24 7
35 25 3
35 26 2
35 27 1
35 28 5
35 29 4
35 30 9
35 31 7
35 32 8
35 33 9
35 34 1
36 0 1
36 1 10
36 2 7
36 3 5
36 4 5
36 5 4
36 6 6
36 7 4
36 8 7
36 9 10
36 10 3
36 11 7
36 12 3
36 13 9
36 14 10
36 15 1
36 16 10
36 17 5
36 18 6
36 19 7
36 20 9
36 21 2
36 22 3
36 23 8
36 24 1
36 25 6
36 26 4
36 27 2
36 28 3
36 29 10
36 30 1
36 31 1
36 32 9
36 33 3
36 34 8
36 35 8
37 0 7
37 1 4
37 2 10
37 3 8
37 4 8
37 5 9
37 6 5
37 7 2
37 8 9
37 9 3
37 10 8
37 11 1
37 12 6
37 13 9
37 14 4
37 15 3
37 16 9
37 17 9
37 18 4
37 19 10
37 20 4
37 21 2
37 22 2
37 23 4
37 24 9
37 25 10
37 26 1
37 27 6
37 28 10
37 29 1
37 30 1
37 31 1
37 32 4
37 33 9
37 34 2
37 35 8
37 36 6
38 0 4
38 1 7
38 2 10
38 3 5
38 4 6
38 5 1
38 6 4
38 7 1
38 8 5
38 9 10
38 10 7
38 11 3
38 12 6
38 13 7
38 14 1
38 15 3
38 16 4
38 17 10
38 18 10
38 19 10
38 20 10
38 21 5
38 22 7
38 23 10
38 24 1
38 25 8
38 26 7
38 27 4
38 28 7
38 29 7
38 30 4
38 31 9
38 32 3
38 33 5
38 34 1
38 35 4
38 36 6
38 37 10
39 0 3
39 1 5
39 2 2
39 3 1
39 4 8
39 5 8
39 6 3
39 7 8
39 8 10
39 9 10
39 10 7
39 11 7
39 12 4
39 13 8
39 14 2
39 15 5
39 16 3
39 17 3
39 18 10
39 19 5
39 20 2
39 21 2
39 22 5
39 23 7
39 24 6
39 25 3
39 26 9
39 27 3
39 28 4
39 29 3
39 30 2
39 31 4
39 32 10
39 33 3
39 34 2
39 35 1
39 36 4
39 37 8
39 38 7
40 0 9
40 1 2
40 2 6
40 3 8
40 4 4
40 5 6
40 6 6
40 7 4
40 8 9
40 9 6
40 10 10
40 11 8
40 12 9
40 13 6
40 14 8
40 15 4
40 16 9
40 17 7
40 18 7
40 19 9
40 20 6
40 21 9
40 22 1
40 23 4
40 24 5
40 25 9
40 26 8
40 27 1
40 28 4
40 29 7
40 30 6
40 31 8
40 32 8
40 33 1
40 34 1
40 35 7
40 36 7
40 37 4
40 38 6
40 39 4
41 0 9
41 1 1
41 2 8
41 3 4
41 4 4
41 5 4
41 6 2
41 7 4
41 8 5
41 9 7
41 10 7
41 11 6
41 12 7
41 13 7
41 14 5
41 15 1
41 16 2
41 17 8
41 18 10
41 19 10
41 20 3
41 21 6
41 22 7
41 23 2
41 24 7
41 25 2
41 26 7
41 27 5
41 28 7
41 29 4
41 30 9
41 31 6
41 32 5
41 33 9
41 34 3
41 35 10
41 36 10
41 37 2
41 38 9
41 39 1
41 40 4
42 0 10
42 1 10
42 2 9
42 3 9
42 4 8
42 5 5
42 6 7
42 7 8
42 8 5
42 9 9
42 10 3
42 11 1
42 12 7
42 13 10
42 14 8
42 15 6
42 16 5
42 17 3
42 18 9
42 19 10
42 20 1
42 21 7
42 22 4
42 23 3
42 24 8
42 25 8
42 26 9
42 27 8
42 28 5
42 29 3
42 30 1
42 31 1
42 32 9
42 33 3
42 34 1
42 35 5
42 36 5
42 37 9
42 38 3
42 39 5
42 40 2
42 41 8
43 0 9
43 1 2
43 2 4
43 3 8
43 4 1
43 5 1
43 6 2
43 7 3
43 8 7
43 9 6
43 10 6
43 11 5
43 12 2
43 13 3
43 14 6
43 15 4
43 16 8
43 17 7
43 18 9
43 19 6
43 20 4
43 21 8
43 22 2
43 23 5
43 24 4
43 25 10
43 26 8
43 27 7
43 28 6
43 29 2
43 30 5
43 31 4
43 32 2
43 33 10
43 34 6
43 35 4
43 36 1
43 37 3
43 38 2
43 39 7
43 40 3
43 41 4
43 42 3
44 0 5
44 1 4
44 2 4
44 3 3
44 4 1
44 5 5
44 6 2
44 7 7
44 8 10
44 9 4
44 10 4
44 11 5
44 12 5
44 13 2
44 14 7
44 15 3
44 16 8
44 17 1
44 18 2
44 19 9
44 20 7
44 21 3
44 22 8
44 23 2
44 24 9
44 25 8
44 26 4
44 27 6
44 28 10
44 29 3
44 30 3
44 31 9
44 32 2
44 33 10
44 34 3
44 35 1
44 36 8
44 37 3
44 38 3
44 39 7
44 40 3
44 41 7
44 42 3
44 43 1
45 0 3
45 1 10
45 2 2
45 3 5
45 4 6
45 5 8
45 6 7
45 7 10
45 8 3
45 9 5
45 10 5
45 11 9
45 12 5
45 13 1
45 14 9
45 15 3
45 16 5
45 17 9
45 18 5
45 19 8
45 20 4
45 21 4
45 22 3
45 23 9
45 24 3
45 25 5
45 26 7
45 27 4
45 28 4
45 29 3
45 30 1
45 31 10
45 32 1
45 33 9
45 34 3
45 35 2
45 36 4
45 37 9
45 38 8
45 39 1
45 40 8
45 41 10
45 42 6
45 43 3
45 44 8
46 0 3
46 1 5
46 2 4
46 3 2
46 4 5
46 5 2
46 6 6
46 7 8
46 8 9
46 9 5
46 10 5
46 11 1
46 12 10
46 13 7
46 14 6
46 15 1
46 16 9
46 17 8
46 18 2
46 19 4
46 20 6
46 21 8
46 22 5
46 23 8
46 24 1
46 25 3
46 26 4
46 27 7
46 28 5
46 29 1
46 30 5
46 31 1
46 32 8
46 33 4
46 34 10
46 35 7
46 36 5
46 37 10
46 38 6
46 39 6
46 40 9
46 41 9
46 42 1
46 43 2
46 44 10
46 45 3
47 0 10
47 1 3
47 2 2
47 3 3
47 4 3
47 5 8
47 6 6
47 7 7
47 8 7
47 9 5
47 10 9
47 11 7
47 12 3
47 13 8
47 14 3
47 15 1
47 16 9
47 17 1
47 18 2
47 19 7
47 20 2
47 21 5
47 22 3
47 23 4
47 24 6
47 25 10
47 26 8
47 27 3
47 28 6
47 29 10
47 30 2
47 31 2
47 32 9
47 33 6
47 34 8
47 35 6
47 36 9
47 37 3
47 38 5
47 39 4
47 40 4
47 41 8
47 42 9
47 43 6
47 44 8
47 45 4
47 46 6
48 0 10
48 1 8
48 2 8
48 3 4
48 4 4
48 5 5
48 6 6
48 7 3
48 8 6
48 9 8
48 10 7
48 11 3
48 12 2
48 13 1
48 14 4
48 15 7
48 16 10
48 17 4
48 18 10
48 19 6
48 20 2
48 21 5
48 22 10
48 23 3
48 24 4
48 25 5
48 26 9
48 27 5
48 28 2
48 29 5
48 30 3
48 31 10
48 32 3
48 33 3
48 34 10
48 35 4
48 36 5
48 37 2
48 38 2
48 39 2
48 40 5
48 41 4
48 42 5
48 43 1
48 44 4
48 45 10
48 46 1
48 47 10
49 0 8
49 1 1
49 2 3
49 3 1
49 4 9
49 5 3
49 6 4
49 7 1
49 8 6
49 9 4
49 10 6
49 11 9
49 12 9
49 13 3
49 14 10
49 15 2
49 16 1
49 17 6
49 18 1
49 19 9
49 20 7
49 21 10
49 22 10
49 23 5
49 24 8
49 25 7
49 26 8
49 27 2
49 28 2
49 29 9
49 30 1
49 31 3
49 32 9
49 33 6
49 34 5
49 35 3
49 36 1
49 37 9
49 38 5
49 39 9
49 40 2
49 41 7
49 42 9
49 43 5
49 44 9
49 45 10
49 46 7
49 47 3
49 48 6
50 0 8
50 1 10
50 2 6
50 3 9
50 4 8
50 5 7
50 6 2
50 7 3
50 8 1
50 9 1
50 10 8
50 11 3
50 12 9
50 13 3
50 14 1
50 15 2
50 16 1
50 17 8
50 18 9
50 19 5
50 20 4
50 21 6
50 22 5
50 23 7
50 24 6
50 25 3
50 26 4
50 27 5
50 28 8
50 29 10
50 30 5
50 31 5
50 32 3
50 33 3
50 34 7
50 35 9
50 36 8
50 37 9
50 38 3
50 39 3
50 40 4
50 41 5
50 42 4
50 43 9
50 44 2
50 45 8
50 46 7
50 47 4
50 48 8
50 49 4
51 0 3
51 1 5
51 2 3
51 3 2
51 4 7
51 5 10
51 6 8
51 7 6
51 8 10
51 9 8
51 10 7
51 11 2
51 12 8
51 13 6
51 14 5
51 15 2
51 16 7
51 17 5
51 18 4
51 19 1
51 20 1
51 21 3
51 22 4
51 23 4
51 24 6
51 25 8
51 26 9
51 27 2
51 28 9
51 29 4
51 30 6
51 31 9
51 32 5
51 33 8
51 34 8
51 35 5
51 36 6
51 37 4
51 38 2
51 39 2
51 40 5
51 41 3
51 42 2
51 43 6
51 44 9
51 45 7
51 46 7
51 47 7
51 48 8
51 49 5
51 50 3
