65
2 0 5
2 1 12
3 2 12
4 1 3
4 3 14
5 2 6
6 0 5
6 3 6
6 5 12
7 1 6
7 2 8
7 3 7
7 4 16
7 6 6
8 0 8
8 1 12
8 2 7
8 5 15
9 1 6
9 2 9
9 3 11
9 5 5
9 7 7
9 8 15
10 1 15
10 2 7
10 3 15
10 6 14
10 8 11
10 9 2
11 3 2
11 6 14
11 8 6
11 10 4
12 0 14
12 1 14
12 6 14
12 10 11
12 11 5
13 0 15
13 1 7
13 3 11
13 6 7
13 8 4
13 10 9
13 11 13
14 0 13
14 1 1
14 2 8
14 3 3
14 5 13
14 8 7
14 13 16
15 0 10
15 5 9
15 6 12
15 11 4
15 14 8
16 0 4
16 2 13
16 3 9
16 4 11
16 5 9
16 12 15
16 13 8
16 14 12
17 0 15
17 1 14
17 2 2
17 3 5
17 7 14
17 9 2
17 11 1
17 13 8
17 14 11
17 16 13
18 1 3
18 3 15
18 4 3
18 5 7
18 7 14
18 8 11
18 9 14
18 10 5
18 11 10
18 12 15
18 13 2
18 14 10
18 15 5
18 16 5
18 17 9
19 2 2
19 3 6
19 4 15
19 5 15
19 6 11
19 7 10
19 8 16
19 9 16
19 10 3
19 11 10
19 13 4
19 15 5
19 16 10
19 17 15
20 4 12
20 7 3
20 8 6
20 10 15
20 11 13
20 13 12
20 17 10
21 7 1
21 11 6
21 13 5
21 17 1
21 19 15
22 0 10
22 1 15
22 3 15
22 5 12
22 6 5
22 7 12
22 9 16
22 12 14
22 14 12
22 16 5
22 17 4
22 20 3
23 0 14
23 5 9
23 7 15
23 10 2
23 13 10
23 14 9
23 15 14
23 16 6
24 0 7
24 2 4
24 4 5
24 6 10
24 7 5
24 8 9
24 9 7
24 16 4
24 17 11
24 19 7
24 23 9
25 1 9
25 3 7
25 4 12
25 5 1
25 6 9
25 11 1
25 13 8
25 15 5
25 18 4
25 22 11
25 23 10
25 24 10
26 0 10
26 1 14
26 3 4
26 4 13
26 5 9
26 10 8
26 13 10
26 14 14
26 17 9
26 18 3
26 19 16
26 20 10
26 24 2
26 25 9
27 0 15
27 1 8
27 2 11
27 3 12
27 4 12
27 5 5
27 6 3
27 7 16
27 9 5
27 11 2
27 13 12
27 14 4
27 18 3
27 19 9
27 22 2
27 24 9
27 25 8
27 26 16
28 0 10
28 2 9
28 3 14
28 5 13
28 6 12
28 8 6
28 10 3
28 14 3
28 19 9
28 20 8
28 22 8
28 25 8
28 26 12
29 2 4
29 3 16
29 6 8
29 9 3
29 10 13
29 13 12
29 17 3
29 19 12
29 21 11
29 22 15
29 25 7
29 28 14
30 0 5
30 1 4
30 4 7
30 5 16
30 7 4
30 8 16
30 15 16
30 16 15
30 18 4
30 20 8
30 23 1
30 25 4
30 26 13
30 27 3
30 29 3
31 1 16
31 3 15
31 4 2
31 5 12
31 7 2
31 11 16
31 14 14
31 15 16
31 16 10
31 20 15
31 22 11
31 27 4
31 28 9
31 29 9
31 30 4
32 0 7
32 1 13
32 3 15
32 4 6
32 5 13
32 6 11
32 7 15
32 13 14
32 14 2
32 17 5
32 18 12
32 20 3
32 22 16
32 23 10
32 25 11
32 26 7
32 28 1
32 30 1
33 0 7
33 1 7
33 3 7
33 5 3
33 8 10
33 9 14
33 10 8
33 11 7
33 13 6
33 14 8
33 15 15
33 16 8
33 19 2
33 23 12
33 28 6
33 29 16
33 30 9
33 31 1
33 32 9
34 1 14
34 3 15
34 7 8
34 11 5
34 14 4
34 16 15
34 17 1
34 18 16
34 19 14
34 20 10
34 23 6
34 25 14
34 28 5
34 29 2
34 30 1
34 31 5
34 33 9
35 0 11
35 1 10
35 2 9
35 3 12
35 5 15
35 6 11
35 8 2
35 9 16
35 10 2
35 11 7
35 12 15
35 13 4
35 14 10
35 20 11
35 21 14
35 23 2
35 24 1
35 25 11
35 29 14
35 32 15
35 34 15
36 0 11
36 3 14
36 5 6
36 6 7
36 8 13
36 10 4
36 13 13
36 15 16
36 16 15
36 20 14
36 21 4
36 22 8
36 23 1
36 24 8
36 25 13
36 26 2
36 27 15
36 28 16
36 29 10
36 31 10
36 32 10
36 34 14
36 35 16
37 0 1
37 1 2
37 4 16
37 5 13
37 8 15
37 10 13
37 12 4
37 13 8
37 17 7
37 20 15
37 21 7
37 28 9
37 29 10
37 30 4
37 31 5
37 36 16
38 0 12
38 1 14
38 3 4
38 4 5
38 5 7
38 6 6
38 8 10
38 9 1
38 10 11
38 15 15
38 16 2
38 22 7
38 23 15
38 24 15
38 27 7
38 30 8
38 31 13
38 33 4
38 36 6
39 2 1
39 3 5
39 7 14
39 8 8
39 9 12
39 11 13
39 12 4
39 15 15
39 16 16
39 17 5
39 18 1
39 21 13
39 23 9
39 24 2
39 25 1
39 27 13
39 28 11
39 29 7
39 30 15
39 32 9
39 35 1
39 36 6
39 37 10
39 38 8
40 1 15
40 4 10
40 5 12
40 6 7
40 8 13
40 10 4
40 11 8
40 12 5
40 13 14
40 14 16
40 16 13
40 17 5
40 18 11
40 19 14
40 21 15
40 22 6
40 26 7
40 27 13
40 28 2
40 29 5
40 31 14
40 33 7
40 34 13
40 35 1
40 36 11
40 39 7
41 0 2
41 1 3
41 2 14
41 3 8
41 4 3
41 5 9
41 6 13
41 7 12
41 12 16
41 20 15
41 22 2
41 23 2
41 25 13
41 26 12
41 27 2
41 31 11
41 32 11
41 33 11
41 34 3
41 36 7
41 38 1
41 39 8
42 0 16
42 1 6
42 6 1
42 7 6
42 8 8
42 10 7
42 16 3
42 17 7
42 19 1
42 21 7
42 27 6
42 28 15
42 29 5
42 31 5
42 32 2
42 35 10
42 36 3
42 39 8
42 40 11
43 1 9
43 2 4
43 3 16
43 4 6
43 5 16
43 6 13
43 10 10
43 12 16
43 13 13
43 17 6
43 18 14
43 24 3
43 25 7
43 27 12
43 30 9
43 35 13
43 36 14
43 37 9
43 41 5
43 42 13
44 1 8
44 8 12
44 9 1
44 10 10
44 14 7
44 15 11
44 17 16
44 19 15
44 22 3
44 25 9
44 26 3
44 27 11
44 28 3
44 29 5
44 30 9
44 31 14
44 34 16
44 36 10
44 37 13
44 39 16
44 40 10
44 42 3
44 43 14
45 0 15
45 3 10
45 5 14
45 6 5
45 8 12
45 9 11
45 11 3
45 12 3
45 13 2
45 14 16
45 15 14
45 16 15
45 17 9
45 19 11
45 20 10
45 21 1
45 22 6
45 23 5
45 24 11
45 25 12
45 27 7
45 29 1
45 30 9
45 34 8
45 35 1
45 40 16
45 41 13
45 42 9
45 43 1
45 44 4
46 2 9
46 3 16
46 8 11
46 9 8
46 10 13
46 13 11
46 16 9
46 17 14
46 22 15
46 25 5
46 27 7
46 28 11
46 30 11
46 31 7
46 32 14
46 33 11
46 34 4
46 35 15
46 37 16
46 40 2
46 41 16
46 42 6
46 43 11
46 45 9
47 0 13
47 1 3
47 2 6
47 4 13
47 5 5
47 7 8
47 9 9
47 11 10
47 12 5
47 13 15
47 15 15
47 17 9
47 18 15
47 19 8
47 23 10
47 24 13
47 25 13
47 26 5
47 28 15
47 29 14
47 34 2
47 35 12
47 36 9
47 37 8
47 38 8
47 41 1
47 42 15
47 43 15
47 44 6
47 45 6
47 46 16
48 2 13
48 5 4
48 6 6
48 8 10
48 9 9
48 10 6
48 11 1
48 14 5
48 15 11
48 16 5
48 17 8
48 18 15
48 20 9
48 22 3
48 25 1
48 26 9
48 29 13
48 30 12
48 32 9
48 33 3
48 34 14
48 35 15
48 36 16
48 37 7
48 40 4
48 41 10
48 42 3
48 43 5
48 44 9
48 46 8
48 47 2
49 0 8
49 3 5
49 4 10
49 5 6
49 6 12
49 9 5
49 12 7
49 15 7
49 16 7
49 17 15
49 18 11
49 19 16
49 25 11
49 26 12
49 28 11
49 29 12
49 30 6
49 33 3
49 36 9
49 39 5
49 40 3
49 41 16
49 42 11
49 46 2
50 3 1
50 5 8
50 6 1
50 7 6
50 10 8
50 12 7
50 14 7
50 16 10
50 18 16
50 19 8
50 22 8
50 23 6
50 25 12
50 26 15
50 29 9
50 31 14
50 33 16
50 35 5
50 36 16
50 38 1
50 41 16
50 46 1
50 47 10
50 48 6
51 1 8
51 3 2
51 4 14
51 5 6
51 6 16
51 7 6
51 9 1
51 11 16
51 12 1
51 15 2
51 16 13
51 19 7
51 21 14
51 22 16
51 23 6
51 24 16
51 26 10
51 29 9
51 31 12
51 32 8
51 33 15
51 35 13
51 39 12
51 41 12
51 42 4
51 45 12
51 46 11
52 0 11
52 1 16
52 3 8
52 4 16
52 5 6
52 6 12
52 8 14
52 9 16
52 11 13
52 14 11
52 15 7
52 17 16
52 23 15
52 24 1
52 28 9
52 29 1
52 31 9
52 32 3
52 33 9
52 34 11
52 36 10
52 37 8
52 39 8
52 41 9
52 47 7
52 51 13
53 0 16
53 1 6
53 2 1
53 5 9
53 9 16
53 12 2
53 14 6
53 15 4
53 16 10
53 17 9
53 18 5
53 19 14
53 20 10
53 21 9
53 22 9
53 23 5
53 27 2
53 28 11
53 30 15
53 31 3
53 33 6
53 34 3
53 35 16
53 36 15
53 39 13
53 42 2
53 43 11
53 44 6
53 45 11
53 47 15
53 48 9
53 49 8
54 1 10
54 5 12
54 7 6
54 9 2
54 11 5
54 13 1
54 16 2
54 18 7
54 19 9
54 20 2
54 21 1
54 23 12
54 24 9
54 26 4
54 27 1
54 29 16
54 32 11
54 34 16
54 36 13
54 37 12
54 39 1
54 40 4
54 42 6
54 43 10
54 45 1
54 48 6
54 49 4
54 50 12
54 53 9
55 0 15
55 1 13
55 2 14
55 3 15
55 4 1
55 5 1
55 10 7
55 12 5
55 13 14
55 16 16
55 22 11
55 24 15
55 27 6
55 30 9
55 32 3
55 33 10
55 35 12
55 39 8
55 43 13
55 44 11
55 46 11
55 47 10
55 50 12
55 51 5
55 53 13
55 54 15
56 0 9
56 1 3
56 2 12
56 3 2
56 4 1
56 5 14
56 6 3
56 9 2
56 11 4
56 12 2
56 13 4
56 14 15
56 15 5
56 20 15
56 23 12
56 24 4
56 26 15
56 29 8
56 30 3
56 31 3
56 32 3
56 35 8
56 36 7
56 38 16
56 39 13
56 41 14
56 44 8
56 45 10
56 46 4
56 50 7
56 51 1
56 52 6
56 53 4
56 54 15
57 1 14
57 3 8
57 4 11
57 5 1
57 7 14
57 8 12
57 10 6
57 11 16
57 15 4
57 16 11
57 18 5
57 20 4
57 22 15
57 23 10
57 24 8
57 25 7
57 27 2
57 28 14
57 30 1
57 32 4
57 33 2
57 35 9
57 37 14
57 38 6
57 40 10
57 42 4
57 44 11
57 47 11
57 49 8
57 51 9
57 54 14
57 55 8
58 0 3
58 1 6
58 3 11
58 4 4
58 6 8
58 8 7
58 10 3
58 15 1
58 16 4
58 17 16
58 19 13
58 20 3
58 24 10
58 25 13
58 26 11
58 27 3
58 28 15
58 30 13
58 33 8
58 34 10
58 38 11
58 40 13
58 41 10
58 44 16
58 45 6
58 47 12
58 50 11
58 53 12
58 55 5
58 56 11
59 1 16
59 3 16
59 4 11
59 5 3
59 6 1
59 7 1
59 8 10
59 11 8
59 13 1
59 15 10
59 17 3
59 20 2
59 27 6
59 29 13
59 33 1
59 35 8
59 39 14
59 41 2
59 43 3
59 47 7
59 49 12
59 50 14
59 54 2
59 55 1
60 0 3
60 1 4
60 2 11
60 3 10
60 4 8
60 5 11
60 8 8
60 11 3
60 12 11
60 18 7
60 25 2
60 29 7
60 30 6
60 32 13
60 34 10
60 35 5
60 37 13
60 39 8
60 43 16
60 45 13
60 50 9
60 51 6
60 56 6
60 57 6
60 58 8
61 1 15
61 2 10
61 4 2
61 5 12
61 6 16
61 7 3
61 8 2
61 9 13
61 11 14
61 14 13
61 16 14
61 17 4
61 18 1
61 22 11
61 23 15
61 24 8
61 26 5
61 27 10
61 31 7
61 32 10
61 34 7
61 38 3
61 39 2
61 40 16
61 41 6
61 43 6
61 47 14
61 49 15
61 50 16
61 51 1
61 53 9
61 54 11
61 57 10
62 0 3
62 2 10
62 8 11
62 10 6
62 12 14
62 13 15
62 14 10
62 15 4
62 16 11
62 19 13
62 20 7
62 22 15
62 25 15
62 27 12
62 28 7
62 30 15
62 32 7
62 35 13
62 36 9
62 37 12
62 42 8
62 43 4
62 44 3
62 48 7
62 49 11
62 50 8
62 51 2
62 53 16
62 54 1
62 55 11
62 56 3
62 58 15
62 61 7
63 1 16
63 4 9
63 6 14
63 7 3
63 9 6
63 11 8
63 13 8
63 15 5
63 20 8
63 21 6
63 22 6
63 23 14
63 24 5
63 27 7
63 29 11
63 30 10
63 31 2
63 33 11
63 34 1
63 36 9
63 40 6
63 41 14
63 43 8
63 45 10
63 50 14
63 51 15
63 54 14
63 61 11
64 2 1
64 3 16
64 5 9
64 8 10
64 11 15
64 14 14
64 15 2
64 16 4
64 20 14
64 23 12
64 28 11
64 29 6
64 30 16
64 32 6
64 33 1
64 36 12
64 41 11
64 45 8
64 46 3
64 47 5
64 50 12
64 54 15
64 58 12
64 59 13
64 62 15
64 63 1
