21
2 1 18
3 2 29
4 0 13
4 1 60
4 2 7
5 0 58
5 2 30
5 3 55
6 5 57
7 0 8
7 1 45
7 3 65
7 4 46
7 6 29
8 0 49
8 1 25
8 6 11
9 0 41
9 1 67
9 2 6
9 6 62
10 0 24
10 2 59
10 4 3
10 5 56
10 6 51
10 8 33
10 9 30
11 1 23
11 4 42
11 6 6
11 9 48
11 10 24
12 0 18
12 2 59
12 5 48
12 6 52
12 7 29
12 8 55
12 10 35
12 11 1
13 1 62
13 2 45
13 4 60
13 5 15
13 7 11
13 8 60
13 9 42
13 11 22
14 0 19
14 1 42
14 2 12
14 7 48
14 8 21
14 10 40
14 11 40
15 2 45
15 4 30
15 7 55
15 10 38
15 12 61
15 13 4
16 0 40
16 2 47
16 4 46
16 6 45
16 8 31
16 11 31
16 12 8
17 1 56
17 2 4
17 4 8
17 5 44
17 11 28
17 12 3
17 14 32
18 3 18
18 5 42
18 7 63
18 9 58
18 11 67
18 12 28
18 13 36
18 15 46
18 16 45
19 0 6
19 1 14
19 4 30
19 5 66
19 7 62
19 8 7
19 9 33
19 11 55
19 12 41
19 13 45
19 14 19
19 15 12
19 18 27
20 0 21
20 1 37
20 2 4
20 3 37
20 4 41
20 5 26
20 7 6
20 8 35
20 9 5
20 12 59
20 13 51
20 14 8
20 18 22
20 19 20
