37
1 0 29
2 0 34
2 1 22
3 0 34
3 1 17
3 2 1
4 0 17
4 1 11
4 2 13
4 3 1
5 0 9
5 1 31
5 2 5
5 3 9
5 4 16
6 0 5
6 1 36
6 2 20
6 3 29
6 4 29
6 5 37
7 0 28
7 1 30
7 2 1
7 3 7
7 4 18
7 5 30
7 6 37
8 0 24
8 1 20
8 2 6
8 3 36
8 4 30
8 5 4
8 6 6
8 7 19
9 0 24
9 1 24
9 2 3
9 3 29
9 4 3
9 5 9
9 6 33
9 7 9
9 8 26
10 0 27
10 1 35
10 2 16
10 3 11
10 4 35
10 5 25
10 6 21
10 7 27
10 8 19
10 9 29
11 0 34
11 1 13
11 2 36
11 3 28
11 4 18
11 5 4
11 6 35
11 7 22
11 8 5
11 9 22
11 10 18
12 0 2
12 1 27
12 2 21
12 3 32
12 4 4
12 5 33
12 6 2
12 7 20
12 8 22
12 9 3
12 10 10
12 11 2
13 0 9
13 1 11
13 2 24
13 3 29
13 4 8
13 5 33
13 6 24
13 7 13
13 8 10
13 9 22
13 10 23
13 11 35
13 12 35
14 0 19
14 1 22
14 2 2
14 3 6
14 4 18
14 5 12
14 6 28
14 7 4
14 8 9
14 9 35
14 10 28
14 11 1
14 12 23
14 13 9
15 0 12
15 1 20
15 2 3
15 3 25
15 4 9
15 5 30
15 6 29
15 7 30
15 8 4
15 9 13
15 10 29
15 11 17
15 12 34
15 13 18
15 14 3
16 0 1
16 1 15
16 2 19
16 3 38
16 4 20
16 5 2
16 6 10
16 7 3
16 8 33
16 9 9
16 10 30
16 11 28
16 12 10
16 13 1
16 14 37
16 15 25
17 0 2
17 1 2
17 2 22
17 3 25
17 4 1
17 5 37
17 6 2
17 7 31
17 8 36
17 9 20
17 10 25
17 11 28
17 12 18
17 13 16
17 14 17
17 15 22
17 16 31
18 0 11
18 1 26
18 2 3
18 3 20
18 4 27
18 5 27
18 6 20
18 7 2
18 8 31
18 9 22
18 10 29
18 11 21
18 12 2
18 13 36
18 14 14
18 15 33
18 16 8
18 17 29
19 0 32
19 1 3
19 2 22
19 3 5
19 4 10
19 5 1
19 6 4
19 7 4
19 8 24
19 9 2
19 10 30
19 11 12
19 12 13
19 13 30
19 14 19
19 15 35
19 16 37
19 17 18
19 18 10
20 0 36
20 1 26
20 2 7
20 3 26
20 4 16
20 5 25
20 6 16
20 7 24
20 8 12
20 9 25
20 10 12
20 11 2
20 12 23
20 13 9
20 14 29
20 15 29
20 16 3
20 17 28
20 18 2
20 19 8
21 0 10
21 1 21
21 2 1
21 3 12
21 4 30
21 5 21
21 6 30
21 7 28
21 8 15
21 9 31
21 10 2
21 11 18
21 12 26
21 13 21
21 14 16
21 15 13
21 16 4
21 17 20
21 18 26
21 19 2
21 20 10
22 0 31
22 1 28
22 2 25
22 3 22
22 4 33
22 5 16
22 6 28
22 7 11
22 8 18
22 9 25
22 10 17
22 11 26
22 12 29
22 13 2
22 14 26
22 15 23
22 16 15
22 17 37
22 18 17
22 19 18
22 20 27
22 21 6
23 0 16
23 1 6
23 2 14
23 3 7
23 4 22
23 5 23
23 6 1
23 7 26
23 8 34
23 9 4
23 10 20
23 11 21
23 12 32
23 13 20
23 14 1
23 15 12
23 16 36
23 17 36
23 18 12
23 19 14
23 20 25
23 21 16
23 22 22
24 0 1
24 1 33
24 2 29
24 3 30
24 4 14
24 5 27
24 6 3
24 7 18
24 8 13
24 9 15
24 10 23
24 11 13
24 12 19
24 13 7
24 14 24
24 15 13
24 16 30
24 17 37
24 18 29
24 19 27
24 20 27
24 21 37
24 22 1
24 23 13
25 0 3
25 1 2
25 2 17
25 3 23
25 4 4
25 5 28
25 6 14
25 7 11
25 8 20
25 9 37
25 10 7
25 11 15
25 12 9
25 13 5
25 14 2
25 15 25
25 16 3
25 17 35
25 18 23
25 19 24
25 20 19
25 21 3
25 22 34
25 23 4
25 24 24
26 0 8
26 1 4
26 2 18
26 3 3
26 4 33
26 5 32
26 6 20
26 7 38
26 8 32
26 9 26
26 10 1
26 11 22
26 12 18
26 13 26
26 14 2
26 15 8
26 16 10
26 17 32
26 18 17
26 19 14
26 20 32
26 21 25
26 22 17
26 23 14
26 24 20
26 25 22
27 0 8
27 1 31
27 2 3
27 3 22
27 4 9
27 5 26
27 6 24
27 7 16
27 8 37
27 9 31
27 10 32
27 11 9
27 12 14
27 13 20
27 14 4
27 15 24
27 16 22
27 17 23
27 18 25
27 19 8
27 20 32
27 21 8
27 22 36
27 23 14
27 24 28
27 25 26
27 26 8
28 0 32
28 1 18
28 2 35
28 3 29
28 4 3
28 5 31
28 6 33
28 7 29
28 8 29
28 9 35
28 10 23
28 11 7
28 12 29
28 13 13
28 14 33
28 15 17
28 16 21
28 17 24
28 18 22
28 19 23
28 20 24
28 21 19
28 22 26
28 23 30
28 24 33
28 25 9
28 26 19
28 27 7
29 0 17
29 1 19
29 2 18
29 3 1
29 4 31
29 5 32
29 6 30
29 7 38
29 8 13
29 9 33
29 10 17
29 11 22
29 12 31
29 13 18
29 14 23
29 15 23
29 16 18
29 17 22
29 18 10
29 19 20
29 20 16
29 21 36
29 22 4
29 23 33
29 24 31
29 25 2
29 26 7
29 27 4
29 28 38
30 0 20
30 1 14
30 2 34
30 3 2
30 4 9
30 5 33
30 6 4
30 7 13
30 8 34
30 9 23
30 10 17
30 11 21
30 12 12
30 13 38
30 14 20
30 15 27
30 16 10
30 17 33
30 18 20
30 19 15
30 20 18
30 21 23
30 22 37
30 23 11
30 24 28
30 25 13
30 26 7
30 27 21
30 28 23
30 29 37
31 0 15
31 1 35
31 2 16
31 3 31
31 4 27
31 5 2
31 6 29
31 7 9
31 8 15
31 9 5
31 10 11
31 11 2
31 12 37
31 13 12
31 14 21
31 15 3
31 16 6
31 17 23
31 18 25
31 19 1
31 20 4
31 21 17
31 22 21
31 23 16
31 24 29
31 25 30
31 26 38
31 27 9
31 28 19
31 29 31
31 30 15
32 0 24
32 1 37
32 2 6
32 3 2
32 4 35
32 5 35
32 6 20
32 7 38
32 8 26
32 9 34
32 10 12
32 11 31
32 12 10
32 13 2
32 14 3
32 15 15
32 16 26
32 17 22
32 18 3
32 19 30
32 20 19
32 21 8
32 22 36
32 23 33
32 24 23
32 25 29
32 26 7
32 27 19
32 28 36
32 29 12
32 30 23
32 31 18
33 0 37
33 1 24
33 2 37
33 3 34
33 4 11
33 5 13
33 6 6
33 7 34
33 8 9
33 9 14
33 10 34
33 11 8
33 12 10
33 13 26
33 14 18
33 15 35
33 16 31
33 17 6
33 18 26
33 19 23
33 20 33
33 21 2
33 22 3
33 23 2
33 24 30
33 25 28
33 26 27
33 27 12
33 28 8
33 29 22
33 30 13
33 31 24
33 32 18
34 0 14
34 1 29
34 2 23
34 3 15
34 4 7
34 5 26
34 6 16
34 7 19
34 8 17
34 9 36
34 10 10
34 11 10
34 12 8
34 13 32
34 14 14
34 15 28
34 16 22
34 17 9
34 18 29
34 19 15
34 20 12
34 21 8
34 22 3
34 23 31
34 24 6
34 25 1
34 26 2
34 27 25
34 28 21
34 29 11
34 30 13
34 31 22
34 32 19
34 33 16
35 0 38
35 1 2
35 2 2
35 3 10
35 4 13
35 5 33
35 6 19
35 7 10
35 8 22
35 9 9
35 10 15
35 11 19
35 12 4
35 13 15
35 14 28
35 15 10
35 16 18
35 17 13
35 18 37
35 19 15
35 20 11
35 21 3
35 22 7
35 23 23
35 24 21
35 25 14
35 26 33
35 27 37
35 28 22
35 29 6
35 30 17
35 31 26
35 32 35
35 33 31
35 34 27
36 0 33
36 1 11
36 2 3
36 3 16
36 4 25
36 5 18
36 6 7
36 7 5
36 8 9
36 9 17
36 10 37
36 11 20
36 12 16
36 13 15
36 14 15
36 15 6
36 16 26
36 17 8
36 18 35
36 19 19
36 20 4
36 21 34
36 22 5
36 23 10
36 24 20
36 25 29
36 26 35
36 27 25
36 28 29
36 29 4
36 30 15
36 31 5
36 32 30
36 33 18
36 34 18
36 35 26
