14
1 0 23
2 0 17
2 1 15
3 0 6
3 1 6
3 2 14
4 0 12
4 1 20
4 2 8
4 3 13
5 0 5
5 1 3
5 2 15
5 3 5
5 4 5
6 0 7
6 1 19
6 2 22
6 3 25
6 4 20
6 5 7
7 0 23
7 1 9
7 2 11
7 3 15
7 4 5
7 5 8
7 6 23
8 0 2
8 1 14
8 2 16
8 3 9
8 4 12
8 5 2
8 6 2
8 7 11
9 0 7
9 1 8
9 2 15
9 3 3
9 4 12
9 5 17
9 6 15
9 7 24
9 8 4
10 0 17
10 1 23
10 2 16
10 3 17
10 4 13
10 5 20
10 6 10
10 7 9
10 8 23
10 9 1
11 0 24
11 1 25
11 2 19
11 3 23
11 4 17
11 5 16
11 6 20
11 7 13
11 8 19
11 9 12
11 10 16
12 0 14
12 1 21
12 2 12
12 3 6
12 4 8
12 5 25
12 6 17
12 7 20
12 8 8
12 9 13
12 10 22
12 11 8
13 0 18
13 1 13
13 2 20
13 3 4
13 4 15
13 5 12
13 6 3
13 7 23
13 8 14
13 9 10
13 10 14
13 11 11
13 12 13
