62
1 0 20
2 0 44
3 0 38
3 1 40
4 1 32
5 0 40
5 1 23
5 3 8
5 4 4
6 1 42
6 2 5
6 4 22
7 4 22
7 5 2
7 6 12
8 1 10
8 2 41
8 3 1
8 4 15
8 6 17
8 7 32
9 0 33
9 1 31
9 3 28
9 6 21
9 7 32
9 8 29
10 2 11
10 4 20
10 6 34
10 7 19
10 8 39
11 0 44
11 1 26
11 2 34
11 4 1
11 7 27
11 8 4
11 10 8
12 2 33
12 4 13
12 6 42
12 8 11
12 9 28
12 10 28
13 0 12
13 2 17
13 4 22
13 7 36
13 8 34
14 0 8
14 2 15
14 3 21
14 4 23
14 5 4
14 13 39
15 0 29
15 3 13
15 4 33
15 6 39
15 7 22
15 9 6
15 10 23
15 11 35
15 13 40
16 2 44
16 6 1
16 7 2
16 9 28
16 10 40
17 1 27
17 2 36
17 5 36
17 6 17
17 8 34
17 9 38
17 11 18
17 12 40
17 13 11
17 14 40
17 15 29
18 0 28
18 2 41
18 7 36
18 12 33
18 16 15
18 17 44
19 0 28
19 1 11
19 2 26
19 3 20
19 4 16
19 10 17
19 13 36
19 16 38
20 1 25
20 2 3
20 3 34
20 4 2
20 7 6
20 8 13
20 10 39
20 11 11
20 14 41
20 15 37
20 16 10
20 19 29
21 4 15
21 5 40
21 6 23
21 9 4
21 10 34
21 12 43
21 13 18
21 15 34
21 17 3
21 18 29
21 19 43
22 1 29
22 7 29
22 10 6
22 11 39
22 16 38
22 19 35
22 20 15
22 21 35
23 0 41
23 1 17
23 2 5
23 3 14
23 6 1
23 9 38
23 12 21
23 13 16
23 15 12
23 17 5
23 19 7
23 20 15
24 0 23
24 1 34
24 3 34
24 4 33
24 7 44
24 9 39
24 11 4
24 16 17
24 17 24
24 19 27
24 21 44
24 22 33
25 0 21
25 1 26
25 2 32
25 3 34
25 4 14
25 5 34
25 7 43
25 11 26
25 12 3
25 14 13
25 16 14
25 18 34
25 19 13
25 21 30
25 23 15
26 0 15
26 3 27
26 4 13
26 5 40
26 6 43
26 7 13
26 10 41
26 12 21
26 14 1
26 15 29
26 17 14
26 20 27
27 0 29
27 2 36
27 3 14
27 5 41
27 12 3
27 13 13
27 15 4
27 19 43
27 20 37
27 22 23
27 24 27
27 26 15
28 2 39
28 8 19
28 9 14
28 12 12
28 15 4
28 17 19
28 18 26
28 20 31
28 27 36
29 1 1
29 2 37
29 4 37
29 5 3
29 6 5
29 8 2
29 9 35
29 11 43
29 12 39
29 13 25
29 15 10
29 16 10
29 17 10
29 18 1
29 21 12
29 22 7
29 23 19
29 25 21
30 0 1
30 1 10
30 3 37
30 5 37
30 8 33
30 9 6
30 11 36
30 18 11
30 19 1
30 20 44
30 21 12
30 22 34
30 23 27
31 3 5
31 6 2
31 7 37
31 12 28
31 14 9
31 17 27
31 18 11
31 20 43
31 22 2
31 26 24
31 27 40
31 28 38
32 0 43
32 1 34
32 2 1
32 3 26
32 5 39
32 7 35
32 8 25
32 13 38
32 14 5
32 15 3
32 17 22
32 19 31
32 21 27
32 22 33
32 23 18
32 26 19
32 27 38
32 29 33
32 30 16
32 31 27
33 0 6
33 7 23
33 8 7
33 9 4
33 12 35
33 16 43
33 17 21
33 18 11
33 19 25
33 23 34
33 24 7
33 25 28
33 26 8
33 27 38
33 28 37
33 30 12
33 31 18
34 1 6
34 5 4
34 9 13
34 19 42
34 20 23
34 24 3
34 25 23
34 26 38
34 27 10
34 28 21
34 30 24
34 31 27
34 33 25
35 0 3
35 1 2
35 3 20
35 4 28
35 6 17
35 11 7
35 13 12
35 14 41
35 22 1
35 23 3
35 26 24
35 28 25
36 0 33
36 1 21
36 2 43
36 6 22
36 8 40
36 9 34
36 10 20
36 11 2
36 13 42
36 14 29
36 17 20
36 21 32
36 22 7
36 24 33
36 25 42
36 26 20
36 28 7
36 34 41
36 35 41
37 1 18
37 2 20
37 4 10
37 5 19
37 7 4
37 10 35
37 11 15
37 16 22
37 17 17
37 20 1
37 23 34
37 24 24
37 25 4
37 27 11
37 30 37
37 31 36
37 33 23
37 34 35
37 36 7
38 0 13
38 2 43
38 3 15
38 5 7
38 8 5
38 9 28
38 10 29
38 11 17
38 12 26
38 14 8
38 16 20
38 17 36
38 18 40
38 21 13
38 23 42
38 24 1
38 25 22
38 28 34
38 29 44
38 30 27
38 32 22
38 34 11
38 35 3
38 36 25
39 0 22
39 2 2
39 7 2
39 10 39
39 12 2
39 13 3
39 14 8
39 16 35
39 17 3
39 19 33
39 21 9
39 23 35
39 24 25
39 28 1
39 29 18
39 30 18
39 31 6
39 34 19
39 37 42
40 0 21
40 2 11
40 4 22
40 8 32
40 10 26
40 11 22
40 12 33
40 14 27
40 15 18
40 18 2
40 19 5
40 20 15
40 27 22
40 28 11
40 30 23
40 31 1
40 32 33
40 33 31
40 34 40
40 37 29
40 38 31
40 39 14
41 0 32
41 2 12
41 4 33
41 5 13
41 6 8
41 7 20
41 8 27
41 10 10
41 11 6
41 13 31
41 14 33
41 15 30
41 21 20
41 24 14
41 25 16
41 26 6
41 27 38
41 30 9
41 31 11
41 33 40
41 35 40
41 37 11
41 38 8
42 1 37
42 3 36
42 8 11
42 9 9
42 10 38
42 12 4
42 15 41
42 16 28
42 18 23
42 20 42
42 26 41
42 28 24
42 29 44
42 30 10
42 31 38
42 32 17
42 33 8
42 34 30
42 35 28
42 41 25
43 1 12
43 2 15
43 4 10
43 9 17
43 11 30
43 12 27
43 13 34
43 15 41
43 16 26
43 17 32
43 18 3
43 19 24
43 24 26
43 25 18
43 28 13
43 29 13
43 33 44
43 35 44
43 38 9
43 41 34
43 42 17
44 1 11
44 2 5
44 4 34
44 5 9
44 8 32
44 10 43
44 12 37
44 19 5
44 20 38
44 22 43
44 28 36
44 30 41
44 36 35
44 37 13
44 38 41
45 2 33
45 3 27
45 4 24
45 5 21
45 6 31
45 7 13
45 9 13
45 10 6
45 11 7
45 12 40
45 13 14
45 14 13
45 16 28
45 20 6
45 21 13
45 22 30
45 24 22
45 25 28
45 26 6
45 28 37
45 29 39
45 32 30
45 33 34
45 34 18
45 36 34
45 37 11
45 40 15
45 42 42
46 2 3
46 4 12
46 7 3
46 8 35
46 10 40
46 12 7
46 13 18
46 14 33
46 15 7
46 16 25
46 22 20
46 23 3
46 25 37
46 27 27
46 28 42
46 30 5
46 31 15
46 33 10
46 35 41
46 38 34
46 42 36
46 43 9
46 44 24
46 45 19
47 2 9
47 3 32
47 5 34
47 7 31
47 10 37
47 11 4
47 14 12
47 15 31
47 16 10
47 17 4
47 19 27
47 20 41
47 21 9
47 22 44
47 26 9
47 29 31
47 30 3
47 33 12
47 37 16
47 39 10
47 40 39
47 44 31
47 46 21
48 3 41
48 8 43
48 10 9
48 11 6
48 12 31
48 14 2
48 19 43
48 20 14
48 21 5
48 23 36
48 24 23
48 25 33
48 26 37
48 27 15
48 29 32
48 31 40
48 32 33
48 40 10
48 41 27
48 45 42
48 46 38
48 47 31
49 0 36
49 1 12
49 4 30
49 5 25
49 6 24
49 8 18
49 11 3
49 12 4
49 16 42
49 18 32
49 20 29
49 21 43
49 23 2
49 24 38
49 25 19
49 28 38
49 29 39
49 33 26
49 35 5
49 37 39
49 39 11
49 40 44
49 42 17
50 1 38
50 2 5
50 4 7
50 5 18
50 6 22
50 8 9
50 12 44
50 15 41
50 19 1
50 20 38
50 25 22
50 27 43
50 29 22
50 30 19
50 34 40
50 36 5
50 38 23
50 41 5
50 42 13
50 43 26
50 45 11
50 46 42
50 47 41
51 1 29
51 2 3
51 3 16
51 4 24
51 6 24
51 7 20
51 8 3
51 11 6
51 12 6
51 15 26
51 16 3
51 18 26
51 19 19
51 21 17
51 23 8
51 24 9
51 25 19
51 26 3
51 27 9
51 30 7
51 31 2
51 33 20
51 34 30
51 35 25
51 43 8
51 45 25
51 47 3
51 48 9
52 2 40
52 4 2
52 6 20
52 13 40
52 14 31
52 15 38
52 16 11
52 18 25
52 19 38
52 20 39
52 21 18
52 22 26
52 23 32
52 24 17
52 25 22
52 27 21
52 29 21
52 33 33
52 36 19
52 41 17
52 43 14
52 44 18
52 45 38
52 46 38
52 47 30
52 49 40
52 50 16
52 51 6
53 0 17
53 3 22
53 4 14
53 8 39
53 9 26
53 10 32
53 12 13
53 13 19
53 14 39
53 15 15
53 16 10
53 17 15
53 18 35
53 19 32
53 20 1
53 21 8
53 22 10
53 23 16
53 24 8
53 29 8
53 30 20
53 31 20
53 33 29
53 34 31
53 36 39
53 37 35
53 43 15
53 44 35
53 46 10
53 49 33
53 52 18
54 1 24
54 3 21
54 4 20
54 7 23
54 8 3
54 10 17
54 11 19
54 12 12
54 14 34
54 18 7
54 20 44
54 22 43
54 23 14
54 24 19
54 25 30
54 26 14
54 27 20
54 28 41
54 31 24
54 39 4
54 40 1
54 41 26
54 42 29
54 43 33
54 45 29
54 46 28
54 53 39
55 0 29
55 5 19
55 7 6
55 11 16
55 13 6
55 15 20
55 16 44
55 17 31
55 19 15
55 20 44
55 21 16
55 23 22
55 27 21
55 30 1
55 31 30
55 32 27
55 33 12
55 35 21
55 40 6
55 41 37
55 43 16
55 44 32
55 45 28
55 46 1
55 49 42
55 51 33
55 54 18
56 1 21
56 2 29
56 5 25
56 7 24
56 8 1
56 9 44
56 10 37
56 11 27
56 12 18
56 14 41
56 16 6
56 17 19
56 18 9
56 20 9
56 21 11
56 22 21
56 24 32
56 26 21
56 28 34
56 29 43
56 31 42
56 33 15
56 34 35
56 36 6
56 37 43
56 38 27
56 39 42
56 41 36
56 43 18
56 44 26
56 49 2
56 50 25
56 51 5
57 0 8
57 1 2
57 3 20
57 4 19
57 5 15
57 6 28
57 7 4
57 8 18
57 9 13
57 13 44
57 19 10
57 20 26
57 22 32
57 25 12
57 26 25
57 27 10
57 28 2
57 30 8
57 31 4
57 32 30
57 33 19
57 35 42
57 36 21
57 37 15
57 41 11
57 45 23
57 48 12
57 49 27
57 55 23
57 56 39
58 1 43
58 2 21
58 3 23
58 4 24
58 5 34
58 8 42
58 10 36
58 12 5
58 22 25
58 23 24
58 24 32
58 25 21
58 30 36
58 31 11
58 32 16
58 35 36
58 38 15
58 39 19
58 45 42
58 46 43
58 51 14
58 53 13
58 55 4
59 0 21
59 1 4
59 7 20
59 11 4
59 12 32
59 13 27
59 16 39
59 17 11
59 23 37
59 24 16
59 25 40
59 28 18
59 29 27
59 30 2
59 33 29
59 35 39
59 38 24
59 40 8
59 41 4
59 44 28
59 45 15
59 46 26
59 50 12
59 51 42
59 54 29
59 58 23
60 0 41
60 4 40
60 9 9
60 11 28
60 12 10
60 13 25
60 15 26
60 20 20
60 21 23
60 22 40
60 30 32
60 31 3
60 32 17
60 33 44
60 38 35
60 41 5
60 42 3
60 43 24
60 44 10
60 45 6
60 46 36
60 47 2
60 48 13
60 49 4
60 53 40
60 57 42
60 58 1
60 59 20
61 10 31
61 12 44
61 15 18
61 16 36
61 17 7
61 20 14
61 22 20
61 23 36
61 24 29
61 29 15
61 30 19
61 32 41
61 36 19
61 43 40
61 45 7
61 49 23
61 50 5
61 52 2
61 57 42
61 60 12
