68
1 0 34
2 0 15
2 1 30
3 0 38
3 1 24
3 2 47
4 0 45
4 1 12
4 2 38
4 3 57
5 0 25
5 1 39
5 2 16
5 3 12
5 4 26
6 0 20
6 1 18
6 2 36
6 3 38
6 4 17
6 5 10
7 0 45
7 1 24
7 2 54
7 3 5
7 4 45
7 5 35
7 6 12
8 0 24
8 1 26
8 2 34
8 3 7
8 4 17
8 5 12
8 6 24
8 7 34
9 0 41
9 1 47
9 2 57
9 3 28
9 4 48
9 5 53
9 6 55
9 7 15
9 8 35
10 0 55
10 1 2
10 2 56
10 3 28
10 4 21
10 5 36
10 6 19
10 7 56
10 8 43
10 9 43
11 0 47
11 1 30
11 2 26
11 3 18
11 4 32
11 5 39
11 6 50
11 7 42
11 8 4
11 9 45
11 10 24
12 0 10
12 1 13
12 2 19
12 3 43
12 4 53
12 5 7
12 6 2
12 7 55
12 8 39
12 9 27
12 10 12
12 11 46
13 0 52
13 1 54
13 2 46
13 3 52
13 4 19
13 5 24
13 6 18
13 7 47
13 8 16
13 9 12
13 10 27
13 11 10
13 12 39
14 0 33
14 1 28
14 2 31
14 3 28
14 4 8
14 5 52
14 6 21
14 7 10
14 8 7
14 9 42
14 10 25
14 11 35
14 12 18
14 13 16
15 0 36
15 1 7
15 2 24
15 3 40
15 4 44
15 5 47
15 6 3
15 7 26
15 8 7
15 9 28
15 10 27
15 11 2
15 12 33
15 13 33
15 14 56
16 0 32
16 1 41
16 2 55
16 3 32
16 4 18
16 5 13
16 6 36
16 7 1
16 8 12
16 9 25
16 10 39
16 11 45
16 12 39
16 13 47
16 14 45
16 15 25
17 0 42
17 1 53
17 2 22
17 3 52
17 4 49
17 5 57
17 6 16
17 7 37
17 8 11
17 9 51
17 10 7
17 11 53
17 12 9
17 13 47
17 14 10
17 15 50
17 16 22
18 0 23
18 1 18
18 2 10
18 3 42
18 4 1
18 5 9
18 6 28
18 7 34
18 8 5
18 9 36
18 10 56
18 11 49
18 12 5
18 13 30
18 14 21
18 15 21
18 16 34
18 17 54
19 0 45
19 1 26
19 2 57
19 3 25
19 4 49
19 5 3
19 6 25
19 7 16
19 8 7
19 9 32
19 10 45
19 11 22
19 12 42
19 13 14
19 14 22
19 15 41
19 16 45
19 17 7
19 18 27
20 0 2
20 1 50
20 2 9
20 3 18
20 4 23
20 5 50
20 6 45
20 7 4
20 8 6
20 9 45
20 10 47
20 11 18
20 12 25
20 13 12
20 14 56
20 15 1
20 16 45
20 17 53
20 18 9
20 19 29
21 0 50
21 1 27
21 2 46
21 3 25
21 4 8
21 5 49
21 6 2
21 7 2
21 8 38
21 9 37
21 10 28
21 11 56
21 12 55
21 13 10
21 14 57
21 15 44
21 16 36
21 17 27
21 18 31
21 19 28
21 20 42
22 0 24
22 1 7
22 2 8
22 3 24
22 4 54
22 5 23
22 6 11
22 7 55
22 8 27
22 9 29
22 10 43
22 11 26
22 12 47
22 13 54
22 14 45
22 15 38
22 16 11
22 17 51
22 18 7
22 19 56
22 20 19
22 21 15
23 0 3
23 1 14
23 2 25
23 3 53
23 4 7
23 5 55
23 6 47
23 7 31
23 8 10
23 9 23
23 10 16
23 11 28
23 12 38
23 13 9
23 14 35
23 15 2
23 16 51
23 17 32
23 18 44
23 19 40
23 20 54
23 21 55
23 22 40
24 0 13
24 1 8
24 2 21
24 3 40
24 4 5
24 5 7
24 6 33
24 7 47
24 8 4
24 9 29
24 10 26
24 11 55
24 12 19
24 13 19
24 14 49
24 15 14
24 16 19
24 17 27
24 18 34
24 19 4
24 20 8
24 21 18
24 22 24
24 23 55
25 0 14
25 1 2
25 2 52
25 3 2
25 4 45
25 5 18
25 6 31
25 7 37
25 8 53
25 9 20
25 10 30
25 11 34
25 12 41
25 13 29
25 14 15
25 15 57
25 16 25
25 17 52
25 18 19
25 19 40
25 20 49
25 21 53
25 22 19
25 23 43
25 24 22
26 0 23
26 1 6
26 2 18
26 3 3
26 4 39
26 5 15
26 6 12
26 7 12
26 8 17
26 9 46
26 10 39
26 11 1
26 12 42
26 13 17
26 14 24
26 15 9
26 16 12
26 17 8
26 18 35
26 19 31
26 20 2
26 21 30
26 22 41
26 23 40
26 24 38
26 25 27
27 0 22
27 1 17
27 2 16
27 3 44
27 4 12
27 5 49
27 6 56
27 7 47
27 8 46
27 9 42
27 10 43
27 11 45
27 12 16
27 13 48
27 14 28
27 15 19
27 16 37
27 17 36
27 18 6
27 19 7
27 20 17
27 21 33
27 22 33
27 23 39
27 24 18
27 25 44
27 26 1
28 0 17
28 1 16
28 2 41
28 3 26
28 4 8
28 5 54
28 6 16
28 7 49
28 8 42
28 9 37
28 10 22
28 11 33
28 12 29
28 13 41
28 14 1
28 15 14
28 16 54
28 17 5
28 18 22
28 19 40
28 20 36
28 21 37
28 22 36
28 23 34
28 24 22
28 25 23
28 26 13
28 27 46
29 0 49
29 1 22
29 2 47
29 3 35
29 4 40
29 5 32
29 6 36
29 7 25
29 8 2
29 9 40
29 10 7
29 11 32
29 12 38
29 13 34
29 14 49
29 15 3
29 16 31
29 17 1
29 18 46
29 19 47
29 20 16
29 21 47
29 22 18
29 23 41
29 24 41
29 25 25
29 26 32
29 27 53
29 28 46
30 0 55
30 1 15
30 2 52
30 3 26
30 4 49
30 5 5
30 6 4
30 7 54
30 8 21
30 9 39
30 10 32
30 11 9
30 12 40
30 13 32
30 14 1
30 15 41
30 16 15
30 17 10
30 18 8
30 19 42
30 20 39
30 21 55
30 22 23
30 23 44
30 24 15
30 25 6
30 26 13
30 27 11
30 28 8
30 29 17
31 0 37
31 1 13
31 2 32
31 3 47
31 4 54
31 5 3
31 6 26
31 7 43
31 8 4
31 9 55
31 10 41
31 11 57
31 12 48
31 13 26
31 14 53
31 15 31
31 16 43
31 17 33
31 18 55
31 19 5
31 20 43
31 21 9
31 22 55
31 23 53
31 24 27
31 25 32
31 26 55
31 27 56
31 28 7
31 29 4
31 30 29
32 0 48
32 1 21
32 2 17
32 3 26
32 4 40
32 5 10
32 6 46
32 7 48
32 8 30
32 9 55
32 10 16
32 11 7
32 12 19
32 13 34
32 14 39
32 15 41
32 16 2
32 17 35
32 18 8
32 19 12
32 20 53
32 21 9
32 22 46
32 23 42
32 24 38
32 25 18
32 26 43
32 27 37
32 28 40
32 29 44
32 30 33
32 31 10
33 0 3
33 1 10
33 2 22
33 3 48
33 4 13
33 5 26
33 6 18
33 7 51
33 8 28
33 9 3
33 10 46
33 11 46
33 12 52
33 13 46
33 14 12
33 15 49
33 16 46
33 17 52
33 18 21
33 19 10
33 20 24
33 21 19
33 22 28
33 23 42
33 24 17
33 25 20
33 26 12
33 27 26
33 28 19
33 29 17
33 30 51
33 31 56
33 32 29
34 0 44
34 1 16
34 2 7
34 3 54
34 4 27
34 5 16
34 6 57
34 7 49
34 8 52
34 9 31
34 10 5
34 11 9
34 12 20
34 13 42
34 14 2
34 15 8
34 16 48
34 17 6
34 18 49
34 19 25
34 20 13
34 21 32
34 22 48
34 23 1
34 24 19
34 25 19
34 26 9
34 27 7
34 28 51
34 29 52
34 30 13
34 31 11
34 32 47
34 33 56
35 0 14
35 1 29
35 2 2
35 3 23
35 4 21
35 5 39
35 6 34
35 7 25
35 8 34
35 9 27
35 10 16
35 11 5
35 12 57
35 13 40
35 14 36
35 15 41
35 16 25
35 17 46
35 18 4
35 19 40
35 20 21
35 21 44
35 22 43
35 23 44
35 24 31
35 25 6
35 26 3
35 27 7
35 28 55
35 29 22
35 30 15
35 31 30
35 32 50
35 33 21
35 34 18
36 0 2
36 1 14
36 2 42
36 3 1
36 4 7
36 5 30
36 6 3
36 7 6
36 8 3
36 9 52
36 10 14
36 11 54
36 12 3
36 13 26
36 14 4
36 15 35
36 16 41
36 17 18
36 18 4
36 19 56
36 20 20
36 21 35
36 22 4
36 23 52
36 24 16
36 25 16
36 26 17
36 27 29
36 28 39
36 29 48
36 30 34
36 31 11
36 32 7
36 33 13
36 34 15
36 35 8
37 0 41
37 1 1
37 2 38
37 3 8
37 4 4
37 5 36
37 6 28
37 7 3
37 8 4
37 9 12
37 10 16
37 11 22
37 12 18
37 13 40
37 14 47
37 15 36
37 16 39
37 17 52
37 18 12
37 19 26
37 20 13
37 21 33
37 22 1
37 23 44
37 24 49
37 25 12
37 26 37
37 27 29
37 28 49
37 29 31
37 30 41
37 31 17
37 32 35
37 33 21
37 34 23
37 35 37
37 36 6
38 0 51
38 1 46
38 2 11
38 3 41
38 4 57
38 5 45
38 6 6
38 7 50
38 8 47
38 9 57
38 10 50
38 11 5
38 12 44
38 13 55
38 14 50
38 15 42
38 16 48
38 17 11
38 18 22
38 19 41
38 20 43
38 21 12
38 22 19
38 23 27
38 24 21
38 25 36
38 26 30
38 27 11
38 28 15
38 29 28
38 30 15
38 31 21
38 32 44
38 33 1
38 34 46
38 35 39
38 36 19
38 37 55
39 0 44
39 1 13
39 2 29
39 3 33
39 4 35
39 5 16
39 6 36
39 7 43
39 8 44
39 9 9
39 10 54
39 11 45
39 12 1
39 13 7
39 14 8
39 15 49
39 16 15
39 17 6
39 18 3
39 19 15
39 20 41
39 21 42
39 22 12
39 23 3
39 24 10
39 25 6
39 26 43
39 27 13
39 28 50
39 29 9
39 30 19
39 31 4
39 32 7
39 33 26
39 34 26
39 35 8
39 36 49
39 37 13
39 38 18
40 0 50
40 1 29
40 2 19
40 3 52
40 4 55
40 5 54
40 6 47
40 7 12
40 8 53
40 9 38
40 10 28
40 11 22
40 12 30
40 13 2
40 14 5
40 15 38
40 16 50
40 17 28
40 18 25
40 19 11
40 20 32
40 21 7
40 22 35
40 23 52
40 24 57
40 25 46
40 26 39
40 27 24
40 28 46
40 29 55
40 30 50
40 31 15
40 32 5
40 33 26
40 34 18
40 35 12
40 36 44
40 37 26
40 38 14
40 39 17
41 0 18
41 1 4
41 2 44
41 3 57
41 4 39
41 5 6
41 6 26
41 7 23
41 8 15
41 9 23
41 10 2
41 11 29
41 12 56
41 13 20
41 14 38
41 15 7
41 16 2
41 17 40
41 18 45
41 19 36
41 20 53
41 21 52
41 22 53
41 23 51
41 24 35
41 25 17
41 26 8
41 27 56
41 28 56
41 29 54
41 30 18
41 31 27
41 32 10
41 33 15
41 34 19
41 35 27
41 36 8
41 37 19
41 38 14
41 39 42
41 40 41
42 0 35
42 1 57
42 2 25
42 3 57
42 4 41
42 5 41
42 6 22
42 7 39
42 8 11
42 9 16
42 10 54
42 11 53
42 12 34
42 13 39
42 14 46
42 15 42
42 16 14
42 17 35
42 18 26
42 19 49
42 20 21
42 21 11
42 22 48
42 23 42
42 24 45
42 25 28
42 26 44
42 27 13
42 28 11
42 29 47
42 30 52
42 31 46
42 32 28
42 33 32
42 34 24
42 35 31
42 36 56
42 37 50
42 38 47
42 39 21
42 40 25
42 41 57
43 0 10
43 1 57
43 2 8
43 3 41
43 4 6
43 5 40
43 6 24
43 7 9
43 8 3
43 9 51
43 10 22
43 11 3
43 12 48
43 13 8
43 14 2
43 15 18
43 16 24
43 17 1
43 18 28
43 19 15
43 20 12
43 21 49
43 22 24
43 23 54
43 24 45
43 25 38
43 26 47
43 27 36
43 28 29
43 29 19
43 30 39
43 31 56
43 32 25
43 33 56
43 34 6
43 35 46
43 36 38
43 37 25
43 38 2
43 39 27
43 40 46
43 41 39
43 42 45
44 0 53
44 1 29
44 2 8
44 3 37
44 4 25
44 5 50
44 6 1
44 7 37
44 8 8
44 9 24
44 10 48
44 11 3
44 12 6
44 13 3
44 14 22
44 15 9
44 16 41
44 17 42
44 18 18
44 19 30
44 20 8
44 21 17
44 22 5
44 23 48
44 24 32
44 25 24
44 26 20
44 27 44
44 28 23
44 29 34
44 30 34
44 31 35
44 32 25
44 33 42
44 34 53
44 35 42
44 36 46
44 37 40
44 38 4
44 39 57
44 40 20
44 41 57
44 42 4
44 43 36
45 0 27
45 1 15
45 2 25
45 3 16
45 4 47
45 5 19
45 6 23
45 7 10
45 8 7
45 9 10
45 10 39
45 11 42
45 12 19
45 13 39
45 14 6
45 15 57
45 16 42
45 17 24
45 18 37
45 19 32
45 20 32
45 21 34
45 22 50
45 23 11
45 24 26
45 25 53
45 26 2
45 27 2
45 28 48
45 29 19
45 30 1
45 31 13
45 32 47
45 33 10
45 34 2
45 35 18
45 36 23
45 37 53
45 38 41
45 39 44
45 40 4
45 41 31
45 42 6
45 43 27
45 44 49
46 0 19
46 1 26
46 2 1
46 3 51
46 4 37
46 5 14
46 6 12
46 7 24
46 8 34
46 9 22
46 10 55
46 11 18
46 12 20
46 13 37
46 14 42
46 15 24
46 16 10
46 17 6
46 18 57
46 19 56
46 20 36
46 21 40
46 22 22
46 23 29
46 24 14
46 25 20
46 26 35
46 27 22
46 28 16
46 29 21
46 30 21
46 31 12
46 32 11
46 33 53
46 34 27
46 35 45
46 36 22
46 37 54
46 38 17
46 39 8
46 40 55
46 41 34
46 42 18
46 43 56
46 44 41
46 45 12
47 0 46
47 1 30
47 2 40
47 3 26
47 4 32
47 5 35
47 6 45
47 7 1
47 8 53
47 9 27
47 10 19
47 11 57
47 12 31
47 13 31
47 14 49
47 15 3
47 16 35
47 17 24
47 18 13
47 19 38
47 20 27
47 21 34
47 22 39
47 23 16
47 24 3
47 25 29
47 26 53
47 27 14
47 28 9
47 29 27
47 30 6
47 31 27
47 32 57
47 33 2
47 34 1
47 35 40
47 36 10
47 37 5
47 38 25
47 39 21
47 40 56
47 41 43
47 42 52
47 43 46
47 44 5
47 45 47
47 46 43
48 0 56
48 1 33
48 2 20
48 3 52
48 4 12
48 5 2
48 6 28
48 7 48
48 8 28
48 9 23
48 10 48
48 11 1
48 12 19
48 13 15
48 14 3
48 15 6
48 16 19
48 17 20
48 18 57
48 19 16
48 20 41
48 21 6
48 22 7
48 23 12
48 24 48
48 25 27
48 26 41
48 27 37
48 28 8
48 29 48
48 30 9
48 31 34
48 32 6
48 33 2
48 34 27
48 35 24
48 36 16
48 37 13
48 38 27
48 39 40
48 40 22
48 41 17
48 42 42
48 43 19
48 44 3
48 45 35
48 46 56
48 47 14
49 0 38
49 1 29
49 2 27
49 3 2
49 4 27
49 5 47
49 6 38
49 7 54
49 8 49
49 9 27
49 10 22
49 11 21
49 12 23
49 13 42
49 14 48
49 15 29
49 16 10
49 17 32
49 18 34
49 19 57
49 20 30
49 21 30
49 22 9
49 23 52
49 24 1
49 25 2
49 26 49
49 27 45
49 28 24
49 29 36
49 30 19
49 31 6
49 32 4
49 33 54
49 34 13
49 35 28
49 36 44
49 37 21
49 38 38
49 39 55
49 40 5
49 41 29
49 42 15
49 43 24
49 44 41
49 45 15
49 46 22
49 47 23
49 48 35
50 0 37
50 1 39
50 2 11
50 3 20
50 4 3
50 5 28
50 6 13
50 7 31
50 8 24
50 9 41
50 10 25
50 11 10
50 12 28
50 13 40
50 14 42
50 15 41
50 16 20
50 17 35
50 18 48
50 19 3
50 20 32
50 21 47
50 22 13
50 23 6
50 24 45
50 25 3
50 26 52
50 27 49
50 28 47
50 29 13
50 30 15
50 31 12
50 32 10
50 33 38
50 34 6
50 35 36
50 36 53
50 37 35
50 38 42
50 39 56
50 40 9
50 41 25
50 42 45
50 43 29
50 44 20
50 45 4
50 46 49
50 47 2
50 48 45
50 49 18
51 0 28
51 1 7
51 2 20
51 3 22
51 4 46
51 5 18
51 6 33
51 7 29
51 8 57
51 9 51
51 10 55
51 11 31
51 12 22
51 13 57
51 14 31
51 15 8
51 16 42
51 17 33
51 18 27
51 19 33
51 20 13
51 21 56
51 22 6
51 23 33
51 24 55
51 25 47
51 26 42
51 27 31
51 28 9
51 29 31
51 30 4
51 31 5
51 32 19
51 33 57
51 34 57
51 35 53
51 36 2
51 37 33
51 38 21
51 39 11
51 40 10
51 41 2
51 42 39
51 43 4
51 44 39
51 45 55
51 46 56
51 47 14
51 48 14
51 49 28
51 50 29
52 0 10
52 1 24
52 2 36
52 3 29
52 4 50
52 5 8
52 6 34
52 7 39
52 8 8
52 9 35
52 10 38
52 11 55
52 12 34
52 13 4
52 14 38
52 15 28
52 16 6
52 17 47
52 18 6
52 19 15
52 20 11
52 21 31
52 22 23
52 23 40
52 24 47
52 25 56
52 26 49
52 27 53
52 28 20
52 29 12
52 30 25
52 31 39
52 32 39
52 33 14
52 34 11
52 35 21
52 36 1
52 37 39
52 38 2
52 39 10
52 40 34
52 41 40
52 42 24
52 43 32
52 44 9
52 45 29
52 46 48
52 47 39
52 48 29
52 49 52
52 50 13
52 51 11
53 0 2
53 1 6
53 2 46
53 3 43
53 4 51
53 5 16
53 6 57
53 7 9
53 8 52
53 9 54
53 10 14
53 11 41
53 12 36
53 13 7
53 14 55
53 15 36
53 16 28
53 17 30
53 18 57
53 19 16
53 20 3
53 21 44
53 22 19
53 23 28
53 24 31
53 25 43
53 26 45
53 27 40
53 28 22
53 29 14
53 30 5
53 31 13
53 32 18
53 33 2
53 34 30
53 35 49
53 36 15
53 37 1
53 38 55
53 39 11
53 40 13
53 41 40
53 42 4
53 43 38
53 44 39
53 45 15
53 46 54
53 47 30
53 48 16
53 49 24
53 50 38
53 51 28
53 52 57
54 0 11
54 1 3
54 2 11
54 3 43
54 4 34
54 5 3
54 6 9
54 7 24
54 8 9
54 9 31
54 10 46
54 11 34
54 12 54
54 13 8
54 14 34
54 15 31
54 16 24
54 17 28
54 18 30
54 19 11
54 20 6
54 21 16
54 22 13
54 23 15
54 24 53
54 25 43
54 26 47
54 27 39
54 28 11
54 29 22
54 30 4
54 31 50
54 32 47
54 33 16
54 34 15
54 35 45
54 36 42
54 37 17
54 38 23
54 39 31
54 40 37
54 41 50
54 42 5
54 43 9
54 44 14
54 45 11
54 46 23
54 47 44
54 48 40
54 49 10
54 50 51
54 51 7
54 52 14
54 53 16
55 0 3
55 1 28
55 2 44
55 3 16
55 4 8
55 5 8
55 6 4
55 7 24
55 8 11
55 9 2
55 10 5
55 11 28
55 12 39
55 13 27
55 14 2
55 15 3
55 16 52
55 17 40
55 18 44
55 19 31
55 20 12
55 21 42
55 22 16
55 23 5
55 24 47
55 25 12
55 26 22
55 27 16
55 28 34
55 29 30
55 30 5
55 31 10
55 32 55
55 33 47
55 34 1
55 35 32
55 36 10
55 37 51
55 38 54
55 39 41
55 40 22
55 41 20
55 42 24
55 43 38
55 44 7
55 45 10
55 46 51
55 47 27
55 48 26
55 49 35
55 50 46
55 51 5
55 52 32
55 53 20
55 54 45
56 0 48
56 1 49
56 2 6
56 3 35
56 4 29
56 5 41
56 6 47
56 7 43
56 8 37
56 9 15
56 10 56
56 11 46
56 12 28
56 13 2
56 14 53
56 15 35
56 16 45
56 17 37
56 18 6
56 19 26
56 20 11
56 21 11
56 22 36
56 23 24
56 24 12
56 25 24
56 26 35
56 27 33
56 28 43
56 29 2
56 30 4
56 31 57
56 32 46
56 33 10
56 34 27
56 35 18
56 36 47
56 37 29
56 38 15
56 39 42
56 40 40
56 41 1
56 42 33
56 43 28
56 44 38
56 45 31
56 46 35
56 47 8
56 48 19
56 49 50
56 50 43
56 51 19
56 52 30
56 53 45
56 54 40
56 55 45
57 0 4
57 1 9
57 2 21
57 3 44
57 4 23
57 5 20
57 6 45
57 7 4
57 8 31
57 9 23
57 10 51
57 11 38
57 12 8
57 13 31
57 14 30
57 15 10
57 16 24
57 17 21
57 18 2
57 19 50
57 20 8
57 21 22
57 22 31
57 23 3
57 24 8
57 25 3
57 26 39
57 27 57
57 28 2
57 29 16
57 30 10
57 31 30
57 32 51
57 33 8
57 34 39
57 35 6
57 36 11
57 37 20
57 38 1
57 39 16
57 40 29
57 41 26
57 42 16
57 43 13
57 44 13
57 45 6
57 46 39
57 47 15
57 48 47
57 49 43
57 50 14
57 51 28
57 52 10
57 53 33
57 54 20
57 55 41
57 56 48
58 0 32
58 1 2
58 2 26
58 3 44
58 4 50
58 5 31
58 6 40
58 7 15
58 8 20
58 9 18
58 10 45
58 11 27
58 12 13
58 13 38
58 14 19
58 15 52
58 16 44
58 17 36
58 18 14
58 19 22
58 20 22
58 21 49
58 22 19
58 23 32
58 24 13
58 25 27
58 26 55
58 27 3
58 28 34
58 29 24
58 30 29
58 31 38
58 32 25
58 33 23
58 34 3
58 35 15
58 36 50
58 37 43
58 38 19
58 39 21
58 40 27
58 41 39
58 42 37
58 43 25
58 44 48
58 45 47
58 46 37
58 47 26
58 48 33
58 49 51
58 50 57
58 51 15
58 52 47
58 53 1
58 54 20
58 55 43
58 56 41
58 57 3
59 0 9
59 1 51
59 2 42
59 3 40
59 4 9
59 5 13
59 6 43
59 7 41
59 8 45
59 9 14
59 10 54
59 11 1
59 12 33
59 13 39
59 14 15
59 15 41
59 16 26
59 17 57
59 18 55
59 19 28
59 20 35
59 21 8
59 22 16
59 23 38
59 24 1
59 25 38
59 26 23
59 27 47
59 28 1
59 29 41
59 30 21
59 31 9
59 32 33
59 33 20
59 34 22
59 35 29
59 36 5
59 37 20
59 38 42
59 39 55
59 40 32
59 41 29
59 42 22
59 43 36
59 44 1
59 45 50
59 46 45
59 47 34
59 48 13
59 49 31
59 50 37
59 51 27
59 52 52
59 53 3
59 54 33
59 55 56
59 56 23
59 57 18
59 58 47
60 0 21
60 1 8
60 2 48
60 3 40
60 4 39
60 5 35
60 6 25
60 7 13
60 8 16
60 9 31
60 10 45
60 11 9
60 12 56
60 13 28
60 14 36
60 15 25
60 16 38
60 17 2
60 18 26
60 19 39
60 20 31
60 21 30
60 22 39
60 23 23
60 24 3
60 25 44
60 26 3
60 27 51
60 28 10
60 29 4
60 30 34
60 31 53
60 32 53
60 33 52
60 34 16
60 35 3
60 36 52
60 37 43
60 38 21
60 39 40
60 40 21
60 41 2
60 42 2
60 43 37
60 44 12
60 45 7
60 46 46
60 47 32
60 48 47
60 49 54
60 50 36
60 51 26
60 52 36
60 53 38
60 54 5
60 55 30
60 56 47
60 57 13
60 58 41
60 59 31
61 0 32
61 1 4
61 2 24
61 3 50
61 4 46
61 5 10
61 6 42
61 7 40
61 8 20
61 9 57
61 10 11
61 11 3
61 12 45
61 13 28
61 14 8
61 15 47
61 16 31
61 17 46
61 18 31
61 19 40
61 20 9
61 21 24
61 22 6
61 23 45
61 24 30
61 25 3
61 26 14
61 27 21
61 28 25
61 29 26
61 30 56
61 31 6
61 32 15
61 33 49
61 34 51
61 35 26
61 36 3
61 37 39
61 38 17
61 39 15
61 40 30
61 41 57
61 42 43
61 43 47
61 44 3
61 45 36
61 46 23
61 47 44
61 48 3
61 49 53
61 50 33
61 51 34
61 52 54
61 53 37
61 54 45
61 55 45
61 56 15
61 57 27
61 58 12
61 59 39
61 60 26
62 0 2
62 1 57
62 2 38
62 3 57
62 4 32
62 5 14
62 6 24
62 7 17
62 8 26
62 9 10
62 10 53
62 11 42
62 12 26
62 13 17
62 14 57
62 15 52
62 16 10
62 17 14
62 18 7
62 19 45
62 20 9
62 21 28
62 22 1
62 23 22
62 24 42
62 25 36
62 26 15
62 27 5
62 28 19
62 29 24
62 30 44
62 31 3
62 32 10
62 33 51
62 34 4
62 35 48
62 36 13
62 37 25
62 38 37
62 39 28
62 40 53
62 41 31
62 42 41
62 43 46
62 44 18
62 45 23
62 46 18
62 47 10
62 48 12
62 49 53
62 50 30
62 51 32
62 52 46
62 53 36
62 54 5
62 55 21
62 56 49
62 57 25
62 58 4
62 59 10
62 60 55
62 61 28
63 0 51
63 1 47
63 2 6
63 3 30
63 4 14
63 5 1
63 6 13
63 7 6
63 8 31
63 9 42
63 10 24
63 11 12
63 12 47
63 13 55
63 14 6
63 15 37
63 16 35
63 17 26
63 18 20
63 19 22
63 20 44
63 21 41
63 22 3
63 23 47
63 24 31
63 25 20
63 26 39
63 27 30
63 28 16
63 29 25
63 30 52
63 31 55
63 32 29
63 33 32
63 34 13
63 35 17
63 36 28
63 37 39
63 38 22
63 39 14
63 40 16
63 41 57
63 42 11
63 43 28
63 44 47
63 45 30
63 46 12
63 47 27
63 48 57
63 49 53
63 50 10
63 51 54
63 52 10
63 53 51
63 54 14
63 55 10
63 56 2
63 57 2
63 58 29
63 59 36
63 60 32
63 61 18
63 62 10
64 0 6
64 1 28
64 2 6
64 3 29
64 4 54
64 5 39
64 6 41
64 7 21
64 8 56
64 9 1
64 10 54
64 11 54
64 12 57
64 13 3
64 14 41
64 15 6
64 16 53
64 17 14
64 18 12
64 19 19
64 20 10
64 21 48
64 22 50
64 23 9
64 24 48
64 25 21
64 26 15
64 27 37
64 28 38
64 29 24
64 30 29
64 31 33
64 32 38
64 33 30
64 34 56
64 35 40
64 36 17
64 37 38
64 38 27
64 39 51
64 40 26
64 41 18
64 42 41
64 43 53
64 44 20
64 45 43
64 46 26
64 47 41
64 48 24
64 49 56
64 50 1
64 51 57
64 52 34
64 53 50
64 54 18
64 55 17
64 56 47
64 57 47
64 58 38
64 59 40
64 60 24
64 61 29
64 62 47
64 63 52
65 0 39
65 1 17
65 2 19
65 3 37
65 4 2
65 5 26
65 6 32
65 7 6
65 8 27
65 9 15
65 10 39
65 11 19
65 12 57
65 13 27
65 14 6
65 15 34
65 16 32
65 17 2
65 18 3
65 19 57
65 20 31
65 21 42
65 22 29
65 23 12
65 24 41
65 25 25
65 26 30
65 27 42
65 28 25
65 29 47
65 30 54
65 31 21
65 32 16
65 33 46
65 34 33
65 35 30
65 36 32
65 37 30
65 38 39
65 39 43
65 40 22
65 41 50
65 42 13
65 43 31
65 44 57
65 45 19
65 46 19
65 47 19
65 48 52
65 49 38
65 50 41
65 51 12
65 52 50
65 53 31
65 54 11
65 55 39
65 56 31
65 57 16
65 58 32
65 59 41
65 60 43
65 61 5
65 62 8
65 63 41
65 64 23
66 0 38
66 1 17
66 2 12
66 3 38
66 4 8
66 5 20
66 6 28
66 7 46
66 8 19
66 9 34
66 10 21
66 11 45
66 12 13
66 13 44
66 14 41
66 15 44
66 16 50
66 17 52
66 18 45
66 19 45
66 20 14
66 21 22
66 22 7
66 23 29
66 24 40
66 25 38
66 26 39
66 27 37
66 28 57
66 29 8
66 30 34
66 31 36
66 32 21
66 33 54
66 34 26
66 35 21
66 36 32
66 37 39
66 38 14
66 39 26
66 40 14
66 41 31
66 42 22
66 43 57
66 44 10
66 45 51
66 46 5
66 47 53
66 48 41
66 49 47
66 50 24
66 51 34
66 52 57
66 53 3
66 54 43
66 55 42
66 56 36
66 57 43
66 58 4
66 59 31
66 60 28
66 61 49
66 62 50
66 63 54
66 64 31
66 65 36
67 0 13
67 1 42
67 2 23
67 3 14
67 4 23
67 5 50
67 6 55
67 7 15
67 8 11
67 9 11
67 10 33
67 11 44
67 12 34
67 13 29
67 14 28
67 15 42
67 16 39
67 17 29
67 18 25
67 19 54
67 20 53
67 21 8
67 22 52
67 23 25
67 24 56
67 25 34
67 26 1
67 27 12
67 28 47
67 29 30
67 30 15
67 31 54
67 32 1
67 33 32
67 34 49
67 35 42
67 36 8
67 37 15
67 38 49
67 39 5
67 40 42
67 41 39
67 42 32
67 43 49
67 44 27
67 45 40
67 46 6
67 47 41
67 48 16
67 49 22
67 50 52
67 51 26
67 52 26
67 53 9
67 54 28
67 55 53
67 56 25
67 57 38
67 58 48
67 59 50
67 60 26
67 61 30
67 62 19
67 63 41
67 64 2
67 65 15
67 66 1
