26
1 0 17
2 0 2
2 1 21
3 1 13
4 1 10
5 0 12
5 4 13
6 1 9
6 2 3
6 3 1
6 4 15
7 0 16
7 1 18
7 4 23
8 1 5
8 3 17
8 4 1
8 5 22
9 2 11
9 3 3
9 4 4
9 7 15
9 8 19
10 2 21
10 3 11
10 6 14
10 7 10
11 2 22
11 3 3
11 4 1
11 5 15
11 6 10
11 7 3
11 8 7
11 9 14
11 10 16
12 2 23
12 5 5
12 7 7
12 8 18
13 0 9
13 1 2
13 3 19
13 6 1
13 7 11
13 10 8
13 11 17
14 1 12
14 2 5
14 4 3
14 5 4
14 6 19
14 9 10
14 11 9
14 13 17
15 1 16
15 3 15
15 6 20
15 7 6
15 9 19
15 10 8
15 12 5
15 13 1
16 2 20
16 3 13
16 4 3
16 5 15
16 7 23
16 8 7
16 9 21
16 10 1
16 11 6
16 12 6
16 13 2
17 5 6
17 7 15
17 8 23
17 11 6
17 12 13
17 13 10
17 15 21
17 16 20
18 0 9
18 3 8
18 4 8
18 6 2
18 11 21
18 13 2
18 14 9
18 15 16
19 0 17
19 2 9
19 4 19
19 7 9
19 8 23
19 11 11
19 13 3
19 16 2
19 17 21
19 18 15
20 0 20
20 1 17
20 2 22
20 5 23
20 7 2
20 9 21
20 10 17
20 11 4
20 12 16
20 13 23
20 14 12
20 15 19
20 17 1
20 18 2
21 1 19
21 6 13
21 9 6
21 11 4
21 12 18
21 13 8
21 14 8
21 16 6
21 17 5
21 18 14
21 20 1
22 1 18
22 3 6
22 4 5
22 6 15
22 8 2
22 13 20
22 14 18
22 15 7
22 17 13
22 19 17
22 20 2
22 21 16
23 1 16
23 2 20
23 4 21
23 5 6
23 7 16
23 13 20
23 15 2
23 16 23
23 17 5
23 18 2
23 19 11
23 22 14
24 0 3
24 2 21
24 5 14
24 6 16
24 7 15
24 9 12
24 10 3
24 12 15
24 15 14
24 17 2
24 18 15
24 19 15
24 22 18
25 4 9
25 5 16
25 7 5
25 8 1
25 12 4
25 15 4
25 18 22
25 20 2
25 21 15
25 22 11
25 23 19
25 24 12
