54
2 0 1
3 1 6
3 2 1
4 1 1
5 0 7
5 3 7
5 4 5
6 0 4
6 1 11
6 2 11
6 3 8
7 0 1
7 1 11
7 3 4
8 1 4
8 4 4
8 5 1
8 7 5
9 1 4
9 3 9
9 4 3
9 5 7
9 7 8
10 1 7
10 2 4
10 3 6
10 4 1
10 7 11
11 1 11
11 3 4
11 5 5
11 8 6
11 9 8
12 0 4
12 1 10
12 4 3
12 5 1
12 7 3
12 10 1
12 11 7
13 0 9
13 1 3
13 3 10
13 4 5
13 5 8
13 6 2
13 7 5
13 8 2
13 9 2
13 10 4
13 11 3
14 0 2
14 1 4
14 2 7
14 4 8
14 5 2
14 6 9
14 7 4
14 8 7
14 9 6
14 10 3
14 11 11
14 12 9
14 13 9
15 3 5
15 4 9
15 5 10
15 8 10
15 14 3
16 5 4
16 7 8
16 8 2
16 9 4
16 11 11
17 2 5
17 4 10
17 6 4
17 7 8
17 8 2
17 11 8
17 14 2
17 16 7
18 0 7
18 4 8
18 6 6
18 7 1
18 8 9
18 9 10
18 12 7
18 13 2
18 16 2
19 0 11
19 1 10
19 3 5
19 5 6
19 6 1
19 13 10
19 14 2
19 16 4
19 18 3
20 0 9
20 4 11
20 7 3
20 8 7
20 10 10
20 11 1
20 12 2
20 13 3
20 17 10
21 2 10
21 3 6
21 4 5
21 6 5
21 8 3
21 10 7
21 11 6
21 12 4
21 18 6
21 19 2
21 20 2
22 3 8
22 5 11
22 9 5
22 10 2
22 17 1
22 19 11
22 20 3
23 0 5
23 4 2
23 5 1
23 9 3
23 14 2
23 16 1
23 18 3
23 19 2
23 20 8
23 21 2
24 0 1
24 1 10
24 2 5
24 8 9
24 9 2
24 10 6
24 12 11
24 16 5
24 18 5
24 20 5
24 21 11
24 23 4
25 3 6
25 5 2
25 6 6
25 7 7
25 8 3
25 10 10
25 11 6
25 13 1
25 19 9
25 23 9
26 0 1
26 1 9
26 2 9
26 4 6
26 5 6
26 8 6
26 9 9
26 10 8
26 14 8
26 18 8
26 20 1
26 22 6
26 24 9
26 25 10
27 0 4
27 1 9
27 2 7
27 4 11
27 15 9
27 18 1
27 19 11
27 22 4
27 23 1
28 2 4
28 4 2
28 6 1
28 8 3
28 9 10
28 10 2
28 11 2
28 12 7
28 13 8
28 17 1
28 24 7
28 27 3
29 2 6
29 3 10
29 4 5
29 10 3
29 12 8
29 14 1
29 17 10
29 18 3
29 20 1
29 22 11
29 23 6
29 24 2
29 26 5
30 2 6
30 5 3
30 8 10
30 12 10
30 13 10
30 14 10
30 16 5
30 17 3
30 19 1
30 20 3
30 21 10
30 23 8
30 24 11
30 26 10
30 27 7
30 29 11
31 0 7
31 1 4
31 8 10
31 10 10
31 11 2
31 12 10
31 14 4
31 15 6
31 19 8
31 20 3
31 21 8
31 23 7
31 24 1
31 27 2
31 28 3
31 29 6
31 30 9
32 1 2
32 2 4
32 5 8
32 7 2
32 8 1
32 9 8
32 10 6
32 11 3
32 13 9
32 17 4
32 18 7
32 19 9
32 20 7
32 22 9
32 24 7
32 25 10
32 26 7
32 30 10
32 31 7
33 0 1
33 2 7
33 4 3
33 6 10
33 9 9
33 11 7
33 12 4
33 15 5
33 16 1
33 18 2
33 20 11
33 21 7
33 24 3
33 25 3
33 26 1
33 28 2
34 2 7
34 3 11
34 4 5
34 5 10
34 7 10
34 10 7
34 17 5
34 19 7
34 21 9
34 22 7
34 23 1
34 24 7
34 25 6
34 26 2
34 27 3
34 30 6
34 33 11
35 1 8
35 2 8
35 4 5
35 5 2
35 7 10
35 8 2
35 11 8
35 13 11
35 16 5
35 17 1
35 20 8
35 22 11
35 23 3
35 24 11
35 28 4
35 31 5
35 32 6
35 33 11
36 0 9
36 8 11
36 11 3
36 12 5
36 13 7
36 14 4
36 15 5
36 19 5
36 20 11
36 21 1
36 23 6
36 25 11
36 26 5
36 27 3
36 29 7
36 31 4
37 0 8
37 1 7
37 3 4
37 4 3
37 6 3
37 8 1
37 9 6
37 10 3
37 16 3
37 19 11
37 20 6
37 21 10
37 25 8
37 27 9
37 28 11
37 29 10
37 30 1
37 31 11
37 32 1
37 33 1
37 34 9
37 35 9
38 3 11
38 4 11
38 6 10
38 7 11
38 9 8
38 11 7
38 14 8
38 15 3
38 16 8
38 17 7
38 19 2
38 20 6
38 23 2
38 24 2
38 26 11
38 27 4
38 28 1
38 29 4
38 30 3
38 32 5
38 33 9
38 35 3
38 36 8
39 0 7
39 1 2
39 6 4
39 8 6
39 9 3
39 10 6
39 17 1
39 18 7
39 21 8
39 22 8
39 24 2
39 29 11
39 32 6
39 35 7
40 0 6
40 8 9
40 9 8
40 13 5
40 14 2
40 15 11
40 19 10
40 20 1
40 21 9
40 24 4
40 25 9
40 27 6
40 28 3
40 32 4
40 33 9
40 38 11
40 39 2
41 1 4
41 2 1
41 3 8
41 6 3
41 7 8
41 8 9
41 9 8
41 12 6
41 13 3
41 14 5
41 16 1
41 18 2
41 21 4
41 22 2
41 25 5
41 29 11
41 31 1
41 33 2
41 34 5
41 36 3
41 37 4
41 39 1
41 40 1
42 0 11
42 4 9
42 7 2
42 13 2
42 14 4
42 16 9
42 19 9
42 20 11
42 21 9
42 23 4
42 24 7
42 28 8
42 34 4
42 37 9
42 40 1
42 41 4
43 1 4
43 2 5
43 3 1
43 4 2
43 6 11
43 9 9
43 11 8
43 12 7
43 13 7
43 16 1
43 17 8
43 18 11
43 19 9
43 20 7
43 21 3
43 23 10
43 24 8
43 27 6
43 28 1
43 30 9
43 31 3
43 34 10
43 37 1
43 39 2
43 41 3
44 3 2
44 4 6
44 5 3
44 7 10
44 14 9
44 16 2
44 18 6
44 20 2
44 21 9
44 22 8
44 23 9
44 24 5
44 25 5
44 28 7
44 29 9
44 31 2
44 32 3
44 33 4
44 34 8
44 36 7
44 39 1
44 40 4
44 42 11
44 43 3
45 1 1
45 2 11
45 3 9
45 6 11
45 7 7
45 8 8
45 12 9
45 17 2
45 19 9
45 20 8
45 22 2
45 23 6
45 25 5
45 26 9
45 31 11
45 32 9
45 34 4
45 35 11
45 36 4
45 37 9
45 38 5
45 44 4
46 1 10
46 4 6
46 6 6
46 10 3
46 13 10
46 14 6
46 18 10
46 19 8
46 21 7
46 22 4
46 26 10
46 27 8
46 32 9
46 33 2
46 35 5
46 36 5
46 37 3
46 38 3
46 39 11
46 40 4
46 41 10
46 42 11
47 0 6
47 2 1
47 5 6
47 7 11
47 8 9
47 10 9
47 12 2
47 13 11
47 16 10
47 21 6
47 22 5
47 23 7
47 25 10
47 26 6
47 29 10
47 30 2
47 32 1
47 34 3
47 35 2
47 36 9
47 39 3
48 0 6
48 3 5
48 4 8
48 6 11
48 7 1
48 8 5
48 9 6
48 11 7
48 12 9
48 13 8
48 17 5
48 22 6
48 23 8
48 25 11
48 27 2
48 28 4
48 29 2
48 31 6
48 32 11
48 35 1
48 37 7
48 40 3
48 42 3
48 43 9
48 45 8
48 46 10
49 0 1
49 1 9
49 2 9
49 4 3
49 6 5
49 7 11
49 8 2
49 9 6
49 10 9
49 14 2
49 15 9
49 16 9
49 17 9
49 21 7
49 23 10
49 26 4
49 27 2
49 28 2
49 32 8
49 34 6
49 37 3
49 38 1
49 39 9
49 41 9
49 42 10
49 44 7
50 4 3
50 5 2
50 6 10
50 7 10
50 8 4
50 9 9
50 15 5
50 16 9
50 17 11
50 19 2
50 20 1
50 22 5
50 23 2
50 24 4
50 28 4
50 29 3
50 30 8
50 32 10
50 33 10
50 34 4
50 35 1
50 36 7
50 37 4
50 38 8
50 41 7
50 43 5
50 45 9
50 47 4
51 1 7
51 2 8
51 4 2
51 8 7
51 9 10
51 10 7
51 11 6
51 14 7
51 15 5
51 16 1
51 18 9
51 20 7
51 21 4
51 25 9
51 27 10
51 30 3
51 35 1
51 36 10
51 37 5
51 39 6
51 41 3
51 44 4
51 46 5
51 47 8
51 48 10
51 49 11
51 50 4
52 1 7
52 5 6
52 7 3
52 9 4
52 11 1
52 13 8
52 15 1
52 16 7
52 17 9
52 22 1
52 25 7
52 27 5
52 29 7
52 30 1
52 31 6
52 32 5
52 37 9
52 39 6
52 40 3
52 41 4
52 42 5
52 45 9
52 46 9
52 47 1
52 48 4
53 2 6
53 3 5
53 4 2
53 7 7
53 11 3
53 12 5
53 13 8
53 15 7
53 17 9
53 18 11
53 19 6
53 21 5
53 22 3
53 23 11
53 25 11
53 26 4
53 27 9
53 28 1
53 29 8
53 30 3
53 33 6
53 34 2
53 35 5
53 36 3
53 37 11
53 38 2
53 41 3
53 42 8
53 44 4
53 45 9
53 46 8
53 48 9
53 49 9
53 50 1
53 51 9
53 52 6
