29
1 0 5
2 0 34
2 1 17
3 1 25
3 2 21
4 0 31
4 3 36
5 2 13
5 3 7
6 1 44
6 2 27
6 5 44
7 0 15
7 3 24
7 4 34
7 5 32
8 1 44
8 2 22
8 3 24
8 5 5
8 6 12
8 7 45
9 4 19
9 5 13
9 8 28
10 1 1
10 4 28
10 5 40
10 8 4
11 0 11
11 1 37
11 3 23
11 4 24
11 5 44
11 6 14
11 7 43
12 0 25
12 1 36
12 2 36
12 3 15
12 4 15
12 8 19
13 1 18
13 2 26
13 3 24
13 5 7
13 6 32
13 7 22
13 9 39
13 11 35
14 0 8
14 1 23
14 2 33
14 5 8
14 6 5
14 10 46
14 12 35
15 0 18
15 3 17
15 5 18
15 9 17
15 11 28
15 14 44
16 1 45
16 2 19
16 4 23
16 5 2
16 7 46
16 9 32
16 11 15
16 12 36
16 13 43
16 14 3
17 1 45
17 4 18
17 6 24
17 7 22
17 8 17
17 13 9
18 0 32
18 1 39
18 3 2
18 7 8
18 9 29
18 10 29
18 13 13
18 15 10
18 17 31
19 2 22
19 4 8
19 8 14
19 10 41
19 11 46
19 13 23
19 14 5
20 1 31
20 2 42
20 5 23
20 6 1
20 7 45
20 9 32
20 10 24
20 12 38
20 13 44
20 14 41
20 15 9
20 18 17
20 19 29
21 2 5
21 3 42
21 4 7
21 5 1
21 6 31
21 7 11
21 9 10
21 12 34
21 17 23
21 18 31
21 19 8
21 20 42
22 0 41
22 1 43
22 5 23
22 8 22
22 9 21
22 10 38
22 11 29
22 12 43
22 13 44
22 15 22
22 17 44
22 19 42
22 21 37
23 2 38
23 5 42
23 7 15
23 13 47
23 14 42
23 15 24
23 18 38
23 19 9
23 20 14
23 22 31
24 0 24
24 2 20
24 4 44
24 8 13
24 15 37
24 17 27
24 18 26
24 20 41
24 21 33
24 22 9
25 0 36
25 2 29
25 3 35
25 4 39
25 5 37
25 8 26
25 9 24
25 12 40
25 13 29
25 15 26
25 16 29
25 18 9
25 20 13
25 21 26
25 24 1
26 3 41
26 4 44
26 5 22
26 10 43
26 12 27
26 15 1
26 16 32
26 17 37
26 19 11
26 20 39
26 21 46
26 22 26
27 0 43
27 2 21
27 4 24
27 6 27
27 8 13
27 16 15
27 17 34
27 18 36
27 19 24
27 21 32
27 22 32
27 24 29
28 1 6
28 5 6
28 6 34
28 8 27
28 9 36
28 11 19
28 13 45
28 14 24
28 17 33
28 20 22
28 22 45
28 24 28
28 25 7
28 26 8
