61
1 0 18
2 0 7
2 1 50
3 0 33
3 1 31
4 2 31
4 3 28
5 0 24
5 1 21
5 4 11
6 0 30
6 1 45
7 2 36
7 3 23
7 5 43
8 1 6
8 3 53
8 4 41
8 5 48
9 2 40
9 3 14
9 5 20
9 6 27
9 8 40
10 1 52
10 2 14
10 3 45
10 4 20
10 7 25
10 8 35
11 1 32
11 2 33
11 3 19
11 5 2
11 6 17
11 9 15
12 0 52
12 2 32
12 6 24
12 8 29
12 9 5
13 0 9
13 1 54
13 2 11
13 3 28
13 4 34
13 5 25
13 6 45
13 7 41
13 10 22
14 2 41
14 3 21
14 5 36
14 6 15
14 8 28
14 10 7
14 12 26
14 13 19
15 0 52
15 3 1
15 7 48
15 8 50
15 10 15
15 11 29
15 13 12
16 0 34
16 2 21
16 5 17
16 7 48
16 9 22
16 13 10
16 14 28
16 15 46
17 1 50
17 5 50
17 6 33
17 7 18
17 8 32
17 9 48
17 10 20
17 11 17
17 16 16
18 1 9
18 2 11
18 6 27
18 7 47
18 8 1
18 9 18
18 12 48
18 14 29
18 15 17
18 17 12
19 0 33
19 5 29
19 9 53
19 10 27
19 11 35
19 13 7
19 15 45
19 16 12
19 18 48
20 1 19
20 3 34
20 5 45
20 8 36
20 10 42
20 12 2
20 15 35
20 16 37
20 17 17
20 18 25
20 19 2
21 0 31
21 2 51
21 5 6
21 6 45
21 8 34
21 9 5
21 10 49
21 11 5
21 13 29
21 14 27
21 16 8
21 18 12
21 19 3
21 20 38
22 0 36
22 1 13
22 3 11
22 5 32
22 6 54
22 8 2
22 9 53
22 11 40
22 15 44
22 19 6
22 20 31
22 21 19
23 0 14
23 1 21
23 3 18
23 5 50
23 7 53
23 11 45
23 15 37
23 16 18
23 17 26
23 19 47
23 20 47
23 21 27
23 22 46
24 0 41
24 1 19
24 4 35
24 5 49
24 6 5
24 7 29
24 8 29
24 9 45
24 10 29
24 13 9
24 14 31
24 16 51
24 18 21
24 21 41
24 23 8
25 2 31
25 3 45
25 4 31
25 6 18
25 7 35
25 9 1
25 10 16
25 11 4
25 12 54
25 14 23
25 16 37
25 18 40
25 20 53
25 22 43
26 1 50
26 2 33
26 4 46
26 7 2
26 10 45
26 12 25
26 13 54
26 19 25
26 20 19
26 23 49
26 25 47
27 1 27
27 4 15
27 5 42
27 6 11
27 9 23
27 11 40
27 12 9
27 14 48
27 17 50
27 19 46
27 20 51
27 21 53
27 22 1
27 23 34
28 1 51
28 2 39
28 3 39
28 6 3
28 10 21
28 14 32
28 15 10
28 16 48
28 17 31
28 19 32
28 20 11
28 22 51
28 24 4
28 25 50
28 26 19
28 27 34
29 0 22
29 2 50
29 4 45
29 5 49
29 6 26
29 7 38
29 9 19
29 10 35
29 11 36
29 12 35
29 13 39
29 14 43
29 15 25
29 17 31
29 19 12
29 20 46
29 23 20
29 28 20
30 0 23
30 2 34
30 4 33
30 6 24
30 7 48
30 9 23
30 10 10
30 12 9
30 13 20
30 14 46
30 16 43
30 17 5
30 18 49
30 19 42
30 20 24
30 21 28
30 22 44
30 24 1
30 26 30
30 28 7
30 29 28
31 1 32
31 4 23
31 8 9
31 10 26
31 11 25
31 12 33
31 13 47
31 15 36
31 16 33
31 18 35
31 22 39
31 26 41
31 27 12
31 29 22
32 3 53
32 4 20
32 5 26
32 6 24
32 7 31
32 8 49
32 9 41
32 10 54
32 11 19
32 16 39
32 20 11
32 21 52
32 23 35
32 24 1
32 25 38
32 26 3
32 27 8
32 30 29
33 0 5
33 1 30
33 4 26
33 5 22
33 7 5
33 11 13
33 12 1
33 15 21
33 16 28
33 19 5
33 20 47
33 26 1
33 27 26
33 31 46
34 1 43
34 3 16
34 5 19
34 6 41
34 11 3
34 15 14
34 18 47
34 19 33
34 22 43
34 23 8
34 29 5
34 32 15
34 33 19
35 0 28
35 1 48
35 4 5
35 5 31
35 6 2
35 8 31
35 12 26
35 13 54
35 15 19
35 16 13
35 17 1
35 24 27
35 27 28
35 31 18
36 0 35
36 1 23
36 4 33
36 5 47
36 6 2
36 9 48
36 10 4
36 11 19
36 13 25
36 15 50
36 17 49
36 18 34
36 19 52
36 21 7
36 24 26
36 25 49
36 26 36
36 27 27
36 28 36
36 30 36
36 31 26
36 32 21
36 34 45
36 35 26
37 1 37
37 2 7
37 3 9
37 4 10
37 7 52
37 8 34
37 11 12
37 17 43
37 20 48
37 22 45
37 25 5
37 26 49
37 34 2
37 35 30
38 3 41
38 5 4
38 7 42
38 8 32
38 9 8
38 12 26
38 21 48
38 26 6
38 34 29
38 35 29
38 37 35
39 3 18
39 4 25
39 5 11
39 6 54
39 7 43
39 8 18
39 9 4
39 12 48
39 14 16
39 15 35
39 16 18
39 19 6
39 20 8
39 21 1
39 22 17
39 27 33
39 29 15
39 30 45
39 31 18
39 32 24
39 34 8
39 35 7
39 36 43
39 37 25
40 0 24
40 1 51
40 2 15
40 3 3
40 6 12
40 7 23
40 10 45
40 11 22
40 12 23
40 13 13
40 14 12
40 16 28
40 17 3
40 18 52
40 19 37
40 22 13
40 23 9
40 27 27
40 30 48
40 31 49
40 34 9
40 36 34
40 37 52
40 38 36
40 39 49
41 6 4
41 8 39
41 9 11
41 13 3
41 15 16
41 16 30
41 18 45
41 19 37
41 20 50
41 22 28
41 23 51
41 24 25
41 26 40
41 29 33
41 30 45
41 32 12
41 34 27
41 36 16
41 39 17
42 0 24
42 5 48
42 6 39
42 7 40
42 13 4
42 15 42
42 16 52
42 17 19
42 18 16
42 25 22
42 26 34
42 27 12
42 28 23
42 31 30
42 35 12
42 38 47
42 40 32
43 0 47
43 2 5
43 4 4
43 5 54
43 7 1
43 9 44
43 10 37
43 11 31
43 13 50
43 14 2
43 16 53
43 21 4
43 23 37
43 26 6
43 30 37
43 33 2
43 34 36
43 36 47
43 37 26
43 38 51
43 39 7
43 40 7
44 0 5
44 2 20
44 6 9
44 8 25
44 9 28
44 10 11
44 14 54
44 17 39
44 23 8
44 25 6
44 26 1
44 30 48
44 31 9
44 32 27
44 33 40
44 34 9
44 35 36
44 40 28
45 0 36
45 1 30
45 3 49
45 5 42
45 6 27
45 7 36
45 8 6
45 9 37
45 11 6
45 15 19
45 20 40
45 22 2
45 24 2
45 25 5
45 26 18
45 27 16
45 28 19
45 29 44
45 32 21
45 33 30
45 34 14
45 38 13
45 39 12
45 40 50
45 41 10
45 43 24
45 44 34
46 1 48
46 3 40
46 5 40
46 6 19
46 7 5
46 10 21
46 12 7
46 14 33
46 15 2
46 16 46
46 18 24
46 19 42
46 20 42
46 21 36
46 22 3
46 26 20
46 29 37
46 30 37
46 33 42
46 37 31
46 38 21
46 41 23
46 42 37
46 45 16
47 0 37
47 1 50
47 2 5
47 3 12
47 7 50
47 8 38
47 9 25
47 11 44
47 14 54
47 15 10
47 16 9
47 17 5
47 19 44
47 21 12
47 25 25
47 26 40
47 28 16
47 30 33
47 36 29
47 44 46
47 45 5
47 46 20
48 2 23
48 5 36
48 6 7
48 8 38
48 10 32
48 14 10
48 16 18
48 19 14
48 20 16
48 21 44
48 23 33
48 25 38
48 28 33
48 30 53
48 31 13
48 32 36
48 37 10
48 38 9
48 39 4
48 40 48
48 47 39
49 1 19
49 2 30
49 3 13
49 4 17
49 5 15
49 7 23
49 8 24
49 9 19
49 13 26
49 15 36
49 19 10
49 20 51
49 21 19
49 22 24
49 25 8
49 26 50
49 27 33
49 28 44
49 30 26
49 31 25
49 32 21
49 36 48
49 38 25
49 39 40
49 43 38
49 44 44
49 48 44
50 2 36
50 3 11
50 5 51
50 9 11
50 10 34
50 11 7
50 12 9
50 14 38
50 20 14
50 21 29
50 22 27
50 25 7
50 26 6
50 27 40
50 28 7
50 30 39
50 31 20
50 35 19
50 37 36
50 39 48
50 41 31
50 43 41
50 44 37
50 46 42
50 48 42
51 6 19
51 7 32
51 8 36
51 9 34
51 10 39
51 12 26
51 13 38
51 14 52
51 15 29
51 17 19
51 19 10
51 20 1
51 24 41
51 25 42
51 27 49
51 29 17
51 31 4
51 35 8
51 37 36
51 38 3
51 41 9
51 42 20
51 43 32
51 45 29
51 46 9
51 47 40
51 49 4
52 2 13
52 3 37
52 6 38
52 10 26
52 11 40
52 12 25
52 13 4
52 15 19
52 16 36
52 18 10
52 20 40
52 23 34
52 24 7
52 25 25
52 27 12
52 29 52
52 33 28
52 37 26
52 38 36
52 39 26
52 40 5
52 41 27
52 42 36
52 43 12
52 44 16
52 45 29
52 46 41
52 50 33
53 0 16
53 3 52
53 6 28
53 8 29
53 10 36
53 11 8
53 13 39
53 15 37
53 16 4
53 20 6
53 21 15
53 24 24
53 26 41
53 28 1
53 30 41
53 32 34
53 33 11
53 34 23
53 40 16
53 41 42
53 42 3
53 43 23
53 44 23
53 45 53
53 46 32
53 48 9
53 49 41
53 50 1
54 0 21
54 1 2
54 2 4
54 3 36
54 6 31
54 9 30
54 10 16
54 11 51
54 15 15
54 19 42
54 21 11
54 22 27
54 25 14
54 26 11
54 27 32
54 30 30
54 32 2
54 36 31
54 38 17
54 42 17
54 43 24
54 46 12
54 47 7
54 48 38
54 49 28
54 52 30
55 0 30
55 9 29
55 10 19
55 12 30
55 13 31
55 15 47
55 16 47
55 18 16
55 19 51
55 20 40
55 23 32
55 24 14
55 26 8
55 27 50
55 29 48
55 31 3
55 32 37
55 33 7
55 34 37
55 35 52
55 36 5
55 37 19
55 40 1
55 41 50
55 45 16
55 46 47
55 47 10
55 48 49
55 50 11
55 51 17
55 54 16
56 0 30
56 2 27
56 3 34
56 6 42
56 7 1
56 9 19
56 10 12
56 11 47
56 13 33
56 15 20
56 16 51
56 17 11
56 18 6
56 22 42
56 23 38
56 25 21
56 26 5
56 28 10
56 29 39
56 30 36
56 33 21
56 35 26
56 36 29
56 39 18
56 40 25
56 41 12
56 44 9
56 46 38
56 47 45
56 49 19
56 50 44
56 52 34
56 55 12
57 1 32
57 4 20
57 5 33
57 6 39
57 7 12
57 8 5
57 12 54
57 15 24
57 16 36
57 17 33
57 18 22
57 20 8
57 21 38
57 25 22
57 26 41
57 28 13
57 32 32
57 36 19
57 37 24
57 38 42
57 42 12
57 46 53
57 49 7
57 51 27
57 53 6
57 54 37
58 0 13
58 2 21
58 4 28
58 10 45
58 11 52
58 13 33
58 14 37
58 15 46
58 16 19
58 19 35
58 24 19
58 25 40
58 26 36
58 28 53
58 32 43
58 33 20
58 35 16
58 37 11
58 39 50
58 42 1
58 44 54
58 45 42
58 46 32
58 47 32
58 48 34
58 49 22
58 50 23
58 52 37
58 54 25
58 55 43
58 56 10
59 0 19
59 1 12
59 2 20
59 3 50
59 5 48
59 7 5
59 12 14
59 14 14
59 19 15
59 20 17
59 21 54
59 22 35
59 24 45
59 27 30
59 28 40
59 31 33
59 32 40
59 33 48
59 34 29
59 35 39
59 36 25
59 38 2
59 42 13
59 43 12
59 48 24
59 49 14
59 51 41
59 55 53
59 58 52
60 9 3
60 10 36
60 11 28
60 14 49
60 15 47
60 16 4
60 20 12
60 22 11
60 26 37
60 27 46
60 28 33
60 29 9
60 30 38
60 34 22
60 36 19
60 37 12
60 39 24
60 42 18
60 44 53
60 47 25
60 49 54
60 50 4
60 51 11
60 52 23
60 55 42
60 57 11
