39
1 0 5
3 1 3
3 2 7
4 0 11
4 1 7
4 2 4
5 1 11
5 2 14
5 4 6
6 1 13
6 2 1
6 4 13
7 0 5
7 1 4
7 5 3
8 0 1
8 2 2
8 3 5
8 6 7
8 7 1
9 0 3
9 1 10
9 3 12
9 6 11
9 7 6
10 3 10
10 8 6
11 0 8
11 3 4
11 4 3
11 6 1
11 8 10
11 9 13
12 0 10
12 3 7
12 5 13
12 6 12
12 8 9
13 0 6
13 1 4
13 4 13
13 6 13
13 9 5
13 10 13
14 2 7
14 5 11
14 7 12
14 8 6
14 11 14
14 13 7
15 1 1
15 2 13
15 5 9
15 6 8
15 8 1
15 10 6
15 11 5
15 12 7
15 13 1
15 14 4
16 0 9
16 5 13
16 8 5
16 9 7
16 10 5
16 11 4
16 15 6
17 1 5
17 2 2
17 3 6
17 4 12
17 6 13
17 7 1
17 8 8
17 12 6
17 14 12
18 0 11
18 1 1
18 4 1
18 5 7
18 7 12
18 11 6
18 12 4
18 13 4
18 14 6
18 15 3
18 16 10
18 17 13
19 0 10
19 4 14
19 5 4
19 6 8
19 8 7
19 11 11
19 12 7
19 15 4
19 17 1
19 18 2
20 0 6
20 1 6
20 4 4
20 6 4
20 7 14
20 8 9
20 9 6
20 11 10
20 12 8
20 16 4
20 17 4
20 19 6
21 6 7
21 7 10
21 8 12
21 11 1
21 13 5
21 14 10
21 16 6
21 17 9
21 18 5
21 19 4
21 20 12
22 0 12
22 2 13
22 3 13
22 4 13
22 5 12
22 6 12
22 8 7
22 10 2
22 11 8
22 14 12
22 18 8
22 21 9
23 0 10
23 1 11
23 2 14
23 6 4
23 7 12
23 8 2
23 13 9
23 16 7
23 18 7
23 19 6
23 20 10
23 22 14
24 0 3
24 1 1
24 2 13
24 3 1
24 5 2
24 15 7
24 16 12
24 18 1
24 20 6
24 22 5
25 0 4
25 3 9
25 4 3
25 5 6
25 8 12
25 10 5
25 11 10
25 14 12
25 16 8
25 17 10
25 20 2
25 21 4
25 24 5
26 1 2
26 4 10
26 8 14
26 9 6
26 10 7
26 11 6
26 13 7
26 15 13
26 19 12
26 21 11
26 22 10
26 24 14
27 1 3
27 12 8
27 15 8
27 16 2
27 19 14
27 20 1
27 21 3
27 22 4
27 26 4
28 1 6
28 2 8
28 3 13
28 4 7
28 5 13
28 6 5
28 7 11
28 9 6
28 12 13
28 13 3
28 14 1
28 15 14
28 16 1
28 21 13
28 22 11
28 23 6
28 25 11
28 26 4
29 0 11
29 6 8
29 7 6
29 9 6
29 10 9
29 11 7
29 13 5
29 14 14
29 15 6
29 16 2
29 17 13
29 19 13
29 20 12
29 21 3
29 23 3
29 27 11
29 28 14
30 0 7
30 1 3
30 3 7
30 5 11
30 10 13
30 11 14
30 12 7
30 15 5
30 17 2
30 19 6
30 20 3
30 21 1
30 22 8
30 25 9
30 27 3
31 0 7
31 2 10
31 5 14
31 7 13
31 8 14
31 9 9
31 10 9
31 11 4
31 12 8
31 13 6
31 16 13
31 18 3
31 25 14
32 0 7
32 1 13
32 3 11
32 4 11
32 6 5
32 7 4
32 8 13
32 10 5
32 11 13
32 13 6
32 15 11
32 16 8
32 17 5
32 20 8
32 21 14
32 23 12
32 25 9
32 26 6
32 28 10
32 29 3
32 30 14
33 0 3
33 1 4
33 3 7
33 4 13
33 5 13
33 6 1
33 7 9
33 9 3
33 10 11
33 12 5
33 14 2
33 15 11
33 17 10
33 19 3
33 20 3
33 23 5
33 24 7
33 26 11
33 30 5
33 31 5
34 1 7
34 4 9
34 6 2
34 10 5
34 17 10
34 18 2
34 19 12
34 22 12
34 24 14
34 26 10
34 28 4
34 29 1
35 0 7
35 6 1
35 8 9
35 9 6
35 10 13
35 12 13
35 14 10
35 15 5
35 17 7
35 19 5
35 21 1
35 23 14
35 25 12
35 27 6
35 29 13
35 30 10
35 31 11
35 32 8
36 1 2
36 3 14
36 4 14
36 7 1
36 9 8
36 10 5
36 13 7
36 14 6
36 18 13
36 19 12
36 22 2
36 23 13
36 24 5
36 28 12
36 29 7
36 31 11
36 33 4
37 0 7
37 2 9
37 5 4
37 6 11
37 10 11
37 12 13
37 14 10
37 21 7
37 22 14
37 25 8
37 26 10
37 28 7
37 33 11
38 2 8
38 5 11
38 6 9
38 8 2
38 10 8
38 12 8
38 13 12
38 14 7
38 15 11
38 22 1
38 23 1
38 25 12
38 27 3
38 28 9
38 30 5
38 31 9
38 33 5
38 35 7
38 37 3
