35
1 0 16
3 0 25
4 1 14
5 0 15
5 4 24
6 0 6
6 3 2
6 4 15
7 0 23
7 4 23
7 5 3
7 6 2
8 0 19
8 2 29
8 5 7
8 7 10
9 0 29
9 3 25
9 4 12
9 5 17
9 7 4
9 8 23
10 1 28
10 4 29
10 8 18
10 9 7
11 2 6
11 3 24
11 4 24
11 5 22
11 8 2
11 9 3
11 10 12
12 1 10
12 4 8
12 5 26
12 8 25
12 10 2
13 1 31
13 2 29
13 3 8
13 4 15
13 5 24
13 9 12
13 12 26
14 1 22
14 2 16
14 3 25
14 4 31
14 5 1
14 6 11
14 10 19
14 11 18
14 13 13
15 0 10
15 1 13
15 2 20
15 5 16
15 7 12
15 10 1
15 11 19
15 12 6
15 13 7
16 1 24
16 2 26
16 3 2
16 5 30
16 9 16
16 11 28
16 14 7
16 15 19
17 1 18
17 2 23
17 3 30
17 6 12
17 7 31
17 8 1
17 9 19
17 10 29
17 11 24
17 14 22
18 0 12
18 1 29
18 2 24
18 3 1
18 9 8
18 14 13
18 16 16
18 17 1
19 0 18
19 1 26
19 2 21
19 5 19
19 6 23
19 8 1
19 11 9
19 12 24
19 13 23
19 14 22
19 17 15
19 18 13
20 1 31
20 2 24
20 3 11
20 5 7
20 6 21
20 10 8
20 13 30
20 14 26
20 16 11
20 17 8
21 0 28
21 1 31
21 3 30
21 5 10
21 9 7
21 10 28
21 11 4
21 15 19
21 16 20
21 17 23
21 18 29
22 0 11
22 2 16
22 7 4
22 8 17
22 9 31
22 11 19
22 12 3
22 13 22
22 14 16
22 19 20
23 0 2
23 1 14
23 4 20
23 6 18
23 10 5
23 11 28
23 12 8
23 14 31
23 16 30
23 18 20
23 21 9
24 0 17
24 2 29
24 4 18
24 8 11
24 9 25
24 11 1
24 13 10
24 14 21
24 15 22
24 18 25
24 20 8
24 21 19
25 0 14
25 3 23
25 6 2
25 15 5
25 16 29
25 21 31
25 24 3
26 1 4
26 2 17
26 4 11
26 9 14
26 10 12
26 13 9
26 14 9
26 15 2
26 17 13
26 18 27
26 20 30
26 21 13
27 0 22
27 2 28
27 5 17
27 7 30
27 8 13
27 10 12
27 12 16
27 14 24
27 16 29
27 17 3
27 18 15
27 20 25
27 21 3
27 23 5
27 25 29
27 26 21
28 0 13
28 2 9
28 4 12
28 5 12
28 6 23
28 7 15
28 10 16
28 11 20
28 14 25
28 16 13
28 17 14
28 22 31
28 23 30
28 24 14
28 25 22
29 0 9
29 1 26
29 6 8
29 12 7
29 14 2
29 16 10
29 17 5
29 18 2
29 19 19
29 21 28
29 22 27
29 23 12
29 24 23
30 0 25
30 2 5
30 3 5
30 5 19
30 6 9
30 8 23
30 11 4
30 15 15
30 18 13
30 23 27
30 24 15
30 25 4
30 26 9
30 28 3
30 29 23
31 3 23
31 5 15
31 10 20
31 12 8
31 13 7
31 15 20
31 16 1
31 18 6
31 20 2
31 21 5
31 22 30
31 24 7
31 26 16
31 30 27
32 0 7
32 1 23
32 3 26
32 4 22
32 5 19
32 8 19
32 11 27
32 12 11
32 17 12
32 18 2
32 20 18
32 21 15
32 22 11
32 24 29
32 25 2
32 28 23
32 29 1
32 31 5
33 0 16
33 3 2
33 4 18
33 8 27
33 9 23
33 14 15
33 15 2
33 18 5
33 19 28
33 20 27
33 25 3
33 27 31
33 28 26
33 29 18
33 30 9
34 2 11
34 4 11
34 5 30
34 7 8
34 8 20
34 9 31
34 10 10
34 11 26
34 14 7
34 15 11
34 18 5
34 19 17
34 21 18
34 22 26
34 27 18
34 28 9
34 30 12
34 32 23
34 33 4
