24
1 0 20
2 0 3
2 1 9
3 0 15
3 1 20
3 2 5
4 0 16
4 1 4
4 2 8
4 3 1
5 0 10
5 1 1
5 2 14
5 3 14
5 4 3
6 0 17
6 1 20
6 2 15
6 3 6
6 4 9
6 5 2
7 0 19
7 1 18
7 2 18
7 3 19
7 4 20
7 5 13
7 6 2
8 0 18
8 1 6
8 2 2
8 3 14
8 4 1
8 5 6
8 6 1
8 7 1
9 0 10
9 1 17
9 2 8
9 3 4
9 4 20
9 5 6
9 6 8
9 7 12
9 8 5
10 0 20
10 1 9
10 2 3
10 3 3
10 4 13
10 5 1
10 6 16
10 7 7
10 8 16
10 9 9
11 0 8
11 1 17
11 2 10
11 3 8
11 4 20
11 5 2
11 6 1
11 7 11
11 8 12
11 9 7
11 10 15
12 0 2
12 1 18
12 2 2
12 3 1
12 4 15
12 5 14
12 6 13
12 7 11
12 8 7
12 9 7
12 10 19
12 11 14
13 0 6
13 1 10
13 2 1
13 3 12
13 4 1
13 5 18
13 6 1
13 7 13
13 8 7
13 9 17
13 10 13
13 11 16
13 12 6
14 0 19
14 1 17
14 2 2
14 3 1
14 4 4
14 5 17
14 6 15
14 7 2
14 8 12
14 9 1
14 10 11
14 11 1
14 12 15
14 13 2
15 0 13
15 1 16
15 2 7
15 3 7
15 4 4
15 5 4
15 6 18
15 7 6
15 8 12
15 9 6
15 10 4
15 11 7
15 12 9
15 13 17
15 14 1
16 0 8
16 1 17
16 2 12
16 3 13
16 4 13
16 5 18
16 6 11
16 7 2
16 8 1
16 9 6
16 10 5
16 11 8
16 12 2
16 13 7
16 14 15
16 15 3
17 0 3
17 1 17
17 2 5
17 3 15
17 4 15
17 5 12
17 6 8
17 7 16
17 8 7
17 9 16
17 10 17
17 11 6
17 12 10
17 13 2
17 14 12
17 15 19
17 16 16
18 0 10
18 1 8
18 2 2
18 3 6
18 4 1
18 5 12
18 6 12
18 7 11
18 8 3
18 9 13
18 10 15
18 11 12
18 12 3
18 13 10
18 14 16
18 15 9
18 16 1
18 17 18
19 0 15
19 1 2
19 2 2
19 3 17
19 4 8
19 5 4
19 6 18
19 7 5
19 8 20
19 9 9
19 10 16
19 11 3
19 12 12
19 13 14
19 14 2
19 15 8
19 16 11
19 17 10
19 18 19
20 0 6
20 1 17
20 2 20
20 3 3
20 4 19
20 5 11
20 6 19
20 7 10
20 8 14
20 9 3
20 10 5
20 11 3
20 12 7
20 13 8
20 14 13
20 15 17
20 16 12
20 17 15
20 18 5
20 19 5
21 0 13
21 1 19
21 2 15
21 3 7
21 4 16
21 5 14
21 6 2
21 7 7
21 8 14
21 9 2
21 10 18
21 11 13
21 12 17
21 13 20
21 14 13
21 15 12
21 16 1
21 17 10
21 18 12
21 19 3
21 20 12
22 0 2
22 1 9
22 2 5
22 3 11
22 4 6
22 5 17
22 6 16
22 7 20
22 8 5
22 9 20
22 10 8
22 11 5
22 12 9
22 13 8
22 14 6
22 15 10
22 16 13
22 17 15
22 18 20
22 19 10
22 20 14
22 21 9
23 0 11
23 1 11
23 2 12
23 3 9
23 4 9
23 5 2
23 6 5
23 7 12
23 8 6
23 9 15
23 10 13
23 11 20
23 12 18
23 13 10
23 14 7
23 15 3
23 16 9
23 17 5
23 18 15
23 19 17
23 20 3
23 21 7
23 22 3
