49
1 0 7
2 0 11
2 1 8
3 0 12
3 1 10
3 2 5
4 0 6
4 1 7
4 2 18
4 3 17
5 0 3
5 1 13
5 2 24
5 3 14
5 4 18
6 0 19
6 1 19
6 2 7
6 3 8
6 4 9
6 5 9
7 0 18
7 1 10
7 2 12
7 3 8
7 4 7
7 5 1
7 6 3
8 0 8
8 1 4
8 2 15
8 3 17
8 4 3
8 5 15
8 6 21
8 7 15
9 0 11
9 1 15
9 2 21
9 3 15
9 4 7
9 5 16
9 6 3
9 7 13
9 8 1
10 0 20
10 1 20
10 2 2
10 3 10
10 4 13
10 5 15
10 6 4
10 7 18
10 8 17
10 9 14
11 0 17
11 1 14
11 2 17
11 3 3
11 4 20
11 5 9
11 6 12
11 7 11
11 8 11
11 9 15
11 10 13
12 0 6
12 1 20
12 2 7
12 3 10
12 4 3
12 5 7
12 6 20
12 7 13
12 8 17
12 9 22
12 10 18
12 11 4
13 0 12
13 1 15
13 2 22
13 3 22
13 4 13
13 5 14
13 6 21
13 7 5
13 8 18
13 9 12
13 10 19
13 11 20
13 12 9
14 0 19
14 1 20
14 2 13
14 3 14
14 4 18
14 5 5
14 6 20
14 7 17
14 8 7
14 9 9
14 10 15
14 11 23
14 12 2
14 13 6
15 0 5
15 1 4
15 2 14
15 3 11
15 4 8
15 5 1
15 6 17
15 7 22
15 8 2
15 9 1
15 10 12
15 11 23
15 12 10
15 13 24
15 14 1
16 0 13
16 1 24
16 2 10
16 3 7
16 4 12
16 5 3
16 6 2
16 7 10
16 8 2
16 9 19
16 10 18
16 11 12
16 12 18
16 13 20
16 14 21
16 15 3
17 0 5
17 1 4
17 2 10
17 3 3
17 4 10
17 5 6
17 6 15
17 7 21
17 8 16
17 9 14
17 10 1
17 11 18
17 12 20
17 13 10
17 14 8
17 15 18
17 16 2
18 0 13
18 1 2
18 2 24
18 3 7
18 4 9
18 5 16
18 6 3
18 7 2
18 8 18
18 9 10
18 10 14
18 11 2
18 12 17
18 13 14
18 14 8
18 15 3
18 16 5
18 17 23
19 0 5
19 1 1
19 2 12
19 3 16
19 4 10
19 5 3
19 6 3
19 7 7
19 8 20
19 9 21
19 10 12
19 11 13
19 12 13
19 13 8
19 14 7
19 15 7
19 16 12
19 17 2
19 18 9
20 0 16
20 1 2
20 2 21
20 3 16
20 4 23
20 5 3
20 6 12
20 7 8
20 8 6
20 9 1
20 10 1
20 11 20
20 12 21
20 13 6
20 14 20
20 15 21
20 16 19
20 17 21
20 18 2
20 19 13
21 0 11
21 1 4
21 2 4
21 3 21
21 4 10
21 5 11
21 6 3
21 7 1
21 8 5
21 9 23
21 10 23
21 11 18
21 12 2
21 13 13
21 14 18
21 15 15
21 16 3
21 17 11
21 18 23
21 19 24
21 20 11
22 0 11
22 1 21
22 2 19
22 3 2
22 4 21
22 5 11
22 6 20
22 7 16
22 8 14
22 9 24
22 10 22
22 11 2
22 12 22
22 13 10
22 14 23
22 15 15
22 16 7
22 17 23
22 18 6
22 19 3
22 20 8
22 21 5
23 0 1
23 1 17
23 2 6
23 3 23
23 4 11
23 5 4
23 6 7
23 7 24
23 8 15
23 9 8
23 10 7
23 11 8
23 12 19
23 13 1
23 14 11
23 15 18
23 16 2
23 17 6
23 18 3
23 19 6
23 20 9
23 21 20
23 22 8
24 0 2
24 1 5
24 2 21
24 3 24
24 4 3
24 5 8
24 6 14
24 7 5
24 8 7
24 9 6
24 10 22
24 11 4
24 12 11
24 13 4
24 14 18
24 15 8
24 16 22
24 17 5
24 18 9
24 19 4
24 20 22
24 21 17
24 22 3
24 23 16
25 0 20
25 1 6
25 2 19
25 3 1
25 4 24
25 5 10
25 6 6
25 7 6
25 8 5
25 9 11
25 10 20
25 11 7
25 12 22
25 13 9
25 14 9
25 15 7
25 16 21
25 17 15
25 18 23
25 19 17
25 20 3
25 21 12
25 22 3
25 23 14
25 24 15
26 0 12
26 1 16
26 2 5
26 3 1
26 4 9
26 5 9
26 6 23
26 7 24
26 8 4
26 9 19
26 10 4
26 11 7
26 12 16
26 13 22
26 14 19
26 15 17
26 16 10
26 17 5
26 18 2
26 19 9
26 20 14
26 21 15
26 22 17
26 23 23
26 24 19
26 25 20
27 0 13
27 1 17
27 2 11
27 3 24
27 4 2
27 5 23
27 6 11
27 7 20
27 8 13
27 9 23
27 10 2
27 11 15
27 12 4
27 13 20
27 14 12
27 15 24
27 16 8
27 17 2
27 18 5
27 19 12
27 20 21
27 21 7
27 22 9
27 23 20
27 24 4
27 25 13
27 26 22
28 0 16
28 1 20
28 2 17
28 3 15
28 4 11
28 5 24
28 6 21
28 7 22
28 8 19
28 9 9
28 10 12
28 11 17
28 12 2
28 13 23
28 14 22
28 15 24
28 16 16
28 17 24
28 18 6
28 19 9
28 20 13
28 21 18
28 22 8
28 23 6
28 24 20
28 25 13
28 26 10
28 27 14
29 0 13
29 1 14
29 2 8
29 3 10
29 4 9
29 5 14
29 6 19
29 7 14
29 8 10
29 9 14
29 10 6
29 11 24
29 12 10
29 13 24
29 14 16
29 15 7
29 16 5
29 17 7
29 18 3
29 19 18
29 20 24
29 21 14
29 22 12
29 23 18
29 24 1
29 25 15
29 26 20
29 27 14
29 28 19
30 0 17
30 1 10
30 2 20
30 3 9
30 4 9
30 5 17
30 6 22
30 7 21
30 8 4
30 9 2
30 10 7
30 11 10
30 12 14
30 13 12
30 14 19
30 15 12
30 16 3
30 17 17
30 18 24
30 19 19
30 20 23
30 21 18
30 22 24
30 23 5
30 24 23
30 25 6
30 26 2
30 27 8
30 28 17
30 29 12
31 0 3
31 1 11
31 2 14
31 3 12
31 4 2
31 5 13
31 6 19
31 7 15
31 8 14
31 9 17
31 10 10
31 11 22
31 12 4
31 13 22
31 14 14
31 15 6
31 16 18
31 17 8
31 18 21
31 19 18
31 20 21
31 21 21
31 22 13
31 23 24
31 24 24
31 25 16
31 26 16
31 27 10
31 28 20
31 29 19
31 30 17
32 0 6
32 1 11
32 2 2
32 3 5
32 4 20
32 5 18
32 6 10
32 7 3
32 8 24
32 9 6
32 10 22
32 11 10
32 12 24
32 13 19
32 14 9
32 15 21
32 16 3
32 17 5
32 18 20
32 19 4
32 20 24
32 21 24
32 22 10
32 23 10
32 24 3
32 25 22
32 26 18
32 27 6
32 28 14
32 29 21
32 30 7
32 31 1
33 0 1
33 1 9
33 2 2
33 3 3
33 4 11
33 5 12
33 6 14
33 7 2
33 8 23
33 9 5
33 10 1
33 11 1
33 12 14
33 13 14
33 14 6
33 15 6
33 16 23
33 17 1
33 18 20
33 19 22
33 20 11
33 21 17
33 22 22
33 23 24
33 24 12
33 25 15
33 26 21
33 27 18
33 28 14
33 29 5
33 30 3
33 31 2
33 32 22
34 0 11
34 1 7
34 2 16
34 3 11
34 4 16
34 5 22
34 6 9
34 7 14
34 8 13
34 9 2
34 10 11
34 11 8
34 12 4
34 13 1
34 14 3
34 15 14
34 16 1
34 17 17
34 18 20
34 19 3
34 20 10
34 21 21
34 22 15
34 23 14
34 24 3
34 25 10
34 26 9
34 27 21
34 28 8
34 29 3
34 30 21
34 31 2
34 32 10
34 33 15
35 0 17
35 1 21
35 2 17
35 3 15
35 4 5
35 5 5
35 6 17
35 7 14
35 8 15
35 9 9
35 10 1
35 11 5
35 12 14
35 13 1
35 14 15
35 15 21
35 16 19
35 17 4
35 18 21
35 19 10
35 20 20
35 21 24
35 22 1
35 23 20
35 24 19
35 25 10
35 26 22
35 27 19
35 28 17
35 29 21
35 30 20
35 31 11
35 32 24
35 33 19
35 34 21
36 0 2
36 1 21
36 2 8
36 3 4
36 4 17
36 5 22
36 6 11
36 7 4
36 8 9
36 9 11
36 10 12
36 11 4
36 12 9
36 13 10
36 14 15
36 15 21
36 16 13
36 17 24
36 18 13
36 19 6
36 20 18
36 21 21
36 22 17
36 23 5
36 24 2
36 25 12
36 26 21
36 27 15
36 28 12
36 29 21
36 30 8
36 31 17
36 32 5
36 33 4
36 34 13
36 35 19
37 0 3
37 1 15
37 2 22
37 3 7
37 4 6
37 5 3
37 6 9
37 7 16
37 8 5
37 9 14
37 10 17
37 11 20
37 12 4
37 13 18
37 14 5
37 15 5
37 16 19
37 17 4
37 18 21
37 19 14
37 20 16
37 21 10
37 22 19
37 23 13
37 24 18
37 25 18
37 26 20
37 27 11
37 28 4
37 29 1
37 30 17
37 31 10
37 32 7
37 33 10
37 34 16
37 35 14
37 36 16
38 0 21
38 1 7
38 2 7
38 3 6
38 4 1
38 5 19
38 6 1
38 7 3
38 8 18
38 9 7
38 10 18
38 11 19
38 12 10
38 13 15
38 14 6
38 15 19
38 16 7
38 17 17
38 18 17
38 19 17
38 20 14
38 21 15
38 22 19
38 23 15
38 24 3
38 25 1
38 26 10
38 27 6
38 28 22
38 29 5
38 30 5
38 31 14
38 32 15
38 33 3
38 34 18
38 35 9
38 36 20
38 37 7
39 0 14
39 1 1
39 2 23
39 3 8
39 4 12
39 5 19
39 6 1
39 7 8
39 8 12
39 9 12
39 10 10
39 11 20
39 12 4
39 13 7
39 14 8
39 15 6
39 16 4
39 17 13
39 18 4
39 19 22
39 20 5
39 21 16
39 22 6
39 23 19
39 24 21
39 25 7
39 26 7
39 27 3
39 28 2
39 29 6
39 30 21
39 31 21
39 32 13
39 33 15
39 34 7
39 35 2
39 36 8
39 37 24
39 38 17
40 0 2
40 1 11
40 2 12
40 3 19
40 4 19
40 5 10
40 6 20
40 7 18
40 8 11
40 9 12
40 10 14
40 11 15
40 12 3
40 13 20
40 14 2
40 15 14
40 16 9
40 17 6
40 18 5
40 19 9
40 20 18
40 21 22
40 22 17
40 23 12
40 24 9
40 25 15
40 26 13
40 27 4
40 28 20
40 29 24
40 30 21
40 31 23
40 32 16
40 33 11
40 34 4
40 35 18
40 36 14
40 37 23
40 38 7
40 39 17
41 0 6
41 1 12
41 2 17
41 3 5
41 4 17
41 5 9
41 6 17
41 7 15
41 8 13
41 9 13
41 10 1
41 11 12
41 12 22
41 13 5
41 14 12
41 15 1
41 16 21
41 17 21
41 18 13
41 19 22
41 20 1
41 21 15
41 22 4
41 23 13
41 24 15
41 25 19
41 26 19
41 27 15
41 28 12
41 29 19
41 30 24
41 31 17
41 32 20
41 33 12
41 34 13
41 35 9
41 36 6
41 37 15
41 38 13
41 39 3
41 40 18
42 0 2
42 1 19
42 2 22
42 3 22
42 4 14
42 5 10
42 6 3
42 7 18
42 8 22
42 9 7
42 10 13
42 11 16
42 12 5
42 13 24
42 14 3
42 15 5
42 16 23
42 17 10
42 18 1
42 19 7
42 20 21
42 21 24
42 22 14
42 23 16
42 24 16
42 25 7
42 26 22
42 27 14
42 28 13
42 29 11
42 30 12
42 31 5
42 32 20
42 33 19
42 34 3
42 35 10
42 36 2
42 37 10
42 38 13
42 39 16
42 40 16
42 41 15
43 0 24
43 1 3
43 2 6
43 3 16
43 4 17
43 5 14
43 6 10
43 7 22
43 8 15
43 9 3
43 10 21
43 11 21
43 12 20
43 13 16
43 14 19
43 15 15
43 16 10
43 17 2
43 18 17
43 19 4
43 20 6
43 21 22
43 22 19
43 23 18
43 24 6
43 25 15
43 26 13
43 27 11
43 28 12
43 29 15
43 30 20
43 31 13
43 32 21
43 33 6
43 34 5
43 35 24
43 36 7
43 37 16
43 38 1
43 39 2
43 40 11
43 41 15
43 42 12
44 0 19
44 1 9
44 2 23
44 3 15
44 4 23
44 5 19
44 6 14
44 7 24
44 8 7
44 9 16
44 10 19
44 11 19
44 12 19
44 13 18
44 14 4
44 15 4
44 16 18
44 17 9
44 18 24
44 19 11
44 20 2
44 21 21
44 22 8
44 23 24
44 24 4
44 25 5
44 26 9
44 27 14
44 28 13
44 29 17
44 30 24
44 31 2
44 32 15
44 33 19
44 34 2
44 35 14
44 36 10
44 37 24
44 38 11
44 39 3
44 40 6
44 41 3
44 42 15
44 43 18
45 0 9
45 1 19
45 2 4
45 3 2
45 4 14
45 5 24
45 6 12
45 7 8
45 8 14
45 9 9
45 10 6
45 11 15
45 12 19
45 13 20
45 14 8
45 15 8
45 16 22
45 17 22
45 18 21
45 19 2
45 20 24
45 21 4
45 22 24
45 23 2
45 24 16
45 25 4
45 26 12
45 27 23
45 28 13
45 29 19
45 30 3
45 31 10
45 32 11
45 33 20
45 34 9
45 35 19
45 36 12
45 37 11
45 38 8
45 39 17
45 40 11
45 41 23
45 42 10
45 43 15
45 44 21
46 0 24
46 1 8
46 2 14
46 3 18
46 4 22
46 5 12
46 6 19
46 7 3
46 8 9
46 9 4
46 10 6
46 11 5
46 12 15
46 13 6
46 14 8
46 15 16
46 16 3
46 17 22
46 18 18
46 19 13
46 20 6
46 21 2
46 22 20
46 23 8
46 24 10
46 25 5
46 26 17
46 27 12
46 28 20
46 29 20
46 30 15
46 31 24
46 32 15
46 33 22
46 34 3
46 35 16
46 36 22
46 37 18
46 38 14
46 39 1
46 40 19
46 41 11
46 42 9
46 43 8
46 44 1
46 45 17
47 0 9
47 1 23
47 2 9
47 3 16
47 4 13
47 5 12
47 6 16
47 7 3
47 8 5
47 9 3
47 10 17
47 11 4
47 12 23
47 13 16
47 14 13
47 15 3
47 16 22
47 17 8
47 18 3
47 19 18
47 20 21
47 21 6
47 22 11
47 23 1
47 24 16
47 25 15
47 26 15
47 27 6
47 28 11
47 29 23
47 30 4
47 31 15
47 32 2
47 33 24
47 34 1
47 35 23
47 36 22
47 37 21
47 38 18
47 39 3
47 40 22
47 41 4
47 42 22
47 43 21
47 44 22
47 45 6
47 46 10
48 0 13
48 1 21
48 2 10
48 3 3
48 4 13
48 5 7
48 6 4
48 7 15
48 8 14
48 9 13
48 10 11
48 11 17
48 12 12
48 13 16
48 14 1
48 15 5
48 16 7
48 17 23
48 18 7
48 19 14
48 20 14
48 21 20
48 22 19
48 23 11
48 24 6
48 25 13
48 26 5
48 27 22
48 28 14
48 29 16
48 30 22
48 31 2
48 32 2
48 33 17
48 34 14
48 35 19
48 36 23
48 37 24
48 38 4
48 39 17
48 40 2
48 41 12
48 42 2
48 43 18
48 44 15
48 45 2
48 46 4
48 47 13
