54
1 0 19
2 0 31
2 1 31
3 0 10
3 1 26
3 2 13
4 0 15
4 1 18
4 2 28
4 3 13
5 0 29
5 1 13
5 2 16
5 3 11
5 4 21
6 0 25
6 1 24
6 2 29
6 3 12
6 4 24
6 5 7
7 0 8
7 1 21
7 2 27
7 3 24
7 4 8
7 5 13
7 6 8
8 0 9
8 1 18
8 2 7
8 3 13
8 4 22
8 5 6
8 6 6
8 7 5
9 0 10
9 1 13
9 2 5
9 3 7
9 4 16
9 5 3
9 6 5
9 7 7
9 8 23
10 0 6
10 1 7
10 2 8
10 3 3
10 4 7
10 5 15
10 6 15
10 7 13
10 8 19
10 9 2
11 0 28
11 1 19
11 2 29
11 3 20
11 4 14
11 5 7
11 6 20
11 7 1
11 8 22
11 9 21
11 10 7
12 0 24
12 1 27
12 2 15
12 3 30
12 4 11
12 5 4
12 6 24
12 7 19
12 8 16
12 9 7
12 10 4
12 11 13
13 0 24
13 1 28
13 2 22
13 3 20
13 4 30
13 5 24
13 6 30
13 7 21
13 8 30
13 9 20
13 10 16
13 11 23
13 12 5
14 0 31
14 1 25
14 2 10
14 3 2
14 4 27
14 5 2
14 6 20
14 7 12
14 8 29
14 9 10
14 10 28
14 11 5
14 12 1
14 13 9
15 0 1
15 1 12
15 2 22
15 3 31
15 4 6
15 5 31
15 6 13
15 7 3
15 8 31
15 9 1
15 10 7
15 11 30
15 12 29
15 13 9
15 14 25
16 0 25
16 1 20
16 2 8
16 3 18
16 4 15
16 5 14
16 6 16
16 7 31
16 8 13
16 9 9
16 10 5
16 11 2
16 12 20
16 13 21
16 14 13
16 15 6
17 0 13
17 1 2
17 2 13
17 3 27
17 4 23
17 5 11
17 6 22
17 7 1
17 8 5
17 9 2
17 10 3
17 11 28
17 12 22
17 13 10
17 14 20
17 15 25
17 16 2
18 0 28
18 1 13
18 2 1
18 3 7
18 4 6
18 5 23
18 6 4
18 7 10
18 8 20
18 9 8
18 10 28
18 11 31
18 12 5
18 13 12
18 14 25
18 15 6
18 16 10
18 17 14
19 0 7
19 1 19
19 2 27
19 3 22
19 4 2
19 5 10
19 6 27
19 7 19
19 8 31
19 9 21
19 10 25
19 11 2
19 12 7
19 13 2
19 14 14
19 15 8
19 16 25
19 17 13
19 18 18
20 0 1
20 1 17
20 2 4
20 3 9
20 4 1
20 5 5
20 6 17
20 7 21
20 8 28
20 9 15
20 10 10
20 11 31
20 12 10
20 13 7
20 14 24
20 15 2
20 16 24
20 17 12
20 18 8
20 19 11
21 0 6
21 1 30
21 2 13
21 3 18
21 4 2
21 5 8
21 6 19
21 7 13
21 8 11
21 9 8
21 10 20
21 11 23
21 12 18
21 13 4
21 14 4
21 15 8
21 16 22
21 17 8
21 18 28
21 19 20
21 20 3
22 0 17
22 1 28
22 2 31
22 3 28
22 4 12
22 5 2
22 6 9
22 7 15
22 8 19
22 9 28
22 10 17
22 11 10
22 12 5
22 13 13
22 14 18
22 15 12
22 16 1
22 17 15
22 18 14
22 19 9
22 20 9
22 21 24
23 0 13
23 1 10
23 2 29
23 3 5
23 4 14
23 5 17
23 6 15
23 7 7
23 8 29
23 9 10
23 10 17
23 11 18
23 12 16
23 13 28
23 14 28
23 15 1
23 16 31
23 17 4
23 18 21
23 19 10
23 20 2
23 21 12
23 22 2
24 0 3
24 1 28
24 2 2
24 3 2
24 4 8
24 5 2
24 6 14
24 7 14
24 8 22
24 9 9
24 10 30
24 11 13
24 12 24
24 13 3
24 14 17
24 15 20
24 16 28
24 17 7
24 18 6
24 19 18
24 20 8
24 21 9
24 22 26
24 23 29
25 0 23
25 1 15
25 2 23
25 3 8
25 4 21
25 5 17
25 6 16
25 7 25
25 8 20
25 9 7
25 10 6
25 11 20
25 12 12
25 13 6
25 14 29
25 15 19
25 16 15
25 17 16
25 18 23
25 19 29
25 20 28
25 21 2
25 22 13
25 23 9
25 24 19
26 0 13
26 1 11
26 2 23
26 3 1
26 4 8
26 5 28
26 6 3
26 7 24
26 8 2
26 9 26
26 10 1
26 11 2
26 12 1
26 13 16
26 14 16
26 15 29
26 16 2
26 17 28
26 18 9
26 19 30
26 20 16
26 21 17
26 22 8
26 23 28
26 24 30
26 25 13
27 0 7
27 1 30
27 2 12
27 3 16
27 4 8
27 5 5
27 6 4
27 7 13
27 8 17
27 9 7
27 10 21
27 11 29
27 12 25
27 13 2
27 14 18
27 15 12
27 16 7
27 17 11
27 18 11
27 19 22
27 20 23
27 21 13
27 22 12
27 23 11
27 24 2
27 25 19
27 26 24
28 0 16
28 1 25
28 2 23
28 3 24
28 4 7
28 5 19
28 6 22
28 7 17
28 8 22
28 9 28
28 10 13
28 11 30
28 12 29
28 13 8
28 14 3
28 15 23
28 16 6
28 17 21
28 18 24
28 19 24
28 20 23
28 21 31
28 22 11
28 23 15
28 24 31
28 25 27
28 26 3
28 27 27
29 0 13
29 1 3
29 2 18
29 3 13
29 4 21
29 5 6
29 6 11
29 7 21
29 8 20
29 9 17
29 10 31
29 11 31
29 12 9
29 13 23
29 14 6
29 15 1
29 16 7
29 17 12
29 18 29
29 19 26
29 20 12
29 21 31
29 22 11
29 23 23
29 24 18
29 25 22
29 26 12
29 27 4
29 28 18
30 0 18
30 1 11
30 2 12
30 3 25
30 4 28
30 5 11
30 6 22
30 7 5
30 8 5
30 9 27
30 10 12
30 11 12
30 12 2
30 13 30
30 14 13
30 15 29
30 16 20
30 17 6
30 18 10
30 19 10
30 20 2
30 21 26
30 22 3
30 23 17
30 24 3
30 25 7
30 26 6
30 27 20
30 28 18
30 29 13
31 0 30
31 1 1
31 2 1
31 3 28
31 4 10
31 5 27
31 6 23
31 7 27
31 8 13
31 9 10
31 10 22
31 11 28
31 12 3
31 13 11
31 14 1
31 15 21
31 16 9
31 17 15
31 18 10
31 19 26
31 20 1
31 21 25
31 22 12
31 23 20
31 24 22
31 25 29
31 26 23
31 27 29
31 28 2
31 29 28
31 30 25
32 0 28
32 1 2
32 2 1
32 3 19
32 4 21
32 5 5
32 6 15
32 7 7
32 8 6
32 9 1
32 10 23
32 11 14
32 12 15
32 13 25
32 14 13
32 15 22
32 16 5
32 17 7
32 18 1
32 19 25
32 20 10
32 21 4
32 22 28
32 23 29
32 24 29
32 25 9
32 26 29
32 27 15
32 28 25
32 29 26
32 30 5
32 31 7
33 0 22
33 1 12
33 2 13
33 3 2
33 4 22
33 5 20
33 6 1
33 7 15
33 8 16
33 9 5
33 10 4
33 11 2
33 12 3
33 13 23
33 14 13
33 15 1
33 16 9
33 17 11
33 18 20
33 19 22
33 20 10
33 21 19
33 22 3
33 23 4
33 24 25
33 25 12
33 26 29
33 27 8
33 28 2
33 29 26
33 30 9
33 31 17
33 32 29
34 0 3
34 1 2
34 2 1
34 3 5
34 4 11
34 5 7
34 6 24
34 7 3
34 8 4
34 9 2
34 10 22
34 11 12
34 12 24
34 13 2
34 14 2
34 15 22
34 16 23
34 17 12
34 18 22
34 19 2
34 20 31
34 21 10
34 22 18
34 23 25
34 24 27
34 25 9
34 26 17
34 27 18
34 28 25
34 29 25
34 30 26
34 31 29
34 32 31
34 33 21
35 0 10
35 1 1
35 2 3
35 3 4
35 4 22
35 5 3
35 6 7
35 7 3
35 8 13
35 9 6
35 10 27
35 11 26
35 12 16
35 13 21
35 14 24
35 15 6
35 16 1
35 17 3
35 18 21
35 19 22
35 20 16
35 21 29
35 22 8
35 23 6
35 24 31
35 25 30
35 26 8
35 27 31
35 28 28
35 29 6
35 30 31
35 31 27
35 32 18
35 33 7
35 34 8
36 0 30
36 1 25
36 2 15
36 3 2
36 4 18
36 5 15
36 6 15
36 7 11
36 8 25
36 9 29
36 10 2
36 11 21
36 12 25
36 13 21
36 14 13
36 15 12
36 16 17
36 17 11
36 18 14
36 19 7
36 20 20
36 21 21
36 22 6
36 23 24
36 24 27
36 25 23
36 26 5
36 27 12
36 28 31
36 29 13
36 30 12
36 31 8
36 32 31
36 33 26
36 34 31
36 35 4
37 0 18
37 1 27
37 2 6
37 3 16
37 4 22
37 5 8
37 6 6
37 7 24
37 8 17
37 9 1
37 10 2
37 11 17
37 12 3
37 13 25
37 14 24
37 15 29
37 16 6
37 17 16
37 18 25
37 19 19
37 20 24
37 21 26
37 22 7
37 23 13
37 24 29
37 25 30
37 26 25
37 27 26
37 28 17
37 29 5
37 30 3
37 31 5
37 32 22
37 33 20
37 34 2
37 35 27
37 36 20
38 0 7
38 1 23
38 2 31
38 3 14
38 4 2
38 5 10
38 6 23
38 7 21
38 8 18
38 9 15
38 10 14
38 11 1
38 12 25
38 13 19
38 14 28
38 15 19
38 16 23
38 17 19
38 18 17
38 19 6
38 20 6
38 21 12
38 22 22
38 23 25
38 24 10
38 25 20
38 26 14
38 27 4
38 28 10
38 29 23
38 30 17
38 31 7
38 32 22
38 33 21
38 34 6
38 35 31
38 36 28
38 37 12
39 0 30
39 1 12
39 2 16
39 3 5
39 4 6
39 5 25
39 6 15
39 7 23
39 8 7
39 9 18
39 10 7
39 11 9
39 12 28
39 13 24
39 14 15
39 15 14
39 16 21
39 17 25
39 18 8
39 19 3
39 20 12
39 21 16
39 22 12
39 23 16
39 24 27
39 25 8
39 26 3
39 27 7
39 28 21
39 29 1
39 30 5
39 31 15
39 32 9
39 33 4
39 34 9
39 35 8
39 36 9
39 37 18
39 38 19
40 0 12
40 1 28
40 2 3
40 3 31
40 4 27
40 5 23
40 6 27
40 7 24
40 8 23
40 9 9
40 10 10
40 11 25
40 12 7
40 13 22
40 14 22
40 15 18
40 16 8
40 17 18
40 18 24
40 19 28
40 20 18
40 21 14
40 22 24
40 23 11
40 24 18
40 25 1
40 26 15
40 27 16
40 28 3
40 29 2
40 30 19
40 31 23
40 32 27
40 33 14
40 34 25
40 35 26
40 36 14
40 37 25
40 38 4
40 39 8
41 0 9
41 1 2
41 2 20
41 3 2
41 4 2
41 5 2
41 6 29
41 7 11
41 8 13
41 9 10
41 10 27
41 11 27
41 12 2
41 13 24
41 14 19
41 15 10
41 16 14
41 17 10
41 18 17
41 19 12
41 20 22
41 21 10
41 22 14
41 23 11
41 24 13
41 25 1
41 26 9
41 27 6
41 28 22
41 29 20
41 30 6
41 31 17
41 32 9
41 33 31
41 34 22
41 35 26
41 36 27
41 37 11
41 38 16
41 39 10
41 40 25
42 0 31
42 1 23
42 2 21
42 3 25
42 4 16
42 5 2
42 6 19
42 7 15
42 8 11
42 9 30
42 10 30
42 11 23
42 12 26
42 13 21
42 14 6
42 15 6
42 16 22
42 17 7
42 18 15
42 19 17
42 20 8
42 21 29
42 22 6
42 23 1
42 24 28
42 25 27
42 26 2
42 27 30
42 28 2
42 29 24
42 30 18
42 31 19
42 32 11
42 33 12
42 34 3
42 35 25
42 36 17
42 37 21
42 38 28
42 39 19
42 40 29
42 41 23
43 0 19
43 1 12
43 2 23
43 3 28
43 4 27
43 5 4
43 6 1
43 7 31
43 8 15
43 9 7
43 10 8
43 11 3
43 12 3
43 13 27
43 14 29
43 15 23
43 16 5
43 17 20
43 18 26
43 19 1
43 20 5
43 21 6
43 22 2
43 23 22
43 24 17
43 25 23
43 26 2
43 27 29
43 28 12
43 29 8
43 30 25
43 31 7
43 32 12
43 33 10
43 34 29
43 35 19
43 36 29
43 37 25
43 38 12
43 39 29
43 40 25
43 41 4
43 42 11
44 0 10
44 1 27
44 2 31
44 3 26
44 4 9
44 5 14
44 6 5
44 7 22
44 8 16
44 9 14
44 10 4
44 11 14
44 12 9
44 13 14
44 14 31
44 15 7
44 16 5
44 17 7
44 18 7
44 19 5
44 20 27
44 21 15
44 22 18
44 23 16
44 24 5
44 25 21
44 26 12
44 27 8
44 28 28
44 29 10
44 30 24
44 31 28
44 32 3
44 33 10
44 34 15
44 35 14
44 36 18
44 37 17
44 38 15
44 39 19
44 40 4
44 41 16
44 42 30
44 43 22
45 0 10
45 1 20
45 2 12
45 3 9
45 4 13
45 5 28
45 6 15
45 7 26
45 8 10
45 9 18
45 10 11
45 11 4
45 12 18
45 13 6
45 14 19
45 15 29
45 16 13
45 17 15
45 18 20
45 19 31
45 20 17
45 21 23
45 22 1
45 23 3
45 24 24
45 25 26
45 26 12
45 27 23
45 28 15
45 29 21
45 30 7
45 31 11
45 32 20
45 33 26
45 34 8
45 35 7
45 36 13
45 37 21
45 38 9
45 39 30
45 40 8
45 41 10
45 42 4
45 43 12
45 44 18
46 0 29
46 1 17
46 2 18
46 3 16
46 4 24
46 5 1
46 6 8
46 7 14
46 8 11
46 9 4
46 10 30
46 11 29
46 12 25
46 13 6
46 14 2
46 15 26
46 16 23
46 17 9
46 18 22
46 19 13
46 20 29
46 21 6
46 22 1
46 23 14
46 24 28
46 25 29
46 26 6
46 27 5
46 28 21
46 29 12
46 30 9
46 31 10
46 32 7
46 33 18
46 34 27
46 35 18
46 36 4
46 37 4
46 38 29
46 39 2
46 40 27
46 41 19
46 42 18
46 43 2
46 44 15
46 45 25
47 0 16
47 1 27
47 2 15
47 3 10
47 4 4
47 5 7
47 6 13
47 7 5
47 8 2
47 9 8
47 10 18
47 11 22
47 12 7
47 13 15
47 14 10
47 15 18
47 16 22
47 17 16
47 18 13
47 19 10
47 20 11
47 21 8
47 22 8
47 23 26
47 24 13
47 25 3
47 26 19
47 27 29
47 28 4
47 29 30
47 30 26
47 31 16
47 32 18
47 33 21
47 34 1
47 35 4
47 36 19
47 37 27
47 38 28
47 39 6
47 40 20
47 41 28
47 42 19
47 43 26
47 44 3
47 45 9
47 46 4
48 0 3
48 1 19
48 2 3
48 3 17
48 4 17
48 5 23
48 6 17
48 7 6
48 8 18
48 9 22
48 10 16
48 11 6
48 12 25
48 13 28
48 14 31
48 15 6
48 16 29
48 17 21
48 18 19
48 19 10
48 20 3
48 21 3
48 22 11
48 23 13
48 24 12
48 25 8
48 26 26
48 27 9
48 28 8
48 29 21
48 30 11
48 31 14
48 32 4
48 33 20
48 34 12
48 35 17
48 36 31
48 37 16
48 38 13
48 39 18
48 40 11
48 41 24
48 42 19
48 43 22
48 44 5
48 45 22
48 46 10
48 47 19
49 0 1
49 1 16
49 2 9
49 3 14
49 4 4
49 5 25
49 6 21
49 7 27
49 8 27
49 9 5
49 10 18
49 11 23
49 12 21
49 13 4
49 14 31
49 15 21
49 16 14
49 17 14
49 18 23
49 19 23
49 20 12
49 21 4
49 22 29
49 23 6
49 24 19
49 25 26
49 26 22
49 27 10
49 28 5
49 29 8
49 30 12
49 31 10
49 32 24
49 33 15
49 34 14
49 35 4
49 36 13
49 37 26
49 38 29
49 39 11
49 40 18
49 41 18
49 42 25
49 43 7
49 44 13
49 45 2
49 46 30
49 47 16
49 48 17
50 0 2
50 1 21
50 2 9
50 3 8
50 4 16
50 5 2
50 6 5
50 7 3
50 8 31
50 9 9
50 10 17
50 11 2
50 12 20
50 13 5
50 14 5
50 15 8
50 16 5
50 17 23
50 18 31
50 19 18
50 20 12
50 21 31
50 22 23
50 23 8
50 24 7
50 25 6
50 26 18
50 27 10
50 28 9
50 29 12
50 30 13
50 31 12
50 32 13
50 33 20
50 34 16
50 35 28
50 36 18
50 37 21
50 38 16
50 39 23
50 40 17
50 41 20
50 42 22
50 43 30
50 44 19
50 45 29
50 46 27
50 47 18
50 48 19
50 49 28
51 0 6
51 1 11
51 2 8
51 3 18
51 4 28
51 5 12
51 6 23
51 7 8
51 8 22
51 9 19
51 10 29
51 11 20
51 12 3
51 13 10
51 14 18
51 15 29
51 16 11
51 17 9
51 18 12
51 19 8
51 20 20
51 21 21
51 22 8
51 23 1
51 24 9
51 25 31
51 26 2
51 27 5
51 28 18
51 29 20
51 30 27
51 31 11
51 32 17
51 33 18
51 34 8
51 35 2
51 36 7
51 37 29
51 38 31
51 39 12
51 40 27
51 41 28
51 42 1
51 43 8
51 44 24
51 45 3
51 46 9
51 47 22
51 48 23
51 49 27
51 50 25
52 0 2
52 1 17
52 2 3
52 3 31
52 4 14
52 5 14
52 6 31
52 7 14
52 8 13
52 9 9
52 10 4
52 11 8
52 12 11
52 13 5
52 14 4
52 15 17
52 16 14
52 17 29
52 18 16
52 19 20
52 20 21
52 21 4
52 22 2
52 23 25
52 24 27
52 25 21
52 26 18
52 27 13
52 28 22
52 29 1
52 30 20
52 31 21
52 32 26
52 33 10
52 34 4
52 35 30
52 36 17
52 37 11
52 38 15
52 39 6
52 40 13
52 41 3
52 42 13
52 43 27
52 44 23
52 45 24
52 46 27
52 47 4
52 48 7
52 49 20
52 50 31
52 51 10
53 0 24
53 1 26
53 2 31
53 3 6
53 4 3
53 5 13
53 6 27
53 7 6
53 8 13
53 9 13
53 10 30
53 11 13
53 12 25
53 13 18
53 14 23
53 15 6
53 16 16
53 17 16
53 18 19
53 19 2
53 20 20
53 21 21
53 22 16
53 23 31
53 24 29
53 25 4
53 26 10
53 27 6
53 28 10
53 29 16
53 30 21
53 31 8
53 32 29
53 33 27
53 34 24
53 35 4
53 36 13
53 37 15
53 38 2
53 39 21
53 40 21
53 41 8
53 42 13
53 43 12
53 44 16
53 45 25
53 46 22
53 47 28
53 48 2
53 49 11
53 50 31
53 51 16
53 52 17
