62
2 0 12
2 1 12
3 0 14
3 1 10
3 2 11
4 0 2
4 3 4
5 3 9
6 1 7
6 3 3
6 4 11
7 0 2
7 1 14
7 2 12
7 3 2
7 4 6
7 6 12
8 0 9
8 2 11
8 3 3
9 2 11
9 3 6
9 5 11
9 7 2
10 0 14
10 1 8
10 3 3
10 4 6
10 7 12
10 8 14
11 1 11
11 2 3
11 3 2
11 5 14
11 6 2
11 7 12
11 8 6
11 9 1
11 10 9
12 4 10
12 5 7
12 6 6
12 9 10
12 11 4
13 0 6
13 1 10
13 2 8
13 5 5
13 7 5
13 9 3
14 1 8
14 2 5
14 6 6
14 7 9
14 8 7
14 12 9
14 13 8
15 1 14
15 3 10
15 5 14
15 6 4
15 8 4
15 9 7
15 10 13
15 11 14
15 12 1
16 0 5
16 1 8
16 5 3
16 9 9
16 13 13
16 14 2
16 15 7
17 1 8
17 6 6
17 7 10
17 9 12
17 10 5
17 12 2
17 14 11
17 15 12
18 0 3
18 2 9
18 3 5
18 8 2
18 14 3
18 16 8
18 17 2
19 0 13
19 1 10
19 3 7
19 5 1
19 7 9
19 10 11
19 13 6
19 14 5
19 15 1
19 16 11
20 1 2
20 2 1
20 6 14
20 7 9
20 8 11
20 10 6
20 11 14
20 12 12
20 13 13
20 14 3
20 15 10
20 17 6
20 19 12
21 0 8
21 4 9
21 10 8
21 11 7
21 13 1
21 15 5
21 17 7
21 18 13
21 19 11
21 20 11
22 0 11
22 2 10
22 4 1
22 9 7
22 10 7
22 12 4
22 14 8
22 17 3
22 18 6
23 1 1
23 4 1
23 5 3
23 7 1
23 11 13
23 18 1
23 19 7
23 20 8
23 22 14
24 3 5
24 5 4
24 10 1
24 14 7
24 16 3
24 17 8
24 18 7
24 21 5
25 0 8
25 2 1
25 3 2
25 6 2
25 9 3
25 12 12
25 18 9
25 20 6
25 22 10
25 23 9
25 24 13
26 2 6
26 3 2
26 4 7
26 7 11
26 10 14
26 12 3
26 15 12
26 18 11
26 22 9
26 23 1
26 24 2
27 0 7
27 1 3
27 2 12
27 3 3
27 6 1
27 8 12
27 15 4
27 17 12
27 18 4
27 20 9
27 21 3
27 23 12
27 24 5
27 26 7
28 1 6
28 2 5
28 3 14
28 7 3
28 8 5
28 10 7
28 11 7
28 12 5
28 18 2
28 21 2
28 22 6
28 23 11
28 24 3
29 2 13
29 4 8
29 7 6
29 11 7
29 15 14
29 16 2
29 19 9
29 20 13
29 21 5
29 22 11
29 23 2
29 24 9
29 25 6
29 27 9
30 0 14
30 2 1
30 4 8
30 13 14
30 14 4
30 17 12
30 21 3
30 22 11
30 23 4
30 24 11
30 25 14
30 26 4
30 29 8
31 0 5
31 2 6
31 3 12
31 4 8
31 5 1
31 12 13
31 14 10
31 16 9
31 17 2
31 18 7
31 19 10
31 24 7
31 28 7
32 1 2
32 2 10
32 3 8
32 4 6
32 5 6
32 6 7
32 8 13
32 10 7
32 11 1
32 13 9
32 14 12
32 18 3
32 20 7
32 22 12
32 24 6
32 25 9
32 26 9
32 27 11
32 28 10
32 31 4
33 0 5
33 1 7
33 2 4
33 3 12
33 5 7
33 7 11
33 9 9
33 11 12
33 14 7
33 15 13
33 18 13
33 19 1
33 20 10
33 22 13
33 24 6
33 25 2
33 26 14
33 28 13
33 32 14
34 2 5
34 6 8
34 10 2
34 13 3
34 16 2
34 17 9
34 20 13
34 21 5
34 22 6
34 24 1
34 25 1
34 26 5
34 29 5
34 30 1
34 31 5
35 2 4
35 3 10
35 10 4
35 13 13
35 15 8
35 16 12
35 17 3
35 18 12
35 19 6
35 21 2
35 27 7
35 28 4
35 29 4
35 31 10
35 32 13
35 33 6
35 34 3
36 0 2
36 1 8
36 5 2
36 6 14
36 10 12
36 13 11
36 15 3
36 17 1
36 18 13
36 21 13
36 22 6
36 27 4
36 30 2
36 31 12
36 33 8
36 34 9
37 5 8
37 6 14
37 8 9
37 11 4
37 12 8
37 15 9
37 16 4
37 17 11
37 19 4
37 20 3
37 22 13
37 26 13
37 29 11
37 30 14
37 32 2
37 35 14
37 36 1
38 0 2
38 3 2
38 5 9
38 7 13
38 8 13
38 10 13
38 13 13
38 14 13
38 16 11
38 20 5
38 21 9
38 27 6
38 28 3
38 29 9
38 34 9
39 1 2
39 7 10
39 12 5
39 13 13
39 14 2
39 16 14
39 19 5
39 23 4
39 24 3
39 25 12
39 26 11
39 29 3
39 31 1
39 36 6
39 37 4
39 38 7
40 5 14
40 8 6
40 10 12
40 11 12
40 12 7
40 14 14
40 15 14
40 18 4
40 21 13
40 23 5
40 25 9
40 27 3
40 28 14
40 29 10
40 31 6
40 32 5
40 34 1
40 35 8
40 36 9
40 38 3
40 39 4
41 2 2
41 3 8
41 6 2
41 8 3
41 10 12
41 18 10
41 23 14
41 27 9
41 29 1
41 32 2
41 33 2
41 34 9
41 35 6
41 38 9
41 39 10
41 40 8
42 3 1
42 5 3
42 7 6
42 9 11
42 10 6
42 13 4
42 17 2
42 18 9
42 19 3
42 23 3
42 24 12
42 25 8
42 26 4
42 27 14
42 28 6
42 30 4
42 33 5
42 34 4
42 35 12
42 36 2
42 37 6
42 38 9
42 39 12
42 41 12
43 0 13
43 2 7
43 3 11
43 4 11
43 7 8
43 9 10
43 11 14
43 12 3
43 13 13
43 14 2
43 17 3
43 18 13
43 19 8
43 20 11
43 23 3
43 24 7
43 25 5
43 27 9
43 29 11
43 31 7
43 33 13
43 36 3
43 37 6
43 39 1
43 41 4
44 1 2
44 2 9
44 6 14
44 8 12
44 10 11
44 11 2
44 12 10
44 15 5
44 18 4
44 22 6
44 25 9
44 26 12
44 27 13
44 28 14
44 29 13
44 32 13
44 33 8
44 34 5
44 35 5
44 41 2
44 42 5
45 1 8
45 2 8
45 3 12
45 5 4
45 10 6
45 11 1
45 14 10
45 15 7
45 17 1
45 22 8
45 23 8
45 24 14
45 33 12
45 34 13
45 36 9
45 37 2
45 40 7
45 41 8
45 42 7
46 0 10
46 2 12
46 3 3
46 5 2
46 6 11
46 7 5
46 8 10
46 10 5
46 11 1
46 12 2
46 13 8
46 15 6
46 17 8
46 19 1
46 20 12
46 21 11
46 22 5
46 25 3
46 31 6
46 34 14
46 36 5
46 37 12
46 39 12
46 41 10
46 42 1
46 45 5
47 0 13
47 1 11
47 4 6
47 6 1
47 8 8
47 9 2
47 10 13
47 12 11
47 17 12
47 18 5
47 20 11
47 21 10
47 23 5
47 25 2
47 28 1
47 29 2
47 33 11
47 34 2
47 35 11
47 36 11
47 37 3
47 40 14
47 41 9
47 43 12
47 45 7
47 46 6
48 3 5
48 6 14
48 7 13
48 8 7
48 9 6
48 11 2
48 14 6
48 16 6
48 17 9
48 18 12
48 22 1
48 24 4
48 25 7
48 28 4
48 37 2
48 38 7
48 40 12
48 45 8
48 46 10
48 47 11
49 1 2
49 4 12
49 9 6
49 12 8
49 14 1
49 15 6
49 16 7
49 17 3
49 24 8
49 25 9
49 28 13
49 29 5
49 30 3
49 32 3
49 34 13
49 35 10
49 36 7
49 37 12
49 38 5
49 39 12
49 40 4
49 41 7
49 43 9
49 45 7
49 47 1
49 48 4
50 2 3
50 3 11
50 7 7
50 9 6
50 11 6
50 12 8
50 14 2
50 16 11
50 21 3
50 22 4
50 25 5
50 26 1
50 28 7
50 29 7
50 30 10
50 38 3
50 40 10
50 44 3
50 46 3
50 47 2
51 2 3
51 3 11
51 4 3
51 5 10
51 8 9
51 9 14
51 10 5
51 11 7
51 13 8
51 15 5
51 18 12
51 19 4
51 20 13
51 21 7
51 27 12
51 29 2
51 30 4
51 32 5
51 34 3
51 35 3
51 37 2
51 38 13
51 40 1
51 46 13
51 49 10
52 0 10
52 2 11
52 3 4
52 4 3
52 9 2
52 10 9
52 12 10
52 15 6
52 17 12
52 18 4
52 19 12
52 21 3
52 22 6
52 23 5
52 24 10
52 29 7
52 31 12
52 32 6
52 33 1
52 34 4
52 35 2
52 37 14
52 40 13
52 42 2
52 43 2
52 49 11
53 2 10
53 4 5
53 5 14
53 6 12
53 7 1
53 8 12
53 9 1
53 10 6
53 11 1
53 16 10
53 19 10
53 21 1
53 22 8
53 25 3
53 26 13
53 29 7
53 30 8
53 32 14
53 33 3
53 34 9
53 37 11
53 38 1
53 39 8
53 42 5
53 43 1
53 44 3
53 47 14
53 48 1
53 49 8
53 50 11
53 51 6
54 1 7
54 2 5
54 4 1
54 6 5
54 7 10
54 8 7
54 11 13
54 12 13
54 13 12
54 14 10
54 16 11
54 18 11
54 19 6
54 21 11
54 27 12
54 30 11
54 31 6
54 34 10
54 36 7
54 37 7
54 39 11
54 41 8
54 43 2
54 44 2
54 49 3
55 1 4
55 2 11
55 5 13
55 6 4
55 7 12
55 9 1
55 13 7
55 14 9
55 15 9
55 16 11
55 20 13
55 22 2
55 23 13
55 25 11
55 26 9
55 27 6
55 28 5
55 30 2
55 33 8
55 34 4
55 36 11
55 37 8
55 38 1
55 39 7
55 40 11
55 41 9
55 42 2
55 43 3
55 47 4
55 48 7
55 50 3
55 53 8
55 54 6
56 0 6
56 2 10
56 3 2
56 5 2
56 6 6
56 9 10
56 14 4
56 15 12
56 17 11
56 18 3
56 21 7
56 23 6
56 24 10
56 26 10
56 29 4
56 30 6
56 40 12
56 41 2
56 42 6
56 43 14
56 45 1
56 46 9
56 47 13
56 48 14
56 49 5
56 50 14
56 53 9
56 55 7
57 0 5
57 1 8
57 5 3
57 6 5
57 7 6
57 10 12
57 11 1
57 12 8
57 13 13
57 15 1
57 16 9
57 17 8
57 18 5
57 23 10
57 24 13
57 26 7
57 27 2
57 28 3
57 30 12
57 32 13
57 34 12
57 37 3
57 38 14
57 40 13
57 41 6
57 43 10
57 44 14
57 45 13
57 46 13
57 47 13
57 48 11
57 50 2
57 51 7
57 52 9
57 53 12
57 54 11
58 0 5
58 2 1
58 6 7
58 7 3
58 9 1
58 13 9
58 14 11
58 19 11
58 20 13
58 21 2
58 28 10
58 29 9
58 33 10
58 34 14
58 35 2
58 36 3
58 37 3
58 39 5
58 41 13
58 47 10
58 53 12
58 54 4
59 4 2
59 9 2
59 10 7
59 11 14
59 16 5
59 17 3
59 18 3
59 19 11
59 24 6
59 25 14
59 27 5
59 28 2
59 30 7
59 31 1
59 32 5
59 35 8
59 36 5
59 37 13
59 40 3
59 41 11
59 42 7
59 44 6
59 45 4
59 47 7
59 51 4
59 52 2
59 53 11
59 54 4
59 55 1
60 2 13
60 3 13
60 4 3
60 5 1
60 6 8
60 7 3
60 8 4
60 9 12
60 10 5
60 11 9
60 16 14
60 17 10
60 20 12
60 21 14
60 22 6
60 24 8
60 27 11
60 29 5
60 30 12
60 31 2
60 39 8
60 43 6
60 46 2
60 51 13
60 54 4
60 55 10
60 57 9
60 58 4
61 3 13
61 6 4
61 8 2
61 10 5
61 12 2
61 13 9
61 14 9
61 20 6
61 21 2
61 24 11
61 27 2
61 28 2
61 29 1
61 31 11
61 32 1
61 33 8
61 34 9
61 36 7
61 37 13
61 38 7
61 39 8
61 40 7
61 41 10
61 42 13
61 43 3
61 46 2
61 52 6
61 53 10
61 56 11
61 57 3
61 58 6
