21
1 0 43
2 0 50
2 1 30
3 0 46
3 2 6
4 0 24
4 1 12
4 2 48
6 0 40
6 1 38
6 2 62
6 3 66
6 5 15
7 0 69
7 2 6
7 3 68
7 4 69
7 5 4
8 1 45
8 2 41
8 4 35
9 0 2
9 1 53
9 2 48
9 4 33
9 5 21
10 2 58
10 4 64
10 5 45
10 6 4
10 9 17
11 0 7
11 1 10
11 4 57
11 5 27
11 8 26
12 0 39
12 3 46
12 6 36
12 9 59
13 1 54
13 5 70
13 8 18
14 0 2
14 2 62
14 4 13
14 5 54
14 7 6
14 8 38
14 9 57
14 10 62
14 11 51
14 13 59
15 0 51
15 1 30
15 3 55
15 5 69
15 7 46
15 8 4
15 10 58
15 12 64
15 14 48
16 0 33
16 2 68
16 3 45
16 4 2
16 7 12
16 10 4
16 13 67
16 14 24
17 0 13
17 2 67
17 9 24
17 10 45
17 12 69
17 15 52
17 16 61
18 1 14
18 2 46
18 7 20
18 9 52
18 14 70
18 16 62
19 1 58
19 2 54
19 3 11
19 4 22
19 6 40
19 7 37
19 8 42
19 9 21
19 12 36
19 14 18
19 15 56
19 17 52
20 3 12
20 4 22
20 8 27
20 9 19
20 10 42
20 12 26
20 18 5
20 19 18
