28
1 0 9
4 0 3
4 2 6
5 0 5
5 1 7
5 3 1
5 4 9
6 2 10
7 3 2
8 5 10
9 1 1
9 3 10
9 4 11
9 6 6
9 7 2
10 1 10
10 4 5
10 5 5
10 6 9
10 7 10
10 8 9
10 9 1
11 2 5
11 5 4
11 8 7
11 9 2
11 10 7
12 2 10
12 6 9
12 7 11
12 11 1
13 4 11
13 5 1
13 6 6
13 9 1
13 10 6
14 0 3
14 1 1
14 2 2
14 4 4
14 5 5
14 6 4
14 11 10
14 12 9
14 13 1
15 5 4
15 6 1
15 7 8
15 9 6
15 10 1
15 11 2
15 13 11
16 2 6
16 3 2
16 7 8
16 9 6
16 10 1
16 12 10
16 13 11
16 14 8
16 15 10
17 0 4
17 1 10
17 2 3
17 5 3
17 6 8
17 7 3
17 8 2
17 9 9
17 10 2
17 11 4
17 12 1
17 15 11
17 16 10
18 1 6
18 4 6
18 5 3
18 6 8
18 8 9
18 9 4
18 12 3
18 13 2
18 16 9
18 17 6
19 1 5
19 10 6
19 11 5
19 12 6
19 13 6
19 14 3
19 15 3
19 17 8
20 0 5
20 1 5
20 3 10
20 4 11
20 6 7
20 7 1
20 8 8
20 9 2
20 10 9
20 12 1
20 13 9
20 14 5
20 16 7
20 18 6
21 2 8
21 3 10
21 4 11
21 7 1
21 8 7
21 9 3
21 12 9
21 13 7
21 14 3
21 16 5
21 17 6
21 20 8
22 0 3
22 3 7
22 5 5
22 10 7
22 11 7
22 14 10
22 16 7
22 19 4
23 1 2
23 2 8
23 3 2
23 4 2
23 10 1
23 12 3
23 13 4
23 14 7
23 19 11
23 21 9
23 22 1
24 4 2
24 7 8
24 8 3
24 10 10
24 12 11
24 13 9
24 14 10
24 19 4
24 20 1
24 21 11
24 22 3
25 0 2
25 1 10
25 3 9
25 10 8
25 12 7
25 15 4
25 16 7
25 20 10
25 21 4
25 22 11
25 24 5
26 3 1
26 7 2
26 8 5
26 9 5
26 10 11
26 12 8
26 14 11
26 16 4
26 18 4
26 20 11
26 22 7
26 24 5
27 0 11
27 1 5
27 4 10
27 11 3
27 14 4
27 18 6
27 20 2
27 21 11
27 26 3
