57
1 0 8
3 1 6
4 0 13
4 1 19
4 2 19
4 3 4
5 0 8
5 3 15
5 4 5
6 0 15
6 3 20
6 4 3
6 5 19
7 0 1
7 1 18
7 2 4
7 3 3
7 4 15
7 5 19
7 6 20
8 1 15
8 2 12
8 3 8
8 5 13
9 0 8
9 2 20
9 3 13
9 4 2
9 5 14
9 7 9
10 4 4
10 6 19
10 7 14
10 8 11
10 9 11
11 0 17
11 1 9
11 2 16
11 6 5
11 8 10
11 9 14
11 10 3
12 0 7
12 1 4
12 3 3
12 4 2
12 7 16
12 8 4
12 10 3
12 11 18
13 0 1
13 2 6
13 3 12
13 5 4
13 7 16
13 8 16
14 0 11
14 1 10
14 2 1
14 4 16
14 5 5
14 6 12
14 7 4
14 8 17
14 12 16
15 0 2
15 2 6
15 5 8
15 13 14
15 14 6
16 0 2
16 1 7
16 2 6
16 3 15
16 4 18
16 5 4
16 7 4
16 8 15
16 9 10
16 11 10
16 15 6
17 0 4
17 1 5
17 2 8
17 3 20
17 7 7
17 9 4
17 10 7
17 12 19
17 14 11
18 0 1
18 3 6
18 5 13
18 7 18
18 9 12
18 10 20
18 11 6
18 13 11
18 14 9
18 15 11
19 0 16
19 8 19
19 9 10
19 11 9
19 12 16
19 13 17
19 16 6
19 17 6
19 18 17
20 0 15
20 2 3
20 3 10
20 4 6
20 5 17
20 6 3
20 7 12
20 12 17
20 14 18
20 15 20
20 17 15
20 18 11
20 19 1
21 0 15
21 1 7
21 2 17
21 5 3
21 9 7
21 10 17
21 11 11
21 13 15
21 15 18
21 18 7
21 19 3
22 0 14
22 4 20
22 8 14
22 10 12
22 11 6
22 12 7
22 14 17
22 17 2
23 1 11
23 2 6
23 6 1
23 7 15
23 8 16
23 9 5
23 10 5
23 11 18
23 12 12
23 13 3
23 15 6
23 16 19
23 20 8
24 0 2
24 2 9
24 4 14
24 5 2
24 6 9
24 8 8
24 11 13
24 12 8
24 14 3
24 15 20
24 18 13
24 21 18
25 5 6
25 6 8
25 8 9
25 10 7
25 12 1
25 13 19
25 15 7
25 18 15
25 21 2
26 0 15
26 2 13
26 3 1
26 5 12
26 6 3
26 9 3
26 15 12
26 18 14
26 19 11
26 20 16
26 21 11
26 22 13
26 24 10
27 1 17
27 2 7
27 6 9
27 8 6
27 9 4
27 10 5
27 14 11
27 15 20
27 16 5
27 17 7
27 23 7
27 26 14
28 1 9
28 3 9
28 4 10
28 5 18
28 7 6
28 8 5
28 10 18
28 13 17
28 14 13
28 21 10
28 22 2
28 23 10
28 24 20
28 25 3
28 27 11
29 1 20
29 2 2
29 3 17
29 4 6
29 7 19
29 9 8
29 14 15
29 15 14
29 16 15
29 20 15
29 21 2
29 22 2
29 23 9
29 27 13
30 2 12
30 3 19
30 4 17
30 7 11
30 8 17
30 14 7
30 16 5
30 17 13
30 18 13
30 20 15
30 21 5
30 23 11
30 25 17
30 27 18
30 28 4
30 29 3
31 0 5
31 3 13
31 4 13
31 7 18
31 8 2
31 11 16
31 12 12
31 16 8
31 17 2
31 18 17
31 19 9
31 20 18
31 21 19
31 25 6
31 26 6
31 28 18
31 29 14
31 30 17
32 0 1
32 2 14
32 3 19
32 4 6
32 5 2
32 7 4
32 8 3
32 9 17
32 10 8
32 14 9
32 15 20
32 19 14
32 20 11
32 21 14
32 23 16
32 25 6
32 26 18
32 29 13
32 30 8
33 1 1
33 2 4
33 3 1
33 5 4
33 6 5
33 7 3
33 11 2
33 13 7
33 16 3
33 17 15
33 18 14
33 20 16
33 21 1
33 22 5
33 26 17
33 27 15
33 28 14
33 29 13
33 32 5
34 1 15
34 2 17
34 3 17
34 10 10
34 11 4
34 12 3
34 14 7
34 16 1
34 18 7
34 21 17
34 23 5
34 25 12
34 26 11
34 29 2
34 30 2
34 31 8
35 0 18
35 1 1
35 2 16
35 3 16
35 10 12
35 13 9
35 15 2
35 23 11
35 26 10
35 27 10
35 28 11
35 34 1
36 0 16
36 2 10
36 4 2
36 5 1
36 6 7
36 7 19
36 11 6
36 15 14
36 16 4
36 17 15
36 18 17
36 19 16
36 22 11
36 24 18
36 25 14
36 26 13
36 27 3
36 30 8
36 31 16
36 34 18
37 0 19
37 1 11
37 3 15
37 5 18
37 6 1
37 8 20
37 9 1
37 10 6
37 11 11
37 13 19
37 15 9
37 18 7
37 20 9
37 21 4
37 22 4
37 24 7
37 28 18
37 29 20
37 33 15
37 35 19
37 36 12
38 0 12
38 1 18
38 2 5
38 3 14
38 10 7
38 11 16
38 13 3
38 15 20
38 16 16
38 17 13
38 20 16
38 21 8
38 22 1
38 23 7
38 27 16
38 29 6
38 30 7
38 31 5
38 32 4
38 35 12
38 37 7
39 1 3
39 4 5
39 6 4
39 9 10
39 11 2
39 12 1
39 13 15
39 14 19
39 15 6
39 18 6
39 19 9
39 20 20
39 22 13
39 23 18
39 25 12
39 26 2
39 29 9
39 30 5
39 31 17
39 34 16
39 35 4
39 38 6
40 1 11
40 3 13
40 12 5
40 13 5
40 16 3
40 19 7
40 20 18
40 21 5
40 23 14
40 24 2
40 25 15
40 26 7
40 27 13
40 28 11
40 36 13
40 37 13
40 38 11
40 39 5
41 0 5
41 1 4
41 2 18
41 3 17
41 4 19
41 5 11
41 7 18
41 8 15
41 9 18
41 10 3
41 11 18
41 13 1
41 15 20
41 18 5
41 21 5
41 24 16
41 27 18
41 30 14
41 31 15
41 32 11
41 33 1
41 36 17
41 37 2
41 38 1
41 39 16
41 40 8
42 1 9
42 2 10
42 6 14
42 7 7
42 8 5
42 9 5
42 10 13
42 16 6
42 17 7
42 20 4
42 21 15
42 26 17
42 27 16
42 28 17
42 31 4
42 36 10
42 41 2
43 0 20
43 3 10
43 5 6
43 6 12
43 11 18
43 14 3
43 15 19
43 19 6
43 20 13
43 25 16
43 27 1
43 28 13
43 29 3
43 30 4
43 33 5
43 36 13
43 37 2
43 39 11
43 40 3
43 42 2
44 0 8
44 1 9
44 2 10
44 3 19
44 6 3
44 9 1
44 10 18
44 11 5
44 13 7
44 16 11
44 20 11
44 21 6
44 22 9
44 23 10
44 24 8
44 26 15
44 29 18
44 32 13
44 35 7
44 36 4
44 37 7
44 38 17
44 40 19
44 43 18
45 0 13
45 4 4
45 6 2
45 7 17
45 8 13
45 11 10
45 12 13
45 14 5
45 15 18
45 17 10
45 21 4
45 22 7
45 24 11
45 38 10
45 39 14
46 1 12
46 3 11
46 5 2
46 7 19
46 8 3
46 13 16
46 19 7
46 24 7
46 26 5
46 28 19
46 29 17
46 31 3
46 35 1
46 37 10
46 38 13
46 42 18
46 44 6
47 2 1
47 3 15
47 4 18
47 7 1
47 8 4
47 10 18
47 11 5
47 13 19
47 15 7
47 16 9
47 18 18
47 19 11
47 20 9
47 23 20
47 25 19
47 26 1
47 27 8
47 28 11
47 32 9
47 34 6
47 38 2
47 39 18
47 41 11
47 42 18
47 44 1
47 46 17
48 0 8
48 1 16
48 3 6
48 6 12
48 8 20
48 9 14
48 10 14
48 11 9
48 17 9
48 19 11
48 22 14
48 23 4
48 26 5
48 27 2
48 29 14
48 30 8
48 32 18
48 33 7
48 37 13
48 38 14
48 39 16
48 42 15
48 43 15
48 44 20
48 45 16
48 46 18
49 3 4
49 5 14
49 6 12
49 7 8
49 9 19
49 10 4
49 13 14
49 14 6
49 17 4
49 20 9
49 23 18
49 24 17
49 25 12
49 27 6
49 30 10
49 33 13
49 34 3
49 35 15
49 37 12
49 38 6
49 41 5
49 42 16
49 43 20
49 45 4
49 46 6
49 48 12
50 1 5
50 2 2
50 3 7
50 6 15
50 8 2
50 9 11
50 10 14
50 11 13
50 16 1
50 17 6
50 18 5
50 19 7
50 30 10
50 31 11
50 35 7
50 38 19
50 39 18
50 40 15
50 42 9
50 43 10
50 45 15
51 0 13
51 1 6
51 3 10
51 4 15
51 6 20
51 8 17
51 9 20
51 10 1
51 11 20
51 12 17
51 17 2
51 18 6
51 20 14
51 21 20
51 23 12
51 27 12
51 28 10
51 30 15
51 34 16
51 35 12
51 36 20
51 37 7
51 41 18
51 42 7
51 43 13
51 44 5
51 45 12
51 46 6
51 47 12
51 49 9
51 50 8
52 0 2
52 2 16
52 4 3
52 5 20
52 6 5
52 7 14
52 9 19
52 10 9
52 12 1
52 13 10
52 14 18
52 15 14
52 16 2
52 19 11
52 22 4
52 23 7
52 24 11
52 26 17
52 27 2
52 28 4
52 29 14
52 34 9
52 35 16
52 36 14
52 37 16
52 38 1
52 40 3
52 45 18
52 46 2
52 47 20
52 48 1
52 50 1
53 3 4
53 7 8
53 8 1
53 9 8
53 11 12
53 12 17
53 13 19
53 15 15
53 17 19
53 19 14
53 20 10
53 23 16
53 24 14
53 25 15
53 26 9
53 29 13
53 33 4
53 35 6
53 40 17
53 41 4
53 42 15
53 43 13
53 44 11
53 46 13
53 48 2
53 50 6
53 51 17
53 52 10
54 3 1
54 4 4
54 8 15
54 9 12
54 11 18
54 12 10
54 14 1
54 16 10
54 17 12
54 19 19
54 20 19
54 21 19
54 22 4
54 23 10
54 24 11
54 28 5
54 32 2
54 34 6
54 38 3
54 40 5
54 42 6
54 43 1
54 47 19
54 49 19
54 51 4
55 0 12
55 2 5
55 6 11
55 7 15
55 9 9
55 11 18
55 13 9
55 16 4
55 20 10
55 21 12
55 23 10
55 25 8
55 26 14
55 30 18
55 33 14
55 35 8
55 39 2
55 43 14
55 51 1
56 7 12
56 11 1
56 12 10
56 14 11
56 17 9
56 18 1
56 19 3
56 22 13
56 28 5
56 29 3
56 30 16
56 31 6
56 32 8
56 33 18
56 34 5
56 35 1
56 36 13
56 37 9
56 38 16
56 40 13
56 42 1
56 43 1
56 45 10
56 48 1
56 50 5
56 51 6
56 54 6
56 55 19
