39
1 0 16
2 0 38
2 1 29
3 0 47
3 1 35
3 2 20
4 0 23
4 1 12
4 2 7
4 3 17
5 0 20
5 1 8
5 2 29
5 3 5
5 4 24
6 0 27
6 1 26
6 2 29
6 3 3
6 4 11
6 5 1
7 0 11
7 1 48
7 2 31
7 3 19
7 4 34
7 5 6
7 6 4
8 0 34
8 1 32
8 2 41
8 3 4
8 4 15
8 5 7
8 6 20
8 7 33
9 0 40
9 1 19
9 2 25
9 3 40
9 4 43
9 5 26
9 6 22
9 7 35
9 8 9
10 0 9
10 1 29
10 2 7
10 3 24
10 4 38
10 5 1
10 6 7
10 7 8
10 8 35
10 9 39
11 0 17
11 1 43
11 2 43
11 3 3
11 4 2
11 5 38
11 6 36
11 7 37
11 8 25
11 9 17
11 10 46
12 0 44
12 1 25
12 2 23
12 3 35
12 4 46
12 5 46
12 6 36
12 7 5
12 8 42
12 9 33
12 10 43
12 11 19
13 0 36
13 1 29
13 2 40
13 3 24
13 4 42
13 5 40
13 6 31
13 7 46
13 8 17
13 9 15
13 10 37
13 11 3
13 12 40
14 0 30
14 1 48
14 2 4
14 3 47
14 4 43
14 5 43
14 6 29
14 7 39
14 8 21
14 9 15
14 10 28
14 11 44
14 12 6
14 13 19
15 0 26
15 1 48
15 2 44
15 3 34
15 4 45
15 5 34
15 6 29
15 7 21
15 8 42
15 9 22
15 10 19
15 11 17
15 12 17
15 13 22
15 14 18
16 0 18
16 1 46
16 2 33
16 3 40
16 4 44
16 5 38
16 6 3
16 7 27
16 8 5
16 9 25
16 10 7
16 11 14
16 12 35
16 13 27
16 14 25
16 15 37
17 0 27
17 1 14
17 2 5
17 3 10
17 4 7
17 5 40
17 6 17
17 7 16
17 8 27
17 9 2
17 10 1
17 11 5
17 12 24
17 13 28
17 14 5
17 15 28
17 16 29
18 0 10
18 1 47
18 2 47
18 3 14
18 4 32
18 5 33
18 6 32
18 7 2
18 8 43
18 9 21
18 10 21
18 11 4
18 12 15
18 13 4
18 14 32
18 15 9
18 16 25
18 17 28
19 0 4
19 1 23
19 2 27
19 3 37
19 4 5
19 5 45
19 6 33
19 7 24
19 8 1
19 9 41
19 10 10
19 11 24
19 12 35
19 13 11
19 14 42
19 15 4
19 16 22
19 17 11
19 18 41
20 0 42
20 1 41
20 2 43
20 3 16
20 4 47
20 5 18
20 6 40
20 7 13
20 8 13
20 9 39
20 10 28
20 11 32
20 12 47
20 13 21
20 14 42
20 15 39
20 16 18
20 17 48
20 18 46
20 19 36
21 0 25
21 1 37
21 2 40
21 3 20
21 4 11
21 5 5
21 6 43
21 7 11
21 8 38
21 9 13
21 10 11
21 11 23
21 12 2
21 13 40
21 14 4
21 15 24
21 16 41
21 17 22
21 18 33
21 19 10
21 20 9
22 0 44
22 1 29
22 2 10
22 3 11
22 4 2
22 5 24
22 6 2
22 7 6
22 8 26
22 9 40
22 10 1
22 11 30
22 12 4
22 13 36
22 14 27
22 15 24
22 16 2
22 17 19
22 18 14
22 19 13
22 20 34
22 21 22
23 0 12
23 1 10
23 2 5
23 3 19
23 4 37
23 5 6
23 6 23
23 7 36
23 8 47
23 9 30
23 10 8
23 11 35
23 12 7
23 13 39
23 14 19
23 15 38
23 16 9
23 17 32
23 18 18
23 19 36
23 20 42
23 21 24
23 22 25
24 0 39
24 1 42
24 2 9
24 3 34
24 4 36
24 5 28
24 6 17
24 7 3
24 8 41
24 9 11
24 10 8
24 11 28
24 12 8
24 13 43
24 14 3
24 15 19
24 16 34
24 17 7
24 18 6
24 19 38
24 20 17
24 21 43
24 22 45
24 23 13
25 0 25
25 1 15
25 2 23
25 3 42
25 4 48
25 5 42
25 6 48
25 7 3
25 8 21
25 9 6
25 10 4
25 11 30
25 12 22
25 13 34
25 14 28
25 15 13
25 16 15
25 17 20
25 18 29
25 19 14
25 20 23
25 21 31
25 22 8
25 23 45
25 24 47
26 0 31
26 1 10
26 2 40
26 3 38
26 4 35
26 5 29
26 6 19
26 7 44
26 8 12
26 9 1
26 10 40
26 11 8
26 12 20
26 13 17
26 14 42
26 15 17
26 16 16
26 17 47
26 18 21
26 19 26
26 20 3
26 21 23
26 22 25
26 23 36
26 24 17
26 25 15
27 0 46
27 1 12
27 2 25
27 3 24
27 4 14
27 5 42
27 6 18
27 7 24
27 8 33
27 9 27
27 10 26
27 11 40
27 12 4
27 13 45
27 14 12
27 15 44
27 16 6
27 17 16
27 18 22
27 19 19
27 20 39
27 21 34
27 22 13
27 23 42
27 24 23
27 25 35
27 26 22
28 0 31
28 1 46
28 2 20
28 3 44
28 4 14
28 5 35
28 6 19
28 7 14
28 8 31
28 9 36
28 10 33
28 11 47
28 12 43
28 13 39
28 14 22
28 15 24
28 16 39
28 17 45
28 18 18
28 19 31
28 20 4
28 21 15
28 22 3
28 23 4
28 24 30
28 25 11
28 26 14
28 27 13
29 0 3
29 1 25
29 2 32
29 3 40
29 4 43
29 5 13
29 6 44
29 7 43
29 8 43
29 9 40
29 10 1
29 11 38
29 12 2
29 13 16
29 14 46
29 15 18
29 16 34
29 17 19
29 18 37
29 19 32
29 20 3
29 21 23
29 22 46
29 23 27
29 24 43
29 25 18
29 26 37
29 27 12
29 28 19
30 0 27
30 1 31
30 2 39
30 3 21
30 4 16
30 5 3
30 6 39
30 7 20
30 8 23
30 9 20
30 10 28
30 11 3
30 12 5
30 13 27
30 14 24
30 15 48
30 16 25
30 17 27
30 18 25
30 19 40
30 20 47
30 21 18
30 22 32
30 23 25
30 24 40
30 25 28
30 26 24
30 27 17
30 28 16
30 29 34
31 0 16
31 1 2
31 2 45
31 3 12
31 4 9
31 5 21
31 6 20
31 7 38
31 8 20
31 9 1
31 10 21
31 11 39
31 12 28
31 13 19
31 14 42
31 15 46
31 16 8
31 17 47
31 18 39
31 19 42
31 20 46
31 21 42
31 22 9
31 23 44
31 24 19
31 25 39
31 26 15
31 27 21
31 28 48
31 29 11
31 30 40
32 0 13
32 1 45
32 2 7
32 3 45
32 4 33
32 5 9
32 6 18
32 7 29
32 8 3
32 9 37
32 10 8
32 11 31
32 12 43
32 13 16
32 14 18
32 15 19
32 16 37
32 17 26
32 18 31
32 19 24
32 20 45
32 21 28
32 22 18
32 23 12
32 24 48
32 25 27
32 26 16
32 27 7
32 28 7
32 29 16
32 30 10
32 31 46
33 0 47
33 1 17
33 2 25
33 3 8
33 4 36
33 5 31
33 6 25
33 7 36
33 8 31
33 9 33
33 10 10
33 11 34
33 12 20
33 13 40
33 14 22
33 15 30
33 16 16
33 17 48
33 18 4
33 19 10
33 20 28
33 21 10
33 22 42
33 23 38
33 24 15
33 25 23
33 26 19
33 27 6
33 28 46
33 29 6
33 30 5
33 31 35
33 32 39
34 0 20
34 1 26
34 2 46
34 3 30
34 4 14
34 5 13
34 6 18
34 7 46
34 8 15
34 9 22
34 10 11
34 11 18
34 12 14
34 13 15
34 14 41
34 15 48
34 16 9
34 17 45
34 18 29
34 19 32
34 20 14
34 21 7
34 22 20
34 23 38
34 24 29
34 25 21
34 26 11
34 27 43
34 28 3
34 29 44
34 30 42
34 31 12
34 32 2
34 33 8
35 0 1
35 1 4
35 2 11
35 3 15
35 4 17
35 5 9
35 6 42
35 7 24
35 8 12
35 9 5
35 10 35
35 11 41
35 12 19
35 13 9
35 14 33
35 15 25
35 16 3
35 17 8
35 18 25
35 19 15
35 20 18
35 21 35
35 22 13
35 23 6
35 24 13
35 25 41
35 26 22
35 27 4
35 28 20
35 29 22
35 30 42
35 31 8
35 32 2
35 33 28
35 34 32
36 0 36
36 1 24
36 2 27
36 3 10
36 4 9
36 5 3
36 6 19
36 7 35
36 8 26
36 9 8
36 10 29
36 11 32
36 12 5
36 13 17
36 14 14
36 15 26
36 16 1
36 17 12
36 18 2
36 19 15
36 20 27
36 21 30
36 22 40
36 23 2
36 24 28
36 25 16
36 26 20
36 27 1
36 28 12
36 29 22
36 30 21
36 31 28
36 32 13
36 33 14
36 34 22
36 35 27
37 0 41
37 1 36
37 2 36
37 3 48
37 4 21
37 5 18
37 6 17
37 7 28
37 8 44
37 9 8
37 10 36
37 11 26
37 12 28
37 13 27
37 14 14
37 15 35
37 16 19
37 17 39
37 18 5
37 19 23
37 20 5
37 21 13
37 22 9
37 23 33
37 24 13
37 25 47
37 26 1
37 27 16
37 28 17
37 29 23
37 30 22
37 31 4
37 32 25
37 33 45
37 34 21
37 35 5
37 36 19
38 0 12
38 1 7
38 2 35
38 3 18
38 4 44
38 5 41
38 6 1
38 7 6
38 8 22
38 9 46
38 10 16
38 11 1
38 12 10
38 13 13
38 14 4
38 15 10
38 16 6
38 17 45
38 18 34
38 19 13
38 20 17
38 21 39
38 22 17
38 23 17
38 24 37
38 25 33
38 26 33
38 27 46
38 28 19
38 29 34
38 30 4
38 31 10
38 32 27
38 33 19
38 34 1
38 35 13
38 36 16
38 37 30
