17
1 0 20
2 1 6
3 0 41
3 1 9
4 3 5
5 1 12
5 3 25
6 1 40
6 3 38
7 0 16
7 1 48
7 4 26
8 0 13
8 1 6
8 4 42
8 6 1
8 7 20
9 3 11
9 8 45
10 2 27
10 4 9
10 6 17
10 7 9
10 9 42
11 0 50
11 1 50
11 3 13
11 6 9
11 10 26
12 0 10
12 3 29
12 7 49
12 9 38
12 10 13
12 11 24
13 0 16
13 1 4
13 2 40
13 4 18
13 5 25
13 6 30
13 7 6
13 8 46
13 9 36
13 10 20
13 12 7
14 1 47
14 5 33
14 6 21
14 7 21
14 8 18
14 10 4
14 11 8
14 12 28
14 13 33
15 0 32
15 1 14
15 2 50
15 3 2
15 6 18
15 7 41
15 12 30
15 13 42
16 2 20
16 3 51
16 7 26
16 8 42
16 9 21
16 13 51
16 14 21
16 15 11
