44
1 0 6
3 1 15
4 0 16
5 1 25
6 0 7
6 2 3
6 3 3
7 0 14
7 3 19
7 4 14
7 6 22
8 2 24
8 5 17
8 6 11
9 0 27
9 1 9
9 5 7
9 8 24
10 2 7
10 3 25
10 5 28
10 6 23
10 7 8
10 8 27
10 9 23
11 0 24
11 1 24
11 3 1
11 4 8
11 8 8
11 9 9
11 10 27
12 0 8
12 1 6
12 6 15
12 8 24
12 9 11
13 0 13
13 1 5
13 6 21
13 8 9
13 9 14
13 11 26
14 2 8
14 3 28
14 5 5
14 6 8
14 7 5
14 8 27
14 9 28
15 1 11
15 2 8
15 8 23
16 0 23
16 1 10
16 5 13
16 7 15
16 9 13
16 10 5
16 11 14
16 12 25
16 13 26
16 14 28
16 15 11
17 1 4
17 2 19
17 4 24
17 5 15
17 8 24
17 11 17
17 14 26
17 15 1
18 0 14
18 1 10
18 2 21
18 3 24
18 4 10
18 7 29
18 8 19
18 9 15
18 10 21
18 14 24
18 15 14
19 0 20
19 3 11
19 4 16
19 8 16
19 11 13
19 15 23
20 0 21
20 1 10
20 3 20
20 4 16
20 5 29
20 11 20
20 14 14
20 15 29
20 16 15
21 1 12
21 2 16
21 3 20
21 5 9
21 7 23
21 9 21
21 10 25
21 11 26
21 12 6
21 13 28
21 14 24
21 15 12
21 16 11
21 17 20
21 19 5
22 2 25
22 4 27
22 11 28
22 14 15
22 16 3
22 18 18
22 19 27
22 20 27
22 21 27
23 3 24
23 7 19
23 9 1
23 10 7
23 11 11
23 12 10
23 13 2
23 14 11
23 17 19
23 20 15
23 21 11
24 0 23
24 1 21
24 2 15
24 3 19
24 4 7
24 6 15
24 12 19
24 14 5
24 17 8
24 18 20
24 20 18
24 21 18
25 1 20
25 4 28
25 9 25
25 10 6
25 11 29
25 13 13
25 14 13
25 15 8
25 17 28
25 22 4
25 23 10
25 24 15
26 2 11
26 3 1
26 5 9
26 10 25
26 11 17
26 12 12
26 13 9
26 17 14
26 20 12
26 22 22
26 23 7
27 1 7
27 3 3
27 4 22
27 5 2
27 7 16
27 8 17
27 10 28
27 11 10
27 12 4
27 13 27
27 14 24
27 15 23
27 17 6
27 19 7
27 20 23
27 21 15
27 25 4
27 26 16
28 0 8
28 1 7
28 2 2
28 3 25
28 4 24
28 11 25
28 13 7
28 17 14
28 20 15
28 22 27
28 24 28
28 26 3
28 27 13
29 2 2
29 6 18
29 7 15
29 8 17
29 9 24
29 12 25
29 13 29
29 14 10
29 19 9
29 20 11
29 21 29
29 22 18
29 23 22
29 24 6
29 25 25
29 27 1
30 2 8
30 3 5
30 4 29
30 6 4
30 7 28
30 13 3
30 14 22
30 15 26
30 17 5
30 18 18
30 21 15
30 24 28
30 26 20
30 28 15
30 29 3
31 0 26
31 3 20
31 5 15
31 7 7
31 9 4
31 12 18
31 13 27
31 14 17
31 15 8
31 16 27
31 18 5
31 21 28
31 22 24
31 24 3
31 26 6
31 27 19
32 1 10
32 2 24
32 5 24
32 14 9
32 16 8
32 20 23
32 22 24
32 23 24
32 26 23
32 27 26
32 28 23
32 30 8
33 0 9
33 1 22
33 3 13
33 4 11
33 5 6
33 6 21
33 7 5
33 13 13
33 14 6
33 15 12
33 16 24
33 17 29
33 19 14
33 21 21
33 22 12
33 24 17
33 25 16
33 26 17
33 29 7
33 30 25
34 0 14
34 1 1
34 2 8
34 4 15
34 8 15
34 11 21
34 12 5
34 15 11
34 17 18
34 21 8
34 24 25
34 25 2
34 26 26
34 29 5
34 31 10
34 32 17
34 33 11
35 2 18
35 6 16
35 7 26
35 12 10
35 14 11
35 15 10
35 16 4
35 17 19
35 18 26
35 19 5
35 20 25
35 22 20
35 23 12
35 25 18
35 29 24
35 30 12
35 33 18
36 0 18
36 2 14
36 3 5
36 5 11
36 7 18
36 9 23
36 10 19
36 16 4
36 22 17
36 26 20
36 28 25
36 29 5
36 31 15
36 32 22
36 34 3
36 35 3
37 2 1
37 3 7
37 5 2
37 6 24
37 7 22
37 8 9
37 9 18
37 10 15
37 11 26
37 13 25
37 18 21
37 19 17
37 22 22
37 23 2
37 29 29
37 31 21
37 34 14
38 2 16
38 4 6
38 5 15
38 6 29
38 8 21
38 9 26
38 11 3
38 12 13
38 13 5
38 14 25
38 15 8
38 18 9
38 19 5
38 22 21
38 30 13
38 32 24
38 35 16
39 4 14
39 5 2
39 9 1
39 10 15
39 11 18
39 13 6
39 14 9
39 17 11
39 18 10
39 19 19
39 21 9
39 24 27
39 27 26
39 31 4
39 32 13
39 36 23
39 37 6
40 0 24
40 2 21
40 4 16
40 5 24
40 9 16
40 11 3
40 12 17
40 13 3
40 22 14
40 24 14
40 26 21
40 27 28
40 29 29
40 36 21
40 37 18
40 38 11
40 39 8
41 1 26
41 2 22
41 3 23
41 4 23
41 5 28
41 6 13
41 7 11
41 11 16
41 12 20
41 15 27
41 16 10
41 18 9
41 19 16
41 22 10
41 23 29
41 25 25
41 30 25
41 31 10
41 32 29
41 34 20
41 35 23
41 39 25
41 40 12
42 1 27
42 2 19
42 3 26
42 4 19
42 5 1
42 7 27
42 9 11
42 10 25
42 13 9
42 14 2
42 15 19
42 20 7
42 21 22
42 23 12
42 24 18
42 25 9
42 28 6
42 29 10
42 30 3
42 32 16
42 33 11
42 34 18
42 35 20
42 37 21
42 38 28
42 40 28
42 41 26
43 0 21
43 2 23
43 3 11
43 4 5
43 9 3
43 11 16
43 14 4
43 18 2
43 19 21
43 21 28
43 22 2
43 23 6
43 24 25
43 29 25
43 31 13
43 36 21
43 37 21
43 38 28
43 39 11
43 40 12
