34
2 0 4
2 1 5
3 2 15
4 0 17
4 1 21
5 1 10
5 3 3
6 0 5
6 2 13
6 3 2
6 4 23
7 2 8
7 4 15
7 6 9
8 1 12
8 2 15
9 0 23
9 4 3
9 5 14
10 2 2
10 4 10
10 8 13
11 0 16
11 1 17
11 4 9
11 10 8
12 0 12
12 1 3
12 2 17
12 7 16
12 10 14
12 11 3
13 0 19
13 2 13
13 6 9
13 8 18
13 9 9
14 3 21
14 9 10
14 10 17
14 11 10
14 12 17
14 13 16
15 3 16
15 7 1
15 11 24
15 14 12
16 0 23
16 3 15
16 6 17
16 8 10
16 9 12
16 11 24
17 1 23
17 4 1
17 5 15
17 8 21
17 10 20
17 12 8
17 13 22
17 16 8
18 4 12
18 5 11
18 6 1
18 11 17
18 12 15
18 15 15
18 16 23
19 0 11
19 1 22
19 3 20
19 5 20
19 6 19
19 7 7
19 12 1
19 15 1
19 17 23
19 18 8
20 0 1
20 1 16
20 4 10
20 8 7
20 12 18
20 13 14
20 14 24
20 15 8
20 16 14
20 18 9
20 19 3
21 1 23
21 2 15
21 4 2
21 6 22
21 7 15
21 8 11
21 11 12
21 12 12
21 15 17
21 16 20
21 17 22
21 18 4
21 19 20
22 0 5
22 2 7
22 5 11
22 7 13
22 10 5
22 11 20
22 15 14
22 16 16
22 19 5
22 21 24
23 0 2
23 1 23
23 3 14
23 10 19
23 11 6
23 13 23
23 14 21
23 18 18
23 20 8
23 21 16
24 0 4
24 2 22
24 3 4
24 4 12
24 6 20
24 7 10
24 8 16
24 10 20
24 11 1
24 12 21
24 14 15
24 16 12
24 22 2
25 3 8
25 4 20
25 8 7
25 9 1
25 13 15
25 14 24
25 15 11
25 17 2
25 19 10
25 20 18
25 21 7
26 0 7
26 1 8
26 3 2
26 6 22
26 10 13
26 11 24
26 14 20
26 15 19
26 18 8
26 20 10
26 21 1
26 23 17
26 24 22
27 0 21
27 1 21
27 2 19
27 4 21
27 8 22
27 12 24
27 14 17
27 17 12
27 19 18
27 21 13
27 23 9
27 25 8
27 26 16
28 3 18
28 4 1
28 12 7
28 13 6
28 14 1
28 15 3
28 16 1
28 17 11
28 18 16
28 19 24
28 20 9
28 21 22
28 24 13
28 26 19
28 27 15
29 0 12
29 2 15
29 3 12
29 4 22
29 5 17
29 6 6
29 8 1
29 11 21
29 14 3
29 15 5
29 17 16
29 18 13
29 19 8
29 21 20
29 22 12
29 23 1
29 26 7
30 0 11
30 2 16
30 3 4
30 5 18
30 7 7
30 8 24
30 13 15
30 14 21
30 17 20
30 20 6
30 22 5
30 27 8
30 29 1
31 2 8
31 3 15
31 4 24
31 6 6
31 7 23
31 9 13
31 10 8
31 13 22
31 14 10
31 15 4
31 18 24
31 25 24
31 27 7
31 28 24
31 30 5
32 0 18
32 1 16
32 3 11
32 5 18
32 7 7
32 8 9
32 9 17
32 10 17
32 12 20
32 13 2
32 14 16
32 17 8
32 20 17
32 22 8
32 23 12
32 31 4
33 1 13
33 7 22
33 8 11
33 9 20
33 12 5
33 16 3
33 17 5
33 19 9
33 20 4
33 21 22
33 23 18
33 24 18
33 25 20
33 29 23
33 30 20
33 32 22
