64
1 0 9
2 0 9
3 2 7
4 0 8
4 2 12
4 3 3
5 0 14
5 1 11
6 0 12
6 1 11
6 4 9
6 5 12
7 0 12
7 2 9
7 3 2
7 4 12
8 0 11
8 3 5
8 4 3
8 6 11
8 7 3
9 3 7
10 1 4
10 3 9
10 5 13
10 7 13
10 9 8
11 0 3
11 1 6
11 3 9
11 4 2
11 5 1
11 8 1
11 9 14
12 2 11
12 3 14
12 4 9
12 5 5
12 7 8
12 10 9
13 0 7
13 1 3
13 2 6
13 4 4
13 5 11
13 6 14
13 11 1
14 2 9
14 8 1
14 10 5
14 13 14
15 0 11
15 1 5
15 2 4
15 6 14
15 7 14
15 8 3
15 10 8
15 14 10
16 0 6
16 2 11
16 4 9
16 9 13
16 12 9
17 4 10
17 10 3
17 13 12
17 14 13
17 15 11
17 16 6
18 4 10
18 5 3
18 7 1
18 10 5
18 11 7
18 15 2
19 3 5
19 4 5
19 6 7
19 7 4
19 8 13
19 9 7
19 11 1
19 12 5
19 15 11
19 16 10
20 0 13
20 2 3
20 3 10
20 5 4
20 7 13
20 10 6
20 12 11
20 13 4
20 14 11
20 19 2
21 0 2
21 1 6
21 7 8
21 10 9
21 11 4
21 12 2
21 13 12
21 14 9
21 15 8
21 16 13
21 17 12
21 18 5
21 20 11
22 0 3
22 3 1
22 6 7
22 7 10
22 9 2
22 10 8
22 11 12
22 12 5
22 13 13
23 1 6
23 2 3
23 4 6
23 5 3
23 6 2
23 7 1
23 8 14
23 10 11
23 11 10
23 12 4
23 13 13
23 14 13
23 17 8
23 19 10
23 21 5
23 22 5
24 0 12
24 2 11
24 5 7
24 6 14
24 7 7
24 9 13
24 14 3
24 16 14
24 17 9
24 18 4
24 19 1
24 20 3
24 22 5
25 0 12
25 1 10
25 3 4
25 4 9
25 5 13
25 7 4
25 8 10
25 9 2
25 10 5
25 12 4
25 13 8
25 14 1
25 16 8
25 17 3
25 19 8
25 20 11
25 21 13
25 22 6
26 1 10
26 2 3
26 8 10
26 13 7
26 15 1
26 16 10
26 18 3
26 20 14
26 24 6
27 1 14
27 3 9
27 4 4
27 5 14
27 9 6
27 10 14
27 11 1
27 13 7
27 15 9
27 17 9
27 21 1
27 22 2
27 23 7
27 26 1
28 2 6
28 3 11
28 4 7
28 6 2
28 7 5
28 8 12
28 9 9
28 11 13
28 13 10
28 14 8
28 15 3
28 18 10
28 20 14
28 21 7
28 24 3
28 27 4
29 0 12
29 1 13
29 3 1
29 5 10
29 7 8
29 13 9
29 14 10
29 16 12
29 17 6
29 18 4
29 21 6
29 22 1
29 24 7
29 25 3
29 28 8
30 3 8
30 4 3
30 5 11
30 6 9
30 7 6
30 10 1
30 13 9
30 14 4
30 15 8
30 17 9
30 18 10
30 22 13
30 24 13
30 25 13
30 27 6
30 29 11
31 1 13
31 3 6
31 4 12
31 5 8
31 6 2
31 11 8
31 14 7
31 19 14
31 23 6
31 25 2
31 26 3
31 28 12
32 0 2
32 2 3
32 5 2
32 10 8
32 15 2
32 17 5
32 18 4
32 20 12
32 22 14
32 23 2
32 25 6
32 26 11
32 28 9
32 30 6
32 31 5
33 1 13
33 2 6
33 6 5
33 7 8
33 10 14
33 14 13
33 17 6
33 19 1
33 20 9
33 22 5
33 23 8
33 25 1
33 26 2
33 27 2
33 28 6
33 30 4
33 31 7
34 0 4
34 1 12
34 5 3
34 6 13
34 9 7
34 11 12
34 12 1
34 19 4
34 21 7
34 22 8
34 25 11
34 26 11
34 27 1
34 28 4
34 29 7
34 30 14
34 32 12
35 2 11
35 3 7
35 4 8
35 5 11
35 6 2
35 8 4
35 9 5
35 10 5
35 11 10
35 16 8
35 18 12
35 19 2
35 20 3
35 21 3
35 22 1
35 23 2
35 24 5
35 26 8
35 28 4
35 29 7
35 30 11
35 31 5
35 32 3
36 1 4
36 2 13
36 3 9
36 4 14
36 6 4
36 7 12
36 10 3
36 11 1
36 12 11
36 13 12
36 16 13
36 17 6
36 21 12
36 22 8
36 25 8
36 26 14
36 27 10
36 32 9
36 33 14
36 35 7
37 1 8
37 3 12
37 5 10
37 8 14
37 9 1
37 10 9
37 11 8
37 12 14
37 17 8
37 19 11
37 20 2
37 22 2
37 23 1
37 24 13
37 26 14
37 28 9
37 29 7
37 30 8
37 31 5
37 32 11
37 33 2
37 34 4
37 35 2
38 0 12
38 3 1
38 4 3
38 5 5
38 7 4
38 9 12
38 10 5
38 11 11
38 15 3
38 18 3
38 19 1
38 21 2
38 22 7
38 23 14
38 24 8
38 27 12
38 28 11
38 29 4
38 30 1
38 31 11
38 33 11
38 34 14
38 36 13
39 0 10
39 1 5
39 4 9
39 5 5
39 6 3
39 8 5
39 10 13
39 11 5
39 14 4
39 15 5
39 19 3
39 20 6
39 23 11
39 25 10
39 26 9
39 29 4
39 30 9
39 31 9
39 32 4
39 33 5
39 36 10
39 37 13
39 38 14
40 5 14
40 6 5
40 7 4
40 8 10
40 9 7
40 10 2
40 12 3
40 15 8
40 17 9
40 18 9
40 19 1
40 23 6
40 27 5
40 32 10
40 35 8
40 36 13
40 39 6
41 0 6
41 1 9
41 8 9
41 10 7
41 12 5
41 15 1
41 16 1
41 20 5
41 22 7
41 23 4
41 25 2
41 26 4
41 27 1
41 28 2
41 31 5
41 33 5
41 39 1
42 1 14
42 2 14
42 4 3
42 5 8
42 9 10
42 10 9
42 11 2
42 14 5
42 15 4
42 17 7
42 18 13
42 19 3
42 21 6
42 23 11
42 28 7
42 30 8
42 31 7
42 33 10
42 36 7
42 37 5
43 0 14
43 1 11
43 2 8
43 5 8
43 9 7
43 12 8
43 14 14
43 19 10
43 21 7
43 22 9
43 29 4
43 33 2
43 34 8
43 37 7
43 39 6
43 40 8
43 41 5
43 42 3
44 2 12
44 3 2
44 4 5
44 5 13
44 7 5
44 8 2
44 9 8
44 13 3
44 14 9
44 15 1
44 16 3
44 18 10
44 20 14
44 22 9
44 25 8
44 26 3
44 27 4
44 29 14
44 31 6
44 32 12
44 33 2
44 34 2
44 36 3
44 38 10
44 39 13
44 41 11
45 0 9
45 2 9
45 3 2
45 5 14
45 8 14
45 11 6
45 12 12
45 14 14
45 17 5
45 21 12
45 23 10
45 24 9
45 28 6
45 29 8
45 31 6
45 34 7
45 38 10
45 41 7
45 42 12
45 43 2
45 44 6
46 1 13
46 2 8
46 3 9
46 4 10
46 6 3
46 7 7
46 10 8
46 12 14
46 15 13
46 17 9
46 18 14
46 19 13
46 20 13
46 21 11
46 22 9
46 23 8
46 25 12
46 26 12
46 27 13
46 28 1
46 29 4
46 31 2
46 35 4
46 36 8
46 40 9
46 41 10
46 42 8
46 43 13
46 44 11
46 45 13
47 0 14
47 1 3
47 4 8
47 7 3
47 10 1
47 11 1
47 12 5
47 13 9
47 16 5
47 17 4
47 18 12
47 21 7
47 22 11
47 25 7
47 27 6
47 28 10
47 32 9
47 33 12
47 34 1
47 37 11
47 38 5
47 39 5
47 41 3
47 42 14
47 44 5
47 45 2
48 1 7
48 11 2
48 15 12
48 17 1
48 19 9
48 21 8
48 22 12
48 23 4
48 28 6
48 31 8
48 32 7
48 34 3
48 38 7
48 40 6
48 41 13
48 43 9
48 45 2
48 46 9
48 47 13
49 1 7
49 2 2
49 4 11
49 6 3
49 7 8
49 8 9
49 10 7
49 11 14
49 12 12
49 13 6
49 14 5
49 15 8
49 17 5
49 19 2
49 20 9
49 22 14
49 24 5
49 26 9
49 28 11
49 29 3
49 30 2
49 31 4
49 32 11
49 33 5
49 34 1
49 36 6
49 37 13
49 39 8
49 40 11
49 42 10
49 43 5
49 45 14
49 46 6
49 47 7
49 48 6
50 6 2
50 9 1
50 10 7
50 13 1
50 14 7
50 15 7
50 16 10
50 20 7
50 22 2
50 23 14
50 27 14
50 29 7
50 30 10
50 31 12
50 35 1
50 36 2
50 38 13
50 39 2
50 40 7
50 41 10
50 42 2
50 43 7
50 44 4
50 48 10
51 0 14
51 1 1
51 2 8
51 3 12
51 7 11
51 12 5
51 15 5
51 16 3
51 17 11
51 20 14
51 21 6
51 22 9
51 24 7
51 26 8
51 28 4
51 29 10
51 30 1
51 35 3
51 41 5
51 42 9
51 43 13
51 45 2
51 46 9
51 47 12
51 48 14
52 1 11
52 2 10
52 3 9
52 7 14
52 14 4
52 15 6
52 17 13
52 18 1
52 19 11
52 20 5
52 21 4
52 23 11
52 24 10
52 27 5
52 29 7
52 38 9
52 40 14
52 41 14
52 42 1
52 43 14
52 45 2
52 46 4
52 49 5
53 0 7
53 1 4
53 2 12
53 5 4
53 6 13
53 7 4
53 10 4
53 12 7
53 14 7
53 15 10
53 16 8
53 17 10
53 19 9
53 21 6
53 22 4
53 23 12
53 24 7
53 25 5
53 27 14
53 28 1
53 29 14
53 31 13
53 36 14
53 37 14
53 41 4
53 42 14
53 44 3
53 47 12
53 48 7
53 49 12
53 50 12
53 51 9
53 52 1
54 0 7
54 2 1
54 3 6
54 4 13
54 7 4
54 9 12
54 10 2
54 15 3
54 16 4
54 17 13
54 18 9
54 21 5
54 22 7
54 23 1
54 27 10
54 28 11
54 29 11
54 31 10
54 32 4
54 36 8
54 41 9
54 42 9
54 44 14
54 46 10
54 47 5
54 50 3
54 51 14
55 0 9
55 1 13
55 3 13
55 4 12
55 5 12
55 6 7
55 7 12
55 9 8
55 14 13
55 15 12
55 16 5
55 17 14
55 19 1
55 20 2
55 23 9
55 25 2
55 28 8
55 29 12
55 30 8
55 32 2
55 33 14
55 36 12
55 39 6
55 41 5
55 42 8
55 43 4
55 50 1
55 52 10
55 53 14
56 4 7
56 9 10
56 12 6
56 13 8
56 16 13
56 17 7
56 18 13
56 21 4
56 27 13
56 29 13
56 30 4
56 32 1
56 33 1
56 34 10
56 36 11
56 38 6
56 41 8
56 42 11
56 43 13
56 52 5
56 53 7
57 0 2
57 1 8
57 2 3
57 4 9
57 5 12
57 6 2
57 8 5
57 11 4
57 12 3
57 14 3
57 15 12
57 16 5
57 18 6
57 19 5
57 20 13
57 22 13
57 27 5
57 31 5
57 32 5
57 33 2
57 34 11
57 35 2
57 36 10
57 37 2
57 38 12
57 39 3
57 40 7
57 43 12
57 44 4
57 46 3
57 47 9
57 49 6
57 51 8
57 52 10
57 54 8
57 56 3
58 1 7
58 2 4
58 5 10
58 7 12
58 8 12
58 9 9
58 12 3
58 15 13
58 19 11
58 24 5
58 25 14
58 27 3
58 30 6
58 31 11
58 32 5
58 33 3
58 36 13
58 40 3
58 42 3
58 43 12
58 44 5
58 48 1
58 49 12
58 50 14
58 51 9
58 53 11
58 54 6
58 56 10
58 57 4
59 0 4
59 2 6
59 3 3
59 6 2
59 8 6
59 9 8
59 10 1
59 11 6
59 14 14
59 16 5
59 20 2
59 23 2
59 24 10
59 26 4
59 27 8
59 28 11
59 31 1
59 32 11
59 35 5
59 36 3
59 38 13
59 39 7
59 40 10
59 41 7
59 43 10
59 45 8
59 47 12
59 49 10
59 51 3
59 53 13
59 55 5
59 56 12
59 57 2
60 0 8
60 1 9
60 4 3
60 5 3
60 6 8
60 7 6
60 8 10
60 10 10
60 11 8
60 15 5
60 16 1
60 18 13
60 19 7
60 22 1
60 23 13
60 24 4
60 27 4
60 29 1
60 30 9
60 32 7
60 33 9
60 35 12
60 38 8
60 39 10
60 40 5
60 41 6
60 44 6
60 47 14
60 51 10
60 52 7
60 53 7
60 55 9
60 56 13
60 57 11
60 58 4
60 59 2
61 0 14
61 1 4
61 5 8
61 6 11
61 7 11
61 8 5
61 13 9
61 14 11
61 16 5
61 19 3
61 21 2
61 22 2
61 23 7
61 24 3
61 27 3
61 28 2
61 29 7
61 31 14
61 36 12
61 42 2
61 44 5
61 45 6
61 47 4
61 48 4
61 51 4
61 52 12
61 54 11
61 56 11
61 57 9
61 58 11
61 60 8
62 0 4
62 1 13
62 12 1
62 13 8
62 15 14
62 20 11
62 21 5
62 26 4
62 27 9
62 30 14
62 31 7
62 32 3
62 37 9
62 43 13
62 44 1
62 47 14
62 48 12
62 53 5
62 56 3
63 1 12
63 5 14
63 6 7
63 10 13
63 11 10
63 12 13
63 13 5
63 14 11
63 15 5
63 16 2
63 17 7
63 18 5
63 19 8
63 20 10
63 21 1
63 23 2
63 24 4
63 25 5
63 27 1
63 28 1
63 29 11
63 32 14
63 36 10
63 37 10
63 40 1
63 41 3
63 45 11
63 46 8
63 47 14
63 49 10
63 50 7
63 51 14
63 52 14
63 53 2
63 54 5
63 55 4
63 56 13
63 59 12
63 60 9
63 61 9
