40
1 0 21
2 0 39
3 0 18
3 1 53
3 2 31
5 0 11
5 1 55
5 3 7
6 1 55
6 2 35
6 3 45
6 4 57
6 5 10
7 6 56
8 1 28
8 4 35
8 5 17
8 6 7
8 7 5
9 0 38
9 1 12
9 2 33
9 4 35
9 5 48
9 8 26
10 4 49
10 7 22
11 1 36
11 2 52
12 1 22
12 3 12
12 6 7
12 8 12
12 10 18
12 11 8
13 0 36
13 3 22
13 4 51
13 8 43
13 9 10
13 11 16
13 12 38
14 0 30
14 1 57
14 3 37
14 4 55
14 6 56
14 8 44
14 10 18
14 11 21
14 12 10
15 0 6
15 1 30
15 2 18
15 4 8
15 5 5
15 6 37
15 7 34
15 9 7
15 11 5
15 12 3
15 13 21
15 14 53
16 3 47
16 4 34
16 5 48
16 7 19
16 8 21
16 9 44
16 10 26
16 11 58
16 13 38
16 15 21
17 0 28
17 4 45
17 5 10
17 6 29
17 7 32
17 11 23
17 13 55
17 16 10
18 2 48
18 3 30
18 4 50
18 6 27
18 7 55
18 8 15
18 11 46
18 12 48
18 13 22
18 14 20
18 15 56
18 16 53
18 17 49
19 0 25
19 2 47
19 4 28
19 5 10
19 6 2
19 7 5
19 8 33
19 9 19
19 10 24
19 11 58
19 12 5
19 13 12
19 16 7
20 0 18
20 2 33
20 5 26
20 6 58
20 8 55
20 10 9
20 12 57
20 13 57
20 15 20
20 16 26
20 17 7
20 19 54
21 0 53
21 2 55
21 14 37
21 15 31
21 16 4
21 17 26
22 0 12
22 4 8
22 5 28
22 9 33
22 10 3
22 11 28
22 16 31
22 17 4
22 19 6
22 21 32
23 2 19
23 3 48
23 4 58
23 5 29
23 6 51
23 9 8
23 10 10
23 11 39
23 12 2
23 13 15
23 15 31
23 17 45
23 18 45
23 20 9
23 21 21
23 22 32
24 2 8
24 6 58
24 7 39
24 8 40
24 9 26
24 10 50
24 14 2
24 16 21
24 18 1
24 19 50
24 23 52
25 4 54
25 6 42
25 8 48
25 12 45
25 13 56
25 15 55
25 16 2
25 17 27
25 18 48
25 22 44
25 23 54
25 24 49
26 1 35
26 2 4
26 3 16
26 4 3
26 6 33
26 10 39
26 14 30
26 15 26
26 16 45
26 18 37
26 21 2
26 23 26
26 24 16
27 0 23
27 3 43
27 6 11
27 7 48
27 8 7
27 10 31
27 12 35
27 13 39
27 14 6
27 17 21
27 18 31
27 24 6
27 26 37
28 2 25
28 4 19
28 9 12
28 12 48
28 13 2
28 14 36
28 16 28
28 17 3
28 22 55
28 24 6
28 25 47
28 26 17
28 27 21
29 1 46
29 4 44
29 6 36
29 8 18
29 9 15
29 12 18
29 14 25
29 18 49
29 19 7
29 21 8
29 23 26
29 24 19
29 25 34
29 26 3
29 27 50
29 28 10
30 0 27
30 1 5
30 3 48
30 4 40
30 5 40
30 6 57
30 9 54
30 11 31
30 13 19
30 17 19
30 18 13
30 24 1
30 25 33
30 29 48
31 0 12
31 9 2
31 12 42
31 13 58
31 16 52
31 18 12
31 20 18
31 21 38
31 22 29
31 23 4
31 24 45
31 26 25
31 28 11
31 29 43
32 2 38
32 3 7
32 10 23
32 13 49
32 14 8
32 15 39
32 16 43
32 19 55
32 20 10
32 22 43
32 29 4
32 30 35
32 31 12
33 0 3
33 1 6
33 8 41
33 10 27
33 12 17
33 13 6
33 14 56
33 17 26
33 19 3
33 21 10
33 22 22
33 23 46
33 24 10
33 25 57
33 28 11
33 29 14
33 30 10
33 31 8
34 1 4
34 5 38
34 6 19
34 8 32
34 12 45
34 17 4
34 22 17
34 23 45
34 26 37
34 27 40
35 0 13
35 4 21
35 5 52
35 6 48
35 8 52
35 11 7
35 12 10
35 13 9
35 14 18
35 15 41
35 17 33
35 18 41
35 19 44
35 20 47
35 21 22
35 23 30
35 24 16
35 25 2
35 26 12
35 27 8
35 29 49
35 31 16
35 33 35
36 0 33
36 1 11
36 3 25
36 9 49
36 10 29
36 11 29
36 15 12
36 16 31
36 17 26
36 18 53
36 23 48
36 24 29
36 26 12
36 30 18
36 35 8
37 1 44
37 2 17
37 3 36
37 4 8
37 5 33
37 7 50
37 9 9
37 10 49
37 15 51
37 16 13
37 18 39
37 19 14
37 21 1
37 22 38
37 24 34
37 25 28
37 26 30
37 27 7
37 28 58
37 31 46
37 33 34
37 34 50
37 35 5
38 0 51
38 2 54
38 5 28
38 7 22
38 8 55
38 9 22
38 13 13
38 16 7
38 20 35
38 23 10
38 24 12
38 25 6
38 26 8
38 28 26
38 29 53
38 35 40
39 0 6
39 6 47
39 8 51
39 9 23
39 12 7
39 14 21
39 17 17
39 18 29
39 19 19
39 21 13
39 24 52
39 25 29
39 27 14
39 28 27
39 29 56
39 30 31
39 33 38
39 36 8
