62
1 0 18
2 0 20
2 1 32
3 0 28
3 1 8
3 2 3
4 0 22
4 1 12
4 2 3
4 3 20
5 0 28
5 1 5
5 2 6
5 3 32
5 4 1
6 0 34
6 1 1
6 2 29
6 3 21
6 4 28
6 5 37
7 0 9
7 1 10
7 2 28
7 3 28
7 4 7
7 5 20
7 6 34
8 0 2
8 1 22
8 2 24
8 3 29
8 4 33
8 5 19
8 6 33
8 7 25
9 0 34
9 1 35
9 2 7
9 3 33
9 4 38
9 5 4
9 6 2
9 7 19
9 8 18
10 0 29
10 1 18
10 2 32
10 3 11
10 4 27
10 5 27
10 6 6
10 7 29
10 8 28
10 9 2
11 0 23
11 1 19
11 2 14
11 3 23
11 4 26
11 5 3
11 6 1
11 7 30
11 8 38
11 9 11
11 10 5
12 0 16
12 1 29
12 2 27
12 3 27
12 4 19
12 5 35
12 6 31
12 7 17
12 8 20
12 9 7
12 10 10
12 11 28
13 0 22
13 1 2
13 2 18
13 3 32
13 4 17
13 5 22
13 6 13
13 7 6
13 8 1
13 9 35
13 10 5
13 11 19
13 12 17
14 0 12
14 1 1
14 2 22
14 3 7
14 4 19
14 5 12
14 6 7
14 7 37
14 8 18
14 9 17
14 10 2
14 11 6
14 12 7
14 13 38
15 0 34
15 1 30
15 2 18
15 3 10
15 4 13
15 5 34
15 6 17
15 7 17
15 8 36
15 9 9
15 10 10
15 11 19
15 12 12
15 13 32
15 14 20
16 0 16
16 1 34
16 2 14
16 3 10
16 4 34
16 5 38
16 6 8
16 7 38
16 8 20
16 9 25
16 10 28
16 11 8
16 12 32
16 13 23
16 14 4
16 15 23
17 0 4
17 1 27
17 2 19
17 3 17
17 4 26
17 5 5
17 6 36
17 7 20
17 8 1
17 9 12
17 10 33
17 11 1
17 12 31
17 13 8
17 14 36
17 15 9
17 16 4
18 0 32
18 1 4
18 2 21
18 3 38
18 4 12
18 5 31
18 6 23
18 7 19
18 8 8
18 9 28
18 10 26
18 11 15
18 12 11
18 13 18
18 14 26
18 15 22
18 16 16
18 17 9
19 0 15
19 1 38
19 2 5
19 3 7
19 4 31
19 5 36
19 6 3
19 7 9
19 8 32
19 9 28
19 10 12
19 11 15
19 12 9
19 13 31
19 14 5
19 15 31
19 16 3
19 17 35
19 18 5
20 0 8
20 1 5
20 2 22
20 3 21
20 4 19
20 5 14
20 6 13
20 7 29
20 8 22
20 9 3
20 10 25
20 11 6
20 12 18
20 13 6
20 14 31
20 15 9
20 16 36
20 17 9
20 18 27
20 19 25
21 0 13
21 1 3
21 2 10
21 3 4
21 4 35
21 5 17
21 6 36
21 7 17
21 8 37
21 9 2
21 10 13
21 11 7
21 12 38
21 13 16
21 14 34
21 15 33
21 16 7
21 17 33
21 18 21
21 19 34
21 20 24
22 0 34
22 1 14
22 2 9
22 3 16
22 4 26
22 5 34
22 6 21
22 7 10
22 8 19
22 9 20
22 10 5
22 11 5
22 12 36
22 13 2
22 14 14
22 15 22
22 16 37
22 17 21
22 18 29
22 19 9
22 20 16
22 21 1
23 0 23
23 1 36
23 2 36
23 3 11
23 4 11
23 5 12
23 6 16
23 7 14
23 8 3
23 9 33
23 10 1
23 11 13
23 12 13
23 13 35
23 14 10
23 15 37
23 16 33
23 17 32
23 18 21
23 19 10
23 20 26
23 21 19
23 22 38
24 0 7
24 1 28
24 2 34
24 3 16
24 4 12
24 5 25
24 6 16
24 7 8
24 8 25
24 9 17
24 10 34
24 11 38
24 12 3
24 13 5
24 14 31
24 15 6
24 16 24
24 17 24
24 18 13
24 19 28
24 20 27
24 21 6
24 22 17
24 23 1
25 0 26
25 1 1
25 2 35
25 3 36
25 4 11
25 5 38
25 6 3
25 7 14
25 8 5
25 9 35
25 10 26
25 11 18
25 12 15
25 13 35
25 14 12
25 15 38
25 16 31
25 17 36
25 18 27
25 19 9
25 20 4
25 21 20
25 22 32
25 23 25
25 24 16
26 0 14
26 1 30
26 2 34
26 3 6
26 4 23
26 5 32
26 6 12
26 7 19
26 8 15
26 9 9
26 10 12
26 11 13
26 12 24
26 13 8
26 14 14
26 15 26
26 16 10
26 17 34
26 18 5
26 19 13
26 20 29
26 21 25
26 22 11
26 23 31
26 24 4
26 25 9
27 0 2
27 1 22
27 2 23
27 3 24
27 4 10
27 5 6
27 6 27
27 7 24
27 8 19
27 9 24
27 10 12
27 11 18
27 12 6
27 13 21
27 14 5
27 15 34
27 16 26
27 17 22
27 18 17
27 19 34
27 20 28
27 21 30
27 22 1
27 23 22
27 24 7
27 25 2
27 26 13
28 0 38
28 1 35
28 2 24
28 3 37
28 4 1
28 5 38
28 6 38
28 7 3
28 8 22
28 9 17
28 10 13
28 11 16
28 12 32
28 13 38
28 14 13
28 15 2
28 16 32
28 17 22
28 18 26
28 19 29
28 20 8
28 21 35
28 22 13
28 23 2
28 24 23
28 25 3
28 26 19
28 27 36
29 0 33
29 1 24
29 2 22
29 3 3
29 4 26
29 5 18
29 6 34
29 7 2
29 8 16
29 9 5
29 10 2
29 11 19
29 12 38
29 13 13
29 14 21
29 15 28
29 16 30
29 17 30
29 18 29
29 19 1
29 20 29
29 21 2
29 22 7
29 23 18
29 24 29
29 25 5
29 26 4
29 27 6
29 28 7
30 0 14
30 1 35
30 2 18
30 3 26
30 4 2
30 5 5
30 6 7
30 7 24
30 8 26
30 9 23
30 10 31
30 11 17
30 12 18
30 13 20
30 14 31
30 15 4
30 16 4
30 17 13
30 18 37
30 19 11
30 20 20
30 21 12
30 22 18
30 23 3
30 24 35
30 25 32
30 26 19
30 27 6
30 28 5
30 29 17
31 0 37
31 1 35
31 2 9
31 3 38
31 4 11
31 5 33
31 6 2
31 7 37
31 8 34
31 9 14
31 10 33
31 11 9
31 12 37
31 13 22
31 14 16
31 15 8
31 16 25
31 17 32
31 18 8
31 19 4
31 20 30
31 21 14
31 22 22
31 23 19
31 24 34
31 25 26
31 26 31
31 27 29
31 28 25
31 29 2
31 30 28
32 0 32
32 1 24
32 2 8
32 3 18
32 4 21
32 5 26
32 6 34
32 7 25
32 8 9
32 9 4
32 10 33
32 11 9
32 12 20
32 13 36
32 14 29
32 15 3
32 16 30
32 17 30
32 18 33
32 19 2
32 20 1
32 21 26
32 22 9
32 23 17
32 24 24
32 25 19
32 26 13
32 27 36
32 28 11
32 29 24
32 30 36
32 31 11
33 0 26
33 1 26
33 2 26
33 3 12
33 4 4
33 5 37
33 6 35
33 7 27
33 8 35
33 9 21
33 10 16
33 11 17
33 12 16
33 13 13
33 14 13
33 15 32
33 16 29
33 17 21
33 18 17
33 19 5
33 20 36
33 21 14
33 22 7
33 23 7
33 24 33
33 25 28
33 26 25
33 27 26
33 28 36
33 29 17
33 30 6
33 31 34
33 32 3
34 0 13
34 1 36
34 2 38
34 3 32
34 4 33
34 5 23
34 6 9
34 7 31
34 8 13
34 9 25
34 10 35
34 11 37
34 12 7
34 13 34
34 14 20
34 15 14
34 16 7
34 17 12
34 18 26
34 19 13
34 20 7
34 21 19
34 22 26
34 23 1
34 24 19
34 25 36
34 26 33
34 27 11
34 28 32
34 29 28
34 30 3
34 31 33
34 32 38
34 33 23
35 0 1
35 1 16
35 2 34
35 3 3
35 4 35
35 5 11
35 6 13
35 7 13
35 8 7
35 9 9
35 10 18
35 11 4
35 12 2
35 13 19
35 14 12
35 15 24
35 16 35
35 17 4
35 18 18
35 19 14
35 20 9
35 21 22
35 22 26
35 23 7
35 24 6
35 25 33
35 26 25
35 27 14
35 28 37
35 29 15
35 30 21
35 31 4
35 32 26
35 33 1
35 34 31
36 0 30
36 1 19
36 2 11
36 3 22
36 4 12
36 5 18
36 6 10
36 7 22
36 8 32
36 9 26
36 10 20
36 11 12
36 12 33
36 13 20
36 14 22
36 15 38
36 16 27
36 17 34
36 18 17
36 19 20
36 20 33
36 21 21
36 22 5
36 23 12
36 24 7
36 25 31
36 26 22
36 27 37
36 28 23
36 29 14
36 30 5
36 31 3
36 32 16
36 33 6
36 34 10
36 35 24
37 0 18
37 1 34
37 2 30
37 3 20
37 4 33
37 5 18
37 6 11
37 7 26
37 8 25
37 9 36
37 10 16
37 11 17
37 12 9
37 13 31
37 14 1
37 15 3
37 16 34
37 17 28
37 18 9
37 19 6
37 20 33
37 21 12
37 22 26
37 23 18
37 24 1
37 25 2
37 26 18
37 27 5
37 28 33
37 29 34
37 30 1
37 31 1
37 32 20
37 33 2
37 34 16
37 35 21
37 36 32
38 0 26
38 1 37
38 2 21
38 3 31
38 4 1
38 5 18
38 6 25
38 7 8
38 8 26
38 9 37
38 10 19
38 11 22
38 12 21
38 13 2
38 14 32
38 15 12
38 16 5
38 17 11
38 18 4
38 19 30
38 20 24
38 21 38
38 22 32
38 23 3
38 24 37
38 25 22
38 26 27
38 27 2
38 28 11
38 29 13
38 30 17
38 31 9
38 32 7
38 33 38
38 34 1
38 35 7
38 36 5
38 37 25
39 0 6
39 1 17
39 2 8
39 3 10
39 4 21
39 5 16
39 6 10
39 7 4
39 8 33
39 9 28
39 10 9
39 11 5
39 12 4
39 13 33
39 14 16
39 15 26
39 16 38
39 17 34
39 18 13
39 19 9
39 20 14
39 21 10
39 22 9
39 23 10
39 24 33
39 25 8
39 26 32
39 27 38
39 28 20
39 29 20
39 30 28
39 31 38
39 32 21
39 33 6
39 34 17
39 35 35
39 36 37
39 37 7
39 38 3
40 0 13
40 1 30
40 2 19
40 3 10
40 4 6
40 5 11
40 6 20
40 7 16
40 8 18
40 9 23
40 10 5
40 11 1
40 12 13
40 13 35
40 14 2
40 15 3
40 16 16
40 17 37
40 18 20
40 19 38
40 20 23
40 21 12
40 22 17
40 23 32
40 24 16
40 25 34
40 26 35
40 27 7
40 28 2
40 29 36
40 30 22
40 31 22
40 32 6
40 33 30
40 34 37
40 35 1
40 36 9
40 37 17
40 38 15
40 39 33
41 0 9
41 1 14
41 2 12
41 3 18
41 4 7
41 5 32
41 6 31
41 7 1
41 8 12
41 9 22
41 10 17
41 11 30
41 12 17
41 13 33
41 14 10
41 15 10
41 16 24
41 17 3
41 18 19
41 19 17
41 20 27
41 21 14
41 22 14
41 23 1
41 24 9
41 25 38
41 26 21
41 27 32
41 28 8
41 29 29
41 30 12
41 31 21
41 32 23
41 33 1
41 34 28
41 35 2
41 36 1
41 37 23
41 38 14
41 39 30
41 40 30
42 0 27
42 1 25
42 2 20
42 3 3
42 4 8
42 5 38
42 6 4
42 7 5
42 8 14
42 9 31
42 10 30
42 11 30
42 12 15
42 13 6
42 14 31
42 15 19
42 16 38
42 17 17
42 18 36
42 19 29
42 20 11
42 21 6
42 22 11
42 23 33
42 24 32
42 25 8
42 26 16
42 27 35
42 28 5
42 29 32
42 30 31
42 31 32
42 32 38
42 33 6
42 34 9
42 35 29
42 36 17
42 37 9
42 38 7
42 39 3
42 40 22
42 41 33
43 0 30
43 1 37
43 2 30
43 3 14
43 4 34
43 5 36
43 6 1
43 7 26
43 8 37
43 9 11
43 10 7
43 11 35
43 12 9
43 13 38
43 14 36
43 15 3
43 16 35
43 17 24
43 18 5
43 19 25
43 20 34
43 21 18
43 22 2
43 23 8
43 24 38
43 25 18
43 26 38
43 27 37
43 28 15
43 29 6
43 30 28
43 31 22
43 32 15
43 33 22
43 34 11
43 35 5
43 36 6
43 37 26
43 38 24
43 39 36
43 40 10
43 41 32
43 42 12
44 0 15
44 1 14
44 2 15
44 3 28
44 4 3
44 5 37
44 6 21
44 7 19
44 8 13
44 9 15
44 10 31
44 11 33
44 12 6
44 13 10
44 14 32
44 15 6
44 16 24
44 17 6
44 18 20
44 19 12
44 20 29
44 21 16
44 22 21
44 23 4
44 24 3
44 25 33
44 26 27
44 27 33
44 28 18
44 29 12
44 30 38
44 31 21
44 32 11
44 33 33
44 34 35
44 35 14
44 36 11
44 37 22
44 38 21
44 39 31
44 40 18
44 41 30
44 42 28
44 43 9
45 0 16
45 1 16
45 2 35
45 3 19
45 4 34
45 5 29
45 6 27
45 7 25
45 8 36
45 9 30
45 10 8
45 11 10
45 12 18
45 13 1
45 14 32
45 15 34
45 16 4
45 17 7
45 18 32
45 19 6
45 20 1
45 21 21
45 22 28
45 23 3
45 24 1
45 25 20
45 26 38
45 27 25
45 28 23
45 29 38
45 30 38
45 31 6
45 32 13
45 33 3
45 34 8
45 35 5
45 36 23
45 37 33
45 38 17
45 39 18
45 40 15
45 41 6
45 42 15
45 43 37
45 44 34
46 0 31
46 1 27
46 2 6
46 3 35
46 4 34
46 5 29
46 6 9
46 7 23
46 8 7
46 9 9
46 10 21
46 11 24
46 12 2
46 13 21
46 14 2
46 15 5
46 16 30
46 17 1
46 18 11
46 19 5
46 20 20
46 21 21
46 22 11
46 23 28
46 24 30
46 25 30
46 26 5
46 27 35
46 28 3
46 29 5
46 30 7
46 31 11
46 32 38
46 33 22
46 34 2
46 35 18
46 36 33
46 37 18
46 38 8
46 39 26
46 40 2
46 41 36
46 42 19
46 43 23
46 44 2
46 45 7
47 0 32
47 1 10
47 2 9
47 3 34
47 4 8
47 5 30
47 6 5
47 7 36
47 8 22
47 9 10
47 10 1
47 11 28
47 12 8
47 13 30
47 14 24
47 15 26
47 16 30
47 17 32
47 18 10
47 19 7
47 20 3
47 21 16
47 22 11
47 23 31
47 24 2
47 25 9
47 26 8
47 27 17
47 28 35
47 29 11
47 30 20
47 31 35
47 32 6
47 33 33
47 34 4
47 35 4
47 36 2
47 37 34
47 38 29
47 39 21
47 40 18
47 41 38
47 42 22
47 43 13
47 44 27
47 45 27
47 46 27
48 0 17
48 1 7
48 2 30
48 3 29
48 4 34
48 5 17
48 6 21
48 7 19
48 8 28
48 9 33
48 10 27
48 11 36
48 12 9
48 13 18
48 14 36
48 15 3
48 16 36
48 17 30
48 18 13
48 19 7
48 20 27
48 21 25
48 22 26
48 23 6
48 24 23
48 25 30
48 26 25
48 27 16
48 28 22
48 29 23
48 30 26
48 31 15
48 32 29
48 33 25
48 34 19
48 35 14
48 36 12
48 37 14
48 38 28
48 39 19
48 40 6
48 41 5
48 42 29
48 43 8
48 44 26
48 45 1
48 46 20
48 47 9
49 0 12
49 1 21
49 2 25
49 3 31
49 4 36
49 5 8
49 6 32
49 7 12
49 8 9
49 9 34
49 10 22
49 11 30
49 12 7
49 13 10
49 14 34
49 15 18
49 16 36
49 17 27
49 18 7
49 19 8
49 20 15
49 21 19
49 22 26
49 23 8
49 24 36
49 25 11
49 26 8
49 27 1
49 28 33
49 29 38
49 30 25
49 31 32
49 32 1
49 33 28
49 34 5
49 35 10
49 36 15
49 37 17
49 38 17
49 39 38
49 40 15
49 41 10
49 42 30
49 43 30
49 44 23
49 45 28
49 46 24
49 47 29
49 48 5
50 0 20
50 1 1
50 2 37
50 3 9
50 4 14
50 5 2
50 6 1
50 7 25
50 8 38
50 9 37
50 10 31
50 11 23
50 12 28
50 13 22
50 14 19
50 15 30
50 16 20
50 17 14
50 18 38
50 19 27
50 20 10
50 21 31
50 22 2
50 23 32
50 24 34
50 25 31
50 26 23
50 27 35
50 28 9
50 29 9
50 30 20
50 31 6
50 32 14
50 33 33
50 34 14
50 35 4
50 36 26
50 37 4
50 38 5
50 39 25
50 40 24
50 41 35
50 42 34
50 43 9
50 44 34
50 45 35
50 46 2
50 47 3
50 48 16
50 49 9
51 0 12
51 1 25
51 2 33
51 3 19
51 4 32
51 5 38
51 6 23
51 7 25
51 8 1
51 9 28
51 10 20
51 11 37
51 12 35
51 13 19
51 14 38
51 15 9
51 16 21
51 17 7
51 18 35
51 19 35
51 20 33
51 21 35
51 22 22
51 23 32
51 24 32
51 25 22
51 26 38
51 27 29
51 28 30
51 29 34
51 30 20
51 31 27
51 32 22
51 33 34
51 34 18
51 35 8
51 36 24
51 37 30
51 38 21
51 39 22
51 40 28
51 41 4
51 42 15
51 43 32
51 44 14
51 45 8
51 46 3
51 47 8
51 48 18
51 49 22
51 50 20
52 0 37
52 1 11
52 2 32
52 3 31
52 4 12
52 5 35
52 6 32
52 7 24
52 8 15
52 9 4
52 10 29
52 11 4
52 12 27
52 13 26
52 14 36
52 15 19
52 16 22
52 17 1
52 18 26
52 19 20
52 20 7
52 21 35
52 22 13
52 23 36
52 24 28
52 25 36
52 26 28
52 27 20
52 28 16
52 29 11
52 30 9
52 31 19
52 32 12
52 33 16
52 34 13
52 35 7
52 36 23
52 37 18
52 38 20
52 39 38
52 40 14
52 41 24
52 42 22
52 43 34
52 44 6
52 45 16
52 46 5
52 47 1
52 48 6
52 49 13
52 50 18
52 51 20
53 0 5
53 1 18
53 2 3
53 3 2
53 4 2
53 5 33
53 6 35
53 7 38
53 8 29
53 9 32
53 10 32
53 11 25
53 12 12
53 13 29
53 14 25
53 15 29
53 16 22
53 17 12
53 18 12
53 19 12
53 20 10
53 21 36
53 22 22
53 23 21
53 24 30
53 25 38
53 26 17
53 27 9
53 28 15
53 29 4
53 30 10
53 31 35
53 32 10
53 33 17
53 34 3
53 35 31
53 36 30
53 37 28
53 38 33
53 39 10
53 40 20
53 41 38
53 42 23
53 43 5
53 44 24
53 45 25
53 46 9
53 47 17
53 48 25
53 49 6
53 50 38
53 51 6
53 52 27
54 0 26
54 1 8
54 2 1
54 3 4
54 4 11
54 5 15
54 6 31
54 7 16
54 8 12
54 9 13
54 10 4
54 11 10
54 12 21
54 13 4
54 14 33
54 15 17
54 16 7
54 17 32
54 18 22
54 19 4
54 20 2
54 21 15
54 22 28
54 23 3
54 24 23
54 25 24
54 26 6
54 27 24
54 28 38
54 29 15
54 30 32
54 31 9
54 32 6
54 33 38
54 34 1
54 35 7
54 36 14
54 37 2
54 38 12
54 39 36
54 40 35
54 41 4
54 42 28
54 43 28
54 44 19
54 45 37
54 46 36
54 47 30
54 48 1
54 49 6
54 50 4
54 51 2
54 52 6
54 53 15
55 0 15
55 1 22
55 2 34
55 3 21
55 4 16
55 5 24
55 6 22
55 7 8
55 8 38
55 9 6
55 10 25
55 11 21
55 12 12
55 13 27
55 14 32
55 15 32
55 16 24
55 17 13
55 18 11
55 19 35
55 20 9
55 21 4
55 22 13
55 23 12
55 24 2
55 25 35
55 26 33
55 27 5
55 28 16
55 29 35
55 30 29
55 31 9
55 32 19
55 33 3
55 34 31
55 35 22
55 36 25
55 37 1
55 38 28
55 39 37
55 40 29
55 41 21
55 42 35
55 43 16
55 44 11
55 45 32
55 46 11
55 47 17
55 48 11
55 49 12
55 50 18
55 51 4
55 52 4
55 53 17
55 54 2
56 0 19
56 1 3
56 2 4
56 3 16
56 4 37
56 5 29
56 6 4
56 7 35
56 8 28
56 9 16
56 10 14
56 11 3
56 12 7
56 13 22
56 14 13
56 15 31
56 16 35
56 17 12
56 18 3
56 19 16
56 20 34
56 21 6
56 22 1
56 23 26
56 24 32
56 25 1
56 26 37
56 27 30
56 28 30
56 29 17
56 30 15
56 31 27
56 32 24
56 33 6
56 34 24
56 35 32
56 36 25
56 37 20
56 38 36
56 39 31
56 40 34
56 41 30
56 42 2
56 43 13
56 44 23
56 45 27
56 46 4
56 47 2
56 48 37
56 49 10
56 50 36
56 51 36
56 52 4
56 53 22
56 54 2
56 55 27
57 0 38
57 1 38
57 2 26
57 3 2
57 4 30
57 5 11
57 6 5
57 7 5
57 8 14
57 9 36
57 10 33
57 11 13
57 12 33
57 13 25
57 14 14
57 15 3
57 16 28
57 17 36
57 18 18
57 19 18
57 20 29
57 21 27
57 22 31
57 23 4
57 24 20
57 25 1
57 26 32
57 27 34
57 28 32
57 29 35
57 30 33
57 31 12
57 32 2
57 33 15
57 34 38
57 35 3
57 36 21
57 37 37
57 38 7
57 39 2
57 40 35
57 41 8
57 42 1
57 43 13
57 44 36
57 45 1
57 46 1
57 47 8
57 48 12
57 49 17
57 50 23
57 51 5
57 52 5
57 53 28
57 54 33
57 55 11
57 56 19
58 0 11
58 1 28
58 2 25
58 3 14
58 4 28
58 5 19
58 6 36
58 7 34
58 8 25
58 9 19
58 10 3
58 11 4
58 12 25
58 13 19
58 14 29
58 15 30
58 16 5
58 17 3
58 18 3
58 19 25
58 20 36
58 21 3
58 22 3
58 23 20
58 24 11
58 25 35
58 26 36
58 27 27
58 28 38
58 29 13
58 30 2
58 31 2
58 32 13
58 33 33
58 34 4
58 35 18
58 36 2
58 37 36
58 38 5
58 39 13
58 40 37
58 41 29
58 42 3
58 43 34
58 44 23
58 45 4
58 46 12
58 47 33
58 48 27
58 49 29
58 50 35
58 51 9
58 52 15
58 53 4
58 54 6
58 55 38
58 56 17
58 57 11
59 0 5
59 1 33
59 2 37
59 3 2
59 4 19
59 5 28
59 6 19
59 7 25
59 8 37
59 9 12
59 10 37
59 11 5
59 12 28
59 13 36
59 14 26
59 15 9
59 16 11
59 17 26
59 18 27
59 19 10
59 20 2
59 21 8
59 22 8
59 23 15
59 24 30
59 25 9
59 26 22
59 27 3
59 28 3
59 29 6
59 30 10
59 31 37
59 32 29
59 33 10
59 34 1
59 35 13
59 36 21
59 37 5
59 38 21
59 39 22
59 40 8
59 41 12
59 42 36
59 43 28
59 44 18
59 45 33
59 46 28
59 47 7
59 48 20
59 49 20
59 50 30
59 51 7
59 52 36
59 53 2
59 54 21
59 55 31
59 56 22
59 57 16
59 58 11
60 0 6
60 1 36
60 2 34
60 3 30
60 4 19
60 5 9
60 6 31
60 7 22
60 8 3
60 9 23
60 10 38
60 11 5
60 12 3
60 13 17
60 14 3
60 15 5
60 16 9
60 17 9
60 18 31
60 19 37
60 20 22
60 21 23
60 22 23
60 23 3
60 24 2
60 25 3
60 26 21
60 27 27
60 28 12
60 29 18
60 30 27
60 31 10
60 32 30
60 33 32
60 34 27
60 35 11
60 36 17
60 37 26
60 38 18
60 39 28
60 40 18
60 41 29
60 42 38
60 43 7
60 44 17
60 45 16
60 46 11
60 47 38
60 48 25
60 49 21
60 50 37
60 51 23
60 52 35
60 53 30
60 54 8
60 55 23
60 56 33
60 57 37
60 58 34
60 59 5
61 0 17
61 1 20
61 2 2
61 3 25
61 4 12
61 5 3
61 6 17
61 7 21
61 8 20
61 9 12
61 10 12
61 11 21
61 12 3
61 13 11
61 14 28
61 15 10
61 16 30
61 17 10
61 18 25
61 19 18
61 20 20
61 21 38
61 22 32
61 23 23
61 24 12
61 25 6
61 26 22
61 27 21
61 28 17
61 29 1
61 30 1
61 31 4
61 32 2
61 33 36
61 34 14
61 35 17
61 36 8
61 37 31
61 38 11
61 39 14
61 40 15
61 41 36
61 42 8
61 43 18
61 44 23
61 45 3
61 46 20
61 47 38
61 48 34
61 49 2
61 50 29
61 51 24
61 52 32
61 53 20
61 54 9
61 55 7
61 56 9
61 57 38
61 58 31
61 59 29
61 60 7
