68
2 1 25
3 0 30
3 1 29
3 2 16
4 3 9
5 0 21
5 4 24
6 0 19
6 1 33
6 2 24
6 3 1
6 4 37
6 5 11
7 0 21
7 1 23
7 2 28
7 3 8
7 5 11
7 6 15
8 1 7
8 2 29
8 3 16
8 4 34
8 6 13
8 7 23
9 0 4
9 1 22
9 6 34
9 8 11
10 1 21
10 2 7
10 3 4
10 5 12
10 7 13
10 9 31
11 4 11
11 5 12
11 9 35
12 0 6
12 2 30
12 3 17
12 4 30
12 6 36
12 9 2
12 10 18
13 5 4
13 6 25
13 7 16
13 9 24
14 1 5
14 2 14
14 3 19
14 5 7
14 7 8
14 8 6
14 9 23
14 11 34
15 0 5
15 1 25
15 3 33
15 4 32
15 5 3
15 6 21
15 7 6
15 10 34
15 11 9
15 12 20
16 0 15
16 1 4
16 3 7
16 4 7
16 7 13
16 8 11
16 9 29
16 11 30
16 13 8
17 0 32
17 3 5
17 4 7
17 5 34
17 8 24
17 11 25
17 12 29
17 13 13
17 16 13
18 1 9
18 2 27
18 4 17
18 5 33
18 6 32
18 9 9
18 11 23
18 12 35
18 13 7
18 14 22
18 15 36
18 16 36
18 17 12
19 0 11
19 1 23
19 2 23
19 6 7
19 7 33
19 11 13
19 12 16
19 16 24
19 17 26
20 0 8
20 1 37
20 2 1
20 4 15
20 7 6
20 8 3
20 11 24
20 14 16
20 18 19
21 0 10
21 3 27
21 6 10
21 8 26
21 9 14
21 10 4
21 14 26
21 15 8
21 16 18
21 19 17
22 1 6
22 5 35
22 8 17
22 13 30
22 14 17
22 15 36
22 17 23
22 19 27
23 0 13
23 1 13
23 2 35
23 3 7
23 4 4
23 6 1
23 9 21
23 10 28
23 11 26
23 12 12
23 15 8
23 17 20
23 18 22
23 22 36
24 3 23
24 4 3
24 5 25
24 6 14
24 7 5
24 8 20
24 11 16
24 12 15
24 13 31
24 15 13
24 16 6
24 17 12
24 19 18
24 20 4
25 2 28
25 4 11
25 8 25
25 11 22
25 13 35
25 15 8
25 19 8
25 20 27
25 22 21
26 0 6
26 2 19
26 3 32
26 4 24
26 6 15
26 8 17
26 9 12
26 12 29
26 14 29
26 16 30
26 17 36
26 18 12
26 19 30
26 22 7
26 23 24
26 25 3
27 3 22
27 7 23
27 9 7
27 10 20
27 11 24
27 13 30
27 14 7
27 15 33
27 16 26
27 19 37
27 24 32
27 26 4
28 0 27
28 1 32
28 2 8
28 9 12
28 10 34
28 13 6
28 16 34
28 17 5
28 18 29
28 21 31
28 22 31
28 24 35
28 25 20
29 1 17
29 2 32
29 6 27
29 7 25
29 8 13
29 9 2
29 12 1
29 14 10
29 15 22
29 16 27
29 17 23
29 21 3
29 22 34
29 24 28
29 26 1
29 27 34
29 28 25
30 1 26
30 2 19
30 8 14
30 10 25
30 11 1
30 12 29
30 17 26
30 18 29
30 19 23
30 20 29
30 21 7
30 22 35
30 23 33
30 24 29
30 25 27
30 27 19
30 28 8
30 29 4
31 0 10
31 2 22
31 6 10
31 7 15
31 8 22
31 11 6
31 12 29
31 16 19
31 17 34
31 18 27
31 22 19
31 25 36
31 27 21
31 28 29
32 0 30
32 1 24
32 4 18
32 5 13
32 8 35
32 11 35
32 12 18
32 14 7
32 15 5
32 16 14
32 17 4
32 21 24
32 22 30
32 23 8
32 25 9
32 26 26
32 27 8
32 30 5
32 31 15
33 1 11
33 3 36
33 5 2
33 6 24
33 7 13
33 10 24
33 11 16
33 13 7
33 14 12
33 17 24
33 19 34
33 20 32
33 21 9
33 22 16
33 24 22
33 25 10
33 27 5
33 31 27
34 0 5
34 2 5
34 4 27
34 5 33
34 7 30
34 9 18
34 10 23
34 14 23
34 16 12
34 17 33
34 20 9
34 22 1
34 24 19
34 25 35
34 26 29
34 30 11
34 31 18
34 33 32
35 0 24
35 1 12
35 3 18
35 9 17
35 10 3
35 12 9
35 14 18
35 16 4
35 18 31
35 21 10
35 23 22
35 25 14
35 26 8
35 27 29
35 30 26
35 32 14
35 33 28
36 0 15
36 5 22
36 8 26
36 13 16
36 15 27
36 16 3
36 20 12
36 24 28
36 27 34
36 30 4
36 31 8
36 33 18
36 34 1
37 0 17
37 1 30
37 2 3
37 7 29
37 8 5
37 14 23
37 16 34
37 19 29
37 20 22
37 22 25
37 24 23
37 25 17
37 27 24
37 29 1
37 30 35
37 32 16
38 2 12
38 3 24
38 9 18
38 10 22
38 11 33
38 13 7
38 14 13
38 16 28
38 17 4
38 18 33
38 20 8
38 21 1
38 22 23
38 30 16
38 34 1
38 37 9
39 1 21
39 2 24
39 4 16
39 5 23
39 6 33
39 8 18
39 11 32
39 15 27
39 17 23
39 18 23
39 20 28
39 22 11
39 25 20
39 26 29
39 27 37
39 29 23
39 31 34
39 33 16
39 36 21
40 6 20
40 7 8
40 8 2
40 9 19
40 11 14
40 13 6
40 14 35
40 15 14
40 17 7
40 18 2
40 19 31
40 24 33
40 29 13
40 30 3
40 31 28
40 33 15
40 36 4
40 37 12
41 1 19
41 4 12
41 8 21
41 14 34
41 16 13
41 19 10
41 21 10
41 22 28
41 25 27
41 26 14
41 31 23
41 32 23
41 35 29
41 36 14
41 37 11
41 39 16
41 40 30
42 0 12
42 1 11
42 3 22
42 4 3
42 6 19
42 7 27
42 8 4
42 9 2
42 10 9
42 11 25
42 12 34
42 14 7
42 15 30
42 19 20
42 20 11
42 21 28
42 22 37
42 23 1
42 24 27
42 30 17
42 34 25
42 36 16
42 37 8
42 39 15
42 41 19
43 0 33
43 1 25
43 3 16
43 4 16
43 5 1
43 7 26
43 8 2
43 14 7
43 17 29
43 19 18
43 20 34
43 22 16
43 23 25
43 24 25
43 25 13
43 26 25
43 27 32
43 29 15
43 30 8
43 33 9
43 35 5
43 36 7
43 38 19
43 39 5
43 41 15
44 1 17
44 5 30
44 7 19
44 8 35
44 9 23
44 10 6
44 11 34
44 15 11
44 16 19
44 17 19
44 20 35
44 24 26
44 27 16
44 28 16
44 31 33
44 32 17
44 35 19
44 36 8
44 40 26
44 42 27
45 0 19
45 1 22
45 3 29
45 4 28
45 8 24
45 9 34
45 10 28
45 13 25
45 15 12
45 17 16
45 18 11
45 19 22
45 22 6
45 23 2
45 24 36
45 25 3
45 26 26
45 28 14
45 29 6
45 32 37
45 33 11
45 34 26
45 38 9
45 41 21
45 42 26
45 43 7
46 2 1
46 8 6
46 13 11
46 14 35
46 15 7
46 16 19
46 20 31
46 21 21
46 22 21
46 24 17
46 25 36
46 27 8
46 29 13
46 30 30
46 31 2
46 33 26
46 36 8
46 38 34
46 39 36
46 43 34
47 5 23
47 8 11
47 9 33
47 10 6
47 11 24
47 15 2
47 16 5
47 17 15
47 19 12
47 20 26
47 21 8
47 22 2
47 23 5
47 24 25
47 25 10
47 28 32
47 31 28
47 32 32
47 36 25
47 37 25
47 38 25
47 43 15
47 44 20
48 0 3
48 1 5
48 4 16
48 5 1
48 10 26
48 12 23
48 14 27
48 19 17
48 20 37
48 23 36
48 24 11
48 25 20
48 27 22
48 28 4
48 32 33
48 34 35
48 36 12
48 43 22
48 44 28
49 3 5
49 5 5
49 9 32
49 10 7
49 14 9
49 16 32
49 18 10
49 21 13
49 22 15
49 23 9
49 25 28
49 28 21
49 29 35
49 33 21
49 34 32
49 38 6
49 40 27
49 41 17
49 42 26
49 46 32
49 47 10
50 0 12
50 1 2
50 2 25
50 3 14
50 4 24
50 9 12
50 10 24
50 11 5
50 12 10
50 13 19
50 19 24
50 21 30
50 22 31
50 24 23
50 26 15
50 30 16
50 31 30
50 32 29
50 35 8
50 37 6
50 38 31
50 39 33
50 41 36
50 42 13
50 46 19
50 47 26
50 48 2
51 0 1
51 2 15
51 3 5
51 4 11
51 9 18
51 11 7
51 12 18
51 15 27
51 16 3
51 20 8
51 21 4
51 22 25
51 23 2
51 26 29
51 28 26
51 37 18
51 39 35
51 40 13
51 42 29
51 44 17
51 48 1
51 50 21
52 0 24
52 1 18
52 2 15
52 3 32
52 4 6
52 6 4
52 7 22
52 10 25
52 14 10
52 15 31
52 22 18
52 23 33
52 24 5
52 25 3
52 26 18
52 28 10
52 30 36
52 32 30
52 35 6
52 38 3
52 40 24
52 41 33
52 43 26
52 45 17
52 46 12
52 47 23
53 1 17
53 3 3
53 9 27
53 11 27
53 17 6
53 22 9
53 23 5
53 24 21
53 26 24
53 27 3
53 29 5
53 30 27
53 31 24
53 32 14
53 34 6
53 36 37
53 38 16
53 39 15
53 41 1
53 42 4
53 43 24
53 44 30
53 45 21
53 46 19
53 47 10
53 48 26
53 49 12
53 50 12
53 51 29
53 52 9
54 2 37
54 4 33
54 5 24
54 6 14
54 7 10
54 11 8
54 12 19
54 13 19
54 15 12
54 16 8
54 17 35
54 18 8
54 20 18
54 23 22
54 25 26
54 28 30
54 31 4
54 32 25
54 33 37
54 34 1
54 36 5
54 37 14
54 38 1
54 41 23
54 42 35
54 45 37
54 47 17
54 49 12
54 52 27
55 1 7
55 5 12
55 6 30
55 9 4
55 10 10
55 11 6
55 12 31
55 14 13
55 16 1
55 17 5
55 18 30
55 19 12
55 26 9
55 27 13
55 28 3
55 29 7
55 32 27
55 35 5
55 36 15
55 44 24
55 45 9
55 46 24
55 47 6
55 49 9
55 52 12
55 54 14
56 1 7
56 2 31
56 3 3
56 6 27
56 12 2
56 13 5
56 14 4
56 23 27
56 24 10
56 25 23
56 26 29
56 27 2
56 28 20
56 29 34
56 31 33
56 35 4
56 37 23
56 41 13
56 43 24
56 45 5
56 46 10
56 47 17
56 48 21
56 51 29
56 53 26
56 55 3
57 0 14
57 1 22
57 2 5
57 3 9
57 4 25
57 7 23
57 8 26
57 13 12
57 17 33
57 18 29
57 21 14
57 22 32
57 23 21
57 24 36
57 27 31
57 28 37
57 31 35
57 33 25
57 34 33
57 38 33
57 44 11
57 45 11
57 48 28
57 49 28
57 51 16
57 53 18
58 0 28
58 3 14
58 4 8
58 7 16
58 9 5
58 15 19
58 16 33
58 22 23
58 23 13
58 24 24
58 25 31
58 28 36
58 30 20
58 31 31
58 33 32
58 37 31
58 38 18
58 39 19
58 41 12
58 45 17
58 48 30
58 50 16
58 52 27
58 53 9
58 55 4
58 56 17
59 5 32
59 9 37
59 14 16
59 18 10
59 19 2
59 24 10
59 26 22
59 28 20
59 30 21
59 33 9
59 35 35
59 37 21
59 39 22
59 46 4
59 48 7
59 49 15
59 50 17
59 51 25
59 53 7
59 54 17
59 55 5
59 56 37
59 58 23
60 3 25
60 4 22
60 9 25
60 12 16
60 15 25
60 18 17
60 19 8
60 23 1
60 25 36
60 27 21
60 29 3
60 32 36
60 35 34
60 36 28
60 37 5
60 41 5
60 42 8
60 45 6
60 46 31
60 47 36
60 49 17
60 52 1
60 53 26
60 54 14
60 55 16
60 57 32
60 59 32
61 0 14
61 2 1
61 3 31
61 4 21
61 6 4
61 9 21
61 15 7
61 16 18
61 17 33
61 19 9
61 21 37
61 24 17
61 26 18
61 27 30
61 28 33
61 29 13
61 30 18
61 31 28
61 32 2
61 33 7
61 34 35
61 35 29
61 37 28
61 40 15
61 41 27
61 45 24
61 46 36
61 47 31
61 48 4
61 49 9
61 50 18
61 51 23
61 52 27
61 53 19
61 54 34
61 57 18
61 58 1
61 59 2
61 60 2
62 0 28
62 3 25
62 4 9
62 8 33
62 11 6
62 12 33
62 13 11
62 14 14
62 15 14
62 17 24
62 18 22
62 19 1
62 21 2
62 23 15
62 26 37
62 27 36
62 30 35
62 31 9
62 32 6
62 36 19
62 37 22
62 39 19
62 40 19
62 41 1
62 45 37
62 55 15
62 57 37
62 59 15
62 60 30
62 61 22
63 1 34
63 2 26
63 4 20
63 6 2
63 8 32
63 13 28
63 15 30
63 16 15
63 17 5
63 18 33
63 19 23
63 23 15
63 24 14
63 26 2
63 27 4
63 28 8
63 29 2
63 34 14
63 36 31
63 37 27
63 38 6
63 40 9
63 41 22
63 42 19
63 45 29
63 46 33
63 47 19
63 49 6
63 50 28
63 51 28
63 53 9
63 56 9
63 57 22
63 60 31
63 61 36
64 0 33
64 4 11
64 5 8
64 6 6
64 7 30
64 8 36
64 10 14
64 14 3
64 15 8
64 16 13
64 17 11
64 18 22
64 21 14
64 22 9
64 23 17
64 26 13
64 28 17
64 29 5
64 30 6
64 35 5
64 39 18
64 40 19
64 43 30
64 44 32
64 45 23
64 46 23
64 47 24
64 48 11
64 49 33
64 51 4
64 52 6
64 53 32
64 54 4
64 55 28
64 58 7
64 62 23
64 63 11
65 1 34
65 2 11
65 3 1
65 6 1
65 8 10
65 9 25
65 14 30
65 19 26
65 22 33
65 27 29
65 33 12
65 34 24
65 37 32
65 38 36
65 39 19
65 43 9
65 45 19
65 46 30
65 47 21
65 48 36
65 49 4
65 50 19
65 52 3
65 54 16
65 59 9
65 60 15
65 61 28
65 62 19
66 0 1
66 1 26
66 4 27
66 7 14
66 8 37
66 9 2
66 12 10
66 23 31
66 24 30
66 27 24
66 29 13
66 31 28
66 33 20
66 36 33
66 38 3
66 41 14
66 48 14
66 49 11
66 50 21
66 51 6
66 52 30
66 58 27
66 59 23
66 60 1
66 63 30
66 64 36
67 1 11
67 2 20
67 3 23
67 6 13
67 7 35
67 8 1
67 10 5
67 14 30
67 16 3
67 18 17
67 19 5
67 20 25
67 23 32
67 24 22
67 26 37
67 30 22
67 33 26
67 34 29
67 36 14
67 39 9
67 40 33
67 43 3
67 47 36
67 48 24
67 50 16
67 51 28
67 52 35
67 53 7
67 54 26
67 55 17
67 56 28
67 58 31
67 60 29
67 61 21
67 62 23
67 65 25
67 66 36
