60
1 0 41
2 0 21
2 1 36
3 0 25
3 1 2
3 2 13
4 0 22
4 1 27
4 2 30
4 3 34
5 0 20
5 1 21
5 2 5
5 3 21
5 4 17
6 0 42
6 1 34
6 2 8
6 3 33
6 4 14
6 5 39
7 0 27
7 1 22
7 2 12
7 3 12
7 4 37
7 5 3
7 6 31
8 0 40
8 1 40
8 2 42
8 3 31
8 4 7
8 5 35
8 6 34
8 7 21
9 0 20
9 1 39
9 2 19
9 3 10
9 4 42
9 5 40
9 6 21
9 7 39
9 8 14
10 0 25
10 1 13
10 2 33
10 3 7
10 4 6
10 5 17
10 6 31
10 7 23
10 8 30
10 9 41
11 0 28
11 1 1
11 2 4
11 3 15
11 4 21
11 5 16
11 6 5
11 7 20
11 8 17
11 9 30
11 10 8
12 0 9
12 1 15
12 2 39
12 3 13
12 4 34
12 5 15
12 6 38
12 7 36
12 8 22
12 9 19
12 10 5
12 11 35
13 0 38
13 1 4
13 2 6
13 3 11
13 4 29
13 5 25
13 6 24
13 7 9
13 8 20
13 9 20
13 10 9
13 11 16
13 12 26
14 0 26
14 1 25
14 2 17
14 3 7
14 4 20
14 5 3
14 6 9
14 7 27
14 8 42
14 9 4
14 10 40
14 11 32
14 12 28
14 13 29
15 0 29
15 1 38
15 2 8
15 3 28
15 4 28
15 5 25
15 6 22
15 7 26
15 8 26
15 9 10
15 10 7
15 11 22
15 12 40
15 13 4
15 14 12
16 0 18
16 1 9
16 2 11
16 3 28
16 4 30
16 5 30
16 6 29
16 7 34
16 8 33
16 9 31
16 10 6
16 11 30
16 12 7
16 13 35
16 14 16
16 15 36
17 0 20
17 1 28
17 2 23
17 3 35
17 4 35
17 5 14
17 6 7
17 7 12
17 8 5
17 9 7
17 10 3
17 11 19
17 12 38
17 13 39
17 14 38
17 15 39
17 16 27
18 0 39
18 1 6
18 2 5
18 3 3
18 4 23
18 5 41
18 6 5
18 7 26
18 8 9
18 9 13
18 10 35
18 11 29
18 12 40
18 13 27
18 14 1
18 15 16
18 16 22
18 17 35
19 0 8
19 1 6
19 2 20
19 3 34
19 4 32
19 5 37
19 6 10
19 7 34
19 8 30
19 9 7
19 10 40
19 11 33
19 12 40
19 13 12
19 14 3
19 15 31
19 16 35
19 17 8
19 18 22
20 0 21
20 1 19
20 2 22
20 3 14
20 4 12
20 5 10
20 6 30
20 7 30
20 8 18
20 9 13
20 10 19
20 11 3
20 12 31
20 13 37
20 14 37
20 15 26
20 16 6
20 17 36
20 18 36
20 19 8
21 0 28
21 1 5
21 2 29
21 3 2
21 4 27
21 5 9
21 6 13
21 7 3
21 8 42
21 9 29
21 10 33
21 11 39
21 12 4
21 13 35
21 14 30
21 15 18
21 16 33
21 17 40
21 18 34
21 19 28
21 20 26
22 0 16
22 1 30
22 2 32
22 3 35
22 4 28
22 5 1
22 6 28
22 7 14
22 8 31
22 9 31
22 10 35
22 11 15
22 12 5
22 13 39
22 14 2
22 15 13
22 16 15
22 17 5
22 18 31
22 19 26
22 20 2
22 21 39
23 0 9
23 1 5
23 2 28
23 3 28
23 4 7
23 5 6
23 6 24
23 7 42
23 8 35
23 9 3
23 10 41
23 11 11
23 12 6
23 13 13
23 14 3
23 15 16
23 16 22
23 17 39
23 18 9
23 19 2
23 20 41
23 21 15
23 22 5
24 0 13
24 1 5
24 2 29
24 3 13
24 4 31
24 5 32
24 6 35
24 7 11
24 8 39
24 9 25
24 10 20
24 11 14
24 12 7
24 13 38
24 14 16
24 15 37
24 16 39
24 17 16
24 18 28
24 19 18
24 20 9
24 21 17
24 22 42
24 23 41
25 0 24
25 1 22
25 2 6
25 3 17
25 4 4
25 5 42
25 6 31
25 7 39
25 8 18
25 9 12
25 10 28
25 11 39
25 12 28
25 13 12
25 14 24
25 15 11
25 16 19
25 17 20
25 18 25
25 19 30
25 20 13
25 21 18
25 22 7
25 23 14
25 24 35
26 0 4
26 1 15
26 2 9
26 3 35
26 4 40
26 5 20
26 6 42
26 7 3
26 8 3
26 9 28
26 10 4
26 11 3
26 12 15
26 13 10
26 14 13
26 15 37
26 16 42
26 17 12
26 18 18
26 19 5
26 20 15
26 21 21
26 22 4
26 23 22
26 24 2
26 25 20
27 0 31
27 1 24
27 2 10
27 3 38
27 4 28
27 5 22
27 6 40
27 7 8
27 8 18
27 9 21
27 10 41
27 11 42
27 12 8
27 13 8
27 14 2
27 15 34
27 16 18
27 17 42
27 18 5
27 19 18
27 20 22
27 21 21
27 22 25
27 23 25
27 24 42
27 25 37
27 26 24
28 0 42
28 1 17
28 2 22
28 3 35
28 4 32
28 5 36
28 6 37
28 7 14
28 8 29
28 9 11
28 10 20
28 11 24
28 12 15
28 13 18
28 14 28
28 15 35
28 16 23
28 17 19
28 18 7
28 19 21
28 20 23
28 21 15
28 22 35
28 23 20
28 24 22
28 25 34
28 26 8
28 27 38
29 0 35
29 1 11
29 2 19
29 3 23
29 4 9
29 5 41
29 6 14
29 7 8
29 8 30
29 9 28
29 10 21
29 11 22
29 12 19
29 13 38
29 14 37
29 15 34
29 16 5
29 17 11
29 18 4
29 19 31
29 20 39
29 21 3
29 22 10
29 23 41
29 24 20
29 25 9
29 26 22
29 27 12
29 28 25
30 0 42
30 1 5
30 2 29
30 3 19
30 4 34
30 5 1
30 6 17
30 7 3
30 8 11
30 9 9
30 10 36
30 11 14
30 12 15
30 13 9
30 14 4
30 15 38
30 16 4
30 17 27
30 18 14
30 19 2
30 20 10
30 21 29
30 22 8
30 23 32
30 24 15
30 25 23
30 26 9
30 27 39
30 28 7
30 29 40
31 0 28
31 1 23
31 2 41
31 3 28
31 4 14
31 5 2
31 6 32
31 7 20
31 8 18
31 9 16
31 10 41
31 11 41
31 12 18
31 13 10
31 14 10
31 15 12
31 16 13
31 17 25
31 18 30
31 19 14
31 20 41
31 21 34
31 22 18
31 23 26
31 24 23
31 25 21
31 26 1
31 27 10
31 28 27
31 29 38
31 30 37
32 0 42
32 1 17
32 2 3
32 3 12
32 4 19
32 5 6
32 6 18
32 7 15
32 8 22
32 9 19
32 10 33
32 11 23
32 12 39
32 13 42
32 14 35
32 15 16
32 16 21
32 17 39
32 18 40
32 19 24
32 20 18
32 21 22
32 22 17
32 23 11
32 24 13
32 25 23
32 26 19
32 27 34
32 28 23
32 29 36
32 30 8
32 31 37
33 0 25
33 1 24
33 2 34
33 3 23
33 4 19
33 5 5
33 6 31
33 7 13
33 8 26
33 9 22
33 10 32
33 11 28
33 12 38
33 13 24
33 14 14
33 15 2
33 16 9
33 17 31
33 18 13
33 19 34
33 20 4
33 21 1
33 22 3
33 23 42
33 24 24
33 25 36
33 26 37
33 27 3
33 28 29
33 29 8
33 30 16
33 31 12
33 32 31
34 0 3
34 1 12
34 2 5
34 3 37
34 4 13
34 5 15
34 6 22
34 7 4
34 8 12
34 9 34
34 10 38
34 11 15
34 12 29
34 13 29
34 14 8
34 15 14
34 16 3
34 17 37
34 18 23
34 19 16
34 20 17
34 21 16
34 22 11
34 23 20
34 24 24
34 25 39
34 26 5
34 27 4
34 28 10
34 29 35
34 30 5
34 31 23
34 32 4
34 33 41
35 0 21
35 1 16
35 2 19
35 3 42
35 4 23
35 5 5
35 6 27
35 7 14
35 8 2
35 9 13
35 10 37
35 11 30
35 12 4
35 13 16
35 14 17
35 15 38
35 16 15
35 17 11
35 18 3
35 19 9
35 20 27
35 21 22
35 22 34
35 23 33
35 24 40
35 25 8
35 26 16
35 27 35
35 28 42
35 29 12
35 30 30
35 31 15
35 32 42
35 33 38
35 34 17
36 0 32
36 1 3
36 2 30
36 3 12
36 4 30
36 5 36
36 6 21
36 7 12
36 8 3
36 9 37
36 10 25
36 11 33
36 12 25
36 13 36
36 14 22
36 15 12
36 16 35
36 17 5
36 18 25
36 19 5
36 20 24
36 21 28
36 22 28
36 23 14
36 24 19
36 25 28
36 26 12
36 27 16
36 28 37
36 29 5
36 30 39
36 31 33
36 32 4
36 33 23
36 34 37
36 35 4
37 0 16
37 1 20
37 2 10
37 3 3
37 4 15
37 5 41
37 6 34
37 7 18
37 8 7
37 9 6
37 10 40
37 11 36
37 12 39
37 13 29
37 14 1
37 15 6
37 16 20
37 17 3
37 18 15
37 19 29
37 20 32
37 21 16
37 22 8
37 23 20
37 24 2
37 25 9
37 26 11
37 27 17
37 28 39
37 29 26
37 30 24
37 31 34
37 32 32
37 33 38
37 34 27
37 35 5
37 36 2
38 0 28
38 1 25
38 2 12
38 3 39
38 4 18
38 5 11
38 6 22
38 7 26
38 8 33
38 9 25
38 10 4
38 11 32
38 12 4
38 13 14
38 14 16
38 15 30
38 16 25
38 17 35
38 18 35
38 19 19
38 20 39
38 21 12
38 22 39
38 23 23
38 24 30
38 25 27
38 26 20
38 27 17
38 28 30
38 29 22
38 30 14
38 31 26
38 32 28
38 33 13
38 34 19
38 35 10
38 36 19
38 37 7
39 0 27
39 1 20
39 2 41
39 3 26
39 4 11
39 5 31
39 6 20
39 7 38
39 8 13
39 9 11
39 10 17
39 11 10
39 12 12
39 13 32
39 14 35
39 15 35
39 16 8
39 17 35
39 18 24
39 19 3
39 20 2
39 21 41
39 22 18
39 23 19
39 24 18
39 25 21
39 26 27
39 27 1
39 28 36
39 29 25
39 30 7
39 31 17
39 32 25
39 33 24
39 34 14
39 35 37
39 36 25
39 37 37
39 38 6
40 0 28
40 1 33
40 2 15
40 3 7
40 4 35
40 5 5
40 6 33
40 7 35
40 8 13
40 9 41
40 10 3
40 11 33
40 12 35
40 13 35
40 14 12
40 15 2
40 16 34
40 17 10
40 18 7
40 19 28
40 20 27
40 21 26
40 22 27
40 23 5
40 24 34
40 25 14
40 26 21
40 27 2
40 28 33
40 29 8
40 30 35
40 31 37
40 32 23
40 33 5
40 34 41
40 35 37
40 36 11
40 37 33
40 38 22
40 39 33
41 0 29
41 1 17
41 2 7
41 3 11
41 4 40
41 5 4
41 6 10
41 7 29
41 8 34
41 9 18
41 10 6
41 11 38
41 12 37
41 13 31
41 14 9
41 15 3
41 16 11
41 17 42
41 18 18
41 19 40
41 20 14
41 21 36
41 22 17
41 23 32
41 24 34
41 25 6
41 26 9
41 27 37
41 28 25
41 29 8
41 30 7
41 31 40
41 32 24
41 33 18
41 34 24
41 35 36
41 36 26
41 37 24
41 38 2
41 39 2
41 40 22
42 0 37
42 1 2
42 2 40
42 3 15
42 4 23
42 5 14
42 6 21
42 7 33
42 8 14
42 9 5
42 10 42
42 11 4
42 12 24
42 13 25
42 14 29
42 15 5
42 16 29
42 17 9
42 18 12
42 19 9
42 20 17
42 21 3
42 22 28
42 23 5
42 24 21
42 25 15
42 26 35
42 27 4
42 28 39
42 29 5
42 30 38
42 31 39
42 32 12
42 33 24
42 34 23
42 35 25
42 36 10
42 37 13
42 38 7
42 39 23
42 40 13
42 41 41
43 0 37
43 1 15
43 2 7
43 3 31
43 4 1
43 5 21
43 6 10
43 7 10
43 8 21
43 9 42
43 10 8
43 11 41
43 12 31
43 13 10
43 14 1
43 15 8
43 16 17
43 17 38
43 18 19
43 19 5
43 20 32
43 21 39
43 22 30
43 23 25
43 24 40
43 25 41
43 26 17
43 27 29
43 28 23
43 29 37
43 30 26
43 31 41
43 32 21
43 33 2
43 34 30
43 35 16
43 36 40
43 37 19
43 38 12
43 39 32
43 40 35
43 41 8
43 42 16
44 0 32
44 1 41
44 2 22
44 3 35
44 4 20
44 5 12
44 6 29
44 7 16
44 8 1
44 9 10
44 10 15
44 11 4
44 12 7
44 13 26
44 14 38
44 15 25
44 16 13
44 17 21
44 18 16
44 19 9
44 20 36
44 21 22
44 22 35
44 23 3
44 24 16
44 25 8
44 26 41
44 27 3
44 28 18
44 29 41
44 30 24
44 31 24
44 32 32
44 33 37
44 34 11
44 35 35
44 36 11
44 37 10
44 38 16
44 39 27
44 40 5
44 41 28
44 42 3
44 43 30
45 0 22
45 1 26
45 2 32
45 3 36
45 4 18
45 5 29
45 6 35
45 7 34
45 8 3
45 9 37
45 10 6
45 11 22
45 12 1
45 13 16
45 14 21
45 15 37
45 16 4
45 17 21
45 18 16
45 19 25
45 20 24
45 21 40
45 22 22
45 23 20
45 24 16
45 25 21
45 26 6
45 27 9
45 28 4
45 29 28
45 30 39
45 31 37
45 32 6
45 33 8
45 34 41
45 35 7
45 36 23
45 37 7
45 38 14
45 39 19
45 40 33
45 41 14
45 42 7
45 43 7
45 44 36
46 0 29
46 1 2
46 2 34
46 3 37
46 4 20
46 5 18
46 6 2
46 7 10
46 8 18
46 9 8
46 10 12
46 11 15
46 12 20
46 13 19
46 14 31
46 15 40
46 16 26
46 17 35
46 18 11
46 19 35
46 20 13
46 21 40
46 22 3
46 23 29
46 24 38
46 25 12
46 26 1
46 27 40
46 28 1
46 29 37
46 30 23
46 31 39
46 32 14
46 33 9
46 34 5
46 35 9
46 36 39
46 37 5
46 38 34
46 39 7
46 40 27
46 41 39
46 42 16
46 43 25
46 44 7
46 45 5
47 0 1
47 1 10
47 2 8
47 3 33
47 4 27
47 5 25
47 6 9
47 7 12
47 8 9
47 9 10
47 10 14
47 11 17
47 12 34
47 13 14
47 14 38
47 15 8
47 16 7
47 17 28
47 18 5
47 19 5
47 20 36
47 21 33
47 22 17
47 23 15
47 24 25
47 25 11
47 26 28
47 27 12
47 28 4
47 29 10
47 30 29
47 31 12
47 32 27
47 33 35
47 34 39
47 35 37
47 36 9
47 37 38
47 38 39
47 39 26
47 40 32
47 41 2
47 42 32
47 43 35
47 44 42
47 45 24
47 46 18
48 0 32
48 1 42
48 2 1
48 3 38
48 4 25
48 5 16
48 6 30
48 7 22
48 8 34
48 9 19
48 10 36
48 11 35
48 12 30
48 13 14
48 14 15
48 15 36
48 16 21
48 17 14
48 18 8
48 19 29
48 20 16
48 21 14
48 22 19
48 23 31
48 24 31
48 25 2
48 26 20
48 27 6
48 28 2
48 29 8
48 30 6
48 31 39
48 32 12
48 33 42
48 34 16
48 35 10
48 36 4
48 37 34
48 38 19
48 39 19
48 40 31
48 41 17
48 42 34
48 43 9
48 44 22
48 45 13
48 46 37
48 47 29
49 0 31
49 1 29
49 2 9
49 3 11
49 4 29
49 5 36
49 6 18
49 7 34
49 8 28
49 9 3
49 10 18
49 11 14
49 12 41
49 13 41
49 14 17
49 15 10
49 16 12
49 17 29
49 18 30
49 19 33
49 20 32
49 21 29
49 22 35
49 23 18
49 24 3
49 25 33
49 26 24
49 27 8
49 28 1
49 29 38
49 30 28
49 31 41
49 32 18
49 33 22
49 34 17
49 35 38
49 36 19
49 37 35
49 38 18
49 39 29
49 40 24
49 41 42
49 42 13
49 43 35
49 44 3
49 45 21
49 46 29
49 47 8
49 48 13
50 0 28
50 1 24
50 2 39
50 3 20
50 4 18
50 5 8
50 6 18
50 7 21
50 8 40
50 9 3
50 10 39
50 11 21
50 12 13
50 13 21
50 14 31
50 15 20
50 16 24
50 17 35
50 18 32
50 19 22
50 20 38
50 21 20
50 22 34
50 23 38
50 24 31
50 25 7
50 26 9
50 27 9
50 28 36
50 29 14
50 30 7
50 31 38
50 32 4
50 33 1
50 34 14
50 35 35
50 36 34
50 37 13
50 38 22
50 39 22
50 40 32
50 41 38
50 42 3
50 43 10
50 44 22
50 45 7
50 46 35
50 47 12
50 48 37
50 49 7
51 0 23
51 1 2
51 2 40
51 3 4
51 4 2
51 5 15
51 6 17
51 7 27
51 8 28
51 9 34
51 10 33
51 11 23
51 12 24
51 13 26
51 14 13
51 15 35
51 16 14
51 17 12
51 18 28
51 19 20
51 20 20
51 21 13
51 22 42
51 23 13
51 24 1
51 25 23
51 26 34
51 27 20
51 28 17
51 29 36
51 30 17
51 31 30
51 32 40
51 33 20
51 34 23
51 35 16
51 36 10
51 37 42
51 38 40
51 39 2
51 40 23
51 41 37
51 42 3
51 43 30
51 44 20
51 45 4
51 46 12
51 47 16
51 48 26
51 49 1
51 50 9
52 0 22
52 1 15
52 2 41
52 3 5
52 4 6
52 5 29
52 6 35
52 7 16
52 8 11
52 9 21
52 10 30
52 11 23
52 12 19
52 13 10
52 14 23
52 15 20
52 16 39
52 17 31
52 18 5
52 19 25
52 20 13
52 21 39
52 22 41
52 23 6
52 24 7
52 25 3
52 26 2
52 27 9
52 28 33
52 29 28
52 30 5
52 31 30
52 32 36
52 33 38
52 34 16
52 35 23
52 36 42
52 37 39
52 38 26
52 39 33
52 40 19
52 41 24
52 42 1
52 43 28
52 44 5
52 45 33
52 46 18
52 47 16
52 48 38
52 49 37
52 50 21
52 51 18
53 0 7
53 1 2
53 2 13
53 3 25
53 4 16
53 5 6
53 6 14
53 7 42
53 8 36
53 9 13
53 10 23
53 11 42
53 12 18
53 13 10
53 14 14
53 15 16
53 16 7
53 17 2
53 18 23
53 19 23
53 20 2
53 21 41
53 22 25
53 23 24
53 24 5
53 25 22
53 26 27
53 27 6
53 28 6
53 29 26
53 30 8
53 31 38
53 32 1
53 33 41
53 34 30
53 35 30
53 36 41
53 37 32
53 38 40
53 39 34
53 40 5
53 41 14
53 42 6
53 43 39
53 44 39
53 45 11
53 46 22
53 47 35
53 48 31
53 49 17
53 50 17
53 51 25
53 52 9
54 0 23
54 1 36
54 2 7
54 3 27
54 4 26
54 5 5
54 6 22
54 7 3
54 8 41
54 9 33
54 10 17
54 11 4
54 12 41
54 13 31
54 14 42
54 15 27
54 16 28
54 17 3
54 18 25
54 19 39
54 20 35
54 21 31
54 22 1
54 23 24
54 24 10
54 25 27
54 26 33
54 27 22
54 28 38
54 29 9
54 30 38
54 31 13
54 32 4
54 33 42
54 34 37
54 35 29
54 36 35
54 37 11
54 38 26
54 39 35
54 40 25
54 41 12
54 42 29
54 43 16
54 44 7
54 45 26
54 46 31
54 47 14
54 48 36
54 49 6
54 50 26
54 51 19
54 52 39
54 53 3
55 0 38
55 1 17
55 2 14
55 3 11
55 4 15
55 5 10
55 6 22
55 7 10
55 8 38
55 9 36
55 10 40
55 11 39
55 12 8
55 13 4
55 14 9
55 15 42
55 16 20
55 17 11
55 18 12
55 19 8
55 20 25
55 21 31
55 22 2
55 23 15
55 24 19
55 25 9
55 26 7
55 27 33
55 28 2
55 29 29
55 30 8
55 31 39
55 32 35
55 33 4
55 34 5
55 35 1
55 36 15
55 37 18
55 38 35
55 39 40
55 40 5
55 41 25
55 42 22
55 43 14
55 44 11
55 45 23
55 46 22
55 47 30
55 48 21
55 49 39
55 50 23
55 51 20
55 52 14
55 53 38
55 54 40
56 0 30
56 1 22
56 2 28
56 3 28
56 4 40
56 5 16
56 6 22
56 7 9
56 8 6
56 9 14
56 10 4
56 11 5
56 12 26
56 13 38
56 14 19
56 15 25
56 16 7
56 17 27
56 18 25
56 19 32
56 20 27
56 21 15
56 22 26
56 23 34
56 24 16
56 25 7
56 26 9
56 27 2
56 28 33
56 29 11
56 30 21
56 31 26
56 32 10
56 33 27
56 34 14
56 35 15
56 36 38
56 37 1
56 38 31
56 39 4
56 40 24
56 41 27
56 42 28
56 43 15
56 44 32
56 45 37
56 46 29
56 47 8
56 48 41
56 49 30
56 50 6
56 51 33
56 52 6
56 53 19
56 54 34
56 55 37
57 0 24
57 1 16
57 2 10
57 3 11
57 4 10
57 5 9
57 6 2
57 7 32
57 8 17
57 9 18
57 10 10
57 11 24
57 12 9
57 13 36
57 14 3
57 15 3
57 16 8
57 17 10
57 18 37
57 19 36
57 20 14
57 21 22
57 22 16
57 23 10
57 24 37
57 25 7
57 26 38
57 27 13
57 28 2
57 29 28
57 30 25
57 31 41
57 32 18
57 33 2
57 34 41
57 35 39
57 36 26
57 37 6
57 38 3
57 39 22
57 40 19
57 41 37
57 42 28
57 43 25
57 44 36
57 45 31
57 46 7
57 47 38
57 48 5
57 49 17
57 50 27
57 51 8
57 52 11
57 53 38
57 54 35
57 55 5
57 56 30
58 0 2
58 1 37
58 2 12
58 3 14
58 4 41
58 5 16
58 6 4
58 7 31
58 8 31
58 9 13
58 10 25
58 11 15
58 12 28
58 13 3
58 14 4
58 15 25
58 16 39
58 17 14
58 18 4
58 19 8
58 20 2
58 21 33
58 22 24
58 23 25
58 24 31
58 25 31
58 26 1
58 27 29
58 28 20
58 29 11
58 30 17
58 31 32
58 32 3
58 33 19
58 34 13
58 35 42
58 36 22
58 37 27
58 38 30
58 39 42
58 40 41
58 41 41
58 42 6
58 43 23
58 44 22
58 45 25
58 46 7
58 47 40
58 48 1
58 49 15
58 50 33
58 51 3
58 52 5
58 53 26
58 54 28
58 55 3
58 56 30
58 57 36
59 0 24
59 1 41
59 2 29
59 3 42
59 4 23
59 5 32
59 6 11
59 7 19
59 8 11
59 9 40
59 10 13
59 11 38
59 12 11
59 13 17
59 14 1
59 15 26
59 16 13
59 17 2
59 18 6
59 19 10
59 20 22
59 21 25
59 22 23
59 23 10
59 24 35
59 25 31
59 26 42
59 27 20
59 28 42
59 29 11
59 30 7
59 31 29
59 32 11
59 33 27
59 34 14
59 35 17
59 36 11
59 37 38
59 38 13
59 39 6
59 40 32
59 41 3
59 42 28
59 43 31
59 44 22
59 45 37
59 46 10
59 47 38
59 48 12
59 49 15
59 50 6
59 51 27
59 52 21
59 53 26
59 54 20
59 55 41
59 56 19
59 57 42
59 58 29
