64
1 0 44
2 0 6
2 1 25
3 0 53
3 1 30
3 2 50
4 0 57
4 1 31
4 2 11
4 3 28
5 0 11
5 1 57
5 2 39
5 3 25
5 4 11
6 0 6
6 1 53
6 2 42
6 3 26
6 4 56
6 5 60
7 0 37
7 1 27
7 2 23
7 3 30
7 4 33
7 5 40
7 6 46
8 0 40
8 1 7
8 2 31
8 3 48
8 4 30
8 5 55
8 6 20
8 7 48
9 0 44
9 1 25
9 2 42
9 3 51
9 4 46
9 5 9
9 6 4
9 7 37
9 8 19
10 0 55
10 1 60
10 2 30
10 3 22
10 4 26
10 5 2
10 6 61
10 7 47
10 8 22
10 9 30
11 0 42
11 1 20
11 2 5
11 3 27
11 4 9
11 5 23
11 6 39
11 7 24
11 8 32
11 9 14
11 10 2
12 0 7
12 1 56
12 2 58
12 3 40
12 4 3
12 5 36
12 6 8
12 7 24
12 8 21
12 9 33
12 10 3
12 11 54
13 0 47
13 1 11
13 2 5
13 3 57
13 4 38
13 5 10
13 6 10
13 7 57
13 8 43
13 9 27
13 10 4
13 11 54
13 12 50
14 0 1
14 1 23
14 2 35
14 3 22
14 4 25
14 5 37
14 6 30
14 7 8
14 8 19
14 9 1
14 10 3
14 11 11
14 12 10
14 13 39
15 0 58
15 1 33
15 2 44
15 3 57
15 4 46
15 5 56
15 6 39
15 7 6
15 8 7
15 9 2
15 10 49
15 11 37
15 12 4
15 13 55
15 14 45
16 0 53
16 1 33
16 2 16
16 3 45
16 4 53
16 5 47
16 6 10
16 7 60
16 8 21
16 9 24
16 10 7
16 11 12
16 12 39
16 13 28
16 14 34
16 15 30
17 0 25
17 1 32
17 2 32
17 3 27
17 4 3
17 5 36
17 6 33
17 7 35
17 8 61
17 9 35
17 10 22
17 11 36
17 12 45
17 13 36
17 14 5
17 15 32
17 16 1
18 0 12
18 1 32
18 2 5
18 3 31
18 4 26
18 5 12
18 6 10
18 7 2
18 8 13
18 9 1
18 10 19
18 11 4
18 12 27
18 13 40
18 14 31
18 15 7
18 16 3
18 17 21
19 0 35
19 1 14
19 2 33
19 3 15
19 4 7
19 5 35
19 6 1
19 7 52
19 8 55
19 9 9
19 10 37
19 11 11
19 12 44
19 13 47
19 14 52
19 15 22
19 16 34
19 17 2
19 18 24
20 0 13
20 1 27
20 2 55
20 3 7
20 4 47
20 5 14
20 6 57
20 7 31
20 8 48
20 9 18
20 10 48
20 11 56
20 12 57
20 13 49
20 14 53
20 15 60
20 16 53
20 17 15
20 18 42
20 19 25
21 0 35
21 1 2
21 2 11
21 3 53
21 4 50
21 5 40
21 6 7
21 7 39
21 8 21
21 9 41
21 10 13
21 11 26
21 12 7
21 13 17
21 14 36
21 15 14
21 16 3
21 17 33
21 18 2
21 19 26
21 20 53
22 0 25
22 1 33
22 2 19
22 3 58
22 4 1
22 5 46
22 6 53
22 7 19
22 8 56
22 9 60
22 10 20
22 11 15
22 12 29
22 13 47
22 14 58
22 15 10
22 16 15
22 17 32
22 18 8
22 19 39
22 20 12
22 21 29
23 0 30
23 1 45
23 2 16
23 3 61
23 4 57
23 5 3
23 6 12
23 7 3
23 8 28
23 9 11
23 10 14
23 11 26
23 12 30
23 13 31
23 14 29
23 15 46
23 16 61
23 17 19
23 18 29
23 19 46
23 20 15
23 21 61
23 22 13
24 0 7
24 1 40
24 2 35
24 3 18
24 4 49
24 5 35
24 6 47
24 7 30
24 8 51
24 9 3
24 10 40
24 11 30
24 12 58
24 13 5
24 14 20
24 15 49
24 16 27
24 17 42
24 18 13
24 19 5
24 20 9
24 21 4
24 22 60
24 23 10
25 0 38
25 1 18
25 2 14
25 3 51
25 4 37
25 5 48
25 6 14
25 7 1
25 8 33
25 9 11
25 10 34
25 11 50
25 12 47
25 13 13
25 14 26
25 15 44
25 16 34
25 17 19
25 18 57
25 19 49
25 20 5
25 21 23
25 22 30
25 23 52
25 24 6
26 0 19
26 1 21
26 2 42
26 3 56
26 4 12
26 5 51
26 6 2
26 7 53
26 8 5
26 9 48
26 10 50
26 11 22
26 12 1
26 13 16
26 14 42
26 15 14
26 16 29
26 17 23
26 18 17
26 19 10
26 20 34
26 21 15
26 22 12
26 23 61
26 24 33
26 25 57
27 0 4
27 1 34
27 2 36
27 3 4
27 4 2
27 5 12
27 6 52
27 7 44
27 8 21
27 9 8
27 10 2
27 11 18
27 12 20
27 13 24
27 14 24
27 15 54
27 16 25
27 17 44
27 18 44
27 19 13
27 20 24
27 21 4
27 22 30
27 23 60
27 24 53
27 25 20
27 26 38
28 0 34
28 1 39
28 2 23
28 3 19
28 4 3
28 5 30
28 6 53
28 7 51
28 8 14
28 9 32
28 10 60
28 11 30
28 12 60
28 13 15
28 14 17
28 15 52
28 16 15
28 17 49
28 18 25
28 19 13
28 20 24
28 21 6
28 22 12
28 23 42
28 24 46
28 25 53
28 26 22
28 27 29
29 0 40
29 1 51
29 2 61
29 3 19
29 4 12
29 5 27
29 6 33
29 7 52
29 8 33
29 9 51
29 10 39
29 11 55
29 12 34
29 13 15
29 14 33
29 15 21
29 16 5
29 17 45
29 18 36
29 19 26
29 20 57
29 21 3
29 22 8
29 23 46
29 24 56
29 25 2
29 26 43
29 27 61
29 28 54
30 0 48
30 1 38
30 2 14
30 3 56
30 4 44
30 5 10
30 6 34
30 7 16
30 8 59
30 9 47
30 10 15
30 11 19
30 12 47
30 13 23
30 14 29
30 15 57
30 16 9
30 17 33
30 18 46
30 19 61
30 20 37
30 21 58
30 22 15
30 23 48
30 24 47
30 25 34
30 26 50
30 27 34
30 28 26
30 29 31
31 0 17
31 1 44
31 2 59
31 3 25
31 4 26
31 5 13
31 6 40
31 7 46
31 8 46
31 9 58
31 10 50
31 11 32
31 12 46
31 13 38
31 14 8
31 15 16
31 16 28
31 17 10
31 18 33
31 19 5
31 20 31
31 21 38
31 22 24
31 23 34
31 24 53
31 25 10
31 26 5
31 27 21
31 28 59
31 29 45
31 30 48
32 0 57
32 1 3
32 2 18
32 3 45
32 4 3
32 5 53
32 6 47
32 7 38
32 8 29
32 9 56
32 10 16
32 11 10
32 12 18
32 13 6
32 14 59
32 15 9
32 16 57
32 17 16
32 18 55
32 19 17
32 20 27
32 21 15
32 22 25
32 23 39
32 24 49
32 25 7
32 26 11
32 27 43
32 28 29
32 29 53
32 30 57
32 31 12
33 0 7
33 1 56
33 2 17
33 3 6
33 4 26
33 5 46
33 6 17
33 7 48
33 8 34
33 9 2
33 10 52
33 11 56
33 12 17
33 13 44
33 14 49
33 15 50
33 16 16
33 17 3
33 18 19
33 19 8
33 20 49
33 21 35
33 22 18
33 23 10
33 24 60
33 25 26
33 26 27
33 27 23
33 28 5
33 29 36
33 30 31
33 31 38
33 32 52
34 0 55
34 1 49
34 2 8
34 3 49
34 4 60
34 5 49
34 6 43
34 7 35
34 8 17
34 9 45
34 10 9
34 11 15
34 12 5
34 13 19
34 14 7
34 15 9
34 16 2
34 17 60
34 18 1
34 19 11
34 20 30
34 21 22
34 22 22
34 23 7
34 24 6
34 25 52
34 26 3
34 27 17
34 28 50
34 29 28
34 30 7
34 31 22
34 32 45
34 33 18
35 0 12
35 1 35
35 2 27
35 3 28
35 4 42
35 5 11
35 6 25
35 7 9
35 8 17
35 9 20
35 10 59
35 11 15
35 12 19
35 13 17
35 14 45
35 15 33
35 16 19
35 17 3
35 18 38
35 19 43
35 20 31
35 21 44
35 22 37
35 23 25
35 24 10
35 25 52
35 26 13
35 27 12
35 28 13
35 29 60
35 30 7
35 31 8
35 32 13
35 33 61
35 34 17
36 0 13
36 1 1
36 2 59
36 3 56
36 4 18
36 5 22
36 6 42
36 7 44
36 8 38
36 9 14
36 10 56
36 11 22
36 12 37
36 13 6
36 14 11
36 15 26
36 16 10
36 17 60
36 18 37
36 19 50
36 20 59
36 21 61
36 22 8
36 23 38
36 24 21
36 25 7
36 26 7
36 27 59
36 28 32
36 29 61
36 30 5
36 31 11
36 32 44
36 33 16
36 34 8
36 35 25
37 0 5
37 1 24
37 2 28
37 3 32
37 4 38
37 5 33
37 6 45
37 7 57
37 8 27
37 9 29
37 10 29
37 11 36
37 12 7
37 13 35
37 14 36
37 15 21
37 16 59
37 17 52
37 18 40
37 19 25
37 20 30
37 21 2
37 22 52
37 23 49
37 24 16
37 25 33
37 26 17
37 27 38
37 28 2
37 29 32
37 30 22
37 31 49
37 32 61
37 33 39
37 34 23
37 35 44
37 36 14
38 0 4
38 1 30
38 2 43
38 3 48
38 4 52
38 5 41
38 6 17
38 7 15
38 8 49
38 9 23
38 10 48
38 11 21
38 12 26
38 13 7
38 14 44
38 15 2
38 16 27
38 17 52
38 18 55
38 19 32
38 20 11
38 21 20
38 22 13
38 23 28
38 24 47
38 25 33
38 26 41
38 27 50
38 28 48
38 29 41
38 30 6
38 31 8
38 32 60
38 33 54
38 34 22
38 35 41
38 36 8
38 37 10
39 0 22
39 1 24
39 2 10
39 3 18
39 4 1
39 5 10
39 6 3
39 7 59
39 8 47
39 9 54
39 10 22
39 11 4
39 12 41
39 13 35
39 14 2
39 15 60
39 16 58
39 17 15
39 18 5
39 19 36
39 20 34
39 21 25
39 22 22
39 23 50
39 24 6
39 25 26
39 26 14
39 27 21
39 28 18
39 29 8
39 30 10
39 31 46
39 32 45
39 33 14
39 34 22
39 35 2
39 36 30
39 37 33
39 38 60
40 0 20
40 1 7
40 2 18
40 3 39
40 4 33
40 5 54
40 6 42
40 7 11
40 8 50
40 9 29
40 10 28
40 11 57
40 12 13
40 13 6
40 14 30
40 15 55
40 16 16
40 17 11
40 18 29
40 19 40
40 20 46
40 21 61
40 22 2
40 23 52
40 24 31
40 25 39
40 26 5
40 27 43
40 28 29
40 29 29
40 30 17
40 31 39
40 32 45
40 33 55
40 34 38
40 35 14
40 36 14
40 37 60
40 38 47
40 39 59
41 0 61
41 1 23
41 2 42
41 3 29
41 4 42
41 5 32
41 6 29
41 7 20
41 8 16
41 9 5
41 10 35
41 11 23
41 12 18
41 13 12
41 14 49
41 15 34
41 16 25
41 17 51
41 18 48
41 19 17
41 20 30
41 21 21
41 22 49
41 23 60
41 24 54
41 25 13
41 26 7
41 27 30
41 28 44
41 29 21
41 30 15
41 31 19
41 32 7
41 33 30
41 34 53
41 35 51
41 36 40
41 37 45
41 38 11
41 39 9
41 40 41
42 0 2
42 1 53
42 2 3
42 3 11
42 4 14
42 5 20
42 6 19
42 7 18
42 8 61
42 9 22
42 10 19
42 11 43
42 12 57
42 13 49
42 14 42
42 15 27
42 16 21
42 17 42
42 18 28
42 19 4
42 20 35
42 21 50
42 22 58
42 23 52
42 24 7
42 25 5
42 26 23
42 27 53
42 28 45
42 29 40
42 30 50
42 31 42
42 32 9
42 33 2
42 34 10
42 35 28
42 36 16
42 37 34
42 38 8
42 39 29
42 40 58
42 41 51
43 0 24
43 1 12
43 2 44
43 3 6
43 4 30
43 5 50
43 6 1
43 7 46
43 8 7
43 9 30
43 10 46
43 11 15
43 12 45
43 13 56
43 14 24
43 15 17
43 16 61
43 17 1
43 18 50
43 19 57
43 20 57
43 21 39
43 22 39
43 23 5
43 24 17
43 25 48
43 26 41
43 27 29
43 28 18
43 29 40
43 30 56
43 31 2
43 32 47
43 33 28
43 34 8
43 35 25
43 36 29
43 37 61
43 38 44
43 39 54
43 40 40
43 41 17
43 42 48
44 0 6
44 1 57
44 2 41
44 3 31
44 4 5
44 5 23
44 6 29
44 7 55
44 8 50
44 9 36
44 10 49
44 11 4
44 12 10
44 13 20
44 14 14
44 15 12
44 16 44
44 17 36
44 18 38
44 19 53
44 20 22
44 21 41
44 22 59
44 23 54
44 24 6
44 25 18
44 26 13
44 27 59
44 28 46
44 29 52
44 30 29
44 31 39
44 32 35
44 33 28
44 34 3
44 35 60
44 36 38
44 37 19
44 38 8
44 39 48
44 40 44
44 41 38
44 42 7
44 43 44
45 0 21
45 1 56
45 2 61
45 3 18
45 4 30
45 5 40
45 6 5
45 7 46
45 8 34
45 9 31
45 10 9
45 11 11
45 12 60
45 13 32
45 14 51
45 15 36
45 16 46
45 17 13
45 18 41
45 19 37
45 20 16
45 21 12
45 22 13
45 23 1
45 24 13
45 25 59
45 26 5
45 27 27
45 28 21
45 29 54
45 30 3
45 31 50
45 32 23
45 33 36
45 34 18
45 35 28
45 36 13
45 37 13
45 38 25
45 39 47
45 40 31
45 41 14
45 42 2
45 43 4
45 44 9
46 0 54
46 1 6
46 2 2
46 3 56
46 4 23
46 5 52
46 6 38
46 7 57
46 8 19
46 9 26
46 10 41
46 11 14
46 12 8
46 13 31
46 14 16
46 15 32
46 16 34
46 17 19
46 18 49
46 19 27
46 20 6
46 21 2
46 22 24
46 23 26
46 24 22
46 25 26
46 26 43
46 27 2
46 28 35
46 29 6
46 30 40
46 31 38
46 32 35
46 33 53
46 34 34
46 35 36
46 36 18
46 37 5
46 38 33
46 39 20
46 40 26
46 41 49
46 42 15
46 43 52
46 44 33
46 45 24
47 0 25
47 1 1
47 2 23
47 3 39
47 4 39
47 5 3
47 6 43
47 7 41
47 8 24
47 9 31
47 10 54
47 11 14
47 12 11
47 13 36
47 14 21
47 15 4
47 16 27
47 17 19
47 18 30
47 19 29
47 20 41
47 21 19
47 22 38
47 23 21
47 24 23
47 25 54
47 26 60
47 27 5
47 28 29
47 29 52
47 30 9
47 31 20
47 32 3
47 33 14
47 34 1
47 35 39
47 36 7
47 37 41
47 38 30
47 39 57
47 40 34
47 41 27
47 42 29
47 43 56
47 44 54
47 45 11
47 46 44
48 0 36
48 1 36
48 2 39
48 3 34
48 4 29
48 5 14
48 6 30
48 7 53
48 8 22
48 9 39
48 10 37
48 11 34
48 12 25
48 13 55
48 14 21
48 15 25
48 16 19
48 17 37
48 18 4
48 19 15
48 20 29
48 21 3
48 22 39
48 23 32
48 24 40
48 25 6
48 26 41
48 27 6
48 28 23
48 29 60
48 30 2
48 31 29
48 32 10
48 33 8
48 34 23
48 35 2
48 36 24
48 37 52
48 38 17
48 39 49
48 40 16
48 41 37
48 42 47
48 43 2
48 44 9
48 45 5
48 46 38
48 47 33
49 0 28
49 1 9
49 2 41
49 3 18
49 4 46
49 5 40
49 6 51
49 7 17
49 8 31
49 9 41
49 10 48
49 11 10
49 12 7
49 13 17
49 14 24
49 15 21
49 16 48
49 17 24
49 18 30
49 19 41
49 20 34
49 21 9
49 22 17
49 23 40
49 24 28
49 25 35
49 26 46
49 27 59
49 28 37
49 29 53
49 30 53
49 31 49
49 32 54
49 33 31
49 34 14
49 35 7
49 36 13
49 37 47
49 38 34
49 39 51
49 40 51
49 41 33
49 42 22
49 43 56
49 44 59
49 45 31
49 46 24
49 47 13
49 48 51
50 0 10
50 1 50
50 2 10
50 3 50
50 4 2
50 5 24
50 6 26
50 7 24
50 8 8
50 9 49
50 10 51
50 11 54
50 12 45
50 13 2
50 14 50
50 15 25
50 16 45
50 17 43
50 18 38
50 19 35
50 20 10
50 21 15
50 22 12
50 23 23
50 24 58
50 25 46
50 26 39
50 27 58
50 28 43
50 29 43
50 30 30
50 31 48
50 32 61
50 33 56
50 34 18
50 35 27
50 36 58
50 37 35
50 38 10
50 39 20
50 40 32
50 41 47
50 42 19
50 43 35
50 44 5
50 45 32
50 46 50
50 47 22
50 48 15
50 49 40
51 0 5
51 1 15
51 2 49
51 3 18
51 4 33
51 5 6
51 6 26
51 7 49
51 8 61
51 9 61
51 10 23
51 11 25
51 12 20
51 13 1
51 14 32
51 15 50
51 16 17
51 17 46
51 18 12
51 19 34
51 20 16
51 21 7
51 22 49
51 23 61
51 24 36
51 25 39
51 26 24
51 27 1
51 28 58
51 29 23
51 30 12
51 31 3
51 32 14
51 33 13
51 34 9
51 35 47
51 36 32
51 37 58
51 38 58
51 39 45
51 40 17
51 41 45
51 42 55
51 43 46
51 44 54
51 45 37
51 46 44
51 47 50
51 48 3
51 49 1
51 50 12
52 0 45
52 1 43
52 2 61
52 3 16
52 4 60
52 5 37
52 6 7
52 7 40
52 8 16
52 9 32
52 10 10
52 11 42
52 12 59
52 13 44
52 14 43
52 15 25
52 16 18
52 17 33
52 18 39
52 19 22
52 20 49
52 21 39
52 22 19
52 23 40
52 24 57
52 25 43
52 26 4
52 27 9
52 28 16
52 29 29
52 30 10
52 31 48
52 32 54
52 33 24
52 34 23
52 35 34
52 36 14
52 37 24
52 38 56
52 39 35
52 40 52
52 41 18
52 42 16
52 43 6
52 44 27
52 45 18
52 46 3
52 47 52
52 48 45
52 49 1
52 50 27
52 51 31
53 0 12
53 1 30
53 2 8
53 3 28
53 4 53
53 5 54
53 6 12
53 7 19
53 8 19
53 9 46
53 10 36
53 11 30
53 12 58
53 13 23
53 14 34
53 15 7
53 16 1
53 17 15
53 18 38
53 19 50
53 20 60
53 21 50
53 22 52
53 23 21
53 24 14
53 25 6
53 26 27
53 27 5
53 28 3
53 29 45
53 30 58
53 31 42
53 32 46
53 33 42
53 34 39
53 35 46
53 36 60
53 37 27
53 38 48
53 39 54
53 40 45
53 41 34
53 42 60
53 43 49
53 44 48
53 45 10
53 46 38
53 47 22
53 48 10
53 49 8
53 50 17
53 51 26
53 52 16
54 0 38
54 1 35
54 2 11
54 3 34
54 4 58
54 5 43
54 6 18
54 7 2
54 8 2
54 9 53
54 10 47
54 11 43
54 12 51
54 13 8
54 14 54
54 15 60
54 16 31
54 17 27
54 18 60
54 19 43
54 20 28
54 21 61
54 22 27
54 23 4
54 24 1
54 25 7
54 26 60
54 27 52
54 28 56
54 29 7
54 30 57
54 31 27
54 32 34
54 33 12
54 34 28
54 35 59
54 36 42
54 37 4
54 38 35
54 39 6
54 40 8
54 41 50
54 42 37
54 43 36
54 44 36
54 45 32
54 46 27
54 47 41
54 48 45
54 49 22
54 50 32
54 51 33
54 52 4
54 53 9
55 0 42
55 1 57
55 2 12
55 3 53
55 4 16
55 5 20
55 6 37
55 7 25
55 8 46
55 9 18
55 10 5
55 11 33
55 12 24
55 13 1
55 14 21
55 15 60
55 16 11
55 17 3
55 18 25
55 19 3
55 20 14
55 21 54
55 22 56
55 23 8
55 24 30
55 25 42
55 26 28
55 27 7
55 28 24
55 29 32
55 30 27
55 31 32
55 32 38
55 33 50
55 34 17
55 35 50
55 36 20
55 37 48
55 38 41
55 39 13
55 40 28
55 41 18
55 42 31
55 43 8
55 44 56
55 45 9
55 46 31
55 47 55
55 48 53
55 49 57
55 50 43
55 51 19
55 52 8
55 53 53
55 54 24
56 0 26
56 1 55
56 2 18
56 3 61
56 4 26
56 5 50
56 6 40
56 7 16
56 8 37
56 9 26
56 10 15
56 11 25
56 12 42
56 13 24
56 14 4
56 15 23
56 16 8
56 17 60
56 18 28
56 19 17
56 20 4
56 21 53
56 22 24
56 23 34
56 24 61
56 25 4
56 26 43
56 27 33
56 28 35
56 29 39
56 30 26
56 31 28
56 32 52
56 33 33
56 34 13
56 35 2
56 36 58
56 37 37
56 38 29
56 39 12
56 40 60
56 41 39
56 42 37
56 43 36
56 44 54
56 45 9
56 46 28
56 47 57
56 48 9
56 49 61
56 50 5
56 51 19
56 52 45
56 53 21
56 54 13
56 55 61
57 0 1
57 1 15
57 2 6
57 3 30
57 4 51
57 5 5
57 6 44
57 7 46
57 8 38
57 9 40
57 10 18
57 11 47
57 12 2
57 13 27
57 14 49
57 15 7
57 16 15
57 17 29
57 18 57
57 19 61
57 20 12
57 21 56
57 22 33
57 23 56
57 24 21
57 25 8
57 26 36
57 27 12
57 28 42
57 29 56
57 30 14
57 31 40
57 32 2
57 33 10
57 34 24
57 35 22
57 36 52
57 37 8
57 38 7
57 39 18
57 40 25
57 41 7
57 42 25
57 43 16
57 44 34
57 45 9
57 46 31
57 47 26
57 48 39
57 49 5
57 50 40
57 51 11
57 52 36
57 53 2
57 54 52
57 55 27
57 56 46
58 0 18
58 1 15
58 2 33
58 3 19
58 4 61
58 5 3
58 6 4
58 7 13
58 8 11
58 9 10
58 10 33
58 11 2
58 12 4
58 13 52
58 14 54
58 15 16
58 16 40
58 17 13
58 18 45
58 19 40
58 20 1
58 21 23
58 22 20
58 23 58
58 24 51
58 25 28
58 26 26
58 27 2
58 28 5
58 29 47
58 30 32
58 31 5
58 32 55
58 33 59
58 34 14
58 35 41
58 36 2
58 37 1
58 38 41
58 39 39
58 40 30
58 41 5
58 42 18
58 43 6
58 44 5
58 45 51
58 46 19
58 47 16
58 48 12
58 49 51
58 50 49
58 51 32
58 52 60
58 53 47
58 54 4
58 55 15
58 56 34
58 57 58
59 0 1
59 1 14
59 2 9
59 3 14
59 4 17
59 5 31
59 6 12
59 7 7
59 8 41
59 9 18
59 10 53
59 11 61
59 12 7
59 13 2
59 14 27
59 15 43
59 16 59
59 17 56
59 18 33
59 19 31
59 20 40
59 21 23
59 22 10
59 23 47
59 24 47
59 25 12
59 26 4
59 27 30
59 28 18
59 29 39
59 30 57
59 31 34
59 32 29
59 33 26
59 34 11
59 35 34
59 36 19
59 37 29
59 38 33
59 39 15
59 40 10
59 41 56
59 42 57
59 43 12
59 44 36
59 45 36
59 46 49
59 47 14
59 48 21
59 49 19
59 50 15
59 51 32
59 52 32
59 53 13
59 54 40
59 55 37
59 56 57
59 57 19
59 58 31
60 0 34
60 1 17
60 2 4
60 3 41
60 4 13
60 5 54
60 6 11
60 7 11
60 8 13
60 9 54
60 10 29
60 11 42
60 12 55
60 13 5
60 14 18
60 15 38
60 16 53
60 17 1
60 18 46
60 19 3
60 20 18
60 21 55
60 22 46
60 23 47
60 24 36
60 25 28
60 26 50
60 27 53
60 28 49
60 29 52
60 30 59
60 31 8
60 32 58
60 33 11
60 34 8
60 35 48
60 36 14
60 37 10
60 38 8
60 39 35
60 40 36
60 41 17
60 42 47
60 43 61
60 44 27
60 45 14
60 46 61
60 47 30
60 48 10
60 49 24
60 50 57
60 51 38
60 52 48
60 53 2
60 54 16
60 55 40
60 56 13
60 57 3
60 58 27
60 59 14
61 0 32
61 1 39
61 2 22
61 3 34
61 4 27
61 5 25
61 6 50
61 7 61
61 8 59
61 9 21
61 10 50
61 11 26
61 12 47
61 13 2
61 14 18
61 15 53
61 16 45
61 17 4
61 18 8
61 19 37
61 20 53
61 21 5
61 22 23
61 23 15
61 24 34
61 25 29
61 26 7
61 27 49
61 28 31
61 29 20
61 30 20
61 31 48
61 32 20
61 33 12
61 34 43
61 35 36
61 36 18
61 37 50
61 38 18
61 39 52
61 40 45
61 41 50
61 42 27
61 43 44
61 44 21
61 45 16
61 46 20
61 47 51
61 48 1
61 49 2
61 50 10
61 51 47
61 52 15
61 53 2
61 54 54
61 55 11
61 56 16
61 57 25
61 58 36
61 59 40
61 60 60
62 0 3
62 1 30
62 2 30
62 3 2
62 4 34
62 5 58
62 6 24
62 7 9
62 8 3
62 9 44
62 10 9
62 11 30
62 12 44
62 13 38
62 14 42
62 15 10
62 16 53
62 17 18
62 18 60
62 19 37
62 20 49
62 21 45
62 22 52
62 23 45
62 24 7
62 25 39
62 26 32
62 27 6
62 28 54
62 29 52
62 30 33
62 31 18
62 32 55
62 33 31
62 34 23
62 35 28
62 36 7
62 37 36
62 38 52
62 39 45
62 40 48
62 41 59
62 42 7
62 43 39
62 44 4
62 45 13
62 46 5
62 47 9
62 48 55
62 49 36
62 50 11
62 51 47
62 52 36
62 53 22
62 54 2
62 55 48
62 56 25
62 57 58
62 58 30
62 59 39
62 60 3
62 61 40
63 0 57
63 1 2
63 2 51
63 3 17
63 4 58
63 5 14
63 6 57
63 7 23
63 8 46
63 9 40
63 10 1
63 11 29
63 12 45
63 13 50
63 14 9
63 15 4
63 16 25
63 17 1
63 18 51
63 19 21
63 20 23
63 21 26
63 22 25
63 23 17
63 24 6
63 25 38
63 26 25
63 27 3
63 28 40
63 29 35
63 30 23
63 31 10
63 32 42
63 33 32
63 34 22
63 35 49
63 36 26
63 37 30
63 38 4
63 39 13
63 40 12
63 41 12
63 42 23
63 43 59
63 44 2
63 45 43
63 46 47
63 47 51
63 48 14
63 49 8
63 50 46
63 51 10
63 52 53
63 53 57
63 54 21
63 55 11
63 56 45
63 57 1
63 58 24
63 59 52
63 60 19
63 61 29
63 62 4
