27
2 0 18
2 1 17
3 1 4
4 3 7
5 0 7
5 2 5
5 3 5
5 4 3
6 0 19
6 1 15
6 2 9
6 5 16
7 1 4
7 2 22
7 4 4
7 6 6
8 2 9
8 3 1
8 4 2
8 5 4
9 0 12
9 1 9
9 5 9
9 6 11
9 7 16
9 8 4
10 0 5
10 2 15
10 8 21
10 9 9
11 1 14
11 2 16
11 4 8
11 5 5
11 7 1
11 10 24
12 0 20
12 2 20
12 3 13
12 5 11
12 7 25
12 8 19
12 9 7
12 10 9
12 11 5
13 1 21
13 8 25
13 9 22
13 11 24
14 0 4
14 2 21
14 6 4
14 8 17
14 10 25
14 12 15
15 0 7
15 3 7
15 5 15
15 8 14
15 9 1
15 10 10
15 11 6
15 13 13
16 4 6
16 6 22
16 8 25
16 10 18
16 14 25
17 0 12
17 1 21
17 2 6
17 6 15
17 8 15
17 10 25
17 11 8
17 15 6
17 16 20
18 3 19
18 5 6
18 8 7
18 9 18
18 12 16
18 15 20
19 4 10
19 5 1
19 7 7
19 10 2
19 11 7
19 13 4
19 14 17
19 18 6
20 0 15
20 1 17
20 2 6
20 6 2
20 13 25
20 14 9
20 17 14
20 18 24
21 0 2
21 1 14
21 4 3
21 8 8
21 9 13
21 11 25
21 12 22
21 13 5
21 15 22
21 16 9
21 18 7
22 0 20
22 3 4
22 11 21
22 14 21
22 18 25
22 19 7
22 20 2
23 12 15
23 14 18
23 15 17
23 17 25
23 19 7
23 20 19
23 22 8
24 4 14
24 5 7
24 8 18
24 16 13
24 18 21
24 19 7
25 2 7
25 3 24
25 5 20
25 7 21
25 8 12
25 12 19
25 13 11
25 14 24
25 16 11
25 17 25
25 18 12
25 19 19
25 20 2
25 23 15
26 3 9
26 6 13
26 7 19
26 9 21
26 11 22
26 13 10
26 15 13
26 18 24
26 19 1
26 21 23
26 23 2
26 25 9
