19
1 0 63
2 0 18
2 1 25
3 0 52
3 2 30
4 1 13
4 2 15
5 3 4
6 1 42
6 2 4
6 3 4
6 4 10
7 0 2
8 0 16
8 1 33
8 2 44
8 3 25
8 5 9
8 6 53
9 1 51
9 2 8
9 3 43
9 4 27
9 5 32
10 0 6
10 2 14
10 3 42
10 6 29
10 9 48
11 2 43
11 3 8
11 4 57
11 5 47
12 2 56
12 6 17
12 7 11
12 8 55
12 9 10
12 10 1
13 0 8
13 1 27
13 2 41
13 8 43
13 11 36
13 12 13
14 1 47
14 4 29
14 8 53
14 9 52
14 10 33
14 13 31
15 1 55
15 6 13
15 9 16
15 10 39
15 14 19
16 4 49
16 5 16
16 7 54
16 8 47
16 9 18
16 10 26
16 12 13
16 13 18
16 15 37
17 1 61
17 2 43
17 5 59
17 6 24
17 10 54
17 12 48
17 14 15
17 16 43
18 0 54
18 1 42
18 2 53
18 4 2
18 6 57
18 7 44
18 11 13
18 12 50
18 13 20
18 14 56
18 15 23
18 16 31
18 17 42
