28
2 0 9
4 0 7
4 2 11
5 0 5
5 1 11
5 2 4
5 4 12
6 1 8
6 5 3
7 0 1
7 1 7
7 3 2
7 5 3
7 6 6
8 1 1
8 2 1
8 3 1
8 4 8
8 5 9
9 0 3
10 0 4
10 1 7
10 2 12
10 4 12
10 6 12
10 7 10
10 8 3
10 9 10
11 1 11
11 7 8
11 8 1
12 0 5
12 1 11
12 2 7
12 4 9
12 6 11
12 8 1
12 9 1
12 11 1
13 1 5
13 3 12
13 4 6
13 5 1
13 7 4
13 8 3
13 10 11
14 0 2
14 1 3
14 2 12
14 3 6
14 4 3
14 5 5
14 6 10
14 7 5
14 8 9
14 9 4
14 12 6
15 0 12
15 1 1
15 3 2
15 4 11
15 6 3
15 9 3
15 10 10
15 11 11
15 12 7
15 13 12
16 2 4
16 4 8
16 5 8
16 6 6
16 8 8
16 10 3
16 13 1
17 0 11
17 2 3
17 5 1
17 8 7
17 9 12
17 11 5
17 15 12
17 16 12
18 0 8
18 2 2
18 3 7
18 6 7
18 10 7
18 11 2
18 13 5
18 15 4
18 16 3
18 17 3
19 0 3
19 1 8
19 3 2
19 5 5
19 6 12
19 7 1
19 8 2
19 9 4
19 13 2
19 16 12
19 17 8
20 0 4
20 1 7
20 2 8
20 6 7
20 8 12
20 9 3
20 12 12
20 15 7
20 16 11
20 17 11
20 18 7
21 0 11
21 1 7
21 2 10
21 4 5
21 5 5
21 10 9
21 11 12
21 12 2
21 13 3
21 14 9
21 15 6
21 17 9
21 20 11
22 0 11
22 1 6
22 2 1
22 3 4
22 5 7
22 6 4
22 7 3
22 8 3
22 9 11
22 11 6
22 12 10
22 14 10
22 17 4
22 19 2
23 0 7
23 2 10
23 5 5
23 8 7
23 11 4
23 14 11
23 16 1
23 19 11
23 21 11
24 0 12
24 4 2
24 6 9
24 8 12
24 9 9
24 10 9
24 11 12
24 12 12
24 13 9
24 15 4
24 17 7
24 18 9
24 19 10
24 21 11
24 22 9
25 0 2
25 1 2
25 3 9
25 6 8
25 10 6
25 11 3
25 12 6
25 13 2
25 15 4
25 17 5
25 18 9
25 22 2
25 23 7
26 0 7
26 5 11
26 6 3
26 7 2
26 11 9
26 13 7
26 15 9
26 16 12
26 17 3
26 20 1
26 21 2
26 24 7
26 25 8
27 0 1
27 1 6
27 2 1
27 3 8
27 4 5
27 6 7
27 9 12
27 10 3
27 12 4
27 14 7
27 16 7
27 19 3
27 22 3
27 25 9
