41
1 0 10
3 0 5
4 0 4
4 1 4
4 2 2
4 3 4
5 0 5
5 1 6
5 3 6
6 3 3
7 0 4
7 1 3
7 3 8
7 6 7
8 0 10
8 1 3
8 2 7
8 3 6
8 6 6
8 7 6
9 1 2
9 3 11
9 5 2
9 6 4
10 0 1
10 1 9
10 2 11
10 6 1
10 7 8
11 0 10
11 1 10
11 2 7
11 3 3
11 5 7
11 6 5
11 7 1
11 8 9
12 1 5
12 3 10
12 4 6
12 6 5
12 10 2
12 11 6
13 0 4
13 3 11
13 6 10
13 9 5
14 2 7
14 5 3
14 7 8
14 8 11
14 10 1
14 11 5
15 0 4
15 1 10
15 2 5
15 3 7
15 6 6
15 13 11
15 14 11
16 0 11
16 3 6
16 5 3
16 7 5
16 10 8
16 11 2
16 13 6
17 3 6
17 6 9
17 8 2
17 10 9
17 11 2
17 14 1
17 15 1
17 16 7
18 0 4
18 1 5
18 3 5
18 4 11
18 6 11
18 7 1
18 9 1
18 14 2
18 17 4
19 3 6
19 4 2
19 7 7
19 9 10
19 15 3
19 18 10
20 1 3
20 2 3
20 4 6
20 6 11
20 7 2
20 8 6
20 12 2
20 15 8
20 16 4
20 19 5
21 0 10
21 1 11
21 2 5
21 3 6
21 6 11
21 9 6
21 10 10
21 12 2
21 13 5
21 15 1
21 16 10
21 19 9
21 20 7
22 2 7
22 4 10
22 7 6
22 10 5
22 11 6
22 15 1
22 18 10
23 1 7
23 2 2
23 5 11
23 7 7
23 8 5
23 9 9
23 10 3
23 12 1
23 13 4
23 18 4
23 20 10
23 21 4
23 22 3
24 0 8
24 1 5
24 3 6
24 8 10
24 9 4
24 11 5
24 12 8
24 13 3
24 14 8
24 16 8
24 17 10
24 19 1
24 21 3
24 22 8
25 0 10
25 3 8
25 6 8
25 7 2
25 8 2
25 10 11
25 13 7
25 18 1
25 19 6
25 20 10
25 22 10
25 23 8
25 24 5
26 2 6
26 4 2
26 5 1
26 6 10
26 7 4
26 8 9
26 10 9
26 12 1
26 13 1
26 14 5
26 15 2
26 17 5
26 18 6
26 19 9
26 20 7
26 21 2
26 24 6
26 25 4
27 1 8
27 3 8
27 4 9
27 6 7
27 7 3
27 8 6
27 10 11
27 11 11
27 13 2
27 16 9
27 18 9
27 21 2
27 25 3
27 26 11
28 0 5
28 1 9
28 4 8
28 5 11
28 6 11
28 8 2
28 13 4
28 15 11
28 18 11
28 20 3
28 22 7
28 23 7
28 24 4
29 5 9
29 6 3
29 9 1
29 13 1
29 14 3
29 16 9
29 17 3
29 18 8
29 19 6
29 22 10
29 23 4
29 24 6
29 25 1
29 26 4
29 27 1
29 28 3
30 3 3
30 4 6
30 5 4
30 8 3
30 9 5
30 10 11
30 13 9
30 14 3
30 16 11
30 17 1
30 19 6
30 21 4
30 23 3
30 24 6
30 25 8
30 26 5
30 28 9
31 3 8
31 4 6
31 5 1
31 6 8
31 8 7
31 10 1
31 11 4
31 12 1
31 13 10
31 16 3
31 17 11
31 19 10
31 20 3
31 21 9
31 23 10
31 24 6
31 27 2
31 29 11
31 30 6
32 1 8
32 3 9
32 8 5
32 9 8
32 10 6
32 11 5
32 14 1
32 15 7
32 17 1
32 18 2
32 21 9
32 24 5
32 26 11
32 28 3
32 31 7
33 0 2
33 4 11
33 7 7
33 8 9
33 9 5
33 12 4
33 13 9
33 15 5
33 16 4
33 17 5
33 21 5
33 22 4
33 24 7
33 27 10
33 30 7
33 31 3
34 3 4
34 5 9
34 6 4
34 10 4
34 11 2
34 14 6
34 15 4
34 16 9
34 18 10
34 19 11
34 22 9
34 24 3
34 27 8
34 28 5
34 33 1
35 1 1
35 3 3
35 4 5
35 5 7
35 6 1
35 8 5
35 9 7
35 11 3
35 12 8
35 16 10
35 19 5
35 20 10
35 21 11
35 30 4
35 32 3
35 33 11
35 34 1
36 3 9
36 4 8
36 5 3
36 8 9
36 9 9
36 10 1
36 12 5
36 13 5
36 14 4
36 18 6
36 19 4
36 20 5
36 21 7
36 23 4
36 24 7
36 25 2
36 27 9
36 30 7
36 32 4
37 2 9
37 3 5
37 4 5
37 6 3
37 7 6
37 8 8
37 10 7
37 12 7
37 14 11
37 15 11
37 21 3
37 22 2
37 23 7
37 24 7
37 25 6
37 27 3
37 28 1
37 30 7
37 31 9
37 32 11
37 36 5
38 1 5
38 2 11
38 6 5
38 7 11
38 9 1
38 10 2
38 12 8
38 13 7
38 14 10
38 15 10
38 17 6
38 18 10
38 19 6
38 20 10
38 21 11
38 24 9
38 25 7
38 29 11
38 31 6
38 33 11
38 34 6
39 1 6
39 2 3
39 5 1
39 7 11
39 8 2
39 10 8
39 12 3
39 14 9
39 15 1
39 16 2
39 18 7
39 20 2
39 22 4
39 29 10
39 30 4
39 32 9
39 34 2
39 35 5
39 38 1
40 0 8
40 3 6
40 4 8
40 5 4
40 7 2
40 9 7
40 12 10
40 16 3
40 17 9
40 19 5
40 22 6
40 23 7
40 27 4
40 28 1
40 30 1
40 32 5
40 34 10
40 35 4
40 36 2
