40
1 0 5
2 0 1
2 1 5
3 0 4
3 1 5
3 2 2
4 0 1
4 1 2
4 2 5
4 3 3
5 0 3
5 1 4
5 2 2
5 3 4
5 4 3
6 0 3
6 1 4
6 2 5
6 3 3
6 4 4
6 5 3
7 0 4
7 1 1
7 2 1
7 3 5
7 4 5
7 5 4
7 6 5
8 0 1
8 1 1
8 2 5
8 3 2
8 4 4
8 5 4
8 6 4
8 7 1
9 0 4
9 1 1
9 2 1
9 3 5
9 4 3
9 5 5
9 6 1
9 7 4
9 8 4
10 0 1
10 1 5
10 2 2
10 3 1
10 4 4
10 5 1
10 6 1
10 7 3
10 8 4
10 9 4
11 0 3
11 1 2
11 2 2
11 3 1
11 4 1
11 5 2
11 6 1
11 7 1
11 8 3
11 9 2
11 10 3
12 0 1
12 1 2
12 2 5
12 3 3
12 4 1
12 5 5
12 6 5
12 7 4
12 8 3
12 9 5
12 10 2
12 11 3
13 0 1
13 1 3
13 2 5
13 3 5
13 4 5
13 5 3
13 6 3
13 7 2
13 8 2
13 9 3
13 10 1
13 11 5
13 12 5
14 0 5
14 1 5
14 2 2
14 3 5
14 4 2
14 5 5
14 6 1
14 7 3
14 8 5
14 9 1
14 10 1
14 11 1
14 12 3
14 13 4
15 0 1
15 1 2
15 2 3
15 3 5
15 4 3
15 5 3
15 6 3
15 7 5
15 8 4
15 9 5
15 10 5
15 11 2
15 12 2
15 13 4
15 14 1
16 0 1
16 1 2
16 2 2
16 3 4
16 4 2
16 5 4
16 6 2
16 7 1
16 8 3
16 9 3
16 10 5
16 11 2
16 12 4
16 13 1
16 14 5
16 15 5
17 0 1
17 1 3
17 2 3
17 3 5
17 4 1
17 5 4
17 6 1
17 7 3
17 8 4
17 9 3
17 10 2
17 11 4
17 12 2
17 13 5
17 14 1
17 15 5
17 16 5
18 0 4
18 1 2
18 2 4
18 3 2
18 4 2
18 5 1
18 6 3
18 7 2
18 8 2
18 9 4
18 10 3
18 11 2
18 12 3
18 13 4
18 14 4
18 15 1
18 16 3
18 17 2
19 0 2
19 1 4
19 2 5
19 3 2
19 4 2
19 5 2
19 6 2
19 7 3
19 8 5
19 9 5
19 10 1
19 11 5
19 12 1
19 13 3
19 14 1
19 15 1
19 16 4
19 17 1
19 18 4
20 0 4
20 1 1
20 2 4
20 3 5
20 4 4
20 5 4
20 6 5
20 7 5
20 8 4
20 9 1
20 10 3
20 11 4
20 12 2
20 13 1
20 14 5
20 15 1
20 16 1
20 17 2
20 18 4
20 19 2
21 0 2
21 1 3
21 2 5
21 3 1
21 4 1
21 5 2
21 6 3
21 7 2
21 8 3
21 9 1
21 10 1
21 11 3
21 12 3
21 13 2
21 14 2
21 15 3
21 16 4
21 17 4
21 18 1
21 19 2
21 20 1
22 0 3
22 1 2
22 2 4
22 3 3
22 4 1
22 5 2
22 6 4
22 7 4
22 8 3
22 9 5
22 10 4
22 11 5
22 12 5
22 13 2
22 14 4
22 15 2
22 16 4
22 17 4
22 18 4
22 19 1
22 20 1
22 21 3
23 0 3
23 1 5
23 2 5
23 3 3
23 4 5
23 5 2
23 6 1
23 7 2
23 8 4
23 9 5
23 10 1
23 11 3
23 12 4
23 13 3
23 14 4
23 15 1
23 16 3
23 17 1
23 18 4
23 19 4
23 20 3
23 21 2
23 22 3
24 0 5
24 1 4
24 2 5
24 3 5
24 4 5
24 5 2
24 6 3
24 7 5
24 8 2
24 9 1
24 10 5
24 11 5
24 12 3
24 13 4
24 14 2
24 15 2
24 16 4
24 17 2
24 18 4
24 19 3
24 20 3
24 21 3
24 22 1
24 23 5
25 0 2
25 1 3
25 2 5
25 3 2
25 4 3
25 5 4
25 6 2
25 7 5
25 8 3
25 9 2
25 10 3
25 11 4
25 12 5
25 13 2
25 14 3
25 15 4
25 16 5
25 17 1
25 18 4
25 19 5
25 20 1
25 21 5
25 22 2
25 23 5
25 24 5
26 0 5
26 1 5
26 2 1
26 3 3
26 4 2
26 5 4
26 6 1
26 7 5
26 8 4
26 9 1
26 10 2
26 11 2
26 12 2
26 13 4
26 14 5
26 15 2
26 16 4
26 17 3
26 18 5
26 19 1
26 20 1
26 21 4
26 22 4
26 23 3
26 24 1
26 25 1
27 0 2
27 1 5
27 2 3
27 3 5
27 4 2
27 5 4
27 6 5
27 7 2
27 8 5
27 9 1
27 10 5
27 11 5
27 12 2
27 13 4
27 14 2
27 15 4
27 16 1
27 17 2
27 18 2
27 19 3
27 20 2
27 21 2
27 22 2
27 23 4
27 24 4
27 25 3
27 26 5
28 0 4
28 1 5
28 2 3
28 3 5
28 4 2
28 5 2
28 6 4
28 7 5
28 8 3
28 9 5
28 10 3
28 11 3
28 12 3
28 13 3
28 14 3
28 15 5
28 16 4
28 17 2
28 18 3
28 19 2
28 20 5
28 21 5
28 22 5
28 23 1
28 24 3
28 25 3
28 26 4
28 27 4
29 0 1
29 1 4
29 2 3
29 3 3
29 4 2
29 5 4
29 6 5
29 7 1
29 8 4
29 9 3
29 10 3
29 11 4
29 12 2
29 13 1
29 14 4
29 15 1
29 16 1
29 17 1
29 18 2
29 19 3
29 20 4
29 21 1
29 22 3
29 23 4
29 24 1
29 25 4
29 26 1
29 27 1
29 28 5
30 0 4
30 1 3
30 2 2
30 3 5
30 4 4
30 5 4
30 6 4
30 7 1
30 8 1
30 9 3
30 10 2
30 11 3
30 12 3
30 13 5
30 14 3
30 15 5
30 16 2
30 17 2
30 18 4
30 19 3
30 20 1
30 21 1
30 22 3
30 23 3
30 24 1
30 25 4
30 26 5
30 27 5
30 28 4
30 29 2
31 0 1
31 1 4
31 2 1
31 3 2
31 4 4
31 5 2
31 6 2
31 7 5
31 8 4
31 9 1
31 10 4
31 11 4
31 12 5
31 13 5
31 14 1
31 15 4
31 16 4
31 17 2
31 18 1
31 19 4
31 20 1
31 21 2
31 22 5
31 23 1
31 24 1
31 25 3
31 26 5
31 27 5
31 28 1
31 29 2
31 30 2
32 0 1
32 1 1
32 2 3
32 3 3
32 4 5
32 5 3
32 6 1
32 7 4
32 8 3
32 9 5
32 10 3
32 11 2
32 12 4
32 13 4
32 14 4
32 15 1
32 16 2
32 17 5
32 18 4
32 19 1
32 20 3
32 21 5
32 22 2
32 23 3
32 24 4
32 25 5
32 26 4
32 27 4
32 28 1
32 29 4
32 30 3
32 31 1
33 0 5
33 1 1
33 2 2
33 3 3
33 4 3
33 5 1
33 6 2
33 7 3
33 8 4
33 9 4
33 10 3
33 11 1
33 12 2
33 13 3
33 14 1
33 15 3
33 16 3
33 17 4
33 18 1
33 19 1
33 20 2
33 21 3
33 22 2
33 23 1
33 24 4
33 25 5
33 26 2
33 27 4
33 28 4
33 29 2
33 30 5
33 31 1
33 32 1
34 0 5
34 1 1
34 2 1
34 3 3
34 4 3
34 5 1
34 6 3
34 7 4
34 8 2
34 9 4
34 10 1
34 11 4
34 12 1
34 13 2
34 14 4
34 15 2
34 16 5
34 17 3
34 18 5
34 19 3
34 20 1
34 21 2
34 22 2
34 23 2
34 24 4
34 25 2
34 26 2
34 27 2
34 28 5
34 29 3
34 30 3
34 31 5
34 32 3
34 33 3
35 0 4
35 1 5
35 2 1
35 3 2
35 4 1
35 5 2
35 6 1
35 7 4
35 8 5
35 9 5
35 10 1
35 11 5
35 12 2
35 13 5
35 14 1
35 15 2
35 16 5
35 17 5
35 18 4
35 19 5
35 20 1
35 21 4
35 22 1
35 23 1
35 24 5
35 25 3
35 26 2
35 27 4
35 28 5
35 29 1
35 30 1
35 31 2
35 32 5
35 33 1
35 34 4
36 0 5
36 1 3
36 2 1
36 3 4
36 4 2
36 5 3
36 6 3
36 7 1
36 8 4
36 9 2
36 10 3
36 11 3
36 12 4
36 13 2
36 14 5
36 15 5
36 16 3
36 17 1
36 18 3
36 19 3
36 20 2
36 21 3
36 22 4
36 23 5
36 24 1
36 25 2
36 26 2
36 27 2
36 28 2
36 29 1
36 30 1
36 31 2
36 32 3
36 33 5
36 34 3
36 35 4
37 0 2
37 1 4
37 2 4
37 3 1
37 4 3
37 5 4
37 6 3
37 7 1
37 8 2
37 9 5
37 10 2
37 11 1
37 12 4
37 13 4
37 14 4
37 15 3
37 16 1
37 17 3
37 18 2
37 19 3
37 20 4
37 21 2
37 22 1
37 23 4
37 24 4
37 25 2
37 26 3
37 27 3
37 28 1
37 29 2
37 30 4
37 31 1
37 32 5
37 33 4
37 34 2
37 35 3
37 36 5
38 0 1
38 1 5
38 2 5
38 3 4
38 4 3
38 5 1
38 6 5
38 7 1
38 8 3
38 9 4
38 10 2
38 11 2
38 12 4
38 13 4
38 14 4
38 15 4
38 16 2
38 17 1
38 18 2
38 19 3
38 20 5
38 21 1
38 22 4
38 23 5
38 24 2
38 25 1
38 26 3
38 27 3
38 28 4
38 29 1
38 30 3
38 31 3
38 32 3
38 33 3
38 34 2
38 35 1
38 36 2
38 37 1
39 0 3
39 1 4
39 2 2
39 3 3
39 4 2
39 5 3
39 6 2
39 7 4
39 8 5
39 9 3
39 10 2
39 11 3
39 12 4
39 13 3
39 14 4
39 15 2
39 16 3
39 17 2
39 18 3
39 19 4
39 20 3
39 21 2
39 22 4
39 23 5
39 24 5
39 25 5
39 26 1
39 27 5
39 28 2
39 29 4
39 30 2
39 31 4
39 32 2
39 33 3
39 34 4
39 35 1
39 36 4
39 37 5
39 38 1
