32
1 0 27
2 0 24
2 1 13
3 0 17
3 1 28
3 2 12
4 0 16
4 1 15
4 2 19
4 3 15
5 0 27
5 1 21
5 2 21
5 3 27
5 4 15
6 0 11
6 1 20
6 2 27
6 3 2
6 4 14
6 5 1
7 0 27
7 1 21
7 2 18
7 3 25
7 4 10
7 5 1
7 6 18
8 0 1
8 1 20
8 2 2
8 3 9
8 4 6
8 5 7
8 6 10
8 7 8
9 0 3
9 1 11
9 2 25
9 3 19
9 4 2
9 5 11
9 6 27
9 7 21
9 8 23
10 0 17
10 1 22
10 2 18
10 3 20
10 4 13
10 5 13
10 6 4
10 7 20
10 8 2
10 9 12
11 0 27
11 1 9
11 2 10
11 3 8
11 4 21
11 5 23
11 6 28
11 7 7
11 8 25
11 9 2
11 10 5
12 0 3
12 1 17
12 2 18
12 3 18
12 4 7
12 5 14
12 6 7
12 7 7
12 8 24
12 9 9
12 10 27
12 11 18
13 0 5
13 1 12
13 2 25
13 3 5
13 4 10
13 5 8
13 6 8
13 7 13
13 8 19
13 9 15
13 10 21
13 11 11
13 12 6
14 0 8
14 1 18
14 2 21
14 3 8
14 4 21
14 5 23
14 6 22
14 7 16
14 8 10
14 9 14
14 10 16
14 11 24
14 12 21
14 13 26
15 0 13
15 1 3
15 2 25
15 3 24
15 4 19
15 5 6
15 6 5
15 7 5
15 8 24
15 9 19
15 10 12
15 11 10
15 12 20
15 13 5
15 14 11
16 0 7
16 1 28
16 2 14
16 3 8
16 4 21
16 5 11
16 6 18
16 7 23
16 8 21
16 9 22
16 10 20
16 11 28
16 12 7
16 13 18
16 14 6
16 15 24
17 0 4
17 1 27
17 2 19
17 3 17
17 4 12
17 5 19
17 6 22
17 7 15
17 8 27
17 9 20
17 10 14
17 11 22
17 12 15
17 13 27
17 14 20
17 15 12
17 16 17
18 0 24
18 1 14
18 2 22
18 3 28
18 4 8
18 5 1
18 6 14
18 7 4
18 8 4
18 9 19
18 10 8
18 11 26
18 12 20
18 13 28
18 14 7
18 15 5
18 16 20
18 17 5
19 0 27
19 1 23
19 2 12
19 3 25
19 4 20
19 5 5
19 6 21
19 7 26
19 8 27
19 9 15
19 10 18
19 11 9
19 12 20
19 13 6
19 14 14
19 15 1
19 16 5
19 17 1
19 18 12
20 0 7
20 1 28
20 2 7
20 3 9
20 4 15
20 5 9
20 6 26
20 7 14
20 8 26
20 9 24
20 10 10
20 11 27
20 12 20
20 13 28
20 14 10
20 15 23
20 16 18
20 17 2
20 18 1
20 19 5
21 0 28
21 1 10
21 2 20
21 3 17
21 4 28
21 5 2
21 6 5
21 7 11
21 8 12
21 9 22
21 10 1
21 11 16
21 12 5
21 13 26
21 14 1
21 15 18
21 16 7
21 17 7
21 18 27
21 19 24
21 20 24
22 0 10
22 1 5
22 2 24
22 3 20
22 4 23
22 5 8
22 6 12
22 7 4
22 8 12
22 9 2
22 10 25
22 11 18
22 12 12
22 13 9
22 14 19
22 15 22
22 16 10
22 17 28
22 18 16
22 19 6
22 20 2
22 21 19
23 0 24
23 1 16
23 2 10
23 3 8
23 4 26
23 5 18
23 6 15
23 7 27
23 8 13
23 9 14
23 10 24
23 11 26
23 12 18
23 13 24
23 14 26
23 15 26
23 16 22
23 17 11
23 18 10
23 19 28
23 20 25
23 21 13
23 22 5
24 0 6
24 1 3
24 2 15
24 3 23
24 4 17
24 5 26
24 6 6
24 7 8
24 8 27
24 9 1
24 10 4
24 11 15
24 12 8
24 13 18
24 14 5
24 15 10
24 16 27
24 17 25
24 18 10
24 19 1
24 20 25
24 21 7
24 22 3
24 23 22
25 0 7
25 1 21
25 2 3
25 3 25
25 4 14
25 5 14
25 6 22
25 7 17
25 8 22
25 9 21
25 10 26
25 11 19
25 12 7
25 13 21
25 14 13
25 15 15
25 16 7
25 17 2
25 18 8
25 19 7
25 20 28
25 21 11
25 22 27
25 23 2
25 24 27
26 0 8
26 1 19
26 2 18
26 3 1
26 4 17
26 5 13
26 6 26
26 7 5
26 8 4
26 9 24
26 10 15
26 11 10
26 12 1
26 13 15
26 14 2
26 15 27
26 16 21
26 17 9
26 18 11
26 19 10
26 20 27
26 21 26
26 22 17
26 23 2
26 24 10
26 25 28
27 0 1
27 1 20
27 2 13
27 3 19
27 4 17
27 5 28
27 6 16
27 7 11
27 8 27
27 9 26
27 10 28
27 11 25
27 12 21
27 13 2
27 14 25
27 15 20
27 16 1
27 17 6
27 18 27
27 19 1
27 20 17
27 21 28
27 22 21
27 23 18
27 24 4
27 25 13
27 26 16
28 0 16
28 1 26
28 2 28
28 3 8
28 4 27
28 5 22
28 6 2
28 7 28
28 8 10
28 9 23
28 10 23
28 11 28
28 12 26
28 13 3
28 14 24
28 15 17
28 16 10
28 17 17
28 18 1
28 19 16
28 20 8
28 21 17
28 22 13
28 23 14
28 24 1
28 25 14
28 26 13
28 27 13
29 0 8
29 1 4
29 2 4
29 3 6
29 4 7
29 5 11
29 6 21
29 7 13
29 8 8
29 9 4
29 10 28
29 11 15
29 12 11
29 13 27
29 14 27
29 15 14
29 16 5
29 17 16
29 18 11
29 19 22
29 20 15
29 21 8
29 22 15
29 23 23
29 24 18
29 25 7
29 26 6
29 27 27
29 28 17
30 0 17
30 1 3
30 2 24
30 3 3
30 4 4
30 5 26
30 6 12
30 7 15
30 8 12
30 9 24
30 10 10
30 11 11
30 12 21
30 13 15
30 14 14
30 15 12
30 16 2
30 17 18
30 18 1
30 19 11
30 20 14
30 21 19
30 22 16
30 23 24
30 24 16
30 25 11
30 26 19
30 27 5
30 28 13
30 29 7
31 0 2
31 1 26
31 2 21
31 3 20
31 4 22
31 5 6
31 6 23
31 7 3
31 8 28
31 9 19
31 10 16
31 11 19
31 12 13
31 13 2
31 14 22
31 15 24
31 16 10
31 17 8
31 18 10
31 19 15
31 20 2
31 21 1
31 22 3
31 23 1
31 24 27
31 25 11
31 26 12
31 27 21
31 28 1
31 29 14
31 30 7
