59
4 0 26
4 2 1
5 0 19
5 2 18
6 0 11
6 5 26
7 0 22
7 2 39
7 3 44
8 0 52
8 1 20
8 5 40
8 6 50
8 7 40
9 2 24
9 4 43
9 7 47
9 8 17
10 1 26
10 3 23
10 5 30
11 0 15
11 3 6
11 6 19
11 7 32
11 9 10
11 10 10
12 1 4
12 3 51
12 4 36
12 5 6
12 6 28
12 11 9
13 1 37
13 5 3
13 6 23
13 7 32
13 8 6
13 9 46
14 1 33
14 2 20
14 4 43
14 5 47
14 6 3
14 8 19
14 13 11
15 1 32
15 4 29
15 7 48
15 11 8
15 12 14
15 13 54
16 0 41
16 2 51
16 3 46
16 5 19
16 10 22
16 13 12
17 3 22
17 4 1
17 9 4
17 11 37
17 14 30
17 16 42
18 0 13
18 3 5
18 4 42
18 6 44
18 7 42
18 8 49
18 11 23
18 16 18
19 1 21
19 2 47
19 4 23
19 6 18
19 10 22
19 11 29
19 15 15
20 0 15
20 1 50
20 7 8
20 10 11
20 12 41
20 14 11
20 16 50
20 17 40
20 19 27
21 0 26
21 1 10
21 3 48
21 6 17
21 7 40
21 8 37
21 10 48
21 11 54
21 12 5
21 13 39
21 14 41
21 16 36
21 17 44
21 20 2
22 5 51
22 6 16
22 9 30
22 11 3
22 13 33
22 15 39
22 19 26
22 21 37
23 5 14
23 7 29
23 10 48
23 12 41
23 13 7
23 15 52
23 18 14
23 21 10
24 0 6
24 4 1
24 5 21
24 6 35
24 7 8
24 8 41
24 12 18
24 17 36
24 19 26
25 0 39
25 1 22
25 2 1
25 3 48
25 6 15
25 8 24
25 9 24
25 11 25
25 14 37
25 15 40
25 16 15
25 18 30
25 19 11
25 23 7
26 3 52
26 6 12
26 9 4
26 10 8
26 12 11
26 13 16
26 14 15
26 16 23
26 18 40
26 19 20
26 22 20
27 0 1
27 2 50
27 3 10
27 4 12
27 6 41
27 8 44
27 11 32
27 12 29
27 14 36
27 15 49
27 16 8
27 18 49
27 19 51
27 24 35
28 0 24
28 4 16
28 7 13
28 8 18
28 13 35
28 15 41
28 17 41
28 20 15
28 23 47
28 27 20
29 2 26
29 3 2
29 6 50
29 8 25
29 11 18
29 12 47
29 13 52
29 16 53
29 18 50
29 20 38
29 23 25
29 25 24
29 26 10
30 0 37
30 2 6
30 4 18
30 5 5
30 7 20
30 8 7
30 11 13
30 12 6
30 13 46
30 16 25
30 17 8
30 19 36
30 20 2
30 22 1
30 23 14
30 25 31
30 27 34
30 29 17
31 1 26
31 2 8
31 4 45
31 7 35
31 8 26
31 10 2
31 13 22
31 16 20
31 17 6
31 18 18
31 20 15
31 22 20
31 24 7
31 26 54
31 28 34
32 0 40
32 6 9
32 7 11
32 8 10
32 9 37
32 11 20
32 15 11
32 16 42
32 17 21
32 18 5
32 19 25
32 20 39
32 21 24
32 22 7
32 29 29
32 31 39
33 1 29
33 4 42
33 8 32
33 13 19
33 15 42
33 16 18
33 17 26
33 22 5
33 24 18
33 28 33
33 29 29
33 31 39
33 32 25
34 0 41
34 5 17
34 9 21
34 13 37
34 15 29
34 16 2
34 19 8
34 20 9
34 22 45
34 23 2
34 25 26
34 26 46
34 27 48
34 28 40
34 30 28
34 31 46
35 0 37
35 1 34
35 2 4
35 4 41
35 5 10
35 6 25
35 7 27
35 10 20
35 11 21
35 12 49
35 15 31
35 24 12
35 25 17
35 26 17
35 27 52
35 28 3
35 29 35
35 30 25
35 31 46
35 33 50
35 34 33
36 4 31
36 6 2
36 9 50
36 11 4
36 14 8
36 17 8
36 19 50
36 20 1
36 22 9
36 24 30
36 30 20
36 31 6
36 32 51
36 35 23
37 1 35
37 6 45
37 8 53
37 10 22
37 16 49
37 19 51
37 21 20
37 28 43
37 29 37
37 30 1
37 31 39
37 34 10
37 36 54
38 0 25
38 1 33
38 2 51
38 3 23
38 6 29
38 8 53
38 11 14
38 13 43
38 14 19
38 15 39
38 21 2
38 22 12
38 24 32
38 25 25
38 26 37
38 27 46
38 28 35
38 32 30
38 33 54
38 34 1
38 36 42
39 2 54
39 8 51
39 10 39
39 11 50
39 13 28
39 18 1
39 21 4
39 23 18
39 28 23
39 32 5
39 33 28
39 34 10
39 35 2
40 1 4
40 3 35
40 5 13
40 6 30
40 9 52
40 11 46
40 12 50
40 14 47
40 15 37
40 16 22
40 19 24
40 21 44
40 22 50
40 25 10
40 26 3
40 27 41
40 28 43
40 29 6
40 30 33
40 31 37
40 33 51
40 37 27
40 38 3
41 1 5
41 4 26
41 5 36
41 6 50
41 9 13
41 11 40
41 14 44
41 15 21
41 18 10
41 19 40
41 21 16
41 29 3
41 32 54
41 34 3
41 35 33
41 36 34
41 39 51
42 0 25
42 1 44
42 2 35
42 5 49
42 8 29
42 10 51
42 11 7
42 13 36
42 14 24
42 15 3
42 17 16
42 19 54
42 21 35
42 22 19
42 23 24
42 25 38
42 26 30
42 29 43
42 30 25
42 32 8
42 33 42
42 34 42
42 37 30
42 40 37
43 2 13
43 3 35
43 6 38
43 12 40
43 15 9
43 17 54
43 20 20
43 21 43
43 23 26
43 25 26
43 26 46
43 27 33
43 29 18
43 36 16
43 39 32
43 40 38
43 41 24
44 3 40
44 9 35
44 10 39
44 12 24
44 13 11
44 14 25
44 16 14
44 18 13
44 19 11
44 21 47
44 22 39
44 23 44
44 24 51
44 25 31
44 26 22
44 28 15
44 29 38
44 30 21
44 31 6
44 36 54
44 37 30
44 38 39
44 39 21
44 42 5
45 0 44
45 1 9
45 3 35
45 4 2
45 6 24
45 7 33
45 8 7
45 12 1
45 13 25
45 14 5
45 15 12
45 16 24
45 19 10
45 23 52
45 24 7
45 25 45
45 27 30
45 28 36
45 30 45
45 33 16
45 34 5
45 35 42
45 36 40
45 37 53
45 38 5
45 40 7
45 41 43
45 44 23
46 1 5
46 2 7
46 3 33
46 4 1
46 5 5
46 7 27
46 8 13
46 11 32
46 12 51
46 13 23
46 15 22
46 18 19
46 20 20
46 21 41
46 22 20
46 25 44
46 27 35
46 30 36
46 31 8
46 37 15
46 42 54
46 44 37
46 45 53
47 1 54
47 4 26
47 5 14
47 6 15
47 7 8
47 8 46
47 9 15
47 12 19
47 15 23
47 19 22
47 21 30
47 22 37
47 24 20
47 28 32
47 29 36
47 34 30
47 37 29
47 38 2
47 41 39
47 42 6
47 44 24
47 46 52
48 4 1
48 5 40
48 9 20
48 10 20
48 12 22
48 13 8
48 14 31
48 16 38
48 18 53
48 19 12
48 20 32
48 26 37
48 27 44
48 31 32
48 33 50
48 34 32
48 35 43
48 40 39
48 42 47
49 1 41
49 2 38
49 5 27
49 7 54
49 8 21
49 11 31
49 16 10
49 26 43
49 29 6
49 30 16
49 33 13
49 35 51
49 37 18
49 38 4
49 43 54
49 45 1
49 46 9
49 48 39
50 0 3
50 1 34
50 2 17
50 3 26
50 5 8
50 6 8
50 10 48
50 14 2
50 18 31
50 19 39
50 20 28
50 23 33
50 24 45
50 27 13
50 28 6
50 29 28
50 30 4
50 31 25
50 35 41
50 36 37
50 37 18
50 40 1
50 41 41
50 42 54
50 43 12
50 45 15
50 46 7
51 0 41
51 4 37
51 6 31
51 9 24
51 10 42
51 11 20
51 15 25
51 16 8
51 17 7
51 21 45
51 24 34
51 26 27
51 27 17
51 28 31
51 30 44
51 32 4
51 34 27
51 36 49
51 37 4
51 40 37
51 43 11
51 45 45
51 46 34
51 48 35
51 50 1
52 1 11
52 5 41
52 8 51
52 10 24
52 11 42
52 13 1
52 14 12
52 16 49
52 18 11
52 20 38
52 21 44
52 22 28
52 23 19
52 24 26
52 26 53
52 28 15
52 30 21
52 31 3
52 32 6
52 34 47
52 35 40
52 37 15
52 39 21
52 46 37
52 48 8
52 49 47
53 1 6
53 2 3
53 4 1
53 6 42
53 7 10
53 10 4
53 12 16
53 13 44
53 16 21
53 18 41
53 21 2
53 23 41
53 26 8
53 28 53
53 29 15
53 30 44
53 32 14
53 33 5
53 37 12
53 38 13
53 42 38
53 43 8
53 45 4
53 46 21
53 48 30
53 49 54
54 2 15
54 4 11
54 7 39
54 8 13
54 12 10
54 14 33
54 15 35
54 16 53
54 20 2
54 22 48
54 23 27
54 24 52
54 27 15
54 29 46
54 31 36
54 35 2
54 36 5
54 40 21
54 44 54
54 48 41
54 49 53
54 51 12
54 52 51
55 0 42
55 1 29
55 3 32
55 5 29
55 6 49
55 7 3
55 8 41
55 9 8
55 10 42
55 12 38
55 14 18
55 20 13
55 22 23
55 23 37
55 24 20
55 26 18
55 27 20
55 28 30
55 30 32
55 31 26
55 32 33
55 34 41
55 35 23
55 39 22
55 42 21
55 43 10
55 44 46
55 45 47
55 47 46
55 48 11
55 50 16
55 52 13
56 0 40
56 2 27
56 3 2
56 6 42
56 8 54
56 11 49
56 14 10
56 15 4
56 16 30
56 22 39
56 23 50
56 24 33
56 25 23
56 28 31
56 30 49
56 31 9
56 33 15
56 34 35
56 36 20
56 38 50
56 40 12
56 42 33
56 44 42
56 45 54
56 47 25
56 54 17
57 0 11
57 1 53
57 3 45
57 4 14
57 6 52
57 7 51
57 11 17
57 13 30
57 14 26
57 16 12
57 18 32
57 19 35
57 20 14
57 22 7
57 23 11
57 25 45
57 27 50
57 28 5
57 31 35
57 32 2
57 33 36
57 34 21
57 35 13
57 36 50
57 37 12
57 38 23
57 40 25
57 41 39
57 44 46
57 52 47
57 53 4
57 54 53
57 55 52
58 1 32
58 5 10
58 6 35
58 7 47
58 10 10
58 16 15
58 19 38
58 20 14
58 22 3
58 23 10
58 26 45
58 29 44
58 30 2
58 31 15
58 34 44
58 38 9
58 42 38
58 48 9
58 49 42
58 50 45
58 53 15
58 54 20
58 56 35
58 57 3
