48
1 0 5
4 1 12
5 2 7
5 4 12
6 1 8
6 2 5
6 3 11
6 4 4
7 0 12
7 1 5
7 2 5
7 4 1
7 5 12
7 6 11
8 1 3
8 5 8
8 6 5
9 0 8
9 2 10
9 3 11
9 5 7
9 6 8
9 7 12
9 8 5
10 0 8
10 1 2
10 2 6
10 3 12
10 4 8
10 5 1
10 7 8
10 9 3
11 0 4
11 2 8
11 3 5
11 4 3
11 5 11
11 6 7
11 7 5
11 9 9
11 10 6
12 0 2
12 1 12
12 3 10
12 4 10
12 6 10
12 7 1
12 9 11
12 11 2
13 2 4
13 5 11
13 6 5
13 8 2
13 9 6
13 10 1
14 1 11
14 4 9
14 6 9
14 8 6
15 0 3
15 1 4
15 4 4
15 6 7
15 9 7
15 10 12
15 11 9
15 12 12
15 13 8
15 14 10
16 1 1
16 3 6
16 4 3
16 5 9
16 8 3
16 9 7
16 11 3
16 14 5
16 15 7
17 0 7
17 2 9
17 7 11
17 8 1
17 10 6
17 11 2
17 12 1
17 16 11
18 3 12
18 4 12
18 5 8
18 6 9
18 7 10
18 9 8
18 10 10
18 11 10
18 12 9
18 13 1
19 0 5
19 2 12
19 3 10
19 4 5
19 5 10
19 8 8
19 10 6
19 11 1
19 12 10
19 13 4
19 14 12
19 17 9
19 18 11
20 3 10
20 4 10
20 6 5
20 7 10
20 8 8
20 9 1
20 10 11
20 12 4
20 14 3
20 15 4
20 17 7
20 18 11
20 19 5
21 1 5
21 2 10
21 3 7
21 6 6
21 9 2
21 11 4
21 14 8
21 16 3
21 17 7
21 18 9
21 19 11
21 20 1
22 1 9
22 3 12
22 4 11
22 5 8
22 6 7
22 9 9
22 10 8
22 14 9
22 15 12
22 16 9
22 17 11
22 20 2
22 21 12
23 0 2
23 4 2
23 6 9
23 9 9
23 11 11
23 19 6
23 20 8
23 22 10
24 0 10
24 1 10
24 2 3
24 7 1
24 8 11
24 9 8
24 10 11
24 13 10
24 15 5
24 17 12
24 19 8
24 20 3
24 21 12
24 22 10
25 2 5
25 5 1
25 6 3
25 9 5
25 15 10
25 18 3
25 19 11
25 20 1
25 22 2
25 24 4
26 2 1
26 3 12
26 5 2
26 7 1
26 12 8
26 17 6
26 18 12
26 19 3
26 21 8
26 23 2
26 24 10
26 25 5
27 1 4
27 2 8
27 5 12
27 6 7
27 8 9
27 11 5
27 12 4
27 16 6
27 20 2
27 25 9
28 1 2
28 4 7
28 5 1
28 10 5
28 11 3
28 13 6
28 15 1
28 16 11
28 17 4
28 19 10
28 20 7
28 24 3
28 25 9
28 26 2
28 27 2
29 2 10
29 3 12
29 4 3
29 5 11
29 6 7
29 7 12
29 9 4
29 13 10
29 14 5
29 16 12
29 17 10
29 18 11
29 21 1
29 23 9
29 25 2
29 26 6
29 27 7
29 28 11
30 1 5
30 8 6
30 9 8
30 11 10
30 16 8
30 19 4
30 23 6
30 24 10
30 25 7
30 26 9
30 27 5
30 28 12
31 1 4
31 2 6
31 4 6
31 5 6
31 6 12
31 7 3
31 8 11
31 11 6
31 13 2
31 14 8
31 15 2
31 18 8
31 21 8
31 22 3
31 24 11
31 28 2
31 29 8
31 30 2
32 2 9
32 3 6
32 4 5
32 9 7
32 10 5
32 11 1
32 12 3
32 13 1
32 15 10
32 17 9
32 20 1
32 21 9
32 22 7
32 24 2
32 25 5
32 28 3
32 29 10
32 30 1
32 31 10
33 1 9
33 3 5
33 6 1
33 9 4
33 15 1
33 16 10
33 18 7
33 19 11
33 20 5
33 22 2
33 23 1
33 24 10
33 25 10
33 26 12
33 27 2
33 30 2
34 1 4
34 2 4
34 3 2
34 5 3
34 7 10
34 8 1
34 10 2
34 12 5
34 13 1
34 16 12
34 17 11
34 21 5
34 22 2
34 23 6
34 24 2
34 25 12
34 26 8
34 30 5
34 32 8
35 1 12
35 2 3
35 4 11
35 5 11
35 7 6
35 8 4
35 12 10
35 15 7
35 16 12
35 21 3
35 22 11
35 24 6
35 25 1
35 26 1
35 29 3
35 30 8
35 33 9
36 0 9
36 2 11
36 3 9
36 7 9
36 8 9
36 9 2
36 12 3
36 13 1
36 14 4
36 15 1
36 16 2
36 18 11
36 21 8
36 22 3
36 23 8
36 26 8
36 30 10
37 1 6
37 2 3
37 4 9
37 5 9
37 7 11
37 9 5
37 11 4
37 13 2
37 14 8
37 16 12
37 17 12
37 18 10
37 19 9
37 20 6
37 21 3
37 25 3
37 27 2
37 29 10
37 30 2
37 36 10
38 1 1
38 3 12
38 4 11
38 5 10
38 7 8
38 10 7
38 11 8
38 12 10
38 13 12
38 14 8
38 15 2
38 16 4
38 18 4
38 19 7
38 20 8
38 21 6
38 23 6
38 24 9
38 26 4
38 27 6
38 28 1
38 29 1
38 31 12
38 32 12
38 33 10
39 1 4
39 2 10
39 3 12
39 10 2
39 11 10
39 16 9
39 18 2
39 19 5
39 20 5
39 23 8
39 24 4
39 25 8
39 26 1
39 29 1
39 31 2
39 33 2
39 34 1
39 35 1
39 37 4
40 2 1
40 3 2
40 5 4
40 6 8
40 7 4
40 11 5
40 13 4
40 15 6
40 19 3
40 20 3
40 22 12
40 24 8
40 25 2
40 30 5
40 31 11
40 32 5
40 36 6
41 0 5
41 4 4
41 5 8
41 6 12
41 7 7
41 8 2
41 13 7
41 16 4
41 18 1
41 20 3
41 22 3
41 23 9
41 25 6
41 27 4
41 28 4
41 31 10
41 32 5
41 33 3
41 35 11
41 36 2
41 38 6
41 39 11
42 1 10
42 5 11
42 6 6
42 7 8
42 9 12
42 10 9
42 11 11
42 12 4
42 13 2
42 14 11
42 15 7
42 16 9
42 17 9
42 19 4
42 20 10
42 21 3
42 22 3
42 23 6
42 24 11
42 25 12
42 27 11
42 31 12
42 33 8
42 34 6
42 38 2
42 41 12
43 1 6
43 4 3
43 6 12
43 9 8
43 10 7
43 11 11
43 13 1
43 14 12
43 16 1
43 17 10
43 18 8
43 23 6
43 28 5
43 29 7
43 30 6
43 35 8
43 36 10
43 38 11
43 39 10
43 40 11
43 42 11
44 0 12
44 2 2
44 3 10
44 6 2
44 11 6
44 12 3
44 13 11
44 15 2
44 16 5
44 19 8
44 21 8
44 22 11
44 24 3
44 27 12
44 30 2
44 31 2
44 33 6
44 35 3
44 36 5
44 37 12
44 38 9
44 39 2
44 41 6
45 3 1
45 9 1
45 10 4
45 11 10
45 12 2
45 13 3
45 14 2
45 15 6
45 16 11
45 21 10
45 23 3
45 24 4
45 25 12
45 27 4
45 28 11
45 29 5
45 30 8
45 33 9
45 35 11
45 36 11
45 37 2
45 38 3
45 41 2
46 1 3
46 6 1
46 9 10
46 10 4
46 14 5
46 16 1
46 20 3
46 21 5
46 22 2
46 23 3
46 27 7
46 31 6
46 32 2
46 36 11
46 38 9
46 40 8
46 41 8
46 42 2
46 43 8
47 0 11
47 1 4
47 2 7
47 4 7
47 5 5
47 6 6
47 7 2
47 10 7
47 11 1
47 12 6
47 14 12
47 15 5
47 17 7
47 18 10
47 21 6
47 26 10
47 27 8
47 28 1
47 29 1
47 34 9
47 40 7
47 41 12
47 42 10
47 46 7
