49
2 0 7
3 0 20
3 2 8
4 0 18
4 1 11
4 2 17
5 0 1
5 1 11
5 2 4
6 0 7
6 3 14
6 5 9
7 0 12
7 1 5
7 2 9
7 5 12
7 6 13
8 2 1
8 5 10
8 6 17
8 7 8
9 0 2
9 2 2
9 5 18
9 6 14
9 8 21
10 0 13
10 3 13
10 5 7
10 6 11
11 2 12
11 3 6
11 4 6
11 5 1
11 6 21
11 7 20
11 8 4
11 9 5
12 3 15
12 5 12
12 6 2
12 7 6
12 9 3
12 10 17
12 11 16
13 2 18
13 4 6
13 5 11
13 7 19
13 9 8
13 10 3
13 11 4
14 0 21
14 1 13
14 2 11
14 3 10
14 4 11
14 6 17
14 8 19
14 11 5
14 12 15
15 0 10
15 1 14
15 6 14
15 8 13
15 9 4
15 12 17
15 14 13
16 0 13
16 3 18
16 5 14
16 8 5
16 10 20
16 11 10
16 14 8
17 4 18
17 6 7
17 9 2
17 10 13
17 11 9
17 13 13
17 16 5
18 0 5
18 2 19
18 9 8
18 10 10
18 12 5
18 14 10
18 15 19
18 17 12
19 0 11
19 1 4
19 3 16
19 5 17
19 7 15
19 11 16
19 12 4
19 16 16
19 17 10
20 0 1
20 1 9
20 3 6
20 5 13
20 6 15
20 10 19
20 12 8
20 14 8
20 16 17
20 17 17
20 19 9
21 1 21
21 4 11
21 5 4
21 6 2
21 7 11
21 8 2
21 10 21
21 13 11
21 15 13
21 18 11
21 19 10
21 20 13
22 0 15
22 3 9
22 7 5
22 8 18
22 9 10
22 14 2
22 16 1
22 17 10
22 18 16
22 21 20
23 1 13
23 3 14
23 4 21
23 7 19
23 8 5
23 12 12
23 13 16
23 15 20
23 20 13
23 21 21
24 0 11
24 3 14
24 8 11
24 12 6
24 13 3
24 17 5
24 20 19
24 21 9
24 22 13
25 0 11
25 1 7
25 2 5
25 3 21
25 5 12
25 7 3
25 8 2
25 9 13
25 11 2
25 12 7
25 13 13
25 14 16
25 15 17
25 17 5
25 18 14
25 21 18
25 22 11
25 23 12
25 24 3
26 1 11
26 4 12
26 7 11
26 9 16
26 11 2
26 12 14
26 13 9
26 15 1
26 16 19
26 18 5
26 19 8
26 21 12
26 23 5
26 24 14
27 2 12
27 4 8
27 6 21
27 7 4
27 8 20
27 11 21
27 14 14
27 16 10
27 17 1
27 18 1
27 21 3
27 24 16
27 25 1
27 26 21
28 0 9
28 2 16
28 4 19
28 9 13
28 10 8
28 13 2
28 14 10
28 16 3
28 18 5
28 19 2
28 20 10
28 21 16
28 23 13
28 24 12
28 26 9
29 1 20
29 3 11
29 5 11
29 6 21
29 9 12
29 13 11
29 15 5
29 16 18
29 18 12
29 19 10
29 21 15
29 23 17
29 24 16
29 25 3
29 27 21
29 28 5
30 1 4
30 6 2
30 11 9
30 12 8
30 16 8
30 19 5
30 24 21
30 25 17
31 0 2
31 1 1
31 2 20
31 5 12
31 7 7
31 9 9
31 11 9
31 12 4
31 13 14
31 14 12
31 15 17
31 17 6
31 18 21
31 22 13
31 23 11
31 27 17
31 28 13
31 30 17
32 0 5
32 1 16
32 2 8
32 4 2
32 7 7
32 8 1
32 11 1
32 13 20
32 14 2
32 15 6
32 17 5
32 18 2
32 19 10
32 23 12
32 27 15
32 28 5
33 1 19
33 3 18
33 6 21
33 7 16
33 8 10
33 9 9
33 10 20
33 11 3
33 13 5
33 22 11
33 23 11
33 24 5
33 25 18
33 26 21
33 27 2
33 29 14
33 31 4
33 32 20
34 0 8
34 3 11
34 5 15
34 6 6
34 7 6
34 11 9
34 12 14
34 13 2
34 16 18
34 19 14
34 24 6
34 25 20
34 28 14
34 30 4
34 33 19
35 1 8
35 2 21
35 3 18
35 4 20
35 7 8
35 9 12
35 10 5
35 13 2
35 14 16
35 18 7
35 19 15
35 20 15
35 22 12
35 24 4
35 25 5
35 27 20
35 30 21
35 31 7
35 33 4
36 0 2
36 1 21
36 2 15
36 5 16
36 6 15
36 7 19
36 8 1
36 10 21
36 14 20
36 15 18
36 17 6
36 18 2
36 19 21
36 22 7
36 24 6
36 26 9
36 28 12
36 29 20
36 31 6
36 32 9
36 33 14
36 34 1
37 0 15
37 1 12
37 2 2
37 3 16
37 4 15
37 5 15
37 6 19
37 7 14
37 9 20
37 13 8
37 14 10
37 15 10
37 17 15
37 21 8
37 22 19
37 23 14
37 25 14
37 29 11
37 30 5
37 32 14
37 33 20
37 34 4
37 35 12
37 36 3
38 0 15
38 1 6
38 2 14
38 5 20
38 12 5
38 14 18
38 15 18
38 16 12
38 18 6
38 19 4
38 23 3
38 24 2
38 26 18
38 27 9
38 28 18
38 29 21
38 31 11
38 34 1
38 35 13
39 1 11
39 2 20
39 4 6
39 5 15
39 6 15
39 7 20
39 13 21
39 14 2
39 17 4
39 20 8
39 25 8
39 26 4
39 27 8
39 32 2
39 33 19
39 34 4
39 37 17
39 38 16
40 0 12
40 3 19
40 4 10
40 5 6
40 7 21
40 8 1
40 11 7
40 12 5
40 13 18
40 15 13
40 22 19
40 26 3
40 29 17
40 30 20
40 32 15
40 36 4
40 37 12
40 39 15
41 2 19
41 5 6
41 6 13
41 7 7
41 11 13
41 12 7
41 13 8
41 15 10
41 16 11
41 17 4
41 18 19
41 21 7
41 22 17
41 25 17
41 27 15
41 29 3
41 30 6
41 31 15
41 37 2
41 38 9
41 39 3
41 40 6
42 2 6
42 7 8
42 8 17
42 10 13
42 11 2
42 12 19
42 16 3
42 18 12
42 20 3
42 22 11
42 23 1
42 25 7
42 39 13
42 40 14
42 41 7
43 2 19
43 3 14
43 5 21
43 7 13
43 8 13
43 12 10
43 14 17
43 15 7
43 16 13
43 17 7
43 18 15
43 20 18
43 21 5
43 23 12
43 25 15
43 27 8
43 28 13
43 29 15
43 31 13
43 32 20
43 33 19
43 34 18
43 41 14
43 42 7
44 1 17
44 2 9
44 4 19
44 6 10
44 7 19
44 8 7
44 12 21
44 14 13
44 15 11
44 16 14
44 18 21
44 20 17
44 21 2
44 22 16
44 23 9
44 24 21
44 28 3
44 30 20
44 32 19
44 33 17
44 35 11
44 37 10
44 42 4
44 43 6
45 1 4
45 2 5
45 4 17
45 5 7
45 6 10
45 7 15
45 10 11
45 12 17
45 13 20
45 15 8
45 17 8
45 22 5
45 24 8
45 25 14
45 26 6
45 28 18
45 29 4
45 30 19
45 31 2
45 34 20
45 35 5
45 37 10
45 39 16
45 41 10
45 44 4
46 2 11
46 7 6
46 8 7
46 14 10
46 18 16
46 22 14
46 27 4
46 28 11
46 30 10
46 32 17
46 33 13
46 34 2
46 35 19
46 36 1
46 38 18
46 40 17
46 41 12
46 42 7
47 2 3
47 5 3
47 6 16
47 8 12
47 9 17
47 10 3
47 11 9
47 13 13
47 19 10
47 22 9
47 23 9
47 26 1
47 27 4
47 28 8
47 29 13
47 30 19
47 33 19
47 36 9
47 37 11
47 41 21
47 42 5
47 43 10
47 44 6
47 45 9
48 3 16
48 4 9
48 6 1
48 7 17
48 8 19
48 9 10
48 12 20
48 13 9
48 14 7
48 15 5
48 16 19
48 17 1
48 19 12
48 21 1
48 24 10
48 26 16
48 28 6
48 30 2
48 34 4
48 35 8
48 39 10
48 40 11
48 41 4
48 43 15
48 44 12
48 45 21
48 46 15
48 47 7
