18
1 0 1
2 0 8
2 1 9
3 0 3
3 2 3
4 0 8
4 1 2
4 2 4
5 0 5
5 1 8
5 3 5
6 1 1
6 3 6
7 1 1
7 5 9
7 6 4
8 1 3
8 2 1
8 3 4
8 4 7
8 5 1
9 0 9
9 2 5
9 3 3
9 4 5
9 6 3
10 1 8
10 3 10
10 4 10
10 7 9
10 8 8
10 9 3
11 0 2
11 9 9
11 10 4
12 0 10
12 3 5
12 4 5
12 7 1
12 10 6
12 11 5
13 8 6
14 0 2
14 5 8
14 8 5
14 9 2
14 10 6
14 11 10
15 0 4
15 5 8
15 6 6
15 7 1
15 9 2
15 11 6
15 12 10
15 14 8
16 0 7
16 1 6
16 3 3
16 4 8
16 5 8
16 6 6
16 7 7
16 8 10
16 11 4
16 12 5
16 13 2
16 14 6
17 0 10
17 2 3
17 4 1
17 5 1
17 8 6
17 11 1
17 14 7
17 15 2
