36
1 0 17
2 1 38
3 0 14
4 0 34
4 2 6
5 1 13
5 3 38
6 2 1
6 4 11
7 1 12
7 2 24
7 3 35
7 4 2
8 1 10
8 3 28
8 5 34
8 7 16
9 1 23
9 4 16
9 5 16
9 6 36
9 7 14
10 0 27
10 2 23
10 3 11
10 4 12
10 5 15
10 6 18
10 7 5
10 8 4
11 0 14
11 1 4
11 2 8
11 4 20
11 5 5
11 8 8
11 9 30
12 1 38
12 2 16
12 6 1
12 7 30
12 8 15
12 9 30
13 0 15
13 1 1
13 2 5
13 3 19
13 5 29
13 7 2
13 9 22
13 11 12
14 0 5
14 1 4
14 2 31
14 5 29
14 6 22
14 8 20
14 9 12
14 10 27
14 11 15
14 13 8
15 2 29
15 3 16
15 6 35
15 10 29
15 13 34
15 14 18
16 0 35
16 1 17
16 3 12
16 5 12
16 8 33
16 9 1
16 10 8
16 11 16
16 13 4
16 14 18
16 15 14
17 0 2
17 5 13
17 6 18
17 9 37
17 11 35
17 13 28
17 15 13
17 16 36
18 0 12
18 1 4
18 5 15
18 9 37
18 11 26
18 16 26
18 17 1
19 1 35
19 5 7
19 7 27
19 8 32
19 9 14
19 10 9
19 12 14
19 14 26
19 16 25
19 18 34
20 0 18
20 1 7
20 3 19
20 4 22
20 8 26
20 9 27
20 12 26
20 13 25
20 14 8
20 15 19
20 16 11
20 19 8
21 0 31
21 9 2
21 10 22
21 12 38
21 13 14
21 16 9
21 17 17
21 18 5
21 19 38
21 20 3
22 0 18
22 1 35
22 5 10
22 8 15
22 9 30
22 10 36
22 11 28
22 13 4
22 15 10
22 18 15
22 19 13
22 20 38
22 21 24
23 0 36
23 1 38
23 3 31
23 4 11
23 5 35
23 9 6
23 11 36
23 12 35
23 17 5
23 18 23
23 19 25
23 22 29
24 0 23
24 2 7
24 4 7
24 5 27
24 7 37
24 8 11
24 12 32
24 13 38
24 14 16
24 15 15
24 20 26
24 22 21
25 2 14
25 3 19
25 5 26
25 8 3
25 9 14
25 10 29
25 12 34
25 13 29
25 17 2
25 20 2
25 21 6
25 22 16
25 23 8
26 0 37
26 1 31
26 2 28
26 3 32
26 4 9
26 11 16
26 16 33
26 17 38
26 18 36
26 20 25
26 22 2
26 23 3
26 25 25
27 0 9
27 1 33
27 3 24
27 5 22
27 8 15
27 10 6
27 11 17
27 12 15
27 14 33
27 15 6
27 17 6
28 0 37
28 1 4
28 2 15
28 3 28
28 5 32
28 6 30
28 8 10
28 10 25
28 11 33
28 13 7
28 14 32
28 15 20
28 16 22
28 17 17
28 18 20
28 20 3
28 21 28
28 23 16
28 26 24
28 27 2
29 0 8
29 3 7
29 4 28
29 7 33
29 10 26
29 12 6
29 13 30
29 14 38
29 15 21
29 16 26
29 19 27
29 21 5
29 24 8
29 27 12
29 28 16
30 0 37
30 1 29
30 5 11
30 9 35
30 11 14
30 13 29
30 14 8
30 15 9
30 16 6
30 19 12
30 20 34
30 21 11
30 22 13
30 25 2
30 26 30
30 27 5
30 28 32
30 29 25
31 0 8
31 3 27
31 4 19
31 5 7
31 6 9
31 7 36
31 9 21
31 13 34
31 14 29
31 15 37
31 19 23
31 20 12
31 23 24
31 24 13
31 25 2
31 26 28
31 27 4
31 28 36
32 0 26
32 2 33
32 7 38
32 9 28
32 10 8
32 11 8
32 13 18
32 17 23
32 21 16
32 24 7
32 25 16
32 26 15
32 27 7
32 29 6
32 30 19
32 31 13
33 0 22
33 4 36
33 5 32
33 8 30
33 12 22
33 13 24
33 15 11
33 17 12
33 18 3
33 19 18
33 23 35
33 24 25
33 26 29
33 28 31
33 29 18
33 30 30
33 31 37
33 32 38
34 1 36
34 2 2
34 3 4
34 7 34
34 8 34
34 14 15
34 15 35
34 23 9
34 29 27
34 30 8
34 31 9
35 1 5
35 5 17
35 6 33
35 7 32
35 8 8
35 11 11
35 12 6
35 13 9
35 14 31
35 16 28
35 17 33
35 18 15
35 22 4
35 23 15
35 27 16
35 29 11
35 31 26
