42
1 0 10
2 0 31
2 1 32
3 0 14
3 1 13
3 2 24
4 0 21
4 1 34
4 2 30
4 3 26
5 0 10
5 1 24
5 2 15
5 3 23
5 4 4
6 0 21
6 1 1
6 2 37
6 3 16
6 4 17
6 5 16
7 0 36
7 1 7
7 2 4
7 3 32
7 4 32
7 5 9
7 6 31
8 0 33
8 1 13
8 2 11
8 3 25
8 4 35
8 5 7
8 6 31
8 7 29
9 0 33
9 1 11
9 2 25
9 3 34
9 4 32
9 5 3
9 6 23
9 7 31
9 8 21
10 0 20
10 1 4
10 2 35
10 3 1
10 4 12
10 5 23
10 6 36
10 7 9
10 8 17
10 9 18
11 0 6
11 1 27
11 2 16
11 3 22
11 4 32
11 5 5
11 6 14
11 7 14
11 8 22
11 9 9
11 10 37
12 0 32
12 1 35
12 2 7
12 3 11
12 4 13
12 5 2
12 6 32
12 7 10
12 8 29
12 9 16
12 10 11
12 11 8
13 0 14
13 1 36
13 2 1
13 3 3
13 4 22
13 5 12
13 6 21
13 7 6
13 8 33
13 9 37
13 10 17
13 11 10
13 12 14
14 0 16
14 1 10
14 2 25
14 3 37
14 4 2
14 5 8
14 6 3
14 7 7
14 8 8
14 9 19
14 10 32
14 11 14
14 12 22
14 13 36
15 0 18
15 1 7
15 2 26
15 3 25
15 4 8
15 5 10
15 6 35
15 7 5
15 8 3
15 9 6
15 10 9
15 11 31
15 12 28
15 13 1
15 14 37
16 0 37
16 1 1
16 2 36
16 3 15
16 4 20
16 5 36
16 6 1
16 7 35
16 8 37
16 9 29
16 10 11
16 11 23
16 12 30
16 13 6
16 14 2
16 15 15
17 0 1
17 1 20
17 2 10
17 3 37
17 4 21
17 5 22
17 6 34
17 7 23
17 8 19
17 9 30
17 10 28
17 11 30
17 12 2
17 13 37
17 14 20
17 15 33
17 16 34
18 0 12
18 1 5
18 2 11
18 3 30
18 4 28
18 5 20
18 6 11
18 7 29
18 8 12
18 9 30
18 10 3
18 11 25
18 12 24
18 13 3
18 14 16
18 15 10
18 16 13
18 17 15
19 0 32
19 1 13
19 2 14
19 3 2
19 4 24
19 5 13
19 6 32
19 7 16
19 8 25
19 9 31
19 10 7
19 11 34
19 12 6
19 13 8
19 14 33
19 15 37
19 16 23
19 17 19
19 18 25
20 0 26
20 1 26
20 2 24
20 3 12
20 4 18
20 5 35
20 6 10
20 7 23
20 8 15
20 9 1
20 10 16
20 11 5
20 12 25
20 13 24
20 14 37
20 15 35
20 16 36
20 17 36
20 18 23
20 19 16
21 0 31
21 1 27
21 2 11
21 3 24
21 4 16
21 5 16
21 6 10
21 7 6
21 8 33
21 9 15
21 10 21
21 11 36
21 12 23
21 13 30
21 14 20
21 15 4
21 16 1
21 17 12
21 18 4
21 19 18
21 20 11
22 0 15
22 1 17
22 2 4
22 3 36
22 4 33
22 5 30
22 6 16
22 7 14
22 8 8
22 9 6
22 10 21
22 11 35
22 12 8
22 13 35
22 14 1
22 15 35
22 16 30
22 17 24
22 18 23
22 19 15
22 20 17
22 21 9
23 0 29
23 1 14
23 2 22
23 3 4
23 4 6
23 5 37
23 6 21
23 7 4
23 8 8
23 9 3
23 10 37
23 11 21
23 12 23
23 13 26
23 14 21
23 15 19
23 16 7
23 17 14
23 18 4
23 19 16
23 20 29
23 21 7
23 22 15
24 0 22
24 1 27
24 2 36
24 3 16
24 4 5
24 5 6
24 6 4
24 7 33
24 8 2
24 9 27
24 10 29
24 11 34
24 12 23
24 13 18
24 14 29
24 15 22
24 16 17
24 17 29
24 18 5
24 19 35
24 20 3
24 21 27
24 22 32
24 23 26
25 0 35
25 1 3
25 2 10
25 3 35
25 4 20
25 5 9
25 6 4
25 7 28
25 8 8
25 9 14
25 10 18
25 11 29
25 12 21
25 13 21
25 14 20
25 15 18
25 16 29
25 17 4
25 18 14
25 19 29
25 20 35
25 21 3
25 22 18
25 23 15
25 24 17
26 0 21
26 1 27
26 2 16
26 3 12
26 4 19
26 5 30
26 6 26
26 7 7
26 8 37
26 9 21
26 10 32
26 11 1
26 12 12
26 13 20
26 14 21
26 15 35
26 16 6
26 17 31
26 18 4
26 19 29
26 20 31
26 21 7
26 22 1
26 23 8
26 24 17
26 25 12
27 0 31
27 1 13
27 2 10
27 3 28
27 4 13
27 5 20
27 6 24
27 7 1
27 8 3
27 9 22
27 10 20
27 11 11
27 12 24
27 13 12
27 14 9
27 15 30
27 16 13
27 17 34
27 18 36
27 19 9
27 20 6
27 21 34
27 22 10
27 23 26
27 24 30
27 25 16
27 26 26
28 0 9
28 1 31
28 2 7
28 3 34
28 4 12
28 5 30
28 6 20
28 7 8
28 8 28
28 9 24
28 10 1
28 11 16
28 12 34
28 13 17
28 14 35
28 15 10
28 16 10
28 17 33
28 18 13
28 19 32
28 20 20
28 21 24
28 22 18
28 23 2
28 24 1
28 25 16
28 26 7
28 27 11
29 0 34
29 1 32
29 2 1
29 3 34
29 4 24
29 5 4
29 6 16
29 7 22
29 8 18
29 9 28
29 10 14
29 11 6
29 12 5
29 13 26
29 14 7
29 15 29
29 16 35
29 17 14
29 18 10
29 19 14
29 20 30
29 21 12
29 22 6
29 23 6
29 24 6
29 25 4
29 26 9
29 27 32
29 28 19
30 0 9
30 1 26
30 2 23
30 3 16
30 4 11
30 5 28
30 6 27
30 7 32
30 8 11
30 9 15
30 10 1
30 11 8
30 12 24
30 13 36
30 14 37
30 15 30
30 16 24
30 17 1
30 18 26
30 19 8
30 20 12
30 21 1
30 22 10
30 23 3
30 24 31
30 25 16
30 26 36
30 27 33
30 28 22
30 29 31
31 0 18
31 1 6
31 2 28
31 3 1
31 4 31
31 5 9
31 6 17
31 7 14
31 8 11
31 9 35
31 10 22
31 11 16
31 12 20
31 13 8
31 14 26
31 15 18
31 16 23
31 17 33
31 18 20
31 19 10
31 20 19
31 21 12
31 22 34
31 23 10
31 24 17
31 25 6
31 26 26
31 27 16
31 28 9
31 29 22
31 30 36
32 0 35
32 1 6
32 2 2
32 3 32
32 4 17
32 5 6
32 6 9
32 7 19
32 8 7
32 9 2
32 10 10
32 11 9
32 12 11
32 13 26
32 14 12
32 15 26
32 16 3
32 17 9
32 18 25
32 19 36
32 20 8
32 21 16
32 22 6
32 23 8
32 24 19
32 25 33
32 26 2
32 27 2
32 28 3
32 29 11
32 30 29
32 31 17
33 0 6
33 1 28
33 2 33
33 3 25
33 4 31
33 5 32
33 6 5
33 7 32
33 8 33
33 9 4
33 10 22
33 11 37
33 12 17
33 13 26
33 14 16
33 15 23
33 16 29
33 17 35
33 18 19
33 19 14
33 20 26
33 21 31
33 22 37
33 23 10
33 24 23
33 25 18
33 26 15
33 27 6
33 28 26
33 29 9
33 30 16
33 31 37
33 32 35
34 0 5
34 1 32
34 2 30
34 3 17
34 4 22
34 5 15
34 6 19
34 7 19
34 8 27
34 9 32
34 10 21
34 11 25
34 12 28
34 13 13
34 14 28
34 15 17
34 16 36
34 17 25
34 18 17
34 19 35
34 20 28
34 21 8
34 22 15
34 23 28
34 24 15
34 25 26
34 26 35
34 27 4
34 28 19
34 29 37
34 30 25
34 31 18
34 32 21
34 33 20
35 0 33
35 1 35
35 2 32
35 3 3
35 4 16
35 5 11
35 6 25
35 7 5
35 8 34
35 9 6
35 10 20
35 11 29
35 12 15
35 13 22
35 14 9
35 15 10
35 16 21
35 17 18
35 18 12
35 19 11
35 20 24
35 21 8
35 22 22
35 23 32
35 24 13
35 25 11
35 26 4
35 27 5
35 28 9
35 29 24
35 30 6
35 31 30
35 32 31
35 33 7
35 34 16
36 0 32
36 1 3
36 2 23
36 3 21
36 4 20
36 5 31
36 6 10
36 7 20
36 8 8
36 9 2
36 10 14
36 11 23
36 12 6
36 13 5
36 14 3
36 15 37
36 16 29
36 17 7
36 18 16
36 19 1
36 20 14
36 21 27
36 22 19
36 23 5
36 24 31
36 25 13
36 26 32
36 27 7
36 28 29
36 29 17
36 30 13
36 31 26
36 32 29
36 33 27
36 34 33
36 35 16
37 0 4
37 1 5
37 2 22
37 3 18
37 4 29
37 5 32
37 6 17
37 7 16
37 8 35
37 9 4
37 10 24
37 11 7
37 12 1
37 13 27
37 14 30
37 15 12
37 16 4
37 17 11
37 18 4
37 19 2
37 20 6
37 21 2
37 22 36
37 23 24
37 24 25
37 25 26
37 26 19
37 27 4
37 28 11
37 29 31
37 30 18
37 31 37
37 32 28
37 33 8
37 34 26
37 35 31
37 36 9
38 0 5
38 1 34
38 2 33
38 3 26
38 4 11
38 5 3
38 6 19
38 7 10
38 8 33
38 9 23
38 10 36
38 11 7
38 12 19
38 13 16
38 14 12
38 15 9
38 16 8
38 17 9
38 18 16
38 19 28
38 20 2
38 21 33
38 22 21
38 23 5
38 24 23
38 25 22
38 26 4
38 27 4
38 28 16
38 29 9
38 30 37
38 31 29
38 32 25
38 33 6
38 34 12
38 35 2
38 36 29
38 37 10
39 0 12
39 1 16
39 2 26
39 3 36
39 4 28
39 5 37
39 6 15
39 7 29
39 8 21
39 9 5
39 10 32
39 11 9
39 12 2
39 13 6
39 14 3
39 15 20
39 16 33
39 17 5
39 18 7
39 19 8
39 20 7
39 21 18
39 22 17
39 23 22
39 24 35
39 25 2
39 26 4
39 27 32
39 28 30
39 29 36
39 30 15
39 31 34
39 32 34
39 33 1
39 34 33
39 35 26
39 36 11
39 37 37
39 38 7
40 0 10
40 1 5
40 2 27
40 3 26
40 4 26
40 5 26
40 6 35
40 7 26
40 8 11
40 9 4
40 10 10
40 11 10
40 12 36
40 13 21
40 14 26
40 15 28
40 16 1
40 17 18
40 18 36
40 19 16
40 20 28
40 21 16
40 22 27
40 23 2
40 24 18
40 25 7
40 26 6
40 27 14
40 28 9
40 29 11
40 30 25
40 31 15
40 32 25
40 33 14
40 34 26
40 35 12
40 36 15
40 37 35
40 38 31
40 39 25
41 0 26
41 1 36
41 2 16
41 3 12
41 4 3
41 5 36
41 6 6
41 7 34
41 8 16
41 9 27
41 10 25
41 11 14
41 12 27
41 13 27
41 14 29
41 15 6
41 16 5
41 17 31
41 18 13
41 19 23
41 20 19
41 21 2
41 22 16
41 23 20
41 24 18
41 25 9
41 26 14
41 27 32
41 28 7
41 29 36
41 30 10
41 31 36
41 32 35
41 33 11
41 34 18
41 35 5
41 36 7
41 37 33
41 38 20
41 39 4
41 40 12
