69
1 0 25
2 0 24
3 1 15
4 0 12
4 1 7
4 2 27
4 3 1
5 0 6
5 2 3
5 4 14
6 0 8
7 0 22
7 6 3
8 0 5
8 2 25
8 4 14
8 5 15
8 6 5
9 2 5
9 8 4
10 1 11
10 3 6
10 8 21
11 0 24
11 1 1
11 3 20
11 4 13
11 5 23
11 7 23
11 8 2
12 0 11
12 4 24
12 6 6
12 7 20
12 10 4
13 1 7
13 6 5
13 9 27
13 11 6
13 12 12
14 0 27
14 1 24
14 4 16
14 5 15
14 7 1
14 9 18
15 0 23
15 1 19
15 2 5
15 4 26
15 5 6
15 6 21
15 8 22
16 0 7
16 1 15
16 2 10
16 3 11
16 4 23
16 6 7
16 8 2
16 10 5
16 12 25
16 14 8
16 15 23
17 0 27
17 2 26
17 3 2
17 6 14
17 11 7
17 14 10
17 15 19
18 0 17
18 4 26
18 6 6
18 10 17
18 13 22
18 14 16
18 15 1
18 16 16
19 0 24
19 1 9
19 5 5
19 6 6
19 7 11
19 9 5
19 11 11
19 13 17
19 17 18
20 0 7
20 1 18
20 3 15
20 4 25
20 5 8
20 6 21
20 8 23
20 9 17
20 10 26
20 13 4
20 16 22
20 17 4
20 19 4
21 4 22
21 8 2
21 9 7
21 10 24
21 11 12
21 12 19
21 13 16
21 14 24
21 16 3
21 17 16
22 0 12
22 4 12
22 10 10
22 11 22
22 12 16
22 15 6
22 16 4
22 17 15
22 21 3
23 4 16
23 5 10
23 9 1
23 10 23
23 15 26
23 19 11
23 20 12
24 1 18
24 2 6
24 4 13
24 5 16
24 7 24
24 9 18
24 10 8
24 11 1
24 12 23
24 14 19
24 15 15
24 16 9
24 18 19
24 19 26
24 21 2
25 0 13
25 1 5
25 3 25
25 4 17
25 5 4
25 7 20
25 8 27
25 9 24
25 12 10
25 16 27
25 17 6
25 19 7
25 22 7
25 24 25
26 3 11
26 4 1
26 6 7
26 7 13
26 8 13
26 9 15
26 13 15
26 19 26
26 21 19
26 22 19
27 0 2
27 1 27
27 4 20
27 5 19
27 6 9
27 9 26
27 12 4
27 14 15
27 16 15
27 17 15
27 18 1
27 19 15
27 20 23
27 21 6
27 22 13
27 23 25
27 26 13
28 0 5
28 4 15
28 6 12
28 7 7
28 8 1
28 9 16
28 12 24
28 13 6
28 15 6
28 16 15
28 18 9
28 19 13
28 20 14
28 24 21
28 25 19
28 27 16
29 2 5
29 4 7
29 5 6
29 7 17
29 9 13
29 10 26
29 11 23
29 12 21
29 13 13
29 14 23
29 16 19
29 18 3
29 21 17
29 22 23
29 24 11
29 25 21
29 26 3
29 27 6
30 0 19
30 2 19
30 5 25
30 6 9
30 13 25
30 18 7
30 19 2
30 20 5
30 21 12
30 22 23
30 28 5
31 0 13
31 2 27
31 3 18
31 4 19
31 6 23
31 8 10
31 9 10
31 12 24
31 21 11
31 22 19
31 24 1
31 25 3
31 27 20
31 28 25
31 30 12
32 0 15
32 1 10
32 4 7
32 5 19
32 6 13
32 7 3
32 8 5
32 9 8
32 11 18
32 14 19
32 16 16
32 17 24
32 19 14
32 21 10
32 22 10
32 24 7
32 26 22
32 29 20
32 31 26
33 2 26
33 3 1
33 4 9
33 6 5
33 7 12
33 8 15
33 16 7
33 17 14
33 18 25
33 19 15
33 24 16
33 26 23
33 27 7
33 28 19
33 32 7
34 0 17
34 1 17
34 2 27
34 4 11
34 8 27
34 10 6
34 13 21
34 21 22
34 22 3
34 27 15
34 28 9
34 30 18
35 0 18
35 9 16
35 17 26
35 21 17
35 23 19
35 24 19
35 25 15
35 26 2
35 28 18
35 29 6
35 30 14
36 0 7
36 1 12
36 2 11
36 3 18
36 7 17
36 9 19
36 12 6
36 13 16
36 14 10
36 16 20
36 18 11
36 20 26
36 21 3
36 23 14
36 24 4
36 25 4
36 27 20
36 33 27
36 34 20
37 0 3
37 1 12
37 5 18
37 6 20
37 7 11
37 10 16
37 11 24
37 14 11
37 16 4
37 17 17
37 20 9
37 21 17
37 23 22
37 24 22
37 25 14
37 27 11
37 28 12
37 29 1
37 30 27
37 31 20
37 32 13
37 35 23
38 1 6
38 2 8
38 3 19
38 4 5
38 5 25
38 8 8
38 11 13
38 14 9
38 15 19
38 16 26
38 17 12
38 18 7
38 20 7
38 21 2
38 26 22
38 27 7
38 29 24
38 30 2
38 35 27
38 36 25
39 2 3
39 3 2
39 5 14
39 7 4
39 8 27
39 9 19
39 14 19
39 16 8
39 17 8
39 18 24
39 24 14
39 25 19
39 29 21
39 36 3
39 37 5
39 38 22
40 1 1
40 3 9
40 4 12
40 5 25
40 8 17
40 9 3
40 12 1
40 16 23
40 18 11
40 19 14
40 20 18
40 23 16
40 25 14
40 26 24
40 28 17
40 29 13
40 31 26
40 36 26
40 38 16
40 39 27
41 0 10
41 3 3
41 6 27
41 7 1
41 10 3
41 12 7
41 13 19
41 14 25
41 16 21
41 17 7
41 18 5
41 19 10
41 20 14
41 21 24
41 22 27
41 24 18
41 25 9
41 28 3
41 30 3
41 31 24
41 32 24
41 33 19
41 35 22
41 36 11
41 37 26
42 1 2
42 4 12
42 5 21
42 6 26
42 8 9
42 12 27
42 15 20
42 21 19
42 24 26
42 25 3
42 26 17
42 27 21
42 28 16
42 30 14
42 31 2
42 36 17
42 37 7
42 38 17
42 39 2
43 3 8
43 6 1
43 8 18
43 9 11
43 10 3
43 11 6
43 12 21
43 13 24
43 18 22
43 19 3
43 23 8
43 25 1
43 30 19
43 31 14
43 32 19
43 33 16
43 34 16
43 35 9
43 36 22
43 39 5
43 40 13
43 41 11
43 42 8
44 0 15
44 1 24
44 5 12
44 6 15
44 10 18
44 11 15
44 20 20
44 21 5
44 22 14
44 23 3
44 25 15
44 28 20
44 29 22
44 32 21
44 33 9
44 36 11
44 38 8
44 39 14
44 40 11
44 42 16
45 1 3
45 2 16
45 5 8
45 6 27
45 7 23
45 9 21
45 10 17
45 11 4
45 12 15
45 14 25
45 16 26
45 22 23
45 29 5
45 30 7
45 31 3
45 32 26
45 34 17
45 36 5
45 37 20
45 39 5
45 40 18
45 42 1
45 44 2
46 1 3
46 7 1
46 9 26
46 10 20
46 12 11
46 13 16
46 14 19
46 15 26
46 19 19
46 20 23
46 23 23
46 25 26
46 27 3
46 28 13
46 31 19
46 33 26
46 34 9
46 36 14
46 43 3
46 44 11
47 0 7
47 1 6
47 2 12
47 4 16
47 6 6
47 7 6
47 8 11
47 9 5
47 10 13
47 11 25
47 13 10
47 15 7
47 16 23
47 18 19
47 19 18
47 20 21
47 22 25
47 24 11
47 27 16
47 28 6
47 30 2
47 31 27
47 32 10
47 38 13
47 39 4
47 40 16
47 41 21
47 43 1
48 2 5
48 3 24
48 6 25
48 7 12
48 11 19
48 12 26
48 14 25
48 15 15
48 17 23
48 18 6
48 19 15
48 21 13
48 23 20
48 26 19
48 27 3
48 28 1
48 30 10
48 32 1
48 35 3
48 37 4
48 38 25
48 42 14
48 43 7
48 45 22
48 46 23
48 47 20
49 0 27
49 2 17
49 5 14
49 6 7
49 8 24
49 9 22
49 10 10
49 11 13
49 12 5
49 13 12
49 14 11
49 15 18
49 17 9
49 23 25
49 25 10
49 27 23
49 29 18
49 31 16
49 32 14
49 33 2
49 37 22
49 38 26
49 39 7
49 42 19
49 43 14
49 44 24
49 45 4
50 1 18
50 2 16
50 3 27
50 5 16
50 6 4
50 7 19
50 8 11
50 10 6
50 11 4
50 13 4
50 14 19
50 15 11
50 17 5
50 18 12
50 19 24
50 22 14
50 23 25
50 26 26
50 27 18
50 29 6
50 30 25
50 32 10
50 34 16
50 35 13
50 37 14
50 38 1
50 40 7
50 41 23
50 43 14
50 44 12
50 46 14
50 47 6
50 49 10
51 1 10
51 2 17
51 5 10
51 6 19
51 9 2
51 10 4
51 11 2
51 13 15
51 18 19
51 19 26
51 20 12
51 22 9
51 23 16
51 25 16
51 27 1
51 29 24
51 33 18
51 37 20
51 39 21
51 44 26
51 45 9
51 48 16
52 1 5
52 2 1
52 4 25
52 6 20
52 9 27
52 10 11
52 11 25
52 17 2
52 18 26
52 20 4
52 24 21
52 26 21
52 28 2
52 32 12
52 33 12
52 34 16
52 35 26
52 36 6
52 39 21
52 41 15
52 46 16
52 49 3
53 0 10
53 3 3
53 6 26
53 12 3
53 13 5
53 16 7
53 17 15
53 19 20
53 20 8
53 21 16
53 25 24
53 27 9
53 28 11
53 29 27
53 35 19
53 37 1
53 38 23
53 40 20
53 41 27
53 46 25
53 47 7
53 48 6
53 49 20
53 52 16
54 0 5
54 2 21
54 3 9
54 4 19
54 5 13
54 6 9
54 7 18
54 8 16
54 10 17
54 11 26
54 15 9
54 16 22
54 17 6
54 18 8
54 19 22
54 21 7
54 22 20
54 23 17
54 24 16
54 26 23
54 27 13
54 28 2
54 29 12
54 31 3
54 32 18
54 33 14
54 34 27
54 35 12
54 36 21
54 39 4
54 40 22
54 42 17
54 43 14
54 45 11
54 47 4
54 49 11
54 51 15
54 53 8
55 0 18
55 1 20
55 5 12
55 8 18
55 10 19
55 11 15
55 12 16
55 14 3
55 16 17
55 18 4
55 19 8
55 20 11
55 24 10
55 26 14
55 31 23
55 32 25
55 33 18
55 34 11
55 37 11
55 39 18
55 40 13
55 47 18
55 48 5
55 49 3
55 51 7
55 53 23
56 5 14
56 7 1
56 8 15
56 9 20
56 10 22
56 12 23
56 15 15
56 21 6
56 22 2
56 23 20
56 26 27
56 27 4
56 29 27
56 30 15
56 31 7
56 33 19
56 34 12
56 36 26
56 37 3
56 39 19
56 40 22
56 41 1
56 44 10
56 46 23
56 48 17
56 49 5
56 55 23
57 0 5
57 1 2
57 2 15
57 4 24
57 5 9
57 7 8
57 8 19
57 10 2
57 15 8
57 17 8
57 18 8
57 19 18
57 22 14
57 24 6
57 25 2
57 26 26
57 27 3
57 28 15
57 29 14
57 30 27
57 31 3
57 34 9
57 38 27
57 39 19
57 41 11
57 43 11
57 46 23
57 48 27
57 49 16
57 51 17
57 52 17
57 54 11
57 55 10
57 56 17
58 1 5
58 2 3
58 6 13
58 7 18
58 8 12
58 9 16
58 10 24
58 11 18
58 12 20
58 13 22
58 15 25
58 17 17
58 19 23
58 20 15
58 24 4
58 25 21
58 26 6
58 27 13
58 29 15
58 30 1
58 35 27
58 37 13
58 39 24
58 42 8
58 43 5
58 46 1
58 49 16
58 50 4
58 51 14
58 52 9
58 53 17
59 3 7
59 4 19
59 5 23
59 8 22
59 9 8
59 13 3
59 15 1
59 17 20
59 20 24
59 21 19
59 24 2
59 28 21
59 29 6
59 31 8
59 36 21
59 37 8
59 39 11
59 41 7
59 42 21
59 43 25
59 47 25
59 48 13
59 52 16
59 53 17
59 55 23
59 56 21
60 1 19
60 2 18
60 3 21
60 9 4
60 11 10
60 12 8
60 14 9
60 20 18
60 21 8
60 23 1
60 24 11
60 25 11
60 26 25
60 33 22
60 34 13
60 35 22
60 36 13
60 38 5
60 39 20
60 45 5
60 46 1
60 47 11
60 49 11
60 50 26
60 53 10
60 54 24
60 55 1
60 57 27
60 58 23
61 0 27
61 3 2
61 4 18
61 5 21
61 7 26
61 8 1
61 9 16
61 10 7
61 12 4
61 14 21
61 15 16
61 16 13
61 19 20
61 24 22
61 26 25
61 27 23
61 28 21
61 30 8
61 31 4
61 34 17
61 36 13
61 37 10
61 38 13
61 39 1
61 40 7
61 43 7
61 45 11
61 46 10
61 47 11
61 50 22
61 53 12
61 54 4
61 55 10
61 60 20
62 1 13
62 4 12
62 5 9
62 9 1
62 12 18
62 18 20
62 20 7
62 21 22
62 23 25
62 26 25
62 28 18
62 29 11
62 32 20
62 33 27
62 34 24
62 38 27
62 40 20
62 41 5
62 42 13
62 43 21
62 44 17
62 45 27
62 50 16
62 55 22
62 59 2
62 60 7
63 0 2
63 1 14
63 2 12
63 5 22
63 7 14
63 8 26
63 11 11
63 13 6
63 14 6
63 17 25
63 18 27
63 22 9
63 23 14
63 26 1
63 27 19
63 28 9
63 29 10
63 30 24
63 32 3
63 34 5
63 36 14
63 39 22
63 40 2
63 43 2
63 45 23
63 48 27
63 49 9
63 51 12
63 53 8
63 54 18
63 55 15
63 60 9
63 61 14
64 3 10
64 4 24
64 6 7
64 7 6
64 10 5
64 15 25
64 17 10
64 20 10
64 21 26
64 24 16
64 27 15
64 28 13
64 29 13
64 30 22
64 34 4
64 37 23
64 39 14
64 40 19
64 43 17
64 45 8
64 46 4
64 47 19
64 49 16
64 50 4
64 51 1
64 53 12
64 54 23
64 55 18
64 57 5
64 59 18
64 60 19
64 61 11
64 62 4
64 63 8
65 0 18
65 1 12
65 3 27
65 4 4
65 5 15
65 7 23
65 9 17
65 12 24
65 14 19
65 15 16
65 16 22
65 19 4
65 22 7
65 23 19
65 25 11
65 26 25
65 28 8
65 29 9
65 30 27
65 31 21
65 32 3
65 35 24
65 36 7
65 39 5
65 40 19
65 41 22
65 42 18
65 43 21
65 44 18
65 46 19
65 47 26
65 49 4
65 56 23
65 57 18
65 59 7
66 2 23
66 3 27
66 4 16
66 5 27
66 7 15
66 8 11
66 10 1
66 11 7
66 12 9
66 13 16
66 14 19
66 16 15
66 17 2
66 19 8
66 21 13
66 22 20
66 23 25
66 24 23
66 25 20
66 26 18
66 27 14
66 28 10
66 29 2
66 34 15
66 44 22
66 45 1
66 46 23
66 49 4
66 51 20
66 52 12
66 56 13
66 57 22
66 59 2
66 61 9
67 0 15
67 2 22
67 3 2
67 9 23
67 10 1
67 12 7
67 13 13
67 14 25
67 15 1
67 19 23
67 22 19
67 23 17
67 25 19
67 27 22
67 28 24
67 30 15
67 31 22
67 33 26
67 34 25
67 38 5
67 40 12
67 41 21
67 42 11
67 43 4
67 44 25
67 46 25
67 48 16
67 49 16
67 50 6
67 51 13
67 52 20
67 53 2
67 54 22
67 62 14
67 64 14
68 0 9
68 1 20
68 2 5
68 6 1
68 8 14
68 10 23
68 11 23
68 12 18
68 13 15
68 14 15
68 16 4
68 20 27
68 22 27
68 25 2
68 26 23
68 31 9
68 32 27
68 33 7
68 34 9
68 35 6
68 36 8
68 39 14
68 40 13
68 41 9
68 44 10
68 45 16
68 46 17
68 47 20
68 48 18
68 49 25
68 50 16
68 52 21
68 54 26
68 55 7
68 56 19
68 57 12
68 58 24
68 59 17
68 60 3
68 64 23
68 65 24
