49
1 0 15
2 0 30
2 1 32
3 0 1
3 1 12
3 2 32
4 0 27
4 1 34
4 2 3
4 3 32
5 0 9
5 1 17
5 2 29
5 3 26
5 4 28
6 0 19
6 1 5
6 2 33
6 3 19
6 4 14
6 5 21
7 0 29
7 1 4
7 2 32
7 3 20
7 4 28
7 5 26
7 6 23
8 0 18
8 1 10
8 2 24
8 3 8
8 4 23
8 5 28
8 6 10
8 7 24
9 0 7
9 1 15
9 2 25
9 3 3
9 4 5
9 5 4
9 6 30
9 7 3
9 8 30
10 0 2
10 1 11
10 2 19
10 3 17
10 4 5
10 5 33
10 6 32
10 7 32
10 8 26
10 9 27
11 0 29
11 1 11
11 2 29
11 3 5
11 4 32
11 5 26
11 6 25
11 7 12
11 8 29
11 9 4
11 10 10
12 0 9
12 1 26
12 2 34
12 3 21
12 4 18
12 5 21
12 6 34
12 7 27
12 8 13
12 9 12
12 10 10
12 11 25
13 0 6
13 1 20
13 2 26
13 3 13
13 4 16
13 5 24
13 6 16
13 7 14
13 8 23
13 9 32
13 10 34
13 11 5
13 12 34
14 0 9
14 1 1
14 2 24
14 3 7
14 4 12
14 5 15
14 6 17
14 7 9
14 8 1
14 9 7
14 10 8
14 11 3
14 12 5
14 13 16
15 0 17
15 1 18
15 2 34
15 3 11
15 4 11
15 5 1
15 6 30
15 7 33
15 8 9
15 9 32
15 10 22
15 11 26
15 12 11
15 13 23
15 14 3
16 0 31
16 1 2
16 2 11
16 3 21
16 4 2
16 5 8
16 6 34
16 7 21
16 8 24
16 9 26
16 10 24
16 11 10
16 12 25
16 13 19
16 14 26
16 15 4
17 0 5
17 1 32
17 2 20
17 3 30
17 4 14
17 5 10
17 6 5
17 7 6
17 8 1
17 9 13
17 10 11
17 11 2
17 12 11
17 13 13
17 14 11
17 15 15
17 16 22
18 0 33
18 1 23
18 2 11
18 3 8
18 4 4
18 5 5
18 6 15
18 7 18
18 8 10
18 9 1
18 10 33
18 11 1
18 12 34
18 13 28
18 14 19
18 15 10
18 16 18
18 17 18
19 0 19
19 1 9
19 2 25
19 3 23
19 4 18
19 5 34
19 6 31
19 7 23
19 8 4
19 9 26
19 10 18
19 11 1
19 12 2
19 13 3
19 14 26
19 15 14
19 16 30
19 17 32
19 18 20
20 0 33
20 1 8
20 2 5
20 3 26
20 4 2
20 5 24
20 6 5
20 7 29
20 8 12
20 9 24
20 10 9
20 11 2
20 12 2
20 13 2
20 14 4
20 15 30
20 16 23
20 17 26
20 18 5
20 19 16
21 0 19
21 1 21
21 2 34
21 3 10
21 4 6
21 5 19
21 6 24
21 7 21
21 8 25
21 9 16
21 10 17
21 11 32
21 12 28
21 13 19
21 14 23
21 15 3
21 16 1
21 17 1
21 18 3
21 19 29
21 20 19
22 0 21
22 1 16
22 2 16
22 3 31
22 4 14
22 5 28
22 6 33
22 7 10
22 8 13
22 9 5
22 10 21
22 11 31
22 12 18
22 13 11
22 14 18
22 15 10
22 16 22
22 17 23
22 18 20
22 19 31
22 20 25
22 21 21
23 0 6
23 1 9
23 2 28
23 3 5
23 4 30
23 5 24
23 6 5
23 7 28
23 8 31
23 9 31
23 10 34
23 11 20
23 12 13
23 13 33
23 14 17
23 15 1
23 16 26
23 17 2
23 18 31
23 19 9
23 20 18
23 21 14
23 22 28
24 0 23
24 1 3
24 2 9
24 3 1
24 4 34
24 5 10
24 6 15
24 7 11
24 8 6
24 9 24
24 10 6
24 11 34
24 12 29
24 13 11
24 14 22
24 15 12
24 16 17
24 17 25
24 18 6
24 19 20
24 20 25
24 21 27
24 22 11
24 23 18
25 0 12
25 1 8
25 2 27
25 3 30
25 4 16
25 5 24
25 6 19
25 7 33
25 8 23
25 9 16
25 10 14
25 11 28
25 12 23
25 13 19
25 14 3
25 15 24
25 16 26
25 17 34
25 18 34
25 19 8
25 20 9
25 21 21
25 22 11
25 23 31
25 24 18
26 0 16
26 1 27
26 2 3
26 3 22
26 4 27
26 5 20
26 6 24
26 7 17
26 8 7
26 9 33
26 10 8
26 11 22
26 12 19
26 13 26
26 14 22
26 15 30
26 16 13
26 17 24
26 18 12
26 19 32
26 20 1
26 21 10
26 22 21
26 23 19
26 24 6
26 25 27
27 0 16
27 1 12
27 2 29
27 3 8
27 4 22
27 5 29
27 6 13
27 7 27
27 8 21
27 9 26
27 10 2
27 11 31
27 12 2
27 13 14
27 14 2
27 15 29
27 16 3
27 17 22
27 18 6
27 19 23
27 20 13
27 21 30
27 22 19
27 23 30
27 24 26
27 25 9
27 26 33
28 0 2
28 1 29
28 2 20
28 3 26
28 4 15
28 5 6
28 6 24
28 7 16
28 8 4
28 9 17
28 10 1
28 11 18
28 12 5
28 13 18
28 14 16
28 15 25
28 16 9
28 17 29
28 18 18
28 19 10
28 20 18
28 21 14
28 22 18
28 23 29
28 24 6
28 25 10
28 26 17
28 27 9
29 0 20
29 1 24
29 2 23
29 3 25
29 4 8
29 5 32
29 6 30
29 7 8
29 8 28
29 9 32
29 10 24
29 11 1
29 12 1
29 13 12
29 14 14
29 15 11
29 16 26
29 17 30
29 18 4
29 19 30
29 20 14
29 21 16
29 22 27
29 23 13
29 24 5
29 25 21
29 26 26
29 27 28
29 28 19
30 0 21
30 1 30
30 2 2
30 3 21
30 4 32
30 5 26
30 6 19
30 7 23
30 8 24
30 9 22
30 10 28
30 11 32
30 12 7
30 13 21
30 14 30
30 15 22
30 16 17
30 17 9
30 18 12
30 19 27
30 20 9
30 21 13
30 22 10
30 23 11
30 24 30
30 25 31
30 26 5
30 27 4
30 28 8
30 29 8
31 0 30
31 1 29
31 2 15
31 3 24
31 4 13
31 5 33
31 6 34
31 7 33
31 8 6
31 9 14
31 10 1
31 11 13
31 12 33
31 13 3
31 14 26
31 15 26
31 16 25
31 17 9
31 18 16
31 19 33
31 20 29
31 21 23
31 22 14
31 23 8
31 24 34
31 25 4
31 26 16
31 27 17
31 28 21
31 29 5
31 30 21
32 0 19
32 1 4
32 2 24
32 3 12
32 4 13
32 5 9
32 6 3
32 7 31
32 8 21
32 9 14
32 10 24
32 11 13
32 12 2
32 13 7
32 14 34
32 15 22
32 16 26
32 17 12
32 18 34
32 19 21
32 20 6
32 21 19
32 22 12
32 23 27
32 24 7
32 25 4
32 26 10
32 27 19
32 28 5
32 29 23
32 30 18
32 31 18
33 0 3
33 1 14
33 2 25
33 3 4
33 4 2
33 5 32
33 6 32
33 7 26
33 8 8
33 9 31
33 10 11
33 11 19
33 12 8
33 13 20
33 14 34
33 15 19
33 16 21
33 17 8
33 18 1
33 19 25
33 20 32
33 21 4
33 22 14
33 23 11
33 24 17
33 25 11
33 26 30
33 27 3
33 28 24
33 29 21
33 30 7
33 31 29
33 32 6
34 0 9
34 1 24
34 2 9
34 3 34
34 4 18
34 5 8
34 6 16
34 7 16
34 8 30
34 9 21
34 10 13
34 11 11
34 12 20
34 13 7
34 14 24
34 15 28
34 16 10
34 17 22
34 18 26
34 19 31
34 20 1
34 21 7
34 22 33
34 23 5
34 24 19
34 25 21
34 26 11
34 27 13
34 28 29
34 29 33
34 30 7
34 31 13
34 32 13
34 33 16
35 0 28
35 1 16
35 2 23
35 3 19
35 4 11
35 5 18
35 6 17
35 7 25
35 8 9
35 9 21
35 10 18
35 11 21
35 12 10
35 13 21
35 14 13
35 15 14
35 16 14
35 17 13
35 18 1
35 19 2
35 20 18
35 21 6
35 22 26
35 23 3
35 24 17
35 25 30
35 26 19
35 27 20
35 28 23
35 29 14
35 30 9
35 31 14
35 32 29
35 33 5
35 34 8
36 0 18
36 1 23
36 2 4
36 3 26
36 4 26
36 5 29
36 6 18
36 7 13
36 8 11
36 9 12
36 10 5
36 11 4
36 12 15
36 13 30
36 14 20
36 15 31
36 16 14
36 17 4
36 18 27
36 19 16
36 20 30
36 21 16
36 22 19
36 23 14
36 24 33
36 25 11
36 26 17
36 27 34
36 28 11
36 29 10
36 30 5
36 31 30
36 32 31
36 33 22
36 34 21
36 35 6
37 0 28
37 1 28
37 2 22
37 3 13
37 4 21
37 5 10
37 6 16
37 7 14
37 8 14
37 9 16
37 10 28
37 11 8
37 12 33
37 13 34
37 14 16
37 15 15
37 16 25
37 17 9
37 18 22
37 19 4
37 20 13
37 21 33
37 22 17
37 23 27
37 24 28
37 25 16
37 26 5
37 27 27
37 28 30
37 29 24
37 30 15
37 31 8
37 32 10
37 33 14
37 34 3
37 35 21
37 36 6
38 0 17
38 1 32
38 2 8
38 3 27
38 4 7
38 5 17
38 6 25
38 7 28
38 8 2
38 9 4
38 10 12
38 11 24
38 12 33
38 13 10
38 14 5
38 15 16
38 16 30
38 17 30
38 18 24
38 19 10
38 20 27
38 21 22
38 22 12
38 23 2
38 24 14
38 25 30
38 26 6
38 27 33
38 28 1
38 29 14
38 30 29
38 31 9
38 32 5
38 33 4
38 34 5
38 35 33
38 36 17
38 37 16
39 0 9
39 1 25
39 2 21
39 3 13
39 4 17
39 5 12
39 6 5
39 7 30
39 8 13
39 9 19
39 10 9
39 11 7
39 12 8
39 13 6
39 14 15
39 15 2
39 16 24
39 17 26
39 18 33
39 19 18
39 20 24
39 21 5
39 22 4
39 23 33
39 24 33
39 25 26
39 26 25
39 27 4
39 28 2
39 29 15
39 30 31
39 31 34
39 32 8
39 33 3
39 34 1
39 35 19
39 36 11
39 37 27
39 38 22
40 0 33
40 1 24
40 2 24
40 3 2
40 4 32
40 5 4
40 6 1
40 7 31
40 8 30
40 9 16
40 10 2
40 11 34
40 12 11
40 13 19
40 14 31
40 15 20
40 16 33
40 17 29
40 18 17
40 19 27
40 20 25
40 21 27
40 22 32
40 23 24
40 24 3
40 25 13
40 26 7
40 27 9
40 28 32
40 29 8
40 30 34
40 31 6
40 32 22
40 33 27
40 34 33
40 35 19
40 36 29
40 37 27
40 38 28
40 39 30
41 0 29
41 1 16
41 2 3
41 3 3
41 4 23
41 5 3
41 6 3
41 7 21
41 8 21
41 9 29
41 10 7
41 11 19
41 12 16
41 13 30
41 14 20
41 15 18
41 16 18
41 17 15
41 18 17
41 19 23
41 20 31
41 21 3
41 22 29
41 23 34
41 24 20
41 25 22
41 26 13
41 27 3
41 28 4
41 29 5
41 30 31
41 31 22
41 32 4
41 33 6
41 34 33
41 35 17
41 36 22
41 37 5
41 38 23
41 39 9
41 40 11
42 0 18
42 1 29
42 2 18
42 3 28
42 4 3
42 5 4
42 6 34
42 7 3
42 8 24
42 9 16
42 10 22
42 11 1
42 12 1
42 13 11
42 14 21
42 15 8
42 16 10
42 17 12
42 18 18
42 19 12
42 20 10
42 21 12
42 22 30
42 23 12
42 24 22
42 25 9
42 26 28
42 27 7
42 28 18
42 29 24
42 30 3
42 31 29
42 32 9
42 33 24
42 34 10
42 35 16
42 36 4
42 37 31
42 38 18
42 39 22
42 40 26
42 41 5
43 0 6
43 1 12
43 2 33
43 3 23
43 4 12
43 5 32
43 6 16
43 7 19
43 8 8
43 9 31
43 10 32
43 11 32
43 12 12
43 13 32
43 14 31
43 15 29
43 16 23
43 17 7
43 18 26
43 19 21
43 20 29
43 21 16
43 22 2
43 23 16
43 24 33
43 25 7
43 26 9
43 27 9
43 28 28
43 29 13
43 30 3
43 31 30
43 32 19
43 33 15
43 34 13
43 35 19
43 36 2
43 37 5
43 38 7
43 39 10
43 40 13
43 41 34
43 42 12
44 0 17
44 1 13
44 2 6
44 3 28
44 4 10
44 5 8
44 6 23
44 7 21
44 8 11
44 9 6
44 10 2
44 11 33
44 12 20
44 13 2
44 14 13
44 15 2
44 16 16
44 17 22
44 18 32
44 19 27
44 20 30
44 21 4
44 22 18
44 23 31
44 24 6
44 25 26
44 26 18
44 27 19
44 28 19
44 29 30
44 30 28
44 31 28
44 32 30
44 33 27
44 34 10
44 35 23
44 36 26
44 37 1
44 38 33
44 39 33
44 40 13
44 41 4
44 42 12
44 43 31
45 0 5
45 1 34
45 2 30
45 3 34
45 4 2
45 5 12
45 6 18
45 7 7
45 8 1
45 9 24
45 10 28
45 11 32
45 12 16
45 13 11
45 14 5
45 15 9
45 16 9
45 17 30
45 18 25
45 19 13
45 20 7
45 21 8
45 22 26
45 23 24
45 24 18
45 25 17
45 26 27
45 27 9
45 28 5
45 29 34
45 30 1
45 31 10
45 32 11
45 33 28
45 34 11
45 35 1
45 36 27
45 37 24
45 38 5
45 39 18
45 40 9
45 41 17
45 42 16
45 43 13
45 44 9
46 0 3
46 1 20
46 2 10
46 3 8
46 4 17
46 5 14
46 6 13
46 7 3
46 8 3
46 9 14
46 10 34
46 11 26
46 12 25
46 13 20
46 14 9
46 15 33
46 16 30
46 17 31
46 18 22
46 19 10
46 20 29
46 21 8
46 22 15
46 23 3
46 24 13
46 25 23
46 26 18
46 27 24
46 28 23
46 29 27
46 30 12
46 31 13
46 32 17
46 33 5
46 34 22
46 35 20
46 36 13
46 37 33
46 38 13
46 39 21
46 40 3
46 41 17
46 42 32
46 43 32
46 44 2
46 45 14
47 0 24
47 1 7
47 2 10
47 3 2
47 4 11
47 5 18
47 6 13
47 7 4
47 8 11
47 9 29
47 10 23
47 11 3
47 12 5
47 13 23
47 14 30
47 15 18
47 16 20
47 17 30
47 18 29
47 19 34
47 20 30
47 21 24
47 22 19
47 23 8
47 24 16
47 25 23
47 26 29
47 27 32
47 28 34
47 29 30
47 30 23
47 31 13
47 32 33
47 33 21
47 34 32
47 35 34
47 36 2
47 37 31
47 38 5
47 39 28
47 40 10
47 41 30
47 42 9
47 43 19
47 44 10
47 45 1
47 46 3
48 0 29
48 1 15
48 2 5
48 3 30
48 4 10
48 5 31
48 6 17
48 7 29
48 8 24
48 9 6
48 10 1
48 11 21
48 12 17
48 13 10
48 14 32
48 15 16
48 16 19
48 17 21
48 18 10
48 19 8
48 20 29
48 21 26
48 22 31
48 23 10
48 24 14
48 25 6
48 26 33
48 27 23
48 28 22
48 29 8
48 30 5
48 31 5
48 32 21
48 33 9
48 34 3
48 35 15
48 36 13
48 37 17
48 38 17
48 39 24
48 40 30
48 41 2
48 42 15
48 43 32
48 44 28
48 45 10
48 46 6
48 47 16
