42
1 0 13
2 0 4
2 1 14
3 0 1
4 1 3
4 3 3
5 0 28
5 1 1
5 3 24
6 0 28
6 2 17
6 3 7
6 4 8
7 6 10
8 0 18
8 1 18
8 2 6
8 6 27
9 0 15
9 2 12
9 3 6
9 4 3
9 5 15
9 7 20
9 8 16
10 4 3
10 5 6
10 7 10
11 1 10
11 3 21
11 5 10
11 6 1
11 7 5
11 8 6
11 9 3
12 2 22
12 3 29
12 4 20
12 5 10
12 8 6
12 10 8
13 0 13
13 4 22
13 6 19
13 9 6
13 10 1
13 12 22
14 1 29
14 3 24
14 4 11
14 5 7
14 9 10
14 12 25
15 0 29
15 4 11
15 8 14
15 9 16
15 10 9
15 12 2
15 13 15
16 0 10
16 1 6
16 3 21
16 4 16
16 6 7
16 8 6
16 9 14
16 11 3
16 12 10
16 13 29
16 14 23
17 2 26
17 5 1
17 9 8
17 10 13
17 14 11
17 15 5
18 0 10
18 3 6
18 5 27
18 8 27
18 9 2
18 11 26
18 14 19
19 3 8
19 5 3
19 6 9
19 9 20
19 12 14
19 13 15
19 15 5
19 18 15
20 3 22
20 7 2
20 9 22
20 13 17
20 18 7
20 19 26
21 0 3
21 3 19
21 4 14
21 6 7
21 9 19
21 11 3
21 15 14
21 17 17
22 2 16
22 3 15
22 5 27
22 8 15
22 9 5
22 13 24
22 14 5
22 19 18
23 1 6
23 3 21
23 4 19
23 5 4
23 9 13
23 13 25
23 14 1
23 15 4
23 17 13
23 18 23
23 19 12
23 21 4
24 1 21
24 2 20
24 4 17
24 5 3
24 7 4
24 8 4
24 10 27
24 13 21
24 17 20
24 19 19
24 21 4
25 1 19
25 2 23
25 3 8
25 5 1
25 11 27
25 12 27
25 13 28
25 14 18
25 15 18
25 16 15
25 18 27
25 21 25
25 23 23
25 24 10
26 0 12
26 1 20
26 2 14
26 7 28
26 8 7
26 9 20
26 12 9
26 13 12
26 16 18
26 18 14
26 19 13
26 21 21
26 22 10
26 24 28
26 25 7
27 3 8
27 4 25
27 6 28
27 7 15
27 11 16
27 16 24
27 21 5
27 22 22
27 25 14
27 26 17
28 0 29
28 4 29
28 5 14
28 9 18
28 10 21
28 12 24
28 13 13
28 16 20
28 17 21
28 18 29
28 20 26
28 24 4
28 25 3
28 26 19
28 27 8
29 1 20
29 2 1
29 4 29
29 5 16
29 10 17
29 14 21
29 16 1
29 20 23
29 22 28
29 23 5
29 25 3
29 26 12
29 27 16
29 28 6
30 2 5
30 3 12
30 4 15
30 5 14
30 6 26
30 8 17
30 9 12
30 11 17
30 14 24
30 16 16
30 19 22
30 20 17
30 21 4
30 24 21
30 29 27
31 0 11
31 1 6
31 6 26
31 8 25
31 9 4
31 11 18
31 13 14
31 14 27
31 15 22
31 20 3
31 21 24
31 22 26
31 23 1
31 25 20
31 26 7
31 28 18
32 0 11
32 3 3
32 4 7
32 8 23
32 9 24
32 13 1
32 15 4
32 17 9
32 18 3
32 19 21
32 21 24
32 23 8
32 24 22
32 28 13
32 30 18
32 31 11
33 0 10
33 3 14
33 5 14
33 9 7
33 10 18
33 11 4
33 12 4
33 14 14
33 15 4
33 16 15
33 17 17
33 25 11
33 28 28
33 29 27
33 30 24
33 31 11
34 1 3
34 3 14
34 4 17
34 7 28
34 8 13
34 9 20
34 10 5
34 12 7
34 16 27
34 23 24
34 24 7
34 25 8
34 26 5
34 28 20
34 33 24
35 1 13
35 4 24
35 8 14
35 10 8
35 15 23
35 16 12
35 18 26
35 20 21
35 22 11
35 25 2
35 27 12
35 31 26
36 3 1
36 4 16
36 7 25
36 8 25
36 9 21
36 10 24
36 11 3
36 12 8
36 16 1
36 19 20
36 20 13
36 22 6
36 24 4
36 29 8
36 31 15
37 0 14
37 3 11
37 5 11
37 6 11
37 7 23
37 8 14
37 9 23
37 18 2
37 19 12
37 21 10
37 22 18
37 23 2
37 26 9
37 27 7
37 28 26
37 29 4
37 31 23
37 36 21
38 0 15
38 1 5
38 2 3
38 4 19
38 8 13
38 9 29
38 11 26
38 12 13
38 18 7
38 21 29
38 22 3
38 27 17
38 28 23
38 29 16
38 30 14
38 31 4
38 32 29
38 34 21
38 35 17
39 1 5
39 2 15
39 3 25
39 4 21
39 6 20
39 9 12
39 10 20
39 11 28
39 15 12
39 16 13
39 17 26
39 26 4
39 30 20
39 35 1
39 36 21
39 38 3
40 4 29
40 7 24
40 8 9
40 9 26
40 10 10
40 12 26
40 13 22
40 14 2
40 17 20
40 19 4
40 20 19
40 21 19
40 25 12
40 26 13
40 28 8
40 29 11
40 30 12
40 32 3
40 33 29
40 36 28
40 38 17
40 39 1
41 0 12
41 1 23
41 2 20
41 6 14
41 7 3
41 9 7
41 10 11
41 13 23
41 17 11
41 18 16
41 19 28
41 27 16
41 28 11
41 29 4
41 30 29
41 31 2
41 33 10
41 34 11
41 39 9
41 40 12
