38
2 0 5
3 0 1
3 2 2
4 0 10
4 1 2
4 2 2
5 3 8
5 4 4
6 0 12
6 3 5
6 5 9
7 0 5
7 1 5
7 4 6
7 6 3
8 6 1
9 2 5
9 4 5
9 6 6
10 0 12
10 1 6
10 2 10
10 4 10
10 5 2
10 7 5
11 1 3
11 5 10
11 6 7
11 10 5
12 0 10
12 3 8
12 4 3
12 5 7
12 7 12
12 8 6
12 10 5
12 11 12
13 2 9
13 3 1
13 4 8
13 6 12
13 8 3
13 9 10
13 10 1
13 11 5
14 0 12
14 3 10
14 5 11
14 7 7
14 8 11
14 12 3
14 13 5
15 2 6
15 3 5
15 5 6
15 6 8
15 7 1
15 11 8
15 12 9
15 13 12
16 1 12
16 2 5
16 4 12
16 10 9
16 11 9
16 12 10
16 14 4
16 15 5
17 1 11
17 5 8
17 8 10
17 9 3
17 10 12
17 11 7
17 12 11
17 13 7
17 14 8
18 0 10
18 1 8
18 2 4
18 3 9
18 4 5
18 5 1
18 6 7
18 8 9
18 10 4
18 11 2
18 13 11
19 0 1
19 4 1
19 6 12
19 9 11
19 12 4
19 13 3
19 14 6
19 16 5
20 3 6
20 4 9
20 14 10
20 16 10
20 17 4
21 0 8
21 3 12
21 6 1
21 7 8
21 9 1
21 12 6
21 14 6
21 15 6
21 16 3
21 20 3
22 0 6
22 1 2
22 2 1
22 3 9
22 5 12
22 7 12
22 9 8
22 10 3
22 12 7
22 13 1
22 16 6
22 19 12
22 20 2
23 0 8
23 1 6
23 3 3
23 4 9
23 5 11
23 6 8
23 7 12
23 8 11
23 9 1
23 10 10
23 12 9
23 13 7
23 14 10
23 18 2
23 22 7
24 3 8
24 4 1
24 5 3
24 6 7
24 9 1
24 12 12
24 16 6
24 20 1
24 21 10
25 1 4
25 2 1
25 3 9
25 5 5
25 8 5
25 9 1
25 11 10
25 12 4
25 13 6
25 14 10
25 16 7
25 17 8
25 22 11
25 23 5
26 1 12
26 2 7
26 3 8
26 7 10
26 8 12
26 9 9
26 10 3
26 12 11
26 13 4
26 14 9
26 16 3
26 21 11
26 22 4
26 24 5
26 25 8
27 0 3
27 2 4
27 4 3
27 5 12
27 6 11
27 7 5
27 8 12
27 10 6
27 14 8
27 15 2
27 17 5
27 18 11
27 19 4
27 21 6
27 22 5
27 23 8
28 1 11
28 2 3
28 4 5
28 5 6
28 7 10
28 10 7
28 11 6
28 13 1
28 14 10
28 16 11
28 17 12
28 21 11
28 22 7
28 23 7
29 0 1
29 4 9
29 5 4
29 7 11
29 8 8
29 10 4
29 13 1
29 14 4
29 16 6
29 19 5
29 20 1
29 21 5
29 22 8
29 24 3
29 26 3
29 28 11
30 0 3
30 2 11
30 3 4
30 4 10
30 5 9
30 6 12
30 7 5
30 8 9
30 11 1
30 12 4
30 13 8
30 17 11
30 19 8
30 20 6
30 21 11
30 22 2
30 24 6
30 25 4
30 27 12
30 28 7
31 2 9
31 5 12
31 12 6
31 14 10
31 15 6
31 19 1
31 20 9
31 21 5
31 25 5
31 27 11
32 5 11
32 7 7
32 8 8
32 10 2
32 11 9
32 12 7
32 16 8
32 17 2
32 18 11
32 23 7
32 28 1
32 31 10
33 0 7
33 1 6
33 2 7
33 3 6
33 5 6
33 6 4
33 7 11
33 8 4
33 9 8
33 10 4
33 16 2
33 18 4
33 20 1
33 22 5
33 24 12
33 29 3
33 30 2
33 31 10
34 1 4
34 2 7
34 6 5
34 9 12
34 10 12
34 14 4
34 16 5
34 19 1
34 20 6
34 21 1
34 24 11
34 28 8
34 29 6
34 33 8
35 4 11
35 5 9
35 7 6
35 8 2
35 9 6
35 12 2
35 13 6
35 14 7
35 15 8
35 17 9
35 21 12
35 24 3
35 25 7
35 26 2
35 28 10
35 29 8
35 30 10
35 32 6
36 0 3
36 4 1
36 5 8
36 7 10
36 10 2
36 14 12
36 16 7
36 18 8
36 22 6
36 23 8
36 25 6
36 26 3
36 27 5
36 28 6
36 29 2
36 33 1
37 0 6
37 2 9
37 3 8
37 4 5
37 8 7
37 10 12
37 12 1
37 17 8
37 19 1
37 20 2
37 23 6
37 24 1
37 27 10
37 28 9
37 29 2
37 30 6
37 32 6
37 34 4
37 35 7
