28
2 0 48
2 1 26
3 0 14
3 1 48
3 2 25
4 0 11
4 2 8
4 3 30
6 1 11
6 2 9
7 1 4
7 3 40
7 5 27
8 3 41
9 0 6
9 1 19
9 3 25
9 4 22
9 5 36
9 8 17
10 1 27
10 2 40
10 4 22
10 6 5
10 9 34
11 3 11
11 5 28
11 7 35
11 8 40
11 10 22
12 0 22
12 1 2
12 3 11
12 5 48
12 6 19
13 2 32
13 5 4
13 7 8
13 12 30
14 2 17
14 3 7
14 9 6
14 10 30
15 1 8
15 3 39
15 5 17
15 14 17
16 0 42
16 2 42
16 8 16
16 10 24
16 15 5
17 1 39
17 2 47
17 4 37
17 5 43
17 6 48
17 9 37
17 11 29
17 13 16
17 14 3
17 15 3
18 0 46
18 2 40
18 3 30
18 4 22
18 5 48
18 6 26
18 7 48
18 9 14
18 11 6
18 12 34
18 13 23
18 14 32
18 15 2
18 17 19
19 0 9
19 1 1
19 5 48
19 7 29
19 9 16
19 10 12
19 13 44
19 14 48
19 17 24
19 18 42
20 1 35
20 11 33
20 15 13
20 16 5
20 18 24
20 19 42
21 3 22
21 7 35
21 10 40
21 13 4
21 14 44
21 16 31
21 20 38
22 0 9
22 2 30
22 4 30
22 5 14
22 9 43
22 10 42
22 11 5
22 15 13
22 17 5
22 18 26
22 19 10
22 21 46
23 1 18
23 3 3
23 4 24
23 5 42
23 6 40
23 8 41
23 9 39
23 10 38
23 11 30
23 13 2
23 14 26
23 17 44
23 18 5
23 21 42
23 22 23
24 1 3
24 2 4
24 3 5
24 4 21
24 6 28
24 7 9
24 10 9
24 11 9
24 12 6
24 13 2
24 14 38
24 17 27
24 18 22
24 21 23
24 23 17
25 2 33
25 5 40
25 8 8
25 9 3
25 10 25
25 12 6
25 13 20
25 14 43
25 15 14
25 16 41
25 18 17
25 19 46
25 21 47
25 23 48
25 24 29
26 1 36
26 6 27
26 8 19
26 11 17
26 13 46
26 15 24
26 16 17
26 18 33
26 20 12
26 22 45
26 23 16
26 25 9
27 1 48
27 2 18
27 3 44
27 4 9
27 11 41
27 12 6
27 14 24
27 16 7
27 20 36
27 23 44
27 24 40
27 25 31
