36
1 0 22
2 0 33
2 1 6
3 0 13
3 1 6
3 2 7
4 0 7
4 1 11
4 2 16
4 3 31
5 0 21
5 1 23
5 2 20
5 3 32
5 4 29
6 0 18
6 1 23
6 2 40
6 3 6
6 4 32
6 5 28
7 0 28
7 1 36
7 2 36
7 3 28
7 4 6
7 5 16
7 6 15
8 0 38
8 1 29
8 2 19
8 3 37
8 4 5
8 5 31
8 6 30
8 7 30
9 0 21
9 1 34
9 2 11
9 3 36
9 4 39
9 5 5
9 6 8
9 7 26
9 8 5
10 0 36
10 1 4
10 2 39
10 3 18
10 4 23
10 5 16
10 6 24
10 7 18
10 8 17
10 9 24
11 0 7
11 1 19
11 2 17
11 3 33
11 4 23
11 5 29
11 6 9
11 7 19
11 8 7
11 9 23
11 10 30
12 0 36
12 1 3
12 2 17
12 3 35
12 4 36
12 5 11
12 6 8
12 7 19
12 8 39
12 9 7
12 10 35
12 11 39
13 0 37
13 1 6
13 2 3
13 3 9
13 4 5
13 5 4
13 6 1
13 7 22
13 8 12
13 9 39
13 10 7
13 11 29
13 12 9
14 0 32
14 1 10
14 2 32
14 3 11
14 4 36
14 5 31
14 6 40
14 7 22
14 8 38
14 9 7
14 10 14
14 11 25
14 12 14
14 13 37
15 0 32
15 1 24
15 2 39
15 3 20
15 4 29
15 5 2
15 6 14
15 7 2
15 8 7
15 9 22
15 10 23
15 11 2
15 12 13
15 13 12
15 14 33
16 0 8
16 1 5
16 2 3
16 3 9
16 4 26
16 5 27
16 6 1
16 7 2
16 8 4
16 9 10
16 10 21
16 11 8
16 12 11
16 13 36
16 14 13
16 15 29
17 0 2
17 1 31
17 2 24
17 3 18
17 4 2
17 5 39
17 6 34
17 7 18
17 8 25
17 9 17
17 10 19
17 11 8
17 12 17
17 13 36
17 14 29
17 15 33
17 16 1
18 0 23
18 1 9
18 2 13
18 3 14
18 4 18
18 5 2
18 6 38
18 7 25
18 8 17
18 9 32
18 10 11
18 11 23
18 12 11
18 13 6
18 14 15
18 15 29
18 16 16
18 17 17
19 0 3
19 1 35
19 2 15
19 3 14
19 4 25
19 5 28
19 6 18
19 7 13
19 8 29
19 9 18
19 10 32
19 11 26
19 12 8
19 13 20
19 14 31
19 15 38
19 16 21
19 17 9
19 18 38
20 0 37
20 1 38
20 2 10
20 3 13
20 4 24
20 5 4
20 6 16
20 7 1
20 8 34
20 9 7
20 10 19
20 11 28
20 12 21
20 13 8
20 14 37
20 15 38
20 16 15
20 17 36
20 18 8
20 19 38
21 0 15
21 1 4
21 2 40
21 3 26
21 4 9
21 5 37
21 6 34
21 7 28
21 8 6
21 9 38
21 10 29
21 11 27
21 12 22
21 13 7
21 14 35
21 15 5
21 16 21
21 17 26
21 18 28
21 19 2
21 20 31
22 0 28
22 1 13
22 2 11
22 3 21
22 4 24
22 5 30
22 6 37
22 7 31
22 8 35
22 9 4
22 10 14
22 11 36
22 12 8
22 13 28
22 14 37
22 15 34
22 16 21
22 17 38
22 18 12
22 19 22
22 20 40
22 21 4
23 0 23
23 1 16
23 2 5
23 3 23
23 4 8
23 5 30
23 6 21
23 7 9
23 8 18
23 9 8
23 10 29
23 11 2
23 12 3
23 13 18
23 14 7
23 15 30
23 16 6
23 17 18
23 18 12
23 19 22
23 20 24
23 21 11
23 22 16
24 0 38
24 1 18
24 2 16
24 3 22
24 4 19
24 5 7
24 6 30
24 7 39
24 8 20
24 9 29
24 10 26
24 11 10
24 12 27
24 13 28
24 14 10
24 15 32
24 16 28
24 17 39
24 18 14
24 19 3
24 20 8
24 21 39
24 22 34
24 23 25
25 0 15
25 1 1
25 2 26
25 3 34
25 4 6
25 5 28
25 6 9
25 7 10
25 8 12
25 9 4
25 10 10
25 11 16
25 12 39
25 13 5
25 14 20
25 15 33
25 16 6
25 17 36
25 18 16
25 19 32
25 20 2
25 21 8
25 22 31
25 23 19
25 24 37
26 0 34
26 1 24
26 2 4
26 3 16
26 4 18
26 5 36
26 6 40
26 7 7
26 8 37
26 9 1
26 10 27
26 11 40
26 12 20
26 13 38
26 14 7
26 15 16
26 16 22
26 17 23
26 18 35
26 19 5
26 20 40
26 21 30
26 22 30
26 23 18
26 24 11
26 25 27
27 0 11
27 1 4
27 2 17
27 3 7
27 4 11
27 5 40
27 6 13
27 7 25
27 8 18
27 9 16
27 10 13
27 11 26
27 12 23
27 13 39
27 14 38
27 15 32
27 16 4
27 17 38
27 18 9
27 19 8
27 20 4
27 21 12
27 22 33
27 23 15
27 24 33
27 25 32
27 26 7
28 0 34
28 1 36
28 2 10
28 3 3
28 4 28
28 5 9
28 6 3
28 7 33
28 8 19
28 9 9
28 10 17
28 11 14
28 12 24
28 13 26
28 14 10
28 15 9
28 16 3
28 17 10
28 18 6
28 19 24
28 20 2
28 21 11
28 22 25
28 23 9
28 24 23
28 25 4
28 26 20
28 27 40
29 0 29
29 1 35
29 2 12
29 3 11
29 4 30
29 5 36
29 6 37
29 7 9
29 8 3
29 9 33
29 10 6
29 11 10
29 12 3
29 13 15
29 14 11
29 15 11
29 16 11
29 17 32
29 18 21
29 19 18
29 20 14
29 21 16
29 22 24
29 23 19
29 24 25
29 25 34
29 26 31
29 27 21
29 28 21
30 0 3
30 1 8
30 2 34
30 3 34
30 4 3
30 5 18
30 6 35
30 7 5
30 8 29
30 9 20
30 10 3
30 11 33
30 12 23
30 13 22
30 14 26
30 15 32
30 16 15
30 17 16
30 18 20
30 19 8
30 20 10
30 21 15
30 22 19
30 23 37
30 24 16
30 25 3
30 26 29
30 27 22
30 28 23
30 29 8
31 0 26
31 1 25
31 2 15
31 3 15
31 4 20
31 5 17
31 6 18
31 7 31
31 8 2
31 9 18
31 10 5
31 11 37
31 12 36
31 13 26
31 14 39
31 15 32
31 16 28
31 17 11
31 18 9
31 19 19
31 20 2
31 21 33
31 22 9
31 23 30
31 24 27
31 25 26
31 26 16
31 27 7
31 28 40
31 29 40
31 30 3
32 0 3
32 1 4
32 2 28
32 3 20
32 4 40
32 5 4
32 6 21
32 7 33
32 8 29
32 9 7
32 10 12
32 11 20
32 12 3
32 13 29
32 14 3
32 15 4
32 16 30
32 17 18
32 18 32
32 19 34
32 20 11
32 21 13
32 22 30
32 23 20
32 24 22
32 25 2
32 26 1
32 27 34
32 28 27
32 29 33
32 30 23
32 31 13
33 0 4
33 1 5
33 2 38
33 3 30
33 4 7
33 5 18
33 6 39
33 7 12
33 8 28
33 9 18
33 10 16
33 11 15
33 12 2
33 13 35
33 14 21
33 15 13
33 16 36
33 17 39
33 18 30
33 19 30
33 20 30
33 21 29
33 22 30
33 23 40
33 24 31
33 25 27
33 26 14
33 27 12
33 28 21
33 29 19
33 30 15
33 31 20
33 32 21
34 0 13
34 1 4
34 2 32
34 3 10
34 4 28
34 5 15
34 6 4
34 7 13
34 8 24
34 9 34
34 10 6
34 11 10
34 12 27
34 13 22
34 14 38
34 15 16
34 16 3
34 17 22
34 18 31
34 19 9
34 20 11
34 21 2
34 22 21
34 23 28
34 24 23
34 25 31
34 26 37
34 27 3
34 28 21
34 29 7
34 30 18
34 31 19
34 32 13
34 33 27
35 0 19
35 1 1
35 2 39
35 3 11
35 4 2
35 5 20
35 6 22
35 7 8
35 8 28
35 9 22
35 10 3
35 11 40
35 12 35
35 13 11
35 14 36
35 15 40
35 16 25
35 17 21
35 18 15
35 19 16
35 20 15
35 21 37
35 22 12
35 23 24
35 24 11
35 25 11
35 26 19
35 27 26
35 28 22
35 29 38
35 30 18
35 31 39
35 32 14
35 33 37
35 34 1
