43
2 1 13
4 2 1
5 1 10
6 0 3
6 1 14
6 3 13
6 4 14
6 5 14
7 0 18
7 1 4
7 2 3
7 4 14
7 6 2
8 1 4
8 4 13
8 5 12
9 0 13
9 2 11
9 3 4
10 0 11
10 1 15
10 4 2
10 5 16
10 6 9
11 0 3
11 2 17
11 3 16
11 4 1
11 5 8
11 9 6
12 1 5
12 2 11
12 5 12
12 7 9
12 11 1
13 0 14
13 2 5
13 3 11
13 4 16
13 8 18
13 12 18
14 0 8
14 2 3
14 7 6
14 11 12
15 1 1
15 5 2
15 8 6
15 9 14
15 11 1
15 12 16
15 14 16
16 0 9
16 2 1
16 5 10
16 9 3
16 10 16
16 13 3
16 15 18
17 0 3
17 2 13
17 3 8
17 5 1
17 10 1
17 11 5
17 15 7
18 0 16
18 1 2
18 5 16
18 11 6
18 12 10
18 13 16
18 14 16
18 15 12
18 16 8
19 2 16
19 4 15
19 7 2
19 9 14
19 11 10
19 12 5
19 13 7
19 15 3
19 16 1
20 0 1
20 2 12
20 3 14
20 4 13
20 6 17
20 7 5
20 8 7
20 10 7
20 11 4
20 12 2
20 14 1
20 16 5
20 18 13
20 19 12
21 0 12
21 1 13
21 3 6
21 9 7
21 12 11
21 14 18
21 18 16
21 19 12
22 0 13
22 1 14
22 2 7
22 3 4
22 4 6
22 10 6
22 11 18
22 13 1
22 14 13
22 17 1
22 18 16
22 20 3
22 21 15
23 1 6
23 3 15
23 5 9
23 6 11
23 7 6
23 9 10
23 12 3
23 13 11
23 16 15
23 17 8
23 18 1
23 19 18
24 0 1
24 3 13
24 4 9
24 7 4
24 12 17
24 13 16
24 14 2
24 15 18
24 17 9
24 20 2
24 22 10
24 23 2
25 0 4
25 3 15
25 4 11
25 5 16
25 9 1
25 13 13
25 16 9
25 17 7
25 19 15
25 20 16
25 21 1
26 1 12
26 3 4
26 8 13
26 9 2
26 10 1
26 14 8
26 15 5
26 17 13
26 18 15
26 19 8
26 20 2
26 21 13
26 22 15
26 24 4
27 1 7
27 2 17
27 4 6
27 5 2
27 6 14
27 8 12
27 9 9
27 11 6
27 12 6
27 16 8
27 17 10
27 20 6
27 22 5
27 23 13
27 25 3
27 26 12
28 0 2
28 2 15
28 5 1
28 10 4
28 13 6
28 14 4
28 15 12
28 16 2
28 17 18
28 18 17
28 19 17
28 20 12
28 21 6
28 23 15
28 25 9
28 27 18
29 4 8
29 5 2
29 8 17
29 10 13
29 11 14
29 14 5
29 15 5
29 18 6
29 19 17
29 21 16
29 23 12
29 24 16
29 26 5
29 27 14
30 2 10
30 3 11
30 4 7
30 5 14
30 6 12
30 8 15
30 9 2
30 12 6
30 15 8
30 16 9
30 17 7
30 19 1
30 20 7
30 21 3
30 26 8
30 28 7
30 29 14
31 1 9
31 2 15
31 4 9
31 5 2
31 6 11
31 10 15
31 12 9
31 13 5
31 14 9
31 15 17
31 16 16
31 19 8
31 20 1
31 21 17
31 25 2
31 26 12
31 28 5
31 30 16
32 0 7
32 2 3
32 3 17
32 5 6
32 6 3
32 7 5
32 9 1
32 11 16
32 12 14
32 13 15
32 15 7
32 16 12
32 22 15
32 23 6
32 24 3
32 25 4
32 28 8
32 29 9
32 30 7
33 0 11
33 1 10
33 2 13
33 3 1
33 5 18
33 6 7
33 9 11
33 10 12
33 11 15
33 12 14
33 13 17
33 16 12
33 17 15
33 18 7
33 19 17
33 21 15
33 22 9
33 25 15
33 27 11
33 32 6
34 0 1
34 2 16
34 3 1
34 4 16
34 5 4
34 7 17
34 8 15
34 9 4
34 13 3
34 14 15
34 20 11
34 22 12
34 23 6
34 24 9
34 28 6
34 30 8
34 31 8
34 33 2
35 0 5
35 3 9
35 4 14
35 6 9
35 7 3
35 9 15
35 11 12
35 16 4
35 22 17
35 23 3
35 24 9
35 26 13
35 27 2
35 28 13
35 31 15
35 32 12
35 33 15
35 34 13
36 0 9
36 1 3
36 3 12
36 6 14
36 8 11
36 9 11
36 10 18
36 14 6
36 16 11
36 17 2
36 18 8
36 19 3
36 20 13
36 22 6
36 25 14
36 29 14
36 30 7
36 31 2
36 32 2
36 33 5
37 0 11
37 2 4
37 3 9
37 5 5
37 11 1
37 15 11
37 16 5
37 19 13
37 21 12
37 23 9
37 24 13
37 26 13
37 27 2
37 29 4
37 30 9
37 31 15
37 33 8
37 34 7
37 35 5
38 1 3
38 2 4
38 3 6
38 5 8
38 10 13
38 16 6
38 17 18
38 18 6
38 22 16
38 23 10
38 25 3
38 28 8
38 29 1
38 30 17
38 32 12
38 34 10
38 35 7
39 0 5
39 1 7
39 4 4
39 5 18
39 9 5
39 12 7
39 13 1
39 16 10
39 22 6
39 23 4
39 25 3
39 26 6
39 27 18
39 30 7
39 31 4
39 33 5
39 34 8
39 37 4
39 38 15
40 1 6
40 2 18
40 7 14
40 8 14
40 11 1
40 12 16
40 13 17
40 15 2
40 16 7
40 17 6
40 21 10
40 22 14
40 25 18
40 33 16
40 34 6
40 35 2
40 36 3
40 37 15
40 38 3
40 39 11
41 1 12
41 2 17
41 3 17
41 4 7
41 5 10
41 9 9
41 11 17
41 13 1
41 18 2
41 20 1
41 22 12
41 23 10
41 25 7
41 27 8
41 30 5
41 31 5
41 35 10
41 36 5
41 37 7
41 38 9
41 39 13
42 2 7
42 3 5
42 4 7
42 6 5
42 7 11
42 12 11
42 15 14
42 17 14
42 20 6
42 22 7
42 25 5
42 29 12
42 33 5
42 34 2
42 35 4
42 37 9
42 39 17
42 40 4
42 41 2
