29
1 0 2
2 0 11
2 1 16
3 0 6
3 1 12
3 2 21
4 0 30
4 1 14
4 2 6
4 3 19
5 0 32
5 1 14
5 2 3
5 3 20
5 4 5
6 0 23
6 1 13
6 2 3
6 3 22
6 4 31
6 5 10
7 0 3
7 1 12
7 2 31
7 3 13
7 4 22
7 5 26
7 6 18
8 0 5
8 1 11
8 2 11
8 3 26
8 4 17
8 5 10
8 6 31
8 7 27
9 0 19
9 1 11
9 2 5
9 3 23
9 4 24
9 5 30
9 6 37
9 7 14
9 8 18
10 0 36
10 1 26
10 2 6
10 3 28
10 4 15
10 5 18
10 6 32
10 7 11
10 8 7
10 9 36
11 0 9
11 1 14
11 2 13
11 3 19
11 4 12
11 5 10
11 6 8
11 7 13
11 8 5
11 9 30
11 10 34
12 0 7
12 1 36
12 2 36
12 3 5
12 4 13
12 5 11
12 6 22
12 7 2
12 8 14
12 9 10
12 10 14
12 11 22
13 0 18
13 1 4
13 2 14
13 3 34
13 4 18
13 5 14
13 6 10
13 7 28
13 8 16
13 9 8
13 10 6
13 11 17
13 12 8
14 0 23
14 1 26
14 2 13
14 3 15
14 4 36
14 5 32
14 6 3
14 7 25
14 8 35
14 9 24
14 10 1
14 11 35
14 12 16
14 13 14
15 0 31
15 1 33
15 2 20
15 3 25
15 4 27
15 5 23
15 6 13
15 7 33
15 8 2
15 9 1
15 10 16
15 11 35
15 12 19
15 13 16
15 14 29
16 0 26
16 1 20
16 2 34
16 3 8
16 4 3
16 5 11
16 6 1
16 7 34
16 8 8
16 9 35
16 10 8
16 11 35
16 12 16
16 13 1
16 14 22
16 15 2
17 0 24
17 1 29
17 2 36
17 3 26
17 4 6
17 5 30
17 6 23
17 7 8
17 8 27
17 9 35
17 10 31
17 11 31
17 12 31
17 13 17
17 14 7
17 15 30
17 16 6
18 0 14
18 1 24
18 2 25
18 3 30
18 4 37
18 5 12
18 6 25
18 7 1
18 8 19
18 9 17
18 10 27
18 11 35
18 12 25
18 13 30
18 14 21
18 15 2
18 16 34
18 17 16
19 0 26
19 1 10
19 2 31
19 3 37
19 4 27
19 5 30
19 6 19
19 7 25
19 8 27
19 9 4
19 10 5
19 11 7
19 12 2
19 13 26
19 14 7
19 15 4
19 16 22
19 17 31
19 18 36
20 0 32
20 1 12
20 2 34
20 3 30
20 4 18
20 5 1
20 6 12
20 7 5
20 8 25
20 9 34
20 10 5
20 11 29
20 12 5
20 13 3
20 14 35
20 15 17
20 16 3
20 17 27
20 18 13
20 19 34
21 0 1
21 1 24
21 2 11
21 3 34
21 4 33
21 5 19
21 6 8
21 7 35
21 8 20
21 9 29
21 10 17
21 11 25
21 12 19
21 13 15
21 14 25
21 15 6
21 16 18
21 17 20
21 18 35
21 19 21
21 20 28
22 0 37
22 1 4
22 2 30
22 3 33
22 4 12
22 5 10
22 6 18
22 7 32
22 8 13
22 9 23
22 10 28
22 11 3
22 12 31
22 13 3
22 14 12
22 15 24
22 16 27
22 17 3
22 18 24
22 19 19
22 20 26
22 21 2
23 0 27
23 1 2
23 2 15
23 3 37
23 4 17
23 5 26
23 6 15
23 7 10
23 8 12
23 9 32
23 10 31
23 11 18
23 12 23
23 13 5
23 14 4
23 15 13
23 16 34
23 17 26
23 18 6
23 19 29
23 20 11
23 21 12
23 22 24
24 0 4
24 1 7
24 2 13
24 3 3
24 4 36
24 5 21
24 6 22
24 7 23
24 8 34
24 9 7
24 10 3
24 11 32
24 12 16
24 13 19
24 14 4
24 15 18
24 16 22
24 17 13
24 18 25
24 19 36
24 20 2
24 21 8
24 22 30
24 23 22
25 0 6
25 1 17
25 2 5
25 3 22
25 4 23
25 5 33
25 6 15
25 7 26
25 8 30
25 9 3
25 10 9
25 11 1
25 12 27
25 13 21
25 14 8
25 15 35
25 16 1
25 17 33
25 18 31
25 19 30
25 20 35
25 21 8
25 22 9
25 23 18
25 24 31
26 0 14
26 1 27
26 2 22
26 3 20
26 4 15
26 5 3
26 6 29
26 7 4
26 8 23
26 9 26
26 10 2
26 11 10
26 12 5
26 13 34
26 14 7
26 15 1
26 16 18
26 17 30
26 18 15
26 19 34
26 20 14
26 21 17
26 22 17
26 23 30
26 24 25
26 25 29
27 0 33
27 1 32
27 2 36
27 3 36
27 4 15
27 5 12
27 6 9
27 7 3
27 8 35
27 9 17
27 10 34
27 11 4
27 12 23
27 13 1
27 14 5
27 15 23
27 16 10
27 17 6
27 18 7
27 19 7
27 20 8
27 21 37
27 22 5
27 23 14
27 24 25
27 25 31
27 26 32
28 0 30
28 1 25
28 2 34
28 3 25
28 4 23
28 5 30
28 6 22
28 7 30
28 8 7
28 9 29
28 10 21
28 11 4
28 12 4
28 13 23
28 14 28
28 15 31
28 16 32
28 17 17
28 18 34
28 19 5
28 20 25
28 21 25
28 22 24
28 23 5
28 24 36
28 25 1
28 26 35
28 27 10
