34
1 0 8
2 0 23
2 1 4
3 0 3
3 1 13
3 2 23
4 0 23
4 1 1
4 2 20
4 3 2
5 0 16
5 1 9
5 2 13
5 3 14
5 4 23
6 0 18
6 1 1
6 2 7
6 3 11
6 4 22
6 5 8
7 0 10
7 1 23
7 2 19
7 3 4
7 4 15
7 5 18
7 6 20
8 0 7
8 1 9
8 2 11
8 3 7
8 4 14
8 5 22
8 6 14
8 7 11
9 0 15
9 1 11
9 2 22
9 3 22
9 4 22
9 5 9
9 6 6
9 7 11
9 8 8
10 0 12
10 1 15
10 2 14
10 3 20
10 4 20
10 5 23
10 6 14
10 7 3
10 8 8
10 9 20
11 0 3
11 1 2
11 2 11
11 3 7
11 4 14
11 5 7
11 6 12
11 7 17
11 8 10
11 9 16
11 10 14
12 0 15
12 1 21
12 2 20
12 3 23
12 4 7
12 5 3
12 6 16
12 7 3
12 8 10
12 9 13
12 10 17
12 11 22
13 0 13
13 1 17
13 2 5
13 3 8
13 4 14
13 5 21
13 6 18
13 7 20
13 8 19
13 9 4
13 10 9
13 11 17
13 12 19
14 0 14
14 1 1
14 2 10
14 3 6
14 4 7
14 5 10
14 6 18
14 7 13
14 8 10
14 9 5
14 10 22
14 11 14
14 12 17
14 13 2
15 0 13
15 1 5
15 2 22
15 3 20
15 4 17
15 5 3
15 6 7
15 7 5
15 8 7
15 9 12
15 10 14
15 11 22
15 12 6
15 13 12
15 14 3
16 0 1
16 1 14
16 2 22
16 3 9
16 4 9
16 5 6
16 6 14
16 7 11
16 8 7
16 9 17
16 10 7
16 11 17
16 12 9
16 13 2
16 14 6
16 15 15
17 0 1
17 1 19
17 2 2
17 3 12
17 4 11
17 5 18
17 6 16
17 7 4
17 8 13
17 9 18
17 10 16
17 11 15
17 12 19
17 13 23
17 14 18
17 15 1
17 16 19
18 0 5
18 1 21
18 2 5
18 3 8
18 4 5
18 5 11
18 6 18
18 7 20
18 8 4
18 9 23
18 10 4
18 11 6
18 12 20
18 13 21
18 14 21
18 15 21
18 16 19
18 17 21
19 0 6
19 1 6
19 2 20
19 3 22
19 4 13
19 5 14
19 6 20
19 7 6
19 8 21
19 9 5
19 10 3
19 11 14
19 12 15
19 13 12
19 14 4
19 15 13
19 16 3
19 17 13
19 18 1
20 0 2
20 1 16
20 2 1
20 3 15
20 4 1
20 5 7
20 6 23
20 7 9
20 8 16
20 9 14
20 10 17
20 11 20
20 12 15
20 13 6
20 14 1
20 15 8
20 16 3
20 17 3
20 18 13
20 19 17
21 0 22
21 1 21
21 2 23
21 3 7
21 4 16
21 5 4
21 6 3
21 7 12
21 8 19
21 9 10
21 10 10
21 11 2
21 12 5
21 13 11
21 14 8
21 15 17
21 16 7
21 17 20
21 18 10
21 19 8
21 20 9
22 0 15
22 1 8
22 2 17
22 3 7
22 4 9
22 5 4
22 6 23
22 7 5
22 8 10
22 9 1
22 10 3
22 11 1
22 12 18
22 13 6
22 14 12
22 15 16
22 16 22
22 17 6
22 18 12
22 19 21
22 20 17
22 21 11
23 0 23
23 1 16
23 2 19
23 3 3
23 4 12
23 5 17
23 6 13
23 7 7
23 8 13
23 9 22
23 10 16
23 11 23
23 12 2
23 13 8
23 14 3
23 15 15
23 16 16
23 17 8
23 18 19
23 19 2
23 20 12
23 21 23
23 22 20
24 0 16
24 1 22
24 2 8
24 3 10
24 4 11
24 5 10
24 6 15
24 7 15
24 8 15
24 9 9
24 10 13
24 11 12
24 12 1
24 13 13
24 14 6
24 15 14
24 16 14
24 17 20
24 18 14
24 19 14
24 20 5
24 21 14
24 22 23
24 23 8
25 0 16
25 1 7
25 2 2
25 3 8
25 4 15
25 5 11
25 6 11
25 7 15
25 8 21
25 9 12
25 10 21
25 11 19
25 12 7
25 13 3
25 14 17
25 15 10
25 16 12
25 17 20
25 18 8
25 19 9
25 20 2
25 21 14
25 22 8
25 23 19
25 24 18
26 0 19
26 1 3
26 2 13
26 3 11
26 4 11
26 5 12
26 6 1
26 7 13
26 8 11
26 9 14
26 10 8
26 11 14
26 12 18
26 13 17
26 14 8
26 15 14
26 16 23
26 17 7
26 18 21
26 19 17
26 20 2
26 21 22
26 22 22
26 23 14
26 24 10
26 25 12
27 0 2
27 1 23
27 2 7
27 3 4
27 4 4
27 5 1
27 6 17
27 7 5
27 8 15
27 9 4
27 10 9
27 11 8
27 12 3
27 13 8
27 14 6
27 15 1
27 16 9
27 17 9
27 18 1
27 19 21
27 20 20
27 21 18
27 22 11
27 23 12
27 24 17
27 25 14
27 26 4
28 0 14
28 1 11
28 2 16
28 3 17
28 4 11
28 5 17
28 6 13
28 7 3
28 8 20
28 9 15
28 10 15
28 11 1
28 12 17
28 13 16
28 14 3
28 15 4
28 16 14
28 17 5
28 18 21
28 19 2
28 20 18
28 21 19
28 22 23
28 23 11
28 24 6
28 25 14
28 26 6
28 27 8
29 0 20
29 1 15
29 2 11
29 3 3
29 4 15
29 5 4
29 6 2
29 7 11
29 8 3
29 9 18
29 10 19
29 11 1
29 12 22
29 13 3
29 14 6
29 15 11
29 16 23
29 17 2
29 18 17
29 19 15
29 20 5
29 21 11
29 22 4
29 23 10
29 24 17
29 25 22
29 26 9
29 27 17
29 28 12
30 0 23
30 1 18
30 2 23
30 3 6
30 4 17
30 5 9
30 6 18
30 7 1
30 8 8
30 9 19
30 10 6
30 11 22
30 12 19
30 13 11
30 14 7
30 15 8
30 16 23
30 17 2
30 18 13
30 19 23
30 20 11
30 21 8
30 22 10
30 23 7
30 24 7
30 25 16
30 26 15
30 27 13
30 28 8
30 29 17
31 0 17
31 1 1
31 2 12
31 3 8
31 4 15
31 5 9
31 6 21
31 7 18
31 8 11
31 9 2
31 10 17
31 11 1
31 12 14
31 13 9
31 14 7
31 15 1
31 16 9
31 17 22
31 18 22
31 19 5
31 20 15
31 21 19
31 22 15
31 23 10
31 24 15
31 25 7
31 26 5
31 27 13
31 28 16
31 29 2
31 30 1
32 0 15
32 1 6
32 2 6
32 3 10
32 4 13
32 5 3
32 6 3
32 7 10
32 8 22
32 9 1
32 10 12
32 11 16
32 12 6
32 13 11
32 14 3
32 15 9
32 16 3
32 17 12
32 18 18
32 19 22
32 20 21
32 21 10
32 22 17
32 23 3
32 24 21
32 25 16
32 26 9
32 27 11
32 28 22
32 29 23
32 30 8
32 31 23
33 0 16
33 1 23
33 2 18
33 3 12
33 4 16
33 5 12
33 6 20
33 7 23
33 8 8
33 9 11
33 10 23
33 11 16
33 12 14
33 13 2
33 14 6
33 15 16
33 16 19
33 17 13
33 18 5
33 19 19
33 20 23
33 21 21
33 22 15
33 23 6
33 24 12
33 25 4
33 26 18
33 27 23
33 28 7
33 29 3
33 30 3
33 31 3
33 32 6
