40
2 1 43
3 0 21
5 1 32
5 2 33
5 3 14
5 4 19
6 1 41
7 0 28
7 1 7
7 2 20
7 3 2
7 4 32
7 5 33
8 0 40
8 2 36
8 5 30
8 6 11
8 7 15
9 1 3
9 3 29
9 5 19
9 6 6
9 8 26
10 2 15
10 6 21
10 8 18
11 1 1
11 3 13
11 6 12
11 7 32
12 0 24
12 2 33
12 4 15
12 6 1
13 1 40
13 2 16
13 5 5
13 6 34
13 9 37
14 0 27
14 1 14
14 2 6
14 3 39
14 4 3
14 6 21
14 8 23
14 13 22
15 1 38
15 2 20
15 3 20
15 4 38
15 11 7
15 14 7
16 2 8
16 4 40
16 6 27
16 14 19
17 0 4
17 1 12
17 4 20
17 6 3
17 7 13
17 11 27
17 12 3
17 16 38
18 0 22
18 1 26
18 2 36
18 3 22
18 4 11
18 8 21
18 9 30
18 12 32
18 17 29
19 0 40
19 2 10
19 3 8
19 6 22
19 7 7
19 9 29
19 10 2
19 11 4
19 12 17
19 14 12
19 17 14
20 0 30
20 2 14
20 3 11
20 4 43
20 5 18
20 12 30
20 18 19
21 0 11
21 2 38
21 5 15
21 6 3
21 9 18
21 12 7
21 13 15
21 15 31
21 17 2
22 0 8
22 2 21
22 7 5
22 9 2
22 10 27
22 11 18
22 12 8
22 13 4
22 15 3
22 19 8
22 21 38
23 0 13
23 2 1
23 3 12
23 4 41
23 6 8
23 8 42
23 9 37
23 13 25
23 14 20
23 15 17
23 17 27
23 18 39
23 19 18
23 20 6
23 21 33
23 22 32
24 0 12
24 2 25
24 4 14
24 7 40
24 8 13
24 13 4
24 14 18
24 17 41
24 19 31
24 20 2
24 21 41
24 22 23
24 23 12
25 3 30
25 9 7
25 10 31
25 11 25
25 13 11
25 15 10
25 16 11
25 17 23
25 18 26
25 20 12
25 21 6
25 23 6
26 0 21
26 2 27
26 4 5
26 7 16
26 8 39
26 10 21
26 14 23
26 15 41
26 17 16
26 18 32
26 19 32
26 25 27
27 4 21
27 5 35
27 7 10
27 9 43
27 10 22
27 14 39
27 19 6
27 20 18
27 22 30
27 23 30
27 25 26
27 26 1
28 2 43
28 4 7
28 12 21
28 15 27
28 18 16
28 22 8
28 24 40
28 27 40
29 2 23
29 4 24
29 5 37
29 6 18
29 10 11
29 12 36
29 13 13
29 14 40
29 17 6
29 19 32
29 24 2
29 26 14
30 2 23
30 3 30
30 4 5
30 7 9
30 9 16
30 10 24
30 12 13
30 18 11
30 20 15
30 24 4
30 25 36
30 26 18
30 27 2
30 29 5
31 1 28
31 2 23
31 3 32
31 4 32
31 5 10
31 6 4
31 7 29
31 9 12
31 10 41
31 11 23
31 12 11
31 16 26
31 18 18
31 19 36
31 21 43
31 23 5
31 24 12
31 25 22
31 26 9
31 27 3
31 28 15
31 29 17
32 0 40
32 1 31
32 6 7
32 19 23
32 20 5
32 23 36
32 24 38
32 27 32
32 29 39
32 30 3
32 31 36
33 1 4
33 8 40
33 9 14
33 10 40
33 11 13
33 12 3
33 13 21
33 14 28
33 16 1
33 17 41
33 18 22
33 19 6
33 20 17
33 22 23
33 25 11
33 26 4
33 27 27
33 28 29
33 29 39
33 31 35
34 2 24
34 5 27
34 11 1
34 13 25
34 14 37
34 15 25
34 16 22
34 19 22
34 20 6
34 22 18
34 24 42
34 25 13
34 27 14
34 28 38
34 29 24
34 30 8
34 31 18
35 1 11
35 2 37
35 4 42
35 8 40
35 10 17
35 11 6
35 12 22
35 16 42
35 18 29
35 19 42
35 21 35
35 24 22
35 27 6
35 29 21
35 30 24
35 31 4
36 0 19
36 3 33
36 5 21
36 6 5
36 7 15
36 14 4
36 15 2
36 16 41
36 17 33
36 18 25
36 21 36
36 22 5
36 23 7
36 24 5
36 27 6
36 28 10
36 30 24
36 31 39
36 34 36
37 1 33
37 3 26
37 4 32
37 7 17
37 11 15
37 12 31
37 13 5
37 16 34
37 17 6
37 18 42
37 19 10
37 22 22
37 26 29
37 27 39
37 30 38
37 36 36
38 0 31
38 5 1
38 14 16
38 16 33
38 21 17
38 22 43
38 25 7
38 28 24
38 37 34
39 2 31
39 8 35
39 12 22
39 13 14
39 15 29
39 17 25
39 19 15
39 22 25
39 25 43
39 26 24
39 28 31
39 30 18
39 31 20
39 33 1
39 35 22
39 36 32
39 38 7
