26
3 1 4
5 4 18
6 0 14
6 2 13
6 3 5
6 4 2
7 0 19
7 3 1
7 5 3
7 6 5
8 0 13
8 2 19
8 3 14
8 4 11
8 5 8
8 6 8
8 7 12
9 0 2
9 2 11
9 4 17
9 6 6
9 7 1
9 8 10
10 0 18
10 7 9
10 9 12
11 0 4
11 2 10
11 5 18
11 8 3
11 10 6
12 0 7
12 1 19
12 2 18
12 8 16
12 9 4
12 11 16
13 2 4
13 5 8
13 6 18
13 10 9
14 5 12
14 6 4
14 7 7
14 8 15
14 9 2
14 11 4
14 12 16
14 13 4
15 0 10
15 5 3
15 6 7
15 7 19
15 9 1
15 13 13
16 1 4
16 8 17
16 12 4
16 13 7
16 14 9
17 0 11
17 1 2
17 5 12
17 8 15
17 10 19
17 13 17
17 14 10
17 15 5
18 0 10
18 1 7
18 4 1
18 6 4
18 8 18
18 15 1
18 16 16
18 17 14
19 0 9
19 3 4
19 4 14
19 5 17
19 7 11
19 8 5
19 11 17
19 13 10
19 14 3
19 15 10
19 17 18
19 18 19
20 1 1
20 4 10
20 5 13
20 6 12
20 9 11
20 10 12
20 11 4
20 14 5
20 16 11
20 18 12
20 19 10
21 1 11
21 2 6
21 3 4
21 4 18
21 6 2
21 8 1
21 9 5
21 11 5
21 12 11
21 15 5
21 16 4
21 18 8
22 0 2
22 2 18
22 4 11
22 5 19
22 6 11
22 7 18
22 11 7
22 15 14
22 16 11
23 6 3
23 8 9
23 9 15
23 12 2
23 13 12
23 16 12
23 20 14
23 21 17
23 22 15
24 3 8
24 5 13
24 9 4
24 10 9
24 11 11
24 13 7
24 15 13
24 17 14
24 19 1
24 22 6
25 4 6
25 5 2
25 8 12
25 9 16
25 10 2
25 11 5
25 13 16
25 14 13
25 18 3
25 20 18
25 24 13
