52
1 0 3
2 0 2
2 1 19
3 0 18
3 1 15
3 2 1
4 0 14
4 1 11
4 2 9
4 3 12
5 0 21
5 1 21
5 2 10
5 3 14
5 4 15
6 0 13
6 1 12
6 2 16
6 3 5
6 4 20
6 5 18
7 0 7
7 1 10
7 2 2
7 3 18
7 4 8
7 5 16
7 6 11
8 0 6
8 1 13
8 2 7
8 3 15
8 4 15
8 5 1
8 6 13
8 7 2
9 0 21
9 1 5
9 2 1
9 3 4
9 4 7
9 5 16
9 6 2
9 7 1
9 8 10
10 0 16
10 1 14
10 2 6
10 3 19
10 4 9
10 5 9
10 6 4
10 7 17
10 8 2
10 9 18
11 0 18
11 1 8
11 2 18
11 3 15
11 4 17
11 5 1
11 6 4
11 7 19
11 8 20
11 9 5
11 10 19
12 0 5
12 1 2
12 2 11
12 3 12
12 4 2
12 5 10
12 6 14
12 7 18
12 8 5
12 9 18
12 10 19
12 11 18
13 0 19
13 1 6
13 2 15
13 3 2
13 4 9
13 5 11
13 6 8
13 7 14
13 8 13
13 9 6
13 10 14
13 11 2
13 12 15
14 0 18
14 1 19
14 2 16
14 3 12
14 4 15
14 5 14
14 6 11
14 7 8
14 8 14
14 9 20
14 10 5
14 11 18
14 12 9
14 13 17
15 0 15
15 1 3
15 2 3
15 3 14
15 4 11
15 5 14
15 6 12
15 7 13
15 8 6
15 9 6
15 10 8
15 11 18
15 12 13
15 13 5
15 14 20
16 0 15
16 1 4
16 2 4
16 3 15
16 4 11
16 5 4
16 6 9
16 7 5
16 8 19
16 9 16
16 10 3
16 11 15
16 12 1
16 13 12
16 14 10
16 15 8
17 0 20
17 1 9
17 2 10
17 3 3
17 4 10
17 5 3
17 6 1
17 7 1
17 8 5
17 9 20
17 10 1
17 11 4
17 12 16
17 13 5
17 14 17
17 15 8
17 16 13
18 0 19
18 1 18
18 2 19
18 3 15
18 4 11
18 5 19
18 6 16
18 7 18
18 8 11
18 9 10
18 10 1
18 11 4
18 12 17
18 13 10
18 14 13
18 15 14
18 16 5
18 17 21
19 0 13
19 1 3
19 2 13
19 3 6
19 4 15
19 5 9
19 6 11
19 7 4
19 8 3
19 9 6
19 10 21
19 11 11
19 12 1
19 13 18
19 14 16
19 15 6
19 16 3
19 17 7
19 18 17
20 0 7
20 1 7
20 2 18
20 3 7
20 4 5
20 5 6
20 6 12
20 7 20
20 8 19
20 9 5
20 10 17
20 11 10
20 12 17
20 13 5
20 14 16
20 15 9
20 16 2
20 17 6
20 18 13
20 19 11
21 0 1
21 1 21
21 2 14
21 3 10
21 4 15
21 5 2
21 6 8
21 7 8
21 8 20
21 9 4
21 10 19
21 11 21
21 12 1
21 13 14
21 14 21
21 15 8
21 16 19
21 17 6
21 18 10
21 19 8
21 20 15
22 0 18
22 1 3
22 2 19
22 3 15
22 4 17
22 5 4
22 6 21
22 7 17
22 8 18
22 9 1
22 10 6
22 11 17
22 12 19
22 13 5
22 14 3
22 15 4
22 16 2
22 17 3
22 18 13
22 19 16
22 20 14
22 21 14
23 0 9
23 1 18
23 2 18
23 3 5
23 4 20
23 5 7
23 6 8
23 7 10
23 8 17
23 9 21
23 10 9
23 11 6
23 12 1
23 13 10
23 14 13
23 15 5
23 16 19
23 17 18
23 18 19
23 19 21
23 20 20
23 21 20
23 22 2
24 0 1
24 1 3
24 2 16
24 3 18
24 4 5
24 5 2
24 6 5
24 7 13
24 8 20
24 9 20
24 10 1
24 11 4
24 12 17
24 13 11
24 14 9
24 15 17
24 16 19
24 17 20
24 18 8
24 19 1
24 20 6
24 21 9
24 22 2
24 23 12
25 0 17
25 1 9
25 2 18
25 3 21
25 4 4
25 5 20
25 6 12
25 7 17
25 8 15
25 9 20
25 10 2
25 11 5
25 12 3
25 13 4
25 14 13
25 15 13
25 16 10
25 17 9
25 18 18
25 19 19
25 20 10
25 21 9
25 22 6
25 23 11
25 24 19
26 0 9
26 1 4
26 2 16
26 3 17
26 4 18
26 5 1
26 6 15
26 7 10
26 8 5
26 9 20
26 10 10
26 11 1
26 12 3
26 13 13
26 14 19
26 15 21
26 16 9
26 17 9
26 18 17
26 19 3
26 20 13
26 21 10
26 22 6
26 23 12
26 24 13
26 25 16
27 0 21
27 1 16
27 2 12
27 3 8
27 4 6
27 5 20
27 6 7
27 7 14
27 8 4
27 9 6
27 10 16
27 11 13
27 12 4
27 13 10
27 14 9
27 15 5
27 16 9
27 17 17
27 18 5
27 19 21
27 20 15
27 21 2
27 22 6
27 23 12
27 24 16
27 25 12
27 26 9
28 0 14
28 1 3
28 2 11
28 3 3
28 4 14
28 5 19
28 6 7
28 7 7
28 8 2
28 9 1
28 10 21
28 11 5
28 12 11
28 13 12
28 14 8
28 15 8
28 16 5
28 17 21
28 18 2
28 19 3
28 20 17
28 21 3
28 22 1
28 23 19
28 24 3
28 25 18
28 26 16
28 27 21
29 0 4
29 1 14
29 2 19
29 3 11
29 4 19
29 5 11
29 6 17
29 7 19
29 8 6
29 9 9
29 10 4
29 11 5
29 12 15
29 13 21
29 14 14
29 15 17
29 16 18
29 17 4
29 18 4
29 19 3
29 20 14
29 21 12
29 22 2
29 23 9
29 24 4
29 25 8
29 26 16
29 27 7
29 28 5
30 0 20
30 1 15
30 2 16
30 3 6
30 4 5
30 5 8
30 6 15
30 7 17
30 8 3
30 9 7
30 10 3
30 11 5
30 12 10
30 13 21
30 14 16
30 15 20
30 16 4
30 17 15
30 18 17
30 19 16
30 20 12
30 21 10
30 22 17
30 23 4
30 24 20
30 25 16
30 26 18
30 27 13
30 28 12
30 29 17
31 0 21
31 1 5
31 2 12
31 3 16
31 4 20
31 5 7
31 6 1
31 7 19
31 8 7
31 9 7
31 10 1
31 11 18
31 12 2
31 13 14
31 14 16
31 15 6
31 16 6
31 17 21
31 18 9
31 19 6
31 20 12
31 21 9
31 22 19
31 23 21
31 24 21
31 25 4
31 26 2
31 27 5
31 28 12
31 29 6
31 30 4
32 0 2
32 1 13
32 2 10
32 3 14
32 4 6
32 5 3
32 6 11
32 7 9
32 8 16
32 9 1
32 10 20
32 11 6
32 12 4
32 13 19
32 14 2
32 15 14
32 16 18
32 17 10
32 18 2
32 19 1
32 20 1
32 21 21
32 22 8
32 23 21
32 24 19
32 25 3
32 26 3
32 27 1
32 28 1
32 29 16
32 30 10
32 31 1
33 0 19
33 1 18
33 2 17
33 3 17
33 4 10
33 5 15
33 6 4
33 7 4
33 8 8
33 9 13
33 10 21
33 11 16
33 12 9
33 13 4
33 14 1
33 15 1
33 16 21
33 17 12
33 18 10
33 19 12
33 20 13
33 21 6
33 22 21
33 23 2
33 24 17
33 25 1
33 26 1
33 27 13
33 28 21
33 29 17
33 30 5
33 31 8
33 32 21
34 0 1
34 1 16
34 2 11
34 3 9
34 4 19
34 5 19
34 6 7
34 7 3
34 8 16
34 9 21
34 10 20
34 11 6
34 12 21
34 13 5
34 14 19
34 15 16
34 16 17
34 17 20
34 18 14
34 19 17
34 20 15
34 21 11
34 22 11
34 23 2
34 24 20
34 25 14
34 26 19
34 27 15
34 28 14
34 29 5
34 30 9
34 31 6
34 32 20
34 33 3
35 0 10
35 1 14
35 2 5
35 3 19
35 4 20
35 5 5
35 6 18
35 7 15
35 8 17
35 9 7
35 10 12
35 11 16
35 12 5
35 13 6
35 14 5
35 15 20
35 16 17
35 17 17
35 18 9
35 19 11
35 20 12
35 21 10
35 22 3
35 23 17
35 24 11
35 25 19
35 26 19
35 27 6
35 28 8
35 29 15
35 30 15
35 31 21
35 32 19
35 33 6
35 34 12
36 0 8
36 1 21
36 2 3
36 3 15
36 4 16
36 5 8
36 6 8
36 7 1
36 8 8
36 9 18
36 10 19
36 11 14
36 12 21
36 13 21
36 14 14
36 15 3
36 16 1
36 17 5
36 18 19
36 19 15
36 20 12
36 21 21
36 22 11
36 23 11
36 24 11
36 25 2
36 26 15
36 27 11
36 28 21
36 29 14
36 30 5
36 31 17
36 32 14
36 33 1
36 34 21
36 35 11
37 0 14
37 1 14
37 2 14
37 3 6
37 4 20
37 5 1
37 6 16
37 7 7
37 8 18
37 9 17
37 10 8
37 11 21
37 12 20
37 13 1
37 14 1
37 15 10
37 16 15
37 17 16
37 18 3
37 19 9
37 20 18
37 21 18
37 22 11
37 23 6
37 24 19
37 25 17
37 26 13
37 27 12
37 28 12
37 29 19
37 30 14
37 31 7
37 32 4
37 33 10
37 34 4
37 35 15
37 36 13
38 0 10
38 1 17
38 2 13
38 3 19
38 4 18
38 5 7
38 6 10
38 7 8
38 8 15
38 9 12
38 10 12
38 11 18
38 12 18
38 13 4
38 14 14
38 15 19
38 16 3
38 17 7
38 18 14
38 19 10
38 20 11
38 21 2
38 22 4
38 23 13
38 24 15
38 25 2
38 26 3
38 27 14
38 28 1
38 29 19
38 30 20
38 31 1
38 32 21
38 33 2
38 34 2
38 35 7
38 36 16
38 37 8
39 0 19
39 1 13
39 2 4
39 3 8
39 4 8
39 5 17
39 6 16
39 7 6
39 8 16
39 9 14
39 10 9
39 11 17
39 12 13
39 13 3
39 14 18
39 15 20
39 16 5
39 17 8
39 18 11
39 19 14
39 20 9
39 21 4
39 22 21
39 23 3
39 24 15
39 25 16
39 26 5
39 27 5
39 28 19
39 29 10
39 30 19
39 31 6
39 32 7
39 33 16
39 34 21
39 35 20
39 36 7
39 37 17
39 38 2
40 0 10
40 1 16
40 2 12
40 3 1
40 4 2
40 5 8
40 6 21
40 7 8
40 8 11
40 9 12
40 10 16
40 11 2
40 12 10
40 13 4
40 14 21
40 15 20
40 16 16
40 17 13
40 18 8
40 19 11
40 20 13
40 21 19
40 22 2
40 23 3
40 24 2
40 25 9
40 26 18
40 27 13
40 28 9
40 29 12
40 30 19
40 31 10
40 32 12
40 33 21
40 34 18
40 35 19
40 36 4
40 37 1
40 38 6
40 39 6
41 0 9
41 1 18
41 2 4
41 3 15
41 4 11
41 5 8
41 6 13
41 7 9
41 8 11
41 9 17
41 10 2
41 11 14
41 12 10
41 13 5
41 14 12
41 15 15
41 16 2
41 17 5
41 18 3
41 19 12
41 20 5
41 21 15
41 22 1
41 23 5
41 24 6
41 25 16
41 26 16
41 27 2
41 28 8
41 29 11
41 30 10
41 31 16
41 32 18
41 33 11
41 34 21
41 35 19
41 36 1
41 37 2
41 38 8
41 39 12
41 40 5
42 0 20
42 1 11
42 2 17
42 3 12
42 4 4
42 5 9
42 6 19
42 7 8
42 8 17
42 9 7
42 10 19
42 11 21
42 12 17
42 13 12
42 14 8
42 15 15
42 16 3
42 17 17
42 18 1
42 19 5
42 20 4
42 21 14
42 22 1
42 23 17
42 24 12
42 25 16
42 26 8
42 27 15
42 28 20
42 29 8
42 30 21
42 31 5
42 32 17
42 33 11
42 34 19
42 35 1
42 36 21
42 37 5
42 38 18
42 39 21
42 40 1
42 41 1
43 0 8
43 1 3
43 2 21
43 3 7
43 4 21
43 5 10
43 6 18
43 7 6
43 8 20
43 9 5
43 10 16
43 11 21
43 12 4
43 13 11
43 14 3
43 15 8
43 16 13
43 17 3
43 18 6
43 19 2
43 20 10
43 21 12
43 22 4
43 23 21
43 24 19
43 25 1
43 26 11
43 27 7
43 28 7
43 29 8
43 30 15
43 31 18
43 32 13
43 33 20
43 34 6
43 35 2
43 36 9
43 37 20
43 38 20
43 39 5
43 40 17
43 41 14
43 42 21
44 0 14
44 1 15
44 2 12
44 3 11
44 4 9
44 5 16
44 6 20
44 7 11
44 8 8
44 9 16
44 10 4
44 11 12
44 12 10
44 13 5
44 14 17
44 15 5
44 16 13
44 17 13
44 18 7
44 19 17
44 20 17
44 21 16
44 22 19
44 23 7
44 24 15
44 25 19
44 26 18
44 27 12
44 28 20
44 29 21
44 30 5
44 31 14
44 32 6
44 33 10
44 34 5
44 35 17
44 36 14
44 37 7
44 38 3
44 39 5
44 40 20
44 41 9
44 42 7
44 43 1
45 0 7
45 1 16
45 2 1
45 3 14
45 4 8
45 5 3
45 6 15
45 7 15
45 8 9
45 9 5
45 10 1
45 11 5
45 12 11
45 13 4
45 14 2
45 15 19
45 16 3
45 17 4
45 18 5
45 19 20
45 20 7
45 21 10
45 22 17
45 23 15
45 24 18
45 25 4
45 26 5
45 27 17
45 28 11
45 29 11
45 30 18
45 31 20
45 32 20
45 33 8
45 34 1
45 35 11
45 36 1
45 37 6
45 38 6
45 39 14
45 40 6
45 41 12
45 42 4
45 43 10
45 44 11
46 0 13
46 1 9
46 2 16
46 3 7
46 4 2
46 5 15
46 6 14
46 7 4
46 8 11
46 9 17
46 10 8
46 11 13
46 12 21
46 13 18
46 14 6
46 15 4
46 16 10
46 17 7
46 18 18
46 19 5
46 20 21
46 21 5
46 22 6
46 23 17
46 24 8
46 25 8
46 26 18
46 27 3
46 28 4
46 29 2
46 30 6
46 31 14
46 32 14
46 33 9
46 34 9
46 35 19
46 36 5
46 37 19
46 38 14
46 39 15
46 40 4
46 41 6
46 42 2
46 43 4
46 44 6
46 45 14
47 0 3
47 1 14
47 2 17
47 3 13
47 4 21
47 5 12
47 6 5
47 7 6
47 8 2
47 9 17
47 10 2
47 11 19
47 12 19
47 13 5
47 14 2
47 15 1
47 16 21
47 17 6
47 18 17
47 19 2
47 20 10
47 21 15
47 22 16
47 23 9
47 24 21
47 25 3
47 26 8
47 27 3
47 28 3
47 29 1
47 30 2
47 31 20
47 32 19
47 33 12
47 34 19
47 35 16
47 36 9
47 37 9
47 38 3
47 39 7
47 40 8
47 41 9
47 42 12
47 43 17
47 44 20
47 45 10
47 46 18
48 0 17
48 1 5
48 2 2
48 3 8
48 4 17
48 5 12
48 6 3
48 7 3
48 8 13
48 9 7
48 10 16
48 11 7
48 12 9
48 13 12
48 14 21
48 15 17
48 16 14
48 17 5
48 18 15
48 19 19
48 20 13
48 21 13
48 22 9
48 23 4
48 24 9
48 25 17
48 26 11
48 27 21
48 28 5
48 29 3
48 30 19
48 31 3
48 32 3
48 33 4
48 34 16
48 35 3
48 36 18
48 37 4
48 38 7
48 39 1
48 40 16
48 41 19
48 42 18
48 43 4
48 44 9
48 45 18
48 46 12
48 47 19
49 0 18
49 1 9
49 2 8
49 3 7
49 4 20
49 5 4
49 6 15
49 7 14
49 8 16
49 9 20
49 10 16
49 11 11
49 12 17
49 13 11
49 14 19
49 15 14
49 16 19
49 17 1
49 18 2
49 19 8
49 20 13
49 21 8
49 22 16
49 23 2
49 24 10
49 25 6
49 26 5
49 27 21
49 28 6
49 29 19
49 30 5
49 31 16
49 32 18
49 33 8
49 34 13
49 35 20
49 36 17
49 37 19
49 38 4
49 39 18
49 40 18
49 41 2
49 42 18
49 43 21
49 44 2
49 45 20
49 46 8
49 47 18
49 48 11
50 0 2
50 1 2
50 2 6
50 3 17
50 4 13
50 5 4
50 6 12
50 7 17
50 8 6
50 9 8
50 10 6
50 11 20
50 12 14
50 13 17
50 14 9
50 15 13
50 16 6
50 17 9
50 18 13
50 19 13
50 20 3
50 21 19
50 22 14
50 23 18
50 24 1
50 25 18
50 26 13
50 27 13
50 28 14
50 29 4
50 30 18
50 31 1
50 32 2
50 33 14
50 34 4
50 35 16
50 36 11
50 37 3
50 38 8
50 39 14
50 40 9
50 41 16
50 42 20
50 43 14
50 44 18
50 45 9
50 46 8
50 47 21
50 48 7
50 49 4
51 0 17
51 1 17
51 2 20
51 3 4
51 4 6
51 5 1
51 6 20
51 7 11
51 8 19
51 9 7
51 10 5
51 11 8
51 12 20
51 13 15
51 14 9
51 15 12
51 16 21
51 17 18
51 18 15
51 19 2
51 20 13
51 21 2
51 22 1
51 23 4
51 24 3
51 25 2
51 26 1
51 27 6
51 28 8
51 29 1
51 30 15
51 31 20
51 32 17
51 33 16
51 34 14
51 35 21
51 36 4
51 37 16
51 38 21
51 39 10
51 40 8
51 41 18
51 42 5
51 43 7
51 44 14
51 45 19
51 46 17
51 47 15
51 48 21
51 49 14
51 50 12
