37
1 0 17
2 0 29
2 1 24
3 0 49
3 2 37
4 1 24
4 2 3
4 3 30
5 3 8
5 4 40
6 0 4
6 1 51
6 2 51
6 3 12
7 0 10
7 2 32
8 1 1
8 2 31
8 3 45
8 4 35
9 2 15
9 3 48
9 6 43
9 7 17
9 8 8
10 0 43
10 2 26
10 3 37
10 4 43
10 7 37
11 0 36
11 3 34
11 5 17
11 8 19
12 0 11
12 2 32
12 3 12
12 4 31
12 7 30
12 8 51
12 10 6
13 0 16
13 5 14
13 8 3
13 9 8
13 11 26
14 1 1
14 6 25
14 10 18
14 12 35
15 1 25
15 3 48
15 6 26
15 7 25
15 8 32
15 9 25
15 10 19
15 13 23
15 14 11
16 3 3
16 4 9
16 5 7
16 8 8
16 9 12
16 12 17
16 13 36
16 15 29
17 0 34
17 1 35
17 2 44
17 5 9
18 1 29
18 2 49
18 6 31
18 7 30
18 10 25
18 11 22
18 13 49
18 14 13
18 15 17
18 17 7
19 1 32
19 2 4
19 7 5
19 15 2
19 16 17
19 18 16
20 0 11
20 1 49
20 2 46
20 3 34
20 6 31
20 7 46
20 8 47
20 11 9
20 12 17
20 15 42
20 16 33
20 19 3
21 0 14
21 1 17
21 3 23
21 5 28
21 6 47
21 7 19
21 9 45
21 11 26
21 12 44
21 13 5
21 14 28
21 15 48
21 16 42
21 17 5
21 20 5
22 0 8
22 5 35
22 10 28
22 14 13
22 15 34
22 16 12
22 17 17
22 18 23
22 19 29
22 21 11
23 2 33
23 4 4
23 5 30
23 6 8
23 7 36
23 10 22
23 11 5
23 13 37
23 14 37
23 18 47
23 19 4
23 22 21
24 1 11
24 4 24
24 5 1
24 6 38
24 7 8
24 8 28
24 11 12
24 12 13
24 13 27
24 18 46
24 20 2
24 22 1
25 3 34
25 4 36
25 5 35
25 9 48
25 13 40
25 21 7
25 24 50
26 0 18
26 1 16
26 2 27
26 5 16
26 7 50
26 8 43
26 11 25
26 14 12
26 16 23
26 18 20
26 20 15
26 22 40
26 23 44
27 5 36
27 7 47
27 8 49
27 9 5
27 10 40
27 13 40
27 16 45
27 17 41
27 20 31
27 22 46
27 24 11
27 26 46
28 1 38
28 2 35
28 3 10
28 9 36
28 16 8
28 17 34
28 20 45
28 22 33
28 24 11
28 25 40
28 26 19
29 0 16
29 4 4
29 7 5
29 10 16
29 11 41
29 14 41
29 16 36
29 17 32
29 18 51
29 26 46
30 0 29
30 3 4
30 9 10
30 14 10
30 19 2
30 25 7
30 27 36
31 0 8
31 3 48
31 5 6
31 9 24
31 12 36
31 14 38
31 16 14
31 17 30
31 18 9
31 20 37
31 24 24
31 25 8
31 26 16
31 27 9
31 28 14
31 29 10
31 30 38
32 1 37
32 2 16
32 8 10
32 9 18
32 12 18
32 14 44
32 16 26
32 18 30
32 21 31
32 22 38
32 23 3
32 30 14
32 31 42
33 1 50
33 4 2
33 5 8
33 9 50
33 15 18
33 17 50
33 22 41
33 23 15
33 24 7
33 25 36
33 26 2
33 28 45
33 30 37
33 31 27
34 2 39
34 3 9
34 5 37
34 7 18
34 10 46
34 12 29
34 13 43
34 17 32
34 19 1
34 22 39
34 24 50
34 25 37
34 26 28
34 28 14
34 30 23
34 31 29
35 0 43
35 3 45
35 5 29
35 8 20
35 10 26
35 13 5
35 14 44
35 16 22
35 18 51
35 21 39
35 22 6
35 24 45
35 32 49
35 34 5
36 0 21
36 1 33
36 3 33
36 8 28
36 14 49
36 15 14
36 23 37
36 26 9
36 32 25
