38
1 0 1
2 1 6
3 1 31
3 2 5
4 1 40
5 0 22
5 1 38
5 4 26
6 0 9
6 1 30
6 3 14
6 4 8
7 0 5
7 2 8
7 3 39
7 4 41
8 0 15
8 2 14
8 7 39
9 0 22
9 2 17
9 6 9
9 8 19
10 1 5
11 0 28
11 2 34
11 3 6
11 4 35
11 5 17
11 6 18
11 7 21
11 8 36
11 10 41
12 0 6
12 1 40
12 2 7
12 4 36
12 5 25
12 7 7
12 8 41
12 9 14
13 4 40
13 8 44
13 12 18
14 1 4
14 2 32
14 3 8
14 5 23
14 6 36
14 7 16
14 9 13
15 0 18
15 2 18
15 3 9
15 4 8
15 7 2
15 9 2
15 10 7
15 12 16
16 2 6
16 3 12
16 5 9
16 6 7
16 7 10
16 8 18
16 10 28
16 11 11
16 13 7
17 1 35
17 2 36
17 5 20
17 7 6
17 13 43
17 14 13
17 15 31
17 16 3
18 1 35
18 5 37
18 8 38
18 10 12
18 11 43
18 13 27
18 14 43
18 15 41
18 17 37
19 2 2
19 6 7
19 7 29
19 9 9
19 12 24
19 13 36
19 17 18
19 18 35
20 0 9
20 1 10
20 2 12
20 4 26
20 8 37
20 9 24
20 10 39
20 12 41
20 13 19
20 14 32
20 15 30
20 19 12
21 6 16
21 7 16
21 12 39
22 3 36
22 6 10
22 8 24
22 11 19
22 12 16
22 14 35
22 15 28
22 19 30
22 21 13
23 3 42
23 5 32
23 7 27
23 8 33
23 10 28
23 11 4
23 13 5
23 14 45
23 17 16
23 18 26
23 20 14
24 0 11
24 2 42
24 3 40
24 4 35
24 5 28
24 6 27
24 8 10
24 11 25
24 14 27
24 16 14
24 17 26
24 18 2
24 23 24
25 0 29
25 2 2
25 3 14
25 5 13
25 6 40
25 9 9
25 10 37
25 11 4
25 12 27
25 14 3
25 19 40
26 0 26
26 3 1
26 4 20
26 5 41
26 6 14
26 9 7
26 12 2
26 13 28
26 15 26
26 16 25
26 20 16
26 21 22
26 23 2
26 24 3
26 25 33
27 0 22
27 1 6
27 4 41
27 5 6
27 10 20
27 15 30
27 18 29
27 20 18
27 21 42
28 0 12
28 1 6
28 2 6
28 3 16
28 9 8
28 11 44
28 15 19
28 17 37
28 22 14
28 23 42
28 26 41
28 27 37
29 4 17
29 5 37
29 7 27
29 10 4
29 11 39
29 16 37
29 22 34
29 23 16
29 27 10
30 0 3
30 3 42
30 5 40
30 6 38
30 7 17
30 10 33
30 12 26
30 14 7
30 15 10
30 16 26
30 17 19
30 18 23
30 19 26
30 21 35
30 23 37
30 25 31
30 26 3
30 28 27
31 2 37
31 5 40
31 8 19
31 9 37
31 15 7
31 19 35
31 20 4
31 22 38
31 23 8
31 24 15
31 29 23
31 30 14
32 1 16
32 2 1
32 3 2
32 5 13
32 6 16
32 11 27
32 19 41
32 22 4
32 23 38
32 31 40
33 1 34
33 2 35
33 3 43
33 5 10
33 7 29
33 8 4
33 11 41
33 12 27
33 13 9
33 14 38
33 15 33
33 16 36
33 18 44
33 19 45
33 20 9
33 21 45
33 24 20
33 26 41
33 27 43
33 29 12
33 30 4
33 32 4
34 3 8
34 4 7
34 8 14
34 9 19
34 10 8
34 12 6
34 13 10
34 14 35
34 15 18
34 16 15
34 17 38
34 24 44
34 28 25
34 30 36
34 31 5
34 32 11
35 0 9
35 1 19
35 3 36
35 5 32
35 9 31
35 10 6
35 11 18
35 14 36
35 17 36
35 19 30
35 21 2
35 22 2
35 24 5
35 25 37
35 26 28
35 30 17
35 32 19
36 0 33
36 1 7
36 3 44
36 4 19
36 5 7
36 6 9
36 7 30
36 8 30
36 11 38
36 12 18
36 13 7
36 14 4
36 15 40
36 16 45
36 17 18
36 21 34
36 24 7
36 25 27
36 26 12
36 28 37
36 30 34
36 33 29
36 34 1
37 0 23
37 1 9
37 3 14
37 5 12
37 7 33
37 11 33
37 12 27
37 15 26
37 17 19
37 18 19
37 19 30
37 20 8
37 22 32
37 23 24
37 24 45
37 25 11
37 28 22
37 32 37
37 33 32
37 36 33
