17
2 0 39
3 0 1
4 1 33
4 2 19
5 0 24
5 3 17
6 0 36
6 1 24
6 2 39
6 4 21
7 0 41
7 1 48
7 3 45
7 4 65
7 5 23
7 6 26
8 0 9
8 1 55
8 2 36
9 1 12
9 4 48
9 6 23
9 8 58
10 0 66
10 1 52
10 6 10
10 7 39
10 8 16
11 0 20
11 3 10
11 5 14
11 6 52
11 7 3
11 8 35
11 9 17
12 1 65
12 3 61
12 4 12
12 5 59
12 6 49
12 9 24
13 0 18
13 5 38
13 7 53
13 8 15
13 10 2
13 11 17
13 12 27
14 3 43
14 7 52
14 10 56
14 13 41
15 1 39
15 4 48
15 5 12
15 6 5
15 7 40
15 10 21
15 11 61
15 12 55
16 3 43
16 5 41
16 6 31
16 7 17
16 8 4
16 12 49
16 13 10
