61
1 0 29
2 1 1
3 1 34
3 2 29
4 0 22
4 2 54
4 3 10
5 0 16
5 1 20
5 3 66
5 4 58
6 0 2
6 2 24
6 3 18
6 4 55
7 0 66
7 3 28
7 4 69
7 5 14
8 1 12
8 6 25
9 1 53
9 2 50
9 4 18
9 5 8
9 8 65
10 0 36
10 5 64
10 6 36
10 7 65
11 2 42
11 5 11
11 6 7
11 7 8
11 9 32
11 10 65
12 0 36
12 1 12
12 2 16
12 3 44
12 4 27
12 7 13
12 9 45
12 10 19
12 11 58
13 1 46
13 5 51
13 6 44
13 7 65
13 8 62
13 9 67
13 10 17
14 5 11
14 6 21
14 10 12
14 11 35
14 12 52
15 0 33
15 3 25
15 4 13
15 7 33
15 8 39
15 9 67
15 12 10
15 14 16
16 4 51
16 5 9
16 7 33
16 9 67
16 10 63
16 11 39
16 15 47
17 3 55
17 5 47
17 6 25
17 7 50
17 8 28
17 9 39
17 11 31
17 13 69
17 14 47
17 15 37
17 16 50
18 0 21
18 1 50
18 3 51
18 4 9
18 8 41
18 9 36
18 10 54
18 11 7
18 12 43
18 14 2
18 16 51
19 0 27
19 3 24
19 5 53
19 7 4
19 10 58
19 16 27
19 18 42
20 0 6
20 2 30
20 3 4
20 4 41
20 6 57
20 9 9
20 10 7
20 11 62
20 12 37
20 15 67
20 16 4
20 17 66
21 0 41
21 2 57
21 5 62
21 7 23
21 8 68
21 11 8
21 15 14
21 16 43
21 20 61
22 0 21
22 1 45
22 3 57
22 5 59
22 7 31
22 9 51
22 10 6
22 11 14
22 13 16
22 19 15
22 21 60
23 0 41
23 1 42
23 3 62
23 5 54
23 6 61
23 7 57
23 8 35
23 9 1
23 11 30
23 12 25
23 19 44
23 20 1
23 21 8
23 22 25
24 3 59
24 5 31
24 8 37
24 11 47
24 18 28
25 0 29
25 4 11
25 5 61
25 6 28
25 7 5
25 9 67
25 12 3
25 13 17
25 15 38
25 17 18
25 18 42
25 20 5
25 21 54
25 24 24
26 2 35
26 3 10
26 5 22
26 6 10
26 12 25
26 17 39
26 19 14
26 22 62
26 24 59
26 25 50
27 1 49
27 2 25
27 7 7
27 8 11
27 11 67
27 15 1
27 16 64
27 18 37
27 22 17
28 0 26
28 1 21
28 5 48
28 6 51
28 7 42
28 8 67
28 9 12
28 10 60
28 19 66
28 20 69
28 22 13
28 23 33
28 24 51
28 25 1
28 26 57
29 0 32
29 2 5
29 4 53
29 9 46
29 11 51
29 12 5
29 13 55
29 14 46
29 17 21
29 18 27
29 21 26
29 22 45
29 23 66
29 25 5
30 0 66
30 3 5
30 6 26
30 7 66
30 8 44
30 11 33
30 12 50
30 14 59
30 16 23
30 22 18
30 26 10
30 27 51
31 0 15
31 2 7
31 4 11
31 5 64
31 6 26
31 7 24
31 12 54
31 14 33
31 19 67
31 24 57
31 25 1
31 28 1
31 29 7
32 4 14
32 6 62
32 7 35
32 8 16
32 10 4
32 12 53
32 13 47
32 14 15
32 16 13
32 18 14
32 19 61
32 21 3
32 26 18
32 27 10
33 6 45
33 9 2
33 12 34
33 13 7
33 15 36
33 16 17
33 17 27
33 18 21
33 19 22
33 21 37
33 22 48
33 23 30
33 24 45
33 25 17
33 26 32
33 28 19
33 29 21
33 30 7
34 10 29
34 11 24
34 14 41
34 16 2
34 17 47
34 20 26
34 21 7
34 22 45
34 24 31
34 32 65
35 0 59
35 1 69
35 9 7
35 10 44
35 11 35
35 15 47
35 16 37
35 20 17
35 21 56
35 23 16
35 26 16
35 28 10
35 29 7
35 31 52
35 33 55
35 34 59
36 0 34
36 5 39
36 6 43
36 9 63
36 11 59
36 13 8
36 14 23
36 16 49
36 18 26
36 19 24
36 23 66
36 25 51
36 28 68
36 30 66
36 33 14
36 34 64
37 4 9
37 5 64
37 6 21
37 8 55
37 10 57
37 11 35
37 12 34
37 13 5
37 16 10
37 17 7
37 24 50
37 26 39
37 30 4
37 33 67
37 35 64
37 36 3
38 2 63
38 5 67
38 6 20
38 9 20
38 15 6
38 17 54
38 18 40
38 20 5
38 21 18
38 25 7
38 26 35
38 27 13
38 29 47
38 30 3
38 31 15
38 34 67
38 35 8
39 0 15
39 5 54
39 6 21
39 16 12
39 21 14
39 22 26
39 23 16
39 28 69
39 29 20
39 30 7
39 35 56
39 37 30
40 1 61
40 3 7
40 6 49
40 8 47
40 9 13
40 14 9
40 15 66
40 17 7
40 18 34
40 20 35
40 22 46
40 23 34
40 24 7
40 34 42
40 35 50
40 38 52
41 1 13
41 2 5
41 3 15
41 5 61
41 7 36
41 10 40
41 11 68
41 12 33
41 13 9
41 14 42
41 15 23
41 16 67
41 17 46
41 18 40
41 19 43
41 20 7
41 21 50
41 22 41
41 24 45
41 25 40
41 26 6
41 29 56
41 31 7
41 32 68
41 33 56
41 34 51
41 37 54
41 39 55
41 40 25
42 1 44
42 6 36
42 8 35
42 12 29
42 14 67
42 15 5
42 19 47
42 20 34
42 22 49
42 23 15
42 24 32
42 25 62
42 26 52
42 31 12
42 34 49
42 36 31
42 38 53
42 40 66
42 41 41
43 0 12
43 2 27
43 4 63
43 5 27
43 6 46
43 7 47
43 8 37
43 11 61
43 13 54
43 14 13
43 15 58
43 16 62
43 18 45
43 19 14
43 23 36
43 25 54
43 27 49
43 32 48
43 33 60
43 37 10
43 38 63
43 39 48
43 40 9
43 41 28
44 2 3
44 3 63
44 4 35
44 5 25
44 7 28
44 8 65
44 11 51
44 13 20
44 14 10
44 15 31
44 20 5
44 22 35
44 23 11
44 24 41
44 25 55
44 27 39
44 28 47
44 32 36
44 34 66
44 35 35
44 36 25
44 38 51
44 40 9
44 41 23
45 1 20
45 3 33
45 7 50
45 8 44
45 12 32
45 13 40
45 14 10
45 17 7
45 21 13
45 25 11
45 26 42
45 27 67
45 28 53
45 29 14
45 33 46
45 35 65
45 37 59
45 41 27
45 43 6
46 0 26
46 1 7
46 2 22
46 3 58
46 5 41
46 9 45
46 12 11
46 13 21
46 16 18
46 20 22
46 23 42
46 25 64
46 26 6
46 28 61
46 29 38
46 33 68
46 34 66
46 39 69
46 41 61
46 43 59
46 45 57
47 2 4
47 4 58
47 6 7
47 7 12
47 8 65
47 9 63
47 10 3
47 11 26
47 17 53
47 20 18
47 24 22
47 27 3
47 28 55
47 29 8
47 31 60
47 32 64
47 34 51
47 36 37
47 38 33
47 39 27
47 40 64
47 42 2
47 43 25
47 44 11
47 45 52
47 46 35
48 1 6
48 2 29
48 4 20
48 6 1
48 7 40
48 11 19
48 13 39
48 15 24
48 18 43
48 19 53
48 21 35
48 23 40
48 24 21
48 25 38
48 30 59
48 33 30
48 34 5
48 35 30
48 37 12
48 38 10
48 39 42
48 40 38
48 42 26
48 46 12
49 0 27
49 4 65
49 5 28
49 7 24
49 9 53
49 10 15
49 15 7
49 16 51
49 18 34
49 19 44
49 22 18
49 23 35
49 28 54
49 29 42
49 32 4
49 35 11
49 39 53
49 42 32
49 44 69
50 1 1
50 2 10
50 4 18
50 5 8
50 8 61
50 9 46
50 10 65
50 11 64
50 12 47
50 13 60
50 15 53
50 17 41
50 18 38
50 19 31
50 20 38
50 21 11
50 22 32
50 23 57
50 24 34
50 25 6
50 26 25
50 27 34
50 31 33
50 32 20
50 33 7
50 41 7
50 44 23
50 45 57
50 48 1
51 0 23
51 3 57
51 7 59
51 10 1
51 11 25
51 14 18
51 15 3
51 17 37
51 19 54
51 22 52
51 24 7
51 25 62
51 26 42
51 27 40
51 29 44
51 30 11
51 31 3
51 33 21
51 36 61
51 38 40
51 41 50
51 42 54
51 43 36
51 46 43
51 48 40
51 49 47
52 1 2
52 2 48
52 4 57
52 6 64
52 8 28
52 11 53
52 13 22
52 15 8
52 16 40
52 18 18
52 20 3
52 21 58
52 25 61
52 27 9
52 32 14
52 33 50
52 37 41
52 39 50
52 41 16
52 44 61
52 45 42
52 48 62
52 49 66
53 0 27
53 2 38
53 3 5
53 6 34
53 7 43
53 9 13
53 10 43
53 17 27
53 20 39
53 22 19
53 23 37
53 25 7
53 26 4
53 28 16
53 29 60
53 31 40
53 32 31
53 34 61
53 36 32
53 40 27
53 41 37
53 43 28
53 44 65
53 46 13
53 47 51
53 48 6
53 49 19
53 50 43
54 0 50
54 1 34
54 2 43
54 5 61
54 7 53
54 12 16
54 14 17
54 15 29
54 18 58
54 19 12
54 20 17
54 22 20
54 27 15
54 29 42
54 30 17
54 32 28
54 33 56
54 35 28
54 36 50
54 37 15
54 38 10
54 40 54
54 47 26
54 49 69
54 50 53
54 51 8
55 1 44
55 4 36
55 8 61
55 14 58
55 16 14
55 19 65
55 21 52
55 22 44
55 23 41
55 26 34
55 28 27
55 30 26
55 33 14
55 34 58
55 35 21
55 36 35
55 37 53
55 38 68
55 40 36
55 44 33
55 45 13
55 46 43
55 48 28
55 49 9
55 50 43
55 51 24
56 4 43
56 6 53
56 7 36
56 9 41
56 10 64
56 16 7
56 17 24
56 18 41
56 20 36
56 21 39
56 22 18
56 24 25
56 26 3
56 27 13
56 31 53
56 32 46
56 33 68
56 36 16
56 39 48
56 41 43
56 42 28
56 46 23
56 47 66
56 48 12
56 49 33
56 50 54
56 52 63
56 53 27
57 0 58
57 3 63
57 7 11
57 11 11
57 14 42
57 19 30
57 22 4
57 24 1
57 25 29
57 26 41
57 28 65
57 29 37
57 30 52
57 32 22
57 35 19
57 37 40
57 38 39
57 39 18
57 41 36
57 42 45
57 43 63
57 44 7
57 49 17
57 53 34
57 54 31
57 56 52
58 3 35
58 4 18
58 5 55
58 7 41
58 12 34
58 13 37
58 16 2
58 18 26
58 22 55
58 31 33
58 32 57
58 40 14
58 41 34
58 43 21
58 45 5
58 46 67
58 47 50
58 50 31
58 52 1
59 0 14
59 5 46
59 6 28
59 8 36
59 12 13
59 13 45
59 14 46
59 16 54
59 17 16
59 19 4
59 20 51
59 21 56
59 24 28
59 28 2
59 29 33
59 32 5
59 33 49
59 35 56
59 36 57
59 38 65
59 39 63
59 41 1
59 43 4
59 49 2
59 50 29
59 52 56
59 53 61
59 55 17
59 57 21
60 7 64
60 8 42
60 11 38
60 12 8
60 14 14
60 20 19
60 21 21
60 23 47
60 25 28
60 26 5
60 30 24
60 31 36
60 33 16
60 34 54
60 40 18
60 42 6
60 44 7
60 46 69
60 47 41
60 48 26
60 50 66
60 53 56
60 54 13
60 57 36
