63
1 0 9
2 1 6
3 2 5
4 3 12
5 0 16
5 3 2
5 4 11
6 4 2
6 5 2
7 1 8
7 3 15
7 4 10
7 5 5
7 6 8
8 2 14
8 4 15
8 5 15
8 7 14
9 1 4
9 5 2
9 7 11
9 8 2
10 2 4
10 3 8
10 5 9
10 6 10
10 7 2
10 8 14
11 6 10
11 7 10
11 8 9
12 0 12
12 1 10
12 3 12
12 4 1
12 5 4
12 6 10
12 8 6
12 9 15
12 10 8
13 0 3
13 1 9
13 2 6
13 4 15
13 9 9
13 10 6
13 11 4
13 12 16
14 1 10
14 2 13
14 3 12
14 4 9
14 7 9
14 10 13
15 0 10
15 1 1
15 3 15
15 6 11
15 8 9
15 11 8
16 0 13
16 8 16
16 10 9
16 15 8
17 0 14
17 1 7
17 2 4
17 3 15
17 6 12
17 7 16
17 8 11
17 12 9
18 1 6
18 4 16
18 6 5
18 7 2
18 9 1
18 11 13
18 12 13
18 13 4
18 14 3
18 16 4
19 0 10
19 1 8
19 2 2
19 3 6
19 6 15
19 7 2
19 9 16
19 10 14
19 11 11
19 18 7
20 0 1
20 3 7
20 5 4
20 9 13
20 12 2
20 14 2
20 16 1
20 18 7
20 19 7
21 0 10
21 1 2
21 3 14
21 4 8
21 7 7
21 10 10
21 11 16
21 12 4
21 15 4
21 17 3
21 18 4
21 19 10
22 2 15
22 3 6
22 5 12
22 6 4
22 7 10
22 8 15
22 9 1
22 10 8
22 11 6
22 12 15
22 13 9
22 14 15
22 18 11
22 19 12
22 21 11
23 0 14
23 2 16
23 3 15
23 5 11
23 7 5
23 8 11
23 11 10
23 16 14
23 17 5
23 18 12
24 0 16
24 1 15
24 2 5
24 3 2
24 5 10
24 6 11
24 8 6
24 9 11
24 10 15
24 12 4
24 13 16
24 15 12
24 16 12
24 20 14
24 22 13
24 23 5
25 0 15
25 3 3
25 6 9
25 7 13
25 9 3
25 10 13
25 11 11
25 16 7
25 17 12
25 19 12
25 21 14
25 24 2
26 0 15
26 1 13
26 2 3
26 3 8
26 6 5
26 8 8
26 11 3
26 12 12
26 15 1
26 16 2
26 18 1
26 20 9
26 23 2
26 25 16
27 0 12
27 2 6
27 4 13
27 5 12
27 6 3
27 7 6
27 8 15
27 11 16
27 12 4
27 13 16
27 14 11
27 15 12
27 17 12
27 18 5
27 19 2
27 20 10
27 23 15
27 24 16
27 25 15
27 26 9
28 0 10
28 1 9
28 2 16
28 4 13
28 6 7
28 7 12
28 9 6
28 13 11
28 14 12
28 17 4
28 20 11
28 22 10
28 24 14
29 0 9
29 1 7
29 2 10
29 4 15
29 5 16
29 6 6
29 13 15
29 14 2
29 15 3
29 16 3
29 18 1
29 20 2
29 23 16
29 24 7
29 25 2
29 27 4
29 28 6
30 1 14
30 3 4
30 5 11
30 9 15
30 11 13
30 14 11
30 16 11
30 17 16
30 18 1
30 20 13
30 21 16
30 22 2
30 23 14
30 28 13
31 0 2
31 1 6
31 2 5
31 3 9
31 6 7
31 7 16
31 15 7
31 16 3
31 18 9
31 19 3
31 20 15
31 21 4
31 22 5
31 25 12
31 26 8
31 28 2
31 29 12
31 30 6
32 0 13
32 1 7
32 2 1
32 3 8
32 5 13
32 6 12
32 8 15
32 9 13
32 12 6
32 13 5
32 14 9
32 15 6
32 17 10
32 21 1
32 22 7
32 24 7
32 25 7
32 28 6
33 0 7
33 2 10
33 5 10
33 7 16
33 8 12
33 10 14
33 14 5
33 15 6
33 17 14
33 19 1
33 20 2
33 25 5
33 26 14
33 27 4
34 1 10
34 3 6
34 4 8
34 6 6
34 10 15
34 11 12
34 12 15
34 16 3
34 17 4
34 19 12
34 23 4
34 25 5
34 26 3
34 28 16
34 29 2
34 30 12
34 31 5
35 0 10
35 1 16
35 2 10
35 4 3
35 7 7
35 9 1
35 13 5
35 14 1
35 15 5
35 18 14
35 19 6
35 20 3
35 21 15
35 22 16
35 25 3
35 27 9
35 28 1
35 30 15
35 31 12
35 33 7
35 34 14
36 0 4
36 1 1
36 3 8
36 5 16
36 6 4
36 7 14
36 8 8
36 10 2
36 12 12
36 16 15
36 17 13
36 18 1
36 19 10
36 20 8
36 21 7
36 23 8
36 25 1
36 26 15
36 27 8
36 30 14
36 31 10
36 33 2
37 6 16
37 7 9
37 8 9
37 14 14
37 19 10
37 21 2
37 23 13
37 25 14
37 26 2
37 30 1
37 32 6
37 33 11
37 35 4
38 1 7
38 4 16
38 7 9
38 10 9
38 13 3
38 15 9
38 17 5
38 18 6
38 19 5
38 23 12
38 24 11
38 25 6
38 26 8
38 31 6
38 33 12
38 34 4
38 36 5
39 1 13
39 2 15
39 3 11
39 4 4
39 5 2
39 7 1
39 8 13
39 9 16
39 12 15
39 13 13
39 18 1
39 19 10
39 20 11
39 23 7
39 24 9
39 26 16
39 27 1
39 28 13
39 32 2
39 34 15
40 1 4
40 4 3
40 7 14
40 10 2
40 11 9
40 15 1
40 18 14
40 20 6
40 21 7
40 22 11
40 24 10
40 25 13
40 26 13
40 28 10
40 30 16
40 31 11
40 32 13
40 34 3
40 35 6
40 36 5
40 38 9
40 39 10
41 0 13
41 2 13
41 3 9
41 7 1
41 8 7
41 9 11
41 12 10
41 14 7
41 15 3
41 16 12
41 18 3
41 21 11
41 23 8
41 24 12
41 26 12
41 28 1
41 30 15
41 32 2
41 34 8
41 36 14
41 38 4
42 0 15
42 1 1
42 2 8
42 3 6
42 4 10
42 5 12
42 10 8
42 12 11
42 15 6
42 17 7
42 20 1
42 21 11
42 24 1
42 26 5
42 27 15
42 29 4
42 30 14
42 31 9
42 33 3
42 35 11
42 37 13
42 38 8
42 40 2
42 41 5
43 1 5
43 2 16
43 7 15
43 8 11
43 9 16
43 10 15
43 11 14
43 14 8
43 16 4
43 18 4
43 19 5
43 24 5
43 25 4
43 27 12
43 28 15
43 32 1
43 33 8
43 35 2
43 37 12
43 38 13
44 1 10
44 3 13
44 4 14
44 5 13
44 7 3
44 8 7
44 11 13
44 12 15
44 13 5
44 14 12
44 20 8
44 23 2
44 24 13
44 29 11
44 30 15
44 32 12
44 35 5
44 36 7
44 38 16
44 41 13
44 42 13
44 43 14
45 0 5
45 3 3
45 5 8
45 7 4
45 8 6
45 13 15
45 16 12
45 22 3
45 25 2
45 27 16
45 28 13
45 30 8
45 31 2
45 32 10
45 38 11
45 39 1
45 40 3
45 43 9
46 2 1
46 7 13
46 9 6
46 10 10
46 12 3
46 14 15
46 17 14
46 19 13
46 20 1
46 21 14
46 23 16
46 24 5
46 25 16
46 27 5
46 29 13
46 37 7
46 38 10
46 39 8
46 41 1
46 43 4
46 44 6
46 45 10
47 2 9
47 4 16
47 5 14
47 10 1
47 11 8
47 13 5
47 14 15
47 15 7
47 19 9
47 20 8
47 21 7
47 22 13
47 23 10
47 25 10
47 27 16
47 28 7
47 30 11
47 31 12
47 34 4
47 36 13
47 38 10
47 39 1
47 40 15
47 41 11
47 42 10
47 45 8
47 46 14
48 2 9
48 5 10
48 7 1
48 8 3
48 9 8
48 10 10
48 11 12
48 12 11
48 13 2
48 17 10
48 18 5
48 20 11
48 22 16
48 27 1
48 29 11
48 30 8
48 32 10
48 33 12
48 34 4
48 37 2
48 38 12
48 39 3
48 42 2
48 43 15
48 47 5
49 1 16
49 3 16
49 5 10
49 9 5
49 11 13
49 14 11
49 16 11
49 17 9
49 19 13
49 20 11
49 21 14
49 24 14
49 26 12
49 31 6
49 32 6
49 33 10
49 34 4
49 35 5
49 36 8
49 41 4
49 42 14
49 44 9
49 45 4
49 46 4
49 47 2
49 48 8
50 1 1
50 2 5
50 7 4
50 8 3
50 12 8
50 13 11
50 14 9
50 15 16
50 17 12
50 20 3
50 22 12
50 23 5
50 25 11
50 27 2
50 28 5
50 29 5
50 30 5
50 31 12
50 33 8
50 35 3
50 36 6
50 37 12
50 38 15
50 42 12
50 45 4
50 48 10
50 49 7
51 3 4
51 5 11
51 6 2
51 8 6
51 10 16
51 11 1
51 12 11
51 16 4
51 17 6
51 20 9
51 21 13
51 22 15
51 23 10
51 26 5
51 27 16
51 29 15
51 30 1
51 31 11
51 32 15
51 33 15
51 35 1
51 36 4
51 37 6
51 39 2
51 41 4
51 49 3
52 1 9
52 2 12
52 3 15
52 4 14
52 5 9
52 6 9
52 8 1
52 10 12
52 12 4
52 14 11
52 16 3
52 18 11
52 20 5
52 25 6
52 30 9
52 32 4
52 35 1
52 36 9
52 38 4
52 39 14
52 41 3
52 44 15
52 45 8
52 46 1
52 48 15
52 49 10
52 50 4
52 51 10
53 1 7
53 6 4
53 8 15
53 9 13
53 10 7
53 17 13
53 21 12
53 22 16
53 23 1
53 24 14
53 25 11
53 26 16
53 27 3
53 30 2
53 31 11
53 32 13
53 37 14
53 39 7
53 41 7
53 43 8
53 44 5
53 45 12
53 48 2
53 50 2
53 52 1
54 3 8
54 4 10
54 5 2
54 6 2
54 7 1
54 12 15
54 14 14
54 20 10
54 22 13
54 24 3
54 26 16
54 29 5
54 31 11
54 32 3
54 34 15
54 36 15
54 37 15
54 39 5
54 40 16
54 42 12
54 46 12
54 47 16
54 48 11
54 51 4
54 53 8
55 0 5
55 1 12
55 3 3
55 4 4
55 5 3
55 8 5
55 10 11
55 11 6
55 16 10
55 17 3
55 20 7
55 22 4
55 25 7
55 27 3
55 29 14
55 30 6
55 32 16
55 34 6
55 35 2
55 37 12
55 38 7
55 39 6
55 42 5
55 43 8
55 46 11
55 47 14
55 48 13
55 49 10
55 50 15
55 51 13
55 52 2
55 54 2
56 0 4
56 1 7
56 3 13
56 4 1
56 14 13
56 18 16
56 22 7
56 23 13
56 25 8
56 26 8
56 34 2
56 36 8
56 37 1
56 38 9
56 40 15
56 42 10
56 43 6
56 44 3
56 45 9
56 49 9
56 51 15
56 52 16
56 53 15
56 54 16
57 1 11
57 2 15
57 3 12
57 7 1
57 8 10
57 9 11
57 10 3
57 11 7
57 12 9
57 14 8
57 15 8
57 17 7
57 18 11
57 19 13
57 24 1
57 27 8
57 28 4
57 31 14
57 32 8
57 33 1
57 35 5
57 39 1
57 40 13
57 41 3
57 42 12
57 43 4
57 44 15
57 47 6
57 48 7
57 50 7
57 52 7
57 55 10
58 1 14
58 2 1
58 5 13
58 8 4
58 17 13
58 21 16
58 29 10
58 30 5
58 31 10
58 35 11
58 36 7
58 38 5
58 39 4
58 40 8
58 44 5
58 46 2
58 47 6
58 48 7
58 49 16
58 56 8
58 57 16
59 0 2
59 1 10
59 3 7
59 7 5
59 12 9
59 14 15
59 18 7
59 19 9
59 20 6
59 21 15
59 22 14
59 27 6
59 28 10
59 29 4
59 30 11
59 32 10
59 33 3
59 35 8
59 37 10
59 38 8
59 40 12
59 41 2
59 42 1
59 45 15
59 46 15
59 47 10
59 49 13
59 50 2
59 51 1
59 52 6
59 53 4
59 55 8
59 56 1
59 57 16
60 2 12
60 3 14
60 7 15
60 11 15
60 14 1
60 15 1
60 18 4
60 20 14
60 21 2
60 22 6
60 25 2
60 26 12
60 27 3
60 29 15
60 30 10
60 33 2
60 35 11
60 37 12
60 38 4
60 40 7
60 42 7
60 44 12
60 45 6
60 46 6
60 49 4
60 51 13
60 52 11
60 54 14
61 0 7
61 1 9
61 2 9
61 3 3
61 6 6
61 8 15
61 9 5
61 15 5
61 16 9
61 19 6
61 21 13
61 22 13
61 23 14
61 25 10
61 27 1
61 28 14
61 29 5
61 31 9
61 33 5
61 35 4
61 36 6
61 37 2
61 42 4
61 43 12
61 45 1
61 47 2
61 50 3
61 51 14
61 55 7
61 56 11
61 58 6
61 59 3
61 60 14
62 1 3
62 2 14
62 6 3
62 7 10
62 9 6
62 11 9
62 12 11
62 13 2
62 14 5
62 16 3
62 20 3
62 22 9
62 28 10
62 29 2
62 30 6
62 31 3
62 33 14
62 34 10
62 35 9
62 37 5
62 38 3
62 39 2
62 40 3
62 42 9
62 43 8
62 45 10
62 46 4
62 48 2
62 49 2
62 50 11
62 53 13
62 58 9
62 60 13
62 61 13
