48
3 1 13
3 2 17
4 0 42
5 1 8
6 0 24
6 1 59
6 3 5
6 5 39
7 3 34
7 4 35
7 5 56
7 6 20
8 2 20
8 4 49
8 6 44
9 3 28
9 6 18
9 7 16
9 8 56
10 3 18
10 7 6
10 9 53
11 0 4
11 1 42
11 2 21
11 6 4
11 8 14
11 10 42
12 1 31
12 2 37
12 3 22
12 6 39
12 9 49
12 11 40
13 2 28
13 5 27
13 6 49
13 8 42
13 11 11
13 12 41
14 0 43
14 1 8
14 2 44
14 4 59
14 7 47
14 8 25
14 9 32
14 12 23
15 0 2
15 3 59
15 4 38
15 5 14
15 7 55
15 9 7
15 11 39
15 12 49
16 0 37
16 4 58
16 9 4
16 10 19
16 11 46
17 1 51
17 3 25
17 5 35
17 8 40
17 9 24
17 10 43
17 14 9
17 15 21
17 16 32
18 0 5
18 3 35
18 5 1
18 6 12
18 8 1
18 9 14
18 14 6
18 15 20
19 0 5
19 2 36
19 3 51
19 4 57
19 7 37
19 13 14
19 14 58
19 17 24
20 0 6
20 1 41
20 2 20
20 4 3
20 6 36
20 7 21
20 8 46
20 11 19
20 12 21
21 1 14
21 3 29
21 4 56
21 5 2
21 6 8
21 8 39
21 10 22
21 16 46
22 5 9
22 9 23
22 11 23
22 14 51
22 16 43
22 18 9
22 19 17
22 21 26
23 0 57
23 1 57
23 2 25
23 6 42
23 9 26
23 11 31
23 12 12
23 14 42
23 19 12
23 21 44
23 22 38
24 0 2
24 2 8
24 3 2
24 5 40
24 6 43
24 7 31
24 12 6
24 14 17
24 15 12
24 19 18
24 21 21
24 22 15
24 23 3
25 0 15
25 5 11
25 7 20
25 10 24
25 11 46
25 12 38
25 14 26
25 15 17
25 17 26
25 19 39
25 21 33
25 23 10
25 24 39
26 4 19
26 8 39
26 10 3
26 12 19
26 16 55
26 17 44
26 18 43
26 19 34
26 23 31
27 1 46
27 3 2
27 4 11
27 5 37
27 6 31
27 7 8
27 8 50
27 9 44
27 10 56
27 13 27
27 15 5
27 19 33
27 20 54
27 21 49
27 22 29
27 24 55
27 26 43
28 2 53
28 6 1
28 7 41
28 13 32
28 14 58
28 17 46
28 19 28
28 20 30
28 25 14
28 26 42
29 0 31
29 4 13
29 5 32
29 6 45
29 7 37
29 11 45
29 15 39
29 17 12
29 20 27
29 21 53
29 23 17
29 26 46
29 27 26
30 0 47
30 2 58
30 3 42
30 6 25
30 7 29
30 8 47
30 10 26
30 13 10
30 14 47
30 17 52
30 24 58
30 27 11
31 1 51
31 2 17
31 3 56
31 4 16
31 5 29
31 6 37
31 8 19
31 9 15
31 10 58
31 12 41
31 14 51
31 15 17
31 16 52
31 17 29
31 18 49
31 22 48
31 25 31
31 26 43
31 29 13
31 30 48
32 2 4
32 3 16
32 4 56
32 5 21
32 7 24
32 8 45
32 13 16
32 14 57
32 15 44
32 16 49
32 17 46
32 19 16
32 24 57
32 25 43
32 27 19
32 28 36
32 29 8
32 31 30
33 2 22
33 8 41
33 11 34
33 15 46
33 17 39
33 20 3
33 21 37
33 23 14
33 26 19
33 28 4
34 2 30
34 4 23
34 6 28
34 7 59
34 9 12
34 16 32
34 17 54
34 18 33
34 19 16
34 20 53
34 21 30
34 23 26
34 24 58
34 27 8
34 31 7
34 32 5
35 0 50
35 4 52
35 5 36
35 6 25
35 8 29
35 9 3
35 10 14
35 11 6
35 15 4
35 19 57
35 25 18
35 26 23
35 32 5
36 1 26
36 2 22
36 4 30
36 5 23
36 8 52
36 10 42
36 14 22
36 15 35
36 16 56
36 19 58
36 22 22
36 23 10
36 24 59
36 25 58
36 29 46
36 30 5
36 32 5
36 33 52
36 34 9
37 0 18
37 3 32
37 6 21
37 14 34
37 17 10
37 18 11
37 21 37
37 23 7
37 24 37
37 29 17
37 30 9
37 31 24
37 33 12
37 34 4
37 35 16
37 36 13
38 0 50
38 2 12
38 3 9
38 5 57
38 9 42
38 10 50
38 11 30
38 13 13
38 14 19
38 15 20
38 17 55
38 20 54
38 22 36
38 24 39
38 25 16
38 28 49
38 29 38
38 30 20
38 31 13
38 32 51
38 33 33
38 34 19
38 35 10
39 2 48
39 3 48
39 4 17
39 5 52
39 7 25
39 11 6
39 12 2
39 15 32
39 17 27
39 18 4
39 23 55
39 25 30
39 26 53
39 28 53
39 29 58
39 32 47
39 33 14
39 35 19
39 37 47
40 0 45
40 3 51
40 4 1
40 7 4
40 8 40
40 10 21
40 11 25
40 13 11
40 19 31
40 20 50
40 23 21
40 24 35
40 26 2
40 27 10
40 28 41
40 32 55
40 34 5
40 35 53
40 38 35
40 39 7
41 0 23
41 1 7
41 2 28
41 5 31
41 9 27
41 11 43
41 12 3
41 14 33
41 18 37
41 19 26
41 24 15
41 25 16
41 28 52
41 29 24
41 32 51
41 34 36
41 35 47
41 38 25
41 39 18
42 0 26
42 1 45
42 2 18
42 4 49
42 7 13
42 9 13
42 11 36
42 12 45
42 13 17
42 15 33
42 17 42
42 18 17
42 21 24
42 22 19
42 23 4
42 24 43
42 25 49
42 26 58
42 27 14
42 30 3
42 31 9
42 32 59
42 34 46
42 36 14
42 37 26
42 38 49
43 1 31
43 2 13
43 7 1
43 8 40
43 9 13
43 11 5
43 12 50
43 13 4
43 17 5
43 19 21
43 24 27
43 26 49
43 28 31
43 29 59
43 31 37
43 32 1
43 35 2
43 38 12
43 39 26
43 42 40
44 1 13
44 3 16
44 4 2
44 5 3
44 6 29
44 9 23
44 11 18
44 12 15
44 13 13
44 14 35
44 15 6
44 20 4
44 23 23
44 26 5
44 28 59
44 29 54
44 32 50
44 41 15
44 43 18
45 2 27
45 8 14
45 9 3
45 10 32
45 12 51
45 15 47
45 16 25
45 17 22
45 18 3
45 20 28
45 22 11
45 24 23
45 30 31
45 37 38
45 39 51
45 42 1
45 43 10
45 44 30
46 0 33
46 1 28
46 3 42
46 4 49
46 6 44
46 7 22
46 8 28
46 10 18
46 12 47
46 14 17
46 19 12
46 20 40
46 21 35
46 23 5
46 26 10
46 27 8
46 30 46
46 32 32
46 33 35
46 36 21
46 37 14
46 38 56
46 40 53
46 44 51
47 1 35
47 3 18
47 4 19
47 5 46
47 7 23
47 8 2
47 10 27
47 11 57
47 13 38
47 21 42
47 23 52
47 25 43
47 28 5
47 29 4
47 31 35
47 32 40
47 33 3
47 34 3
47 35 25
47 36 44
47 38 39
47 42 35
47 44 43
47 45 6
47 46 38
