44
1 0 4
2 1 5
3 1 2
3 2 3
4 2 1
4 3 5
5 0 5
5 1 5
5 2 1
5 3 3
5 4 3
6 0 2
6 5 5
7 5 3
8 0 2
8 1 2
8 2 5
8 3 3
8 4 2
8 5 2
9 0 1
9 1 5
9 2 5
9 3 2
9 6 1
9 7 3
9 8 2
10 0 3
10 1 2
10 5 4
10 6 5
10 7 1
11 1 4
11 2 4
11 5 4
11 7 5
11 9 4
12 1 3
12 3 4
12 6 5
12 7 3
12 8 2
12 10 2
13 3 5
13 6 1
13 8 5
13 9 2
13 10 5
13 11 2
14 1 2
14 2 2
14 4 1
14 6 2
14 7 2
14 10 4
14 13 2
15 1 1
15 2 3
15 3 1
15 4 5
15 5 1
15 7 3
15 9 2
15 10 3
16 2 4
16 3 2
16 4 1
16 5 5
16 9 5
16 15 1
17 0 3
17 4 4
17 5 2
17 6 1
17 7 3
17 8 1
17 9 1
17 10 1
17 11 2
17 12 3
17 16 2
18 2 5
18 4 3
18 6 2
18 7 1
18 8 3
18 9 3
18 12 3
18 14 2
18 15 5
18 16 3
19 0 3
19 1 4
19 4 4
19 6 1
19 11 4
19 12 3
19 14 5
19 15 5
20 2 2
20 3 2
20 4 3
20 8 4
20 9 5
20 11 4
20 13 3
20 15 3
20 16 1
20 18 3
20 19 4
21 0 3
21 2 3
21 5 4
21 6 5
21 7 2
21 9 4
21 14 3
21 18 2
21 19 4
22 4 5
22 7 2
22 9 5
22 11 5
22 12 5
22 14 4
23 2 4
23 3 5
23 4 5
23 7 4
23 8 2
23 10 4
23 15 3
23 16 5
23 17 3
23 18 5
23 19 3
23 21 5
23 22 5
24 0 5
24 4 1
24 7 1
24 13 3
24 14 5
24 17 1
24 18 3
24 20 3
24 22 3
25 0 4
25 1 1
25 3 1
25 4 5
25 5 3
25 6 5
25 7 2
25 8 4
25 11 2
25 13 1
25 14 4
25 15 5
25 16 4
25 20 1
25 21 1
25 23 5
25 24 1
26 0 4
26 4 5
26 7 3
26 8 3
26 11 1
26 13 1
26 17 4
26 19 3
26 22 1
26 23 1
26 25 2
27 1 3
27 3 1
27 4 1
27 5 5
27 8 4
27 9 2
27 11 5
27 13 5
27 15 4
27 20 4
27 24 3
28 0 5
28 4 5
28 6 2
28 12 5
28 16 5
28 17 3
28 18 4
28 19 4
28 20 2
28 21 4
28 22 2
28 23 1
28 27 5
29 3 1
29 7 4
29 8 5
29 11 5
29 12 2
29 15 5
29 16 5
29 17 5
29 19 4
29 22 1
29 24 2
30 0 2
30 1 2
30 3 1
30 5 1
30 7 1
30 8 2
30 10 3
30 13 4
30 18 3
30 21 2
30 22 1
30 25 5
30 26 2
30 28 3
30 29 3
31 0 1
31 1 1
31 2 5
31 5 3
31 6 4
31 8 1
31 9 1
31 13 2
31 14 3
31 15 3
31 16 2
31 18 1
31 19 5
31 20 4
31 22 1
31 23 1
31 25 5
31 29 5
31 30 3
32 2 5
32 6 4
32 10 5
32 14 2
32 17 4
32 18 4
32 19 3
32 22 3
32 26 3
32 27 2
32 28 4
32 30 1
32 31 1
33 1 4
33 2 1
33 3 2
33 4 2
33 6 5
33 9 2
33 11 5
33 12 3
33 14 1
33 15 2
33 16 1
33 20 1
33 21 5
33 23 4
33 24 4
33 27 1
34 2 1
34 4 3
34 8 3
34 10 4
34 11 3
34 12 4
34 17 3
34 23 4
34 28 3
34 29 5
34 31 1
35 7 1
35 8 1
35 9 5
35 11 4
35 12 4
35 13 4
35 15 1
35 17 3
35 18 1
35 19 3
35 23 2
35 28 5
35 29 1
35 31 1
35 33 5
36 0 1
36 2 2
36 3 4
36 4 5
36 7 4
36 8 5
36 9 4
36 15 5
36 17 2
36 18 3
36 19 2
36 20 4
36 21 4
36 23 5
36 24 3
36 25 3
36 26 5
36 28 1
36 29 5
36 30 4
36 33 1
37 0 4
37 5 1
37 6 4
37 7 3
37 10 4
37 11 2
37 13 1
37 14 1
37 16 3
37 18 2
37 19 2
37 20 5
37 21 4
37 22 2
37 23 2
37 24 4
37 26 3
37 27 5
37 28 2
37 33 4
37 34 1
37 35 5
37 36 3
38 1 1
38 2 2
38 4 3
38 5 3
38 7 5
38 10 1
38 11 2
38 16 3
38 18 5
38 25 5
38 27 4
38 28 5
38 31 4
38 33 3
38 36 3
39 5 5
39 7 3
39 8 1
39 10 1
39 11 1
39 13 4
39 14 2
39 16 2
39 17 2
39 20 3
39 22 4
39 23 3
39 24 1
39 33 5
39 35 1
40 0 5
40 3 5
40 4 3
40 8 2
40 11 4
40 12 5
40 15 3
40 16 4
40 17 4
40 18 4
40 20 3
40 22 2
40 23 1
40 28 2
40 31 1
40 38 2
40 39 5
41 0 2
41 2 2
41 3 5
41 4 1
41 7 5
41 10 4
41 11 5
41 13 4
41 15 5
41 23 2
41 25 5
41 27 3
41 30 5
41 34 3
41 35 1
41 36 2
41 37 3
41 38 3
41 39 2
42 0 4
42 2 5
42 3 2
42 4 5
42 6 4
42 7 2
42 9 3
42 10 3
42 11 4
42 12 3
42 14 1
42 15 5
42 19 5
42 20 4
42 21 1
42 22 1
42 23 3
42 24 2
42 25 5
42 26 3
42 28 2
42 29 4
42 31 3
42 33 1
42 34 4
42 35 2
42 36 4
42 37 5
42 38 2
42 40 3
42 41 5
43 0 1
43 1 4
43 2 1
43 3 5
43 5 4
43 6 2
43 9 4
43 11 5
43 12 1
43 19 2
43 20 3
43 23 4
43 25 2
43 26 2
43 27 1
43 30 4
43 32 5
43 33 2
43 34 2
43 35 1
43 36 2
43 37 2
43 38 2
43 39 4
43 40 4
43 41 4
43 42 1
