34
1 0 10
3 2 11
4 0 1
4 2 14
4 3 13
5 0 19
5 1 17
5 2 6
5 4 8
6 0 9
6 2 15
6 5 6
7 1 4
7 2 4
7 4 3
7 5 17
8 3 15
8 4 14
8 5 14
8 6 1
9 3 8
9 5 10
9 6 16
10 1 2
10 5 14
10 8 9
10 9 3
11 0 14
11 2 13
11 3 6
11 4 7
11 5 6
11 7 19
11 8 17
12 0 3
12 5 2
12 6 7
12 10 6
12 11 16
13 1 3
13 2 17
13 4 7
13 7 11
13 10 14
13 12 11
14 4 14
14 7 11
14 8 4
14 9 9
15 1 12
15 2 6
15 4 2
15 5 5
15 6 7
15 7 15
15 8 11
15 9 9
15 13 6
16 0 3
16 1 17
16 2 11
16 3 19
16 6 4
16 7 5
16 9 7
16 10 16
16 13 18
17 2 5
17 4 9
17 9 4
17 11 4
17 12 11
17 16 11
18 3 8
18 4 11
18 7 6
18 8 19
18 9 16
18 12 9
18 13 1
18 14 2
18 15 6
19 1 3
19 3 16
19 5 16
19 6 18
19 7 17
19 11 11
19 17 15
19 18 1
20 1 13
20 2 17
20 5 3
20 6 16
20 7 2
20 8 16
20 10 5
20 12 11
20 14 6
20 15 18
20 16 4
20 17 18
21 2 18
21 4 10
21 6 18
21 8 16
21 10 3
21 13 4
21 14 15
21 15 6
21 19 18
22 1 9
22 4 6
22 6 18
22 7 10
22 8 3
22 11 4
22 18 12
22 21 8
23 0 19
23 7 6
23 8 13
23 12 13
23 14 7
23 15 4
23 16 2
23 17 3
23 19 3
23 20 4
23 22 13
24 0 13
24 2 18
24 3 3
24 6 12
24 7 8
24 9 5
24 10 6
24 12 14
24 13 3
24 15 19
24 16 5
24 19 6
24 20 4
24 21 18
24 22 10
25 0 18
25 2 9
25 6 11
25 10 11
25 11 9
25 13 15
25 16 12
25 17 11
25 18 12
25 19 13
25 23 2
25 24 1
26 0 17
26 1 3
26 2 12
26 6 5
26 7 16
26 8 7
26 13 7
26 16 16
26 18 4
26 20 3
26 24 4
27 0 6
27 1 4
27 2 5
27 3 10
27 10 10
27 14 13
27 15 14
27 17 17
27 18 15
27 22 17
27 23 9
27 26 16
28 0 5
28 2 16
28 3 8
28 4 8
28 6 16
28 7 12
28 8 6
28 9 10
28 10 2
28 11 18
28 14 18
28 15 5
28 17 18
28 20 10
28 22 11
28 24 6
28 25 1
28 26 5
28 27 3
29 0 8
29 1 8
29 2 17
29 3 17
29 5 10
29 7 3
29 9 14
29 12 9
29 14 3
29 15 11
29 17 4
29 21 18
29 23 1
29 25 6
29 28 12
30 0 11
30 1 7
30 2 15
30 3 18
30 4 5
30 6 4
30 7 12
30 8 12
30 9 6
30 10 5
30 13 15
30 17 14
30 18 6
30 22 3
30 23 6
30 24 15
30 25 19
30 26 9
30 29 1
31 1 10
31 2 3
31 3 19
31 4 13
31 8 10
31 12 17
31 13 1
31 15 17
31 18 6
31 20 3
31 21 2
31 22 17
31 24 12
31 27 10
31 29 13
31 30 15
32 2 12
32 3 1
32 5 5
32 9 1
32 14 6
32 15 13
32 17 19
32 18 13
32 20 1
32 22 9
32 23 8
32 25 16
32 30 1
32 31 7
33 0 19
33 1 12
33 2 11
33 4 2
33 5 1
33 6 7
33 8 17
33 9 11
33 10 6
33 11 15
33 12 10
33 17 12
33 20 14
33 21 10
33 25 14
33 26 17
33 27 5
33 29 19
33 30 6
33 31 7
33 32 13
