47
1 0 6
2 1 9
3 1 7
3 2 5
4 2 5
4 3 14
5 2 11
5 3 14
6 0 9
6 2 8
6 3 6
6 4 1
8 2 3
8 3 13
8 4 12
8 5 7
9 0 5
9 7 10
9 8 8
10 4 2
10 6 14
10 7 2
10 8 8
11 0 3
11 1 13
11 2 13
11 4 6
11 6 11
11 7 12
11 8 14
11 9 9
12 1 5
12 2 4
12 3 7
12 4 12
12 6 6
12 7 2
12 8 3
12 9 2
12 10 2
13 0 1
13 1 6
13 4 6
13 5 2
13 7 7
13 8 12
13 9 4
13 12 14
14 0 5
14 3 11
14 6 8
14 7 1
14 12 5
14 13 3
15 0 7
15 1 6
15 2 8
15 7 8
15 9 7
15 10 8
15 12 11
15 14 13
16 1 11
16 2 14
16 3 3
16 5 6
16 7 5
16 9 14
16 10 12
16 11 2
16 12 10
16 14 8
16 15 5
17 0 13
17 2 2
17 3 11
17 5 6
17 6 5
17 7 2
17 8 3
17 12 4
17 13 3
17 16 1
18 0 1
18 3 14
18 4 5
18 5 1
18 7 5
18 8 14
18 9 2
18 10 8
18 13 7
18 14 3
18 15 11
18 16 12
19 0 1
19 6 7
19 7 3
19 8 14
19 11 5
19 12 6
19 15 3
20 1 5
20 2 2
20 4 3
20 6 3
20 9 14
20 11 4
20 12 4
20 15 3
20 17 1
20 18 3
20 19 7
21 0 5
21 6 3
21 7 8
21 13 8
21 14 12
21 16 10
21 17 10
21 18 7
21 19 11
21 20 4
22 1 8
22 9 10
22 11 12
22 13 1
22 14 13
22 16 9
23 1 11
23 2 11
23 3 3
23 5 10
23 6 4
23 9 6
23 11 3
23 12 3
23 13 9
23 14 7
23 17 6
23 18 9
23 19 11
23 21 9
24 0 4
24 1 14
24 3 10
24 7 6
24 8 13
24 9 3
24 10 13
24 11 3
24 12 2
24 14 10
24 15 2
24 21 3
24 23 2
25 2 4
25 4 2
25 5 4
25 7 13
25 8 7
25 9 8
25 10 10
25 13 9
25 16 13
25 17 12
25 19 6
25 20 7
25 21 12
25 22 6
25 23 7
26 1 13
26 2 6
26 3 7
26 4 2
26 5 2
26 7 11
26 9 2
26 11 11
26 13 11
26 14 12
26 16 5
26 20 2
26 22 12
26 23 12
26 25 5
27 0 13
27 4 9
27 7 14
27 8 9
27 9 7
27 10 9
27 12 12
27 14 1
27 16 12
27 17 13
27 20 10
27 21 13
27 23 12
28 3 5
28 4 14
28 5 11
28 8 11
28 11 9
28 12 13
28 13 3
28 15 8
28 19 7
28 20 11
28 21 13
28 24 8
28 27 3
29 1 4
29 4 6
29 5 12
29 6 11
29 13 5
29 14 14
29 15 6
29 16 4
29 18 2
29 20 14
29 21 7
29 22 6
29 24 4
29 26 2
29 27 5
29 28 8
30 1 8
30 2 12
30 5 8
30 6 7
30 7 9
30 9 13
30 12 10
30 13 6
30 15 7
30 17 14
30 20 6
30 22 1
30 23 14
30 28 3
30 29 10
31 2 12
31 3 11
31 6 9
31 8 11
31 9 1
31 16 11
31 17 6
31 18 11
31 19 13
31 21 4
31 22 3
31 23 7
31 25 3
32 1 9
32 5 14
32 6 6
32 7 8
32 8 1
32 11 12
32 12 9
32 15 10
32 16 4
32 19 6
32 20 12
32 21 12
32 22 10
32 24 12
32 26 9
32 27 10
32 29 9
32 31 11
33 1 2
33 5 2
33 6 4
33 10 9
33 12 6
33 13 3
33 16 10
33 17 11
33 18 9
33 22 3
33 23 3
33 24 11
33 25 13
33 27 6
33 29 1
33 31 11
34 1 8
34 5 11
34 6 14
34 7 6
34 8 14
34 9 8
34 14 8
34 16 14
34 17 8
34 18 1
34 20 7
34 21 10
34 22 4
34 25 8
34 30 5
35 0 12
35 1 1
35 2 4
35 7 2
35 8 9
35 13 8
35 14 14
35 16 5
35 18 10
35 21 10
35 23 10
35 24 9
35 25 9
35 26 9
35 27 11
35 28 10
35 29 7
35 30 1
36 0 11
36 2 2
36 4 5
36 9 4
36 13 4
36 15 10
36 16 1
36 18 9
36 21 12
36 22 7
36 23 13
36 24 2
36 26 6
36 28 4
36 29 5
36 30 3
36 31 13
36 33 4
36 34 3
37 0 12
37 4 7
37 5 13
37 6 11
37 8 5
37 9 9
37 10 4
37 11 3
37 13 5
37 14 14
37 15 5
37 18 11
37 26 5
37 27 2
37 33 7
37 35 11
37 36 10
38 0 8
38 1 12
38 4 8
38 5 1
38 7 10
38 9 3
38 10 8
38 14 5
38 15 4
38 16 3
38 18 10
38 20 11
38 21 8
38 22 8
38 23 3
38 25 3
38 26 4
38 27 11
38 30 14
38 32 6
38 33 13
38 34 3
38 35 6
38 37 8
39 0 13
39 1 6
39 3 3
39 5 6
39 6 13
39 7 12
39 8 11
39 10 2
39 11 3
39 16 4
39 24 2
39 25 4
39 26 9
39 27 7
39 31 6
39 34 2
39 35 1
39 36 9
40 1 2
40 3 6
40 4 9
40 5 6
40 6 14
40 7 14
40 10 10
40 11 10
40 12 11
40 13 5
40 16 9
40 17 12
40 19 2
40 22 8
40 23 13
40 24 11
40 27 2
40 29 13
40 30 14
40 32 11
40 33 10
40 34 2
40 35 3
40 36 9
40 37 10
41 3 1
41 5 13
41 7 11
41 9 9
41 10 6
41 15 8
41 20 14
41 21 10
41 23 10
41 26 1
41 27 4
41 30 4
41 31 8
41 34 13
41 38 4
41 40 9
42 1 2
42 2 10
42 4 9
42 8 5
42 11 14
42 16 8
42 22 5
42 23 10
42 24 3
42 25 11
42 26 7
42 27 11
42 29 6
42 33 8
43 0 1
43 1 13
43 2 9
43 6 8
43 7 9
43 8 7
43 9 5
43 11 14
43 15 5
43 16 12
43 17 14
43 18 5
43 19 13
43 20 5
43 21 12
43 24 7
43 25 3
43 26 4
43 31 5
43 35 1
43 38 5
43 39 13
43 40 12
44 0 1
44 2 14
44 5 14
44 6 13
44 7 13
44 8 1
44 10 2
44 13 5
44 14 7
44 18 14
44 23 9
44 26 1
44 28 7
44 31 1
44 32 3
44 34 10
44 35 10
44 37 14
44 39 9
44 40 10
44 41 10
45 0 9
45 5 7
45 9 8
45 10 4
45 11 3
45 16 11
45 17 8
45 19 8
45 21 13
45 24 13
45 25 11
45 27 12
45 30 14
45 31 13
45 32 4
45 34 12
45 35 5
45 37 5
45 43 10
46 2 12
46 3 2
46 6 2
46 7 13
46 8 6
46 10 7
46 11 13
46 12 1
46 17 6
46 18 3
46 21 6
46 22 13
46 25 14
46 26 7
46 29 4
46 30 3
46 32 2
46 33 8
46 35 6
46 36 10
46 38 11
46 42 7
