45
2 0 33
2 1 28
3 0 17
3 1 24
3 2 15
4 0 31
4 1 14
4 2 7
4 3 5
5 0 12
5 3 14
5 4 12
6 0 26
6 5 34
7 3 29
7 6 7
8 0 40
8 1 10
9 0 24
9 4 29
9 6 34
9 8 35
10 2 8
10 5 22
10 7 13
10 8 37
11 0 20
11 2 28
11 3 12
11 4 26
11 5 35
11 8 21
11 9 33
11 10 7
12 1 2
12 3 30
12 6 27
12 8 13
12 10 20
13 0 35
13 1 9
13 7 41
13 9 30
13 10 40
14 0 11
14 4 22
14 6 34
14 7 1
14 10 33
14 13 20
15 1 41
15 2 5
15 7 16
15 8 35
15 10 15
15 13 13
15 14 31
16 0 13
16 2 16
16 3 21
16 5 24
16 6 11
16 8 2
16 9 1
16 10 7
16 12 26
16 13 4
17 1 8
17 2 23
17 5 6
17 9 4
17 11 10
17 13 9
17 14 18
17 15 13
17 16 11
18 0 16
18 1 24
18 2 32
18 5 21
18 7 14
18 8 11
18 9 29
18 10 20
18 11 40
18 14 22
18 17 32
19 4 18
19 5 17
19 6 22
19 7 1
19 10 5
19 13 30
19 16 24
19 17 28
20 1 30
20 3 12
20 6 27
20 16 4
20 18 29
21 0 31
21 1 11
21 3 8
21 4 17
21 5 10
21 6 25
21 7 37
21 8 36
21 9 33
21 10 16
21 13 29
21 15 33
21 16 22
22 1 39
22 4 7
22 9 32
22 15 28
22 16 25
22 17 20
22 18 27
22 19 30
23 1 8
23 3 21
23 5 10
23 7 34
23 8 24
23 10 26
23 11 6
23 13 8
23 15 17
23 16 3
23 19 25
23 20 25
24 1 13
24 2 37
24 3 26
24 4 15
24 10 33
24 11 11
24 12 20
24 14 31
24 15 13
24 16 25
25 0 8
25 1 29
25 2 27
25 3 37
25 5 41
25 7 11
25 9 40
25 10 8
25 11 13
25 14 4
25 15 1
25 16 19
25 20 12
26 0 21
26 2 4
26 5 15
26 6 25
26 7 36
26 8 38
26 9 34
26 10 28
26 14 3
26 15 16
26 16 2
26 19 31
26 22 3
26 24 35
26 25 41
27 4 23
27 5 20
27 6 36
27 8 9
27 10 32
27 13 23
27 14 14
27 17 2
27 18 6
27 23 31
27 25 9
27 26 25
28 2 6
28 3 22
28 4 1
28 5 10
28 12 30
28 15 17
28 16 29
28 17 23
28 19 25
28 27 35
29 0 18
29 3 24
29 4 22
29 5 37
29 8 13
29 10 11
29 13 31
29 16 6
29 17 9
29 18 37
29 19 26
29 21 21
29 23 21
29 24 29
29 25 29
30 1 13
30 6 39
30 7 27
30 10 30
30 13 23
30 14 4
30 15 36
30 17 31
30 18 24
30 20 15
30 21 1
30 22 27
30 23 40
30 24 5
30 27 1
31 1 9
31 2 19
31 4 20
31 5 39
31 6 29
31 8 19
31 9 17
31 10 35
31 11 15
31 15 7
31 17 26
31 18 36
31 21 16
31 23 34
31 25 34
31 26 39
31 27 33
31 28 18
31 29 15
31 30 21
32 2 39
32 4 18
32 5 7
32 6 39
32 7 23
32 9 4
32 10 39
32 13 41
32 14 16
32 15 36
32 16 25
32 17 27
32 18 22
32 20 23
32 21 41
32 25 16
32 27 8
32 30 23
32 31 14
33 0 23
33 4 19
33 6 6
33 9 14
33 13 13
33 15 20
33 19 3
33 21 26
33 25 29
33 28 37
33 29 11
33 31 39
33 32 6
34 2 8
34 6 24
34 7 13
34 8 25
34 9 30
34 10 7
34 11 30
34 12 4
34 15 3
34 17 1
34 18 12
34 20 11
34 24 8
34 25 6
34 28 4
34 30 29
34 31 23
34 32 38
34 33 29
35 1 30
35 3 26
35 5 26
35 6 15
35 7 18
35 8 9
35 11 27
35 13 8
35 14 33
35 18 37
35 19 19
35 20 41
35 21 4
35 23 11
35 24 31
35 25 22
35 26 29
35 27 3
35 28 36
35 30 22
35 31 26
35 32 25
35 33 9
35 34 35
36 6 34
36 9 9
36 12 36
36 14 32
36 16 5
36 17 25
36 21 11
36 24 34
36 27 41
36 34 18
37 0 27
37 2 3
37 3 24
37 4 13
37 5 28
37 8 30
37 10 28
37 14 24
37 15 14
37 17 8
37 18 35
37 19 32
37 22 24
37 23 4
37 27 11
37 28 10
37 29 37
37 31 40
37 34 1
37 36 23
38 1 36
38 2 19
38 4 9
38 7 7
38 10 11
38 12 7
38 13 41
38 14 41
38 17 37
38 18 11
38 22 5
38 23 38
38 24 6
38 28 23
38 29 4
38 31 13
38 32 24
38 33 5
38 34 30
38 36 11
39 1 23
39 6 32
39 7 9
39 12 40
39 13 40
39 15 32
39 16 2
39 17 30
39 18 7
39 20 8
39 24 11
39 25 31
39 27 6
39 29 34
39 32 11
39 33 3
39 35 4
39 36 15
39 37 37
40 6 15
40 8 36
40 11 10
40 12 6
40 13 13
40 14 38
40 15 38
40 16 16
40 17 5
40 18 5
40 20 27
40 23 16
40 25 11
40 27 33
40 28 37
40 29 13
40 32 2
40 33 1
40 38 34
40 39 10
41 1 36
41 4 29
41 6 3
41 7 19
41 9 35
41 10 7
41 11 21
41 13 14
41 15 21
41 19 39
41 20 18
41 22 37
41 24 6
41 25 31
41 26 10
41 27 40
41 29 9
41 30 40
41 31 21
41 32 22
41 33 4
41 38 11
41 40 22
42 0 22
42 2 39
42 4 39
42 5 11
42 6 21
42 11 14
42 13 17
42 15 10
42 16 28
42 20 15
42 22 22
42 25 22
42 27 19
42 30 36
42 33 26
42 35 29
42 36 33
42 37 19
42 38 26
42 39 20
42 40 10
42 41 28
43 2 20
43 3 37
43 4 15
43 5 1
43 6 39
43 7 32
43 9 28
43 10 34
43 11 27
43 12 26
43 14 25
43 16 38
43 17 19
43 19 3
43 23 2
43 24 26
43 25 29
43 26 32
43 28 41
43 31 34
43 33 34
43 35 6
43 36 16
43 37 20
43 38 29
43 39 24
43 40 20
43 41 41
43 42 35
44 3 17
44 5 10
44 6 9
44 8 30
44 9 6
44 10 16
44 11 4
44 12 19
44 14 8
44 15 16
44 20 22
44 21 14
44 25 5
44 27 38
44 28 3
44 29 11
44 31 17
44 33 4
44 35 6
44 38 4
44 41 39
