34
1 0 31
2 0 52
2 1 28
3 0 19
3 1 17
3 2 10
4 0 15
4 1 1
4 2 53
4 3 46
5 0 14
5 1 21
5 2 52
5 3 11
5 4 4
6 0 13
6 1 25
6 2 24
6 3 17
6 4 2
6 5 28
7 0 54
7 1 43
7 2 12
7 3 25
7 4 30
7 5 43
7 6 2
8 0 7
8 1 50
8 2 8
8 3 24
8 4 2
8 5 33
8 6 42
8 7 9
9 0 2
9 1 33
9 2 35
9 3 16
9 4 31
9 5 43
9 6 58
9 7 58
9 8 7
10 0 44
10 1 56
10 2 38
10 3 17
10 4 18
10 5 18
10 6 47
10 7 34
10 8 53
10 9 45
11 0 48
11 1 10
11 2 19
11 3 58
11 4 10
11 5 52
11 6 14
11 7 5
11 8 10
11 9 14
11 10 32
12 0 32
12 1 33
12 2 47
12 3 28
12 4 14
12 5 29
12 6 6
12 7 31
12 8 20
12 9 44
12 10 43
12 11 48
13 0 25
13 1 4
13 2 34
13 3 15
13 4 28
13 5 14
13 6 15
13 7 46
13 8 7
13 9 4
13 10 57
13 11 37
13 12 35
14 0 25
14 1 46
14 2 11
14 3 10
14 4 3
14 5 35
14 6 45
14 7 50
14 8 48
14 9 34
14 10 1
14 11 1
14 12 38
14 13 55
15 0 56
15 1 56
15 2 2
15 3 47
15 4 27
15 5 28
15 6 17
15 7 10
15 8 25
15 9 17
15 10 43
15 11 55
15 12 49
15 13 33
15 14 15
16 0 15
16 1 57
16 2 8
16 3 24
16 4 14
16 5 40
16 6 53
16 7 36
16 8 15
16 9 13
16 10 50
16 11 14
16 12 36
16 13 37
16 14 17
16 15 36
17 0 23
17 1 45
17 2 26
17 3 27
17 4 28
17 5 34
17 6 42
17 7 52
17 8 20
17 9 58
17 10 46
17 11 11
17 12 1
17 13 41
17 14 38
17 15 8
17 16 9
18 0 43
18 1 18
18 2 28
18 3 26
18 4 31
18 5 38
18 6 38
18 7 26
18 8 40
18 9 30
18 10 57
18 11 45
18 12 3
18 13 20
18 14 14
18 15 16
18 16 32
18 17 44
19 0 47
19 1 23
19 2 49
19 3 46
19 4 3
19 5 10
19 6 54
19 7 54
19 8 48
19 9 14
19 10 9
19 11 56
19 12 48
19 13 1
19 14 12
19 15 24
19 16 32
19 17 52
19 18 11
20 0 52
20 1 57
20 2 58
20 3 47
20 4 52
20 5 6
20 6 4
20 7 8
20 8 44
20 9 8
20 10 16
20 11 38
20 12 33
20 13 49
20 14 9
20 15 28
20 16 42
20 17 29
20 18 57
20 19 57
21 0 1
21 1 11
21 2 10
21 3 7
21 4 40
21 5 40
21 6 43
21 7 19
21 8 37
21 9 2
21 10 36
21 11 41
21 12 47
21 13 25
21 14 33
21 15 53
21 16 38
21 17 20
21 18 54
21 19 48
21 20 49
22 0 37
22 1 22
22 2 8
22 3 42
22 4 20
22 5 40
22 6 19
22 7 22
22 8 21
22 9 42
22 10 30
22 11 8
22 12 56
22 13 31
22 14 30
22 15 52
22 16 14
22 17 13
22 18 40
22 19 32
22 20 43
22 21 45
23 0 37
23 1 33
23 2 41
23 3 14
23 4 53
23 5 21
23 6 3
23 7 41
23 8 1
23 9 2
23 10 40
23 11 14
23 12 36
23 13 35
23 14 54
23 15 37
23 16 36
23 17 50
23 18 10
23 19 22
23 20 28
23 21 29
23 22 54
24 0 36
24 1 11
24 2 57
24 3 6
24 4 42
24 5 24
24 6 28
24 7 47
24 8 52
24 9 52
24 10 46
24 11 20
24 12 45
24 13 14
24 14 57
24 15 10
24 16 2
24 17 28
24 18 18
24 19 47
24 20 36
24 21 13
24 22 33
24 23 56
25 0 47
25 1 56
25 2 52
25 3 38
25 4 24
25 5 17
25 6 50
25 7 50
25 8 43
25 9 49
25 10 5
25 11 50
25 12 20
25 13 6
25 14 53
25 15 33
25 16 22
25 17 43
25 18 55
25 19 31
25 20 6
25 21 43
25 22 14
25 23 3
25 24 14
26 0 46
26 1 35
26 2 50
26 3 44
26 4 25
26 5 20
26 6 28
26 7 32
26 8 13
26 9 17
26 10 43
26 11 4
26 12 41
26 13 1
26 14 25
26 15 35
26 16 49
26 17 30
26 18 55
26 19 21
26 20 37
26 21 52
26 22 30
26 23 51
26 24 36
26 25 42
27 0 7
27 1 42
27 2 36
27 3 57
27 4 21
27 5 43
27 6 9
27 7 9
27 8 7
27 9 47
27 10 4
27 11 24
27 12 6
27 13 10
27 14 25
27 15 15
27 16 23
27 17 52
27 18 46
27 19 3
27 20 5
27 21 43
27 22 16
27 23 6
27 24 38
27 25 37
27 26 12
28 0 27
28 1 8
28 2 40
28 3 6
28 4 28
28 5 25
28 6 4
28 7 14
28 8 42
28 9 6
28 10 30
28 11 24
28 12 58
28 13 3
28 14 14
28 15 8
28 16 27
28 17 55
28 18 19
28 19 38
28 20 51
28 21 33
28 22 5
28 23 45
28 24 52
28 25 58
28 26 49
28 27 42
29 0 38
29 1 54
29 2 5
29 3 8
29 4 3
29 5 49
29 6 12
29 7 45
29 8 37
29 9 15
29 10 55
29 11 11
29 12 51
29 13 22
29 14 23
29 15 53
29 16 19
29 17 20
29 18 13
29 19 43
29 20 43
29 21 29
29 22 26
29 23 57
29 24 29
29 25 4
29 26 54
29 27 57
29 28 37
30 0 58
30 1 16
30 2 13
30 3 19
30 4 18
30 5 1
30 6 48
30 7 49
30 8 54
30 9 15
30 10 10
30 11 3
30 12 40
30 13 55
30 14 1
30 15 18
30 16 21
30 17 33
30 18 23
30 19 50
30 20 37
30 21 5
30 22 4
30 23 30
30 24 31
30 25 9
30 26 21
30 27 8
30 28 29
30 29 9
31 0 42
31 1 56
31 2 20
31 3 23
31 4 11
31 5 3
31 6 51
31 7 34
31 8 37
31 9 14
31 10 24
31 11 34
31 12 38
31 13 30
31 14 3
31 15 48
31 16 16
31 17 37
31 18 13
31 19 55
31 20 53
31 21 19
31 22 37
31 23 37
31 24 8
31 25 24
31 26 2
31 27 37
31 28 31
31 29 51
31 30 9
32 0 23
32 1 14
32 2 34
32 3 47
32 4 1
32 5 18
32 6 55
32 7 6
32 8 9
32 9 47
32 10 15
32 11 56
32 12 10
32 13 18
32 14 2
32 15 49
32 16 53
32 17 20
32 18 42
32 19 1
32 20 34
32 21 41
32 22 49
32 23 49
32 24 39
32 25 51
32 26 53
32 27 5
32 28 3
32 29 53
32 30 18
32 31 53
33 0 33
33 1 32
33 2 32
33 3 27
33 4 46
33 5 23
33 6 40
33 7 46
33 8 43
33 9 22
33 10 52
33 11 47
33 12 42
33 13 51
33 14 18
33 15 32
33 16 32
33 17 22
33 18 1
33 19 32
33 20 4
33 21 12
33 22 16
33 23 33
33 24 17
33 25 54
33 26 39
33 27 46
33 28 56
33 29 32
33 30 50
33 31 11
33 32 14
