29
3 0 7
3 1 9
3 2 10
4 0 18
4 1 6
4 3 1
5 2 20
6 3 5
7 1 15
7 2 24
7 4 1
7 5 20
8 1 3
8 2 22
9 2 21
9 3 20
9 4 5
9 6 19
9 7 20
9 8 24
10 2 17
10 3 1
10 7 8
10 8 1
10 9 12
11 0 17
11 1 25
11 3 13
11 5 10
11 7 20
11 8 21
11 10 25
12 0 6
12 2 20
12 6 21
12 7 24
12 11 24
13 0 14
13 1 6
13 4 4
13 5 20
13 6 1
13 8 4
13 10 10
14 1 1
14 2 9
14 4 22
14 6 2
14 7 2
14 10 17
14 11 17
15 0 24
15 2 15
15 3 26
15 4 17
15 5 18
15 10 7
15 11 16
15 12 16
15 13 17
15 14 1
16 5 12
16 7 23
16 8 19
16 9 1
16 11 5
16 13 16
17 0 6
17 4 16
17 6 17
17 11 7
17 13 24
17 14 1
17 15 17
18 0 6
18 1 20
18 3 24
18 5 3
18 6 9
18 8 10
18 9 23
18 10 22
18 11 20
18 15 26
19 0 19
19 4 22
19 9 11
19 10 23
19 12 25
19 13 24
19 14 3
19 16 17
19 17 11
19 18 22
20 0 15
20 1 12
20 3 21
20 4 19
20 6 6
20 8 22
20 10 25
20 13 24
20 14 12
20 15 15
20 16 10
20 17 26
21 0 7
21 2 6
21 3 6
21 4 13
21 5 5
21 6 23
21 7 1
21 8 18
21 9 16
21 10 24
21 12 17
21 15 18
21 16 6
21 18 7
22 0 15
22 2 5
22 3 10
22 4 20
22 11 19
22 12 20
22 13 8
22 16 6
22 19 25
22 20 6
22 21 8
23 2 12
23 5 20
23 7 23
23 8 22
23 9 18
23 10 15
23 11 25
23 13 26
23 19 10
23 22 24
24 1 14
24 2 9
24 3 20
24 4 9
24 8 9
24 10 8
24 14 11
24 20 22
25 1 15
25 3 18
25 7 24
25 9 14
25 11 14
25 12 6
25 14 16
25 17 4
25 19 13
25 22 12
25 23 14
26 0 19
26 1 25
26 5 19
26 6 3
26 10 17
26 13 6
26 15 7
26 16 3
26 19 5
26 20 17
26 21 3
26 22 23
26 24 2
27 1 14
27 4 13
27 6 7
27 7 19
27 8 6
27 9 10
27 10 7
27 11 3
27 12 6
27 15 20
27 16 11
27 17 24
27 18 24
27 23 15
27 25 20
27 26 5
28 1 5
28 2 19
28 4 17
28 5 25
28 6 20
28 9 18
28 10 22
28 16 16
28 19 17
28 20 4
28 21 7
28 24 6
28 27 20
