39
1 0 15
2 0 5
2 1 13
3 0 9
3 1 10
3 2 13
4 0 17
4 1 15
4 2 9
4 3 16
5 0 17
5 1 8
5 2 12
5 3 7
5 4 6
6 0 17
6 1 21
6 2 20
6 3 4
6 4 1
6 5 21
7 0 6
7 1 14
7 2 6
7 3 7
7 4 11
7 5 11
7 6 18
8 0 8
8 1 14
8 2 4
8 3 6
8 4 15
8 5 17
8 6 13
8 7 12
9 0 14
9 1 6
9 2 12
9 3 2
9 4 19
9 5 17
9 6 1
9 7 14
9 8 17
10 0 13
10 1 6
10 2 21
10 3 20
10 4 20
10 5 18
10 6 14
10 7 12
10 8 21
10 9 5
11 0 8
11 1 16
11 2 5
11 3 21
11 4 14
11 5 5
11 6 18
11 7 20
11 8 3
11 9 5
11 10 10
12 0 19
12 1 6
12 2 1
12 3 11
12 4 6
12 5 5
12 6 3
12 7 21
12 8 5
12 9 1
12 10 18
12 11 6
13 0 19
13 1 9
13 2 14
13 3 14
13 4 5
13 5 14
13 6 9
13 7 3
13 8 18
13 9 21
13 10 13
13 11 5
13 12 17
14 0 18
14 1 1
14 2 9
14 3 9
14 4 11
14 5 6
14 6 16
14 7 16
14 8 9
14 9 9
14 10 10
14 11 14
14 12 5
14 13 1
15 0 19
15 1 11
15 2 15
15 3 7
15 4 5
15 5 6
15 6 10
15 7 12
15 8 1
15 9 13
15 10 17
15 11 6
15 12 11
15 13 8
15 14 19
16 0 17
16 1 15
16 2 6
16 3 19
16 4 4
16 5 9
16 6 10
16 7 11
16 8 8
16 9 16
16 10 11
16 11 4
16 12 14
16 13 13
16 14 5
16 15 16
17 0 5
17 1 15
17 2 8
17 3 7
17 4 12
17 5 8
17 6 13
17 7 1
17 8 2
17 9 17
17 10 5
17 11 5
17 12 8
17 13 10
17 14 16
17 15 19
17 16 11
18 0 8
18 1 2
18 2 3
18 3 7
18 4 14
18 5 4
18 6 20
18 7 16
18 8 1
18 9 10
18 10 13
18 11 15
18 12 18
18 13 19
18 14 17
18 15 7
18 16 20
18 17 17
19 0 10
19 1 21
19 2 6
19 3 8
19 4 21
19 5 20
19 6 15
19 7 10
19 8 10
19 9 16
19 10 5
19 11 4
19 12 8
19 13 10
19 14 20
19 15 15
19 16 6
19 17 17
19 18 5
20 0 20
20 1 17
20 2 9
20 3 3
20 4 21
20 5 4
20 6 21
20 7 16
20 8 14
20 9 8
20 10 1
20 11 1
20 12 13
20 13 12
20 14 2
20 15 17
20 16 8
20 17 15
20 18 6
20 19 10
21 0 19
21 1 18
21 2 8
21 3 14
21 4 6
21 5 1
21 6 5
21 7 20
21 8 6
21 9 20
21 10 13
21 11 12
21 12 10
21 13 4
21 14 7
21 15 6
21 16 18
21 17 14
21 18 8
21 19 11
21 20 5
22 0 3
22 1 7
22 2 21
22 3 9
22 4 6
22 5 13
22 6 12
22 7 18
22 8 2
22 9 15
22 10 7
22 11 11
22 12 3
22 13 7
22 14 3
22 15 3
22 16 15
22 17 21
22 18 7
22 19 19
22 20 12
22 21 13
23 0 13
23 1 3
23 2 16
23 3 14
23 4 20
23 5 8
23 6 13
23 7 6
23 8 10
23 9 16
23 10 1
23 11 14
23 12 2
23 13 19
23 14 6
23 15 17
23 16 20
23 17 17
23 18 17
23 19 14
23 20 11
23 21 18
23 22 7
24 0 16
24 1 19
24 2 13
24 3 15
24 4 3
24 5 3
24 6 17
24 7 17
24 8 14
24 9 20
24 10 1
24 11 11
24 12 17
24 13 17
24 14 9
24 15 4
24 16 1
24 17 15
24 18 6
24 19 20
24 20 20
24 21 11
24 22 18
24 23 1
25 0 11
25 1 10
25 2 1
25 3 6
25 4 8
25 5 5
25 6 5
25 7 7
25 8 10
25 9 19
25 10 10
25 11 13
25 12 2
25 13 1
25 14 11
25 15 9
25 16 18
25 17 2
25 18 5
25 19 9
25 20 13
25 21 20
25 22 16
25 23 12
25 24 1
26 0 20
26 1 16
26 2 11
26 3 19
26 4 1
26 5 11
26 6 4
26 7 7
26 8 13
26 9 7
26 10 4
26 11 2
26 12 4
26 13 18
26 14 8
26 15 12
26 16 7
26 17 8
26 18 2
26 19 13
26 20 6
26 21 19
26 22 15
26 23 11
26 24 5
26 25 17
27 0 21
27 1 13
27 2 20
27 3 21
27 4 18
27 5 12
27 6 18
27 7 5
27 8 8
27 9 5
27 10 12
27 11 12
27 12 8
27 13 14
27 14 7
27 15 12
27 16 1
27 17 5
27 18 1
27 19 17
27 20 21
27 21 20
27 22 9
27 23 6
27 24 5
27 25 20
27 26 21
28 0 11
28 1 8
28 2 13
28 3 2
28 4 1
28 5 1
28 6 20
28 7 4
28 8 19
28 9 10
28 10 8
28 11 21
28 12 1
28 13 8
28 14 11
28 15 20
28 16 7
28 17 20
28 18 4
28 19 18
28 20 1
28 21 2
28 22 15
28 23 9
28 24 13
28 25 8
28 26 9
28 27 20
29 0 10
29 1 11
29 2 21
29 3 1
29 4 12
29 5 21
29 6 14
29 7 6
29 8 13
29 9 6
29 10 18
29 11 17
29 12 12
29 13 4
29 14 13
29 15 9
29 16 20
29 17 17
29 18 14
29 19 11
29 20 19
29 21 11
29 22 14
29 23 5
29 24 8
29 25 16
29 26 15
29 27 7
29 28 20
30 0 6
30 1 16
30 2 2
30 3 14
30 4 6
30 5 8
30 6 15
30 7 2
30 8 17
30 9 21
30 10 4
30 11 15
30 12 21
30 13 10
30 14 3
30 15 10
30 16 8
30 17 19
30 18 5
30 19 5
30 20 3
30 21 19
30 22 19
30 23 9
30 24 12
30 25 4
30 26 21
30 27 18
30 28 8
30 29 5
31 0 18
31 1 2
31 2 11
31 3 19
31 4 18
31 5 6
31 6 9
31 7 15
31 8 6
31 9 6
31 10 8
31 11 18
31 12 12
31 13 7
31 14 15
31 15 7
31 16 9
31 17 13
31 18 20
31 19 17
31 20 6
31 21 19
31 22 18
31 23 21
31 24 9
31 25 2
31 26 6
31 27 11
31 28 20
31 29 12
31 30 17
32 0 21
32 1 18
32 2 19
32 3 13
32 4 2
32 5 17
32 6 11
32 7 2
32 8 15
32 9 13
32 10 10
32 11 1
32 12 15
32 13 1
32 14 2
32 15 19
32 16 4
32 17 11
32 18 18
32 19 17
32 20 13
32 21 17
32 22 18
32 23 20
32 24 6
32 25 20
32 26 10
32 27 2
32 28 2
32 29 15
32 30 9
32 31 3
33 0 14
33 1 13
33 2 3
33 3 14
33 4 3
33 5 18
33 6 11
33 7 6
33 8 5
33 9 2
33 10 7
33 11 20
33 12 4
33 13 21
33 14 16
33 15 11
33 16 9
33 17 12
33 18 17
33 19 14
33 20 16
33 21 5
33 22 3
33 23 13
33 24 2
33 25 13
33 26 9
33 27 5
33 28 1
33 29 5
33 30 11
33 31 9
33 32 3
34 0 9
34 1 10
34 2 15
34 3 7
34 4 16
34 5 12
34 6 12
34 7 15
34 8 17
34 9 3
34 10 7
34 11 9
34 12 4
34 13 6
34 14 13
34 15 3
34 16 12
34 17 6
34 18 15
34 19 20
34 20 13
34 21 16
34 22 20
34 23 14
34 24 5
34 25 11
34 26 14
34 27 16
34 28 18
34 29 3
34 30 2
34 31 10
34 32 9
34 33 16
35 0 12
35 1 20
35 2 17
35 3 5
35 4 14
35 5 21
35 6 16
35 7 16
35 8 7
35 9 2
35 10 5
35 11 18
35 12 8
35 13 6
35 14 1
35 15 4
35 16 2
35 17 3
35 18 9
35 19 7
35 20 10
35 21 6
35 22 2
35 23 1
35 24 11
35 25 12
35 26 11
35 27 19
35 28 19
35 29 5
35 30 1
35 31 1
35 32 10
35 33 2
35 34 12
36 0 11
36 1 4
36 2 16
36 3 1
36 4 17
36 5 14
36 6 13
36 7 8
36 8 3
36 9 4
36 10 15
36 11 16
36 12 18
36 13 15
36 14 19
36 15 4
36 16 18
36 17 21
36 18 16
36 19 14
36 20 2
36 21 15
36 22 5
36 23 15
36 24 2
36 25 8
36 26 11
36 27 15
36 28 20
36 29 14
36 30 1
36 31 9
36 32 19
36 33 4
36 34 11
36 35 19
37 0 2
37 1 7
37 2 8
37 3 5
37 4 9
37 5 17
37 6 11
37 7 7
37 8 2
37 9 18
37 10 10
37 11 2
37 12 19
37 13 1
37 14 3
37 15 4
37 16 21
37 17 18
37 18 20
37 19 21
37 20 12
37 21 10
37 22 3
37 23 15
37 24 12
37 25 2
37 26 5
37 27 7
37 28 17
37 29 20
37 30 16
37 31 20
37 32 7
37 33 2
37 34 15
37 35 7
37 36 16
38 0 16
38 1 4
38 2 20
38 3 8
38 4 18
38 5 19
38 6 15
38 7 1
38 8 17
38 9 3
38 10 6
38 11 3
38 12 14
38 13 12
38 14 16
38 15 4
38 16 9
38 17 20
38 18 10
38 19 18
38 20 3
38 21 13
38 22 8
38 23 7
38 24 12
38 25 6
38 26 5
38 27 15
38 28 6
38 29 4
38 30 15
38 31 6
38 32 1
38 33 13
38 34 18
38 35 2
38 36 14
38 37 6
