20
1 0 4
2 0 5
2 1 13
3 0 3
3 1 13
3 2 15
4 0 11
4 1 12
4 2 13
4 3 11
5 0 14
5 1 7
5 2 6
5 3 3
5 4 12
6 0 5
6 1 17
6 2 7
6 3 3
6 4 17
6 5 2
7 0 4
7 1 14
7 2 2
7 3 9
7 4 6
7 5 15
7 6 6
8 0 5
8 1 7
8 2 10
8 3 10
8 4 11
8 5 16
8 6 1
8 7 1
9 0 10
9 1 6
9 2 15
9 3 5
9 4 10
9 5 11
9 6 1
9 7 1
9 8 8
10 0 1
10 1 11
10 2 12
10 3 4
10 4 7
10 5 15
10 6 6
10 7 16
10 8 14
10 9 6
11 0 9
11 1 15
11 2 10
11 3 15
11 4 8
11 5 12
11 6 14
11 7 17
11 8 16
11 9 17
11 10 16
12 0 1
12 1 10
12 2 15
12 3 11
12 4 12
12 5 15
12 6 14
12 7 8
12 8 9
12 9 3
12 10 16
12 11 8
13 0 13
13 1 6
13 2 8
13 3 2
13 4 15
13 5 6
13 6 8
13 7 2
13 8 12
13 9 16
13 10 7
13 11 2
13 12 16
14 0 2
14 1 2
14 2 12
14 3 4
14 4 6
14 5 12
14 6 10
14 7 10
14 8 12
14 9 1
14 10 4
14 11 10
14 12 9
14 13 12
15 0 10
15 1 17
15 2 17
15 3 14
15 4 15
15 5 10
15 6 15
15 7 7
15 8 5
15 9 7
15 10 13
15 11 16
15 12 17
15 13 1
15 14 11
16 0 13
16 1 11
16 2 14
16 3 11
16 4 9
16 5 1
16 6 6
16 7 7
16 8 8
16 9 14
16 10 10
16 11 17
16 12 14
16 13 2
16 14 12
16 15 5
17 0 11
17 1 16
17 2 11
17 3 8
17 4 12
17 5 4
17 6 14
17 7 9
17 8 2
17 9 3
17 10 14
17 11 8
17 12 4
17 13 14
17 14 9
17 15 7
17 16 9
18 0 2
18 1 11
18 2 10
18 3 17
18 4 2
18 5 14
18 6 9
18 7 12
18 8 7
18 9 10
18 10 3
18 11 6
18 12 6
18 13 2
18 14 6
18 15 10
18 16 6
18 17 5
19 0 15
19 1 4
19 2 12
19 3 12
19 4 10
19 5 17
19 6 14
19 7 6
19 8 15
19 9 14
19 10 17
19 11 7
19 12 9
19 13 9
19 14 6
19 15 9
19 16 7
19 17 7
19 18 7
