41
1 0 21
2 0 34
2 1 10
3 0 31
3 1 22
3 2 9
4 0 8
4 1 24
4 2 9
4 3 32
5 1 3
5 3 33
5 4 17
6 3 24
7 1 11
7 3 29
7 4 21
7 5 9
7 6 5
8 3 3
8 4 5
8 5 27
9 0 30
9 4 4
9 6 13
10 1 32
10 2 9
10 3 38
10 5 15
10 6 18
10 8 10
10 9 18
11 0 21
11 1 14
11 4 30
11 6 17
11 7 36
11 8 22
11 10 37
12 0 1
12 1 33
12 7 13
12 8 38
12 11 21
13 2 9
13 8 13
13 9 9
14 2 27
14 3 33
14 6 27
14 7 4
14 8 10
14 11 25
14 12 11
14 13 27
15 0 22
15 2 19
15 5 13
15 6 22
15 9 2
15 13 27
15 14 7
16 5 18
16 8 24
16 9 19
16 10 35
16 13 17
17 0 36
17 1 20
17 6 18
17 8 28
17 9 29
17 10 1
17 11 13
17 15 10
17 16 25
18 0 22
18 2 8
18 4 35
18 5 8
18 6 15
18 10 3
18 14 19
18 15 13
18 16 22
19 3 38
19 4 15
19 5 5
19 6 15
19 8 9
19 10 34
19 11 12
19 12 33
19 18 23
20 0 31
20 2 3
20 4 32
20 5 11
20 6 14
20 7 2
20 8 25
20 11 18
20 12 33
20 13 23
20 15 36
20 18 18
20 19 2
21 1 14
21 2 30
21 3 9
21 4 16
21 5 29
21 6 17
21 10 36
21 12 4
21 14 3
21 19 35
22 0 7
22 1 19
22 2 33
22 4 8
22 7 18
22 9 30
22 10 4
22 11 8
22 14 37
22 16 7
22 18 29
22 20 29
22 21 21
23 0 7
23 1 32
23 3 3
23 8 23
23 9 1
23 15 36
23 16 36
23 17 18
23 18 14
23 20 21
23 22 38
24 0 11
24 1 22
24 4 26
24 6 11
24 9 37
24 16 20
24 18 7
24 20 10
24 22 35
24 23 5
25 0 10
25 2 23
25 4 35
25 6 19
25 8 19
25 9 1
25 13 36
25 14 19
25 16 27
25 18 20
26 1 11
26 2 9
26 4 38
26 8 36
26 10 11
26 11 21
26 12 33
26 13 35
26 16 32
26 17 16
26 19 17
26 22 29
26 23 2
26 25 11
27 0 38
27 1 17
27 11 17
27 16 35
27 19 38
27 21 16
27 26 34
28 1 34
28 2 29
28 3 37
28 6 22
28 7 18
28 9 13
28 11 4
28 12 2
28 13 13
28 14 16
28 16 18
28 20 25
28 21 10
28 24 32
28 25 1
28 27 33
29 0 12
29 2 5
29 6 36
29 10 37
29 11 37
29 12 33
29 13 38
29 14 11
29 16 23
29 24 24
29 25 29
29 27 31
29 28 16
30 2 12
30 3 7
30 5 4
30 6 4
30 7 18
30 8 37
30 10 22
30 11 38
30 13 24
30 16 30
30 17 29
30 18 34
30 19 22
30 20 9
30 25 21
30 26 3
30 28 32
31 0 31
31 2 2
31 3 17
31 4 13
31 5 15
31 6 6
31 10 34
31 12 9
31 14 31
31 15 12
31 17 13
31 18 15
31 20 32
31 26 4
31 27 15
31 28 15
31 29 36
32 2 29
32 3 5
32 4 5
32 5 4
32 6 24
32 8 13
32 12 19
32 14 21
32 17 38
32 18 14
32 19 19
32 20 36
32 21 14
32 22 1
32 24 21
32 27 25
32 30 3
33 3 26
33 4 11
33 6 2
33 8 26
33 9 38
33 10 11
33 13 33
33 15 33
33 16 32
33 18 35
33 19 18
33 20 31
33 21 16
33 22 23
33 23 4
33 25 12
33 26 9
33 28 7
33 31 37
33 32 28
34 2 19
34 3 19
34 4 9
34 5 29
34 7 16
34 11 21
34 14 1
34 17 13
34 20 34
34 21 32
34 22 23
34 24 6
34 25 27
34 26 35
34 28 24
34 29 17
34 33 1
35 0 25
35 3 10
35 4 29
35 5 24
35 12 9
35 15 7
35 17 25
35 19 29
35 20 5
35 21 20
35 22 15
35 25 19
35 27 12
35 29 32
35 30 38
35 31 37
35 34 22
36 0 17
36 1 28
36 3 10
36 4 19
36 7 26
36 9 12
36 11 32
36 13 35
36 19 25
36 21 17
36 22 26
36 24 34
36 25 17
36 26 31
36 28 32
36 31 28
36 33 33
37 2 28
37 4 2
37 5 15
37 8 31
37 11 36
37 12 37
37 14 14
37 15 6
37 16 8
37 17 32
37 19 31
37 20 34
37 21 32
37 25 2
37 28 13
37 29 4
37 30 10
37 32 24
37 34 11
37 35 12
38 2 12
38 4 17
38 6 2
38 8 20
38 11 11
38 13 10
38 14 23
38 15 19
38 16 25
38 17 18
38 18 13
38 20 21
38 22 24
38 23 29
38 24 21
38 26 30
38 27 10
38 32 8
38 34 12
38 35 14
38 36 18
39 1 21
39 2 20
39 6 12
39 7 33
39 9 21
39 10 5
39 11 20
39 12 20
39 13 28
39 15 2
39 19 29
39 20 22
39 23 30
39 25 32
39 26 10
39 27 28
39 28 25
39 29 12
39 30 6
40 6 13
40 7 14
40 8 16
40 9 23
40 10 3
40 11 1
40 13 32
40 14 3
40 15 7
40 16 15
40 17 25
40 19 10
40 25 34
40 26 34
40 28 32
40 34 28
40 36 15
40 37 31
40 39 24
