21
2 1 11
3 1 31
3 2 22
4 0 18
4 1 15
4 2 9
5 0 30
5 1 10
5 2 14
5 4 3
6 4 17
7 0 8
7 1 15
7 2 7
7 5 19
7 6 25
8 0 28
8 1 4
8 2 10
8 3 9
8 6 26
9 1 12
9 3 13
9 4 20
9 8 1
10 0 27
10 1 33
10 4 22
11 1 3
11 6 22
11 7 32
11 9 12
12 1 16
12 2 25
12 6 6
12 7 27
12 8 41
12 11 7
13 0 38
13 4 17
13 5 27
13 6 39
13 7 6
13 8 4
13 9 9
13 10 7
14 1 3
14 2 39
14 3 26
14 5 26
14 7 37
14 8 21
14 10 37
14 11 26
14 12 2
15 1 19
15 2 2
15 3 3
15 4 18
15 5 23
15 6 9
15 8 5
15 9 15
15 11 33
15 12 31
15 13 13
15 14 39
16 0 23
16 1 3
16 2 31
16 3 36
16 5 13
16 10 11
16 12 26
17 3 36
17 7 39
17 8 23
17 9 41
17 10 40
17 11 37
17 12 15
17 15 2
17 16 40
18 0 8
18 1 30
18 2 35
18 5 39
18 9 34
18 10 1
18 13 12
18 17 24
19 1 12
19 4 19
19 6 9
19 7 29
19 9 29
19 11 13
19 13 1
19 14 19
19 15 28
19 18 35
20 1 27
20 2 37
20 4 34
20 6 12
20 7 40
20 8 28
20 13 6
20 14 19
20 15 25
20 17 1
20 18 15
