28
1 0 2
2 0 2
2 1 3
3 0 4
3 1 2
3 2 9
4 0 5
4 1 10
4 2 3
4 3 10
5 0 8
5 1 3
5 2 3
5 3 2
5 4 7
6 0 5
6 1 13
6 2 1
6 3 9
6 4 11
6 5 4
7 0 4
7 1 12
7 2 4
7 3 10
7 4 4
7 5 4
7 6 10
8 0 9
8 1 13
8 2 2
8 3 5
8 4 7
8 5 11
8 6 1
8 7 4
9 0 11
9 1 5
9 2 13
9 3 5
9 4 11
9 5 5
9 6 5
9 7 14
9 8 8
10 0 2
10 1 5
10 2 8
10 3 12
10 4 5
10 5 1
10 6 5
10 7 1
10 8 1
10 9 11
11 0 4
11 1 14
11 2 11
11 3 9
11 4 11
11 5 7
11 6 10
11 7 12
11 8 4
11 9 13
11 10 8
12 0 4
12 1 2
12 2 6
12 3 2
12 4 9
12 5 4
12 6 4
12 7 8
12 8 3
12 9 5
12 10 11
12 11 2
13 0 13
13 1 8
13 2 13
13 3 10
13 4 4
13 5 13
13 6 6
13 7 1
13 8 4
13 9 8
13 10 3
13 11 13
13 12 13
14 0 9
14 1 1
14 2 9
14 3 4
14 4 7
14 5 9
14 6 7
14 7 8
14 8 7
14 9 3
14 10 8
14 11 13
14 12 8
14 13 12
15 0 8
15 1 12
15 2 6
15 3 2
15 4 3
15 5 12
15 6 5
15 7 2
15 8 10
15 9 9
15 10 7
15 11 13
15 12 13
15 13 6
15 14 8
16 0 13
16 1 7
16 2 4
16 3 1
16 4 12
16 5 6
16 6 14
16 7 6
16 8 2
16 9 11
16 10 7
16 11 13
16 12 5
16 13 5
16 14 2
16 15 1
17 0 2
17 1 14
17 2 10
17 3 8
17 4 10
17 5 12
17 6 2
17 7 14
17 8 10
17 9 3
17 10 8
17 11 12
17 12 12
17 13 1
17 14 13
17 15 5
17 16 1
18 0 8
18 1 5
18 2 5
18 3 11
18 4 1
18 5 13
18 6 2
18 7 1
18 8 6
18 9 7
18 10 1
18 11 5
18 12 5
18 13 7
18 14 3
18 15 1
18 16 7
18 17 10
19 0 1
19 1 3
19 2 13
19 3 11
19 4 3
19 5 9
19 6 10
19 7 6
19 8 9
19 9 10
19 10 9
19 11 13
19 12 12
19 13 5
19 14 4
19 15 2
19 16 13
19 17 7
19 18 2
20 0 7
20 1 8
20 2 3
20 3 7
20 4 7
20 5 2
20 6 8
20 7 8
20 8 9
20 9 4
20 10 9
20 11 13
20 12 6
20 13 10
20 14 4
20 15 9
20 16 1
20 17 6
20 18 12
20 19 12
21 0 7
21 1 6
21 2 3
21 3 4
21 4 14
21 5 10
21 6 10
21 7 10
21 8 11
21 9 12
21 10 8
21 11 1
21 12 3
21 13 13
21 14 6
21 15 7
21 16 1
21 17 3
21 18 5
21 19 14
21 20 3
22 0 2
22 1 3
22 2 11
22 3 10
22 4 3
22 5 10
22 6 6
22 7 2
22 8 6
22 9 11
22 10 7
22 11 10
22 12 2
22 13 2
22 14 14
22 15 3
22 16 12
22 17 6
22 18 13
22 19 8
22 20 11
22 21 3
23 0 1
23 1 13
23 2 5
23 3 3
23 4 12
23 5 4
23 6 14
23 7 1
23 8 6
23 9 14
23 10 1
23 11 13
23 12 1
23 13 13
23 14 10
23 15 1
23 16 12
23 17 13
23 18 11
23 19 11
23 20 10
23 21 11
23 22 7
24 0 7
24 1 2
24 2 6
24 3 11
24 4 14
24 5 12
24 6 11
24 7 13
24 8 5
24 9 10
24 10 5
24 11 13
24 12 4
24 13 6
24 14 7
24 15 8
24 16 6
24 17 8
24 18 8
24 19 8
24 20 14
24 21 12
24 22 5
24 23 1
25 0 14
25 1 5
25 2 3
25 3 1
25 4 4
25 5 6
25 6 13
25 7 10
25 8 14
25 9 5
25 10 2
25 11 5
25 12 1
25 13 2
25 14 10
25 15 14
25 16 6
25 17 3
25 18 7
25 19 8
25 20 9
25 21 7
25 22 5
25 23 7
25 24 2
26 0 10
26 1 7
26 2 10
26 3 3
26 4 6
26 5 12
26 6 4
26 7 8
26 8 8
26 9 9
26 10 7
26 11 9
26 12 7
26 13 12
26 14 3
26 15 7
26 16 7
26 17 7
26 18 8
26 19 4
26 20 1
26 21 5
26 22 14
26 23 7
26 24 1
26 25 13
27 0 12
27 1 5
27 2 11
27 3 13
27 4 10
27 5 5
27 6 13
27 7 13
27 8 9
27 9 8
27 10 5
27 11 11
27 12 11
27 13 11
27 14 9
27 15 13
27 16 13
27 17 2
27 18 10
27 19 10
27 20 12
27 21 5
27 22 4
27 23 12
27 24 10
27 25 5
27 26 6
