46
2 1 20
3 0 4
3 1 19
3 2 9
4 2 10
5 1 7
5 2 7
5 3 5
5 4 12
6 0 14
6 3 11
6 4 12
7 0 2
7 1 22
7 2 9
7 3 14
8 0 15
8 1 3
8 2 5
8 5 5
8 7 10
9 0 16
9 3 23
9 4 3
9 6 18
10 0 4
10 3 6
10 4 14
10 5 3
10 6 19
10 8 17
11 2 17
11 3 14
11 4 22
11 5 5
11 10 8
12 2 13
12 3 11
12 4 22
12 5 3
12 10 4
13 1 18
13 2 14
13 8 5
13 9 23
13 10 3
13 12 14
14 0 2
14 1 2
14 3 14
14 6 14
14 8 19
14 10 6
14 11 14
14 13 3
15 6 12
15 7 2
15 9 6
15 12 15
15 13 8
15 14 22
16 2 8
16 3 23
16 4 5
16 5 1
16 10 13
16 11 4
16 12 19
16 15 8
17 0 6
17 2 17
17 4 17
17 9 11
17 10 17
17 11 18
17 12 23
17 13 13
17 14 20
18 5 12
18 6 2
18 8 23
18 9 9
18 10 13
18 11 17
18 12 8
18 13 2
18 15 2
18 16 22
19 0 23
19 1 18
19 3 6
19 4 9
19 5 7
19 7 4
19 10 8
19 12 6
19 16 18
19 17 3
20 0 13
20 1 18
20 2 22
20 3 11
20 4 20
20 7 8
20 8 16
20 10 8
20 12 19
20 17 6
20 19 12
21 2 15
21 3 22
21 8 6
21 10 2
21 14 23
21 15 23
21 18 14
21 19 2
22 0 12
22 1 23
22 3 15
22 4 20
22 8 19
22 10 21
22 12 16
22 13 23
22 15 1
22 17 20
22 18 21
22 19 11
23 3 1
23 4 8
23 6 16
23 9 20
23 13 22
23 14 18
23 18 20
23 21 18
24 0 23
24 1 14
24 4 9
24 8 14
24 10 19
24 11 5
24 12 14
24 13 11
24 14 15
24 15 13
24 16 6
24 17 23
24 18 20
24 22 6
24 23 18
25 1 7
25 2 15
25 3 16
25 4 5
25 5 16
25 6 21
25 10 13
25 11 8
25 13 4
25 14 23
25 15 20
25 16 2
25 17 6
25 20 9
25 21 14
25 23 22
25 24 15
26 0 8
26 1 20
26 5 18
26 8 10
26 10 22
26 11 16
26 12 4
26 14 18
26 15 11
26 17 15
26 18 13
26 19 21
26 21 15
26 22 4
26 23 1
26 25 16
27 0 18
27 1 4
27 2 20
27 3 13
27 6 5
27 7 15
27 8 9
27 9 3
27 10 4
27 11 16
27 13 16
27 14 1
27 18 22
27 19 7
27 20 14
27 23 12
27 24 18
28 1 14
28 2 20
28 5 7
28 11 13
28 12 8
28 13 23
28 14 18
28 17 11
28 22 9
28 24 1
28 26 10
28 27 15
29 5 14
29 6 6
29 7 4
29 12 6
29 13 22
29 17 7
29 20 10
29 24 15
29 28 9
30 2 17
30 3 18
30 5 3
30 11 10
30 13 1
30 16 20
30 17 2
30 18 14
30 21 11
30 22 18
30 23 3
30 27 20
30 28 20
31 0 18
31 2 13
31 5 3
31 9 10
31 16 9
31 18 10
31 21 6
31 23 11
31 24 6
31 29 4
32 0 14
32 2 23
32 3 6
32 5 20
32 6 4
32 11 11
32 12 3
32 13 6
32 14 14
32 15 15
32 16 15
32 18 7
32 21 22
32 23 2
32 24 4
32 25 7
32 26 7
32 29 9
32 30 9
32 31 7
33 1 4
33 4 22
33 7 3
33 10 2
33 14 16
33 16 12
33 17 2
33 21 16
33 22 16
33 23 15
33 24 21
33 25 20
33 30 3
33 31 10
33 32 10
34 4 2
34 6 20
34 7 15
34 8 19
34 9 6
34 16 18
34 17 2
34 19 15
34 21 5
34 24 10
34 26 14
34 29 10
34 32 20
35 0 1
35 3 15
35 4 1
35 5 14
35 6 6
35 7 8
35 8 7
35 11 15
35 14 16
35 17 4
35 18 23
35 20 7
35 30 7
35 31 13
35 32 7
35 33 11
36 0 22
36 1 22
36 2 12
36 5 7
36 6 5
36 7 22
36 8 4
36 9 21
36 11 10
36 12 20
36 13 20
36 14 10
36 17 2
36 18 15
36 20 18
36 22 6
36 24 19
36 26 23
36 27 15
36 28 9
36 30 18
36 31 20
36 35 10
37 5 12
37 6 5
37 15 18
37 16 19
37 17 3
37 18 8
37 19 9
37 23 7
37 26 8
37 27 3
37 29 14
37 31 3
37 35 18
37 36 6
38 1 17
38 3 2
38 6 22
38 7 13
38 9 9
38 16 23
38 17 19
38 18 11
38 19 6
38 21 19
38 22 8
38 27 16
38 34 19
38 35 18
39 2 19
39 5 18
39 6 10
39 8 6
39 9 18
39 10 11
39 13 6
39 16 4
39 17 11
39 19 14
39 20 21
39 22 22
39 23 21
39 25 19
39 29 19
39 30 8
39 33 22
39 34 5
39 36 9
39 38 16
40 0 18
40 3 17
40 4 2
40 9 16
40 10 5
40 11 21
40 12 22
40 14 19
40 15 11
40 16 4
40 17 14
40 21 16
40 23 22
40 27 21
40 28 5
40 29 20
40 30 10
40 31 4
40 33 20
40 35 14
40 36 9
40 37 22
40 39 8
41 0 18
41 2 7
41 10 11
41 12 13
41 13 8
41 14 6
41 16 20
41 17 10
41 18 17
41 19 21
41 23 7
41 24 8
41 28 23
41 33 16
41 34 3
41 35 20
41 37 22
41 40 19
42 1 11
42 2 21
42 3 1
42 4 22
42 6 7
42 8 5
42 9 18
42 10 3
42 12 8
42 15 14
42 18 16
42 19 13
42 20 22
42 22 16
42 23 13
42 26 12
42 28 2
42 31 11
42 36 11
42 39 2
42 40 13
43 5 5
43 9 12
43 11 7
43 12 8
43 14 7
43 15 5
43 17 20
43 18 22
43 20 6
43 21 14
43 27 7
43 28 23
43 29 6
43 30 22
43 33 16
43 36 4
44 2 12
44 3 5
44 4 9
44 5 6
44 7 7
44 8 22
44 10 14
44 15 17
44 16 2
44 17 5
44 18 3
44 19 8
44 22 20
44 27 8
44 29 12
44 30 1
44 32 4
44 33 9
44 34 19
44 39 19
44 43 10
45 3 9
45 4 9
45 12 17
45 14 15
45 15 19
45 16 12
45 18 16
45 23 20
45 24 8
45 25 11
45 26 3
45 29 17
45 31 9
45 33 9
45 35 5
45 36 3
45 40 19
45 44 23
