59
1 0 28
2 0 31
2 1 14
3 0 1
3 1 30
3 2 31
4 0 12
4 1 12
4 2 14
4 3 3
5 0 20
5 1 10
5 2 19
5 3 5
5 4 9
6 0 21
6 1 25
6 2 3
6 3 13
6 4 26
6 5 2
7 0 24
7 1 14
7 2 12
7 3 2
7 4 12
7 5 14
7 6 29
8 0 27
8 1 17
8 2 7
8 3 18
8 4 3
8 5 18
8 6 27
8 7 12
9 0 22
9 1 14
9 2 28
9 3 27
9 4 19
9 5 28
9 6 26
9 7 7
9 8 20
10 0 1
10 1 5
10 2 6
10 3 19
10 4 19
10 5 6
10 6 4
10 7 21
10 8 7
10 9 23
11 0 10
11 1 2
11 2 15
11 3 29
11 4 14
11 5 21
11 6 13
11 7 25
11 8 8
11 9 25
11 10 8
12 0 5
12 1 25
12 2 6
12 3 22
12 4 27
12 5 18
12 6 14
12 7 6
12 8 15
12 9 19
12 10 2
12 11 18
13 0 14
13 1 21
13 2 25
13 3 16
13 4 20
13 5 30
13 6 3
13 7 16
13 8 1
13 9 25
13 10 2
13 11 1
13 12 10
14 0 7
14 1 25
14 2 14
14 3 31
14 4 6
14 5 31
14 6 22
14 7 25
14 8 11
14 9 26
14 10 27
14 11 16
14 12 27
14 13 2
15 0 2
15 1 2
15 2 24
15 3 20
15 4 16
15 5 26
15 6 15
15 7 11
15 8 2
15 9 12
15 10 29
15 11 31
15 12 13
15 13 12
15 14 32
16 0 6
16 1 16
16 2 32
16 3 18
16 4 9
16 5 2
16 6 3
16 7 9
16 8 31
16 9 22
16 10 10
16 11 16
16 12 4
16 13 23
16 14 23
16 15 18
17 0 26
17 1 9
17 2 11
17 3 3
17 4 20
17 5 11
17 6 7
17 7 28
17 8 14
17 9 20
17 10 16
17 11 16
17 12 23
17 13 14
17 14 16
17 15 6
17 16 10
18 0 27
18 1 22
18 2 9
18 3 15
18 4 12
18 5 23
18 6 25
18 7 32
18 8 7
18 9 27
18 10 31
18 11 10
18 12 32
18 13 7
18 14 3
18 15 19
18 16 4
18 17 21
19 0 3
19 1 9
19 2 11
19 3 4
19 4 26
19 5 19
19 6 22
19 7 22
19 8 27
19 9 2
19 10 24
19 11 10
19 12 20
19 13 25
19 14 23
19 15 29
19 16 19
19 17 10
19 18 6
20 0 8
20 1 4
20 2 12
20 3 6
20 4 11
20 5 19
20 6 15
20 7 29
20 8 5
20 9 7
20 10 13
20 11 14
20 12 10
20 13 32
20 14 2
20 15 11
20 16 27
20 17 28
20 18 9
20 19 22
21 0 27
21 1 26
21 2 13
21 3 5
21 4 7
21 5 12
21 6 19
21 7 3
21 8 14
21 9 3
21 10 24
21 11 27
21 12 6
21 13 25
21 14 1
21 15 16
21 16 5
21 17 11
21 18 5
21 19 7
21 20 12
22 0 1
22 1 21
22 2 14
22 3 6
22 4 29
22 5 9
22 6 20
22 7 6
22 8 6
22 9 9
22 10 28
22 11 13
22 12 21
22 13 7
22 14 29
22 15 20
22 16 8
22 17 30
22 18 12
22 19 23
22 20 20
22 21 9
23 0 3
23 1 21
23 2 7
23 3 30
23 4 27
23 5 13
23 6 5
23 7 22
23 8 5
23 9 30
23 10 28
23 11 21
23 12 20
23 13 27
23 14 21
23 15 13
23 16 31
23 17 22
23 18 10
23 19 31
23 20 12
23 21 21
23 22 4
24 0 17
24 1 20
24 2 12
24 3 24
24 4 16
24 5 7
24 6 7
24 7 6
24 8 3
24 9 6
24 10 21
24 11 27
24 12 11
24 13 21
24 14 8
24 15 25
24 16 18
24 17 9
24 18 15
24 19 3
24 20 28
24 21 23
24 22 6
24 23 21
25 0 11
25 1 14
25 2 32
25 3 6
25 4 31
25 5 29
25 6 11
25 7 11
25 8 6
25 9 11
25 10 31
25 11 32
25 12 31
25 13 13
25 14 25
25 15 27
25 16 25
25 17 17
25 18 21
25 19 27
25 20 13
25 21 1
25 22 17
25 23 27
25 24 30
26 0 14
26 1 18
26 2 8
26 3 17
26 4 20
26 5 25
26 6 27
26 7 3
26 8 11
26 9 14
26 10 31
26 11 10
26 12 28
26 13 28
26 14 20
26 15 15
26 16 4
26 17 4
26 18 17
26 19 12
26 20 25
26 21 8
26 22 20
26 23 17
26 24 26
26 25 28
27 0 2
27 1 16
27 2 18
27 3 29
27 4 20
27 5 30
27 6 18
27 7 5
27 8 21
27 9 27
27 10 4
27 11 7
27 12 18
27 13 29
27 14 5
27 15 7
27 16 31
27 17 32
27 18 4
27 19 29
27 20 15
27 21 8
27 22 10
27 23 7
27 24 9
27 25 18
27 26 6
28 0 20
28 1 14
28 2 19
28 3 22
28 4 23
28 5 1
28 6 18
28 7 10
28 8 17
28 9 1
28 10 3
28 11 23
28 12 32
28 13 19
28 14 17
28 15 3
28 16 17
28 17 16
28 18 28
28 19 10
28 20 1
28 21 19
28 22 9
28 23 29
28 24 19
28 25 11
28 26 20
28 27 6
29 0 16
29 1 17
29 2 14
29 3 13
29 4 19
29 5 31
29 6 22
29 7 29
29 8 4
29 9 24
29 10 18
29 11 24
29 12 8
29 13 15
29 14 27
29 15 30
29 16 4
29 17 1
29 18 6
29 19 4
29 20 22
29 21 18
29 22 9
29 23 9
29 24 9
29 25 8
29 26 8
29 27 25
29 28 4
30 0 26
30 1 4
30 2 31
30 3 22
30 4 23
30 5 20
30 6 29
30 7 30
30 8 19
30 9 15
30 10 3
30 11 6
30 12 23
30 13 31
30 14 18
30 15 2
30 16 23
30 17 26
30 18 4
30 19 1
30 20 20
30 21 21
30 22 18
30 23 28
30 24 27
30 25 29
30 26 11
30 27 20
30 28 5
30 29 1
31 0 19
31 1 31
31 2 6
31 3 9
31 4 21
31 5 10
31 6 12
31 7 19
31 8 28
31 9 28
31 10 9
31 11 26
31 12 22
31 13 7
31 14 21
31 15 1
31 16 19
31 17 21
31 18 31
31 19 7
31 20 29
31 21 10
31 22 17
31 23 18
31 24 16
31 25 31
31 26 14
31 27 20
31 28 17
31 29 11
31 30 12
32 0 10
32 1 7
32 2 15
32 3 22
32 4 31
32 5 4
32 6 3
32 7 3
32 8 11
32 9 6
32 10 19
32 11 17
32 12 11
32 13 26
32 14 15
32 15 21
32 16 7
32 17 27
32 18 20
32 19 17
32 20 12
32 21 23
32 22 30
32 23 14
32 24 17
32 25 14
32 26 32
32 27 14
32 28 21
32 29 19
32 30 22
32 31 20
33 0 26
33 1 21
33 2 4
33 3 1
33 4 24
33 5 23
33 6 12
33 7 11
33 8 19
33 9 4
33 10 17
33 11 7
33 12 23
33 13 8
33 14 13
33 15 27
33 16 24
33 17 5
33 18 30
33 19 31
33 20 2
33 21 15
33 22 23
33 23 12
33 24 23
33 25 15
33 26 13
33 27 23
33 28 32
33 29 25
33 30 12
33 31 8
33 32 16
34 0 23
34 1 3
34 2 23
34 3 14
34 4 15
34 5 17
34 6 14
34 7 9
34 8 13
34 9 24
34 10 16
34 11 7
34 12 9
34 13 1
34 14 14
34 15 24
34 16 13
34 17 14
34 18 25
34 19 29
34 20 21
34 21 21
34 22 21
34 23 6
34 24 31
34 25 20
34 26 32
34 27 29
34 28 28
34 29 29
34 30 3
34 31 4
34 32 6
34 33 13
35 0 19
35 1 11
35 2 26
35 3 10
35 4 14
35 5 31
35 6 3
35 7 17
35 8 28
35 9 29
35 10 20
35 11 15
35 12 21
35 13 31
35 14 7
35 15 4
35 16 15
35 17 24
35 18 6
35 19 14
35 20 26
35 21 11
35 22 20
35 23 9
35 24 21
35 25 8
35 26 1
35 27 2
35 28 12
35 29 21
35 30 17
35 31 21
35 32 31
35 33 23
35 34 17
36 0 13
36 1 32
36 2 6
36 3 15
36 4 21
36 5 26
36 6 7
36 7 12
36 8 8
36 9 16
36 10 29
36 11 29
36 12 20
36 13 12
36 14 5
36 15 7
36 16 25
36 17 12
36 18 10
36 19 9
36 20 26
36 21 20
36 22 28
36 23 23
36 24 8
36 25 22
36 26 19
36 27 29
36 28 4
36 29 15
36 30 8
36 31 22
36 32 21
36 33 12
36 34 31
36 35 30
37 0 23
37 1 29
37 2 11
37 3 26
37 4 23
37 5 25
37 6 14
37 7 11
37 8 20
37 9 19
37 10 24
37 11 6
37 12 27
37 13 30
37 14 9
37 15 28
37 16 25
37 17 11
37 18 2
37 19 18
37 20 28
37 21 25
37 22 13
37 23 30
37 24 13
37 25 29
37 26 12
37 27 18
37 28 19
37 29 6
37 30 4
37 31 31
37 32 25
37 33 22
37 34 19
37 35 13
37 36 18
38 0 1
38 1 32
38 2 1
38 3 4
38 4 29
38 5 21
38 6 20
38 7 18
38 8 2
38 9 2
38 10 10
38 11 6
38 12 21
38 13 1
38 14 10
38 15 28
38 16 21
38 17 31
38 18 28
38 19 21
38 20 7
38 21 24
38 22 14
38 23 25
38 24 17
38 25 23
38 26 29
38 27 17
38 28 16
38 29 23
38 30 21
38 31 31
38 32 10
38 33 6
38 34 26
38 35 3
38 36 20
38 37 27
39 0 3
39 1 7
39 2 31
39 3 11
39 4 16
39 5 2
39 6 20
39 7 2
39 8 23
39 9 32
39 10 6
39 11 30
39 12 6
39 13 5
39 14 11
39 15 17
39 16 21
39 17 9
39 18 21
39 19 15
39 20 32
39 21 26
39 22 15
39 23 18
39 24 3
39 25 12
39 26 6
39 27 5
39 28 29
39 29 21
39 30 19
39 31 19
39 32 6
39 33 25
39 34 22
39 35 5
39 36 31
39 37 23
39 38 20
40 0 8
40 1 16
40 2 9
40 3 10
40 4 7
40 5 23
40 6 16
40 7 7
40 8 32
40 9 13
40 10 32
40 11 2
40 12 4
40 13 9
40 14 2
40 15 11
40 16 7
40 17 32
40 18 17
40 19 19
40 20 26
40 21 21
40 22 20
40 23 31
40 24 31
40 25 7
40 26 6
40 27 29
40 28 11
40 29 5
40 30 7
40 31 2
40 32 20
40 33 4
40 34 13
40 35 25
40 36 7
40 37 16
40 38 9
40 39 18
41 0 23
41 1 22
41 2 4
41 3 8
41 4 28
41 5 13
41 6 20
41 7 15
41 8 19
41 9 18
41 10 4
41 11 26
41 12 16
41 13 23
41 14 25
41 15 9
41 16 32
41 17 10
41 18 30
41 19 24
41 20 27
41 21 31
41 22 27
41 23 14
41 24 24
41 25 28
41 26 6
41 27 3
41 28 13
41 29 19
41 30 6
41 31 26
41 32 5
41 33 8
41 34 15
41 35 25
41 36 25
41 37 19
41 38 6
41 39 20
41 40 23
42 0 19
42 1 5
42 2 11
42 3 6
42 4 21
42 5 15
42 6 7
42 7 11
42 8 8
42 9 12
42 10 26
42 11 6
42 12 28
42 13 10
42 14 2
42 15 1
42 16 18
42 17 26
42 18 14
42 19 24
42 20 4
42 21 23
42 22 5
42 23 31
42 24 12
42 25 32
42 26 1
42 27 8
42 28 17
42 29 8
42 30 1
42 31 6
42 32 14
42 33 9
42 34 23
42 35 1
42 36 32
42 37 27
42 38 17
42 39 17
42 40 12
42 41 5
43 0 2
43 1 29
43 2 27
43 3 14
43 4 6
43 5 4
43 6 19
43 7 17
43 8 15
43 9 28
43 10 2
43 11 11
43 12 7
43 13 14
43 14 31
43 15 6
43 16 7
43 17 7
43 18 11
43 19 13
43 20 4
43 21 20
43 22 2
43 23 7
43 24 19
43 25 22
43 26 8
43 27 11
43 28 1
43 29 13
43 30 17
43 31 19
43 32 22
43 33 27
43 34 2
43 35 10
43 36 24
43 37 12
43 38 28
43 39 23
43 40 16
43 41 24
43 42 9
44 0 32
44 1 5
44 2 26
44 3 7
44 4 11
44 5 8
44 6 26
44 7 13
44 8 30
44 9 17
44 10 30
44 11 23
44 12 8
44 13 15
44 14 22
44 15 17
44 16 2
44 17 15
44 18 18
44 19 29
44 20 4
44 21 1
44 22 21
44 23 1
44 24 27
44 25 11
44 26 7
44 27 19
44 28 17
44 29 1
44 30 32
44 31 8
44 32 19
44 33 15
44 34 29
44 35 25
44 36 4
44 37 21
44 38 19
44 39 10
44 40 31
44 41 1
44 42 30
44 43 1
45 0 16
45 1 23
45 2 32
45 3 24
45 4 6
45 5 10
45 6 24
45 7 31
45 8 23
45 9 16
45 10 7
45 11 13
45 12 5
45 13 2
45 14 19
45 15 8
45 16 9
45 17 31
45 18 5
45 19 5
45 20 6
45 21 32
45 22 7
45 23 16
45 24 28
45 25 14
45 26 2
45 27 21
45 28 4
45 29 12
45 30 18
45 31 26
45 32 16
45 33 14
45 34 9
45 35 9
45 36 13
45 37 29
45 38 8
45 39 13
45 40 7
45 41 15
45 42 30
45 43 28
45 44 27
46 0 17
46 1 11
46 2 15
46 3 23
46 4 13
46 5 11
46 6 22
46 7 22
46 8 21
46 9 21
46 10 10
46 11 2
46 12 32
46 13 32
46 14 7
46 15 25
46 16 6
46 17 11
46 18 1
46 19 12
46 20 13
46 21 11
46 22 3
46 23 9
46 24 2
46 25 9
46 26 31
46 27 27
46 28 5
46 29 11
46 30 3
46 31 21
46 32 21
46 33 18
46 34 30
46 35 18
46 36 14
46 37 15
46 38 31
46 39 31
46 40 16
46 41 20
46 42 9
46 43 22
46 44 6
46 45 27
47 0 17
47 1 15
47 2 30
47 3 27
47 4 20
47 5 15
47 6 30
47 7 18
47 8 15
47 9 22
47 10 9
47 11 14
47 12 15
47 13 14
47 14 19
47 15 6
47 16 18
47 17 21
47 18 23
47 19 3
47 20 13
47 21 26
47 22 10
47 23 23
47 24 15
47 25 14
47 26 19
47 27 24
47 28 13
47 29 22
47 30 31
47 31 6
47 32 32
47 33 14
47 34 27
47 35 1
47 36 16
47 37 19
47 38 24
47 39 8
47 40 32
47 41 8
47 42 14
47 43 3
47 44 17
47 45 4
47 46 16
48 0 7
48 1 17
48 2 22
48 3 1
48 4 28
48 5 13
48 6 7
48 7 3
48 8 29
48 9 29
48 10 16
48 11 28
48 12 32
48 13 17
48 14 9
48 15 15
48 16 5
48 17 26
48 18 26
48 19 22
48 20 21
48 21 13
48 22 19
48 23 32
48 24 5
48 25 17
48 26 19
48 27 23
48 28 23
48 29 22
48 30 13
48 31 5
48 32 10
48 33 2
48 34 28
48 35 3
48 36 13
48 37 12
48 38 24
48 39 20
48 40 31
48 41 4
48 42 24
48 43 4
48 44 8
48 45 8
48 46 17
48 47 29
49 0 25
49 1 23
49 2 7
49 3 26
49 4 26
49 5 26
49 6 18
49 7 3
49 8 23
49 9 31
49 10 32
49 11 22
49 12 15
49 13 5
49 14 28
49 15 12
49 16 31
49 17 20
49 18 31
49 19 11
49 20 3
49 21 10
49 22 26
49 23 19
49 24 10
49 25 4
49 26 19
49 27 24
49 28 22
49 29 28
49 30 18
49 31 11
49 32 13
49 33 1
49 34 3
49 35 1
49 36 2
49 37 28
49 38 12
49 39 18
49 40 20
49 41 8
49 42 18
49 43 30
49 44 12
49 45 25
49 46 12
49 47 12
49 48 24
50 0 10
50 1 21
50 2 5
50 3 20
50 4 30
50 5 27
50 6 7
50 7 7
50 8 24
50 9 17
50 10 28
50 11 5
50 12 10
50 13 2
50 14 28
50 15 5
50 16 16
50 17 4
50 18 15
50 19 4
50 20 10
50 21 3
50 22 4
50 23 4
50 24 6
50 25 25
50 26 9
50 27 30
50 28 30
50 29 18
50 30 19
50 31 22
50 32 17
50 33 6
50 34 21
50 35 16
50 36 14
50 37 18
50 38 10
50 39 8
50 40 26
50 41 19
50 42 4
50 43 19
50 44 28
50 45 24
50 46 5
50 47 8
50 48 8
50 49 20
51 0 15
51 1 4
51 2 7
51 3 9
51 4 12
51 5 15
51 6 15
51 7 28
51 8 11
51 9 14
51 10 15
51 11 7
51 12 26
51 13 18
51 14 2
51 15 17
51 16 22
51 17 11
51 18 14
51 19 17
51 20 3
51 21 21
51 22 27
51 23 26
51 24 16
51 25 14
51 26 12
51 27 19
51 28 21
51 29 15
51 30 20
51 31 28
51 32 20
51 33 1
51 34 5
51 35 17
51 36 29
51 37 10
51 38 18
51 39 5
51 40 25
51 41 10
51 42 16
51 43 24
51 44 28
51 45 15
51 46 27
51 47 32
51 48 23
51 49 11
51 50 26
52 0 15
52 1 4
52 2 27
52 3 3
52 4 14
52 5 12
52 6 1
52 7 26
52 8 15
52 9 12
52 10 18
52 11 5
52 12 23
52 13 16
52 14 2
52 15 30
52 16 24
52 17 1
52 18 2
52 19 15
52 20 18
52 21 31
52 22 21
52 23 17
52 24 14
52 25 20
52 26 7
52 27 30
52 28 15
52 29 22
52 30 20
52 31 25
52 32 19
52 33 9
52 34 23
52 35 13
52 36 20
52 37 13
52 38 2
52 39 16
52 40 11
52 41 25
52 42 21
52 43 13
52 44 25
52 45 21
52 46 3
52 47 17
52 48 23
52 49 25
52 50 14
52 51 25
53 0 32
53 1 31
53 2 17
53 3 2
53 4 3
53 5 29
53 6 18
53 7 15
53 8 31
53 9 1
53 10 22
53 11 19
53 12 8
53 13 18
53 14 1
53 15 5
53 16 19
53 17 11
53 18 29
53 19 26
53 20 24
53 21 23
53 22 20
53 23 1
53 24 32
53 25 19
53 26 4
53 27 2
53 28 9
53 29 29
53 30 23
53 31 19
53 32 20
53 33 15
53 34 15
53 35 26
53 36 7
53 37 12
53 38 26
53 39 15
53 40 29
53 41 15
53 42 26
53 43 19
53 44 2
53 45 31
53 46 29
53 47 32
53 48 5
53 49 1
53 50 32
53 51 3
53 52 11
54 0 13
54 1 16
54 2 13
54 3 31
54 4 16
54 5 18
54 6 18
54 7 32
54 8 16
54 9 6
54 10 9
54 11 15
54 12 21
54 13 26
54 14 11
54 15 16
54 16 12
54 17 4
54 18 24
54 19 19
54 20 30
54 21 13
54 22 4
54 23 16
54 24 20
54 25 8
54 26 3
54 27 4
54 28 7
54 29 13
54 30 24
54 31 1
54 32 6
54 33 30
54 34 26
54 35 9
54 36 10
54 37 23
54 38 32
54 39 11
54 40 8
54 41 19
54 42 18
54 43 23
54 44 6
54 45 4
54 46 6
54 47 8
54 48 1
54 49 31
54 50 31
54 51 22
54 52 19
54 53 18
55 0 8
55 1 6
55 2 13
55 3 32
55 4 20
55 5 20
55 6 18
55 7 4
55 8 27
55 9 19
55 10 16
55 11 16
55 12 6
55 13 4
55 14 18
55 15 8
55 16 6
55 17 8
55 18 2
55 19 17
55 20 7
55 21 4
55 22 29
55 23 19
55 24 20
55 25 27
55 26 29
55 27 15
55 28 10
55 29 13
55 30 17
55 31 8
55 32 29
55 33 13
55 34 1
55 35 22
55 36 1
55 37 20
55 38 17
55 39 12
55 40 10
55 41 32
55 42 27
55 43 8
55 44 2
55 45 17
55 46 7
55 47 12
55 48 20
55 49 14
55 50 5
55 51 27
55 52 7
55 53 13
55 54 2
56 0 16
56 1 20
56 2 32
56 3 3
56 4 27
56 5 21
56 6 4
56 7 28
56 8 30
56 9 21
56 10 15
56 11 28
56 12 26
56 13 23
56 14 9
56 15 7
56 16 10
56 17 23
56 18 29
56 19 20
56 20 31
56 21 15
56 22 25
56 23 24
56 24 17
56 25 13
56 26 27
56 27 28
56 28 31
56 29 15
56 30 24
56 31 29
56 32 18
56 33 25
56 34 9
56 35 1
56 36 26
56 37 7
56 38 24
56 39 20
56 40 27
56 41 21
56 42 1
56 43 31
56 44 7
56 45 3
56 46 10
56 47 11
56 48 2
56 49 3
56 50 29
56 51 2
56 52 22
56 53 29
56 54 29
56 55 28
57 0 21
57 1 6
57 2 1
57 3 18
57 4 15
57 5 25
57 6 2
57 7 24
57 8 9
57 9 4
57 10 16
57 11 15
57 12 2
57 13 20
57 14 32
57 15 15
57 16 12
57 17 17
57 18 22
57 19 26
57 20 14
57 21 11
57 22 15
57 23 2
57 24 13
57 25 32
57 26 1
57 27 4
57 28 32
57 29 3
57 30 1
57 31 17
57 32 16
57 33 2
57 34 20
57 35 19
57 36 11
57 37 22
57 38 16
57 39 29
57 40 17
57 41 5
57 42 1
57 43 11
57 44 18
57 45 26
57 46 31
57 47 27
57 48 19
57 49 9
57 50 5
57 51 9
57 52 8
57 53 13
57 54 29
57 55 31
57 56 4
58 0 11
58 1 6
58 2 13
58 3 19
58 4 3
58 5 25
58 6 27
58 7 8
58 8 13
58 9 20
58 10 5
58 11 14
58 12 17
58 13 27
58 14 16
58 15 25
58 16 22
58 17 12
58 18 19
58 19 29
58 20 27
58 21 15
58 22 24
58 23 18
58 24 6
58 25 28
58 26 21
58 27 1
58 28 28
58 29 20
58 30 32
58 31 9
58 32 9
58 33 17
58 34 2
58 35 16
58 36 1
58 37 23
58 38 29
58 39 23
58 40 29
58 41 31
58 42 9
58 43 30
58 44 7
58 45 27
58 46 13
58 47 20
58 48 24
58 49 13
58 50 9
58 51 32
58 52 28
58 53 13
58 54 19
58 55 25
58 56 25
58 57 9
