26
1 0 18
2 0 10
3 1 25
3 2 4
4 0 15
4 1 6
6 1 23
6 2 8
6 3 33
6 4 34
7 0 26
7 1 32
7 2 26
7 6 20
8 4 25
8 5 24
8 7 27
9 0 32
9 3 20
9 4 26
9 5 6
9 8 23
10 3 2
10 4 13
10 5 16
10 6 22
10 7 29
11 2 23
11 3 24
11 5 21
11 7 11
11 8 5
12 0 30
12 1 21
12 4 9
12 5 6
12 7 14
12 8 11
12 10 27
12 11 2
13 4 31
13 5 33
13 9 2
13 11 23
13 12 18
14 1 26
14 5 34
14 7 27
14 8 32
14 9 16
14 10 10
14 11 9
14 12 7
15 0 29
15 2 26
15 3 13
15 4 20
15 6 30
15 7 8
15 8 22
15 9 20
15 10 16
15 11 26
15 12 10
16 0 18
16 1 33
16 2 6
16 5 22
16 7 8
16 9 22
16 10 12
16 13 17
16 15 9
17 1 29
17 2 13
17 5 28
17 6 34
17 9 21
17 11 5
17 12 32
17 15 20
17 16 13
18 2 16
18 3 25
18 4 10
18 5 15
18 6 22
18 8 15
18 11 2
18 12 27
18 14 13
18 15 26
18 17 22
19 2 12
19 5 24
19 6 8
19 8 22
19 9 15
19 12 31
19 13 13
19 17 9
19 18 10
20 0 19
20 2 18
20 5 34
20 7 16
20 8 33
20 9 14
20 10 4
20 12 2
20 15 8
20 16 19
20 17 27
20 19 2
21 0 19
21 4 32
21 6 22
21 9 6
21 11 4
21 14 17
21 15 17
21 16 24
21 17 30
22 5 16
22 6 23
22 8 34
22 9 4
22 10 2
22 11 15
22 12 16
22 14 17
22 15 29
22 17 26
22 18 19
22 19 24
22 20 4
23 0 34
23 1 10
23 3 9
23 6 27
23 13 17
23 15 7
23 18 24
23 19 6
23 21 4
24 0 7
24 1 28
24 2 33
24 3 14
24 7 8
24 10 23
24 11 3
24 12 15
24 13 17
24 14 32
24 17 18
24 20 5
24 22 26
24 23 28
25 3 32
25 6 17
25 12 5
25 13 20
25 14 17
25 15 8
25 16 15
25 21 12
