49
1 0 15
2 0 20
2 1 16
3 0 43
3 1 10
3 2 14
4 0 5
4 1 39
4 2 40
4 3 45
5 0 3
5 1 28
5 2 9
5 3 9
5 4 26
6 0 6
6 1 24
6 2 41
6 3 43
6 4 1
6 5 12
7 0 37
7 1 17
7 2 37
7 3 47
7 4 29
7 5 15
7 6 29
8 0 3
8 1 34
8 2 23
8 3 30
8 4 16
8 5 45
8 6 20
8 7 17
9 0 43
9 1 16
9 2 22
9 3 13
9 4 11
9 5 38
9 6 39
9 7 41
9 8 40
10 0 1
10 1 25
10 2 5
10 3 40
10 4 11
10 5 38
10 6 34
10 7 16
10 8 15
10 9 14
11 0 14
11 1 21
11 2 36
11 3 43
11 4 10
11 5 9
11 6 13
11 7 47
11 8 8
11 9 38
11 10 45
12 0 42
12 1 23
12 2 4
12 3 27
12 4 20
12 5 25
12 6 1
12 7 6
12 8 33
12 9 2
12 10 19
12 11 43
13 0 9
13 1 9
13 2 19
13 3 25
13 4 9
13 5 29
13 6 30
13 7 2
13 8 43
13 9 27
13 10 31
13 11 25
13 12 38
14 0 19
14 1 4
14 2 13
14 3 18
14 4 25
14 5 2
14 6 12
14 7 36
14 8 38
14 9 12
14 10 23
14 11 6
14 12 5
14 13 9
15 0 19
15 1 18
15 2 14
15 3 12
15 4 27
15 5 33
15 6 41
15 7 20
15 8 13
15 9 6
15 10 2
15 11 10
15 12 26
15 13 3
15 14 28
16 0 46
16 1 5
16 2 15
16 3 21
16 4 24
16 5 46
16 6 20
16 7 48
16 8 37
16 9 35
16 10 40
16 11 21
16 12 3
16 13 1
16 14 27
16 15 42
17 0 4
17 1 13
17 2 31
17 3 47
17 4 27
17 5 47
17 6 33
17 7 36
17 8 26
17 9 16
17 10 46
17 11 48
17 12 20
17 13 17
17 14 5
17 15 23
17 16 12
18 0 15
18 1 20
18 2 33
18 3 3
18 4 9
18 5 4
18 6 5
18 7 8
18 8 48
18 9 45
18 10 5
18 11 34
18 12 20
18 13 33
18 14 35
18 15 31
18 16 17
18 17 26
19 0 16
19 1 25
19 2 3
19 3 38
19 4 31
19 5 7
19 6 38
19 7 36
19 8 40
19 9 16
19 10 27
19 11 48
19 12 20
19 13 8
19 14 14
19 15 4
19 16 13
19 17 29
19 18 6
20 0 40
20 1 13
20 2 17
20 3 11
20 4 7
20 5 37
20 6 4
20 7 43
20 8 39
20 9 24
20 10 39
20 11 3
20 12 34
20 13 16
20 14 32
20 15 20
20 16 32
20 17 3
20 18 29
20 19 31
21 0 19
21 1 48
21 2 39
21 3 37
21 4 32
21 5 13
21 6 21
21 7 17
21 8 22
21 9 46
21 10 21
21 11 3
21 12 44
21 13 27
21 14 26
21 15 46
21 16 3
21 17 19
21 18 10
21 19 27
21 20 38
22 0 28
22 1 33
22 2 15
22 3 34
22 4 23
22 5 7
22 6 9
22 7 22
22 8 6
22 9 28
22 10 30
22 11 5
22 12 47
22 13 48
22 14 34
22 15 13
22 16 22
22 17 8
22 18 35
22 19 14
22 20 42
22 21 32
23 0 7
23 1 31
23 2 29
23 3 18
23 4 40
23 5 10
23 6 38
23 7 18
23 8 2
23 9 21
23 10 41
23 11 43
23 12 15
23 13 10
23 14 24
23 15 3
23 16 39
23 17 45
23 18 16
23 19 13
23 20 48
23 21 22
23 22 42
24 0 24
24 1 8
24 2 25
24 3 35
24 4 1
24 5 17
24 6 5
24 7 15
24 8 19
24 9 14
24 10 31
24 11 11
24 12 9
24 13 20
24 14 7
24 15 21
24 16 24
24 17 18
24 18 31
24 19 18
24 20 38
24 21 22
24 22 19
24 23 9
25 0 31
25 1 39
25 2 45
25 3 15
25 4 34
25 5 15
25 6 42
25 7 18
25 8 28
25 9 29
25 10 43
25 11 45
25 12 32
25 13 33
25 14 22
25 15 25
25 16 3
25 17 40
25 18 9
25 19 16
25 20 16
25 21 46
25 22 44
25 23 5
25 24 20
26 0 37
26 1 39
26 2 11
26 3 39
26 4 45
26 5 6
26 6 8
26 7 29
26 8 25
26 9 24
26 10 33
26 11 5
26 12 10
26 13 38
26 14 20
26 15 33
26 16 8
26 17 47
26 18 38
26 19 42
26 20 21
26 21 17
26 22 23
26 23 34
26 24 15
26 25 22
27 0 31
27 1 20
27 2 8
27 3 9
27 4 39
27 5 5
27 6 17
27 7 48
27 8 11
27 9 36
27 10 31
27 11 13
27 12 34
27 13 18
27 14 44
27 15 11
27 16 36
27 17 2
27 18 8
27 19 48
27 20 47
27 21 22
27 22 9
27 23 33
27 24 34
27 25 46
27 26 17
28 0 19
28 1 32
28 2 13
28 3 18
28 4 38
28 5 23
28 6 25
28 7 48
28 8 32
28 9 25
28 10 48
28 11 48
28 12 17
28 13 37
28 14 46
28 15 45
28 16 2
28 17 23
28 18 21
28 19 22
28 20 26
28 21 13
28 22 36
28 23 16
28 24 42
28 25 44
28 26 8
28 27 11
29 0 29
29 1 22
29 2 45
29 3 2
29 4 6
29 5 41
29 6 41
29 7 20
29 8 48
29 9 27
29 10 32
29 11 22
29 12 13
29 13 43
29 14 15
29 15 4
29 16 10
29 17 26
29 18 34
29 19 17
29 20 7
29 21 15
29 22 29
29 23 36
29 24 46
29 25 17
29 26 23
29 27 11
29 28 32
30 0 35
30 1 47
30 2 32
30 3 12
30 4 6
30 5 45
30 6 34
30 7 16
30 8 42
30 9 48
30 10 21
30 11 32
30 12 37
30 13 43
30 14 16
30 15 19
30 16 7
30 17 10
30 18 10
30 19 27
30 20 20
30 21 24
30 22 22
30 23 9
30 24 47
30 25 10
30 26 16
30 27 21
30 28 6
30 29 35
31 0 31
31 1 41
31 2 12
31 3 10
31 4 29
31 5 16
31 6 37
31 7 15
31 8 47
31 9 12
31 10 22
31 11 46
31 12 39
31 13 18
31 14 46
31 15 33
31 16 1
31 17 18
31 18 37
31 19 10
31 20 6
31 21 8
31 22 3
31 23 9
31 24 29
31 25 44
31 26 2
31 27 25
31 28 30
31 29 25
31 30 27
32 0 24
32 1 13
32 2 15
32 3 27
32 4 30
32 5 27
32 6 3
32 7 10
32 8 4
32 9 31
32 10 42
32 11 43
32 12 1
32 13 4
32 14 1
32 15 32
32 16 8
32 17 15
32 18 24
32 19 17
32 20 18
32 21 19
32 22 46
32 23 45
32 24 23
32 25 35
32 26 22
32 27 26
32 28 44
32 29 22
32 30 36
32 31 13
33 0 28
33 1 31
33 2 34
33 3 34
33 4 32
33 5 16
33 6 18
33 7 42
33 8 6
33 9 21
33 10 16
33 11 46
33 12 37
33 13 33
33 14 4
33 15 46
33 16 19
33 17 5
33 18 26
33 19 16
33 20 32
33 21 8
33 22 14
33 23 41
33 24 48
33 25 4
33 26 30
33 27 43
33 28 12
33 29 5
33 30 44
33 31 12
33 32 45
34 0 38
34 1 31
34 2 23
34 3 40
34 4 34
34 5 16
34 6 24
34 7 23
34 8 42
34 9 1
34 10 27
34 11 17
34 12 38
34 13 45
34 14 12
34 15 34
34 16 13
34 17 43
34 18 38
34 19 7
34 20 4
34 21 9
34 22 46
34 23 37
34 24 5
34 25 13
34 26 25
34 27 1
34 28 40
34 29 12
34 30 33
34 31 40
34 32 4
34 33 4
35 0 9
35 1 42
35 2 13
35 3 13
35 4 48
35 5 31
35 6 45
35 7 47
35 8 32
35 9 36
35 10 4
35 11 4
35 12 47
35 13 44
35 14 19
35 15 40
35 16 10
35 17 16
35 18 43
35 19 31
35 20 16
35 21 17
35 22 4
35 23 22
35 24 36
35 25 37
35 26 43
35 27 41
35 28 35
35 29 9
35 30 1
35 31 28
35 32 22
35 33 6
35 34 10
36 0 8
36 1 7
36 2 39
36 3 47
36 4 5
36 5 43
36 6 6
36 7 23
36 8 23
36 9 20
36 10 33
36 11 27
36 12 46
36 13 16
36 14 21
36 15 18
36 16 44
36 17 44
36 18 7
36 19 3
36 20 38
36 21 27
36 22 15
36 23 7
36 24 42
36 25 14
36 26 43
36 27 46
36 28 23
36 29 3
36 30 36
36 31 2
36 32 42
36 33 21
36 34 11
36 35 19
37 0 27
37 1 25
37 2 47
37 3 48
37 4 38
37 5 26
37 6 32
37 7 6
37 8 13
37 9 41
37 10 31
37 11 2
37 12 38
37 13 10
37 14 36
37 15 24
37 16 33
37 17 17
37 18 48
37 19 43
37 20 38
37 21 38
37 22 3
37 23 45
37 24 15
37 25 26
37 26 1
37 27 23
37 28 21
37 29 41
37 30 17
37 31 21
37 32 42
37 33 2
37 34 29
37 35 24
37 36 31
38 0 34
38 1 45
38 2 23
38 3 30
38 4 10
38 5 20
38 6 45
38 7 43
38 8 3
38 9 7
38 10 7
38 11 34
38 12 37
38 13 2
38 14 34
38 15 36
38 16 47
38 17 13
38 18 22
38 19 2
38 20 10
38 21 33
38 22 4
38 23 16
38 24 28
38 25 14
38 26 2
38 27 18
38 28 6
38 29 10
38 30 19
38 31 48
38 32 22
38 33 9
38 34 45
38 35 43
38 36 20
38 37 38
39 0 20
39 1 43
39 2 25
39 3 3
39 4 38
39 5 36
39 6 19
39 7 36
39 8 7
39 9 38
39 10 31
39 11 42
39 12 13
39 13 14
39 14 35
39 15 5
39 16 11
39 17 39
39 18 44
39 19 46
39 20 26
39 21 20
39 22 13
39 23 13
39 24 28
39 25 17
39 26 17
39 27 2
39 28 17
39 29 15
39 30 39
39 31 29
39 32 45
39 33 43
39 34 25
39 35 10
39 36 3
39 37 18
39 38 31
40 0 41
40 1 28
40 2 10
40 3 26
40 4 16
40 5 4
40 6 34
40 7 2
40 8 31
40 9 32
40 10 7
40 11 43
40 12 19
40 13 24
40 14 30
40 15 34
40 16 40
40 17 4
40 18 1
40 19 33
40 20 14
40 21 1
40 22 35
40 23 40
40 24 38
40 25 41
40 26 31
40 27 34
40 28 25
40 29 6
40 30 8
40 31 20
40 32 37
40 33 43
40 34 32
40 35 1
40 36 19
40 37 21
40 38 10
40 39 3
41 0 45
41 1 23
41 2 40
41 3 11
41 4 4
41 5 22
41 6 11
41 7 2
41 8 35
41 9 44
41 10 23
41 11 15
41 12 13
41 13 21
41 14 44
41 15 41
41 16 35
41 17 7
41 18 40
41 19 10
41 20 27
41 21 28
41 22 39
41 23 1
41 24 40
41 25 20
41 26 35
41 27 40
41 28 22
41 29 23
41 30 11
41 31 25
41 32 6
41 33 37
41 34 3
41 35 44
41 36 8
41 37 36
41 38 16
41 39 7
41 40 44
42 0 40
42 1 27
42 2 20
42 3 2
42 4 3
42 5 40
42 6 41
42 7 20
42 8 12
42 9 16
42 10 22
42 11 33
42 12 9
42 13 29
42 14 41
42 15 32
42 16 26
42 17 43
42 18 48
42 19 40
42 20 32
42 21 1
42 22 30
42 23 9
42 24 25
42 25 39
42 26 11
42 27 38
42 28 11
42 29 8
42 30 43
42 31 35
42 32 5
42 33 39
42 34 12
42 35 33
42 36 2
42 37 42
42 38 15
42 39 40
42 40 40
42 41 28
43 0 42
43 1 18
43 2 30
43 3 29
43 4 10
43 5 19
43 6 29
43 7 2
43 8 26
43 9 48
43 10 29
43 11 47
43 12 2
43 13 7
43 14 13
43 15 11
43 16 13
43 17 16
43 18 6
43 19 20
43 20 46
43 21 9
43 22 16
43 23 36
43 24 1
43 25 31
43 26 7
43 27 11
43 28 44
43 29 10
43 30 26
43 31 38
43 32 38
43 33 23
43 34 16
43 35 43
43 36 2
43 37 47
43 38 31
43 39 30
43 40 10
43 41 44
43 42 40
44 0 43
44 1 23
44 2 23
44 3 47
44 4 43
44 5 46
44 6 35
44 7 37
44 8 22
44 9 27
44 10 11
44 11 9
44 12 6
44 13 26
44 14 46
44 15 19
44 16 4
44 17 20
44 18 13
44 19 40
44 20 9
44 21 6
44 22 27
44 23 10
44 24 47
44 25 39
44 26 21
44 27 9
44 28 1
44 29 18
44 30 14
44 31 28
44 32 10
44 33 29
44 34 13
44 35 37
44 36 3
44 37 31
44 38 34
44 39 17
44 40 33
44 41 15
44 42 1
44 43 10
45 0 10
45 1 6
45 2 28
45 3 44
45 4 46
45 5 15
45 6 25
45 7 34
45 8 20
45 9 6
45 10 6
45 11 24
45 12 46
45 13 10
45 14 8
45 15 47
45 16 35
45 17 34
45 18 40
45 19 29
45 20 15
45 21 35
45 22 26
45 23 36
45 24 48
45 25 1
45 26 6
45 27 38
45 28 35
45 29 43
45 30 12
45 31 28
45 32 4
45 33 12
45 34 28
45 35 36
45 36 46
45 37 33
45 38 29
45 39 25
45 40 33
45 41 16
45 42 44
45 43 22
45 44 40
46 0 44
46 1 11
46 2 41
46 3 35
46 4 48
46 5 28
46 6 41
46 7 40
46 8 32
46 9 26
46 10 34
46 11 12
46 12 39
46 13 11
46 14 21
46 15 38
46 16 47
46 17 21
46 18 47
46 19 44
46 20 23
46 21 26
46 22 24
46 23 3
46 24 1
46 25 24
46 26 38
46 27 9
46 28 7
46 29 11
46 30 11
46 31 39
46 32 22
46 33 29
46 34 22
46 35 35
46 36 47
46 37 10
46 38 17
46 39 45
46 40 23
46 41 3
46 42 1
46 43 43
46 44 29
46 45 41
47 0 44
47 1 45
47 2 43
47 3 4
47 4 10
47 5 14
47 6 7
47 7 35
47 8 15
47 9 20
47 10 43
47 11 37
47 12 42
47 13 10
47 14 37
47 15 6
47 16 28
47 17 29
47 18 44
47 19 22
47 20 48
47 21 21
47 22 1
47 23 9
47 24 48
47 25 27
47 26 11
47 27 30
47 28 16
47 29 42
47 30 31
47 31 42
47 32 40
47 33 15
47 34 20
47 35 7
47 36 5
47 37 19
47 38 6
47 39 21
47 40 23
47 41 28
47 42 40
47 43 48
47 44 41
47 45 29
47 46 43
48 0 36
48 1 33
48 2 31
48 3 39
48 4 24
48 5 7
48 6 42
48 7 47
48 8 8
48 9 11
48 10 36
48 11 40
48 12 40
48 13 16
48 14 9
48 15 24
48 16 15
48 17 30
48 18 23
48 19 32
48 20 5
48 21 15
48 22 17
48 23 33
48 24 12
48 25 16
48 26 42
48 27 2
48 28 45
48 29 15
48 30 45
48 31 25
48 32 30
48 33 45
48 34 21
48 35 33
48 36 10
48 37 33
48 38 29
48 39 46
48 40 13
48 41 44
48 42 41
48 43 39
48 44 31
48 45 30
48 46 14
48 47 3
