59
2 0 6
3 0 46
4 1 33
5 1 43
6 1 56
6 2 31
6 3 22
6 4 61
7 1 15
7 2 36
7 4 19
8 0 34
8 4 26
8 5 58
8 6 49
8 7 62
9 0 35
9 1 38
9 2 7
9 6 2
10 0 48
10 1 8
10 5 39
10 6 51
10 8 20
10 9 45
11 0 26
11 1 28
11 2 7
11 3 32
11 4 12
11 5 47
11 7 57
11 8 48
11 10 8
12 1 44
12 4 49
12 5 41
12 7 28
12 8 3
12 10 23
13 0 3
13 2 35
13 3 18
13 4 59
13 10 30
13 12 12
14 0 51
14 3 2
14 4 23
14 5 47
14 7 36
14 13 46
15 1 62
15 3 46
15 4 35
15 5 2
15 7 59
15 11 31
15 12 16
15 13 25
15 14 38
16 2 11
16 3 7
16 4 51
16 8 25
16 9 5
16 10 31
17 5 59
17 7 26
17 8 23
17 9 3
17 10 8
17 11 12
17 14 46
17 15 49
17 16 50
18 1 44
18 3 30
18 6 62
18 9 17
18 10 58
18 11 1
18 14 18
18 15 58
19 0 46
19 3 14
19 6 7
19 7 62
19 8 48
19 9 42
19 10 49
19 13 60
19 14 51
19 15 45
19 16 31
20 0 25
20 1 48
20 3 56
20 5 34
20 10 63
20 11 2
20 14 59
20 18 13
21 3 12
21 10 32
21 12 53
21 15 25
21 16 43
21 18 56
22 2 32
22 3 43
22 4 5
22 5 54
22 6 13
22 7 11
22 8 50
22 11 63
22 12 24
22 13 47
22 14 32
22 16 51
22 17 33
22 19 61
22 20 52
23 0 25
23 1 50
23 3 20
23 4 33
23 5 62
23 11 50
23 13 23
23 14 54
23 15 39
23 17 15
23 18 32
23 20 30
23 21 27
23 22 8
24 0 4
24 1 21
24 2 5
24 5 20
24 6 1
24 9 34
24 12 55
24 13 51
24 14 56
24 17 16
24 18 52
25 1 27
25 7 47
25 9 10
25 10 33
25 12 54
25 13 24
25 15 17
25 17 40
25 18 26
25 19 2
25 20 19
25 21 20
25 23 33
26 0 48
26 3 17
26 4 14
26 6 53
26 9 9
26 10 19
26 12 59
26 15 51
26 20 51
26 21 58
26 23 50
26 25 24
27 0 1
27 2 61
27 3 51
27 4 46
27 5 22
27 6 31
27 8 26
27 11 7
27 14 7
27 15 21
27 17 53
27 18 49
27 19 27
27 24 14
27 25 51
28 2 44
28 3 28
28 5 28
28 6 49
28 10 32
28 12 50
28 13 36
28 16 32
28 20 7
28 22 18
28 25 34
28 26 55
28 27 54
29 2 25
29 6 60
29 8 12
29 10 24
29 15 29
29 17 40
29 18 48
29 19 48
29 22 62
29 23 57
29 24 44
29 25 53
29 26 16
29 28 57
30 0 37
30 3 41
30 5 55
30 9 15
30 11 51
30 12 58
30 13 62
30 14 62
30 17 8
30 22 23
30 25 17
30 26 44
30 29 20
31 3 53
31 4 53
31 5 2
31 7 34
31 8 44
31 12 45
31 13 32
31 17 48
31 18 47
31 19 31
31 23 10
31 24 16
31 25 35
31 26 25
31 28 61
31 29 50
32 2 35
32 6 62
32 7 10
32 9 45
32 12 58
32 14 56
32 15 9
32 16 51
32 20 53
32 21 17
32 22 41
32 24 6
32 26 43
32 30 17
32 31 28
33 0 22
33 3 58
33 4 14
33 5 12
33 6 34
33 14 56
33 16 38
33 17 23
33 18 61
33 20 46
33 21 2
33 23 11
33 24 17
33 27 57
33 28 63
33 29 41
33 30 3
33 31 29
34 0 16
34 2 39
34 4 52
34 9 21
34 11 54
34 12 39
34 14 32
34 19 19
34 20 12
34 23 39
34 28 5
34 29 43
34 30 63
34 31 32
34 33 15
35 0 23
35 2 27
35 3 49
35 9 20
35 10 33
35 11 49
35 12 52
35 14 45
35 15 48
35 19 58
35 20 20
35 23 9
35 25 41
35 27 60
35 29 17
35 30 55
35 32 13
35 33 32
35 34 46
36 0 62
36 1 11
36 2 38
36 3 60
36 4 37
36 5 11
36 6 56
36 7 54
36 8 32
36 10 17
36 11 21
36 14 30
36 17 48
36 18 45
36 19 4
36 20 52
36 21 40
36 25 46
36 29 22
36 30 18
36 31 29
36 34 47
36 35 27
37 0 50
37 3 56
37 4 44
37 8 5
37 10 26
37 11 59
37 12 57
37 16 37
37 17 42
37 23 53
37 24 24
37 25 11
37 26 41
37 30 10
37 31 12
37 32 32
37 33 19
37 36 60
38 2 45
38 3 18
38 4 37
38 6 19
38 9 9
38 11 55
38 13 24
38 14 24
38 17 59
38 19 53
38 25 47
38 28 55
38 31 28
38 33 5
39 3 14
39 4 6
39 6 9
39 9 4
39 10 35
39 13 5
39 16 4
39 17 45
39 20 28
39 21 61
39 25 28
39 27 1
39 28 30
39 30 11
39 36 12
39 38 42
40 0 48
40 3 13
40 4 29
40 6 13
40 7 12
40 8 42
40 11 51
40 12 21
40 15 1
40 17 26
40 20 13
40 21 16
40 22 31
40 24 58
40 26 32
40 28 40
40 29 21
40 30 9
40 31 47
40 32 59
40 33 48
40 34 3
40 37 56
40 39 59
41 0 22
41 1 60
41 2 6
41 3 54
41 5 43
41 7 25
41 9 15
41 10 26
41 12 28
41 17 46
41 21 21
41 22 61
41 23 40
41 26 22
41 27 10
41 28 16
41 30 60
41 32 23
41 33 28
41 38 16
41 39 63
42 0 24
42 1 39
42 2 57
42 4 2
42 5 28
42 8 41
42 9 6
42 10 53
42 11 48
42 15 55
42 16 7
42 18 19
42 21 43
42 23 23
42 27 41
42 28 47
42 33 52
42 35 21
42 36 21
42 38 51
42 41 23
43 0 62
43 1 11
43 4 53
43 5 22
43 7 24
43 8 24
43 11 56
43 12 48
43 13 47
43 14 3
43 19 39
43 21 17
43 24 20
43 26 20
43 28 21
43 31 52
43 32 43
43 33 3
43 34 49
43 36 3
43 37 62
43 38 48
44 2 46
44 3 29
44 5 52
44 7 11
44 8 19
44 13 37
44 15 52
44 19 37
44 20 48
44 26 41
44 28 16
44 30 59
44 32 2
44 33 23
44 35 3
44 37 63
44 39 31
44 41 37
44 42 19
45 0 55
45 5 60
45 6 21
45 9 62
45 11 59
45 13 59
45 14 37
45 15 26
45 18 27
45 21 4
45 23 29
45 25 35
45 26 42
45 28 49
45 29 46
45 30 56
45 31 18
45 33 40
45 35 30
45 38 51
45 40 54
45 41 49
45 42 2
45 44 1
46 2 41
46 3 26
46 4 49
46 6 57
46 9 28
46 11 58
46 13 11
46 14 53
46 16 25
46 17 17
46 19 43
46 20 34
46 21 19
46 22 29
46 27 33
46 29 19
46 34 28
46 37 5
46 38 1
46 40 13
46 41 63
46 42 60
46 43 4
46 44 27
47 0 63
47 1 61
47 4 60
47 5 28
47 7 16
47 8 63
47 10 42
47 12 25
47 15 41
47 18 48
47 19 41
47 21 57
47 22 25
47 23 51
47 24 53
47 27 2
47 28 7
47 29 15
47 31 14
47 32 22
47 36 35
47 37 15
47 38 47
47 41 49
47 44 16
48 0 46
48 3 4
48 5 35
48 6 45
48 10 62
48 12 36
48 15 1
48 17 11
48 18 25
48 21 53
48 26 34
48 30 13
48 31 44
48 32 37
48 35 50
48 36 55
48 37 54
48 41 58
48 42 17
48 45 23
48 46 3
49 1 1
49 4 33
49 5 6
49 6 9
49 10 48
49 12 20
49 16 15
49 18 39
49 19 26
49 22 63
49 23 19
49 24 39
49 28 4
49 34 1
49 35 63
49 39 19
49 41 20
49 44 6
50 2 58
50 6 45
50 8 63
50 12 61
50 14 62
50 16 36
50 18 58
50 19 46
50 20 22
50 21 49
50 22 9
50 23 39
50 24 40
50 27 27
50 29 27
50 30 51
50 33 59
50 34 7
50 37 25
50 39 17
50 40 58
50 46 42
50 47 36
51 2 25
51 3 2
51 5 30
51 8 39
51 10 31
51 12 15
51 13 14
51 14 56
51 16 44
51 17 45
51 20 32
51 22 31
51 23 37
51 24 3
51 25 39
51 27 46
51 29 56
51 31 54
51 34 22
51 35 63
51 36 54
51 37 53
51 38 31
51 39 12
51 41 41
51 43 62
51 46 28
52 1 59
52 3 5
52 4 56
52 7 38
52 9 33
52 10 1
52 11 1
52 14 2
52 15 27
52 17 49
52 19 44
52 20 11
52 21 5
52 22 8
52 29 6
52 32 42
52 33 1
52 34 58
52 35 13
52 41 27
52 44 13
52 46 59
52 49 50
52 50 34
52 51 15
53 1 63
53 2 32
53 4 14
53 5 26
53 6 49
53 7 59
53 9 3
53 14 35
53 15 61
53 16 42
53 17 46
53 19 47
53 21 58
53 25 31
53 26 6
53 28 41
53 30 15
53 31 60
53 32 5
53 34 7
53 35 50
53 36 38
53 38 29
53 39 44
53 42 36
53 43 4
53 44 53
53 45 36
53 46 35
53 48 6
54 0 53
54 1 35
54 2 31
54 3 4
54 4 3
54 5 41
54 9 39
54 10 25
54 17 37
54 20 17
54 21 22
54 22 1
54 23 40
54 24 11
54 25 44
54 29 14
54 31 36
54 33 13
54 34 31
54 35 47
54 36 27
54 38 43
54 40 41
54 41 53
54 42 33
54 44 14
54 45 11
54 48 52
54 50 45
54 51 46
54 53 7
55 0 36
55 1 18
55 3 57
55 5 4
55 6 63
55 7 3
55 12 62
55 13 53
55 17 6
55 20 30
55 21 8
55 22 57
55 23 23
55 24 57
55 25 30
55 32 55
55 33 63
55 34 15
55 35 3
55 36 24
55 40 10
55 41 7
55 44 53
55 45 62
55 49 30
55 53 44
56 2 16
56 3 23
56 5 41
56 7 19
56 8 39
56 9 58
56 14 40
56 15 10
56 16 8
56 18 27
56 19 33
56 20 20
56 21 1
56 25 32
56 26 28
56 27 61
56 29 41
56 30 41
56 33 34
56 35 37
56 39 48
56 40 1
56 49 30
56 54 35
56 55 55
57 0 3
57 3 60
57 4 27
57 6 34
57 8 48
57 9 13
57 11 19
57 12 51
57 14 29
57 15 29
57 17 47
57 18 42
57 21 3
57 24 35
57 25 27
57 30 32
57 32 39
57 34 17
57 35 57
57 36 13
57 37 15
57 39 16
57 40 60
57 41 13
57 43 39
57 45 26
57 48 36
57 50 28
57 53 59
57 55 6
58 0 39
58 1 57
58 6 22
58 9 35
58 12 62
58 13 53
58 20 5
58 21 57
58 22 57
58 23 46
58 24 15
58 26 50
58 27 38
58 29 38
58 32 59
58 37 39
58 40 16
58 41 27
58 42 42
58 44 45
58 46 15
58 49 11
58 51 36
58 53 58
58 54 9
58 57 63
