35
2 0 7
3 0 28
3 1 8
3 2 22
4 0 24
4 1 8
4 2 32
4 3 26
5 0 35
5 2 12
5 3 37
6 4 49
6 5 43
7 0 43
7 2 51
7 3 18
7 4 17
7 5 52
7 6 24
8 4 22
8 6 46
8 7 43
9 0 26
9 3 28
9 4 40
9 5 8
9 6 18
9 7 49
10 2 41
10 5 21
10 9 25
11 0 30
11 2 12
11 4 51
11 5 21
11 10 18
12 3 52
12 4 19
12 8 51
12 9 18
12 10 18
13 2 16
13 3 25
13 4 16
13 6 15
14 2 26
14 5 49
14 6 21
14 7 50
14 12 4
15 2 27
15 3 47
15 4 9
15 6 48
15 8 1
15 9 32
15 11 17
15 14 51
16 0 39
16 1 33
16 2 35
16 3 44
16 5 5
16 7 6
16 8 31
16 9 25
16 12 38
16 14 39
16 15 38
17 1 49
17 3 40
17 7 50
17 8 35
17 10 43
17 12 45
17 13 32
17 15 42
18 0 47
18 1 20
18 2 38
18 3 33
18 4 10
18 6 47
18 8 30
18 10 26
18 11 39
18 15 11
18 16 3
18 17 14
19 0 3
19 1 51
19 2 10
19 4 38
19 5 30
19 6 51
19 9 33
19 11 11
19 17 33
19 18 5
20 2 21
20 4 8
20 8 33
20 15 49
20 16 29
20 19 23
21 0 30
21 2 10
21 3 5
21 4 28
21 7 24
21 8 41
21 12 10
21 16 31
21 17 38
22 0 18
22 3 11
22 6 38
22 8 5
22 11 39
22 12 40
22 13 2
22 15 39
22 19 6
22 20 13
23 0 26
23 2 50
23 3 29
23 5 1
23 7 18
23 8 52
23 9 27
23 10 39
23 12 15
23 14 32
23 15 50
23 16 32
23 21 20
23 22 9
24 0 2
24 2 36
24 5 3
24 6 32
24 10 20
24 11 39
24 12 43
24 13 36
24 16 22
24 18 14
25 1 18
25 4 34
25 8 43
25 10 26
25 15 15
25 16 49
25 17 18
25 20 41
25 22 40
26 3 25
26 8 39
26 9 24
26 12 39
26 15 40
26 16 15
26 17 5
26 19 8
26 20 5
26 23 41
26 24 2
27 0 26
27 1 51
27 3 3
27 4 40
27 6 51
27 7 52
27 9 10
27 10 16
27 12 8
27 14 3
27 16 50
27 19 22
27 20 15
27 21 53
27 23 22
27 24 12
27 25 51
28 2 8
28 4 4
28 8 38
28 10 18
28 13 48
28 14 44
28 15 23
28 17 32
28 21 40
28 24 39
28 27 3
29 1 21
29 3 32
29 4 24
29 5 10
29 6 10
29 7 51
29 8 45
29 12 39
29 13 28
29 14 30
29 16 46
29 17 17
29 18 28
29 20 35
29 27 4
30 2 24
30 5 34
30 6 12
30 8 29
30 11 53
30 13 41
30 14 19
30 16 23
30 17 7
30 22 29
30 23 23
30 25 15
30 29 23
31 2 8
31 4 40
31 6 27
31 7 46
31 8 44
31 10 6
31 12 42
31 14 40
31 17 13
31 18 4
31 19 29
31 20 31
31 21 21
31 22 16
31 23 45
31 24 5
31 27 50
31 29 7
31 30 9
32 1 16
32 4 13
32 5 28
32 6 28
32 7 12
32 10 44
32 12 49
32 13 11
32 14 39
32 16 5
32 18 42
32 20 4
32 24 15
32 30 14
33 0 9
33 1 47
33 3 7
33 4 43
33 6 31
33 8 22
33 11 25
33 12 29
33 13 51
33 15 40
33 16 46
33 20 19
33 25 21
33 26 35
33 28 14
33 30 13
33 31 33
34 0 6
34 3 27
34 6 30
34 7 24
34 9 33
34 12 6
34 15 2
34 17 3
34 20 19
34 21 8
34 22 37
34 25 38
34 26 17
34 29 43
34 30 5
34 31 26
34 32 45
