25
1 0 15
2 0 15
2 1 1
3 0 3
3 1 7
3 2 10
4 0 17
4 1 17
4 2 14
4 3 1
5 0 4
5 1 15
5 2 17
5 3 14
5 4 1
6 0 2
6 1 12
6 2 1
6 3 10
6 4 10
6 5 3
7 0 13
7 1 9
7 2 8
7 3 9
7 4 17
7 5 16
7 6 9
8 0 14
8 1 7
8 2 7
8 3 11
8 4 1
8 5 13
8 6 11
8 7 5
9 0 2
9 1 2
9 2 6
9 3 14
9 4 12
9 5 9
9 6 8
9 7 10
9 8 17
10 0 17
10 1 8
10 2 3
10 3 8
10 4 9
10 5 15
10 6 2
10 7 5
10 8 1
10 9 13
11 0 17
11 1 7
11 2 9
11 3 1
11 4 11
11 5 13
11 6 16
11 7 13
11 8 13
11 9 10
11 10 1
12 0 1
12 1 12
12 2 15
12 3 4
12 4 13
12 5 15
12 6 5
12 7 12
12 8 13
12 9 8
12 10 6
12 11 7
13 0 9
13 1 12
13 2 9
13 3 3
13 4 8
13 5 14
13 6 8
13 7 7
13 8 1
13 9 7
13 10 1
13 11 1
13 12 3
14 0 15
14 1 4
14 2 11
14 3 4
14 4 2
14 5 1
14 6 17
14 7 13
14 8 17
14 9 12
14 10 2
14 11 13
14 12 4
14 13 8
15 0 11
15 1 5
15 2 13
15 3 2
15 4 8
15 5 4
15 6 2
15 7 5
15 8 3
15 9 12
15 10 6
15 11 1
15 12 4
15 13 1
15 14 15
16 0 9
16 1 10
16 2 9
16 3 14
16 4 9
16 5 3
16 6 8
16 7 13
16 8 6
16 9 13
16 10 12
16 11 8
16 12 4
16 13 17
16 14 6
16 15 17
17 0 1
17 1 4
17 2 1
17 3 17
17 4 8
17 5 10
17 6 16
17 7 16
17 8 9
17 9 1
17 10 17
17 11 15
17 12 1
17 13 1
17 14 7
17 15 5
17 16 3
18 0 16
18 1 10
18 2 8
18 3 14
18 4 7
18 5 14
18 6 14
18 7 10
18 8 11
18 9 11
18 10 9
18 11 15
18 12 6
18 13 4
18 14 15
18 15 8
18 16 11
18 17 17
19 0 16
19 1 16
19 2 12
19 3 7
19 4 15
19 5 7
19 6 12
19 7 2
19 8 9
19 9 7
19 10 4
19 11 3
19 12 17
19 13 17
19 14 15
19 15 9
19 16 14
19 17 15
19 18 1
20 0 14
20 1 4
20 2 11
20 3 17
20 4 17
20 5 8
20 6 17
20 7 17
20 8 16
20 9 13
20 10 13
20 11 5
20 12 3
20 13 2
20 14 9
20 15 4
20 16 2
20 17 2
20 18 13
20 19 9
21 0 1
21 1 4
21 2 16
21 3 11
21 4 13
21 5 7
21 6 8
21 7 12
21 8 3
21 9 7
21 10 17
21 11 13
21 12 1
21 13 10
21 14 13
21 15 11
21 16 4
21 17 3
21 18 16
21 19 9
21 20 16
22 0 7
22 1 8
22 2 6
22 3 15
22 4 11
22 5 12
22 6 7
22 7 4
22 8 6
22 9 3
22 10 9
22 11 7
22 12 4
22 13 9
22 14 2
22 15 17
22 16 8
22 17 15
22 18 10
22 19 17
22 20 1
22 21 2
23 0 3
23 1 10
23 2 5
23 3 4
23 4 15
23 5 16
23 6 12
23 7 8
23 8 16
23 9 1
23 10 2
23 11 2
23 12 6
23 13 14
23 14 10
23 15 16
23 16 3
23 17 16
23 18 16
23 19 17
23 20 11
23 21 10
23 22 15
24 0 11
24 1 9
24 2 12
24 3 13
24 4 10
24 5 9
24 6 13
24 7 12
24 8 16
24 9 2
24 10 16
24 11 14
24 12 6
24 13 9
24 14 15
24 15 1
24 16 8
24 17 6
24 18 2
24 19 5
24 20 7
24 21 16
24 22 6
24 23 15
