66
1 0 18
3 0 1
3 1 14
3 2 14
4 2 1
5 2 9
5 3 7
5 4 8
6 0 14
6 3 7
6 5 1
7 0 16
7 2 8
7 4 12
8 1 19
8 3 4
8 5 15
8 6 11
9 0 19
9 1 9
9 2 5
9 5 12
9 6 8
10 1 14
10 2 9
10 4 5
10 6 15
10 9 8
11 2 8
11 4 2
11 7 3
11 8 17
11 10 9
12 0 8
12 1 19
12 3 13
12 4 18
12 5 10
12 7 18
12 8 5
12 9 1
12 10 2
12 11 9
13 0 4
13 1 9
13 3 11
13 7 16
13 8 16
13 11 1
13 12 9
14 4 18
14 11 8
15 3 18
15 4 19
15 7 9
15 10 12
15 11 15
15 12 6
15 13 18
15 14 18
16 0 18
16 4 14
16 5 1
16 6 16
16 8 14
16 13 14
16 14 5
16 15 2
17 1 6
17 2 13
17 3 6
17 4 12
17 5 13
17 7 8
17 9 7
17 13 15
18 1 15
18 2 3
18 4 7
18 5 3
18 6 3
18 9 5
18 12 17
18 15 5
19 0 5
19 1 8
19 3 2
19 6 10
19 8 1
19 9 14
19 10 9
19 13 6
19 14 12
19 16 3
19 17 16
19 18 13
20 1 12
20 3 7
20 4 6
20 5 16
20 8 13
20 10 14
20 13 3
20 14 10
20 17 2
20 19 13
21 1 13
21 2 15
21 6 13
21 7 18
21 9 2
21 11 7
21 12 11
21 14 1
21 15 15
21 17 15
22 5 9
22 7 13
22 8 12
22 11 1
22 14 19
22 17 11
23 5 15
23 8 19
23 11 19
23 18 16
23 19 1
23 20 11
23 21 18
24 0 2
24 5 13
24 6 10
24 7 10
24 8 4
24 11 10
24 12 8
24 13 14
24 14 4
24 17 4
24 20 19
24 22 17
25 0 4
25 1 19
25 2 15
25 5 9
25 7 12
25 8 4
25 9 5
25 10 5
25 11 16
25 12 16
25 13 8
25 15 3
25 17 16
25 22 7
26 1 15
26 4 8
26 5 17
26 9 11
26 15 3
26 16 7
26 19 7
26 20 6
26 23 6
27 0 11
27 1 11
27 2 9
27 4 17
27 8 6
27 9 7
27 11 5
27 12 19
27 15 14
27 16 1
27 18 11
27 22 13
27 23 16
27 24 14
27 25 18
28 0 14
28 5 19
28 7 18
28 9 19
28 11 11
28 16 7
28 19 18
28 23 14
29 0 4
29 4 14
29 6 19
29 11 12
29 12 9
29 14 8
29 15 12
29 16 3
29 19 5
29 21 16
29 23 1
29 24 9
29 27 13
29 28 2
30 1 3
30 4 18
30 8 9
30 9 9
30 14 14
30 17 9
30 22 9
30 23 9
30 24 2
30 25 11
30 26 17
30 27 9
30 28 15
30 29 11
31 0 3
31 7 5
31 12 9
31 14 2
31 15 12
31 16 5
31 18 18
31 19 10
31 22 10
31 27 11
31 28 12
31 29 7
32 2 11
32 4 14
32 5 19
32 6 6
32 7 4
32 8 2
32 10 12
32 12 17
32 14 13
32 15 12
32 17 1
32 18 18
32 20 2
32 21 14
32 23 14
32 24 5
32 28 5
33 0 9
33 3 12
33 5 4
33 9 7
33 10 7
33 11 10
33 12 7
33 13 15
33 14 1
33 16 19
33 18 7
33 22 5
33 23 17
33 24 6
33 26 12
33 31 6
34 1 18
34 3 7
34 6 18
34 9 15
34 11 10
34 13 7
34 14 11
34 20 10
34 25 16
34 26 3
34 30 13
34 33 17
35 3 4
35 6 10
35 7 1
35 9 6
35 14 9
35 19 10
35 20 6
35 21 10
35 22 8
35 24 3
35 28 6
35 29 4
35 31 19
35 32 9
35 34 4
36 0 3
36 1 5
36 6 10
36 12 3
36 13 1
36 16 14
36 17 17
36 19 18
36 21 11
36 23 9
36 24 9
36 26 1
36 28 8
36 29 8
36 33 18
37 0 10
37 1 11
37 2 16
37 3 19
37 5 6
37 6 5
37 7 12
37 8 13
37 9 4
37 11 9
37 12 19
37 14 2
37 16 4
37 17 14
37 22 4
37 23 17
37 24 17
37 26 7
37 27 16
37 28 16
37 30 7
37 34 17
37 35 17
37 36 2
38 5 13
38 7 18
38 8 16
38 12 5
38 13 4
38 14 16
38 16 10
38 17 13
38 19 9
38 20 12
38 24 8
38 26 6
38 28 16
38 29 19
38 30 3
38 31 18
38 33 17
38 34 19
38 36 1
38 37 18
39 0 2
39 3 1
39 6 3
39 8 6
39 9 12
39 10 4
39 16 2
39 17 11
39 18 18
39 20 4
39 21 6
39 22 11
39 25 8
39 26 15
39 27 16
39 28 15
39 29 17
39 31 1
39 32 10
39 34 10
39 35 15
39 36 5
39 37 16
40 0 13
40 1 18
40 3 9
40 4 17
40 5 16
40 8 18
40 11 12
40 12 16
40 17 7
40 19 16
40 20 10
40 21 16
40 22 17
40 23 8
40 24 12
40 25 4
40 27 16
40 28 8
40 29 4
40 33 12
40 34 1
40 37 8
40 38 18
40 39 12
41 0 5
41 1 19
41 4 17
41 5 13
41 6 5
41 7 5
41 8 8
41 13 18
41 14 14
41 15 11
41 17 7
41 18 9
41 19 5
41 22 17
41 23 14
41 25 18
41 26 2
41 28 19
41 29 10
41 30 6
41 32 1
41 34 15
41 35 3
41 37 3
41 39 14
41 40 8
42 3 13
42 4 13
42 8 12
42 9 5
42 11 12
42 12 1
42 13 9
42 14 13
42 16 6
42 17 10
42 19 16
42 21 4
42 24 16
42 25 9
42 27 7
42 28 19
42 29 2
42 30 9
42 32 15
42 34 6
42 36 8
42 38 14
42 39 13
42 40 7
43 1 15
43 4 19
43 5 13
43 6 3
43 11 18
43 13 6
43 14 5
43 17 2
43 18 9
43 21 7
43 26 11
43 27 19
43 29 19
43 30 12
43 32 15
43 33 17
43 40 6
44 0 10
44 1 6
44 2 1
44 3 18
44 4 8
44 5 8
44 7 6
44 8 10
44 9 16
44 10 6
44 11 15
44 14 13
44 15 12
44 18 14
44 20 6
44 22 11
44 23 8
44 24 10
44 25 6
44 26 2
44 28 7
44 29 6
44 30 11
44 31 8
44 33 8
44 34 5
44 35 3
44 36 5
44 42 1
45 0 2
45 1 7
45 3 9
45 5 3
45 9 18
45 10 5
45 11 11
45 12 2
45 15 17
45 18 1
45 20 12
45 21 18
45 22 9
45 23 13
45 25 19
45 26 10
45 27 3
45 28 7
45 30 10
45 32 8
45 35 13
45 37 5
45 41 18
45 43 4
46 1 2
46 2 4
46 3 11
46 8 15
46 11 6
46 12 1
46 13 3
46 16 16
46 17 5
46 19 1
46 26 9
46 27 10
46 28 1
46 29 17
46 30 7
46 31 3
46 33 12
46 35 15
46 37 4
46 38 8
46 39 16
46 41 5
46 42 10
46 44 14
47 0 1
47 2 12
47 4 5
47 5 18
47 7 8
47 9 14
47 10 12
47 11 16
47 12 10
47 13 10
47 15 1
47 16 1
47 18 14
47 20 6
47 22 7
47 23 2
47 24 18
47 26 12
47 28 5
47 30 9
47 33 15
47 34 17
47 36 1
47 37 7
47 38 8
47 42 9
47 43 12
47 44 19
47 45 16
47 46 10
48 1 13
48 5 19
48 6 6
48 7 6
48 8 5
48 14 15
48 17 12
48 18 10
48 20 11
48 21 17
48 22 11
48 24 11
48 26 12
48 27 14
48 28 1
48 32 16
48 41 10
48 42 19
48 44 13
48 46 13
48 47 6
49 0 19
49 1 19
49 2 3
49 3 3
49 4 16
49 5 10
49 7 8
49 11 4
49 12 5
49 14 13
49 15 1
49 16 10
49 18 13
49 19 17
49 20 7
49 21 14
49 22 4
49 25 6
49 30 16
49 34 3
49 35 15
49 37 4
49 38 3
49 42 15
49 44 11
49 45 7
49 46 9
49 47 4
50 0 15
50 1 12
50 2 18
50 5 8
50 7 8
50 9 8
50 10 8
50 13 11
50 14 13
50 19 10
50 24 3
50 27 10
50 28 2
50 30 5
50 32 6
50 34 15
50 35 5
50 38 15
50 39 8
50 44 1
50 45 9
50 47 4
50 48 7
50 49 2
51 1 2
51 3 2
51 4 6
51 6 5
51 8 13
51 10 2
51 11 13
51 12 5
51 15 12
51 16 15
51 17 10
51 18 13
51 19 7
51 22 8
51 23 12
51 25 18
51 26 9
51 28 5
51 30 4
51 34 2
51 35 10
51 38 15
51 39 1
51 40 13
51 43 12
51 44 6
51 45 10
51 48 17
52 2 19
52 3 17
52 5 16
52 6 5
52 7 17
52 8 10
52 9 11
52 14 6
52 15 12
52 17 1
52 18 4
52 20 3
52 22 8
52 24 14
52 25 16
52 26 4
52 27 13
52 28 6
52 29 10
52 35 1
52 37 5
52 38 8
52 39 6
52 42 18
52 46 15
52 49 16
52 51 14
53 3 11
53 5 3
53 7 9
53 9 10
53 14 19
53 15 2
53 16 4
53 17 1
53 18 11
53 19 15
53 20 5
53 21 10
53 25 10
53 28 2
53 29 11
53 31 7
53 32 11
53 34 8
53 35 17
53 36 11
53 38 11
53 39 6
53 40 12
53 43 13
53 44 2
53 45 10
53 46 2
53 48 12
53 49 6
53 50 7
53 51 17
53 52 15
54 1 3
54 3 6
54 4 2
54 6 13
54 7 8
54 8 7
54 9 17
54 10 8
54 14 11
54 15 7
54 16 6
54 18 5
54 22 12
54 23 4
54 25 9
54 27 8
54 28 6
54 32 15
54 33 1
54 35 4
54 36 4
54 39 15
54 40 11
54 41 3
54 44 19
54 45 1
54 48 13
54 49 16
54 50 7
54 51 12
54 53 19
55 0 10
55 1 12
55 2 16
55 3 16
55 5 6
55 9 10
55 10 16
55 11 2
55 12 1
55 14 5
55 16 11
55 18 6
55 20 8
55 21 16
55 22 11
55 27 7
55 28 15
55 29 15
55 31 7
55 33 3
55 34 15
55 37 1
55 40 13
55 41 11
55 42 17
55 43 1
55 47 17
55 48 1
55 50 13
55 51 12
55 53 13
55 54 12
56 0 10
56 3 15
56 5 2
56 6 2
56 7 2
56 8 9
56 10 18
56 12 1
56 13 2
56 16 16
56 20 5
56 21 17
56 22 5
56 25 10
56 28 5
56 30 16
56 31 14
56 33 12
56 34 13
56 36 8
56 38 6
56 40 17
56 45 13
56 47 16
56 49 19
56 50 9
56 51 1
56 54 19
56 55 14
57 0 9
57 1 5
57 2 12
57 4 18
57 7 19
57 8 11
57 9 16
57 11 8
57 12 19
57 13 14
57 14 4
57 15 15
57 16 19
57 17 9
57 20 9
57 21 4
57 23 18
57 27 3
57 29 7
57 37 2
57 40 5
57 42 5
57 43 4
57 44 15
57 45 14
57 48 8
57 49 2
57 50 2
57 54 14
58 1 5
58 2 13
58 4 14
58 6 17
58 7 3
58 8 7
58 11 3
58 12 15
58 13 15
58 14 4
58 15 9
58 16 18
58 18 2
58 19 13
58 20 6
58 23 5
58 26 5
58 28 7
58 29 11
58 31 15
58 34 16
58 36 2
58 39 8
58 41 16
58 45 13
58 47 14
58 48 17
58 51 6
59 0 19
59 1 7
59 2 10
59 5 5
59 8 19
59 9 2
59 14 10
59 16 6
59 17 19
59 19 8
59 20 15
59 21 6
59 25 15
59 27 8
59 29 14
59 35 19
59 41 18
59 45 1
59 49 18
59 50 10
59 51 3
59 55 12
59 58 11
60 2 19
60 4 14
60 5 5
60 6 2
60 7 6
60 15 8
60 18 13
60 19 9
60 20 19
60 21 5
60 25 16
60 29 4
60 30 18
60 32 8
60 34 4
60 40 17
60 44 11
60 45 16
60 48 16
60 49 5
60 53 19
60 55 15
60 56 14
61 0 13
61 2 6
61 3 4
61 4 10
61 5 15
61 6 19
61 7 13
61 9 5
61 11 17
61 13 4
61 14 2
61 15 19
61 16 15
61 18 14
61 20 2
61 21 13
61 22 11
61 24 15
61 25 2
61 26 11
61 28 2
61 29 3
61 37 18
61 39 15
61 42 1
61 43 10
61 44 18
61 47 3
61 49 14
61 51 7
61 52 5
61 53 4
61 54 8
61 59 19
62 0 10
62 4 11
62 8 5
62 9 6
62 11 13
62 12 4
62 13 13
62 14 6
62 16 12
62 17 11
62 18 16
62 20 10
62 22 6
62 23 19
62 24 18
62 26 5
62 27 19
62 28 19
62 29 17
62 30 5
62 31 6
62 32 9
62 33 16
62 35 15
62 36 17
62 37 1
62 38 10
62 41 12
62 42 6
62 43 12
62 44 11
62 45 7
62 46 10
62 48 6
62 49 13
62 51 13
62 52 9
62 55 3
62 56 7
62 57 16
62 58 8
62 59 11
62 60 8
62 61 7
63 1 2
63 2 5
63 3 18
63 4 14
63 5 3
63 6 13
63 7 1
63 9 10
63 11 12
63 12 4
63 13 2
63 14 1
63 15 8
63 16 9
63 19 17
63 20 4
63 21 4
63 24 19
63 25 19
63 27 13
63 28 16
63 30 1
63 31 11
63 34 11
63 35 6
63 41 19
63 42 6
63 44 17
63 45 8
63 47 3
63 48 18
63 50 15
63 52 9
63 55 12
63 59 15
64 0 19
64 2 16
64 3 6
64 4 19
64 6 1
64 9 7
64 10 1
64 11 9
64 12 18
64 14 11
64 15 17
64 16 3
64 17 15
64 20 4
64 24 5
64 27 10
64 28 17
64 29 13
64 32 15
64 33 13
64 38 8
64 40 12
64 43 19
64 45 16
64 48 7
64 50 7
64 51 15
64 53 8
64 57 5
64 58 18
64 63 14
65 0 14
65 1 11
65 2 19
65 3 19
65 4 19
65 5 17
65 6 11
65 7 15
65 8 10
65 9 4
65 10 18
65 11 17
65 14 5
65 15 14
65 17 4
65 19 10
65 20 19
65 21 13
65 24 10
65 25 16
65 26 15
65 29 16
65 30 4
65 33 18
65 35 1
65 36 4
65 38 12
65 39 11
65 40 15
65 41 13
65 42 18
65 44 3
65 45 10
65 46 18
65 49 4
65 50 2
65 51 19
65 52 7
65 53 8
65 55 13
65 57 4
65 59 16
65 63 4
