28
1 0 7
2 0 18
2 1 32
3 0 50
3 1 18
3 2 50
4 0 8
4 1 34
4 2 10
4 3 33
5 0 65
5 1 1
5 2 21
5 3 47
5 4 64
6 0 44
6 1 42
6 2 29
6 3 23
6 4 57
6 5 46
7 0 13
7 1 1
7 2 5
7 3 55
7 4 26
7 5 56
7 6 22
8 0 35
8 1 49
8 2 45
8 3 54
8 4 21
8 5 68
8 6 30
8 7 59
9 0 17
9 1 48
9 2 20
9 3 23
9 4 53
9 5 28
9 6 61
9 7 46
9 8 27
10 0 65
10 1 29
10 2 55
10 3 34
10 4 53
10 5 44
10 6 22
10 7 25
10 8 65
10 9 21
11 0 39
11 1 68
11 2 55
11 3 42
11 4 56
11 5 37
11 6 12
11 7 36
11 8 31
11 9 16
11 10 44
12 0 17
12 1 57
12 2 17
12 3 17
12 4 4
12 5 31
12 6 64
12 7 50
12 8 21
12 9 25
12 10 8
12 11 6
13 0 25
13 1 7
13 2 42
13 3 4
13 4 54
13 5 36
13 6 15
13 7 60
13 8 61
13 9 17
13 10 37
13 11 25
13 12 47
14 0 57
14 1 47
14 2 12
14 3 46
14 4 37
14 5 36
14 6 53
14 7 2
14 8 41
14 9 8
14 10 42
14 11 21
14 12 18
14 13 40
15 0 21
15 1 33
15 2 59
15 3 22
15 4 63
15 5 68
15 6 68
15 7 32
15 8 58
15 9 24
15 10 21
15 11 3
15 12 34
15 13 5
15 14 34
16 0 7
16 1 6
16 2 21
16 3 54
16 4 61
16 5 14
16 6 30
16 7 35
16 8 51
16 9 54
16 10 16
16 11 66
16 12 20
16 13 59
16 14 41
16 15 46
17 0 16
17 1 6
17 2 65
17 3 24
17 4 46
17 5 62
17 6 44
17 7 33
17 8 57
17 9 7
17 10 7
17 11 32
17 12 41
17 13 46
17 14 42
17 15 23
17 16 15
18 0 41
18 1 52
18 2 46
18 3 13
18 4 63
18 5 4
18 6 34
18 7 3
18 8 66
18 9 24
18 10 55
18 11 36
18 12 68
18 13 61
18 14 22
18 15 44
18 16 15
18 17 17
19 0 41
19 1 18
19 2 15
19 3 26
19 4 23
19 5 26
19 6 19
19 7 45
19 8 67
19 9 17
19 10 58
19 11 35
19 12 35
19 13 68
19 14 26
19 15 9
19 16 7
19 17 26
19 18 22
20 0 25
20 1 28
20 2 51
20 3 51
20 4 36
20 5 12
20 6 32
20 7 10
20 8 7
20 9 45
20 10 30
20 11 18
20 12 30
20 13 8
20 14 18
20 15 64
20 16 50
20 17 13
20 18 20
20 19 35
21 0 7
21 1 4
21 2 42
21 3 8
21 4 38
21 5 48
21 6 53
21 7 58
21 8 63
21 9 35
21 10 48
21 11 59
21 12 31
21 13 9
21 14 6
21 15 52
21 16 16
21 17 34
21 18 24
21 19 48
21 20 55
22 0 10
22 1 54
22 2 21
22 3 56
22 4 22
22 5 42
22 6 14
22 7 17
22 8 47
22 9 68
22 10 53
22 11 50
22 12 24
22 13 16
22 14 31
22 15 2
22 16 48
22 17 50
22 18 38
22 19 48
22 20 21
22 21 31
23 0 47
23 1 21
23 2 45
23 3 58
23 4 7
23 5 65
23 6 47
23 7 47
23 8 34
23 9 63
23 10 26
23 11 6
23 12 9
23 13 44
23 14 46
23 15 45
23 16 27
23 17 17
23 18 49
23 19 54
23 20 3
23 21 40
23 22 7
24 0 15
24 1 57
24 2 26
24 3 34
24 4 42
24 5 21
24 6 49
24 7 4
24 8 45
24 9 45
24 10 30
24 11 18
24 12 67
24 13 26
24 14 52
24 15 25
24 16 59
24 17 63
24 18 22
24 19 20
24 20 39
24 21 27
24 22 44
24 23 56
25 0 55
25 1 15
25 2 28
25 3 33
25 4 31
25 5 26
25 6 17
25 7 21
25 8 62
25 9 28
25 10 57
25 11 34
25 12 21
25 13 25
25 14 47
25 15 38
25 16 53
25 17 44
25 18 43
25 19 45
25 20 20
25 21 65
25 22 5
25 23 64
25 24 56
26 0 11
26 1 35
26 2 21
26 3 67
26 4 50
26 5 57
26 6 55
26 7 11
26 8 66
26 9 33
26 10 49
26 11 67
26 12 13
26 13 23
26 14 58
26 15 34
26 16 41
26 17 6
26 18 41
26 19 40
26 20 39
26 21 19
26 22 7
26 23 19
26 24 43
26 25 34
27 0 8
27 1 7
27 2 4
27 3 16
27 4 56
27 5 48
27 6 14
27 7 19
27 8 28
27 9 16
27 10 66
27 11 2
27 12 12
27 13 16
27 14 40
27 15 60
27 16 56
27 17 12
27 18 24
27 19 23
27 20 48
27 21 53
27 22 23
27 23 63
27 24 33
27 25 47
27 26 35
