67
1 0 27
2 0 31
2 1 32
3 0 19
3 1 29
3 2 5
4 0 15
4 1 25
4 2 3
4 3 13
5 0 11
5 1 31
5 2 17
5 3 15
5 4 14
6 0 26
6 1 33
6 2 33
6 3 32
6 4 15
6 5 31
7 0 16
7 1 17
7 2 20
7 3 13
7 4 19
7 5 8
7 6 33
8 0 19
8 1 9
8 2 18
8 3 29
8 4 2
8 5 27
8 6 17
8 7 20
9 0 13
9 1 10
9 2 34
9 3 4
9 4 20
9 5 10
9 6 32
9 7 3
9 8 25
10 0 20
10 1 5
10 2 20
10 3 25
10 4 16
10 5 5
10 6 18
10 7 9
10 8 1
10 9 15
11 0 15
11 1 28
11 2 19
11 3 15
11 4 28
11 5 25
11 6 24
11 7 21
11 8 34
11 9 2
11 10 12
12 0 3
12 1 12
12 2 20
12 3 21
12 4 12
12 5 24
12 6 14
12 7 33
12 8 1
12 9 21
12 10 12
12 11 13
13 0 32
13 1 34
13 2 2
13 3 21
13 4 15
13 5 5
13 6 1
13 7 6
13 8 8
13 9 25
13 10 13
13 11 5
13 12 5
14 0 4
14 1 11
14 2 1
14 3 9
14 4 23
14 5 28
14 6 18
14 7 18
14 8 9
14 9 22
14 10 29
14 11 30
14 12 20
14 13 33
15 0 17
15 1 12
15 2 26
15 3 34
15 4 8
15 5 23
15 6 14
15 7 22
15 8 22
15 9 13
15 10 8
15 11 30
15 12 29
15 13 19
15 14 25
16 0 13
16 1 1
16 2 18
16 3 21
16 4 27
16 5 17
16 6 14
16 7 25
16 8 18
16 9 8
16 10 29
16 11 12
16 12 30
16 13 30
16 14 29
16 15 9
17 0 1
17 1 21
17 2 13
17 3 13
17 4 6
17 5 2
17 6 31
17 7 6
17 8 27
17 9 9
17 10 17
17 11 12
17 12 33
17 13 22
17 14 21
17 15 10
17 16 24
18 0 8
18 1 7
18 2 26
18 3 25
18 4 12
18 5 21
18 6 7
18 7 6
18 8 9
18 9 2
18 10 11
18 11 13
18 12 26
18 13 33
18 14 29
18 15 11
18 16 28
18 17 29
19 0 2
19 1 24
19 2 9
19 3 21
19 4 30
19 5 31
19 6 25
19 7 1
19 8 31
19 9 14
19 10 32
19 11 33
19 12 28
19 13 21
19 14 2
19 15 32
19 16 30
19 17 16
19 18 34
20 0 23
20 1 8
20 2 8
20 3 20
20 4 20
20 5 26
20 6 21
20 7 3
20 8 2
20 9 9
20 10 8
20 11 19
20 12 14
20 13 11
20 14 19
20 15 33
20 16 24
20 17 13
20 18 4
20 19 1
21 0 20
21 1 7
21 2 9
21 3 6
21 4 4
21 5 25
21 6 7
21 7 12
21 8 8
21 9 8
21 10 25
21 11 3
21 12 6
21 13 14
21 14 8
21 15 16
21 16 3
21 17 9
21 18 6
21 19 31
21 20 23
22 0 11
22 1 13
22 2 13
22 3 13
22 4 27
22 5 15
22 6 6
22 7 31
22 8 1
22 9 4
22 10 34
22 11 28
22 12 25
22 13 27
22 14 32
22 15 6
22 16 12
22 17 11
22 18 21
22 19 2
22 20 10
22 21 12
23 0 25
23 1 8
23 2 30
23 3 19
23 4 24
23 5 4
23 6 24
23 7 12
23 8 3
23 9 29
23 10 31
23 11 13
23 12 2
23 13 9
23 14 9
23 15 13
23 16 29
23 17 7
23 18 25
23 19 19
23 20 19
23 21 1
23 22 7
24 0 16
24 1 3
24 2 16
24 3 6
24 4 33
24 5 7
24 6 16
24 7 25
24 8 28
24 9 20
24 10 6
24 11 14
24 12 34
24 13 19
24 14 23
24 15 6
24 16 29
24 17 11
24 18 23
24 19 8
24 20 12
24 21 26
24 22 19
24 23 31
25 0 20
25 1 8
25 2 21
25 3 9
25 4 34
25 5 28
25 6 29
25 7 24
25 8 13
25 9 33
25 10 10
25 11 1
25 12 5
25 13 15
25 14 8
25 15 28
25 16 3
25 17 5
25 18 4
25 19 25
25 20 12
25 21 8
25 22 31
25 23 13
25 24 13
26 0 12
26 1 1
26 2 26
26 3 25
26 4 8
26 5 10
26 6 18
26 7 30
26 8 26
26 9 27
26 10 9
26 11 10
26 12 7
26 13 31
26 14 34
26 15 2
26 16 18
26 17 15
26 18 7
26 19 13
26 20 26
26 21 19
26 22 12
26 23 2
26 24 25
26 25 23
27 0 17
27 1 10
27 2 24
27 3 29
27 4 20
27 5 13
27 6 5
27 7 3
27 8 21
27 9 31
27 10 33
27 11 25
27 12 17
27 13 16
27 14 16
27 15 23
27 16 17
27 17 15
27 18 22
27 19 16
27 20 17
27 21 1
27 22 17
27 23 34
27 24 22
27 25 16
27 26 33
28 0 24
28 1 30
28 2 14
28 3 27
28 4 19
28 5 19
28 6 27
28 7 6
28 8 32
28 9 31
28 10 23
28 11 34
28 12 7
28 13 20
28 14 24
28 15 10
28 16 34
28 17 5
28 18 19
28 19 33
28 20 9
28 21 32
28 22 5
28 23 26
28 24 3
28 25 18
28 26 17
28 27 19
29 0 30
29 1 1
29 2 2
29 3 8
29 4 21
29 5 34
29 6 4
29 7 32
29 8 13
29 9 4
29 10 31
29 11 34
29 12 25
29 13 16
29 14 34
29 15 24
29 16 12
29 17 12
29 18 10
29 19 19
29 20 28
29 21 26
29 22 3
29 23 24
29 24 2
29 25 34
29 26 16
29 27 34
29 28 10
30 0 17
30 1 34
30 2 16
30 3 20
30 4 34
30 5 13
30 6 13
30 7 21
30 8 8
30 9 5
30 10 7
30 11 2
30 12 27
30 13 15
30 14 31
30 15 22
30 16 16
30 17 30
30 18 27
30 19 30
30 20 20
30 21 21
30 22 11
30 23 3
30 24 26
30 25 10
30 26 3
30 27 33
30 28 22
30 29 19
31 0 25
31 1 9
31 2 34
31 3 4
31 4 7
31 5 27
31 6 12
31 7 30
31 8 33
31 9 4
31 10 17
31 11 7
31 12 5
31 13 26
31 14 32
31 15 17
31 16 9
31 17 17
31 18 14
31 19 3
31 20 18
31 21 7
31 22 3
31 23 8
31 24 16
31 25 17
31 26 33
31 27 14
31 28 20
31 29 24
31 30 19
32 0 7
32 1 17
32 2 12
32 3 33
32 4 2
32 5 5
32 6 34
32 7 1
32 8 28
32 9 17
32 10 4
32 11 34
32 12 7
32 13 33
32 14 11
32 15 20
32 16 9
32 17 3
32 18 5
32 19 7
32 20 14
32 21 7
32 22 14
32 23 4
32 24 28
32 25 13
32 26 12
32 27 21
32 28 10
32 29 34
32 30 23
32 31 8
33 0 22
33 1 5
33 2 30
33 3 28
33 4 10
33 5 9
33 6 8
33 7 17
33 8 34
33 9 19
33 10 34
33 11 19
33 12 4
33 13 27
33 14 1
33 15 28
33 16 20
33 17 10
33 18 11
33 19 14
33 20 9
33 21 7
33 22 30
33 23 11
33 24 34
33 25 4
33 26 2
33 27 21
33 28 5
33 29 16
33 30 18
33 31 10
33 32 34
34 0 31
34 1 27
34 2 26
34 3 12
34 4 8
34 5 25
34 6 24
34 7 14
34 8 32
34 9 5
34 10 22
34 11 18
34 12 24
34 13 10
34 14 26
34 15 22
34 16 26
34 17 1
34 18 10
34 19 12
34 20 10
34 21 34
34 22 34
34 23 25
34 24 19
34 25 29
34 26 20
34 27 2
34 28 28
34 29 25
34 30 15
34 31 4
34 32 23
34 33 8
35 0 24
35 1 10
35 2 20
35 3 16
35 4 11
35 5 28
35 6 28
35 7 20
35 8 24
35 9 9
35 10 32
35 11 5
35 12 27
35 13 21
35 14 21
35 15 15
35 16 34
35 17 11
35 18 19
35 19 27
35 20 10
35 21 11
35 22 16
35 23 16
35 24 7
35 25 28
35 26 18
35 27 14
35 28 28
35 29 7
35 30 1
35 31 7
35 32 20
35 33 18
35 34 30
36 0 31
36 1 33
36 2 19
36 3 33
36 4 22
36 5 3
36 6 6
36 7 2
36 8 5
36 9 26
36 10 10
36 11 10
36 12 14
36 13 28
36 14 15
36 15 28
36 16 23
36 17 9
36 18 25
36 19 28
36 20 26
36 21 6
36 22 15
36 23 34
36 24 30
36 25 34
36 26 13
36 27 18
36 28 12
36 29 18
36 30 12
36 31 29
36 32 25
36 33 9
36 34 2
36 35 28
37 0 22
37 1 14
37 2 20
37 3 2
37 4 26
37 5 3
37 6 29
37 7 23
37 8 6
37 9 6
37 10 8
37 11 18
37 12 30
37 13 3
37 14 17
37 15 29
37 16 13
37 17 16
37 18 29
37 19 23
37 20 10
37 21 7
37 22 14
37 23 26
37 24 14
37 25 30
37 26 23
37 27 19
37 28 10
37 29 33
37 30 17
37 31 23
37 32 17
37 33 19
37 34 8
37 35 22
37 36 10
38 0 29
38 1 13
38 2 13
38 3 33
38 4 33
38 5 6
38 6 5
38 7 13
38 8 9
38 9 7
38 10 6
38 11 15
38 12 17
38 13 20
38 14 7
38 15 12
38 16 18
38 17 14
38 18 18
38 19 3
38 20 17
38 21 22
38 22 21
38 23 17
38 24 9
38 25 21
38 26 27
38 27 12
38 28 33
38 29 21
38 30 8
38 31 10
38 32 3
38 33 19
38 34 24
38 35 28
38 36 17
38 37 8
39 0 7
39 1 11
39 2 23
39 3 10
39 4 3
39 5 4
39 6 7
39 7 14
39 8 22
39 9 33
39 10 32
39 11 12
39 12 3
39 13 18
39 14 28
39 15 11
39 16 7
39 17 8
39 18 27
39 19 6
39 20 24
39 21 14
39 22 23
39 23 31
39 24 7
39 25 13
39 26 28
39 27 13
39 28 2
39 29 33
39 30 29
39 31 24
39 32 13
39 33 29
39 34 25
39 35 20
39 36 19
39 37 13
39 38 9
40 0 34
40 1 16
40 2 31
40 3 20
40 4 30
40 5 4
40 6 4
40 7 1
40 8 10
40 9 13
40 10 8
40 11 30
40 12 24
40 13 7
40 14 11
40 15 19
40 16 16
40 17 1
40 18 29
40 19 12
40 20 26
40 21 28
40 22 26
40 23 32
40 24 25
40 25 28
40 26 24
40 27 23
40 28 1
40 29 17
40 30 22
40 31 10
40 32 19
40 33 31
40 34 12
40 35 31
40 36 29
40 37 3
40 38 34
40 39 10
41 0 15
41 1 5
41 2 21
41 3 22
41 4 8
41 5 19
41 6 3
41 7 14
41 8 17
41 9 15
41 10 10
41 11 10
41 12 8
41 13 25
41 14 5
41 15 21
41 16 33
41 17 6
41 18 27
41 19 21
41 20 11
41 21 30
41 22 11
41 23 30
41 24 17
41 25 1
41 26 25
41 27 24
41 28 2
41 29 9
41 30 29
41 31 27
41 32 14
41 33 20
41 34 19
41 35 7
41 36 28
41 37 24
41 38 18
41 39 7
41 40 27
42 0 19
42 1 11
42 2 24
42 3 16
42 4 31
42 5 14
42 6 34
42 7 10
42 8 27
42 9 32
42 10 23
42 11 18
42 12 29
42 13 20
42 14 29
42 15 4
42 16 27
42 17 7
42 18 16
42 19 29
42 20 32
42 21 17
42 22 34
42 23 16
42 24 3
42 25 1
42 26 27
42 27 7
42 28 13
42 29 4
42 30 5
42 31 10
42 32 3
42 33 4
42 34 15
42 35 7
42 36 4
42 37 29
42 38 15
42 39 17
42 40 30
42 41 21
43 0 8
43 1 28
43 2 34
43 3 2
43 4 11
43 5 7
43 6 13
43 7 17
43 8 11
43 9 29
43 10 20
43 11 18
43 12 24
43 13 1
43 14 16
43 15 9
43 16 32
43 17 22
43 18 8
43 19 15
43 20 29
43 21 29
43 22 16
43 23 9
43 24 3
43 25 19
43 26 27
43 27 9
43 28 25
43 29 26
43 30 23
43 31 12
43 32 33
43 33 2
43 34 13
43 35 11
43 36 34
43 37 26
43 38 10
43 39 14
43 40 13
43 41 18
43 42 32
44 0 1
44 1 10
44 2 11
44 3 5
44 4 21
44 5 19
44 6 11
44 7 2
44 8 1
44 9 20
44 10 25
44 11 32
44 12 7
44 13 8
44 14 33
44 15 11
44 16 31
44 17 13
44 18 19
44 19 19
44 20 23
44 21 6
44 22 19
44 23 26
44 24 24
44 25 6
44 26 21
44 27 14
44 28 15
44 29 27
44 30 29
44 31 9
44 32 6
44 33 30
44 34 4
44 35 9
44 36 4
44 37 8
44 38 6
44 39 31
44 40 31
44 41 10
44 42 16
44 43 31
45 0 1
45 1 21
45 2 25
45 3 3
45 4 28
45 5 21
45 6 4
45 7 6
45 8 19
45 9 25
45 10 18
45 11 26
45 12 28
45 13 1
45 14 1
45 15 10
45 16 23
45 17 31
45 18 3
45 19 14
45 20 31
45 21 14
45 22 10
45 23 29
45 24 5
45 25 9
45 26 19
45 27 7
45 28 9
45 29 29
45 30 11
45 31 28
45 32 3
45 33 8
45 34 22
45 35 24
45 36 25
45 37 21
45 38 6
45 39 27
45 40 6
45 41 13
45 42 34
45 43 33
45 44 13
46 0 23
46 1 17
46 2 6
46 3 6
46 4 15
46 5 8
46 6 2
46 7 21
46 8 27
46 9 20
46 10 2
46 11 3
46 12 31
46 13 24
46 14 34
46 15 6
46 16 7
46 17 2
46 18 20
46 19 23
46 20 21
46 21 23
46 22 7
46 23 20
46 24 22
46 25 19
46 26 6
46 27 19
46 28 29
46 29 8
46 30 6
46 31 24
46 32 13
46 33 8
46 34 12
46 35 28
46 36 22
46 37 32
46 38 28
46 39 26
46 40 7
46 41 7
46 42 6
46 43 34
46 44 14
46 45 23
47 0 3
47 1 6
47 2 15
47 3 21
47 4 19
47 5 21
47 6 27
47 7 22
47 8 3
47 9 9
47 10 9
47 11 33
47 12 33
47 13 7
47 14 2
47 15 21
47 16 14
47 17 17
47 18 24
47 19 33
47 20 2
47 21 29
47 22 17
47 23 29
47 24 13
47 25 16
47 26 3
47 27 13
47 28 31
47 29 9
47 30 10
47 31 24
47 32 4
47 33 33
47 34 3
47 35 21
47 36 25
47 37 33
47 38 21
47 39 30
47 40 17
47 41 7
47 42 12
47 43 18
47 44 23
47 45 25
47 46 5
48 0 3
48 1 8
48 2 12
48 3 21
48 4 18
48 5 30
48 6 21
48 7 25
48 8 20
48 9 24
48 10 14
48 11 12
48 12 8
48 13 15
48 14 6
48 15 15
48 16 6
48 17 26
48 18 2
48 19 6
48 20 8
48 21 33
48 22 26
48 23 28
48 24 29
48 25 16
48 26 1
48 27 14
48 28 13
48 29 34
48 30 21
48 31 26
48 32 32
48 33 28
48 34 20
48 35 24
48 36 17
48 37 24
48 38 4
48 39 5
48 40 6
48 41 6
48 42 5
48 43 21
48 44 10
48 45 23
48 46 25
48 47 9
49 0 34
49 1 33
49 2 13
49 3 13
49 4 23
49 5 3
49 6 16
49 7 10
49 8 27
49 9 2
49 10 10
49 11 23
49 12 19
49 13 29
49 14 26
49 15 5
49 16 14
49 17 2
49 18 25
49 19 11
49 20 31
49 21 1
49 22 26
49 23 22
49 24 25
49 25 24
49 26 2
49 27 8
49 28 4
49 29 11
49 30 7
49 31 31
49 32 14
49 33 34
49 34 2
49 35 9
49 36 32
49 37 34
49 38 28
49 39 1
49 40 15
49 41 13
49 42 1
49 43 8
49 44 15
49 45 19
49 46 8
49 47 12
49 48 15
50 0 30
50 1 11
50 2 26
50 3 29
50 4 1
50 5 34
50 6 17
50 7 10
50 8 33
50 9 29
50 10 19
50 11 4
50 12 6
50 13 27
50 14 10
50 15 20
50 16 19
50 17 31
50 18 12
50 19 13
50 20 32
50 21 14
50 22 18
50 23 23
50 24 30
50 25 18
50 26 5
50 27 17
50 28 34
50 29 26
50 30 9
50 31 4
50 32 7
50 33 17
50 34 11
50 35 6
50 36 26
50 37 33
50 38 13
50 39 6
50 40 17
50 41 7
50 42 1
50 43 33
50 44 2
50 45 11
50 46 14
50 47 12
50 48 6
50 49 10
51 0 12
51 1 16
51 2 19
51 3 10
51 4 25
51 5 3
51 6 18
51 7 30
51 8 27
51 9 33
51 10 30
51 11 21
51 12 32
51 13 22
51 14 9
51 15 21
51 16 21
51 17 3
51 18 9
51 19 5
51 20 20
51 21 32
51 22 31
51 23 19
51 24 11
51 25 19
51 26 6
51 27 28
51 28 14
51 29 27
51 30 3
51 31 19
51 32 6
51 33 14
51 34 3
51 35 26
51 36 13
51 37 25
51 38 28
51 39 22
51 40 26
51 41 13
51 42 22
51 43 4
51 44 22
51 45 21
51 46 24
51 47 34
51 48 18
51 49 31
51 50 27
52 0 33
52 1 10
52 2 29
52 3 32
52 4 20
52 5 21
52 6 13
52 7 5
52 8 10
52 9 23
52 10 29
52 11 19
52 12 29
52 13 12
52 14 25
52 15 19
52 16 31
52 17 33
52 18 26
52 19 2
52 20 22
52 21 8
52 22 13
52 23 30
52 24 10
52 25 1
52 26 3
52 27 22
52 28 17
52 29 20
52 30 22
52 31 31
52 32 20
52 33 15
52 34 19
52 35 25
52 36 2
52 37 19
52 38 12
52 39 8
52 40 9
52 41 6
52 42 5
52 43 32
52 44 23
52 45 30
52 46 3
52 47 30
52 48 9
52 49 3
52 50 1
52 51 17
53 0 15
53 1 34
53 2 12
53 3 13
53 4 21
53 5 10
53 6 28
53 7 1
53 8 8
53 9 32
53 10 22
53 11 21
53 12 14
53 13 7
53 14 28
53 15 32
53 16 10
53 17 21
53 18 14
53 19 18
53 20 18
53 21 13
53 22 17
53 23 33
53 24 21
53 25 21
53 26 23
53 27 1
53 28 20
53 29 16
53 30 29
53 31 14
53 32 2
53 33 22
53 34 31
53 35 7
53 36 20
53 37 13
53 38 10
53 39 20
53 40 7
53 41 22
53 42 9
53 43 23
53 44 29
53 45 32
53 46 4
53 47 27
53 48 33
53 49 4
53 50 4
53 51 32
53 52 25
54 0 24
54 1 19
54 2 25
54 3 1
54 4 11
54 5 7
54 6 6
54 7 12
54 8 4
54 9 19
54 10 14
54 11 23
54 12 28
54 13 28
54 14 34
54 15 14
54 16 1
54 17 5
54 18 4
54 19 30
54 20 25
54 21 20
54 22 18
54 23 33
54 24 13
54 25 11
54 26 15
54 27 23
54 28 15
54 29 17
54 30 19
54 31 2
54 32 12
54 33 20
54 34 1
54 35 18
54 36 29
54 37 11
54 38 31
54 39 18
54 40 20
54 41 7
54 42 14
54 43 9
54 44 6
54 45 15
54 46 1
54 47 23
54 48 3
54 49 30
54 50 22
54 51 2
54 52 14
54 53 1
55 0 22
55 1 1
55 2 31
55 3 11
55 4 33
55 5 22
55 6 6
55 7 15
55 8 23
55 9 30
55 10 24
55 11 1
55 12 12
55 13 28
55 14 10
55 15 9
55 16 12
55 17 7
55 18 2
55 19 6
55 20 31
55 21 8
55 22 24
55 23 15
55 24 14
55 25 34
55 26 16
55 27 18
55 28 15
55 29 10
55 30 6
55 31 31
55 32 19
55 33 10
55 34 19
55 35 24
55 36 19
55 37 13
55 38 8
55 39 20
55 40 34
55 41 16
55 42 14
55 43 8
55 44 3
55 45 11
55 46 5
55 47 24
55 48 10
55 49 6
55 50 16
55 51 31
55 52 6
55 53 3
55 54 30
56 0 17
56 1 9
56 2 22
56 3 18
56 4 13
56 5 13
56 6 22
56 7 1
56 8 10
56 9 5
56 10 20
56 11 7
56 12 15
56 13 26
56 14 9
56 15 3
56 16 29
56 17 27
56 18 19
56 19 16
56 20 33
56 21 27
56 22 24
56 23 16
56 24 8
56 25 13
56 26 24
56 27 24
56 28 19
56 29 7
56 30 1
56 31 23
56 32 33
56 33 26
56 34 8
56 35 2
56 36 15
56 37 30
56 38 15
56 39 21
56 40 17
56 41 20
56 42 34
56 43 27
56 44 16
56 45 16
56 46 11
56 47 30
56 48 3
56 49 1
56 50 1
56 51 16
56 52 10
56 53 6
56 54 24
56 55 33
57 0 2
57 1 8
57 2 5
57 3 28
57 4 20
57 5 6
57 6 26
57 7 30
57 8 14
57 9 15
57 10 12
57 11 15
57 12 12
57 13 9
57 14 24
57 15 12
57 16 28
57 17 25
57 18 17
57 19 16
57 20 14
57 21 10
57 22 27
57 23 18
57 24 28
57 25 18
57 26 21
57 27 26
57 28 34
57 29 12
57 30 24
57 31 11
57 32 24
57 33 22
57 34 18
57 35 2
57 36 14
57 37 10
57 38 34
57 39 6
57 40 15
57 41 9
57 42 10
57 43 33
57 44 28
57 45 27
57 46 1
57 47 21
57 48 5
57 49 6
57 50 23
57 51 24
57 52 7
57 53 15
57 54 27
57 55 33
57 56 28
58 0 6
58 1 17
58 2 17
58 3 14
58 4 1
58 5 11
58 6 4
58 7 21
58 8 27
58 9 11
58 10 4
58 11 5
58 12 8
58 13 7
58 14 10
58 15 5
58 16 26
58 17 20
58 18 28
58 19 15
58 20 27
58 21 3
58 22 29
58 23 21
58 24 11
58 25 9
58 26 14
58 27 28
58 28 7
58 29 34
58 30 11
58 31 27
58 32 1
58 33 2
58 34 33
58 35 33
58 36 18
58 37 9
58 38 8
58 39 28
58 40 6
58 41 1
58 42 9
58 43 7
58 44 2
58 45 5
58 46 6
58 47 1
58 48 10
58 49 26
58 50 10
58 51 6
58 52 33
58 53 13
58 54 26
58 55 13
58 56 25
58 57 31
59 0 9
59 1 25
59 2 28
59 3 10
59 4 32
59 5 2
59 6 15
59 7 13
59 8 18
59 9 32
59 10 4
59 11 25
59 12 27
59 13 22
59 14 3
59 15 29
59 16 17
59 17 32
59 18 18
59 19 25
59 20 6
59 21 13
59 22 3
59 23 33
59 24 33
59 25 7
59 26 13
59 27 29
59 28 19
59 29 3
59 30 3
59 31 28
59 32 21
59 33 29
59 34 28
59 35 14
59 36 22
59 37 6
59 38 10
59 39 1
59 40 34
59 41 2
59 42 1
59 43 10
59 44 17
59 45 11
59 46 16
59 47 11
59 48 24
59 49 11
59 50 6
59 51 16
59 52 5
59 53 5
59 54 15
59 55 20
59 56 30
59 57 16
59 58 25
60 0 19
60 1 30
60 2 22
60 3 15
60 4 11
60 5 30
60 6 32
60 7 3
60 8 22
60 9 29
60 10 20
60 11 6
60 12 23
60 13 22
60 14 3
60 15 22
60 16 13
60 17 20
60 18 21
60 19 10
60 20 2
60 21 27
60 22 22
60 23 19
60 24 10
60 25 22
60 26 17
60 27 30
60 28 33
60 29 19
60 30 10
60 31 15
60 32 9
60 33 6
60 34 31
60 35 14
60 36 20
60 37 20
60 38 14
60 39 34
60 40 14
60 41 28
60 42 10
60 43 11
60 44 25
60 45 14
60 46 21
60 47 25
60 48 3
60 49 7
60 50 18
60 51 19
60 52 9
60 53 31
60 54 4
60 55 8
60 56 3
60 57 2
60 58 15
60 59 13
61 0 1
61 1 13
61 2 7
61 3 28
61 4 7
61 5 27
61 6 6
61 7 8
61 8 13
61 9 16
61 10 30
61 11 24
61 12 34
61 13 22
61 14 18
61 15 4
61 16 2
61 17 34
61 18 23
61 19 17
61 20 23
61 21 15
61 22 32
61 23 19
61 24 17
61 25 18
61 26 15
61 27 5
61 28 13
61 29 27
61 30 19
61 31 12
61 32 31
61 33 17
61 34 12
61 35 10
61 36 23
61 37 2
61 38 3
61 39 1
61 40 18
61 41 27
61 42 32
61 43 6
61 44 5
61 45 17
61 46 14
61 47 33
61 48 18
61 49 7
61 50 12
61 51 27
61 52 12
61 53 14
61 54 10
61 55 33
61 56 12
61 57 20
61 58 24
61 59 20
61 60 3
62 0 13
62 1 23
62 2 33
62 3 24
62 4 9
62 5 14
62 6 15
62 7 23
62 8 18
62 9 1
62 10 29
62 11 23
62 12 10
62 13 24
62 14 13
62 15 25
62 16 30
62 17 20
62 18 17
62 19 26
62 20 27
62 21 16
62 22 10
62 23 30
62 24 21
62 25 6
62 26 3
62 27 34
62 28 28
62 29 27
62 30 16
62 31 1
62 32 24
62 33 13
62 34 9
62 35 34
62 36 3
62 37 34
62 38 10
62 39 22
62 40 4
62 41 33
62 42 32
62 43 34
62 44 20
62 45 19
62 46 15
62 47 17
62 48 19
62 49 28
62 50 31
62 51 27
62 52 33
62 53 7
62 54 20
62 55 7
62 56 32
62 57 3
62 58 29
62 59 32
62 60 23
62 61 6
63 0 16
63 1 22
63 2 2
63 3 29
63 4 8
63 5 22
63 6 28
63 7 20
63 8 10
63 9 1
63 10 7
63 11 2
63 12 27
63 13 24
63 14 4
63 15 25
63 16 27
63 17 20
63 18 32
63 19 27
63 20 30
63 21 22
63 22 10
63 23 29
63 24 13
63 25 8
63 26 29
63 27 33
63 28 4
63 29 21
63 30 21
63 31 20
63 32 3
63 33 26
63 34 15
63 35 14
63 36 2
63 37 9
63 38 28
63 39 32
63 40 24
63 41 33
63 42 30
63 43 9
63 44 14
63 45 30
63 46 13
63 47 2
63 48 13
63 49 8
63 50 3
63 51 22
63 52 30
63 53 3
63 54 32
63 55 12
63 56 22
63 57 9
63 58 19
63 59 32
63 60 27
63 61 2
63 62 8
64 0 17
64 1 33
64 2 34
64 3 19
64 4 7
64 5 10
64 6 5
64 7 5
64 8 28
64 9 18
64 10 32
64 11 2
64 12 34
64 13 12
64 14 33
64 15 3
64 16 16
64 17 26
64 18 18
64 19 32
64 20 24
64 21 9
64 22 7
64 23 29
64 24 1
64 25 26
64 26 29
64 27 7
64 28 34
64 29 31
64 30 20
64 31 15
64 32 2
64 33 29
64 34 24
64 35 4
64 36 29
64 37 31
64 38 21
64 39 21
64 40 27
64 41 28
64 42 16
64 43 20
64 44 31
64 45 33
64 46 18
64 47 12
64 48 28
64 49 9
64 50 30
64 51 16
64 52 2
64 53 14
64 54 3
64 55 28
64 56 8
64 57 26
64 58 15
64 59 31
64 60 17
64 61 32
64 62 15
64 63 19
65 0 17
65 1 33
65 2 13
65 3 29
65 4 4
65 5 18
65 6 32
65 7 5
65 8 22
65 9 26
65 10 25
65 11 16
65 12 13
65 13 19
65 14 31
65 15 28
65 16 15
65 17 6
65 18 30
65 19 26
65 20 10
65 21 33
65 22 17
65 23 27
65 24 34
65 25 9
65 26 29
65 27 2
65 28 34
65 29 26
65 30 15
65 31 19
65 32 32
65 33 33
65 34 17
65 35 27
65 36 19
65 37 19
65 38 27
65 39 23
65 40 9
65 41 30
65 42 9
65 43 34
65 44 10
65 45 16
65 46 28
65 47 26
65 48 30
65 49 31
65 50 26
65 51 10
65 52 5
65 53 32
65 54 17
65 55 30
65 56 21
65 57 31
65 58 5
65 59 15
65 60 30
65 61 33
65 62 21
65 63 4
65 64 31
66 0 8
66 1 2
66 2 12
66 3 7
66 4 13
66 5 3
66 6 17
66 7 4
66 8 3
66 9 17
66 10 31
66 11 19
66 12 10
66 13 1
66 14 11
66 15 15
66 16 2
66 17 7
66 18 33
66 19 1
66 20 29
66 21 7
66 22 20
66 23 15
66 24 12
66 25 6
66 26 9
66 27 30
66 28 33
66 29 30
66 30 29
66 31 7
66 32 33
66 33 12
66 34 18
66 35 5
66 36 15
66 37 15
66 38 15
66 39 1
66 40 1
66 41 19
66 42 19
66 43 34
66 44 1
66 45 1
66 46 23
66 47 32
66 48 24
66 49 33
66 50 14
66 51 31
66 52 30
66 53 8
66 54 34
66 55 15
66 56 12
66 57 8
66 58 18
66 59 30
66 60 4
66 61 26
66 62 18
66 63 12
66 64 12
66 65 15
