64
1 0 24
3 0 27
3 1 2
3 2 10
4 2 11
4 3 14
5 0 27
5 1 14
5 2 19
5 3 15
5 4 14
6 0 24
6 1 15
6 2 21
6 4 26
7 0 23
7 1 28
7 2 23
7 4 7
8 1 25
8 3 25
8 4 11
8 5 11
8 7 29
9 0 23
9 5 8
9 7 2
10 2 20
10 6 25
10 9 4
11 1 13
11 2 21
11 3 2
11 5 13
11 7 30
11 9 16
11 10 14
12 0 14
12 1 24
12 2 2
12 3 10
12 9 21
12 10 8
13 1 11
13 3 24
13 4 16
13 5 25
13 6 4
13 9 14
13 10 8
14 3 27
14 5 1
14 6 18
14 7 2
14 10 9
14 11 15
14 12 17
14 13 23
15 4 27
15 9 2
15 11 30
15 13 22
15 14 9
16 0 19
16 1 9
16 5 16
16 6 5
16 7 1
16 10 15
16 11 17
16 14 2
16 15 24
17 0 18
17 1 21
17 2 28
17 4 26
17 8 24
17 9 6
17 10 3
17 12 8
18 3 24
18 8 13
18 9 3
18 10 11
18 11 3
18 13 17
18 14 27
18 15 16
18 16 23
18 17 1
19 0 27
19 1 22
19 6 4
19 7 20
19 9 30
19 10 26
19 11 26
19 14 23
19 15 9
19 16 29
19 18 29
20 3 22
20 5 10
20 6 25
20 7 2
20 9 7
20 10 17
20 18 5
21 0 27
21 1 24
21 2 11
21 4 23
21 5 26
21 6 10
21 7 12
21 10 4
21 11 21
21 12 5
21 13 5
21 14 3
21 15 5
21 17 21
21 19 20
22 2 17
22 5 16
22 7 17
22 9 14
22 14 20
22 19 29
22 21 9
23 1 4
23 2 27
23 3 13
23 5 25
23 6 4
23 7 6
23 9 30
23 12 24
23 17 28
23 21 2
23 22 24
24 0 15
24 1 20
24 3 3
24 4 24
24 5 6
24 6 20
24 7 26
24 8 23
24 14 21
24 17 24
24 18 13
24 20 13
24 22 15
25 5 23
25 8 19
25 9 19
25 11 12
25 12 23
25 14 17
25 21 28
26 2 12
26 4 11
26 5 6
26 9 8
26 12 13
26 14 14
26 15 15
26 16 9
26 17 29
26 18 18
26 23 19
26 25 30
27 1 26
27 2 29
27 6 15
27 9 27
27 10 17
27 11 29
27 12 2
27 13 7
27 19 18
27 21 12
27 22 13
27 24 13
27 25 24
28 0 16
28 1 30
28 2 6
28 3 19
28 7 24
28 11 18
28 12 20
28 16 5
28 20 14
28 22 25
28 24 22
28 25 11
29 0 26
29 1 30
29 3 4
29 4 8
29 7 9
29 10 1
29 11 21
29 13 19
29 17 18
29 20 10
29 21 28
29 23 29
29 24 15
29 26 18
30 1 6
30 2 19
30 4 12
30 6 24
30 11 26
30 13 10
30 17 22
30 20 7
30 21 19
30 22 5
30 24 21
30 25 7
30 26 7
30 27 20
30 28 21
31 0 3
31 1 24
31 2 29
31 6 23
31 7 13
31 12 16
31 14 11
31 15 23
31 16 10
31 17 1
31 18 11
31 20 29
31 21 27
31 22 7
31 23 26
31 25 1
31 28 2
31 29 23
32 2 28
32 3 2
32 4 5
32 6 22
32 7 19
32 8 19
32 9 23
32 10 18
32 11 22
32 12 4
32 15 18
32 17 23
32 19 10
32 20 4
32 21 19
32 23 1
32 25 15
32 29 16
33 1 7
33 2 3
33 3 30
33 4 23
33 5 7
33 7 28
33 9 7
33 10 30
33 15 26
33 18 17
33 23 27
33 24 9
33 25 2
33 26 17
33 28 25
33 29 22
33 30 26
33 32 16
34 0 15
34 1 19
34 3 9
34 5 5
34 7 5
34 8 24
34 14 11
34 17 24
34 18 14
34 19 8
34 21 14
34 23 12
34 24 4
34 25 4
34 26 28
34 30 11
34 33 1
35 0 27
35 2 1
35 3 9
35 4 18
35 9 17
35 10 30
35 11 23
35 12 9
35 18 6
35 19 22
35 23 4
35 24 24
35 33 2
36 1 4
36 3 23
36 4 8
36 9 30
36 10 23
36 13 10
36 14 13
36 16 10
36 19 29
36 20 4
36 21 1
36 22 24
36 23 29
36 25 24
36 26 29
36 28 30
36 29 5
36 30 12
36 33 14
37 1 14
37 3 1
37 5 16
37 8 19
37 12 30
37 14 17
37 16 16
37 17 19
37 18 26
37 20 7
37 24 18
37 25 20
37 29 23
37 30 8
37 31 13
37 33 23
37 35 29
38 0 26
38 3 25
38 4 14
38 6 5
38 7 18
38 12 12
38 13 4
38 15 14
38 16 5
38 18 1
38 19 29
38 20 4
38 21 21
38 23 14
38 27 21
38 28 2
38 29 27
38 30 3
38 33 24
38 35 28
39 3 14
39 5 27
39 6 24
39 7 27
39 11 25
39 12 7
39 14 28
39 15 30
39 16 7
39 17 16
39 18 16
39 21 12
39 25 25
39 27 4
39 28 14
39 31 4
39 32 11
39 33 1
39 34 17
39 35 3
39 36 22
39 37 7
39 38 27
40 3 17
40 4 18
40 5 7
40 6 3
40 9 21
40 10 12
40 12 16
40 13 22
40 16 19
40 18 5
40 20 16
40 23 28
40 24 24
40 25 11
40 26 12
40 27 15
40 28 29
40 31 30
41 3 23
41 5 8
41 7 20
41 8 20
41 12 18
41 14 20
41 15 29
41 16 10
41 18 16
41 20 2
41 25 15
41 26 17
41 27 24
41 28 2
41 29 6
41 31 8
41 32 24
41 34 9
41 36 8
41 40 30
42 0 13
42 1 17
42 2 8
42 5 20
42 8 26
42 17 22
42 18 28
42 19 29
42 20 17
42 22 18
42 24 2
42 31 9
42 32 12
42 33 9
42 35 1
42 36 24
42 38 19
43 0 11
43 4 13
43 5 10
43 10 5
43 11 1
43 13 9
43 14 14
43 16 2
43 20 9
43 26 19
43 27 10
43 28 13
43 29 11
43 31 12
43 34 22
43 36 25
43 37 7
43 38 2
43 42 17
44 2 5
44 3 1
44 4 6
44 8 7
44 10 19
44 12 17
44 13 5
44 14 12
44 16 14
44 18 2
44 21 12
44 23 8
44 24 18
44 26 3
44 29 11
44 31 16
44 34 25
45 0 17
45 1 19
45 4 8
45 5 17
45 7 25
45 9 27
45 10 27
45 12 14
45 13 19
45 14 26
45 15 30
45 16 15
45 19 27
45 20 6
45 24 12
45 25 29
45 26 16
45 27 25
45 28 9
45 29 2
45 35 19
45 37 2
45 39 10
45 41 17
45 42 21
45 44 19
46 0 4
46 2 12
46 3 19
46 4 9
46 5 20
46 6 5
46 8 5
46 9 25
46 10 23
46 11 20
46 12 19
46 13 23
46 14 17
46 19 12
46 20 7
46 21 22
46 22 8
46 25 22
46 26 3
46 28 27
46 30 22
46 31 4
46 32 14
46 33 11
46 35 26
46 37 30
46 39 6
46 42 24
46 43 5
46 44 2
46 45 29
47 0 5
47 1 29
47 2 1
47 3 20
47 5 9
47 6 5
47 10 24
47 11 7
47 12 20
47 15 17
47 16 21
47 18 20
47 19 11
47 20 3
47 21 8
47 26 20
47 29 25
47 32 20
47 33 4
47 34 15
47 36 2
47 38 16
47 39 23
47 42 15
47 43 7
47 44 23
47 45 10
47 46 18
48 4 21
48 6 16
48 7 7
48 8 27
48 9 1
48 11 16
48 12 9
48 13 11
48 18 13
48 20 10
48 22 11
48 28 24
48 30 1
48 32 28
48 33 8
48 39 15
48 40 7
48 45 25
48 46 13
49 4 26
49 5 11
49 6 24
49 9 7
49 15 19
49 18 8
49 19 27
49 20 6
49 22 17
49 26 22
49 29 5
49 30 13
49 31 19
49 32 15
49 34 11
49 38 14
49 39 13
49 43 20
49 46 2
50 5 18
50 6 24
50 7 10
50 10 17
50 11 14
50 17 18
50 20 8
50 22 18
50 23 2
50 26 22
50 28 23
50 29 6
50 30 1
50 31 14
50 36 5
50 39 29
50 40 13
50 42 13
50 44 17
50 45 7
50 46 20
50 48 28
51 0 2
51 3 29
51 5 23
51 6 22
51 11 15
51 12 7
51 18 21
51 19 17
51 20 14
51 21 29
51 22 25
51 24 28
51 35 4
51 36 4
51 37 21
51 40 6
51 41 10
51 43 7
51 46 2
51 49 6
51 50 4
52 0 26
52 1 24
52 3 15
52 6 29
52 11 29
52 12 3
52 14 15
52 15 19
52 16 11
52 17 6
52 20 23
52 21 13
52 22 21
52 24 1
52 26 16
52 28 19
52 29 6
52 30 13
52 32 2
52 36 23
52 38 19
52 41 17
52 43 4
52 45 4
52 46 11
52 47 2
52 51 1
53 1 11
53 3 20
53 4 19
53 5 27
53 6 8
53 7 14
53 8 17
53 9 26
53 12 26
53 13 7
53 18 8
53 19 30
53 20 10
53 21 28
53 22 14
53 23 21
53 25 17
53 27 29
53 29 17
53 31 3
53 33 26
53 34 18
53 35 6
53 38 14
53 40 15
53 41 8
53 42 19
53 43 29
53 45 14
53 46 4
53 47 12
53 49 1
53 50 9
53 52 14
54 0 29
54 2 1
54 3 1
54 5 29
54 7 6
54 8 23
54 9 15
54 10 15
54 11 9
54 12 15
54 13 20
54 14 22
54 16 28
54 17 21
54 19 23
54 21 25
54 28 11
54 29 14
54 30 6
54 31 13
54 32 14
54 33 7
54 34 4
54 36 23
54 37 4
54 38 1
54 39 28
54 40 14
54 44 12
54 45 10
54 47 24
54 48 2
54 49 11
54 50 7
54 53 18
55 1 3
55 2 27
55 3 23
55 4 1
55 5 5
55 9 22
55 12 22
55 13 5
55 14 15
55 15 1
55 16 20
55 20 27
55 22 13
55 23 26
55 25 23
55 26 19
55 27 15
55 30 25
55 33 6
55 36 16
55 37 13
55 38 12
55 41 13
55 42 25
55 43 4
55 44 11
55 45 28
55 46 11
55 49 6
55 50 28
55 51 19
55 52 6
55 53 8
56 0 29
56 2 30
56 5 2
56 6 23
56 8 28
56 10 28
56 12 27
56 16 11
56 20 5
56 22 9
56 26 26
56 27 18
56 28 21
56 29 20
56 30 17
56 33 21
56 37 22
56 43 23
56 44 14
56 45 17
56 47 6
56 48 28
56 53 23
56 55 23
57 1 10
57 2 14
57 4 29
57 8 23
57 12 2
57 13 30
57 15 14
57 16 12
57 19 15
57 22 27
57 26 1
57 27 9
57 29 12
57 30 13
57 31 15
57 32 14
57 33 6
57 38 25
57 44 16
57 45 28
57 49 15
57 50 4
57 51 18
57 52 18
57 53 24
57 54 21
57 55 16
57 56 22
58 2 21
58 3 19
58 4 21
58 9 23
58 10 26
58 15 4
58 18 4
58 20 3
58 22 25
58 24 25
58 26 21
58 27 12
58 29 2
58 31 5
58 33 1
58 37 16
58 38 5
58 41 11
58 42 25
58 43 9
58 44 14
58 48 10
58 50 7
58 51 9
58 57 19
59 1 4
59 2 6
59 4 5
59 6 3
59 7 19
59 8 3
59 9 1
59 10 6
59 14 29
59 15 21
59 16 22
59 18 8
59 20 30
59 21 1
59 24 23
59 26 8
59 27 11
59 28 15
59 30 18
59 31 25
59 37 6
59 39 19
59 40 24
59 41 6
59 42 20
59 46 21
59 47 16
59 49 25
59 51 5
59 53 15
59 57 3
60 2 7
60 3 14
60 4 14
60 5 11
60 7 22
60 11 29
60 12 23
60 13 11
60 14 2
60 15 11
60 17 27
60 22 17
60 23 4
60 26 22
60 31 3
60 32 1
60 33 15
60 34 11
60 38 13
60 40 16
60 45 5
60 54 12
60 55 5
61 0 14
61 1 7
61 2 10
61 3 22
61 4 9
61 8 23
61 10 5
61 13 24
61 14 5
61 15 12
61 18 9
61 20 7
61 23 1
61 28 11
61 29 5
61 32 14
61 33 23
61 34 20
61 35 9
61 38 6
61 39 21
61 40 30
61 43 6
61 45 19
61 46 4
61 47 16
61 53 15
61 55 6
61 56 14
61 57 26
61 58 12
61 59 20
62 0 7
62 1 26
62 2 13
62 4 6
62 5 26
62 6 6
62 7 1
62 9 25
62 10 8
62 11 11
62 12 1
62 13 29
62 17 29
62 18 8
62 21 9
62 28 21
62 29 19
62 30 28
62 34 24
62 35 13
62 37 21
62 38 11
62 40 19
62 43 9
62 45 9
62 46 19
62 47 1
62 48 10
62 49 6
62 52 6
62 53 12
62 54 18
62 55 2
62 56 28
62 58 23
62 60 19
63 3 15
63 5 8
63 7 20
63 8 5
63 9 21
63 11 23
63 12 16
63 15 2
63 20 17
63 22 18
63 29 7
63 33 18
63 36 27
63 38 7
63 39 27
63 40 3
63 42 29
63 45 25
63 46 6
63 47 16
63 50 20
63 52 1
63 53 19
63 55 23
63 56 13
63 57 14
63 59 20
63 60 1
