21
2 0 2
2 1 51
3 0 38
3 1 24
3 2 9
4 1 2
4 2 14
5 0 5
5 1 3
5 3 19
6 0 18
6 3 10
6 5 19
7 0 1
7 1 34
7 3 16
7 4 43
7 6 11
8 0 32
8 1 34
8 2 38
8 3 11
8 4 7
9 1 23
9 2 38
9 3 51
9 5 36
9 6 4
10 0 42
10 3 28
10 5 38
10 6 48
10 8 51
11 1 12
11 4 44
11 5 50
11 6 27
11 7 25
11 8 52
11 9 30
12 0 49
12 1 30
12 3 51
12 5 15
12 6 19
12 9 25
13 0 36
13 1 1
13 3 32
13 6 30
13 7 6
13 8 7
13 9 2
13 11 4
14 1 14
14 2 38
14 3 14
14 4 26
14 5 22
14 12 48
15 0 19
15 3 32
15 5 10
15 6 41
15 11 40
15 12 37
15 14 32
16 0 21
16 5 39
16 6 32
16 7 39
16 8 39
16 9 4
16 10 33
16 12 6
16 13 24
16 14 7
17 0 21
17 2 24
17 4 15
17 6 48
17 10 3
17 11 7
17 12 8
17 13 42
17 14 36
17 16 42
18 1 2
18 3 37
18 5 21
18 6 47
18 7 32
18 9 27
18 12 25
18 14 32
18 15 36
18 16 6
18 17 13
19 0 6
19 2 20
19 6 9
19 7 48
19 8 31
19 12 5
19 13 7
19 15 13
19 16 33
19 17 30
19 18 14
20 0 46
20 3 21
20 4 2
20 5 52
20 6 26
20 12 39
20 13 3
20 14 6
20 15 39
20 17 10
20 18 1
20 19 48
