27
1 0 10
3 0 31
4 0 38
4 2 28
5 0 20
6 0 41
6 1 5
6 2 28
6 5 10
7 6 8
8 0 1
8 1 11
8 2 5
8 7 46
9 0 35
9 2 18
9 3 28
9 5 5
10 0 8
10 2 9
10 3 1
10 4 18
10 6 14
11 2 12
11 4 14
11 6 15
11 7 12
12 1 37
12 6 33
12 8 13
12 10 41
12 11 31
13 2 34
13 5 6
13 6 21
13 7 33
13 8 42
13 9 39
14 3 37
14 4 25
14 5 23
14 8 11
14 9 28
14 12 48
14 13 32
15 0 32
15 1 26
15 2 8
15 5 20
15 6 14
15 7 22
15 8 18
15 9 15
15 10 48
15 14 26
16 0 27
16 1 11
16 4 18
16 6 44
16 8 46
16 10 28
17 5 47
17 6 35
17 7 34
17 10 18
17 12 23
17 14 16
17 15 19
18 3 47
18 9 26
18 13 38
18 14 47
18 15 13
18 16 13
18 17 36
19 1 18
19 6 1
19 7 21
19 9 4
19 11 18
19 12 14
19 13 47
19 15 28
19 16 31
19 18 12
20 0 25
20 3 24
20 4 21
20 5 17
20 9 8
20 11 29
20 12 7
20 13 27
20 14 42
20 16 31
20 17 22
21 0 24
21 2 42
21 4 17
21 6 20
21 8 45
21 9 6
21 10 5
21 13 8
21 14 39
21 15 3
21 17 45
21 20 34
22 4 18
22 6 3
22 9 22
22 11 31
22 12 3
22 17 40
22 19 24
22 21 22
23 0 34
23 1 7
23 3 4
23 8 47
23 9 46
23 10 32
23 11 47
23 14 1
23 22 19
24 0 42
24 2 45
24 3 41
24 7 19
24 8 39
24 9 32
24 10 48
24 12 29
24 13 12
24 17 40
25 1 17
25 5 15
25 6 35
25 7 45
25 11 14
25 12 38
25 14 12
25 16 28
25 17 14
25 19 3
25 21 34
26 0 34
26 1 48
26 2 11
26 4 36
26 6 36
26 8 37
26 9 31
26 10 27
26 12 20
26 13 15
26 14 49
26 15 16
26 17 6
26 19 46
26 22 5
26 23 32
26 24 47
