47
2 0 1
3 0 8
3 2 7
4 2 12
4 3 9
5 1 5
5 2 1
5 4 8
6 0 11
6 1 9
6 2 9
6 3 3
6 4 2
7 0 3
7 1 4
7 5 12
8 3 11
8 5 5
8 7 5
9 2 11
9 6 11
9 7 6
10 3 13
10 4 9
10 5 11
10 6 5
10 9 7
11 0 10
11 1 11
11 2 6
11 3 9
11 5 12
11 6 11
11 8 8
12 0 7
12 1 8
12 2 10
12 4 13
12 5 4
12 6 13
12 7 10
12 8 1
12 9 2
12 11 12
13 0 13
13 2 12
13 4 9
13 5 4
13 7 1
13 8 1
13 9 9
13 11 12
14 2 3
14 4 2
14 5 7
14 6 4
14 9 4
14 10 4
14 12 1
14 13 9
15 1 8
15 2 6
15 3 9
15 4 13
15 5 11
15 7 13
15 8 4
15 10 5
15 11 8
15 14 13
16 4 6
16 5 9
16 10 5
16 11 1
16 13 9
16 15 9
17 0 8
17 6 4
17 7 10
17 8 10
17 9 3
17 11 7
17 12 8
17 14 10
17 16 2
18 0 2
18 4 3
18 5 6
18 6 6
18 12 7
18 13 6
18 14 3
18 15 12
19 2 8
19 9 5
19 10 12
19 11 2
19 12 6
19 13 7
19 14 13
19 16 2
19 17 5
19 18 2
20 0 5
20 1 5
20 3 7
20 4 10
20 5 12
20 7 2
20 8 10
20 10 9
20 12 4
20 16 13
20 19 4
21 1 10
21 2 12
21 7 4
21 10 12
21 16 1
21 17 2
21 19 6
22 1 3
22 3 11
22 8 3
22 9 6
22 11 10
22 12 7
22 13 13
22 16 6
22 17 11
22 19 8
22 21 1
23 1 2
23 2 13
23 4 6
23 7 2
23 8 13
23 9 3
23 10 13
23 12 7
23 15 7
23 19 7
23 20 2
23 22 13
24 0 9
24 3 2
24 5 4
24 7 1
24 8 11
24 9 11
24 12 9
24 16 9
24 17 5
24 20 4
24 21 1
24 23 10
25 0 4
25 2 1
25 3 3
25 4 13
25 7 13
25 8 4
25 10 9
25 11 13
25 13 7
25 14 9
25 17 7
25 19 3
25 21 6
25 22 7
26 8 7
26 10 12
26 11 3
26 13 6
26 16 12
26 18 10
26 20 12
26 21 6
26 25 7
27 1 8
27 7 5
27 9 7
27 10 3
27 12 9
27 13 3
27 16 13
27 17 7
27 19 3
27 22 13
27 25 1
27 26 8
28 0 11
28 2 9
28 3 9
28 4 5
28 7 1
28 8 4
28 9 10
28 10 2
28 13 11
28 15 1
28 22 12
28 24 7
28 25 12
28 27 10
29 0 2
29 1 3
29 5 11
29 6 4
29 8 5
29 11 5
29 14 10
29 15 1
29 18 9
29 20 9
29 21 3
29 22 13
29 23 13
29 26 7
30 0 10
30 4 13
30 10 10
30 14 13
30 15 1
30 17 8
30 18 12
30 19 5
30 20 10
30 21 4
30 25 8
30 26 1
30 27 2
30 28 1
30 29 10
31 0 13
31 1 6
31 2 3
31 3 12
31 5 13
31 6 2
31 11 9
31 12 10
31 13 9
31 15 8
31 16 11
31 17 1
31 19 10
31 20 4
31 22 4
31 23 9
31 24 11
31 26 10
31 27 7
31 29 2
32 5 4
32 7 4
32 8 5
32 9 6
32 10 11
32 11 9
32 13 8
32 14 6
32 20 2
32 21 10
32 22 9
32 23 4
32 24 1
32 30 9
32 31 2
33 2 1
33 4 7
33 6 11
33 10 12
33 11 1
33 13 8
33 17 13
33 19 4
33 20 1
33 21 8
33 24 4
33 25 6
33 26 7
33 29 9
33 30 1
33 31 11
34 0 8
34 3 8
34 4 5
34 5 13
34 7 5
34 8 2
34 10 1
34 14 4
34 15 11
34 17 4
34 20 5
34 25 7
34 27 2
34 28 13
35 1 3
35 3 3
35 6 11
35 7 8
35 8 3
35 9 10
35 10 8
35 11 2
35 12 7
35 13 8
35 15 2
35 17 10
35 19 12
35 21 4
35 23 1
35 24 3
35 25 1
35 28 11
35 32 11
35 34 8
36 2 2
36 3 2
36 5 4
36 6 12
36 14 9
36 17 7
36 18 12
36 20 11
36 21 8
36 27 4
36 28 9
36 31 9
37 0 10
37 2 7
37 8 7
37 10 11
37 15 3
37 18 9
37 19 3
37 20 10
37 21 1
37 22 9
37 23 2
37 24 6
37 26 4
37 27 10
37 28 9
37 30 13
37 34 13
37 35 10
38 1 6
38 2 3
38 7 7
38 9 8
38 10 12
38 12 9
38 13 12
38 14 3
38 17 7
38 19 7
38 20 7
38 21 13
38 24 6
38 25 11
38 27 6
38 28 11
38 31 5
38 32 7
38 34 8
39 2 12
39 3 13
39 4 11
39 9 4
39 11 9
39 12 3
39 13 8
39 14 1
39 15 4
39 17 1
39 20 6
39 21 9
39 22 10
39 23 2
39 26 8
39 29 4
39 30 4
39 31 10
39 33 13
39 34 9
39 37 7
40 0 8
40 2 13
40 3 3
40 4 5
40 5 8
40 7 7
40 8 3
40 10 13
40 11 11
40 12 11
40 13 7
40 16 13
40 18 9
40 19 6
40 20 2
40 21 12
40 24 10
40 25 5
40 27 4
40 31 8
40 32 12
40 33 4
40 34 11
41 1 8
41 3 10
41 5 9
41 6 11
41 7 6
41 8 12
41 11 10
41 12 12
41 13 12
41 15 13
41 16 7
41 19 7
41 20 5
41 22 6
41 26 3
41 28 11
41 32 10
41 36 11
41 38 12
41 39 9
41 40 6
42 0 7
42 2 7
42 4 5
42 6 8
42 14 4
42 16 3
42 20 5
42 25 3
42 26 3
42 27 13
42 30 4
42 31 6
42 32 10
42 35 6
42 37 1
43 2 12
43 4 10
43 5 10
43 6 6
43 11 13
43 13 1
43 15 5
43 16 1
43 18 5
43 19 10
43 21 10
43 22 7
43 23 4
43 24 8
43 25 10
43 26 9
43 27 7
43 29 12
43 30 5
43 31 7
43 32 13
43 34 12
43 36 9
43 41 6
43 42 13
44 0 3
44 2 6
44 4 7
44 8 9
44 9 10
44 13 1
44 15 11
44 17 12
44 19 7
44 20 12
44 21 11
44 22 7
44 24 10
44 30 3
44 32 10
44 33 13
44 36 1
44 37 2
44 40 7
44 42 1
45 6 11
45 8 13
45 11 9
45 13 2
45 14 7
45 15 1
45 16 13
45 17 10
45 18 12
45 22 9
45 24 8
45 28 12
45 30 2
45 31 6
45 32 3
45 36 13
45 38 3
45 42 13
46 0 6
46 1 2
46 2 3
46 4 4
46 6 13
46 8 7
46 9 6
46 11 9
46 12 12
46 15 4
46 18 13
46 19 6
46 28 2
46 29 2
46 33 7
46 36 9
46 37 7
46 38 4
46 39 13
46 40 4
46 42 2
