42
1 0 53
2 0 5
2 1 19
3 0 4
3 1 40
3 2 65
4 0 67
4 1 4
4 2 49
4 3 5
5 0 12
5 1 55
5 2 58
5 3 26
5 4 53
6 0 35
6 1 29
6 2 3
6 3 61
6 4 25
6 5 23
7 0 51
7 1 59
7 2 16
7 3 38
7 4 36
7 5 4
7 6 20
8 0 31
8 1 15
8 2 58
8 3 41
8 4 8
8 5 44
8 6 40
8 7 39
9 0 55
9 1 58
9 2 14
9 3 41
9 4 26
9 5 35
9 6 22
9 7 37
9 8 24
10 0 29
10 1 47
10 2 51
10 3 54
10 4 66
10 5 9
10 6 42
10 7 39
10 8 44
10 9 55
11 0 20
11 1 16
11 2 6
11 3 6
11 4 33
11 5 41
11 6 29
11 7 31
11 8 1
11 9 21
11 10 50
12 0 20
12 1 12
12 2 20
12 3 50
12 4 28
12 5 14
12 6 12
12 7 23
12 8 48
12 9 35
12 10 16
12 11 31
13 0 16
13 1 17
13 2 9
13 3 29
13 4 45
13 5 35
13 6 52
13 7 42
13 8 62
13 9 23
13 10 57
13 11 21
13 12 24
14 0 7
14 1 64
14 2 61
14 3 61
14 4 63
14 5 30
14 6 59
14 7 64
14 8 49
14 9 26
14 10 27
14 11 63
14 12 15
14 13 5
15 0 6
15 1 57
15 2 35
15 3 10
15 4 41
15 5 16
15 6 20
15 7 29
15 8 66
15 9 25
15 10 5
15 11 41
15 12 57
15 13 35
15 14 37
16 0 51
16 1 10
16 2 48
16 3 62
16 4 9
16 5 44
16 6 22
16 7 39
16 8 52
16 9 48
16 10 23
16 11 45
16 12 62
16 13 54
16 14 13
16 15 20
17 0 7
17 1 66
17 2 35
17 3 41
17 4 40
17 5 17
17 6 13
17 7 48
17 8 38
17 9 24
17 10 32
17 11 23
17 12 63
17 13 44
17 14 16
17 15 55
17 16 1
18 0 2
18 1 33
18 2 36
18 3 24
18 4 61
18 5 49
18 6 7
18 7 12
18 8 66
18 9 51
18 10 57
18 11 44
18 12 12
18 13 9
18 14 22
18 15 51
18 16 49
18 17 16
19 0 5
19 1 22
19 2 62
19 3 51
19 4 50
19 5 48
19 6 18
19 7 2
19 8 16
19 9 14
19 10 37
19 11 28
19 12 45
19 13 59
19 14 62
19 15 63
19 16 7
19 17 51
19 18 65
20 0 32
20 1 37
20 2 33
20 3 26
20 4 39
20 5 35
20 6 41
20 7 50
20 8 42
20 9 16
20 10 25
20 11 34
20 12 39
20 13 16
20 14 49
20 15 12
20 16 5
20 17 63
20 18 54
20 19 24
21 0 18
21 1 37
21 2 61
21 3 1
21 4 38
21 5 14
21 6 8
21 7 14
21 8 40
21 9 25
21 10 57
21 11 10
21 12 43
21 13 47
21 14 1
21 15 32
21 16 36
21 17 13
21 18 37
21 19 51
21 20 57
22 0 67
22 1 35
22 2 54
22 3 43
22 4 30
22 5 18
22 6 37
22 7 17
22 8 6
22 9 55
22 10 6
22 11 2
22 12 49
22 13 62
22 14 34
22 15 45
22 16 66
22 17 32
22 18 32
22 19 47
22 20 33
22 21 60
23 0 44
23 1 28
23 2 6
23 3 54
23 4 39
23 5 12
23 6 35
23 7 21
23 8 22
23 9 51
23 10 32
23 11 33
23 12 27
23 13 27
23 14 62
23 15 59
23 16 29
23 17 47
23 18 7
23 19 18
23 20 42
23 21 12
23 22 60
24 0 63
24 1 20
24 2 46
24 3 62
24 4 6
24 5 42
24 6 41
24 7 67
24 8 22
24 9 37
24 10 38
24 11 52
24 12 13
24 13 47
24 14 17
24 15 19
24 16 21
24 17 25
24 18 27
24 19 25
24 20 39
24 21 13
24 22 15
24 23 48
25 0 22
25 1 65
25 2 40
25 3 66
25 4 41
25 5 53
25 6 66
25 7 45
25 8 59
25 9 28
25 10 61
25 11 13
25 12 57
25 13 38
25 14 15
25 15 46
25 16 11
25 17 38
25 18 52
25 19 23
25 20 7
25 21 29
25 22 10
25 23 14
25 24 57
26 0 34
26 1 27
26 2 5
26 3 42
26 4 11
26 5 7
26 6 39
26 7 49
26 8 2
26 9 17
26 10 43
26 11 41
26 12 62
26 13 37
26 14 9
26 15 21
26 16 36
26 17 26
26 18 12
26 19 56
26 20 20
26 21 22
26 22 34
26 23 26
26 24 7
26 25 6
27 0 53
27 1 33
27 2 57
27 3 20
27 4 62
27 5 39
27 6 64
27 7 22
27 8 44
27 9 22
27 10 17
27 11 16
27 12 59
27 13 56
27 14 67
27 15 36
27 16 57
27 17 53
27 18 55
27 19 14
27 20 47
27 21 56
27 22 60
27 23 20
27 24 21
27 25 48
27 26 47
28 0 5
28 1 31
28 2 26
28 3 6
28 4 20
28 5 28
28 6 53
28 7 30
28 8 36
28 9 58
28 10 60
28 11 29
28 12 7
28 13 45
28 14 43
28 15 19
28 16 22
28 17 36
28 18 33
28 19 53
28 20 19
28 21 11
28 22 54
28 23 42
28 24 61
28 25 3
28 26 31
28 27 12
29 0 29
29 1 3
29 2 9
29 3 33
29 4 22
29 5 37
29 6 24
29 7 58
29 8 26
29 9 48
29 10 16
29 11 1
29 12 37
29 13 12
29 14 22
29 15 6
29 16 29
29 17 9
29 18 19
29 19 56
29 20 1
29 21 57
29 22 4
29 23 48
29 24 47
29 25 52
29 26 57
29 27 51
29 28 45
30 0 67
30 1 6
30 2 32
30 3 33
30 4 47
30 5 11
30 6 9
30 7 7
30 8 46
30 9 45
30 10 11
30 11 59
30 12 24
30 13 23
30 14 36
30 15 18
30 16 41
30 17 64
30 18 26
30 19 12
30 20 30
30 21 2
30 22 14
30 23 21
30 24 34
30 25 54
30 26 23
30 27 51
30 28 32
30 29 6
31 0 51
31 1 64
31 2 30
31 3 58
31 4 8
31 5 40
31 6 27
31 7 45
31 8 47
31 9 66
31 10 34
31 11 22
31 12 62
31 13 19
31 14 65
31 15 18
31 16 8
31 17 19
31 18 27
31 19 57
31 20 2
31 21 54
31 22 15
31 23 12
31 24 18
31 25 64
31 26 27
31 27 20
31 28 34
31 29 41
31 30 37
32 0 3
32 1 19
32 2 5
32 3 16
32 4 41
32 5 42
32 6 43
32 7 1
32 8 50
32 9 57
32 10 34
32 11 27
32 12 21
32 13 20
32 14 34
32 15 12
32 16 16
32 17 62
32 18 16
32 19 17
32 20 27
32 21 57
32 22 48
32 23 16
32 24 63
32 25 26
32 26 57
32 27 40
32 28 56
32 29 7
32 30 67
32 31 44
33 0 67
33 1 63
33 2 41
33 3 10
33 4 11
33 5 43
33 6 46
33 7 66
33 8 5
33 9 44
33 10 37
33 11 24
33 12 3
33 13 30
33 14 16
33 15 28
33 16 64
33 17 66
33 18 16
33 19 13
33 20 55
33 21 50
33 22 50
33 23 24
33 24 58
33 25 25
33 26 33
33 27 14
33 28 54
33 29 4
33 30 44
33 31 48
33 32 29
34 0 14
34 1 53
34 2 44
34 3 60
34 4 51
34 5 28
34 6 20
34 7 25
34 8 39
34 9 53
34 10 56
34 11 54
34 12 36
34 13 24
34 14 59
34 15 1
34 16 15
34 17 19
34 18 30
34 19 30
34 20 34
34 21 35
34 22 28
34 23 14
34 24 20
34 25 21
34 26 21
34 27 11
34 28 18
34 29 48
34 30 61
34 31 24
34 32 26
34 33 64
35 0 67
35 1 3
35 2 34
35 3 33
35 4 23
35 5 56
35 6 23
35 7 4
35 8 49
35 9 4
35 10 41
35 11 22
35 12 26
35 13 17
35 14 19
35 15 41
35 16 29
35 17 16
35 18 56
35 19 57
35 20 8
35 21 25
35 22 32
35 23 10
35 24 58
35 25 52
35 26 26
35 27 8
35 28 32
35 29 56
35 30 30
35 31 60
35 32 64
35 33 8
35 34 13
36 0 66
36 1 59
36 2 28
36 3 54
36 4 53
36 5 19
36 6 61
36 7 33
36 8 45
36 9 24
36 10 15
36 11 28
36 12 11
36 13 38
36 14 10
36 15 12
36 16 11
36 17 63
36 18 20
36 19 23
36 20 42
36 21 39
36 22 58
36 23 59
36 24 67
36 25 48
36 26 18
36 27 64
36 28 20
36 29 58
36 30 21
36 31 58
36 32 54
36 33 59
36 34 27
36 35 64
37 0 24
37 1 62
37 2 37
37 3 47
37 4 19
37 5 44
37 6 40
37 7 35
37 8 67
37 9 18
37 10 32
37 11 41
37 12 62
37 13 6
37 14 60
37 15 25
37 16 36
37 17 57
37 18 28
37 19 53
37 20 8
37 21 52
37 22 60
37 23 1
37 24 10
37 25 27
37 26 65
37 27 11
37 28 2
37 29 31
37 30 43
37 31 48
37 32 41
37 33 16
37 34 40
37 35 22
37 36 59
38 0 35
38 1 33
38 2 57
38 3 42
38 4 52
38 5 27
38 6 58
38 7 67
38 8 24
38 9 25
38 10 65
38 11 20
38 12 44
38 13 35
38 14 51
38 15 20
38 16 47
38 17 8
38 18 8
38 19 9
38 20 42
38 21 59
38 22 20
38 23 28
38 24 55
38 25 7
38 26 63
38 27 9
38 28 57
38 29 35
38 30 67
38 31 28
38 32 31
38 33 65
38 34 7
38 35 32
38 36 9
38 37 17
39 0 4
39 1 6
39 2 2
39 3 52
39 4 25
39 5 20
39 6 34
39 7 59
39 8 57
39 9 49
39 10 16
39 11 67
39 12 5
39 13 1
39 14 52
39 15 53
39 16 57
39 17 49
39 18 4
39 19 13
39 20 18
39 21 49
39 22 22
39 23 4
39 24 49
39 25 33
39 26 14
39 27 29
39 28 14
39 29 20
39 30 1
39 31 66
39 32 51
39 33 7
39 34 54
39 35 16
39 36 39
39 37 26
39 38 18
40 0 10
40 1 35
40 2 31
40 3 52
40 4 39
40 5 62
40 6 7
40 7 14
40 8 49
40 9 55
40 10 11
40 11 14
40 12 14
40 13 1
40 14 57
40 15 6
40 16 42
40 17 57
40 18 49
40 19 35
40 20 63
40 21 20
40 22 37
40 23 48
40 24 41
40 25 55
40 26 43
40 27 48
40 28 35
40 29 16
40 30 11
40 31 8
40 32 22
40 33 32
40 34 55
40 35 15
40 36 24
40 37 58
40 38 42
40 39 23
41 0 34
41 1 25
41 2 52
41 3 1
41 4 45
41 5 10
41 6 62
41 7 21
41 8 47
41 9 64
41 10 13
41 11 15
41 12 48
41 13 39
41 14 54
41 15 65
41 16 34
41 17 17
41 18 22
41 19 67
41 20 24
41 21 38
41 22 35
41 23 32
41 24 16
41 25 41
41 26 50
41 27 66
41 28 43
41 29 6
41 30 7
41 31 34
41 32 66
41 33 59
41 34 57
41 35 63
41 36 58
41 37 7
41 38 56
41 39 57
41 40 18
