52
1 0 20
2 0 12
2 1 3
3 1 1
4 0 5
4 2 22
4 3 17
5 1 16
5 2 11
5 3 6
5 4 17
7 0 21
7 1 12
7 2 8
7 5 6
8 1 5
8 3 21
8 4 17
8 6 15
8 7 8
9 0 15
9 1 1
9 4 12
9 5 18
9 7 16
9 8 12
10 0 2
10 1 19
10 2 7
10 3 16
10 4 11
10 5 8
10 6 12
10 8 13
10 9 7
11 0 22
11 6 17
11 7 16
11 8 19
12 0 8
12 4 6
12 7 7
12 8 20
12 9 13
12 10 5
12 11 6
13 1 4
13 2 4
13 3 14
13 4 11
13 8 6
13 9 18
13 10 21
13 11 1
14 2 13
14 3 9
14 5 14
14 10 16
14 12 21
14 13 19
15 0 6
15 1 8
15 2 15
15 3 21
15 5 22
15 7 4
15 11 14
16 0 3
16 6 12
16 8 5
16 9 8
16 10 2
16 11 6
17 2 22
17 3 21
17 4 19
17 5 13
17 7 21
17 8 17
17 9 2
17 10 13
17 11 15
17 13 15
17 14 13
17 16 8
18 0 9
18 2 13
18 3 20
18 5 6
18 8 8
18 9 13
18 10 18
18 11 16
18 12 4
18 14 7
19 0 15
19 3 5
19 4 9
19 5 11
19 6 4
19 7 19
19 10 14
19 12 22
19 15 20
19 16 18
19 17 8
19 18 16
20 2 4
20 3 2
20 4 9
20 7 13
20 8 18
20 10 12
20 13 6
20 14 13
20 16 6
20 17 4
20 18 9
21 0 8
21 3 5
21 6 10
21 8 2
21 9 18
21 13 22
21 15 2
21 17 20
21 19 14
22 2 13
22 7 5
22 9 11
22 11 11
22 13 10
22 14 13
22 16 12
22 19 6
22 21 11
23 0 11
23 3 18
23 6 21
23 16 11
24 0 11
24 8 6
24 11 1
24 16 6
24 17 12
24 18 6
24 19 6
24 21 8
24 22 19
25 0 9
25 1 7
25 2 20
25 4 22
25 10 17
25 11 12
25 14 6
25 17 6
25 20 19
26 0 17
26 2 5
26 3 11
26 4 5
26 6 20
26 7 11
26 8 11
26 9 16
26 11 20
26 12 3
26 13 1
26 14 16
26 15 14
26 16 21
26 17 2
26 20 7
26 22 8
26 24 17
27 4 5
27 6 7
27 8 3
27 9 18
27 10 15
27 12 20
27 14 9
27 18 2
27 20 16
27 21 6
27 22 5
27 23 5
27 25 4
27 26 6
28 1 17
28 2 21
28 3 13
28 4 8
28 5 10
28 6 9
28 8 22
28 9 19
28 10 3
28 11 16
28 15 14
28 16 17
28 17 15
28 18 1
28 19 13
28 22 14
28 24 1
28 27 7
29 1 13
29 4 18
29 5 2
29 6 8
29 7 1
29 8 2
29 9 20
29 11 8
29 12 3
29 14 13
29 19 1
29 20 15
29 23 1
29 24 6
29 25 5
29 26 13
29 28 22
30 0 7
30 2 13
30 4 1
30 7 5
30 18 19
30 22 4
30 23 22
30 24 15
30 28 10
30 29 3
31 1 5
31 2 17
31 4 12
31 7 2
31 8 14
31 9 17
31 11 22
31 12 21
31 13 1
31 17 2
31 19 20
31 20 20
31 21 8
31 23 4
31 25 18
31 26 4
31 27 9
32 1 20
32 2 10
32 3 5
32 6 3
32 7 18
32 8 5
32 10 10
32 11 22
32 12 16
32 15 2
32 16 9
32 17 17
32 18 2
32 19 17
32 20 7
32 21 3
32 22 12
32 23 8
32 24 1
32 30 19
32 31 12
33 2 18
33 3 13
33 4 4
33 6 11
33 7 4
33 8 14
33 10 16
33 11 20
33 13 5
33 16 4
33 17 1
33 19 16
33 21 21
33 23 5
33 26 6
33 27 14
33 28 11
33 29 3
33 30 3
33 31 4
33 32 2
34 0 19
34 1 5
34 2 11
34 3 20
34 4 6
34 6 4
34 7 8
34 9 16
34 10 10
34 11 17
34 17 15
34 19 22
34 20 18
34 24 20
34 26 17
34 27 19
34 28 4
34 31 14
34 32 13
35 1 9
35 5 11
35 10 2
35 11 18
35 12 10
35 14 11
35 15 1
35 16 20
35 19 4
35 20 10
35 21 17
35 26 8
35 31 9
35 32 11
35 34 10
36 1 8
36 4 14
36 5 21
36 11 4
36 13 18
36 14 22
36 15 13
36 16 1
36 17 4
36 18 3
36 19 6
36 20 22
36 22 3
36 23 10
36 24 5
36 25 4
36 31 7
36 33 19
36 34 16
36 35 3
37 2 22
37 6 5
37 7 17
37 8 3
37 9 10
37 10 19
37 11 1
37 13 17
37 15 14
37 19 5
37 21 1
37 22 18
37 23 13
37 24 11
37 27 9
37 28 6
37 30 18
37 31 13
37 32 19
37 34 11
37 35 20
37 36 5
38 1 9
38 2 19
38 4 14
38 5 6
38 7 19
38 9 21
38 13 20
38 15 18
38 18 12
38 19 21
38 20 8
38 21 9
38 23 12
38 26 18
38 27 6
38 29 5
38 30 12
38 31 7
38 33 19
38 34 4
38 35 5
38 37 5
39 0 4
39 3 15
39 5 2
39 7 22
39 11 18
39 12 10
39 14 21
39 16 10
39 19 19
39 20 9
39 21 2
39 24 20
39 27 13
39 29 1
39 32 19
39 34 1
39 36 9
40 0 7
40 4 22
40 5 11
40 7 3
40 8 1
40 9 21
40 13 20
40 14 21
40 16 12
40 17 22
40 18 1
40 21 13
40 23 15
40 26 21
40 28 20
40 29 14
40 30 19
40 31 5
40 33 8
40 35 10
40 36 2
40 37 15
40 39 4
41 1 12
41 5 16
41 7 2
41 8 3
41 11 1
41 12 14
41 16 6
41 17 11
41 21 2
41 23 5
41 27 1
41 30 5
41 33 6
41 35 18
41 36 14
41 39 12
42 1 11
42 4 3
42 8 12
42 10 8
42 11 4
42 12 16
42 16 4
42 21 8
42 23 19
42 24 10
42 25 6
42 27 22
42 31 4
42 32 21
42 35 2
42 36 15
42 39 19
43 0 3
43 2 13
43 3 19
43 10 20
43 11 21
43 12 10
43 13 5
43 14 9
43 18 12
43 19 16
43 21 17
43 23 4
43 25 8
43 26 21
43 30 2
43 31 16
43 33 21
43 37 16
43 38 4
43 41 13
43 42 4
44 1 12
44 2 4
44 3 10
44 4 13
44 5 12
44 6 16
44 7 19
44 11 10
44 12 20
44 13 18
44 14 5
44 15 21
44 19 10
44 23 22
44 24 11
44 25 20
44 26 19
44 28 3
44 30 2
44 31 22
44 32 7
44 33 18
44 36 3
44 39 14
44 40 18
44 41 1
44 42 14
45 1 15
45 2 6
45 4 8
45 5 13
45 8 9
45 13 9
45 14 18
45 16 7
45 18 16
45 19 4
45 21 4
45 25 1
45 28 7
45 31 12
45 33 19
45 34 2
45 35 21
45 36 16
45 38 1
46 2 13
46 4 7
46 6 5
46 8 21
46 9 8
46 12 20
46 13 21
46 14 6
46 15 17
46 20 3
46 21 17
46 22 3
46 24 11
46 25 15
46 28 11
46 29 22
46 30 16
46 35 15
46 37 8
46 40 8
46 45 12
47 1 5
47 5 8
47 10 8
47 18 18
47 19 14
47 23 17
47 26 22
47 27 5
47 28 20
47 29 4
47 31 7
47 32 3
47 33 11
47 34 1
47 35 3
47 40 19
47 41 13
47 43 1
47 45 14
48 0 1
48 1 4
48 3 3
48 4 5
48 5 20
48 7 2
48 8 14
48 10 20
48 11 18
48 12 18
48 13 1
48 14 8
48 20 20
48 21 16
48 22 11
48 24 3
48 28 10
48 32 21
48 35 20
48 36 22
48 46 1
48 47 7
49 2 18
49 4 16
49 6 18
49 9 4
49 11 15
49 13 21
49 14 8
49 15 18
49 19 1
49 22 22
49 23 11
49 24 22
49 25 9
49 26 3
49 27 20
49 29 21
49 33 8
49 41 10
49 42 6
49 44 5
49 45 1
49 46 5
49 48 11
50 1 16
50 3 3
50 4 19
50 5 15
50 6 10
50 8 3
50 9 18
50 14 4
50 17 8
50 18 17
50 20 18
50 21 20
50 23 20
50 25 13
50 26 2
50 28 16
50 29 12
50 32 21
50 38 22
50 39 2
50 43 7
50 44 8
50 45 2
50 46 2
50 47 3
50 48 14
50 49 5
51 3 19
51 4 3
51 5 20
51 6 11
51 7 10
51 11 10
51 12 4
51 13 1
51 16 18
51 17 22
51 18 1
51 21 17
51 22 5
51 23 16
51 27 7
51 28 5
51 29 13
51 30 1
51 31 17
51 33 13
51 34 22
51 35 12
51 39 11
51 40 22
51 43 10
51 44 11
51 48 20
51 50 18
