59
1 0 36
2 0 27
2 1 13
3 0 43
3 1 36
3 2 40
4 0 1
4 1 10
4 2 23
4 3 42
5 0 16
5 1 39
5 2 26
5 3 6
5 4 23
6 0 19
6 1 10
6 2 1
6 3 13
6 4 41
6 5 19
7 0 15
7 1 1
7 2 7
7 3 7
7 4 13
7 5 14
7 6 25
8 0 14
8 1 22
8 2 23
8 3 7
8 4 34
8 5 42
8 6 35
8 7 16
9 0 29
9 1 13
9 2 20
9 3 14
9 4 8
9 5 45
9 6 23
9 7 10
9 8 5
10 0 44
10 1 2
10 2 18
10 3 40
10 4 26
10 5 20
10 6 28
10 7 43
10 8 4
10 9 13
11 0 22
11 1 8
11 2 12
11 3 20
11 4 22
11 5 9
11 6 27
11 7 40
11 8 42
11 9 11
11 10 32
12 0 24
12 1 5
12 2 8
12 3 13
12 4 23
12 5 38
12 6 4
12 7 19
12 8 11
12 9 41
12 10 25
12 11 45
13 0 44
13 1 17
13 2 29
13 3 47
13 4 22
13 5 29
13 6 10
13 7 41
13 8 14
13 9 22
13 10 11
13 11 19
13 12 21
14 0 6
14 1 34
14 2 33
14 3 7
14 4 5
14 5 3
14 6 17
14 7 1
14 8 16
14 9 30
14 10 46
14 11 40
14 12 19
14 13 37
15 0 11
15 1 13
15 2 19
15 3 39
15 4 4
15 5 40
15 6 1
15 7 21
15 8 45
15 9 20
15 10 28
15 11 38
15 12 27
15 13 47
15 14 24
16 0 16
16 1 8
16 2 46
16 3 5
16 4 30
16 5 4
16 6 42
16 7 40
16 8 12
16 9 39
16 10 4
16 11 28
16 12 11
16 13 30
16 14 19
16 15 1
17 0 35
17 1 25
17 2 22
17 3 35
17 4 2
17 5 23
17 6 41
17 7 33
17 8 27
17 9 32
17 10 10
17 11 22
17 12 6
17 13 20
17 14 43
17 15 2
17 16 17
18 0 19
18 1 14
18 2 6
18 3 36
18 4 22
18 5 26
18 6 31
18 7 15
18 8 43
18 9 46
18 10 25
18 11 10
18 12 6
18 13 6
18 14 23
18 15 13
18 16 45
18 17 38
19 0 37
19 1 12
19 2 7
19 3 28
19 4 46
19 5 34
19 6 36
19 7 33
19 8 44
19 9 35
19 10 29
19 11 14
19 12 7
19 13 5
19 14 36
19 15 23
19 16 29
19 17 44
19 18 31
20 0 26
20 1 4
20 2 8
20 3 46
20 4 21
20 5 16
20 6 42
20 7 27
20 8 16
20 9 2
20 10 32
20 11 17
20 12 29
20 13 40
20 14 28
20 15 16
20 16 2
20 17 10
20 18 3
20 19 23
21 0 36
21 1 4
21 2 11
21 3 38
21 4 9
21 5 3
21 6 17
21 7 15
21 8 12
21 9 10
21 10 5
21 11 5
21 12 13
21 13 7
21 14 10
21 15 21
21 16 34
21 17 17
21 18 31
21 19 38
21 20 24
22 0 38
22 1 11
22 2 11
22 3 17
22 4 14
22 5 15
22 6 11
22 7 35
22 8 5
22 9 11
22 10 23
22 11 11
22 12 39
22 13 15
22 14 29
22 15 17
22 16 33
22 17 42
22 18 7
22 19 7
22 20 14
22 21 15
23 0 15
23 1 8
23 2 1
23 3 16
23 4 13
23 5 26
23 6 23
23 7 3
23 8 42
23 9 21
23 10 16
23 11 9
23 12 11
23 13 41
23 14 43
23 15 38
23 16 18
23 17 37
23 18 5
23 19 17
23 20 10
23 21 2
23 22 25
24 0 41
24 1 11
24 2 17
24 3 8
24 4 22
24 5 33
24 6 25
24 7 25
24 8 38
24 9 23
24 10 35
24 11 21
24 12 46
24 13 24
24 14 13
24 15 40
24 16 37
24 17 35
24 18 11
24 19 11
24 20 41
24 21 39
24 22 13
24 23 29
25 0 29
25 1 13
25 2 40
25 3 4
25 4 8
25 5 22
25 6 10
25 7 20
25 8 43
25 9 41
25 10 28
25 11 17
25 12 45
25 13 22
25 14 27
25 15 20
25 16 45
25 17 1
25 18 27
25 19 12
25 20 4
25 21 42
25 22 38
25 23 11
25 24 34
26 0 25
26 1 18
26 2 25
26 3 29
26 4 31
26 5 2
26 6 41
26 7 23
26 8 38
26 9 10
26 10 38
26 11 43
26 12 46
26 13 38
26 14 12
26 15 32
26 16 18
26 17 16
26 18 21
26 19 11
26 20 23
26 21 14
26 22 37
26 23 18
26 24 47
26 25 18
27 0 47
27 1 12
27 2 12
27 3 33
27 4 33
27 5 45
27 6 17
27 7 32
27 8 18
27 9 45
27 10 12
27 11 3
27 12 12
27 13 18
27 14 44
27 15 35
27 16 21
27 17 23
27 18 41
27 19 4
27 20 33
27 21 30
27 22 31
27 23 36
27 24 17
27 25 18
27 26 40
28 0 30
28 1 15
28 2 43
28 3 39
28 4 47
28 5 18
28 6 31
28 7 7
28 8 7
28 9 47
28 10 41
28 11 31
28 12 18
28 13 22
28 14 21
28 15 20
28 16 27
28 17 45
28 18 26
28 19 3
28 20 2
28 21 7
28 22 18
28 23 12
28 24 22
28 25 2
28 26 25
28 27 15
29 0 45
29 1 20
29 2 26
29 3 10
29 4 24
29 5 7
29 6 32
29 7 29
29 8 23
29 9 41
29 10 8
29 11 17
29 12 2
29 13 11
29 14 2
29 15 36
29 16 9
29 17 26
29 18 41
29 19 38
29 20 16
29 21 18
29 22 23
29 23 34
29 24 18
29 25 24
29 26 38
29 27 35
29 28 27
30 0 26
30 1 19
30 2 5
30 3 45
30 4 38
30 5 5
30 6 18
30 7 32
30 8 14
30 9 6
30 10 40
30 11 5
30 12 6
30 13 14
30 14 20
30 15 47
30 16 13
30 17 23
30 18 24
30 19 13
30 20 6
30 21 10
30 22 23
30 23 24
30 24 29
30 25 4
30 26 44
30 27 35
30 28 10
30 29 31
31 0 43
31 1 12
31 2 5
31 3 29
31 4 25
31 5 37
31 6 4
31 7 29
31 8 38
31 9 1
31 10 15
31 11 47
31 12 38
31 13 17
31 14 30
31 15 14
31 16 9
31 17 17
31 18 19
31 19 21
31 20 32
31 21 12
31 22 35
31 23 29
31 24 20
31 25 39
31 26 47
31 27 23
31 28 42
31 29 42
31 30 21
32 0 24
32 1 46
32 2 29
32 3 34
32 4 43
32 5 14
32 6 23
32 7 37
32 8 42
32 9 6
32 10 17
32 11 32
32 12 21
32 13 9
32 14 1
32 15 10
32 16 9
32 17 13
32 18 12
32 19 34
32 20 29
32 21 27
32 22 17
32 23 36
32 24 25
32 25 4
32 26 25
32 27 29
32 28 15
32 29 21
32 30 19
32 31 22
33 0 38
33 1 7
33 2 4
33 3 2
33 4 18
33 5 43
33 6 10
33 7 40
33 8 1
33 9 33
33 10 28
33 11 23
33 12 47
33 13 28
33 14 8
33 15 23
33 16 34
33 17 32
33 18 30
33 19 37
33 20 4
33 21 25
33 22 17
33 23 31
33 24 33
33 25 39
33 26 19
33 27 40
33 28 26
33 29 26
33 30 30
33 31 10
33 32 31
34 0 14
34 1 19
34 2 42
34 3 29
34 4 10
34 5 4
34 6 14
34 7 17
34 8 6
34 9 34
34 10 38
34 11 29
34 12 2
34 13 12
34 14 24
34 15 23
34 16 13
34 17 15
34 18 5
34 19 16
34 20 22
34 21 28
34 22 36
34 23 7
34 24 30
34 25 42
34 26 44
34 27 31
34 28 44
34 29 39
34 30 32
34 31 6
34 32 22
34 33 31
35 0 39
35 1 27
35 2 38
35 3 20
35 4 28
35 5 30
35 6 38
35 7 38
35 8 18
35 9 35
35 10 26
35 11 2
35 12 9
35 13 43
35 14 17
35 15 45
35 16 29
35 17 18
35 18 19
35 19 3
35 20 31
35 21 13
35 22 22
35 23 1
35 24 20
35 25 25
35 26 24
35 27 5
35 28 28
35 29 2
35 30 16
35 31 16
35 32 29
35 33 35
35 34 36
36 0 32
36 1 16
36 2 44
36 3 19
36 4 7
36 5 1
36 6 15
36 7 29
36 8 35
36 9 42
36 10 15
36 11 8
36 12 5
36 13 16
36 14 34
36 15 46
36 16 19
36 17 37
36 18 40
36 19 41
36 20 24
36 21 38
36 22 29
36 23 1
36 24 23
36 25 42
36 26 7
36 27 38
36 28 18
36 29 38
36 30 6
36 31 45
36 32 22
36 33 30
36 34 34
36 35 23
37 0 6
37 1 11
37 2 36
37 3 37
37 4 1
37 5 1
37 6 41
37 7 18
37 8 14
37 9 36
37 10 16
37 11 1
37 12 45
37 13 41
37 14 3
37 15 23
37 16 36
37 17 46
37 18 41
37 19 21
37 20 46
37 21 11
37 22 6
37 23 24
37 24 6
37 25 12
37 26 14
37 27 35
37 28 28
37 29 38
37 30 42
37 31 46
37 32 20
37 33 32
37 34 4
37 35 7
37 36 44
38 0 18
38 1 35
38 2 35
38 3 46
38 4 22
38 5 41
38 6 2
38 7 38
38 8 28
38 9 26
38 10 30
38 11 43
38 12 36
38 13 41
38 14 30
38 15 26
38 16 26
38 17 28
38 18 18
38 19 21
38 20 33
38 21 18
38 22 22
38 23 6
38 24 35
38 25 39
38 26 31
38 27 42
38 28 35
38 29 41
38 30 43
38 31 4
38 32 42
38 33 1
38 34 23
38 35 32
38 36 32
38 37 21
39 0 38
39 1 35
39 2 1
39 3 18
39 4 37
39 5 40
39 6 25
39 7 35
39 8 38
39 9 7
39 10 27
39 11 7
39 12 6
39 13 32
39 14 8
39 15 4
39 16 43
39 17 19
39 18 26
39 19 17
39 20 37
39 21 32
39 22 5
39 23 17
39 24 44
39 25 29
39 26 47
39 27 38
39 28 44
39 29 40
39 30 33
39 31 43
39 32 37
39 33 18
39 34 9
39 35 10
39 36 4
39 37 12
39 38 27
40 0 13
40 1 47
40 2 39
40 3 17
40 4 19
40 5 38
40 6 35
40 7 30
40 8 39
40 9 43
40 10 1
40 11 5
40 12 41
40 13 28
40 14 13
40 15 9
40 16 18
40 17 8
40 18 8
40 19 13
40 20 11
40 21 1
40 22 5
40 23 25
40 24 34
40 25 38
40 26 7
40 27 29
40 28 7
40 29 45
40 30 28
40 31 39
40 32 43
40 33 36
40 34 32
40 35 40
40 36 47
40 37 17
40 38 6
40 39 25
41 0 31
41 1 42
41 2 46
41 3 20
41 4 13
41 5 38
41 6 21
41 7 34
41 8 24
41 9 14
41 10 2
41 11 42
41 12 24
41 13 36
41 14 4
41 15 15
41 16 2
41 17 24
41 18 13
41 19 39
41 20 43
41 21 27
41 22 12
41 23 12
41 24 37
41 25 28
41 26 41
41 27 17
41 28 33
41 29 3
41 30 44
41 31 7
41 32 15
41 33 14
41 34 27
41 35 18
41 36 5
41 37 8
41 38 18
41 39 13
41 40 45
42 0 11
42 1 5
42 2 9
42 3 43
42 4 43
42 5 27
42 6 2
42 7 34
42 8 38
42 9 43
42 10 40
42 11 38
42 12 17
42 13 21
42 14 21
42 15 37
42 16 19
42 17 36
42 18 7
42 19 16
42 20 9
42 21 43
42 22 18
42 23 15
42 24 12
42 25 26
42 26 7
42 27 21
42 28 47
42 29 28
42 30 40
42 31 36
42 32 30
42 33 42
42 34 10
42 35 39
42 36 17
42 37 25
42 38 38
42 39 19
42 40 29
42 41 6
43 0 40
43 1 37
43 2 31
43 3 14
43 4 5
43 5 26
43 6 9
43 7 40
43 8 44
43 9 41
43 10 20
43 11 21
43 12 5
43 13 44
43 14 47
43 15 1
43 16 33
43 17 4
43 18 31
43 19 6
43 20 14
43 21 32
43 22 19
43 23 31
43 24 11
43 25 40
43 26 35
43 27 4
43 28 29
43 29 23
43 30 9
43 31 42
43 32 26
43 33 21
43 34 4
43 35 44
43 36 30
43 37 23
43 38 22
43 39 39
43 40 18
43 41 23
43 42 22
44 0 30
44 1 34
44 2 10
44 3 22
44 4 28
44 5 20
44 6 22
44 7 11
44 8 18
44 9 44
44 10 13
44 11 15
44 12 15
44 13 12
44 14 32
44 15 45
44 16 27
44 17 34
44 18 10
44 19 35
44 20 10
44 21 41
44 22 5
44 23 9
44 24 19
44 25 31
44 26 39
44 27 41
44 28 31
44 29 35
44 30 23
44 31 26
44 32 17
44 33 36
44 34 2
44 35 39
44 36 18
44 37 28
44 38 36
44 39 40
44 40 15
44 41 1
44 42 47
44 43 22
45 0 26
45 1 27
45 2 15
45 3 31
45 4 29
45 5 13
45 6 29
45 7 47
45 8 47
45 9 15
45 10 35
45 11 43
45 12 37
45 13 22
45 14 33
45 15 29
45 16 23
45 17 13
45 18 23
45 19 44
45 20 11
45 21 17
45 22 9
45 23 44
45 24 45
45 25 43
45 26 40
45 27 19
45 28 18
45 29 16
45 30 6
45 31 39
45 32 38
45 33 16
45 34 45
45 35 40
45 36 3
45 37 37
45 38 33
45 39 32
45 40 14
45 41 32
45 42 8
45 43 9
45 44 8
46 0 33
46 1 4
46 2 1
46 3 39
46 4 38
46 5 15
46 6 22
46 7 29
46 8 38
46 9 14
46 10 47
46 11 24
46 12 2
46 13 18
46 14 45
46 15 29
46 16 32
46 17 38
46 18 37
46 19 18
46 20 47
46 21 4
46 22 19
46 23 6
46 24 32
46 25 12
46 26 1
46 27 8
46 28 19
46 29 44
46 30 18
46 31 36
46 32 35
46 33 40
46 34 8
46 35 24
46 36 17
46 37 6
46 38 6
46 39 37
46 40 2
46 41 44
46 42 45
46 43 35
46 44 9
46 45 39
47 0 18
47 1 29
47 2 21
47 3 10
47 4 31
47 5 18
47 6 41
47 7 23
47 8 25
47 9 16
47 10 39
47 11 6
47 12 16
47 13 36
47 14 12
47 15 20
47 16 43
47 17 39
47 18 16
47 19 40
47 20 14
47 21 30
47 22 23
47 23 17
47 24 26
47 25 39
47 26 12
47 27 29
47 28 8
47 29 2
47 30 24
47 31 24
47 32 36
47 33 28
47 34 5
47 35 18
47 36 11
47 37 36
47 38 36
47 39 16
47 40 16
47 41 29
47 42 6
47 43 1
47 44 28
47 45 18
47 46 36
48 0 40
48 1 34
48 2 38
48 3 2
48 4 44
48 5 17
48 6 39
48 7 47
48 8 41
48 9 23
48 10 34
48 11 17
48 12 40
48 13 36
48 14 18
48 15 38
48 16 28
48 17 1
48 18 20
48 19 34
48 20 19
48 21 15
48 22 20
48 23 17
48 24 5
48 25 22
48 26 13
48 27 42
48 28 36
48 29 40
48 30 23
48 31 37
48 32 16
48 33 40
48 34 11
48 35 40
48 36 42
48 37 30
48 38 47
48 39 19
48 40 40
48 41 23
48 42 17
48 43 26
48 44 8
48 45 17
48 46 20
48 47 41
49 0 6
49 1 20
49 2 30
49 3 26
49 4 18
49 5 11
49 6 8
49 7 38
49 8 35
49 9 21
49 10 2
49 11 25
49 12 5
49 13 39
49 14 34
49 15 2
49 16 42
49 17 44
49 18 43
49 19 32
49 20 30
49 21 7
49 22 28
49 23 19
49 24 43
49 25 13
49 26 29
49 27 38
49 28 7
49 29 22
49 30 27
49 31 11
49 32 5
49 33 6
49 34 24
49 35 26
49 36 22
49 37 18
49 38 37
49 39 15
49 40 27
49 41 16
49 42 7
49 43 2
49 44 43
49 45 22
49 46 45
49 47 31
49 48 24
50 0 36
50 1 39
50 2 40
50 3 4
50 4 13
50 5 23
50 6 25
50 7 8
50 8 17
50 9 15
50 10 23
50 11 21
50 12 4
50 13 44
50 14 22
50 15 22
50 16 31
50 17 2
50 18 40
50 19 41
50 20 36
50 21 2
50 22 27
50 23 21
50 24 13
50 25 16
50 26 22
50 27 8
50 28 20
50 29 14
50 30 29
50 31 5
50 32 35
50 33 12
50 34 35
50 35 13
50 36 12
50 37 6
50 38 27
50 39 7
50 40 28
50 41 16
50 42 36
50 43 39
50 44 7
50 45 18
50 46 43
50 47 7
50 48 23
50 49 46
51 0 17
51 1 47
51 2 23
51 3 35
51 4 18
51 5 30
51 6 42
51 7 40
51 8 25
51 9 43
51 10 29
51 11 8
51 12 20
51 13 30
51 14 26
51 15 34
51 16 8
51 17 20
51 18 34
51 19 20
51 20 8
51 21 45
51 22 28
51 23 27
51 24 12
51 25 9
51 26 9
51 27 29
51 28 4
51 29 6
51 30 28
51 31 44
51 32 14
51 33 16
51 34 15
51 35 34
51 36 5
51 37 1
51 38 46
51 39 23
51 40 6
51 41 20
51 42 37
51 43 13
51 44 25
51 45 3
51 46 26
51 47 5
51 48 3
51 49 40
51 50 12
52 0 43
52 1 15
52 2 9
52 3 20
52 4 47
52 5 23
52 6 29
52 7 35
52 8 7
52 9 11
52 10 19
52 11 43
52 12 14
52 13 29
52 14 28
52 15 11
52 16 45
52 17 11
52 18 46
52 19 45
52 20 31
52 21 37
52 22 6
52 23 44
52 24 33
52 25 41
52 26 21
52 27 19
52 28 29
52 29 42
52 30 6
52 31 39
52 32 34
52 33 44
52 34 3
52 35 46
52 36 34
52 37 21
52 38 18
52 39 47
52 40 16
52 41 44
52 42 3
52 43 43
52 44 16
52 45 33
52 46 31
52 47 44
52 48 24
52 49 46
52 50 25
52 51 17
53 0 19
53 1 15
53 2 31
53 3 46
53 4 42
53 5 24
53 6 44
53 7 26
53 8 40
53 9 12
53 10 46
53 11 23
53 12 30
53 13 15
53 14 18
53 15 28
53 16 45
53 17 5
53 18 2
53 19 8
53 20 23
53 21 24
53 22 15
53 23 6
53 24 11
53 25 35
53 26 31
53 27 17
53 28 28
53 29 31
53 30 13
53 31 22
53 32 19
53 33 13
53 34 43
53 35 8
53 36 32
53 37 46
53 38 38
53 39 35
53 40 39
53 41 17
53 42 22
53 43 33
53 44 3
53 45 36
53 46 26
53 47 29
53 48 6
53 49 47
53 50 17
53 51 9
53 52 37
54 0 32
54 1 26
54 2 33
54 3 6
54 4 19
54 5 3
54 6 11
54 7 28
54 8 18
54 9 23
54 10 35
54 11 1
54 12 24
54 13 4
54 14 33
54 15 19
54 16 47
54 17 24
54 18 29
54 19 47
54 20 31
54 21 43
54 22 3
54 23 8
54 24 2
54 25 34
54 26 38
54 27 37
54 28 32
54 29 20
54 30 9
54 31 18
54 32 1
54 33 12
54 34 41
54 35 2
54 36 10
54 37 27
54 38 28
54 39 9
54 40 22
54 41 6
54 42 22
54 43 18
54 44 33
54 45 31
54 46 11
54 47 38
54 48 42
54 49 32
54 50 9
54 51 14
54 52 11
54 53 46
55 0 33
55 1 36
55 2 44
55 3 33
55 4 47
55 5 39
55 6 13
55 7 30
55 8 44
55 9 20
55 10 22
55 11 9
55 12 26
55 13 3
55 14 11
55 15 12
55 16 15
55 17 9
55 18 2
55 19 41
55 20 7
55 21 14
55 22 39
55 23 24
55 24 18
55 25 8
55 26 7
55 27 7
55 28 18
55 29 7
55 30 20
55 31 29
55 32 43
55 33 25
55 34 36
55 35 47
55 36 26
55 37 16
55 38 3
55 39 38
55 40 25
55 41 3
55 42 45
55 43 16
55 44 40
55 45 12
55 46 23
55 47 26
55 48 31
55 49 35
55 50 27
55 51 6
55 52 7
55 53 19
55 54 38
56 0 39
56 1 12
56 2 14
56 3 45
56 4 2
56 5 28
56 6 26
56 7 17
56 8 11
56 9 26
56 10 39
56 11 46
56 12 45
56 13 45
56 14 33
56 15 46
56 16 5
56 17 36
56 18 25
56 19 40
56 20 45
56 21 27
56 22 35
56 23 25
56 24 14
56 25 39
56 26 15
56 27 15
56 28 5
56 29 6
56 30 7
56 31 45
56 32 12
56 33 2
56 34 27
56 35 36
56 36 35
56 37 9
56 38 3
56 39 20
56 40 30
56 41 35
56 42 44
56 43 29
56 44 31
56 45 11
56 46 31
56 47 5
56 48 4
56 49 38
56 50 6
56 51 24
56 52 28
56 53 36
56 54 37
56 55 1
57 0 35
57 1 20
57 2 32
57 3 45
57 4 39
57 5 34
57 6 37
57 7 26
57 8 40
57 9 23
57 10 45
57 11 36
57 12 1
57 13 3
57 14 39
57 15 41
57 16 2
57 17 11
57 18 44
57 19 40
57 20 1
57 21 31
57 22 14
57 23 12
57 24 39
57 25 29
57 26 11
57 27 39
57 28 6
57 29 13
57 30 32
57 31 8
57 32 30
57 33 1
57 34 47
57 35 3
57 36 5
57 37 41
57 38 22
57 39 14
57 40 7
57 41 20
57 42 3
57 43 19
57 44 42
57 45 6
57 46 29
57 47 14
57 48 9
57 49 2
57 50 38
57 51 25
57 52 40
57 53 5
57 54 5
57 55 21
57 56 40
58 0 27
58 1 19
58 2 36
58 3 38
58 4 12
58 5 45
58 6 16
58 7 9
58 8 34
58 9 40
58 10 31
58 11 33
58 12 26
58 13 12
58 14 45
58 15 9
58 16 16
58 17 7
58 18 2
58 19 38
58 20 41
58 21 41
58 22 8
58 23 15
58 24 46
58 25 21
58 26 34
58 27 38
58 28 32
58 29 45
58 30 26
58 31 10
58 32 42
58 33 18
58 34 41
58 35 15
58 36 32
58 37 11
58 38 24
58 39 7
58 40 29
58 41 10
58 42 34
58 43 11
58 44 8
58 45 8
58 46 38
58 47 26
58 48 42
58 49 7
58 50 14
58 51 31
58 52 45
58 53 35
58 54 19
58 55 8
58 56 5
58 57 33
