59
1 0 25
2 0 18
2 1 23
3 0 44
3 1 28
3 2 21
4 0 33
4 1 2
4 2 35
4 3 33
5 0 9
5 1 54
5 2 40
5 3 23
5 4 27
6 0 36
6 1 31
6 2 21
6 3 25
6 4 11
6 5 16
7 0 55
7 1 27
7 2 35
7 3 23
7 4 26
7 5 22
7 6 22
8 0 43
8 1 38
8 2 34
8 3 10
8 4 37
8 5 4
8 6 24
8 7 45
9 0 19
9 1 14
9 2 6
9 3 7
9 4 37
9 5 28
9 6 13
9 7 10
9 8 24
10 0 31
10 1 33
10 2 16
10 3 44
10 4 11
10 5 22
10 6 27
10 7 36
10 8 44
10 9 34
11 0 38
11 1 6
11 2 31
11 3 44
11 4 30
11 5 10
11 6 8
11 7 38
11 8 41
11 9 34
11 10 12
12 0 29
12 1 12
12 2 9
12 3 39
12 4 31
12 5 27
12 6 51
12 7 4
12 8 30
12 9 23
12 10 36
12 11 43
13 0 7
13 1 38
13 2 38
13 3 41
13 4 5
13 5 45
13 6 34
13 7 33
13 8 26
13 9 53
13 10 11
13 11 45
13 12 25
14 0 17
14 1 25
14 2 12
14 3 38
14 4 55
14 5 53
14 6 22
14 7 44
14 8 3
14 9 32
14 10 53
14 11 38
14 12 25
14 13 22
15 0 37
15 1 16
15 2 27
15 3 24
15 4 1
15 5 43
15 6 7
15 7 24
15 8 35
15 9 11
15 10 44
15 11 40
15 12 33
15 13 21
15 14 52
16 0 16
16 1 42
16 2 19
16 3 19
16 4 55
16 5 13
16 6 25
16 7 51
16 8 7
16 9 2
16 10 27
16 11 33
16 12 21
16 13 30
16 14 52
16 15 12
17 0 54
17 1 44
17 2 12
17 3 2
17 4 44
17 5 18
17 6 2
17 7 52
17 8 20
17 9 48
17 10 30
17 11 25
17 12 15
17 13 1
17 14 26
17 15 10
17 16 18
18 0 40
18 1 3
18 2 21
18 3 36
18 4 21
18 5 34
18 6 46
18 7 10
18 8 40
18 9 2
18 10 45
18 11 31
18 12 42
18 13 33
18 14 23
18 15 27
18 16 29
18 17 45
19 0 2
19 1 37
19 2 25
19 3 8
19 4 1
19 5 2
19 6 30
19 7 7
19 8 46
19 9 10
19 10 34
19 11 34
19 12 54
19 13 43
19 14 23
19 15 50
19 16 44
19 17 38
19 18 18
20 0 32
20 1 42
20 2 48
20 3 46
20 4 1
20 5 52
20 6 16
20 7 13
20 8 39
20 9 33
20 10 42
20 11 6
20 12 10
20 13 21
20 14 52
20 15 19
20 16 13
20 17 16
20 18 12
20 19 10
21 0 7
21 1 28
21 2 8
21 3 14
21 4 31
21 5 46
21 6 32
21 7 26
21 8 49
21 9 7
21 10 51
21 11 37
21 12 33
21 13 12
21 14 42
21 15 55
21 16 12
21 17 54
21 18 2
21 19 25
21 20 10
22 0 45
22 1 33
22 2 23
22 3 11
22 4 20
22 5 31
22 6 37
22 7 12
22 8 17
22 9 53
22 10 23
22 11 54
22 12 4
22 13 34
22 14 22
22 15 51
22 16 54
22 17 9
22 18 52
22 19 41
22 20 32
22 21 35
23 0 31
23 1 46
23 2 25
23 3 7
23 4 37
23 5 39
23 6 17
23 7 27
23 8 14
23 9 46
23 10 8
23 11 46
23 12 30
23 13 27
23 14 13
23 15 24
23 16 21
23 17 51
23 18 44
23 19 32
23 20 25
23 21 20
23 22 41
24 0 48
24 1 39
24 2 10
24 3 50
24 4 30
24 5 46
24 6 53
24 7 31
24 8 38
24 9 7
24 10 16
24 11 14
24 12 6
24 13 38
24 14 45
24 15 4
24 16 39
24 17 23
24 18 18
24 19 10
24 20 21
24 21 18
24 22 26
24 23 41
25 0 35
25 1 12
25 2 5
25 3 8
25 4 40
25 5 31
25 6 16
25 7 45
25 8 53
25 9 26
25 10 41
25 11 53
25 12 17
25 13 36
25 14 47
25 15 15
25 16 30
25 17 5
25 18 52
25 19 14
25 20 35
25 21 39
25 22 10
25 23 49
25 24 4
26 0 10
26 1 18
26 2 31
26 3 15
26 4 47
26 5 18
26 6 34
26 7 15
26 8 14
26 9 23
26 10 50
26 11 23
26 12 40
26 13 2
26 14 15
26 15 46
26 16 11
26 17 53
26 18 44
26 19 35
26 20 53
26 21 32
26 22 8
26 23 13
26 24 15
26 25 39
27 0 32
27 1 29
27 2 48
27 3 43
27 4 11
27 5 19
27 6 40
27 7 22
27 8 33
27 9 35
27 10 54
27 11 10
27 12 10
27 13 32
27 14 23
27 15 31
27 16 24
27 17 2
27 18 4
27 19 15
27 20 14
27 21 17
27 22 8
27 23 12
27 24 51
27 25 20
27 26 48
28 0 9
28 1 26
28 2 28
28 3 6
28 4 27
28 5 22
28 6 29
28 7 10
28 8 55
28 9 53
28 10 36
28 11 42
28 12 11
28 13 39
28 14 42
28 15 52
28 16 52
28 17 44
28 18 1
28 19 1
28 20 11
28 21 17
28 22 22
28 23 24
28 24 4
28 25 32
28 26 8
28 27 48
29 0 48
29 1 16
29 2 1
29 3 30
29 4 26
29 5 47
29 6 41
29 7 9
29 8 14
29 9 21
29 10 16
29 11 10
29 12 30
29 13 3
29 14 33
29 15 2
29 16 19
29 17 52
29 18 8
29 19 43
29 20 28
29 21 24
29 22 10
29 23 18
29 24 3
29 25 51
29 26 43
29 27 49
29 28 49
30 0 20
30 1 3
30 2 38
30 3 19
30 4 40
30 5 45
30 6 44
30 7 20
30 8 42
30 9 2
30 10 41
30 11 54
30 12 14
30 13 23
30 14 21
30 15 36
30 16 50
30 17 15
30 18 48
30 19 29
30 20 32
30 21 27
30 22 53
30 23 37
30 24 12
30 25 50
30 26 2
30 27 49
30 28 54
30 29 49
31 0 17
31 1 35
31 2 25
31 3 38
31 4 16
31 5 6
31 6 33
31 7 40
31 8 34
31 9 34
31 10 6
31 11 12
31 12 19
31 13 42
31 14 20
31 15 30
31 16 47
31 17 54
31 18 54
31 19 13
31 20 37
31 21 32
31 22 36
31 23 43
31 24 46
31 25 13
31 26 51
31 27 17
31 28 45
31 29 35
31 30 5
32 0 1
32 1 44
32 2 42
32 3 2
32 4 42
32 5 12
32 6 44
32 7 11
32 8 25
32 9 35
32 10 2
32 11 38
32 12 51
32 13 12
32 14 44
32 15 9
32 16 16
32 17 38
32 18 37
32 19 14
32 20 31
32 21 27
32 22 22
32 23 22
32 24 13
32 25 13
32 26 52
32 27 32
32 28 43
32 29 48
32 30 16
32 31 11
33 0 51
33 1 20
33 2 8
33 3 5
33 4 2
33 5 23
33 6 10
33 7 21
33 8 31
33 9 40
33 10 22
33 11 45
33 12 31
33 13 48
33 14 25
33 15 44
33 16 22
33 17 35
33 18 24
33 19 47
33 20 50
33 21 31
33 22 4
33 23 48
33 24 25
33 25 52
33 26 37
33 27 48
33 28 1
33 29 25
33 30 2
33 31 13
33 32 55
34 0 19
34 1 14
34 2 55
34 3 19
34 4 41
34 5 8
34 6 2
34 7 21
34 8 28
34 9 31
34 10 43
34 11 22
34 12 37
34 13 14
34 14 30
34 15 35
34 16 29
34 17 27
34 18 30
34 19 30
34 20 43
34 21 49
34 22 26
34 23 18
34 24 15
34 25 15
34 26 45
34 27 5
34 28 21
34 29 16
34 30 30
34 31 11
34 32 54
34 33 9
35 0 55
35 1 32
35 2 31
35 3 45
35 4 37
35 5 8
35 6 47
35 7 26
35 8 21
35 9 30
35 10 17
35 11 52
35 12 25
35 13 51
35 14 49
35 15 38
35 16 13
35 17 19
35 18 16
35 19 18
35 20 24
35 21 8
35 22 32
35 23 42
35 24 10
35 25 24
35 26 33
35 27 35
35 28 26
35 29 8
35 30 52
35 31 26
35 32 45
35 33 47
35 34 9
36 0 33
36 1 48
36 2 53
36 3 27
36 4 11
36 5 29
36 6 2
36 7 19
36 8 29
36 9 45
36 10 17
36 11 24
36 12 28
36 13 29
36 14 45
36 15 55
36 16 7
36 17 20
36 18 35
36 19 43
36 20 14
36 21 4
36 22 50
36 23 37
36 24 54
36 25 48
36 26 7
36 27 47
36 28 27
36 29 4
36 30 21
36 31 23
36 32 6
36 33 51
36 34 50
36 35 24
37 0 50
37 1 37
37 2 44
37 3 41
37 4 14
37 5 38
37 6 3
37 7 31
37 8 2
37 9 12
37 10 11
37 11 4
37 12 19
37 13 44
37 14 50
37 15 52
37 16 1
37 17 26
37 18 44
37 19 19
37 20 26
37 21 36
37 22 5
37 23 45
37 24 9
37 25 51
37 26 35
37 27 13
37 28 14
37 29 14
37 30 51
37 31 33
37 32 54
37 33 23
37 34 42
37 35 24
37 36 40
38 0 25
38 1 34
38 2 53
38 3 5
38 4 52
38 5 23
38 6 30
38 7 16
38 8 40
38 9 32
38 10 39
38 11 31
38 12 41
38 13 50
38 14 6
38 15 32
38 16 17
38 17 41
38 18 53
38 19 9
38 20 30
38 21 17
38 22 6
38 23 18
38 24 2
38 25 3
38 26 17
38 27 2
38 28 55
38 29 45
38 30 42
38 31 45
38 32 20
38 33 39
38 34 6
38 35 10
38 36 30
38 37 9
39 0 42
39 1 36
39 2 6
39 3 44
39 4 51
39 5 31
39 6 8
39 7 28
39 8 33
39 9 10
39 10 25
39 11 33
39 12 55
39 13 48
39 14 34
39 15 17
39 16 35
39 17 51
39 18 36
39 19 15
39 20 44
39 21 47
39 22 49
39 23 49
39 24 8
39 25 45
39 26 55
39 27 17
39 28 44
39 29 32
39 30 40
39 31 50
39 32 53
39 33 29
39 34 22
39 35 10
39 36 8
39 37 54
39 38 23
40 0 23
40 1 17
40 2 27
40 3 17
40 4 47
40 5 38
40 6 23
40 7 54
40 8 50
40 9 5
40 10 5
40 11 17
40 12 36
40 13 44
40 14 31
40 15 13
40 16 53
40 17 26
40 18 23
40 19 50
40 20 40
40 21 35
40 22 18
40 23 30
40 24 51
40 25 45
40 26 19
40 27 8
40 28 53
40 29 6
40 30 4
40 31 16
40 32 2
40 33 53
40 34 7
40 35 18
40 36 35
40 37 21
40 38 42
40 39 1
41 0 37
41 1 50
41 2 12
41 3 24
41 4 17
41 5 1
41 6 30
41 7 23
41 8 6
41 9 39
41 10 40
41 11 1
41 12 31
41 13 36
41 14 15
41 15 49
41 16 19
41 17 50
41 18 3
41 19 23
41 20 53
41 21 21
41 22 21
41 23 53
41 24 19
41 25 8
41 26 11
41 27 33
41 28 48
41 29 35
41 30 37
41 31 17
41 32 28
41 33 13
41 34 13
41 35 23
41 36 29
41 37 38
41 38 29
41 39 35
41 40 27
42 0 24
42 1 16
42 2 15
42 3 46
42 4 41
42 5 7
42 6 7
42 7 8
42 8 20
42 9 55
42 10 23
42 11 34
42 12 43
42 13 46
42 14 40
42 15 55
42 16 45
42 17 15
42 18 28
42 19 21
42 20 35
42 21 42
42 22 6
42 23 43
42 24 26
42 25 27
42 26 50
42 27 36
42 28 6
42 29 35
42 30 22
42 31 25
42 32 19
42 33 12
42 34 5
42 35 53
42 36 18
42 37 23
42 38 28
42 39 13
42 40 12
42 41 5
43 0 52
43 1 1
43 2 52
43 3 38
43 4 23
43 5 14
43 6 44
43 7 23
43 8 11
43 9 49
43 10 43
43 11 32
43 12 46
43 13 11
43 14 43
43 15 50
43 16 28
43 17 17
43 18 9
43 19 18
43 20 1
43 21 27
43 22 44
43 23 4
43 24 52
43 25 42
43 26 37
43 27 37
43 28 45
43 29 25
43 30 7
43 31 39
43 32 2
43 33 55
43 34 50
43 35 38
43 36 55
43 37 7
43 38 18
43 39 13
43 40 4
43 41 7
43 42 14
44 0 30
44 1 40
44 2 54
44 3 35
44 4 50
44 5 14
44 6 13
44 7 47
44 8 29
44 9 11
44 10 19
44 11 18
44 12 55
44 13 48
44 14 30
44 15 37
44 16 14
44 17 45
44 18 34
44 19 44
44 20 48
44 21 18
44 22 2
44 23 29
44 24 53
44 25 4
44 26 16
44 27 35
44 28 51
44 29 22
44 30 41
44 31 25
44 32 2
44 33 11
44 34 43
44 35 19
44 36 29
44 37 7
44 38 26
44 39 48
44 40 35
44 41 33
44 42 52
44 43 10
45 0 41
45 1 54
45 2 6
45 3 11
45 4 30
45 5 43
45 6 29
45 7 29
45 8 8
45 9 43
45 10 23
45 11 8
45 12 7
45 13 22
45 14 14
45 15 22
45 16 16
45 17 45
45 18 23
45 19 33
45 20 23
45 21 31
45 22 45
45 23 33
45 24 22
45 25 33
45 26 16
45 27 3
45 28 28
45 29 12
45 30 30
45 31 48
45 32 36
45 33 2
45 34 43
45 35 37
45 36 51
45 37 6
45 38 2
45 39 40
45 40 39
45 41 4
45 42 11
45 43 1
45 44 17
46 0 25
46 1 13
46 2 18
46 3 40
46 4 45
46 5 49
46 6 13
46 7 4
46 8 22
46 9 44
46 10 53
46 11 43
46 12 12
46 13 15
46 14 52
46 15 30
46 16 7
46 17 38
46 18 39
46 19 41
46 20 52
46 21 25
46 22 36
46 23 44
46 24 41
46 25 1
46 26 29
46 27 24
46 28 9
46 29 14
46 30 49
46 31 9
46 32 52
46 33 20
46 34 37
46 35 19
46 36 20
46 37 52
46 38 43
46 39 25
46 40 9
46 41 4
46 42 24
46 43 35
46 44 55
46 45 18
47 0 20
47 1 36
47 2 44
47 3 13
47 4 15
47 5 38
47 6 17
47 7 32
47 8 17
47 9 33
47 10 44
47 11 26
47 12 13
47 13 47
47 14 47
47 15 16
47 16 29
47 17 51
47 18 18
47 19 28
47 20 43
47 21 51
47 22 19
47 23 27
47 24 4
47 25 1
47 26 41
47 27 31
47 28 1
47 29 34
47 30 8
47 31 42
47 32 49
47 33 22
47 34 44
47 35 24
47 36 55
47 37 48
47 38 52
47 39 14
47 40 53
47 41 50
47 42 2
47 43 30
47 44 46
47 45 15
47 46 15
48 0 50
48 1 11
48 2 24
48 3 19
48 4 28
48 5 33
48 6 54
48 7 7
48 8 31
48 9 45
48 10 23
48 11 51
48 12 45
48 13 7
48 14 6
48 15 22
48 16 12
48 17 24
48 18 50
48 19 14
48 20 50
48 21 42
48 22 26
48 23 24
48 24 13
48 25 36
48 26 21
48 27 23
48 28 26
48 29 34
48 30 37
48 31 27
48 32 34
48 33 17
48 34 7
48 35 34
48 36 6
48 37 11
48 38 44
48 39 8
48 40 21
48 41 12
48 42 20
48 43 54
48 44 5
48 45 16
48 46 15
48 47 38
49 0 45
49 1 41
49 2 52
49 3 18
49 4 41
49 5 13
49 6 20
49 7 36
49 8 51
49 9 35
49 10 47
49 11 34
49 12 41
49 13 37
49 14 48
49 15 51
49 16 48
49 17 45
49 18 8
49 19 5
49 20 51
49 21 18
49 22 24
49 23 17
49 24 18
49 25 25
49 26 44
49 27 6
49 28 18
49 29 28
49 30 4
49 31 36
49 32 5
49 33 49
49 34 55
49 35 48
49 36 26
49 37 35
49 38 16
49 39 14
49 40 28
49 41 49
49 42 18
49 43 31
49 44 1
49 45 22
49 46 26
49 47 55
49 48 5
50 0 48
50 1 15
50 2 32
50 3 36
50 4 54
50 5 42
50 6 37
50 7 4
50 8 14
50 9 45
50 10 6
50 11 10
50 12 51
50 13 15
50 14 4
50 15 6
50 16 50
50 17 13
50 18 47
50 19 5
50 20 4
50 21 45
50 22 14
50 23 46
50 24 40
50 25 2
50 26 55
50 27 13
50 28 55
50 29 53
50 30 31
50 31 38
50 32 12
50 33 5
50 34 19
50 35 51
50 36 46
50 37 30
50 38 48
50 39 27
50 40 19
50 41 43
50 42 44
50 43 6
50 44 17
50 45 29
50 46 30
50 47 23
50 48 13
50 49 31
51 0 53
51 1 9
51 2 10
51 3 20
51 4 31
51 5 33
51 6 13
51 7 26
51 8 53
51 9 34
51 10 8
51 11 36
51 12 29
51 13 6
51 14 49
51 15 47
51 16 33
51 17 24
51 18 47
51 19 22
51 20 39
51 21 43
51 22 5
51 23 16
51 24 32
51 25 19
51 26 28
51 27 21
51 28 49
51 29 7
51 30 16
51 31 37
51 32 2
51 33 43
51 34 35
51 35 14
51 36 27
51 37 13
51 38 48
51 39 20
51 40 20
51 41 36
51 42 19
51 43 45
51 44 18
51 45 50
51 46 31
51 47 37
51 48 2
51 49 51
51 50 43
52 0 48
52 1 34
52 2 25
52 3 50
52 4 15
52 5 53
52 6 53
52 7 7
52 8 16
52 9 43
52 10 51
52 11 53
52 12 2
52 13 41
52 14 34
52 15 38
52 16 41
52 17 15
52 18 6
52 19 54
52 20 44
52 21 25
52 22 14
52 23 34
52 24 33
52 25 25
52 26 38
52 27 13
52 28 23
52 29 20
52 30 16
52 31 41
52 32 23
52 33 16
52 34 21
52 35 51
52 36 52
52 37 7
52 38 48
52 39 52
52 40 36
52 41 10
52 42 8
52 43 11
52 44 54
52 45 55
52 46 54
52 47 35
52 48 4
52 49 35
52 50 20
52 51 16
53 0 9
53 1 24
53 2 33
53 3 50
53 4 11
53 5 55
53 6 12
53 7 37
53 8 47
53 9 45
53 10 27
53 11 37
53 12 30
53 13 6
53 14 45
53 15 22
53 16 49
53 17 22
53 18 49
53 19 27
53 20 50
53 21 53
53 22 39
53 23 27
53 24 38
53 25 27
53 26 45
53 27 25
53 28 25
53 29 17
53 30 5
53 31 28
53 32 14
53 33 52
53 34 22
53 35 38
53 36 41
53 37 12
53 38 20
53 39 54
53 40 33
53 41 41
53 42 40
53 43 49
53 44 38
53 45 42
53 46 23
53 47 18
53 48 6
53 49 47
53 50 42
53 51 30
53 52 25
54 0 21
54 1 14
54 2 24
54 3 14
54 4 17
54 5 41
54 6 14
54 7 6
54 8 28
54 9 18
54 10 42
54 11 14
54 12 33
54 13 38
54 14 26
54 15 24
54 16 2
54 17 15
54 18 6
54 19 11
54 20 3
54 21 17
54 22 37
54 23 22
54 24 39
54 25 19
54 26 50
54 27 54
54 28 42
54 29 9
54 30 41
54 31 41
54 32 34
54 33 6
54 34 12
54 35 35
54 36 21
54 37 7
54 38 44
54 39 19
54 40 33
54 41 2
54 42 13
54 43 43
54 44 27
54 45 2
54 46 20
54 47 28
54 48 29
54 49 14
54 50 22
54 51 8
54 52 46
54 53 46
55 0 41
55 1 13
55 2 41
55 3 9
55 4 7
55 5 19
55 6 12
55 7 42
55 8 2
55 9 20
55 10 19
55 11 20
55 12 12
55 13 47
55 14 3
55 15 55
55 16 9
55 17 30
55 18 26
55 19 11
55 20 34
55 21 49
55 22 42
55 23 27
55 24 29
55 25 18
55 26 30
55 27 48
55 28 6
55 29 48
55 30 47
55 31 9
55 32 43
55 33 49
55 34 30
55 35 55
55 36 17
55 37 31
55 38 32
55 39 15
55 40 11
55 41 51
55 42 11
55 43 45
55 44 25
55 45 46
55 46 34
55 47 14
55 48 3
55 49 12
55 50 10
55 51 46
55 52 38
55 53 12
55 54 10
56 0 35
56 1 43
56 2 21
56 3 10
56 4 54
56 5 53
56 6 47
56 7 1
56 8 21
56 9 2
56 10 11
56 11 9
56 12 29
56 13 30
56 14 25
56 15 2
56 16 22
56 17 25
56 18 14
56 19 20
56 20 9
56 21 12
56 22 31
56 23 44
56 24 30
56 25 31
56 26 1
56 27 23
56 28 55
56 29 44
56 30 46
56 31 29
56 32 34
56 33 7
56 34 15
56 35 17
56 36 43
56 37 34
56 38 32
56 39 2
56 40 52
56 41 41
56 42 9
56 43 32
56 44 52
56 45 19
56 46 22
56 47 10
56 48 52
56 49 53
56 50 18
56 51 3
56 52 45
56 53 26
56 54 4
56 55 20
57 0 18
57 1 30
57 2 42
57 3 4
57 4 46
57 5 24
57 6 23
57 7 15
57 8 9
57 9 13
57 10 46
57 11 10
57 12 44
57 13 18
57 14 35
57 15 45
57 16 36
57 17 42
57 18 51
57 19 12
57 20 5
57 21 4
57 22 21
57 23 27
57 24 48
57 25 17
57 26 17
57 27 6
57 28 9
57 29 30
57 30 25
57 31 32
57 32 55
57 33 10
57 34 28
57 35 42
57 36 34
57 37 43
57 38 13
57 39 2
57 40 35
57 41 55
57 42 6
57 43 45
57 44 50
57 45 15
57 46 36
57 47 8
57 48 38
57 49 2
57 50 52
57 51 29
57 52 26
57 53 30
57 54 53
57 55 46
57 56 12
58 0 5
58 1 34
58 2 26
58 3 22
58 4 27
58 5 52
58 6 42
58 7 44
58 8 33
58 9 31
58 10 20
58 11 44
58 12 8
58 13 10
58 14 6
58 15 4
58 16 6
58 17 22
58 18 37
58 19 24
58 20 18
58 21 26
58 22 3
58 23 36
58 24 9
58 25 49
58 26 23
58 27 10
58 28 30
58 29 19
58 30 4
58 31 11
58 32 24
58 33 51
58 34 39
58 35 38
58 36 42
58 37 51
58 38 48
58 39 50
58 40 13
58 41 25
58 42 28
58 43 53
58 44 35
58 45 43
58 46 2
58 47 8
58 48 28
58 49 15
58 50 7
58 51 8
58 52 22
58 53 1
58 54 27
58 55 31
58 56 50
58 57 38
