31
1 0 26
2 0 6
2 1 54
3 0 47
3 1 27
3 2 31
4 0 30
4 1 18
4 2 7
4 3 37
5 0 51
5 1 52
5 2 32
5 3 4
5 4 9
6 0 9
6 1 41
6 2 24
6 3 34
6 4 15
6 5 56
7 0 55
7 1 57
7 2 57
7 3 28
7 4 47
7 5 48
7 6 6
8 0 27
8 1 5
8 2 11
8 3 49
8 4 20
8 5 48
8 6 38
8 7 13
9 0 27
9 1 50
9 2 39
9 3 2
9 4 33
9 5 42
9 6 23
9 7 43
9 8 24
10 0 18
10 1 45
10 2 7
10 3 18
10 4 10
10 5 4
10 6 3
10 7 8
10 8 47
10 9 51
11 0 18
11 1 27
11 2 21
11 3 32
11 4 24
11 5 40
11 6 26
11 7 58
11 8 53
11 9 10
11 10 48
12 0 12
12 1 37
12 2 8
12 3 36
12 4 54
12 5 56
12 6 31
12 7 2
12 8 21
12 9 34
12 10 59
12 11 41
13 0 41
13 1 5
13 2 9
13 3 1
13 4 8
13 5 45
13 6 22
13 7 37
13 8 23
13 9 35
13 10 51
13 11 26
13 12 4
14 0 34
14 1 52
14 2 43
14 3 15
14 4 28
14 5 13
14 6 44
14 7 15
14 8 49
14 9 24
14 10 22
14 11 23
14 12 55
14 13 11
15 0 3
15 1 12
15 2 50
15 3 18
15 4 53
15 5 30
15 6 47
15 7 35
15 8 41
15 9 8
15 10 44
15 11 46
15 12 21
15 13 19
15 14 22
16 0 49
16 1 48
16 2 6
16 3 29
16 4 30
16 5 35
16 6 5
16 7 9
16 8 20
16 9 29
16 10 32
16 11 1
16 12 28
16 13 4
16 14 41
16 15 3
17 0 8
17 1 56
17 2 34
17 3 6
17 4 9
17 5 1
17 6 55
17 7 29
17 8 21
17 9 14
17 10 49
17 11 18
17 12 40
17 13 23
17 14 18
17 15 58
17 16 50
18 0 6
18 1 54
18 2 43
18 3 38
18 4 6
18 5 2
18 6 32
18 7 33
18 8 15
18 9 29
18 10 53
18 11 41
18 12 6
18 13 37
18 14 37
18 15 6
18 16 46
18 17 2
19 0 14
19 1 46
19 2 41
19 3 31
19 4 54
19 5 14
19 6 6
19 7 1
19 8 49
19 9 16
19 10 42
19 11 27
19 12 33
19 13 20
19 14 54
19 15 58
19 16 47
19 17 37
19 18 58
20 0 50
20 1 23
20 2 48
20 3 47
20 4 55
20 5 51
20 6 2
20 7 33
20 8 48
20 9 28
20 10 37
20 11 44
20 12 37
20 13 38
20 14 33
20 15 15
20 16 21
20 17 36
20 18 41
20 19 20
21 0 12
21 1 1
21 2 16
21 3 3
21 4 5
21 5 20
21 6 18
21 7 57
21 8 38
21 9 13
21 10 44
21 11 43
21 12 4
21 13 47
21 14 31
21 15 30
21 16 42
21 17 9
21 18 50
21 19 20
21 20 23
22 0 58
22 1 39
22 2 9
22 3 39
22 4 19
22 5 38
22 6 52
22 7 39
22 8 59
22 9 32
22 10 46
22 11 14
22 12 55
22 13 34
22 14 1
22 15 17
22 16 42
22 17 3
22 18 18
22 19 45
22 20 44
22 21 55
23 0 46
23 1 45
23 2 18
23 3 19
23 4 39
23 5 23
23 6 58
23 7 31
23 8 19
23 9 36
23 10 20
23 11 13
23 12 46
23 13 14
23 14 2
23 15 35
23 16 48
23 17 27
23 18 33
23 19 37
23 20 8
23 21 1
23 22 16
24 0 55
24 1 18
24 2 39
24 3 24
24 4 47
24 5 23
24 6 24
24 7 30
24 8 19
24 9 39
24 10 5
24 11 8
24 12 38
24 13 28
24 14 48
24 15 45
24 16 4
24 17 30
24 18 33
24 19 37
24 20 8
24 21 50
24 22 59
24 23 33
25 0 3
25 1 25
25 2 15
25 3 1
25 4 25
25 5 12
25 6 5
25 7 24
25 8 34
25 9 46
25 10 54
25 11 40
25 12 20
25 13 18
25 14 27
25 15 9
25 16 56
25 17 8
25 18 2
25 19 14
25 20 27
25 21 21
25 22 53
25 23 11
25 24 51
26 0 14
26 1 43
26 2 3
26 3 34
26 4 19
26 5 44
26 6 40
26 7 23
26 8 24
26 9 38
26 10 25
26 11 44
26 12 58
26 13 20
26 14 38
26 15 53
26 16 42
26 17 32
26 18 25
26 19 39
26 20 53
26 21 17
26 22 57
26 23 26
26 24 24
26 25 2
27 0 35
27 1 49
27 2 57
27 3 10
27 4 25
27 5 12
27 6 13
27 7 47
27 8 59
27 9 48
27 10 58
27 11 7
27 12 30
27 13 23
27 14 58
27 15 2
27 16 21
27 17 22
27 18 52
27 19 37
27 20 18
27 21 5
27 22 51
27 23 30
27 24 21
27 25 43
27 26 55
28 0 25
28 1 6
28 2 39
28 3 12
28 4 35
28 5 12
28 6 39
28 7 26
28 8 30
28 9 15
28 10 6
28 11 49
28 12 9
28 13 18
28 14 49
28 15 35
28 16 11
28 17 32
28 18 52
28 19 57
28 20 16
28 21 6
28 22 42
28 23 49
28 24 28
28 25 54
28 26 48
28 27 42
29 0 49
29 1 10
29 2 56
29 3 14
29 4 12
29 5 42
29 6 18
29 7 58
29 8 2
29 9 22
29 10 19
29 11 32
29 12 41
29 13 14
29 14 46
29 15 9
29 16 37
29 17 17
29 18 58
29 19 5
29 20 12
29 21 50
29 22 23
29 23 58
29 24 15
29 25 45
29 26 29
29 27 24
29 28 39
30 0 23
30 1 49
30 2 32
30 3 18
30 4 40
30 5 1
30 6 51
30 7 25
30 8 5
30 9 39
30 10 7
30 11 2
30 12 48
30 13 14
30 14 47
30 15 14
30 16 53
30 17 28
30 18 12
30 19 10
30 20 3
30 21 37
30 22 42
30 23 11
30 24 14
30 25 48
30 26 38
30 27 39
30 28 27
30 29 21
