49
3 0 23
3 1 2
3 2 29
4 0 52
5 1 44
5 2 58
5 4 44
6 0 16
6 1 36
6 3 22
7 0 19
7 3 48
7 5 63
7 6 20
8 1 37
8 5 6
9 0 3
9 1 31
9 3 52
9 5 46
10 0 21
10 5 53
10 7 9
11 3 11
11 5 15
11 6 19
11 7 9
11 9 49
12 1 11
12 5 37
12 6 40
12 7 15
12 10 62
13 1 62
13 2 42
13 5 20
13 7 61
13 8 23
14 0 18
14 1 8
14 7 42
14 9 9
14 10 4
14 11 4
14 13 19
15 1 8
15 2 39
15 4 11
15 7 39
15 11 29
15 13 51
16 0 56
16 1 7
16 2 25
16 6 25
16 8 60
16 9 1
16 10 2
16 14 59
16 15 23
17 2 46
17 5 58
17 8 39
17 13 4
17 14 8
17 15 31
17 16 45
18 1 48
18 7 51
18 8 14
18 9 7
18 13 31
18 15 58
19 3 32
19 7 28
19 9 44
19 10 44
19 12 19
19 14 54
19 17 13
19 18 42
20 0 46
20 3 47
20 4 52
20 7 56
20 10 21
20 13 23
21 1 9
21 4 53
21 7 39
21 9 16
21 10 7
21 12 11
21 13 22
21 14 34
21 15 27
21 17 44
21 18 39
21 19 17
22 1 59
22 3 10
22 6 42
22 8 11
22 11 29
22 13 32
22 15 39
22 16 31
23 4 12
23 8 49
23 13 26
23 16 50
23 17 15
24 1 8
24 2 8
24 6 41
24 7 51
24 8 31
24 10 21
24 12 47
24 14 61
25 2 14
25 6 24
25 8 36
25 10 59
25 13 30
25 14 42
25 15 31
25 18 29
25 19 24
25 23 44
25 24 59
26 0 62
26 2 22
26 3 34
26 4 26
26 5 38
26 7 17
26 8 47
26 9 56
26 11 57
26 14 39
26 16 18
26 18 49
26 20 11
26 22 55
26 24 15
27 0 15
27 6 43
27 7 45
27 11 6
27 12 23
27 15 47
27 17 48
27 18 23
27 22 3
27 23 27
28 2 58
28 4 62
28 5 34
28 6 50
28 9 44
28 10 14
28 13 15
28 14 44
28 15 50
28 18 36
28 19 60
28 23 33
28 24 37
28 25 5
28 26 37
29 0 12
29 1 3
29 3 32
29 5 49
29 6 22
29 7 62
29 9 25
29 11 61
29 12 24
29 13 57
29 14 54
29 15 12
29 21 55
29 22 19
29 23 55
29 24 25
29 26 10
30 0 18
30 2 11
30 4 41
30 5 58
30 6 44
30 8 4
30 10 59
30 12 50
30 13 27
30 18 62
30 19 15
30 22 53
30 23 10
30 24 9
30 26 13
30 27 43
30 28 28
31 1 56
31 3 5
31 4 6
31 6 56
31 8 1
31 9 46
31 10 3
31 11 13
31 15 59
31 16 4
31 19 53
31 23 52
31 26 3
31 28 52
31 29 30
31 30 13
32 0 22
32 5 38
32 7 55
32 8 23
32 9 32
32 10 17
32 13 38
32 14 13
32 18 56
32 19 37
32 20 61
32 21 31
32 24 2
32 25 9
32 26 1
32 27 51
32 29 5
33 0 1
33 1 3
33 5 52
33 6 32
33 7 18
33 9 5
33 10 33
33 11 6
33 13 4
33 15 27
33 18 38
33 19 22
33 23 11
33 24 40
33 28 19
33 29 62
33 32 59
34 3 48
34 8 60
34 9 10
34 12 5
34 14 12
34 15 21
34 18 18
34 20 58
34 21 1
34 23 54
34 24 61
34 27 39
34 29 18
35 1 27
35 2 17
35 5 11
35 7 34
35 9 19
35 12 40
35 19 22
35 20 12
35 21 42
35 22 52
35 23 9
35 26 30
35 28 28
35 31 37
35 32 61
36 1 48
36 6 29
36 7 63
36 9 44
36 10 24
36 12 48
36 14 50
36 16 44
36 17 16
36 21 24
36 23 18
36 24 10
36 27 6
36 28 42
36 32 46
36 33 19
36 35 27
37 1 9
37 2 47
37 3 17
37 5 63
37 10 21
37 11 15
37 12 12
37 14 2
37 18 16
37 19 10
37 20 51
37 22 35
37 24 57
37 25 61
37 28 46
37 29 28
37 33 39
37 34 60
38 1 54
38 3 24
38 4 30
38 9 1
38 10 13
38 11 34
38 14 58
38 19 54
38 21 35
38 23 57
38 24 36
38 26 11
38 28 33
38 31 22
38 32 34
38 35 36
39 0 33
39 2 61
39 3 12
39 4 18
39 5 22
39 6 59
39 9 54
39 12 51
39 16 50
39 18 3
39 20 39
39 21 49
39 22 32
39 23 1
39 24 16
39 25 4
39 27 57
39 30 14
39 33 29
39 34 20
39 37 62
40 0 42
40 1 51
40 4 26
40 8 4
40 9 2
40 14 48
40 15 24
40 19 31
40 20 8
40 22 36
40 23 30
40 25 45
40 26 56
40 30 9
40 31 61
40 33 21
40 34 42
40 36 50
40 37 57
41 0 11
41 1 42
41 2 51
41 3 29
41 7 30
41 8 48
41 10 45
41 12 43
41 15 36
41 16 4
41 19 8
41 22 50
41 25 43
41 26 43
41 27 14
41 29 6
41 31 41
41 33 27
42 1 25
42 3 12
42 5 46
42 6 40
42 7 15
42 8 63
42 10 15
42 16 54
42 17 31
42 20 58
42 21 46
42 23 52
42 25 9
42 26 40
42 28 33
42 29 5
42 31 33
42 35 25
42 36 39
43 2 44
43 3 49
43 4 53
43 6 14
43 7 58
43 8 1
43 9 1
43 10 58
43 12 8
43 15 29
43 19 62
43 20 38
43 22 24
43 23 20
43 24 56
43 27 9
43 29 58
43 31 15
43 32 34
43 35 40
43 36 22
43 39 39
44 0 8
44 2 6
44 3 11
44 4 26
44 6 51
44 8 60
44 9 25
44 10 17
44 11 37
44 12 1
44 15 41
44 17 10
44 20 19
44 21 30
44 22 32
44 26 4
44 28 30
44 29 31
44 32 55
44 34 40
44 36 49
44 41 10
44 42 9
44 43 13
45 1 23
45 2 2
45 3 59
45 5 26
45 6 10
45 12 53
45 14 31
45 15 27
45 20 12
45 21 62
45 24 33
45 25 16
45 27 5
45 29 42
45 34 54
45 35 56
45 37 45
45 38 59
45 40 41
45 43 6
46 5 54
46 6 47
46 13 57
46 14 23
46 15 50
46 16 46
46 17 42
46 18 53
46 23 28
46 25 52
46 27 22
46 28 21
46 30 15
46 31 37
46 34 41
46 38 22
46 39 25
46 41 30
46 42 30
46 43 7
47 2 29
47 8 52
47 10 23
47 11 44
47 12 39
47 13 48
47 17 61
47 19 31
47 20 12
47 22 50
47 23 8
47 28 39
47 31 54
47 33 47
47 34 43
47 35 42
47 36 19
47 37 26
47 40 29
47 41 2
47 42 63
47 44 38
47 46 9
48 0 54
48 2 36
48 5 30
48 6 20
48 8 26
48 9 34
48 13 56
48 17 55
48 18 32
48 20 42
48 21 60
48 22 29
48 25 44
48 26 10
48 27 58
48 28 17
48 29 51
48 31 16
48 34 13
48 36 22
48 39 21
48 40 4
48 41 32
48 43 31
48 44 2
48 46 47
