24
1 0 8
2 0 1
2 1 4
3 0 4
3 1 1
3 2 4
4 0 5
4 1 1
4 2 5
4 3 8
5 0 3
5 1 2
5 2 7
5 3 1
5 4 7
6 0 3
6 1 1
6 2 3
6 3 6
6 4 4
6 5 4
7 0 2
7 1 7
7 2 6
7 3 7
7 4 6
7 5 7
7 6 8
8 0 4
8 1 6
8 2 2
8 3 5
8 4 6
8 5 5
8 6 7
8 7 6
9 0 5
9 1 4
9 2 5
9 3 4
9 4 7
9 5 3
9 6 5
9 7 6
9 8 8
10 0 7
10 1 4
10 2 4
10 3 1
10 4 4
10 5 1
10 6 4
10 7 1
10 8 6
10 9 1
11 0 6
11 1 2
11 2 3
11 3 6
11 4 4
11 5 4
11 6 3
11 7 1
11 8 1
11 9 6
11 10 4
12 0 1
12 1 6
12 2 6
12 3 2
12 4 3
12 5 7
12 6 5
12 7 3
12 8 4
12 9 7
12 10 3
12 11 3
13 0 1
13 1 7
13 2 1
13 3 5
13 4 6
13 5 8
13 6 5
13 7 7
13 8 4
13 9 1
13 10 6
13 11 7
13 12 1
14 0 7
14 1 6
14 2 4
14 3 1
14 4 1
14 5 6
14 6 2
14 7 1
14 8 2
14 9 7
14 10 5
14 11 6
14 12 4
14 13 5
15 0 1
15 1 3
15 2 8
15 3 4
15 4 4
15 5 4
15 6 2
15 7 7
15 8 7
15 9 4
15 10 7
15 11 6
15 12 5
15 13 2
15 14 4
16 0 4
16 1 8
16 2 6
16 3 1
16 4 8
16 5 1
16 6 5
16 7 3
16 8 2
16 9 6
16 10 7
16 11 4
16 12 2
16 13 8
16 14 3
16 15 7
17 0 7
17 1 6
17 2 7
17 3 3
17 4 7
17 5 6
17 6 6
17 7 3
17 8 7
17 9 3
17 10 3
17 11 8
17 12 1
17 13 1
17 14 3
17 15 4
17 16 6
18 0 3
18 1 8
18 2 6
18 3 4
18 4 7
18 5 4
18 6 8
18 7 4
18 8 4
18 9 2
18 10 7
18 11 3
18 12 8
18 13 7
18 14 8
18 15 2
18 16 6
18 17 4
19 0 2
19 1 5
19 2 5
19 3 7
19 4 2
19 5 3
19 6 2
19 7 6
19 8 1
19 9 6
19 10 1
19 11 4
19 12 6
19 13 2
19 14 5
19 15 8
19 16 6
19 17 2
19 18 3
20 0 7
20 1 1
20 2 1
20 3 1
20 4 3
20 5 7
20 6 3
20 7 6
20 8 8
20 9 2
20 10 6
20 11 8
20 12 3
20 13 3
20 14 2
20 15 3
20 16 8
20 17 1
20 18 6
20 19 5
21 0 1
21 1 5
21 2 8
21 3 5
21 4 1
21 5 6
21 6 7
21 7 7
21 8 2
21 9 2
21 10 6
21 11 3
21 12 3
21 13 2
21 14 5
21 15 3
21 16 2
21 17 4
21 18 5
21 19 6
21 20 4
22 0 5
22 1 4
22 2 1
22 3 3
22 4 6
22 5 4
22 6 3
22 7 3
22 8 4
22 9 3
22 10 8
22 11 5
22 12 4
22 13 2
22 14 2
22 15 5
22 16 1
22 17 1
22 18 4
22 19 8
22 20 5
22 21 1
23 0 1
23 1 8
23 2 8
23 3 2
23 4 1
23 5 2
23 6 3
23 7 4
23 8 2
23 9 7
23 10 5
23 11 6
23 12 3
23 13 8
23 14 3
23 15 5
23 16 6
23 17 6
23 18 8
23 19 3
23 20 5
23 21 3
23 22 2
