25
1 0 1
2 0 9
2 1 22
3 0 40
3 1 6
3 2 46
4 0 5
4 1 28
4 2 26
4 3 34
5 0 34
5 1 7
5 2 40
5 3 58
5 4 43
6 0 11
6 1 43
6 2 16
6 3 55
6 4 46
6 5 58
7 0 25
7 1 6
7 2 49
7 3 46
7 4 32
7 5 20
7 6 53
8 0 9
8 1 26
8 2 5
8 3 21
8 4 40
8 5 39
8 6 14
8 7 51
9 0 5
9 1 35
9 2 22
9 3 40
9 4 22
9 5 47
9 6 27
9 7 16
9 8 42
10 0 36
10 1 13
10 2 3
10 3 13
10 4 33
10 5 30
10 6 20
10 7 9
10 8 13
10 9 55
11 0 55
11 1 37
11 2 38
11 3 45
11 4 46
11 5 36
11 6 12
11 7 14
11 8 40
11 9 25
11 10 53
12 0 55
12 1 1
12 2 60
12 3 7
12 4 35
12 5 52
12 6 39
12 7 30
12 8 23
12 9 5
12 10 15
12 11 34
13 0 15
13 1 17
13 2 52
13 3 49
13 4 60
13 5 33
13 6 26
13 7 6
13 8 16
13 9 31
13 10 50
13 11 60
13 12 38
14 0 13
14 1 34
14 2 30
14 3 18
14 4 27
14 5 54
14 6 29
14 7 10
14 8 2
14 9 11
14 10 44
14 11 19
14 12 3
14 13 36
15 0 17
15 1 14
15 2 38
15 3 37
15 4 26
15 5 11
15 6 21
15 7 1
15 8 58
15 9 32
15 10 60
15 11 6
15 12 59
15 13 6
15 14 30
16 0 26
16 1 41
16 2 46
16 3 55
16 4 27
16 5 58
16 6 52
16 7 7
16 8 35
16 9 37
16 10 5
16 11 31
16 12 42
16 13 27
16 14 60
16 15 44
17 0 16
17 1 40
17 2 23
17 3 29
17 4 14
17 5 29
17 6 53
17 7 27
17 8 42
17 9 30
17 10 55
17 11 34
17 12 54
17 13 31
17 14 30
17 15 44
17 16 59
18 0 50
18 1 47
18 2 37
18 3 36
18 4 4
18 5 16
18 6 26
18 7 27
18 8 9
18 9 51
18 10 50
18 11 58
18 12 5
18 13 35
18 14 60
18 15 11
18 16 27
18 17 24
19 0 48
19 1 18
19 2 48
19 3 23
19 4 42
19 5 16
19 6 38
19 7 18
19 8 30
19 9 47
19 10 15
19 11 23
19 12 18
19 13 19
19 14 55
19 15 52
19 16 13
19 17 59
19 18 8
20 0 22
20 1 40
20 2 40
20 3 45
20 4 18
20 5 26
20 6 23
20 7 28
20 8 7
20 9 41
20 10 55
20 11 48
20 12 44
20 13 33
20 14 26
20 15 34
20 16 31
20 17 15
20 18 7
20 19 33
21 0 52
21 1 38
21 2 35
21 3 48
21 4 9
21 5 37
21 6 13
21 7 50
21 8 23
21 9 1
21 10 48
21 11 38
21 12 9
21 13 40
21 14 15
21 15 5
21 16 37
21 17 52
21 18 3
21 19 32
21 20 29
22 0 34
22 1 51
22 2 24
22 3 18
22 4 39
22 5 19
22 6 4
22 7 34
22 8 30
22 9 18
22 10 26
22 11 30
22 12 34
22 13 33
22 14 58
22 15 19
22 16 37
22 17 1
22 18 6
22 19 30
22 20 51
22 21 8
23 0 16
23 1 23
23 2 6
23 3 42
23 4 58
23 5 60
23 6 2
23 7 23
23 8 30
23 9 1
23 10 31
23 11 43
23 12 38
23 13 14
23 14 7
23 15 25
23 16 58
23 17 59
23 18 10
23 19 9
23 20 46
23 21 23
23 22 46
24 0 9
24 1 56
24 2 12
24 3 52
24 4 18
24 5 59
24 6 55
24 7 11
24 8 42
24 9 10
24 10 19
24 11 36
24 12 40
24 13 30
24 14 18
24 15 15
24 16 45
24 17 4
24 18 9
24 19 38
24 20 19
24 21 43
24 22 26
24 23 13
