38
1 0 21
2 0 14
2 1 31
3 0 15
3 1 26
3 2 32
4 0 8
4 1 26
4 2 30
4 3 18
5 0 9
5 1 3
5 2 2
5 3 32
5 4 30
6 0 28
6 1 33
6 2 15
6 3 13
6 4 31
6 5 9
7 0 15
7 1 26
7 2 10
7 3 31
7 4 24
7 5 1
7 6 24
8 0 17
8 1 12
8 2 11
8 3 6
8 4 29
8 5 24
8 6 1
8 7 11
9 0 20
9 1 21
9 2 27
9 3 3
9 4 23
9 5 2
9 6 2
9 7 10
9 8 11
10 0 20
10 1 23
10 2 30
10 3 23
10 4 33
10 5 6
10 6 12
10 7 3
10 8 17
10 9 20
11 0 26
11 1 22
11 2 8
11 3 8
11 4 16
11 5 10
11 6 22
11 7 3
11 8 23
11 9 5
11 10 18
12 0 7
12 1 21
12 2 31
12 3 16
12 4 1
12 5 9
12 6 3
12 7 16
12 8 15
12 9 10
12 10 33
12 11 15
13 0 12
13 1 13
13 2 19
13 3 13
13 4 24
13 5 23
13 6 5
13 7 24
13 8 2
13 9 31
13 10 2
13 11 7
13 12 8
14 0 25
14 1 3
14 2 29
14 3 3
14 4 9
14 5 21
14 6 20
14 7 22
14 8 23
14 9 14
14 10 32
14 11 16
14 12 27
14 13 28
15 0 3
15 1 24
15 2 11
15 3 30
15 4 5
15 5 29
15 6 18
15 7 13
15 8 2
15 9 3
15 10 6
15 11 14
15 12 13
15 13 24
15 14 17
16 0 17
16 1 11
16 2 29
16 3 4
16 4 12
16 5 16
16 6 1
16 7 5
16 8 11
16 9 7
16 10 1
16 11 1
16 12 12
16 13 26
16 14 33
16 15 23
17 0 21
17 1 6
17 2 31
17 3 24
17 4 1
17 5 25
17 6 3
17 7 19
17 8 27
17 9 9
17 10 14
17 11 31
17 12 19
17 13 5
17 14 25
17 15 19
17 16 11
18 0 22
18 1 6
18 2 32
18 3 19
18 4 20
18 5 33
18 6 7
18 7 30
18 8 19
18 9 19
18 10 27
18 11 23
18 12 8
18 13 11
18 14 28
18 15 23
18 16 22
18 17 28
19 0 8
19 1 13
19 2 29
19 3 15
19 4 28
19 5 3
19 6 10
19 7 25
19 8 18
19 9 25
19 10 19
19 11 25
19 12 25
19 13 10
19 14 3
19 15 14
19 16 27
19 17 11
19 18 5
20 0 7
20 1 10
20 2 23
20 3 9
20 4 30
20 5 7
20 6 27
20 7 21
20 8 2
20 9 16
20 10 32
20 11 15
20 12 31
20 13 19
20 14 33
20 15 14
20 16 3
20 17 17
20 18 3
20 19 3
21 0 32
21 1 6
21 2 20
21 3 11
21 4 20
21 5 25
21 6 29
21 7 19
21 8 29
21 9 28
21 10 1
21 11 14
21 12 30
21 13 22
21 14 19
21 15 21
21 16 32
21 17 28
21 18 18
21 19 24
21 20 23
22 0 21
22 1 29
22 2 23
22 3 4
22 4 22
22 5 25
22 6 25
22 7 23
22 8 25
22 9 5
22 10 17
22 11 25
22 12 9
22 13 1
22 14 28
22 15 17
22 16 23
22 17 33
22 18 22
22 19 31
22 20 5
22 21 1
23 0 16
23 1 12
23 2 10
23 3 28
23 4 6
23 5 29
23 6 8
23 7 31
23 8 4
23 9 10
23 10 13
23 11 9
23 12 14
23 13 26
23 14 6
23 15 11
23 16 4
23 17 12
23 18 10
23 19 1
23 20 28
23 21 16
23 22 23
24 0 10
24 1 18
24 2 26
24 3 19
24 4 28
24 5 28
24 6 26
24 7 10
24 8 9
24 9 17
24 10 24
24 11 16
24 12 5
24 13 33
24 14 29
24 15 3
24 16 11
24 17 21
24 18 23
24 19 16
24 20 9
24 21 25
24 22 24
24 23 29
25 0 2
25 1 8
25 2 15
25 3 25
25 4 24
25 5 1
25 6 1
25 7 12
25 8 25
25 9 9
25 10 28
25 11 22
25 12 1
25 13 2
25 14 14
25 15 20
25 16 16
25 17 8
25 18 30
25 19 33
25 20 14
25 21 3
25 22 11
25 23 26
25 24 6
26 0 28
26 1 4
26 2 17
26 3 11
26 4 15
26 5 31
26 6 2
26 7 30
26 8 17
26 9 23
26 10 1
26 11 18
26 12 9
26 13 27
26 14 17
26 15 30
26 16 25
26 17 1
26 18 27
26 19 8
26 20 32
26 21 19
26 22 22
26 23 27
26 24 11
26 25 18
27 0 25
27 1 24
27 2 31
27 3 14
27 4 27
27 5 31
27 6 7
27 7 9
27 8 18
27 9 30
27 10 7
27 11 20
27 12 29
27 13 10
27 14 17
27 15 28
27 16 25
27 17 27
27 18 13
27 19 21
27 20 5
27 21 5
27 22 1
27 23 20
27 24 1
27 25 9
27 26 14
28 0 20
28 1 20
28 2 32
28 3 30
28 4 29
28 5 33
28 6 5
28 7 25
28 8 8
28 9 2
28 10 31
28 11 28
28 12 5
28 13 11
28 14 21
28 15 5
28 16 31
28 17 29
28 18 3
28 19 12
28 20 27
28 21 24
28 22 30
28 23 4
28 24 18
28 25 17
28 26 27
28 27 22
29 0 20
29 1 25
29 2 32
29 3 30
29 4 12
29 5 22
29 6 32
29 7 24
29 8 21
29 9 27
29 10 27
29 11 31
29 12 20
29 13 12
29 14 15
29 15 19
29 16 2
29 17 28
29 18 33
29 19 6
29 20 4
29 21 9
29 22 15
29 23 6
29 24 14
29 25 6
29 26 4
29 27 22
29 28 28
30 0 10
30 1 32
30 2 16
30 3 24
30 4 11
30 5 33
30 6 28
30 7 4
30 8 16
30 9 2
30 10 27
30 11 31
30 12 19
30 13 24
30 14 18
30 15 32
30 16 25
30 17 14
30 18 20
30 19 11
30 20 21
30 21 13
30 22 14
30 23 10
30 24 14
30 25 25
30 26 15
30 27 12
30 28 13
30 29 21
31 0 31
31 1 30
31 2 10
31 3 15
31 4 22
31 5 10
31 6 12
31 7 30
31 8 3
31 9 17
31 10 16
31 11 23
31 12 25
31 13 11
31 14 7
31 15 21
31 16 19
31 17 12
31 18 2
31 19 14
31 20 25
31 21 16
31 22 8
31 23 30
31 24 19
31 25 11
31 26 10
31 27 17
31 28 16
31 29 5
31 30 30
32 0 9
32 1 6
32 2 6
32 3 22
32 4 20
32 5 9
32 6 4
32 7 6
32 8 30
32 9 12
32 10 13
32 11 14
32 12 15
32 13 4
32 14 15
32 15 25
32 16 33
32 17 15
32 18 11
32 19 5
32 20 22
32 21 1
32 22 29
32 23 20
32 24 13
32 25 12
32 26 25
32 27 24
32 28 9
32 29 23
32 30 29
32 31 2
33 0 19
33 1 6
33 2 31
33 3 11
33 4 13
33 5 25
33 6 13
33 7 5
33 8 29
33 9 18
33 10 25
33 11 21
33 12 26
33 13 29
33 14 5
33 15 22
33 16 29
33 17 16
33 18 23
33 19 12
33 20 24
33 21 27
33 22 26
33 23 15
33 24 7
33 25 32
33 26 26
33 27 32
33 28 15
33 29 7
33 30 11
33 31 10
33 32 21
34 0 24
34 1 11
34 2 15
34 3 2
34 4 5
34 5 22
34 6 8
34 7 6
34 8 4
34 9 22
34 10 19
34 11 5
34 12 26
34 13 11
34 14 10
34 15 26
34 16 5
34 17 20
34 18 32
34 19 21
34 20 16
34 21 8
34 22 24
34 23 7
34 24 12
34 25 2
34 26 31
34 27 14
34 28 2
34 29 25
34 30 22
34 31 30
34 32 5
34 33 9
35 0 26
35 1 11
35 2 23
35 3 24
35 4 8
35 5 20
35 6 23
35 7 6
35 8 3
35 9 24
35 10 28
35 11 27
35 12 7
35 13 25
35 14 19
35 15 15
35 16 21
35 17 21
35 18 22
35 19 31
35 20 33
35 21 21
35 22 26
35 23 23
35 24 27
35 25 7
35 26 25
35 27 25
35 28 5
35 29 11
35 30 16
35 31 8
35 32 4
35 33 33
35 34 4
36 0 13
36 1 10
36 2 10
36 3 8
36 4 4
36 5 33
36 6 15
36 7 21
36 8 9
36 9 23
36 10 1
36 11 30
36 12 20
36 13 21
36 14 5
36 15 26
36 16 6
36 17 28
36 18 1
36 19 3
36 20 2
36 21 11
36 22 19
36 23 18
36 24 10
36 25 5
36 26 2
36 27 2
36 28 11
36 29 22
36 30 2
36 31 33
36 32 19
36 33 11
36 34 23
36 35 19
37 0 5
37 1 9
37 2 26
37 3 25
37 4 4
37 5 2
37 6 4
37 7 25
37 8 16
37 9 13
37 10 24
37 11 9
37 12 23
37 13 10
37 14 3
37 15 5
37 16 27
37 17 5
37 18 25
37 19 33
37 20 18
37 21 26
37 22 13
37 23 30
37 24 1
37 25 15
37 26 19
37 27 10
37 28 6
37 29 10
37 30 11
37 31 26
37 32 20
37 33 21
37 34 25
37 35 8
37 36 16
