53
2 0 3
2 1 2
3 1 42
4 0 30
4 2 5
4 3 18
5 3 15
6 0 50
6 2 30
7 5 31
8 1 47
9 3 48
9 4 25
9 6 49
9 7 10
9 8 4
10 0 17
10 3 18
10 6 4
10 7 22
10 8 29
11 1 1
11 3 36
11 4 33
11 5 32
12 2 33
12 5 26
12 6 9
12 7 8
12 8 48
12 9 10
13 0 17
13 1 24
13 3 39
13 4 3
13 5 48
13 6 46
13 7 5
13 8 22
14 0 8
14 2 43
14 3 34
14 4 21
14 6 28
14 7 5
14 11 34
14 12 41
15 3 20
15 6 3
15 10 38
15 11 23
16 0 12
16 1 39
16 3 13
16 4 29
16 5 26
16 6 48
16 7 50
16 13 33
17 2 41
17 4 35
17 5 10
17 6 49
17 9 31
17 12 47
17 15 48
17 16 48
18 2 45
18 3 41
18 4 49
18 5 31
18 6 16
18 8 24
18 12 37
18 13 36
18 15 26
18 17 5
19 1 4
19 2 29
19 3 1
19 5 38
19 7 4
19 8 15
19 10 24
19 11 25
19 12 31
19 13 43
19 14 38
20 1 49
20 3 47
20 6 44
20 9 37
20 10 32
20 12 35
20 13 49
20 14 48
20 17 49
20 18 7
20 19 22
21 2 42
21 3 15
21 6 34
21 7 33
21 8 3
21 9 39
21 13 30
21 16 32
21 18 17
21 20 36
22 1 30
22 2 12
22 3 11
22 5 18
22 6 5
22 8 42
22 9 47
22 10 17
22 20 21
23 2 39
23 6 32
23 10 38
23 11 48
23 13 47
23 15 2
23 16 9
23 20 49
23 22 17
24 0 1
24 2 29
24 10 46
24 11 47
24 14 42
24 15 23
24 16 44
24 17 9
24 20 50
24 22 16
25 0 36
25 2 37
25 3 6
25 4 26
25 7 13
25 11 11
25 14 19
25 15 22
25 16 15
25 17 36
25 18 43
25 20 50
25 21 48
25 23 31
25 24 49
26 2 43
26 4 40
26 6 5
26 9 48
26 11 19
26 12 43
26 15 50
26 16 30
26 18 37
26 21 47
26 23 5
27 1 5
27 2 32
27 3 32
27 6 12
27 8 11
27 12 41
27 15 35
27 16 7
27 18 10
27 19 45
27 20 14
27 21 4
27 23 37
27 24 49
27 25 35
27 26 23
28 9 17
28 12 27
28 13 31
28 16 7
28 17 24
28 18 18
28 19 34
28 20 36
28 21 15
28 23 13
29 1 17
29 3 37
29 4 24
29 6 41
29 7 37
29 8 9
29 10 18
29 11 17
29 12 32
29 16 26
29 17 15
29 18 39
29 20 38
29 22 26
29 26 26
29 27 38
29 28 42
30 0 3
30 3 9
30 6 10
30 8 32
30 11 47
30 17 19
30 20 46
30 23 50
30 24 9
30 25 17
30 28 7
31 0 41
31 1 33
31 5 19
31 6 48
31 7 21
31 10 24
31 13 5
31 14 8
31 16 26
31 18 39
31 20 39
31 22 7
31 23 32
31 27 27
32 0 7
32 1 13
32 2 12
32 3 45
32 4 35
32 5 38
32 6 40
32 8 12
32 10 44
32 11 14
32 13 39
32 14 1
32 17 50
32 18 17
32 20 17
32 22 21
32 26 41
32 27 31
32 28 33
32 29 43
32 31 15
33 2 9
33 3 1
33 4 22
33 5 29
33 6 25
33 7 5
33 9 46
33 10 40
33 11 40
33 13 1
33 14 32
33 15 23
33 18 16
33 19 39
33 22 15
33 25 43
33 26 32
33 28 21
33 29 27
33 30 12
33 32 38
34 0 48
34 1 39
34 2 11
34 3 40
34 4 42
34 5 16
34 6 38
34 7 13
34 8 19
34 10 18
34 12 45
34 14 37
34 15 46
34 16 35
34 18 15
34 20 25
34 22 44
34 27 7
34 30 2
34 31 48
34 32 19
34 33 5
35 1 43
35 2 36
35 6 22
35 7 35
35 8 6
35 12 5
35 13 48
35 14 14
35 15 39
35 16 27
35 20 23
35 23 32
35 26 26
35 27 37
35 28 25
35 29 30
35 32 25
35 33 45
36 0 44
36 1 27
36 5 13
36 6 23
36 7 4
36 9 23
36 10 18
36 11 41
36 15 22
36 17 19
36 19 7
36 20 2
36 24 17
36 26 31
36 27 44
36 30 18
36 32 36
36 33 48
36 34 3
37 0 4
37 1 7
37 4 3
37 5 16
37 8 44
37 9 42
37 10 34
37 11 20
37 16 42
37 17 48
37 18 19
37 20 1
37 21 32
37 22 28
37 23 4
37 26 46
37 27 4
37 28 26
37 29 42
37 31 28
37 33 25
37 35 39
37 36 9
38 0 12
38 2 8
38 6 41
38 7 9
38 8 20
38 9 4
38 13 42
38 14 12
38 16 48
38 20 39
38 21 28
38 26 46
38 27 35
38 28 10
38 29 18
38 31 3
38 35 16
38 36 13
38 37 32
39 1 42
39 3 6
39 5 5
39 8 17
39 9 50
39 10 13
39 12 11
39 13 9
39 14 48
39 15 27
39 17 21
39 18 35
39 19 11
39 20 29
39 21 34
39 22 13
39 23 27
39 24 19
39 26 30
39 27 47
39 28 18
39 29 3
39 32 22
39 33 45
39 35 18
39 37 7
39 38 10
40 0 48
40 1 48
40 2 1
40 6 44
40 7 8
40 8 21
40 9 13
40 10 47
40 17 42
40 18 27
40 20 44
40 21 40
40 24 42
40 27 46
40 30 26
40 32 41
40 36 23
40 38 11
41 1 29
41 2 6
41 3 40
41 7 48
41 8 23
41 18 47
41 19 26
41 20 21
41 22 44
41 23 2
41 28 16
41 29 23
41 30 11
41 32 20
41 33 2
41 34 4
41 35 15
41 36 22
41 38 37
41 39 3
42 2 12
42 5 35
42 6 21
42 7 2
42 10 29
42 12 18
42 13 25
42 14 13
42 15 17
42 16 4
42 17 40
42 19 39
42 24 29
42 25 20
42 26 24
42 28 35
42 29 37
42 31 24
42 36 10
42 37 17
42 39 39
42 40 14
42 41 11
43 0 16
43 1 24
43 5 26
43 8 26
43 9 47
43 10 30
43 12 50
43 14 30
43 15 5
43 16 8
43 17 29
43 18 40
43 19 14
43 21 9
43 23 18
43 24 36
43 25 10
43 30 1
43 32 40
43 36 29
43 37 19
43 39 13
43 40 20
43 41 15
44 0 26
44 2 2
44 3 42
44 6 50
44 10 42
44 12 7
44 13 29
44 14 50
44 16 1
44 17 17
44 18 23
44 20 19
44 21 2
44 22 18
44 24 34
44 25 34
44 27 26
44 30 50
44 31 48
44 33 3
44 34 12
44 38 11
44 39 18
44 40 32
45 1 40
45 2 41
45 5 30
45 6 28
45 9 34
45 10 26
45 17 13
45 19 45
45 20 26
45 21 15
45 22 38
45 24 7
45 26 9
45 28 17
45 29 19
45 31 15
45 32 26
45 36 22
45 37 6
45 38 11
45 39 49
45 40 20
45 44 8
46 3 34
46 5 18
46 8 27
46 12 6
46 16 28
46 17 50
46 18 6
46 19 32
46 20 12
46 22 49
46 25 14
46 26 43
46 29 17
46 31 35
46 36 23
46 37 39
46 41 5
46 43 37
46 45 23
47 0 18
47 1 23
47 2 4
47 5 34
47 7 16
47 8 27
47 9 7
47 10 28
47 12 11
47 13 44
47 15 48
47 17 41
47 18 1
47 22 46
47 23 37
47 25 31
47 27 13
47 30 37
47 31 13
47 32 16
47 33 27
47 35 3
47 36 28
47 38 20
47 40 39
47 42 22
47 45 15
47 46 3
48 2 27
48 3 15
48 6 48
48 7 25
48 8 27
48 10 2
48 11 11
48 12 16
48 13 42
48 16 25
48 17 46
48 20 21
48 22 32
48 23 16
48 24 15
48 26 8
48 27 25
48 28 23
48 30 12
48 31 18
48 34 47
48 36 34
48 39 19
48 42 41
48 43 31
48 44 48
48 46 34
48 47 16
49 0 12
49 1 2
49 3 23
49 4 28
49 6 12
49 10 15
49 11 35
49 12 38
49 13 37
49 15 9
49 17 14
49 19 8
49 20 34
49 25 48
49 26 32
49 29 1
49 32 47
49 36 42
49 37 25
49 40 2
49 41 38
49 42 38
49 43 22
49 45 28
49 46 21
49 48 11
50 3 22
50 8 39
50 10 31
50 12 18
50 13 38
50 14 33
50 16 34
50 18 27
50 19 10
50 21 15
50 23 15
50 24 18
50 26 7
50 32 39
50 35 44
50 36 1
50 37 43
50 39 43
50 41 44
50 43 44
50 44 32
50 47 7
50 48 26
51 0 32
51 1 8
51 2 18
51 3 4
51 4 11
51 7 32
51 8 37
51 9 14
51 10 33
51 13 24
51 16 28
51 17 9
51 18 7
51 20 2
51 21 2
51 24 47
51 25 28
51 29 46
51 30 28
51 32 9
51 35 44
51 38 16
51 39 16
51 41 30
51 42 22
51 45 23
51 46 4
51 47 49
51 48 50
52 1 17
52 2 42
52 3 31
52 5 39
52 6 16
52 8 32
52 11 39
52 13 39
52 16 43
52 18 32
52 19 1
52 20 35
52 21 10
52 23 9
52 25 21
52 26 50
52 27 35
52 28 24
52 33 49
52 35 43
52 37 44
52 40 36
52 43 17
52 46 40
52 47 7
