38
1 0 10
2 1 26
3 2 27
5 0 7
5 1 31
5 4 1
6 0 22
6 1 18
6 2 18
6 4 11
6 5 25
7 1 17
7 3 13
7 4 16
7 6 1
8 0 32
8 2 28
8 7 24
9 2 8
9 3 4
9 5 31
9 8 24
10 5 29
10 6 28
10 7 8
10 9 18
11 2 27
11 3 4
11 4 18
11 8 7
11 10 21
12 0 11
12 1 4
12 4 29
12 5 5
12 6 12
12 10 24
13 0 28
13 2 23
13 3 3
13 6 13
13 9 13
13 10 15
13 11 2
13 12 24
14 0 26
14 2 6
14 7 12
14 9 16
14 11 27
15 2 24
15 3 7
15 6 3
15 8 32
15 9 29
15 10 4
15 13 9
16 0 12
16 3 18
16 4 12
16 5 31
16 7 28
16 8 16
16 11 5
16 12 6
16 14 25
17 2 17
17 4 4
17 6 28
17 8 30
17 12 26
17 13 9
17 15 28
18 0 25
18 1 1
18 2 19
18 5 4
18 7 14
18 10 23
18 12 20
18 13 15
18 14 24
18 16 13
19 2 1
19 3 25
19 4 29
19 7 19
19 8 10
19 10 4
19 11 24
19 13 32
19 15 22
19 17 29
19 18 31
20 3 14
20 4 23
20 5 1
20 6 20
20 7 15
20 8 28
20 9 5
20 10 24
20 11 2
20 13 4
20 14 18
20 15 31
20 16 11
20 19 10
21 3 21
21 5 27
21 6 22
21 8 16
21 9 2
21 10 6
21 11 6
21 15 31
21 16 22
21 17 1
21 18 7
21 19 31
22 1 31
22 4 29
22 5 8
22 6 18
22 7 8
22 10 29
22 11 3
22 12 30
22 13 11
22 14 13
22 15 8
22 17 13
22 18 2
22 21 21
23 0 29
23 2 8
23 3 12
23 6 23
23 7 19
23 9 25
23 10 10
23 15 28
23 16 31
23 17 30
23 18 20
23 19 23
23 22 8
24 2 31
24 3 31
24 5 6
24 7 19
24 8 3
24 10 28
24 11 5
24 12 11
24 15 28
24 16 20
24 17 28
24 19 29
24 20 21
24 21 18
24 23 16
25 2 22
25 3 16
25 4 31
25 5 32
25 6 2
25 7 4
25 8 6
25 10 28
25 12 32
25 13 11
25 16 2
25 19 6
25 20 24
25 22 6
26 1 2
26 2 17
26 3 14
26 4 32
26 6 11
26 7 12
26 8 20
26 10 27
26 11 14
26 13 6
26 15 3
26 16 18
26 17 9
26 18 2
26 20 23
26 21 11
26 22 9
26 25 12
27 0 27
27 1 11
27 4 28
27 5 11
27 7 32
27 8 11
27 9 27
27 10 16
27 15 32
27 16 2
27 17 20
27 18 23
27 22 27
27 23 16
28 0 7
28 1 21
28 2 9
28 3 23
28 4 8
28 5 20
28 6 13
28 7 18
28 9 32
28 10 29
28 12 24
28 16 5
28 19 9
28 20 14
28 21 21
28 22 30
28 25 16
28 26 5
29 1 26
29 4 20
29 5 27
29 7 13
29 10 10
29 12 16
29 13 14
29 14 11
29 16 3
29 18 29
29 19 28
29 23 32
29 24 16
29 25 2
30 1 8
30 3 24
30 4 17
30 6 28
30 11 16
30 13 17
30 17 32
30 21 26
30 22 2
30 23 16
30 25 15
30 26 31
30 27 24
30 28 9
30 29 28
31 0 26
31 1 17
31 3 12
31 6 13
31 8 28
31 9 18
31 10 7
31 12 18
31 13 12
31 14 10
31 18 15
31 22 16
31 27 32
31 28 17
31 29 25
32 1 12
32 2 14
32 3 32
32 5 8
32 7 4
32 8 26
32 9 23
32 18 7
32 19 31
32 20 27
32 21 16
32 23 22
32 24 16
32 25 22
32 27 3
32 28 21
32 29 5
32 31 11
33 0 27
33 1 8
33 2 27
33 3 13
33 7 29
33 9 24
33 10 31
33 12 3
33 13 1
33 14 7
33 15 26
33 18 14
33 22 26
33 24 13
33 25 14
33 26 6
33 27 24
33 28 4
33 29 29
33 31 14
34 1 14
34 3 28
34 5 1
34 9 2
34 10 27
34 11 28
34 13 21
34 14 15
34 19 21
34 22 30
34 27 10
34 28 12
34 31 22
34 32 28
35 1 32
35 3 15
35 4 17
35 5 2
35 8 19
35 9 11
35 10 18
35 12 28
35 13 13
35 16 25
35 19 20
35 21 1
35 22 10
35 23 30
35 24 27
35 28 11
35 31 8
35 34 16
36 0 26
36 1 31
36 3 22
36 7 14
36 8 28
36 11 27
36 12 16
36 14 32
36 15 25
36 16 31
36 17 22
36 19 5
36 20 2
36 21 14
36 22 16
36 23 24
36 28 27
36 29 1
36 33 24
36 34 3
37 1 23
37 3 8
37 4 21
37 5 24
37 6 30
37 8 14
37 10 17
37 11 20
37 13 2
37 17 17
37 18 18
37 20 5
37 21 1
37 22 12
37 23 17
37 27 4
37 29 12
37 30 32
37 31 14
37 36 29
