49
1 0 31
2 0 24
2 1 7
3 0 25
3 1 21
3 2 10
4 0 2
4 1 25
4 2 27
4 3 3
5 0 7
5 1 8
5 2 2
5 3 16
5 4 9
6 0 17
6 1 24
6 2 18
6 3 5
6 4 32
6 5 27
7 0 8
7 1 19
7 2 10
7 3 13
7 4 2
7 5 1
7 6 27
8 0 32
8 1 32
8 2 31
8 3 5
8 4 20
8 5 26
8 6 24
8 7 32
9 0 12
9 1 2
9 2 4
9 3 27
9 4 31
9 5 6
9 6 19
9 7 25
9 8 6
10 0 6
10 1 32
10 2 25
10 3 30
10 4 27
10 5 23
10 6 9
10 7 16
10 8 11
10 9 5
11 0 17
11 1 20
11 2 12
11 3 31
11 4 8
11 5 20
11 6 6
11 7 7
11 8 1
11 9 5
11 10 7
12 0 13
12 1 22
12 2 6
12 3 19
12 4 33
12 5 24
12 6 10
12 7 29
12 8 29
12 9 16
12 10 3
12 11 32
13 0 24
13 1 10
13 2 2
13 3 22
13 4 22
13 5 16
13 6 7
13 7 3
13 8 12
13 9 4
13 10 13
13 11 23
13 12 11
14 0 21
14 1 28
14 2 28
14 3 9
14 4 19
14 5 29
14 6 6
14 7 32
14 8 5
14 9 7
14 10 30
14 11 19
14 12 31
14 13 21
15 0 12
15 1 10
15 2 29
15 3 9
15 4 1
15 5 26
15 6 9
15 7 32
15 8 13
15 9 5
15 10 3
15 11 1
15 12 28
15 13 26
15 14 23
16 0 14
16 1 2
16 2 33
16 3 33
16 4 28
16 5 14
16 6 14
16 7 23
16 8 18
16 9 9
16 10 28
16 11 20
16 12 13
16 13 6
16 14 15
16 15 32
17 0 4
17 1 24
17 2 2
17 3 33
17 4 18
17 5 25
17 6 24
17 7 10
17 8 28
17 9 32
17 10 21
17 11 9
17 12 27
17 13 6
17 14 8
17 15 22
17 16 28
18 0 25
18 1 11
18 2 30
18 3 4
18 4 29
18 5 1
18 6 21
18 7 14
18 8 33
18 9 8
18 10 17
18 11 21
18 12 6
18 13 33
18 14 5
18 15 15
18 16 22
18 17 16
19 0 7
19 1 4
19 2 14
19 3 32
19 4 6
19 5 20
19 6 20
19 7 32
19 8 13
19 9 16
19 10 24
19 11 2
19 12 2
19 13 19
19 14 4
19 15 12
19 16 2
19 17 23
19 18 15
20 0 21
20 1 22
20 2 15
20 3 15
20 4 14
20 5 19
20 6 30
20 7 2
20 8 24
20 9 4
20 10 6
20 11 7
20 12 6
20 13 32
20 14 32
20 15 25
20 16 20
20 17 18
20 18 27
20 19 17
21 0 18
21 1 24
21 2 5
21 3 26
21 4 4
21 5 7
21 6 9
21 7 2
21 8 3
21 9 30
21 10 14
21 11 2
21 12 10
21 13 24
21 14 18
21 15 4
21 16 26
21 17 2
21 18 15
21 19 29
21 20 8
22 0 23
22 1 23
22 2 13
22 3 6
22 4 10
22 5 25
22 6 23
22 7 25
22 8 17
22 9 5
22 10 17
22 11 19
22 12 4
22 13 9
22 14 31
22 15 4
22 16 8
22 17 19
22 18 25
22 19 15
22 20 17
22 21 31
23 0 8
23 1 16
23 2 32
23 3 19
23 4 11
23 5 3
23 6 26
23 7 33
23 8 15
23 9 17
23 10 12
23 11 16
23 12 24
23 13 7
23 14 19
23 15 7
23 16 30
23 17 21
23 18 10
23 19 8
23 20 22
23 21 4
23 22 21
24 0 26
24 1 26
24 2 19
24 3 29
24 4 11
24 5 12
24 6 21
24 7 33
24 8 32
24 9 20
24 10 14
24 11 20
24 12 18
24 13 3
24 14 15
24 15 16
24 16 25
24 17 28
24 18 33
24 19 32
24 20 7
24 21 3
24 22 22
24 23 2
25 0 4
25 1 22
25 2 25
25 3 31
25 4 3
25 5 1
25 6 9
25 7 7
25 8 9
25 9 18
25 10 5
25 11 2
25 12 21
25 13 20
25 14 3
25 15 7
25 16 14
25 17 19
25 18 7
25 19 15
25 20 29
25 21 19
25 22 26
25 23 23
25 24 22
26 0 3
26 1 26
26 2 14
26 3 31
26 4 8
26 5 29
26 6 24
26 7 17
26 8 7
26 9 3
26 10 31
26 11 2
26 12 6
26 13 11
26 14 10
26 15 4
26 16 25
26 17 23
26 18 19
26 19 1
26 20 14
26 21 27
26 22 19
26 23 18
26 24 33
26 25 31
27 0 19
27 1 15
27 2 32
27 3 20
27 4 8
27 5 22
27 6 28
27 7 27
27 8 11
27 9 9
27 10 17
27 11 10
27 12 24
27 13 28
27 14 22
27 15 5
27 16 28
27 17 2
27 18 32
27 19 33
27 20 18
27 21 23
27 22 29
27 23 16
27 24 23
27 25 23
27 26 24
28 0 15
28 1 17
28 2 3
28 3 30
28 4 30
28 5 31
28 6 27
28 7 30
28 8 16
28 9 33
28 10 19
28 11 1
28 12 31
28 13 20
28 14 16
28 15 16
28 16 18
28 17 8
28 18 9
28 19 19
28 20 8
28 21 2
28 22 25
28 23 3
28 24 16
28 25 16
28 26 16
28 27 30
29 0 7
29 1 32
29 2 19
29 3 30
29 4 15
29 5 8
29 6 15
29 7 33
29 8 21
29 9 7
29 10 10
29 11 13
29 12 3
29 13 17
29 14 19
29 15 16
29 16 4
29 17 6
29 18 23
29 19 20
29 20 21
29 21 31
29 22 17
29 23 18
29 24 18
29 25 9
29 26 24
29 27 28
29 28 20
30 0 3
30 1 9
30 2 8
30 3 14
30 4 21
30 5 17
30 6 22
30 7 6
30 8 13
30 9 30
30 10 16
30 11 9
30 12 6
30 13 6
30 14 5
30 15 8
30 16 21
30 17 3
30 18 23
30 19 20
30 20 22
30 21 1
30 22 30
30 23 6
30 24 27
30 25 9
30 26 32
30 27 10
30 28 12
30 29 18
31 0 24
31 1 3
31 2 16
31 3 8
31 4 2
31 5 14
31 6 19
31 7 14
31 8 16
31 9 7
31 10 22
31 11 22
31 12 19
31 13 16
31 14 19
31 15 29
31 16 20
31 17 10
31 18 7
31 19 2
31 20 10
31 21 3
31 22 33
31 23 27
31 24 18
31 25 13
31 26 23
31 27 12
31 28 22
31 29 32
31 30 29
32 0 32
32 1 2
32 2 21
32 3 21
32 4 6
32 5 7
32 6 17
32 7 21
32 8 17
32 9 13
32 10 10
32 11 16
32 12 33
32 13 11
32 14 27
32 15 25
32 16 4
32 17 7
32 18 4
32 19 24
32 20 6
32 21 31
32 22 28
32 23 1
32 24 19
32 25 20
32 26 14
32 27 33
32 28 22
32 29 15
32 30 13
32 31 26
33 0 6
33 1 26
33 2 1
33 3 33
33 4 20
33 5 23
33 6 7
33 7 21
33 8 10
33 9 22
33 10 23
33 11 21
33 12 19
33 13 2
33 14 22
33 15 7
33 16 32
33 17 13
33 18 7
33 19 32
33 20 30
33 21 23
33 22 28
33 23 10
33 24 13
33 25 22
33 26 13
33 27 10
33 28 19
33 29 30
33 30 31
33 31 2
33 32 25
34 0 29
34 1 14
34 2 3
34 3 32
34 4 14
34 5 10
34 6 25
34 7 31
34 8 12
34 9 7
34 10 31
34 11 13
34 12 8
34 13 22
34 14 10
34 15 5
34 16 1
34 17 4
34 18 23
34 19 21
34 20 32
34 21 33
34 22 19
34 23 32
34 24 14
34 25 20
34 26 4
34 27 28
34 28 32
34 29 22
34 30 13
34 31 2
34 32 10
34 33 13
35 0 9
35 1 24
35 2 29
35 3 2
35 4 9
35 5 6
35 6 1
35 7 14
35 8 33
35 9 6
35 10 32
35 11 20
35 12 32
35 13 3
35 14 5
35 15 10
35 16 6
35 17 33
35 18 33
35 19 9
35 20 20
35 21 25
35 22 16
35 23 23
35 24 15
35 25 2
35 26 21
35 27 16
35 28 28
35 29 5
35 30 11
35 31 5
35 32 10
35 33 21
35 34 23
36 0 14
36 1 10
36 2 23
36 3 14
36 4 25
36 5 21
36 6 11
36 7 25
36 8 24
36 9 9
36 10 6
36 11 21
36 12 14
36 13 3
36 14 28
36 15 15
36 16 27
36 17 25
36 18 6
36 19 30
36 20 23
36 21 16
36 22 17
36 23 18
36 24 8
36 25 14
36 26 7
36 27 19
36 28 20
36 29 33
36 30 24
36 31 13
36 32 2
36 33 10
36 34 7
36 35 2
37 0 26
37 1 26
37 2 4
37 3 3
37 4 29
37 5 5
37 6 26
37 7 27
37 8 17
37 9 31
37 10 16
37 11 11
37 12 4
37 13 19
37 14 23
37 15 27
37 16 13
37 17 7
37 18 18
37 19 25
37 20 2
37 21 30
37 22 14
37 23 10
37 24 22
37 25 1
37 26 22
37 27 32
37 28 21
37 29 31
37 30 18
37 31 30
37 32 6
37 33 32
37 34 32
37 35 5
37 36 21
38 0 2
38 1 16
38 2 5
38 3 3
38 4 26
38 5 29
38 6 12
38 7 10
38 8 18
38 9 4
38 10 7
38 11 10
38 12 6
38 13 22
38 14 8
38 15 7
38 16 11
38 17 10
38 18 11
38 19 9
38 20 12
38 21 22
38 22 20
38 23 28
38 24 15
38 25 30
38 26 5
38 27 2
38 28 2
38 29 16
38 30 16
38 31 13
38 32 18
38 33 11
38 34 30
38 35 12
38 36 2
38 37 22
39 0 27
39 1 1
39 2 26
39 3 18
39 4 18
39 5 28
39 6 33
39 7 21
39 8 22
39 9 19
39 10 23
39 11 28
39 12 16
39 13 22
39 14 4
39 15 30
39 16 10
39 17 25
39 18 19
39 19 30
39 20 21
39 21 3
39 22 31
39 23 22
39 24 18
39 25 23
39 26 33
39 27 24
39 28 26
39 29 11
39 30 30
39 31 16
39 32 3
39 33 28
39 34 18
39 35 23
39 36 11
39 37 21
39 38 4
40 0 23
40 1 1
40 2 18
40 3 21
40 4 19
40 5 16
40 6 13
40 7 2
40 8 16
40 9 18
40 10 24
40 11 4
40 12 30
40 13 24
40 14 17
40 15 1
40 16 33
40 17 16
40 18 6
40 19 9
40 20 31
40 21 18
40 22 32
40 23 4
40 24 1
40 25 13
40 26 12
40 27 32
40 28 1
40 29 28
40 30 17
40 31 17
40 32 22
40 33 10
40 34 14
40 35 6
40 36 29
40 37 14
40 38 21
40 39 11
41 0 23
41 1 30
41 2 24
41 3 16
41 4 33
41 5 27
41 6 17
41 7 6
41 8 23
41 9 25
41 10 31
41 11 11
41 12 30
41 13 26
41 14 11
41 15 23
41 16 6
41 17 13
41 18 8
41 19 25
41 20 28
41 21 28
41 22 23
41 23 6
41 24 6
41 25 2
41 26 10
41 27 5
41 28 32
41 29 14
41 30 7
41 31 6
41 32 4
41 33 28
41 34 17
41 35 19
41 36 7
41 37 2
41 38 7
41 39 1
41 40 28
42 0 23
42 1 16
42 2 31
42 3 23
42 4 14
42 5 28
42 6 14
42 7 8
42 8 30
42 9 15
42 10 27
42 11 16
42 12 3
42 13 33
42 14 30
42 15 27
42 16 4
42 17 15
42 18 3
42 19 5
42 20 14
42 21 26
42 22 15
42 23 26
42 24 5
42 25 19
42 26 6
42 27 25
42 28 3
42 29 30
42 30 31
42 31 18
42 32 12
42 33 4
42 34 8
42 35 14
42 36 16
42 37 10
42 38 24
42 39 2
42 40 16
42 41 16
43 0 29
43 1 15
43 2 4
43 3 33
43 4 32
43 5 5
43 6 10
43 7 14
43 8 25
43 9 31
43 10 25
43 11 5
43 12 13
43 13 13
43 14 27
43 15 21
43 16 28
43 17 33
43 18 17
43 19 6
43 20 15
43 21 31
43 22 32
43 23 28
43 24 17
43 25 19
43 26 24
43 27 4
43 28 1
43 29 6
43 30 4
43 31 13
43 32 5
43 33 22
43 34 27
43 35 3
43 36 22
43 37 2
43 38 1
43 39 1
43 40 27
43 41 10
43 42 24
44 0 6
44 1 7
44 2 12
44 3 17
44 4 14
44 5 15
44 6 28
44 7 22
44 8 3
44 9 3
44 10 20
44 11 24
44 12 24
44 13 25
44 14 1
44 15 10
44 16 15
44 17 24
44 18 32
44 19 29
44 20 1
44 21 1
44 22 15
44 23 5
44 24 25
44 25 2
44 26 27
44 27 30
44 28 27
44 29 18
44 30 22
44 31 14
44 32 2
44 33 27
44 34 3
44 35 13
44 36 4
44 37 26
44 38 23
44 39 9
44 40 11
44 41 28
44 42 19
44 43 13
45 0 31
45 1 13
45 2 12
45 3 12
45 4 13
45 5 22
45 6 29
45 7 21
45 8 5
45 9 24
45 10 29
45 11 25
45 12 23
45 13 20
45 14 7
45 15 16
45 16 31
45 17 14
45 18 6
45 19 9
45 20 19
45 21 11
45 22 1
45 23 21
45 24 14
45 25 13
45 26 24
45 27 2
45 28 12
45 29 1
45 30 15
45 31 32
45 32 31
45 33 30
45 34 29
45 35 25
45 36 3
45 37 25
45 38 14
45 39 18
45 40 21
45 41 31
45 42 25
45 43 22
45 44 30
46 0 27
46 1 25
46 2 30
46 3 14
46 4 26
46 5 29
46 6 24
46 7 33
46 8 33
46 9 30
46 10 5
46 11 21
46 12 2
46 13 33
46 14 17
46 15 18
46 16 26
46 17 23
46 18 11
46 19 22
46 20 15
46 21 26
46 22 23
46 23 30
46 24 27
46 25 18
46 26 31
46 27 17
46 28 15
46 29 30
46 30 29
46 31 30
46 32 31
46 33 28
46 34 17
46 35 13
46 36 20
46 37 25
46 38 31
46 39 18
46 40 18
46 41 29
46 42 9
46 43 29
46 44 16
46 45 20
47 0 12
47 1 11
47 2 28
47 3 22
47 4 32
47 5 22
47 6 20
47 7 14
47 8 12
47 9 17
47 10 1
47 11 20
47 12 26
47 13 12
47 14 29
47 15 8
47 16 3
47 17 31
47 18 16
47 19 28
47 20 16
47 21 3
47 22 31
47 23 32
47 24 10
47 25 9
47 26 2
47 27 18
47 28 10
47 29 11
47 30 1
47 31 28
47 32 12
47 33 15
47 34 2
47 35 27
47 36 16
47 37 6
47 38 30
47 39 13
47 40 22
47 41 9
47 42 25
47 43 21
47 44 16
47 45 5
47 46 7
48 0 33
48 1 11
48 2 32
48 3 5
48 4 12
48 5 18
48 6 4
48 7 25
48 8 2
48 9 11
48 10 15
48 11 17
48 12 12
48 13 10
48 14 7
48 15 11
48 16 12
48 17 33
48 18 2
48 19 7
48 20 29
48 21 12
48 22 16
48 23 22
48 24 20
48 25 27
48 26 2
48 27 1
48 28 13
48 29 12
48 30 22
48 31 21
48 32 28
48 33 19
48 34 2
48 35 6
48 36 10
48 37 22
48 38 20
48 39 18
48 40 32
48 41 3
48 42 18
48 43 17
48 44 18
48 45 21
48 46 2
48 47 31
