55
1 0 19
2 0 3
2 1 8
3 0 1
3 1 5
3 2 6
4 0 4
4 1 2
4 2 16
4 3 17
5 0 6
5 1 2
5 2 17
5 3 3
5 4 2
6 0 7
6 1 10
6 2 10
6 3 8
6 4 12
6 5 14
7 0 18
7 1 12
7 2 19
7 3 9
7 4 1
7 5 19
7 6 15
8 0 5
8 1 9
8 2 2
8 3 4
8 4 4
8 5 1
8 6 15
8 7 6
9 0 8
9 1 12
9 2 3
9 3 4
9 4 6
9 5 14
9 6 11
9 7 2
9 8 19
10 0 12
10 1 18
10 2 8
10 3 2
10 4 19
10 5 4
10 6 10
10 7 18
10 8 12
10 9 3
11 0 18
11 1 11
11 2 9
11 3 13
11 4 5
11 5 19
11 6 14
11 7 4
11 8 14
11 9 9
11 10 7
12 0 13
12 1 10
12 2 3
12 3 2
12 4 19
12 5 8
12 6 3
12 7 3
12 8 13
12 9 18
12 10 12
12 11 10
13 0 6
13 1 16
13 2 2
13 3 9
13 4 7
13 5 16
13 6 1
13 7 2
13 8 5
13 9 12
13 10 14
13 11 7
13 12 16
14 0 2
14 1 5
14 2 16
14 3 10
14 4 5
14 5 5
14 6 1
14 7 11
14 8 11
14 9 17
14 10 8
14 11 19
14 12 2
14 13 11
15 0 18
15 1 3
15 2 1
15 3 2
15 4 12
15 5 13
15 6 18
15 7 1
15 8 2
15 9 5
15 10 8
15 11 14
15 12 2
15 13 8
15 14 16
16 0 19
16 1 6
16 2 4
16 3 19
16 4 10
16 5 14
16 6 12
16 7 17
16 8 8
16 9 5
16 10 4
16 11 9
16 12 2
16 13 7
16 14 15
16 15 15
17 0 12
17 1 19
17 2 6
17 3 8
17 4 18
17 5 3
17 6 8
17 7 2
17 8 3
17 9 8
17 10 2
17 11 7
17 12 17
17 13 3
17 14 6
17 15 7
17 16 11
18 0 8
18 1 19
18 2 2
18 3 15
18 4 16
18 5 8
18 6 15
18 7 10
18 8 14
18 9 10
18 10 1
18 11 13
18 12 7
18 13 16
18 14 2
18 15 16
18 16 8
18 17 14
19 0 7
19 1 2
19 2 3
19 3 17
19 4 14
19 5 11
19 6 7
19 7 3
19 8 8
19 9 1
19 10 9
19 11 1
19 12 19
19 13 6
19 14 4
19 15 13
19 16 2
19 17 15
19 18 4
20 0 12
20 1 2
20 2 9
20 3 2
20 4 10
20 5 3
20 6 8
20 7 17
20 8 14
20 9 11
20 10 10
20 11 2
20 12 17
20 13 12
20 14 13
20 15 16
20 16 1
20 17 3
20 18 18
20 19 17
21 0 8
21 1 4
21 2 17
21 3 2
21 4 11
21 5 11
21 6 3
21 7 16
21 8 18
21 9 12
21 10 7
21 11 6
21 12 5
21 13 15
21 14 11
21 15 11
21 16 8
21 17 4
21 18 8
21 19 13
21 20 13
22 0 12
22 1 4
22 2 19
22 3 6
22 4 2
22 5 19
22 6 1
22 7 15
22 8 10
22 9 11
22 10 4
22 11 15
22 12 2
22 13 9
22 14 12
22 15 3
22 16 10
22 17 5
22 18 13
22 19 9
22 20 15
22 21 2
23 0 16
23 1 18
23 2 12
23 3 6
23 4 1
23 5 3
23 6 6
23 7 8
23 8 7
23 9 17
23 10 7
23 11 19
23 12 13
23 13 19
23 14 16
23 15 5
23 16 13
23 17 5
23 18 14
23 19 1
23 20 9
23 21 9
23 22 19
24 0 15
24 1 3
24 2 15
24 3 3
24 4 15
24 5 7
24 6 1
24 7 11
24 8 8
24 9 15
24 10 5
24 11 3
24 12 11
24 13 13
24 14 15
24 15 5
24 16 5
24 17 12
24 18 18
24 19 13
24 20 19
24 21 9
24 22 19
24 23 16
25 0 15
25 1 1
25 2 9
25 3 6
25 4 11
25 5 15
25 6 12
25 7 5
25 8 3
25 9 2
25 10 9
25 11 7
25 12 18
25 13 13
25 14 6
25 15 1
25 16 2
25 17 5
25 18 9
25 19 8
25 20 18
25 21 4
25 22 14
25 23 1
25 24 5
26 0 2
26 1 4
26 2 17
26 3 15
26 4 8
26 5 14
26 6 2
26 7 12
26 8 4
26 9 11
26 10 7
26 11 7
26 12 2
26 13 11
26 14 16
26 15 11
26 16 7
26 17 15
26 18 10
26 19 14
26 20 8
26 21 14
26 22 3
26 23 18
26 24 8
26 25 8
27 0 18
27 1 6
27 2 9
27 3 11
27 4 6
27 5 13
27 6 19
27 7 5
27 8 18
27 9 14
27 10 17
27 11 4
27 12 10
27 13 14
27 14 13
27 15 3
27 16 8
27 17 2
27 18 1
27 19 4
27 20 15
27 21 2
27 22 17
27 23 5
27 24 9
27 25 2
27 26 8
28 0 7
28 1 11
28 2 15
28 3 6
28 4 8
28 5 16
28 6 5
28 7 12
28 8 17
28 9 15
28 10 1
28 11 6
28 12 6
28 13 2
28 14 10
28 15 15
28 16 16
28 17 13
28 18 8
28 19 7
28 20 19
28 21 8
28 22 6
28 23 17
28 24 9
28 25 11
28 26 8
28 27 17
29 0 13
29 1 6
29 2 7
29 3 6
29 4 3
29 5 14
29 6 1
29 7 19
29 8 7
29 9 6
29 10 7
29 11 17
29 12 5
29 13 9
29 14 14
29 15 12
29 16 13
29 17 16
29 18 6
29 19 4
29 20 8
29 21 15
29 22 18
29 23 9
29 24 19
29 25 9
29 26 12
29 27 10
29 28 12
30 0 13
30 1 18
30 2 9
30 3 9
30 4 11
30 5 16
30 6 9
30 7 4
30 8 13
30 9 6
30 10 2
30 11 5
30 12 18
30 13 10
30 14 9
30 15 5
30 16 6
30 17 19
30 18 18
30 19 17
30 20 1
30 21 9
30 22 12
30 23 15
30 24 12
30 25 13
30 26 9
30 27 19
30 28 1
30 29 9
31 0 3
31 1 19
31 2 12
31 3 12
31 4 16
31 5 8
31 6 15
31 7 18
31 8 2
31 9 9
31 10 19
31 11 9
31 12 1
31 13 9
31 14 8
31 15 13
31 16 7
31 17 19
31 18 9
31 19 15
31 20 14
31 21 11
31 22 9
31 23 14
31 24 11
31 25 5
31 26 10
31 27 14
31 28 17
31 29 1
31 30 9
32 0 7
32 1 9
32 2 17
32 3 19
32 4 19
32 5 18
32 6 12
32 7 11
32 8 16
32 9 16
32 10 16
32 11 13
32 12 6
32 13 14
32 14 9
32 15 6
32 16 18
32 17 12
32 18 10
32 19 15
32 20 19
32 21 13
32 22 7
32 23 19
32 24 14
32 25 11
32 26 14
32 27 2
32 28 3
32 29 5
32 30 12
32 31 5
33 0 1
33 1 8
33 2 9
33 3 1
33 4 15
33 5 10
33 6 5
33 7 10
33 8 14
33 9 16
33 10 15
33 11 17
33 12 16
33 13 11
33 14 17
33 15 6
33 16 2
33 17 14
33 18 5
33 19 2
33 20 15
33 21 15
33 22 13
33 23 10
33 24 7
33 25 3
33 26 10
33 27 6
33 28 9
33 29 2
33 30 7
33 31 12
33 32 9
34 0 18
34 1 14
34 2 19
34 3 6
34 4 17
34 5 15
34 6 2
34 7 5
34 8 13
34 9 11
34 10 6
34 11 13
34 12 9
34 13 19
34 14 18
34 15 18
34 16 1
34 17 8
34 18 15
34 19 2
34 20 19
34 21 19
34 22 10
34 23 3
34 24 13
34 25 8
34 26 5
34 27 1
34 28 15
34 29 4
34 30 15
34 31 10
34 32 7
34 33 7
35 0 10
35 1 13
35 2 19
35 3 9
35 4 10
35 5 1
35 6 5
35 7 19
35 8 11
35 9 10
35 10 8
35 11 7
35 12 8
35 13 17
35 14 6
35 15 5
35 16 18
35 17 1
35 18 10
35 19 3
35 20 7
35 21 15
35 22 6
35 23 5
35 24 2
35 25 10
35 26 7
35 27 19
35 28 9
35 29 18
35 30 13
35 31 13
35 32 19
35 33 10
35 34 6
36 0 13
36 1 14
36 2 16
36 3 12
36 4 6
36 5 7
36 6 11
36 7 14
36 8 18
36 9 11
36 10 2
36 11 14
36 12 13
36 13 3
36 14 4
36 15 4
36 16 18
36 17 2
36 18 7
36 19 13
36 20 6
36 21 2
36 22 3
36 23 12
36 24 14
36 25 3
36 26 12
36 27 18
36 28 9
36 29 5
36 30 3
36 31 11
36 32 8
36 33 5
36 34 4
36 35 19
37 0 1
37 1 7
37 2 16
37 3 17
37 4 10
37 5 17
37 6 1
37 7 16
37 8 11
37 9 8
37 10 5
37 11 18
37 12 7
37 13 4
37 14 16
37 15 5
37 16 11
37 17 7
37 18 7
37 19 15
37 20 19
37 21 16
37 22 16
37 23 19
37 24 2
37 25 9
37 26 2
37 27 17
37 28 12
37 29 2
37 30 15
37 31 11
37 32 4
37 33 2
37 34 12
37 35 4
37 36 9
38 0 6
38 1 19
38 2 9
38 3 4
38 4 3
38 5 4
38 6 5
38 7 4
38 8 12
38 9 12
38 10 16
38 11 8
38 12 15
38 13 18
38 14 13
38 15 10
38 16 16
38 17 13
38 18 6
38 19 18
38 20 3
38 21 7
38 22 10
38 23 11
38 24 12
38 25 11
38 26 9
38 27 13
38 28 17
38 29 16
38 30 1
38 31 13
38 32 3
38 33 4
38 34 10
38 35 9
38 36 17
38 37 14
39 0 6
39 1 3
39 2 14
39 3 13
39 4 11
39 5 15
39 6 1
39 7 12
39 8 6
39 9 7
39 10 17
39 11 15
39 12 1
39 13 1
39 14 19
39 15 2
39 16 14
39 17 9
39 18 12
39 19 13
39 20 14
39 21 16
39 22 13
39 23 11
39 24 10
39 25 4
39 26 19
39 27 9
39 28 2
39 29 14
39 30 8
39 31 15
39 32 18
39 33 11
39 34 2
39 35 3
39 36 19
39 37 11
39 38 8
40 0 6
40 1 3
40 2 9
40 3 18
40 4 6
40 5 16
40 6 3
40 7 14
40 8 12
40 9 19
40 10 11
40 11 18
40 12 8
40 13 1
40 14 13
40 15 1
40 16 7
40 17 11
40 18 14
40 19 12
40 20 10
40 21 2
40 22 13
40 23 10
40 24 19
40 25 5
40 26 11
40 27 9
40 28 12
40 29 15
40 30 6
40 31 12
40 32 16
40 33 15
40 34 1
40 35 1
40 36 11
40 37 13
40 38 9
40 39 4
41 0 6
41 1 10
41 2 16
41 3 13
41 4 16
41 5 15
41 6 6
41 7 19
41 8 12
41 9 12
41 10 16
41 11 17
41 12 9
41 13 8
41 14 3
41 15 18
41 16 15
41 17 16
41 18 14
41 19 12
41 20 13
41 21 12
41 22 4
41 23 19
41 24 16
41 25 17
41 26 17
41 27 8
41 28 8
41 29 19
41 30 14
41 31 1
41 32 9
41 33 7
41 34 1
41 35 17
41 36 2
41 37 16
41 38 11
41 39 17
41 40 2
42 0 15
42 1 10
42 2 13
42 3 18
42 4 13
42 5 8
42 6 7
42 7 4
42 8 10
42 9 4
42 10 9
42 11 5
42 12 8
42 13 15
42 14 2
42 15 13
42 16 1
42 17 18
42 18 2
42 19 13
42 20 8
42 21 19
42 22 17
42 23 4
42 24 7
42 25 13
42 26 12
42 27 18
42 28 11
42 29 1
42 30 11
42 31 5
42 32 10
42 33 8
42 34 16
42 35 19
42 36 4
42 37 8
42 38 2
42 39 17
42 40 6
42 41 5
43 0 11
43 1 17
43 2 15
43 3 6
43 4 13
43 5 11
43 6 17
43 7 11
43 8 1
43 9 9
43 10 13
43 11 12
43 12 17
43 13 11
43 14 18
43 15 15
43 16 13
43 17 18
43 18 14
43 19 17
43 20 16
43 21 12
43 22 14
43 23 8
43 24 18
43 25 19
43 26 17
43 27 9
43 28 5
43 29 16
43 30 4
43 31 15
43 32 10
43 33 8
43 34 4
43 35 1
43 36 15
43 37 18
43 38 13
43 39 19
43 40 1
43 41 12
43 42 10
44 0 2
44 1 19
44 2 19
44 3 19
44 4 15
44 5 14
44 6 3
44 7 7
44 8 18
44 9 15
44 10 6
44 11 8
44 12 19
44 13 5
44 14 6
44 15 3
44 16 9
44 17 11
44 18 13
44 19 7
44 20 10
44 21 9
44 22 3
44 23 19
44 24 14
44 25 8
44 26 3
44 27 12
44 28 16
44 29 9
44 30 3
44 31 15
44 32 2
44 33 11
44 34 16
44 35 18
44 36 13
44 37 18
44 38 5
44 39 12
44 40 3
44 41 8
44 42 5
44 43 17
45 0 12
45 1 16
45 2 13
45 3 15
45 4 5
45 5 2
45 6 18
45 7 14
45 8 10
45 9 3
45 10 6
45 11 18
45 12 19
45 13 12
45 14 9
45 15 6
45 16 3
45 17 6
45 18 12
45 19 18
45 20 2
45 21 10
45 22 10
45 23 11
45 24 9
45 25 2
45 26 4
45 27 14
45 28 3
45 29 13
45 30 16
45 31 10
45 32 2
45 33 3
45 34 12
45 35 17
45 36 5
45 37 8
45 38 14
45 39 19
45 40 14
45 41 18
45 42 11
45 43 10
45 44 15
46 0 6
46 1 16
46 2 19
46 3 7
46 4 19
46 5 12
46 6 9
46 7 13
46 8 19
46 9 6
46 10 16
46 11 12
46 12 11
46 13 8
46 14 19
46 15 12
46 16 8
46 17 2
46 18 12
46 19 1
46 20 1
46 21 16
46 22 16
46 23 12
46 24 8
46 25 17
46 26 12
46 27 19
46 28 10
46 29 6
46 30 10
46 31 14
46 32 3
46 33 1
46 34 7
46 35 4
46 36 9
46 37 19
46 38 7
46 39 19
46 40 11
46 41 7
46 42 17
46 43 11
46 44 18
46 45 6
47 0 11
47 1 9
47 2 3
47 3 5
47 4 7
47 5 5
47 6 18
47 7 10
47 8 1
47 9 16
47 10 3
47 11 11
47 12 15
47 13 18
47 14 18
47 15 1
47 16 2
47 17 11
47 18 8
47 19 8
47 20 6
47 21 8
47 22 16
47 23 7
47 24 4
47 25 3
47 26 16
47 27 6
47 28 18
47 29 15
47 30 2
47 31 14
47 32 8
47 33 11
47 34 19
47 35 2
47 36 15
47 37 5
47 38 5
47 39 16
47 40 1
47 41 18
47 42 15
47 43 11
47 44 17
47 45 1
47 46 8
48 0 18
48 1 15
48 2 11
48 3 2
48 4 14
48 5 3
48 6 19
48 7 9
48 8 13
48 9 2
48 10 11
48 11 9
48 12 14
48 13 4
48 14 11
48 15 4
48 16 4
48 17 4
48 18 18
48 19 12
48 20 7
48 21 11
48 22 9
48 23 14
48 24 9
48 25 5
48 26 4
48 27 10
48 28 13
48 29 2
48 30 3
48 31 9
48 32 3
48 33 3
48 34 16
48 35 13
48 36 4
48 37 5
48 38 13
48 39 18
48 40 6
48 41 10
48 42 11
48 43 3
48 44 6
48 45 12
48 46 6
48 47 8
49 0 11
49 1 3
49 2 5
49 3 6
49 4 2
49 5 19
49 6 13
49 7 2
49 8 14
49 9 16
49 10 4
49 11 10
49 12 4
49 13 13
49 14 17
49 15 8
49 16 3
49 17 17
49 18 17
49 19 18
49 20 9
49 21 19
49 22 7
49 23 13
49 24 14
49 25 5
49 26 10
49 27 10
49 28 11
49 29 4
49 30 13
49 31 17
49 32 3
49 33 2
49 34 2
49 35 10
49 36 4
49 37 16
49 38 13
49 39 3
49 40 4
49 41 18
49 42 10
49 43 14
49 44 7
49 45 4
49 46 1
49 47 14
49 48 6
50 0 11
50 1 18
50 2 3
50 3 4
50 4 16
50 5 7
50 6 2
50 7 13
50 8 5
50 9 8
50 10 16
50 11 19
50 12 7
50 13 8
50 14 14
50 15 6
50 16 6
50 17 12
50 18 1
50 19 14
50 20 7
50 21 7
50 22 8
50 23 2
50 24 3
50 25 17
50 26 17
50 27 11
50 28 7
50 29 2
50 30 12
50 31 2
50 32 16
50 33 6
50 34 11
50 35 7
50 36 19
50 37 1
50 38 10
50 39 17
50 40 11
50 41 4
50 42 4
50 43 10
50 44 5
50 45 9
50 46 16
50 47 16
50 48 5
50 49 15
51 0 15
51 1 4
51 2 2
51 3 6
51 4 7
51 5 11
51 6 13
51 7 17
51 8 6
51 9 1
51 10 19
51 11 7
51 12 3
51 13 13
51 14 18
51 15 17
51 16 15
51 17 16
51 18 10
51 19 1
51 20 18
51 21 4
51 22 7
51 23 6
51 24 5
51 25 3
51 26 9
51 27 9
51 28 16
51 29 5
51 30 16
51 31 14
51 32 16
51 33 6
51 34 16
51 35 2
51 36 19
51 37 5
51 38 5
51 39 19
51 40 19
51 41 17
51 42 14
51 43 12
51 44 18
51 45 3
51 46 17
51 47 10
51 48 6
51 49 12
51 50 3
52 0 16
52 1 19
52 2 19
52 3 12
52 4 16
52 5 3
52 6 18
52 7 3
52 8 5
52 9 18
52 10 9
52 11 17
52 12 7
52 13 4
52 14 19
52 15 8
52 16 15
52 17 1
52 18 10
52 19 18
52 20 8
52 21 4
52 22 18
52 23 4
52 24 9
52 25 5
52 26 2
52 27 6
52 28 8
52 29 12
52 30 5
52 31 4
52 32 17
52 33 16
52 34 15
52 35 4
52 36 3
52 37 9
52 38 16
52 39 10
52 40 1
52 41 17
52 42 17
52 43 10
52 44 10
52 45 16
52 46 3
52 47 15
52 48 7
52 49 13
52 50 2
52 51 19
53 0 2
53 1 14
53 2 15
53 3 14
53 4 14
53 5 17
53 6 18
53 7 6
53 8 10
53 9 1
53 10 7
53 11 10
53 12 8
53 13 3
53 14 10
53 15 11
53 16 6
53 17 1
53 18 15
53 19 4
53 20 18
53 21 16
53 22 17
53 23 11
53 24 11
53 25 6
53 26 13
53 27 17
53 28 18
53 29 10
53 30 4
53 31 1
53 32 8
53 33 11
53 34 7
53 35 7
53 36 14
53 37 17
53 38 6
53 39 7
53 40 18
53 41 13
53 42 19
53 43 3
53 44 10
53 45 17
53 46 18
53 47 1
53 48 5
53 49 1
53 50 6
53 51 17
53 52 11
54 0 8
54 1 8
54 2 19
54 3 14
54 4 3
54 5 5
54 6 9
54 7 8
54 8 8
54 9 3
54 10 12
54 11 6
54 12 19
54 13 5
54 14 13
54 15 19
54 16 14
54 17 8
54 18 8
54 19 7
54 20 3
54 21 18
54 22 15
54 23 11
54 24 9
54 25 19
54 26 6
54 27 9
54 28 13
54 29 16
54 30 6
54 31 1
54 32 6
54 33 5
54 34 5
54 35 10
54 36 7
54 37 10
54 38 18
54 39 14
54 40 11
54 41 14
54 42 8
54 43 19
54 44 3
54 45 7
54 46 14
54 47 6
54 48 18
54 49 12
54 50 9
54 51 9
54 52 15
54 53 6
