56
1 0 2
2 0 4
2 1 4
3 0 7
3 1 6
3 2 3
4 0 7
4 1 6
4 2 1
4 3 7
5 0 3
5 1 4
5 2 3
5 3 7
5 4 5
6 0 5
6 1 6
6 2 2
6 3 1
6 4 1
6 5 1
7 0 6
7 1 4
7 2 7
7 3 7
7 4 2
7 5 2
7 6 4
8 0 2
8 1 7
8 2 7
8 3 1
8 4 6
8 5 3
8 6 2
8 7 6
9 0 5
9 1 1
9 2 4
9 3 1
9 4 4
9 5 6
9 6 2
9 7 2
9 8 2
10 0 3
10 1 4
10 2 1
10 3 6
10 4 1
10 5 6
10 6 5
10 7 5
10 8 3
10 9 1
11 0 7
11 1 5
11 2 7
11 3 2
11 4 6
11 5 2
11 6 5
11 7 3
11 8 1
11 9 7
11 10 2
12 0 3
12 1 3
12 2 6
12 3 7
12 4 2
12 5 7
12 6 4
12 7 7
12 8 3
12 9 4
12 10 2
12 11 5
13 0 6
13 1 3
13 2 7
13 3 1
13 4 3
13 5 7
13 6 6
13 7 5
13 8 4
13 9 7
13 10 7
13 11 5
13 12 2
14 0 7
14 1 3
14 2 1
14 3 2
14 4 2
14 5 3
14 6 7
14 7 3
14 8 4
14 9 6
14 10 1
14 11 6
14 12 6
14 13 6
15 0 7
15 1 1
15 2 5
15 3 2
15 4 2
15 5 4
15 6 3
15 7 7
15 8 3
15 9 7
15 10 5
15 11 5
15 12 6
15 13 1
15 14 2
16 0 1
16 1 6
16 2 1
16 3 5
16 4 2
16 5 2
16 6 1
16 7 3
16 8 2
16 9 4
16 10 2
16 11 5
16 12 3
16 13 2
16 14 7
16 15 2
17 0 5
17 1 3
17 2 7
17 3 1
17 4 6
17 5 6
17 6 4
17 7 6
17 8 3
17 9 3
17 10 3
17 11 2
17 12 7
17 13 1
17 14 7
17 15 4
17 16 4
18 0 3
18 1 2
18 2 6
18 3 1
18 4 6
18 5 4
18 6 6
18 7 2
18 8 3
18 9 1
18 10 7
18 11 1
18 12 7
18 13 4
18 14 5
18 15 7
18 16 3
18 17 6
19 0 7
19 1 7
19 2 4
19 3 2
19 4 6
19 5 6
19 6 7
19 7 5
19 8 4
19 9 5
19 10 7
19 11 5
19 12 7
19 13 2
19 14 6
19 15 7
19 16 5
19 17 7
19 18 5
20 0 7
20 1 1
20 2 2
20 3 6
20 4 6
20 5 3
20 6 1
20 7 7
20 8 6
20 9 6
20 10 1
20 11 4
20 12 5
20 13 2
20 14 2
20 15 2
20 16 7
20 17 7
20 18 5
20 19 6
21 0 4
21 1 5
21 2 7
21 3 1
21 4 4
21 5 6
21 6 3
21 7 4
21 8 3
21 9 5
21 10 6
21 11 7
21 12 7
21 13 1
21 14 5
21 15 7
21 16 3
21 17 2
21 18 5
21 19 7
21 20 7
22 0 4
22 1 7
22 2 6
22 3 6
22 4 5
22 5 6
22 6 5
22 7 1
22 8 3
22 9 4
22 10 5
22 11 1
22 12 1
22 13 1
22 14 4
22 15 6
22 16 1
22 17 1
22 18 4
22 19 3
22 20 4
22 21 2
23 0 2
23 1 3
23 2 5
23 3 5
23 4 4
23 5 7
23 6 7
23 7 2
23 8 4
23 9 7
23 10 7
23 11 6
23 12 2
23 13 6
23 14 5
23 15 5
23 16 3
23 17 3
23 18 6
23 19 6
23 20 4
23 21 6
23 22 2
24 0 1
24 1 4
24 2 3
24 3 1
24 4 2
24 5 2
24 6 3
24 7 5
24 8 2
24 9 5
24 10 4
24 11 4
24 12 5
24 13 3
24 14 4
24 15 3
24 16 5
24 17 3
24 18 4
24 19 3
24 20 6
24 21 7
24 22 4
24 23 4
25 0 1
25 1 5
25 2 7
25 3 4
25 4 6
25 5 2
25 6 3
25 7 4
25 8 5
25 9 3
25 10 1
25 11 6
25 12 2
25 13 3
25 14 7
25 15 4
25 16 6
25 17 3
25 18 3
25 19 3
25 20 5
25 21 2
25 22 3
25 23 1
25 24 5
26 0 2
26 1 1
26 2 2
26 3 7
26 4 2
26 5 2
26 6 2
26 7 4
26 8 6
26 9 7
26 10 4
26 11 5
26 12 7
26 13 2
26 14 7
26 15 4
26 16 2
26 17 4
26 18 3
26 19 3
26 20 6
26 21 2
26 22 1
26 23 4
26 24 4
26 25 4
27 0 5
27 1 3
27 2 3
27 3 5
27 4 6
27 5 2
27 6 7
27 7 4
27 8 3
27 9 5
27 10 1
27 11 5
27 12 6
27 13 5
27 14 7
27 15 6
27 16 4
27 17 4
27 18 1
27 19 2
27 20 4
27 21 3
27 22 1
27 23 3
27 24 1
27 25 5
27 26 6
28 0 5
28 1 7
28 2 3
28 3 3
28 4 2
28 5 6
28 6 1
28 7 4
28 8 7
28 9 1
28 10 5
28 11 4
28 12 6
28 13 2
28 14 3
28 15 6
28 16 5
28 17 7
28 18 4
28 19 1
28 20 5
28 21 7
28 22 5
28 23 1
28 24 2
28 25 6
28 26 4
28 27 5
29 0 1
29 1 2
29 2 7
29 3 1
29 4 2
29 5 2
29 6 7
29 7 1
29 8 4
29 9 2
29 10 4
29 11 7
29 12 7
29 13 6
29 14 6
29 15 7
29 16 5
29 17 7
29 18 5
29 19 5
29 20 6
29 21 5
29 22 1
29 23 2
29 24 4
29 25 6
29 26 5
29 27 5
29 28 4
30 0 1
30 1 4
30 2 7
30 3 7
30 4 1
30 5 7
30 6 3
30 7 7
30 8 7
30 9 4
30 10 6
30 11 6
30 12 4
30 13 5
30 14 2
30 15 3
30 16 4
30 17 2
30 18 7
30 19 7
30 20 6
30 21 3
30 22 2
30 23 1
30 24 2
30 25 1
30 26 4
30 27 7
30 28 7
30 29 2
31 0 7
31 1 2
31 2 5
31 3 2
31 4 5
31 5 4
31 6 2
31 7 2
31 8 2
31 9 1
31 10 5
31 11 3
31 12 7
31 13 5
31 14 7
31 15 3
31 16 6
31 17 4
31 18 2
31 19 3
31 20 6
31 21 2
31 22 7
31 23 3
31 24 7
31 25 7
31 26 5
31 27 3
31 28 7
31 29 3
31 30 1
32 0 2
32 1 2
32 2 1
32 3 4
32 4 5
32 5 5
32 6 2
32 7 4
32 8 2
32 9 4
32 10 5
32 11 5
32 12 6
32 13 1
32 14 2
32 15 1
32 16 2
32 17 1
32 18 4
32 19 6
32 20 5
32 21 4
32 22 6
32 23 1
32 24 1
32 25 1
32 26 4
32 27 4
32 28 2
32 29 4
32 30 1
32 31 7
33 0 7
33 1 2
33 2 1
33 3 7
33 4 3
33 5 4
33 6 4
33 7 7
33 8 1
33 9 3
33 10 7
33 11 1
33 12 3
33 13 5
33 14 4
33 15 4
33 16 5
33 17 1
33 18 4
33 19 3
33 20 3
33 21 7
33 22 1
33 23 5
33 24 7
33 25 2
33 26 1
33 27 6
33 28 3
33 29 6
33 30 7
33 31 4
33 32 1
34 0 7
34 1 3
34 2 5
34 3 4
34 4 3
34 5 7
34 6 4
34 7 6
34 8 4
34 9 7
34 10 2
34 11 3
34 12 6
34 13 1
34 14 2
34 15 4
34 16 3
34 17 1
34 18 4
34 19 7
34 20 7
34 21 4
34 22 3
34 23 7
34 24 1
34 25 7
34 26 6
34 27 7
34 28 6
34 29 7
34 30 3
34 31 1
34 32 6
34 33 6
35 0 4
35 1 4
35 2 7
35 3 2
35 4 7
35 5 2
35 6 3
35 7 2
35 8 4
35 9 4
35 10 2
35 11 1
35 12 6
35 13 2
35 14 7
35 15 7
35 16 4
35 17 1
35 18 1
35 19 6
35 20 5
35 21 1
35 22 1
35 23 1
35 24 1
35 25 4
35 26 6
35 27 6
35 28 4
35 29 3
35 30 5
35 31 7
35 32 5
35 33 2
35 34 4
36 0 2
36 1 6
36 2 6
36 3 6
36 4 2
36 5 7
36 6 5
36 7 4
36 8 5
36 9 5
36 10 2
36 11 7
36 12 7
36 13 3
36 14 4
36 15 5
36 16 5
36 17 2
36 18 2
36 19 3
36 20 6
36 21 2
36 22 2
36 23 2
36 24 1
36 25 2
36 26 3
36 27 6
36 28 5
36 29 5
36 30 2
36 31 1
36 32 7
36 33 3
36 34 2
36 35 2
37 0 5
37 1 6
37 2 6
37 3 7
37 4 5
37 5 7
37 6 7
37 7 5
37 8 2
37 9 2
37 10 7
37 11 2
37 12 1
37 13 5
37 14 2
37 15 1
37 16 2
37 17 6
37 18 6
37 19 2
37 20 5
37 21 5
37 22 3
37 23 2
37 24 5
37 25 7
37 26 2
37 27 1
37 28 4
37 29 7
37 30 7
37 31 5
37 32 3
37 33 7
37 34 6
37 35 5
37 36 3
38 0 3
38 1 2
38 2 7
38 3 4
38 4 4
38 5 2
38 6 7
38 7 3
38 8 1
38 9 5
38 10 2
38 11 4
38 12 7
38 13 4
38 14 1
38 15 7
38 16 7
38 17 3
38 18 1
38 19 2
38 20 1
38 21 2
38 22 2
38 23 4
38 24 6
38 25 4
38 26 1
38 27 5
38 28 4
38 29 5
38 30 7
38 31 3
38 32 5
38 33 4
38 34 4
38 35 2
38 36 7
38 37 1
39 0 1
39 1 6
39 2 3
39 3 2
39 4 4
39 5 7
39 6 5
39 7 1
39 8 4
39 9 5
39 10 2
39 11 5
39 12 3
39 13 2
39 14 4
39 15 1
39 16 3
39 17 4
39 18 1
39 19 2
39 20 5
39 21 6
39 22 3
39 23 6
39 24 2
39 25 7
39 26 1
39 27 1
39 28 6
39 29 7
39 30 6
39 31 5
39 32 1
39 33 2
39 34 7
39 35 4
39 36 7
39 37 2
39 38 6
40 0 2
40 1 1
40 2 2
40 3 7
40 4 4
40 5 3
40 6 2
40 7 4
40 8 6
40 9 4
40 10 4
40 11 4
40 12 5
40 13 5
40 14 4
40 15 7
40 16 2
40 17 5
40 18 1
40 19 1
40 20 6
40 21 2
40 22 2
40 23 4
40 24 2
40 25 2
40 26 5
40 27 1
40 28 4
40 29 3
40 30 4
40 31 4
40 32 6
40 33 4
40 34 5
40 35 3
40 36 1
40 37 4
40 38 2
40 39 4
41 0 6
41 1 2
41 2 1
41 3 4
41 4 7
41 5 7
41 6 7
41 7 6
41 8 5
41 9 5
41 10 1
41 11 7
41 12 2
41 13 5
41 14 5
41 15 3
41 16 6
41 17 6
41 18 4
41 19 7
41 20 6
41 21 4
41 22 1
41 23 4
41 24 7
41 25 7
41 26 6
41 27 1
41 28 5
41 29 1
41 30 5
41 31 3
41 32 3
41 33 2
41 34 5
41 35 7
41 36 2
41 37 2
41 38 3
41 39 4
41 40 4
42 0 1
42 1 7
42 2 4
42 3 5
42 4 6
42 5 1
42 6 6
42 7 3
42 8 4
42 9 5
42 10 1
42 11 3
42 12 3
42 13 5
42 14 6
42 15 7
42 16 4
42 17 3
42 18 7
42 19 5
42 20 7
42 21 7
42 22 7
42 23 3
42 24 5
42 25 5
42 26 7
42 27 5
42 28 6
42 29 6
42 30 1
42 31 1
42 32 5
42 33 2
42 34 6
42 35 4
42 36 2
42 37 5
42 38 5
42 39 3
42 40 7
42 41 1
43 0 2
43 1 1
43 2 6
43 3 2
43 4 3
43 5 2
43 6 6
43 7 6
43 8 6
43 9 5
43 10 7
43 11 7
43 12 4
43 13 5
43 14 7
43 15 3
43 16 7
43 17 4
43 18 2
43 19 3
43 20 3
43 21 3
43 22 2
43 23 5
43 24 1
43 25 4
43 26 4
43 27 2
43 28 6
43 29 2
43 30 7
43 31 5
43 32 5
43 33 2
43 34 6
43 35 6
43 36 3
43 37 1
43 38 5
43 39 1
43 40 6
43 41 4
43 42 1
44 0 3
44 1 5
44 2 5
44 3 3
44 4 6
44 5 1
44 6 4
44 7 4
44 8 7
44 9 4
44 10 1
44 11 2
44 12 7
44 13 7
44 14 3
44 15 1
44 16 3
44 17 1
44 18 1
44 19 3
44 20 2
44 21 2
44 22 2
44 23 6
44 24 1
44 25 5
44 26 3
44 27 2
44 28 2
44 29 4
44 30 6
44 31 7
44 32 3
44 33 7
44 34 5
44 35 1
44 36 4
44 37 7
44 38 2
44 39 7
44 40 4
44 41 1
44 42 6
44 43 6
45 0 1
45 1 6
45 2 1
45 3 5
45 4 4
45 5 3
45 6 1
45 7 6
45 8 6
45 9 5
45 10 5
45 11 1
45 12 7
45 13 2
45 14 5
45 15 1
45 16 5
45 17 4
45 18 1
45 19 7
45 20 2
45 21 1
45 22 6
45 23 2
45 24 3
45 25 3
45 26 5
45 27 3
45 28 6
45 29 5
45 30 2
45 31 7
45 32 5
45 33 5
45 34 1
45 35 6
45 36 6
45 37 1
45 38 7
45 39 3
45 40 7
45 41 4
45 42 1
45 43 1
45 44 3
46 0 2
46 1 7
46 2 6
46 3 5
46 4 7
46 5 4
46 6 2
46 7 7
46 8 3
46 9 3
46 10 1
46 11 1
46 12 7
46 13 1
46 14 7
46 15 2
46 16 7
46 17 3
46 18 6
46 19 1
46 20 4
46 21 7
46 22 3
46 23 2
46 24 3
46 25 4
46 26 2
46 27 7
46 28 7
46 29 2
46 30 6
46 31 7
46 32 2
46 33 6
46 34 2
46 35 6
46 36 3
46 37 6
46 38 2
46 39 1
46 40 1
46 41 3
46 42 7
46 43 6
46 44 1
46 45 7
47 0 4
47 1 5
47 2 4
47 3 7
47 4 6
47 5 4
47 6 7
47 7 4
47 8 3
47 9 3
47 10 5
47 11 5
47 12 2
47 13 4
47 14 2
47 15 7
47 16 2
47 17 1
47 18 6
47 19 4
47 20 5
47 21 6
47 22 4
47 23 2
47 24 6
47 25 2
47 26 4
47 27 6
47 28 1
47 29 1
47 30 1
47 31 2
47 32 3
47 33 4
47 34 4
47 35 7
47 36 3
47 37 1
47 38 3
47 39 6
47 40 4
47 41 2
47 42 5
47 43 7
47 44 1
47 45 2
47 46 4
48 0 4
48 1 6
48 2 6
48 3 5
48 4 6
48 5 6
48 6 5
48 7 5
48 8 7
48 9 1
48 10 1
48 11 7
48 12 3
48 13 7
48 14 4
48 15 7
48 16 2
48 17 2
48 18 7
48 19 3
48 20 6
48 21 4
48 22 7
48 23 2
48 24 5
48 25 3
48 26 1
48 27 3
48 28 2
48 29 3
48 30 2
48 31 2
48 32 6
48 33 1
48 34 4
48 35 4
48 36 2
48 37 1
48 38 2
48 39 5
48 40 6
48 41 6
48 42 7
48 43 5
48 44 2
48 45 2
48 46 7
48 47 2
49 0 3
49 1 5
49 2 6
49 3 7
49 4 5
49 5 3
49 6 1
49 7 6
49 8 1
49 9 2
49 10 5
49 11 1
49 12 1
49 13 4
49 14 7
49 15 5
49 16 4
49 17 2
49 18 5
49 19 6
49 20 3
49 21 1
49 22 4
49 23 5
49 24 1
49 25 7
49 26 2
49 27 1
49 28 4
49 29 6
49 30 2
49 31 7
49 32 6
49 33 6
49 34 4
49 35 4
49 36 1
49 37 2
49 38 1
49 39 1
49 40 2
49 41 1
49 42 2
49 43 2
49 44 4
49 45 3
49 46 3
49 47 5
49 48 6
50 0 5
50 1 1
50 2 1
50 3 5
50 4 5
50 5 1
50 6 2
50 7 4
50 8 3
50 9 2
50 10 5
50 11 2
50 12 5
50 13 7
50 14 4
50 15 2
50 16 1
50 17 3
50 18 7
50 19 4
50 20 1
50 21 2
50 22 4
50 23 2
50 24 4
50 25 5
50 26 7
50 27 2
50 28 7
50 29 2
50 30 6
50 31 7
50 32 2
50 33 6
50 34 3
50 35 1
50 36 3
50 37 6
50 38 6
50 39 7
50 40 1
50 41 2
50 42 6
50 43 3
50 44 7
50 45 2
50 46 4
50 47 4
50 48 1
50 49 3
51 0 2
51 1 2
51 2 6
51 3 2
51 4 6
51 5 3
51 6 3
51 7 7
51 8 4
51 9 3
51 10 1
51 11 1
51 12 1
51 13 1
51 14 3
51 15 1
51 16 7
51 17 3
51 18 2
51 19 3
51 20 3
51 21 2
51 22 3
51 23 7
51 24 3
51 25 5
51 26 3
51 27 2
51 28 5
51 29 1
51 30 7
51 31 4
51 32 5
51 33 2
51 34 2
51 35 2
51 36 2
51 37 5
51 38 7
51 39 2
51 40 5
51 41 1
51 42 7
51 43 4
51 44 6
51 45 7
51 46 6
51 47 4
51 48 2
51 49 5
51 50 2
52 0 1
52 1 1
52 2 4
52 3 2
52 4 4
52 5 1
52 6 4
52 7 5
52 8 7
52 9 1
52 10 2
52 11 4
52 12 3
52 13 7
52 14 2
52 15 2
52 16 1
52 17 1
52 18 4
52 19 5
52 20 5
52 21 3
52 22 7
52 23 3
52 24 2
52 25 2
52 26 3
52 27 6
52 28 2
52 29 2
52 30 1
52 31 7
52 32 4
52 33 4
52 34 5
52 35 1
52 36 7
52 37 2
52 38 4
52 39 2
52 40 7
52 41 4
52 42 3
52 43 3
52 44 3
52 45 5
52 46 3
52 47 4
52 48 3
52 49 3
52 50 1
52 51 5
53 0 3
53 1 4
53 2 2
53 3 7
53 4 6
53 5 1
53 6 2
53 7 2
53 8 3
53 9 7
53 10 3
53 11 5
53 12 1
53 13 7
53 14 7
53 15 3
53 16 4
53 17 1
53 18 6
53 19 3
53 20 1
53 21 4
53 22 2
53 23 7
53 24 2
53 25 7
53 26 1
53 27 5
53 28 1
53 29 3
53 30 7
53 31 1
53 32 2
53 33 2
53 34 1
53 35 4
53 36 7
53 37 5
53 38 6
53 39 4
53 40 7
53 41 1
53 42 7
53 43 3
53 44 7
53 45 3
53 46 3
53 47 6
53 48 4
53 49 2
53 50 4
53 51 1
53 52 6
54 0 7
54 1 2
54 2 5
54 3 1
54 4 2
54 5 7
54 6 4
54 7 7
54 8 7
54 9 4
54 10 2
54 11 3
54 12 1
54 13 3
54 14 7
54 15 7
54 16 2
54 17 3
54 18 6
54 19 1
54 20 4
54 21 1
54 22 1
54 23 6
54 24 6
54 25 5
54 26 4
54 27 7
54 28 4
54 29 3
54 30 7
54 31 6
54 32 2
54 33 3
54 34 5
54 35 2
54 36 3
54 37 7
54 38 1
54 39 5
54 40 4
54 41 5
54 42 2
54 43 7
54 44 4
54 45 6
54 46 5
54 47 1
54 48 5
54 49 2
54 50 5
54 51 3
54 52 7
54 53 7
55 0 2
55 1 2
55 2 2
55 3 2
55 4 4
55 5 1
55 6 3
55 7 7
55 8 5
55 9 3
55 10 5
55 11 6
55 12 7
55 13 2
55 14 1
55 15 2
55 16 1
55 17 3
55 18 6
55 19 4
55 20 2
55 21 7
55 22 2
55 23 1
55 24 7
55 25 7
55 26 7
55 27 1
55 28 4
55 29 1
55 30 1
55 31 2
55 32 5
55 33 4
55 34 5
55 35 2
55 36 4
55 37 4
55 38 2
55 39 5
55 40 4
55 41 2
55 42 1
55 43 4
55 44 5
55 45 2
55 46 5
55 47 4
55 48 5
55 49 1
55 50 1
55 51 2
55 52 3
55 53 6
55 54 6
