29
1 0 32
2 0 22
2 1 52
3 0 53
3 1 21
4 1 37
4 2 48
5 0 30
5 4 5
6 1 12
6 4 53
6 5 35
7 3 15
7 6 14
8 0 16
8 1 51
8 3 46
8 4 33
8 5 3
9 1 24
9 2 52
9 4 53
9 8 23
10 0 6
10 6 14
10 7 16
10 8 26
10 9 8
11 1 40
11 6 27
11 7 5
11 9 52
12 1 17
12 2 41
12 4 15
12 7 40
12 8 29
12 9 54
12 11 26
13 1 14
13 4 26
13 7 2
13 8 13
13 10 50
13 12 6
14 2 47
14 5 8
14 6 1
14 7 35
14 9 42
14 13 32
15 4 17
15 5 40
15 7 9
15 9 52
15 12 32
15 14 33
16 2 29
16 6 9
16 8 40
16 9 1
16 12 20
16 13 20
16 14 53
16 15 25
17 1 43
17 2 19
17 3 48
17 4 7
17 6 33
17 8 27
17 9 19
17 10 44
17 11 38
17 13 28
17 14 46
17 15 49
18 0 12
18 2 46
18 4 6
18 5 2
18 6 40
18 11 26
18 12 44
18 14 20
18 17 42
19 0 21
19 3 11
19 4 3
19 8 1
19 11 3
19 14 4
19 15 54
19 16 27
19 17 15
20 0 13
20 2 44
20 5 48
20 9 22
20 10 10
20 15 43
20 16 8
20 18 28
21 0 19
21 1 54
21 2 45
21 5 50
21 6 37
21 8 46
21 9 46
21 11 54
21 12 37
21 14 44
21 15 14
21 18 8
21 19 10
22 2 50
22 4 44
22 8 43
22 9 52
22 10 25
22 11 12
22 13 8
22 14 42
22 15 16
22 18 2
22 19 7
22 20 13
23 1 6
23 6 52
23 9 9
23 10 21
23 14 17
23 16 32
23 18 11
23 19 33
23 22 27
24 0 13
24 1 41
24 2 11
24 3 39
24 5 29
24 7 55
24 10 44
24 11 2
24 12 6
24 17 41
24 20 2
24 21 2
25 2 33
25 12 36
25 19 49
25 21 13
25 23 42
26 1 2
26 3 9
26 6 52
26 7 8
26 8 38
26 11 42
26 13 51
26 14 19
26 15 5
26 16 16
26 17 34
26 18 30
26 22 33
26 24 17
27 1 4
27 2 53
27 3 3
27 4 53
27 5 35
27 10 49
27 11 3
27 15 2
27 19 54
27 20 36
27 21 28
27 24 51
27 26 52
28 1 48
28 7 17
28 8 7
28 9 13
28 10 51
28 12 37
28 14 13
28 16 40
28 17 20
28 21 24
28 25 40
28 27 31
