64
1 0 34
2 0 14
2 1 21
3 0 10
3 1 34
3 2 39
4 0 41
4 1 3
4 2 44
4 3 41
5 0 46
5 1 6
5 2 4
5 3 51
5 4 5
6 0 42
6 1 20
6 2 15
6 3 16
6 4 20
6 5 29
7 0 25
7 1 43
7 2 45
7 3 47
7 4 25
7 5 30
7 6 20
8 0 46
8 1 51
8 2 13
8 3 2
8 4 47
8 5 15
8 6 52
8 7 1
9 0 16
9 1 32
9 2 21
9 3 29
9 4 14
9 5 45
9 6 16
9 7 36
9 8 24
10 0 52
10 1 20
10 2 7
10 3 13
10 4 17
10 5 38
10 6 41
10 7 1
10 8 14
10 9 43
11 0 22
11 1 9
11 2 37
11 3 27
11 4 47
11 5 13
11 6 31
11 7 7
11 8 36
11 9 40
11 10 36
12 0 28
12 1 28
12 2 26
12 3 31
12 4 3
12 5 50
12 6 13
12 7 19
12 8 19
12 9 21
12 10 31
12 11 13
13 0 48
13 1 20
13 2 40
13 3 42
13 4 21
13 5 14
13 6 52
13 7 41
13 8 13
13 9 3
13 10 43
13 11 50
13 12 26
14 0 30
14 1 8
14 2 49
14 3 3
14 4 50
14 5 8
14 6 2
14 7 32
14 8 14
14 9 17
14 10 16
14 11 25
14 12 27
14 13 13
15 0 10
15 1 3
15 2 34
15 3 39
15 4 4
15 5 6
15 6 10
15 7 31
15 8 1
15 9 29
15 10 23
15 11 12
15 12 31
15 13 36
15 14 36
16 0 29
16 1 3
16 2 4
16 3 35
16 4 8
16 5 37
16 6 26
16 7 12
16 8 38
16 9 9
16 10 28
16 11 51
16 12 47
16 13 37
16 14 1
16 15 22
17 0 16
17 1 1
17 2 1
17 3 37
17 4 25
17 5 50
17 6 22
17 7 11
17 8 35
17 9 17
17 10 5
17 11 15
17 12 47
17 13 22
17 14 12
17 15 17
17 16 47
18 0 15
18 1 28
18 2 26
18 3 27
18 4 32
18 5 48
18 6 1
18 7 44
18 8 40
18 9 15
18 10 3
18 11 11
18 12 29
18 13 27
18 14 7
18 15 43
18 16 28
18 17 31
19 0 3
19 1 27
19 2 6
19 3 16
19 4 24
19 5 52
19 6 25
19 7 26
19 8 35
19 9 30
19 10 23
19 11 24
19 12 25
19 13 19
19 14 36
19 15 36
19 16 41
19 17 7
19 18 36
20 0 38
20 1 24
20 2 23
20 3 31
20 4 18
20 5 46
20 6 6
20 7 43
20 8 13
20 9 43
20 10 28
20 11 1
20 12 29
20 13 39
20 14 31
20 15 41
20 16 6
20 17 41
20 18 33
20 19 7
21 0 42
21 1 33
21 2 6
21 3 40
21 4 15
21 5 31
21 6 8
21 7 28
21 8 43
21 9 6
21 10 17
21 11 38
21 12 11
21 13 37
21 14 49
21 15 1
21 16 36
21 17 15
21 18 10
21 19 5
21 20 42
22 0 38
22 1 19
22 2 31
22 3 10
22 4 49
22 5 23
22 6 35
22 7 1
22 8 12
22 9 33
22 10 12
22 11 20
22 12 46
22 13 28
22 14 42
22 15 48
22 16 18
22 17 9
22 18 37
22 19 34
22 20 12
22 21 47
23 0 37
23 1 19
23 2 16
23 3 11
23 4 18
23 5 35
23 6 48
23 7 33
23 8 50
23 9 50
23 10 35
23 11 21
23 12 38
23 13 4
23 14 9
23 15 31
23 16 18
23 17 44
23 18 25
23 19 45
23 20 16
23 21 52
23 22 8
24 0 50
24 1 36
24 2 40
24 3 11
24 4 46
24 5 6
24 6 6
24 7 32
24 8 49
24 9 8
24 10 45
24 11 33
24 12 18
24 13 15
24 14 45
24 15 38
24 16 11
24 17 25
24 18 35
24 19 16
24 20 40
24 21 33
24 22 4
24 23 45
25 0 23
25 1 35
25 2 3
25 3 9
25 4 48
25 5 2
25 6 30
25 7 32
25 8 27
25 9 37
25 10 15
25 11 38
25 12 14
25 13 5
25 14 21
25 15 36
25 16 41
25 17 31
25 18 48
25 19 14
25 20 37
25 21 16
25 22 3
25 23 11
25 24 7
26 0 25
26 1 48
26 2 36
26 3 26
26 4 32
26 5 8
26 6 34
26 7 51
26 8 9
26 9 33
26 10 23
26 11 8
26 12 30
26 13 10
26 14 15
26 15 11
26 16 33
26 17 49
26 18 52
26 19 34
26 20 42
26 21 43
26 22 23
26 23 46
26 24 48
26 25 12
27 0 23
27 1 42
27 2 3
27 3 6
27 4 1
27 5 49
27 6 3
27 7 32
27 8 30
27 9 24
27 10 28
27 11 20
27 12 44
27 13 44
27 14 24
27 15 49
27 16 12
27 17 20
27 18 49
27 19 51
27 20 25
27 21 46
27 22 11
27 23 4
27 24 2
27 25 38
27 26 35
28 0 33
28 1 33
28 2 37
28 3 43
28 4 45
28 5 20
28 6 4
28 7 42
28 8 45
28 9 10
28 10 26
28 11 50
28 12 28
28 13 43
28 14 17
28 15 11
28 16 39
28 17 44
28 18 5
28 19 36
28 20 39
28 21 36
28 22 51
28 23 23
28 24 50
28 25 7
28 26 4
28 27 28
29 0 45
29 1 11
29 2 17
29 3 37
29 4 4
29 5 17
29 6 37
29 7 10
29 8 10
29 9 43
29 10 51
29 11 40
29 12 2
29 13 37
29 14 40
29 15 50
29 16 12
29 17 47
29 18 20
29 19 42
29 20 9
29 21 25
29 22 12
29 23 43
29 24 51
29 25 34
29 26 36
29 27 6
29 28 3
30 0 14
30 1 50
30 2 23
30 3 10
30 4 33
30 5 22
30 6 4
30 7 8
30 8 14
30 9 9
30 10 28
30 11 37
30 12 16
30 13 40
30 14 33
30 15 10
30 16 38
30 17 43
30 18 16
30 19 46
30 20 9
30 21 26
30 22 11
30 23 15
30 24 24
30 25 4
30 26 12
30 27 38
30 28 51
30 29 26
31 0 5
31 1 48
31 2 21
31 3 12
31 4 48
31 5 28
31 6 28
31 7 52
31 8 16
31 9 35
31 10 12
31 11 5
31 12 19
31 13 5
31 14 32
31 15 24
31 16 44
31 17 30
31 18 10
31 19 39
31 20 5
31 21 12
31 22 20
31 23 1
31 24 26
31 25 23
31 26 42
31 27 31
31 28 48
31 29 7
31 30 1
32 0 33
32 1 2
32 2 45
32 3 48
32 4 2
32 5 28
32 6 47
32 7 40
32 8 51
32 9 43
32 10 51
32 11 28
32 12 11
32 13 30
32 14 49
32 15 11
32 16 35
32 17 5
32 18 1
32 19 2
32 20 24
32 21 37
32 22 29
32 23 3
32 24 32
32 25 17
32 26 29
32 27 9
32 28 49
32 29 4
32 30 16
32 31 50
33 0 22
33 1 26
33 2 40
33 3 25
33 4 44
33 5 42
33 6 40
33 7 6
33 8 4
33 9 20
33 10 3
33 11 19
33 12 40
33 13 48
33 14 42
33 15 33
33 16 35
33 17 36
33 18 48
33 19 40
33 20 36
33 21 9
33 22 23
33 23 43
33 24 16
33 25 16
33 26 5
33 27 20
33 28 12
33 29 18
33 30 10
33 31 14
33 32 10
34 0 19
34 1 50
34 2 23
34 3 20
34 4 35
34 5 45
34 6 37
34 7 40
34 8 16
34 9 15
34 10 10
34 11 26
34 12 20
34 13 1
34 14 46
34 15 5
34 16 49
34 17 4
34 18 38
34 19 46
34 20 32
34 21 43
34 22 49
34 23 14
34 24 24
34 25 45
34 26 36
34 27 27
34 28 20
34 29 27
34 30 4
34 31 10
34 32 14
34 33 10
35 0 16
35 1 27
35 2 41
35 3 12
35 4 27
35 5 9
35 6 6
35 7 22
35 8 11
35 9 28
35 10 30
35 11 35
35 12 43
35 13 51
35 14 33
35 15 31
35 16 31
35 17 4
35 18 34
35 19 42
35 20 34
35 21 41
35 22 27
35 23 52
35 24 15
35 25 38
35 26 5
35 27 34
35 28 31
35 29 25
35 30 52
35 31 25
35 32 2
35 33 9
35 34 2
36 0 3
36 1 32
36 2 50
36 3 37
36 4 23
36 5 37
36 6 14
36 7 6
36 8 21
36 9 33
36 10 35
36 11 21
36 12 46
36 13 40
36 14 43
36 15 41
36 16 30
36 17 29
36 18 6
36 19 27
36 20 45
36 21 36
36 22 25
36 23 11
36 24 29
36 25 29
36 26 45
36 27 43
36 28 52
36 29 27
36 30 14
36 31 48
36 32 27
36 33 39
36 34 13
36 35 52
37 0 28
37 1 25
37 2 16
37 3 6
37 4 25
37 5 8
37 6 33
37 7 4
37 8 23
37 9 39
37 10 6
37 11 44
37 12 19
37 13 3
37 14 24
37 15 1
37 16 48
37 17 5
37 18 4
37 19 30
37 20 37
37 21 28
37 22 39
37 23 2
37 24 4
37 25 51
37 26 31
37 27 47
37 28 44
37 29 32
37 30 27
37 31 5
37 32 50
37 33 15
37 34 19
37 35 28
37 36 28
38 0 19
38 1 25
38 2 9
38 3 43
38 4 28
38 5 12
38 6 15
38 7 14
38 8 40
38 9 42
38 10 30
38 11 35
38 12 46
38 13 17
38 14 30
38 15 49
38 16 25
38 17 6
38 18 12
38 19 52
38 20 19
38 21 35
38 22 46
38 23 2
38 24 16
38 25 26
38 26 47
38 27 49
38 28 10
38 29 5
38 30 30
38 31 31
38 32 37
38 33 41
38 34 14
38 35 30
38 36 7
38 37 37
39 0 40
39 1 15
39 2 46
39 3 46
39 4 13
39 5 29
39 6 46
39 7 28
39 8 31
39 9 19
39 10 50
39 11 20
39 12 43
39 13 52
39 14 38
39 15 39
39 16 29
39 17 49
39 18 39
39 19 6
39 20 20
39 21 30
39 22 50
39 23 8
39 24 6
39 25 45
39 26 29
39 27 52
39 28 22
39 29 2
39 30 41
39 31 13
39 32 21
39 33 2
39 34 33
39 35 2
39 36 41
39 37 44
39 38 50
40 0 19
40 1 20
40 2 18
40 3 38
40 4 17
40 5 18
40 6 4
40 7 36
40 8 34
40 9 45
40 10 3
40 11 3
40 12 19
40 13 2
40 14 41
40 15 29
40 16 50
40 17 6
40 18 41
40 19 30
40 20 24
40 21 29
40 22 21
40 23 30
40 24 27
40 25 15
40 26 44
40 27 35
40 28 6
40 29 15
40 30 28
40 31 13
40 32 39
40 33 22
40 34 17
40 35 2
40 36 49
40 37 49
40 38 1
40 39 42
41 0 38
41 1 17
41 2 25
41 3 1
41 4 12
41 5 16
41 6 10
41 7 23
41 8 34
41 9 50
41 10 42
41 11 11
41 12 5
41 13 43
41 14 25
41 15 33
41 16 10
41 17 40
41 18 29
41 19 24
41 20 25
41 21 21
41 22 17
41 23 34
41 24 41
41 25 21
41 26 39
41 27 2
41 28 24
41 29 37
41 30 9
41 31 1
41 32 35
41 33 28
41 34 39
41 35 20
41 36 31
41 37 49
41 38 50
41 39 3
41 40 2
42 0 1
42 1 20
42 2 51
42 3 30
42 4 8
42 5 35
42 6 39
42 7 42
42 8 1
42 9 24
42 10 35
42 11 39
42 12 44
42 13 22
42 14 13
42 15 35
42 16 34
42 17 1
42 18 12
42 19 6
42 20 8
42 21 24
42 22 49
42 23 29
42 24 29
42 25 45
42 26 20
42 27 7
42 28 25
42 29 43
42 30 12
42 31 22
42 32 45
42 33 41
42 34 50
42 35 1
42 36 26
42 37 46
42 38 31
42 39 34
42 40 15
42 41 9
43 0 35
43 1 45
43 2 39
43 3 27
43 4 35
43 5 30
43 6 21
43 7 18
43 8 46
43 9 8
43 10 31
43 11 14
43 12 24
43 13 32
43 14 10
43 15 6
43 16 3
43 17 11
43 18 28
43 19 49
43 20 25
43 21 30
43 22 42
43 23 7
43 24 9
43 25 52
43 26 18
43 27 21
43 28 12
43 29 35
43 30 20
43 31 32
43 32 43
43 33 47
43 34 8
43 35 35
43 36 26
43 37 31
43 38 19
43 39 35
43 40 20
43 41 38
43 42 26
44 0 13
44 1 49
44 2 12
44 3 33
44 4 50
44 5 37
44 6 43
44 7 18
44 8 40
44 9 30
44 10 32
44 11 13
44 12 10
44 13 50
44 14 22
44 15 2
44 16 42
44 17 28
44 18 20
44 19 6
44 20 44
44 21 49
44 22 50
44 23 16
44 24 12
44 25 38
44 26 30
44 27 52
44 28 29
44 29 34
44 30 37
44 31 51
44 32 20
44 33 41
44 34 42
44 35 32
44 36 1
44 37 16
44 38 25
44 39 3
44 40 50
44 41 42
44 42 46
44 43 6
45 0 18
45 1 24
45 2 23
45 3 15
45 4 48
45 5 25
45 6 43
45 7 32
45 8 50
45 9 37
45 10 9
45 11 6
45 12 37
45 13 5
45 14 6
45 15 1
45 16 9
45 17 31
45 18 39
45 19 9
45 20 41
45 21 39
45 22 37
45 23 52
45 24 48
45 25 44
45 26 5
45 27 11
45 28 21
45 29 25
45 30 50
45 31 12
45 32 22
45 33 49
45 34 19
45 35 27
45 36 33
45 37 37
45 38 19
45 39 39
45 40 5
45 41 5
45 42 26
45 43 30
45 44 38
46 0 29
46 1 22
46 2 38
46 3 4
46 4 25
46 5 3
46 6 32
46 7 32
46 8 21
46 9 5
46 10 5
46 11 11
46 12 42
46 13 49
46 14 6
46 15 48
46 16 15
46 17 21
46 18 38
46 19 39
46 20 13
46 21 27
46 22 11
46 23 45
46 24 43
46 25 37
46 26 34
46 27 12
46 28 36
46 29 37
46 30 9
46 31 45
46 32 34
46 33 12
46 34 26
46 35 11
46 36 17
46 37 18
46 38 35
46 39 3
46 40 24
46 41 47
46 42 6
46 43 16
46 44 29
46 45 26
47 0 13
47 1 18
47 2 37
47 3 41
47 4 28
47 5 46
47 6 10
47 7 13
47 8 24
47 9 25
47 10 42
47 11 40
47 12 49
47 13 6
47 14 10
47 15 14
47 16 12
47 17 34
47 18 47
47 19 34
47 20 3
47 21 41
47 22 18
47 23 39
47 24 49
47 25 6
47 26 15
47 27 37
47 28 27
47 29 16
47 30 36
47 31 21
47 32 35
47 33 18
47 34 24
47 35 29
47 36 33
47 37 32
47 38 52
47 39 39
47 40 13
47 41 8
47 42 24
47 43 27
47 44 15
47 45 13
47 46 40
48 0 10
48 1 21
48 2 20
48 3 13
48 4 9
48 5 4
48 6 9
48 7 16
48 8 38
48 9 34
48 10 32
48 11 14
48 12 35
48 13 25
48 14 1
48 15 28
48 16 19
48 17 22
48 18 19
48 19 42
48 20 51
48 21 32
48 22 47
48 23 32
48 24 50
48 25 48
48 26 17
48 27 42
48 28 51
48 29 38
48 30 36
48 31 24
48 32 3
48 33 52
48 34 6
48 35 25
48 36 29
48 37 19
48 38 44
48 39 1
48 40 52
48 41 5
48 42 4
48 43 8
48 44 21
48 45 14
48 46 40
48 47 26
49 0 52
49 1 52
49 2 26
49 3 4
49 4 51
49 5 49
49 6 36
49 7 13
49 8 28
49 9 28
49 10 3
49 11 25
49 12 5
49 13 5
49 14 52
49 15 32
49 16 43
49 17 25
49 18 25
49 19 28
49 20 32
49 21 23
49 22 12
49 23 34
49 24 20
49 25 1
49 26 29
49 27 27
49 28 44
49 29 33
49 30 18
49 31 24
49 32 42
49 33 32
49 34 22
49 35 52
49 36 3
49 37 28
49 38 46
49 39 33
49 40 37
49 41 19
49 42 49
49 43 7
49 44 32
49 45 23
49 46 11
49 47 15
49 48 38
50 0 39
50 1 34
50 2 2
50 3 16
50 4 47
50 5 34
50 6 8
50 7 37
50 8 1
50 9 37
50 10 12
50 11 16
50 12 14
50 13 48
50 14 12
50 15 2
50 16 39
50 17 15
50 18 8
50 19 14
50 20 50
50 21 11
50 22 30
50 23 11
50 24 9
50 25 4
50 26 45
50 27 1
50 28 22
50 29 31
50 30 34
50 31 15
50 32 34
50 33 13
50 34 31
50 35 26
50 36 38
50 37 13
50 38 38
50 39 42
50 40 48
50 41 27
50 42 36
50 43 12
50 44 9
50 45 49
50 46 48
50 47 35
50 48 25
50 49 33
51 0 17
51 1 3
51 2 2
51 3 8
51 4 13
51 5 8
51 6 39
51 7 45
51 8 30
51 9 24
51 10 36
51 11 36
51 12 17
51 13 5
51 14 20
51 15 11
51 16 16
51 17 47
51 18 45
51 19 44
51 20 8
51 21 19
51 22 15
51 23 18
51 24 23
51 25 6
51 26 1
51 27 51
51 28 18
51 29 10
51 30 48
51 31 15
51 32 51
51 33 10
51 34 6
51 35 45
51 36 34
51 37 49
51 38 13
51 39 3
51 40 23
51 41 30
51 42 19
51 43 9
51 44 49
51 45 42
51 46 42
51 47 38
51 48 4
51 49 4
51 50 24
52 0 45
52 1 13
52 2 40
52 3 36
52 4 37
52 5 20
52 6 28
52 7 35
52 8 41
52 9 23
52 10 32
52 11 31
52 12 15
52 13 30
52 14 34
52 15 28
52 16 3
52 17 1
52 18 14
52 19 29
52 20 26
52 21 15
52 22 28
52 23 20
52 24 39
52 25 20
52 26 1
52 27 50
52 28 9
52 29 3
52 30 10
52 31 19
52 32 14
52 33 13
52 34 6
52 35 13
52 36 16
52 37 17
52 38 47
52 39 26
52 40 52
52 41 37
52 42 17
52 43 46
52 44 41
52 45 5
52 46 29
52 47 2
52 48 47
52 49 11
52 50 45
52 51 41
53 0 8
53 1 50
53 2 40
53 3 46
53 4 5
53 5 15
53 6 8
53 7 20
53 8 47
53 9 5
53 10 1
53 11 28
53 12 22
53 13 13
53 14 4
53 15 48
53 16 44
53 17 17
53 18 24
53 19 42
53 20 13
53 21 28
53 22 2
53 23 18
53 24 47
53 25 15
53 26 4
53 27 5
53 28 49
53 29 6
53 30 27
53 31 34
53 32 50
53 33 42
53 34 3
53 35 36
53 36 34
53 37 23
53 38 21
53 39 31
53 40 17
53 41 2
53 42 42
53 43 22
53 44 2
53 45 28
53 46 40
53 47 51
53 48 52
53 49 4
53 50 11
53 51 13
53 52 47
54 0 35
54 1 33
54 2 15
54 3 37
54 4 14
54 5 14
54 6 24
54 7 52
54 8 3
54 9 49
54 10 44
54 11 41
54 12 1
54 13 15
54 14 35
54 15 39
54 16 8
54 17 31
54 18 24
54 19 34
54 20 14
54 21 12
54 22 17
54 23 2
54 24 4
54 25 39
54 26 21
54 27 13
54 28 19
54 29 37
54 30 13
54 31 4
54 32 32
54 33 7
54 34 51
54 35 5
54 36 39
54 37 6
54 38 23
54 39 5
54 40 11
54 41 37
54 42 24
54 43 14
54 44 4
54 45 24
54 46 6
54 47 13
54 48 36
54 49 7
54 50 29
54 51 48
54 52 1
54 53 13
55 0 49
55 1 27
55 2 45
55 3 41
55 4 14
55 5 45
55 6 24
55 7 3
55 8 18
55 9 26
55 10 52
55 11 29
55 12 10
55 13 36
55 14 29
55 15 16
55 16 19
55 17 17
55 18 2
55 19 5
55 20 22
55 21 38
55 22 6
55 23 28
55 24 11
55 25 36
55 26 35
55 27 47
55 28 35
55 29 42
55 30 40
55 31 2
55 32 30
55 33 29
55 34 20
55 35 48
55 36 8
55 37 40
55 38 26
55 39 44
55 40 37
55 41 20
55 42 2
55 43 44
55 44 29
55 45 38
55 46 52
55 47 10
55 48 50
55 49 43
55 50 32
55 51 2
55 52 43
55 53 8
55 54 20
56 0 20
56 1 21
56 2 52
56 3 27
56 4 8
56 5 8
56 6 31
56 7 39
56 8 44
56 9 39
56 10 14
56 11 50
56 12 12
56 13 31
56 14 22
56 15 48
56 16 48
56 17 22
56 18 21
56 19 47
56 20 41
56 21 51
56 22 1
56 23 13
56 24 38
56 25 42
56 26 31
56 27 5
56 28 3
56 29 24
56 30 52
56 31 32
56 32 34
56 33 41
56 34 29
56 35 39
56 36 21
56 37 16
56 38 5
56 39 12
56 40 1
56 41 24
56 42 29
56 43 9
56 44 46
56 45 23
56 46 42
56 47 44
56 48 24
56 49 50
56 50 31
56 51 6
56 52 47
56 53 2
56 54 42
56 55 43
57 0 16
57 1 36
57 2 24
57 3 7
57 4 7
57 5 5
57 6 11
57 7 22
57 8 35
57 9 30
57 10 52
57 11 26
57 12 20
57 13 43
57 14 24
57 15 52
57 16 40
57 17 32
57 18 7
57 19 16
57 20 46
57 21 12
57 22 12
57 23 27
57 24 39
57 25 31
57 26 9
57 27 1
57 28 17
57 29 21
57 30 35
57 31 47
57 32 37
57 33 3
57 34 50
57 35 12
57 36 30
57 37 48
57 38 51
57 39 39
57 40 22
57 41 24
57 42 8
57 43 46
57 44 48
57 45 11
57 46 11
57 47 40
57 48 9
57 49 27
57 50 18
57 51 37
57 52 4
57 53 37
57 54 16
57 55 34
57 56 6
58 0 40
58 1 29
58 2 6
58 3 41
58 4 12
58 5 26
58 6 42
58 7 52
58 8 19
58 9 14
58 10 10
58 11 51
58 12 2
58 13 41
58 14 13
58 15 20
58 16 52
58 17 49
58 18 22
58 19 43
58 20 6
58 21 2
58 22 29
58 23 52
58 24 10
58 25 9
58 26 13
58 27 4
58 28 6
58 29 45
58 30 49
58 31 46
58 32 29
58 33 9
58 34 25
58 35 22
58 36 29
58 37 15
58 38 17
58 39 23
58 40 28
58 41 4
58 42 26
58 43 9
58 44 38
58 45 14
58 46 35
58 47 22
58 48 4
58 49 16
58 50 19
58 51 43
58 52 43
58 53 39
58 54 4
58 55 39
58 56 41
58 57 52
59 0 34
59 1 5
59 2 34
59 3 41
59 4 17
59 5 13
59 6 51
59 7 24
59 8 11
59 9 40
59 10 38
59 11 9
59 12 13
59 13 22
59 14 17
59 15 27
59 16 40
59 17 52
59 18 51
59 19 5
59 20 16
59 21 40
59 22 14
59 23 7
59 24 11
59 25 23
59 26 33
59 27 12
59 28 10
59 29 20
59 30 2
59 31 35
59 32 49
59 33 46
59 34 48
59 35 52
59 36 27
59 37 10
59 38 28
59 39 35
59 40 42
59 41 31
59 42 44
59 43 12
59 44 31
59 45 15
59 46 42
59 47 4
59 48 3
59 49 18
59 50 41
59 51 45
59 52 20
59 53 44
59 54 15
59 55 3
59 56 4
59 57 50
59 58 12
60 0 13
60 1 15
60 2 19
60 3 32
60 4 16
60 5 46
60 6 33
60 7 11
60 8 16
60 9 18
60 10 19
60 11 24
60 12 45
60 13 28
60 14 46
60 15 3
60 16 21
60 17 10
60 18 17
60 19 33
60 20 25
60 21 21
60 22 50
60 23 34
60 24 4
60 25 22
60 26 15
60 27 16
60 28 26
60 29 3
60 30 13
60 31 6
60 32 22
60 33 35
60 34 28
60 35 32
60 36 11
60 37 18
60 38 49
60 39 3
60 40 18
60 41 9
60 42 51
60 43 15
60 44 39
60 45 51
60 46 34
60 47 4
60 48 24
60 49 52
60 50 32
60 51 32
60 52 32
60 53 5
60 54 23
60 55 49
60 56 52
60 57 39
60 58 36
60 59 25
61 0 25
61 1 35
61 2 38
61 3 3
61 4 7
61 5 3
61 6 52
61 7 44
61 8 42
61 9 36
61 10 31
61 11 27
61 12 24
61 13 18
61 14 43
61 15 6
61 16 35
61 17 11
61 18 48
61 19 27
61 20 45
61 21 25
61 22 52
61 23 50
61 24 22
61 25 11
61 26 4
61 27 15
61 28 28
61 29 42
61 30 33
61 31 15
61 32 31
61 33 14
61 34 14
61 35 20
61 36 21
61 37 43
61 38 52
61 39 18
61 40 28
61 41 13
61 42 31
61 43 35
61 44 34
61 45 27
61 46 1
61 47 5
61 48 21
61 49 22
61 50 33
61 51 19
61 52 35
61 53 6
61 54 48
61 55 44
61 56 42
61 57 46
61 58 39
61 59 2
61 60 11
62 0 30
62 1 30
62 2 47
62 3 44
62 4 24
62 5 3
62 6 29
62 7 42
62 8 30
62 9 47
62 10 36
62 11 41
62 12 33
62 13 51
62 14 49
62 15 22
62 16 6
62 17 1
62 18 44
62 19 9
62 20 11
62 21 25
62 22 16
62 23 25
62 24 36
62 25 19
62 26 35
62 27 30
62 28 44
62 29 47
62 30 31
62 31 2
62 32 1
62 33 36
62 34 36
62 35 30
62 36 22
62 37 29
62 38 20
62 39 21
62 40 23
62 41 4
62 42 27
62 43 37
62 44 13
62 45 41
62 46 31
62 47 38
62 48 38
62 49 26
62 50 42
62 51 25
62 52 1
62 53 46
62 54 11
62 55 13
62 56 41
62 57 39
62 58 30
62 59 14
62 60 39
62 61 21
63 0 46
63 1 21
63 2 25
63 3 46
63 4 28
63 5 23
63 6 23
63 7 20
63 8 31
63 9 31
63 10 26
63 11 38
63 12 41
63 13 13
63 14 31
63 15 50
63 16 3
63 17 46
63 18 28
63 19 13
63 20 34
63 21 2
63 22 27
63 23 46
63 24 24
63 25 16
63 26 7
63 27 46
63 28 41
63 29 8
63 30 31
63 31 23
63 32 39
63 33 51
63 34 2
63 35 29
63 36 15
63 37 11
63 38 12
63 39 10
63 40 6
63 41 3
63 42 15
63 43 48
63 44 18
63 45 50
63 46 40
63 47 9
63 48 21
63 49 24
63 50 35
63 51 6
63 52 40
63 53 35
63 54 3
63 55 2
63 56 23
63 57 10
63 58 4
63 59 41
63 60 2
63 61 5
63 62 6
