36
1 0 42
2 0 12
2 1 28
3 0 48
3 1 10
3 2 17
4 0 6
4 1 16
4 2 53
4 3 21
5 0 39
5 1 27
5 2 37
5 3 18
5 4 50
6 0 41
6 1 45
6 2 49
6 3 44
6 4 40
6 5 7
7 0 30
7 1 17
7 2 28
7 3 38
7 4 43
7 5 6
7 6 6
8 0 44
8 1 5
8 2 14
8 3 9
8 4 14
8 5 15
8 6 22
8 7 50
9 0 48
9 1 34
9 2 7
9 3 50
9 4 26
9 5 13
9 6 45
9 7 27
9 8 49
10 0 54
10 1 52
10 2 2
10 3 57
10 4 37
10 5 2
10 6 17
10 7 49
10 8 38
10 9 33
11 0 6
11 1 36
11 2 39
11 3 8
11 4 5
11 5 34
11 6 41
11 7 11
11 8 31
11 9 8
11 10 35
12 0 10
12 1 15
12 2 35
12 3 46
12 4 25
12 5 1
12 6 52
12 7 26
12 8 33
12 9 10
12 10 16
12 11 15
13 0 53
13 1 28
13 2 22
13 3 22
13 4 31
13 5 11
13 6 52
13 7 19
13 8 44
13 9 39
13 10 56
13 11 47
13 12 4
14 0 37
14 1 28
14 2 2
14 3 4
14 4 25
14 5 49
14 6 26
14 7 48
14 8 44
14 9 44
14 10 29
14 11 38
14 12 26
14 13 17
15 0 41
15 1 1
15 2 20
15 3 53
15 4 48
15 5 37
15 6 54
15 7 50
15 8 23
15 9 41
15 10 21
15 11 24
15 12 25
15 13 20
15 14 30
16 0 9
16 1 36
16 2 21
16 3 31
16 4 35
16 5 50
16 6 52
16 7 10
16 8 17
16 9 55
16 10 56
16 11 35
16 12 28
16 13 12
16 14 25
16 15 28
17 0 4
17 1 51
17 2 55
17 3 37
17 4 11
17 5 54
17 6 43
17 7 41
17 8 51
17 9 24
17 10 8
17 11 13
17 12 34
17 13 17
17 14 30
17 15 21
17 16 14
18 0 5
18 1 7
18 2 17
18 3 38
18 4 6
18 5 19
18 6 31
18 7 3
18 8 6
18 9 2
18 10 13
18 11 1
18 12 11
18 13 51
18 14 42
18 15 28
18 16 46
18 17 29
19 0 25
19 1 9
19 2 16
19 3 6
19 4 25
19 5 42
19 6 18
19 7 53
19 8 12
19 9 47
19 10 19
19 11 34
19 12 10
19 13 12
19 14 33
19 15 12
19 16 57
19 17 9
19 18 25
20 0 48
20 1 25
20 2 38
20 3 22
20 4 35
20 5 3
20 6 56
20 7 13
20 8 44
20 9 53
20 10 45
20 11 4
20 12 8
20 13 29
20 14 47
20 15 44
20 16 7
20 17 43
20 18 44
20 19 55
21 0 57
21 1 40
21 2 1
21 3 51
21 4 8
21 5 51
21 6 10
21 7 33
21 8 35
21 9 6
21 10 38
21 11 13
21 12 1
21 13 41
21 14 53
21 15 38
21 16 42
21 17 20
21 18 38
21 19 25
21 20 46
22 0 40
22 1 36
22 2 43
22 3 9
22 4 49
22 5 25
22 6 19
22 7 55
22 8 10
22 9 47
22 10 50
22 11 18
22 12 43
22 13 54
22 14 2
22 15 20
22 16 15
22 17 46
22 18 30
22 19 40
22 20 10
22 21 13
23 0 9
23 1 54
23 2 55
23 3 12
23 4 50
23 5 10
23 6 52
23 7 19
23 8 57
23 9 1
23 10 20
23 11 10
23 12 19
23 13 49
23 14 32
23 15 47
23 16 38
23 17 51
23 18 45
23 19 20
23 20 8
23 21 13
23 22 50
24 0 23
24 1 16
24 2 19
24 3 33
24 4 26
24 5 32
24 6 32
24 7 38
24 8 25
24 9 8
24 10 22
24 11 15
24 12 38
24 13 53
24 14 36
24 15 52
24 16 26
24 17 56
24 18 50
24 19 33
24 20 31
24 21 17
24 22 50
24 23 26
25 0 29
25 1 3
25 2 29
25 3 8
25 4 44
25 5 7
25 6 39
25 7 47
25 8 34
25 9 23
25 10 19
25 11 26
25 12 29
25 13 16
25 14 10
25 15 43
25 16 50
25 17 1
25 18 4
25 19 55
25 20 32
25 21 18
25 22 7
25 23 37
25 24 57
26 0 5
26 1 42
26 2 22
26 3 57
26 4 3
26 5 24
26 6 54
26 7 9
26 8 7
26 9 1
26 10 50
26 11 44
26 12 12
26 13 32
26 14 23
26 15 22
26 16 15
26 17 3
26 18 37
26 19 40
26 20 31
26 21 45
26 22 3
26 23 21
26 24 22
26 25 2
27 0 31
27 1 31
27 2 4
27 3 12
27 4 19
27 5 43
27 6 27
27 7 56
27 8 43
27 9 16
27 10 37
27 11 32
27 12 48
27 13 46
27 14 35
27 15 31
27 16 36
27 17 30
27 18 40
27 19 53
27 20 10
27 21 29
27 22 28
27 23 53
27 24 48
27 25 19
27 26 17
28 0 9
28 1 25
28 2 12
28 3 20
28 4 47
28 5 15
28 6 53
28 7 24
28 8 18
28 9 49
28 10 33
28 11 27
28 12 23
28 13 26
28 14 47
28 15 33
28 16 32
28 17 2
28 18 6
28 19 11
28 20 24
28 21 47
28 22 2
28 23 28
28 24 19
28 25 19
28 26 56
28 27 20
29 0 24
29 1 21
29 2 32
29 3 15
29 4 49
29 5 49
29 6 28
29 7 18
29 8 48
29 9 3
29 10 53
29 11 36
29 12 53
29 13 37
29 14 37
29 15 26
29 16 25
29 17 48
29 18 6
29 19 30
29 20 6
29 21 23
29 22 37
29 23 12
29 24 26
29 25 19
29 26 22
29 27 51
29 28 4
30 0 23
30 1 17
30 2 27
30 3 15
30 4 1
30 5 42
30 6 47
30 7 28
30 8 57
30 9 19
30 10 43
30 11 36
30 12 13
30 13 4
30 14 43
30 15 55
30 16 18
30 17 46
30 18 31
30 19 25
30 20 35
30 21 51
30 22 12
30 23 34
30 24 28
30 25 11
30 26 27
30 27 11
30 28 20
30 29 1
31 0 25
31 1 29
31 2 6
31 3 39
31 4 39
31 5 43
31 6 49
31 7 35
31 8 40
31 9 3
31 10 12
31 11 15
31 12 2
31 13 4
31 14 19
31 15 17
31 16 27
31 17 2
31 18 32
31 19 47
31 20 24
31 21 57
31 22 36
31 23 29
31 24 6
31 25 24
31 26 18
31 27 2
31 28 3
31 29 12
31 30 10
32 0 57
32 1 34
32 2 17
32 3 2
32 4 28
32 5 42
32 6 4
32 7 56
32 8 39
32 9 48
32 10 12
32 11 10
32 12 23
32 13 7
32 14 42
32 15 47
32 16 22
32 17 45
32 18 39
32 19 51
32 20 35
32 21 8
32 22 12
32 23 38
32 24 9
32 25 15
32 26 16
32 27 11
32 28 12
32 29 4
32 30 23
32 31 54
33 0 21
33 1 35
33 2 40
33 3 30
33 4 19
33 5 7
33 6 31
33 7 15
33 8 23
33 9 4
33 10 27
33 11 43
33 12 44
33 13 27
33 14 12
33 15 56
33 16 11
33 17 49
33 18 40
33 19 23
33 20 37
33 21 46
33 22 51
33 23 10
33 24 10
33 25 3
33 26 23
33 27 28
33 28 46
33 29 26
33 30 17
33 31 27
33 32 20
34 0 17
34 1 50
34 2 25
34 3 29
34 4 48
34 5 49
34 6 12
34 7 32
34 8 2
34 9 35
34 10 42
34 11 34
34 12 39
34 13 13
34 14 33
34 15 50
34 16 46
34 17 25
34 18 35
34 19 4
34 20 29
34 21 57
34 22 7
34 23 19
34 24 1
34 25 51
34 26 21
34 27 15
34 28 40
34 29 15
34 30 55
34 31 38
34 32 41
34 33 7
35 0 49
35 1 10
35 2 10
35 3 26
35 4 38
35 5 27
35 6 46
35 7 51
35 8 37
35 9 32
35 10 22
35 11 6
35 12 42
35 13 15
35 14 23
35 15 56
35 16 9
35 17 8
35 18 53
35 19 43
35 20 39
35 21 3
35 22 32
35 23 55
35 24 35
35 25 34
35 26 42
35 27 47
35 28 49
35 29 45
35 30 5
35 31 13
35 32 54
35 33 40
35 34 28
