62
1 0 22
2 0 23
2 1 10
3 0 17
3 1 7
3 2 3
4 0 15
4 1 9
4 2 8
4 3 21
5 0 4
5 1 17
5 2 35
5 3 27
5 4 14
6 0 1
6 1 24
6 2 5
6 3 10
6 4 10
6 5 33
7 0 14
7 1 23
7 2 14
7 3 18
7 4 14
7 5 3
7 6 7
8 0 15
8 1 35
8 2 17
8 3 6
8 4 18
8 5 31
8 6 24
8 7 7
9 0 22
9 1 12
9 2 18
9 3 29
9 4 4
9 5 13
9 6 4
9 7 5
9 8 16
10 0 2
10 1 4
10 2 23
10 3 33
10 4 6
10 5 12
10 6 28
10 7 25
10 8 35
10 9 32
11 0 15
11 1 10
11 2 32
11 3 9
11 4 14
11 5 12
11 6 31
11 7 33
11 8 19
11 9 31
11 10 33
12 0 11
12 1 2
12 2 7
12 3 21
12 4 4
12 5 12
12 6 9
12 7 23
12 8 30
12 9 36
12 10 35
12 11 14
13 0 12
13 1 18
13 2 25
13 3 33
13 4 28
13 5 6
13 6 14
13 7 28
13 8 17
13 9 7
13 10 24
13 11 17
13 12 24
14 0 34
14 1 29
14 2 24
14 3 15
14 4 13
14 5 24
14 6 23
14 7 14
14 8 12
14 9 34
14 10 27
14 11 2
14 12 30
14 13 1
15 0 1
15 1 19
15 2 4
15 3 36
15 4 15
15 5 32
15 6 23
15 7 22
15 8 9
15 9 21
15 10 10
15 11 2
15 12 30
15 13 33
15 14 36
16 0 26
16 1 35
16 2 20
16 3 30
16 4 28
16 5 19
16 6 4
16 7 20
16 8 33
16 9 29
16 10 18
16 11 23
16 12 7
16 13 10
16 14 6
16 15 16
17 0 35
17 1 14
17 2 13
17 3 18
17 4 6
17 5 6
17 6 26
17 7 12
17 8 26
17 9 26
17 10 34
17 11 26
17 12 24
17 13 12
17 14 29
17 15 15
17 16 7
18 0 11
18 1 1
18 2 15
18 3 30
18 4 28
18 5 5
18 6 18
18 7 16
18 8 22
18 9 22
18 10 21
18 11 29
18 12 21
18 13 11
18 14 35
18 15 27
18 16 20
18 17 17
19 0 33
19 1 11
19 2 22
19 3 26
19 4 26
19 5 17
19 6 5
19 7 22
19 8 9
19 9 5
19 10 14
19 11 29
19 12 2
19 13 19
19 14 36
19 15 5
19 16 31
19 17 11
19 18 14
20 0 27
20 1 24
20 2 5
20 3 12
20 4 6
20 5 11
20 6 2
20 7 27
20 8 14
20 9 14
20 10 11
20 11 25
20 12 31
20 13 6
20 14 18
20 15 6
20 16 34
20 17 9
20 18 31
20 19 2
21 0 25
21 1 18
21 2 14
21 3 13
21 4 23
21 5 35
21 6 32
21 7 26
21 8 33
21 9 29
21 10 10
21 11 21
21 12 7
21 13 3
21 14 28
21 15 26
21 16 36
21 17 34
21 18 25
21 19 32
21 20 16
22 0 16
22 1 30
22 2 31
22 3 18
22 4 29
22 5 1
22 6 9
22 7 16
22 8 6
22 9 12
22 10 12
22 11 29
22 12 12
22 13 12
22 14 18
22 15 3
22 16 6
22 17 8
22 18 31
22 19 12
22 20 28
22 21 19
23 0 13
23 1 34
23 2 33
23 3 10
23 4 22
23 5 18
23 6 11
23 7 2
23 8 28
23 9 21
23 10 4
23 11 28
23 12 23
23 13 16
23 14 18
23 15 20
23 16 27
23 17 19
23 18 9
23 19 32
23 20 24
23 21 5
23 22 16
24 0 32
24 1 19
24 2 6
24 3 9
24 4 10
24 5 36
24 6 15
24 7 28
24 8 27
24 9 34
24 10 19
24 11 2
24 12 19
24 13 17
24 14 22
24 15 6
24 16 1
24 17 12
24 18 5
24 19 5
24 20 35
24 21 17
24 22 25
24 23 25
25 0 34
25 1 23
25 2 20
25 3 1
25 4 5
25 5 5
25 6 11
25 7 34
25 8 6
25 9 35
25 10 36
25 11 29
25 12 22
25 13 16
25 14 9
25 15 30
25 16 15
25 17 14
25 18 27
25 19 18
25 20 19
25 21 31
25 22 27
25 23 36
25 24 3
26 0 8
26 1 22
26 2 24
26 3 18
26 4 17
26 5 14
26 6 4
26 7 19
26 8 17
26 9 6
26 10 24
26 11 10
26 12 25
26 13 23
26 14 30
26 15 11
26 16 33
26 17 34
26 18 1
26 19 26
26 20 31
26 21 35
26 22 18
26 23 29
26 24 5
26 25 19
27 0 1
27 1 16
27 2 36
27 3 36
27 4 16
27 5 10
27 6 10
27 7 25
27 8 22
27 9 32
27 10 23
27 11 26
27 12 9
27 13 34
27 14 33
27 15 6
27 16 5
27 17 4
27 18 26
27 19 33
27 20 17
27 21 20
27 22 15
27 23 20
27 24 11
27 25 32
27 26 22
28 0 32
28 1 12
28 2 8
28 3 16
28 4 4
28 5 21
28 6 19
28 7 12
28 8 2
28 9 29
28 10 14
28 11 4
28 12 13
28 13 12
28 14 2
28 15 24
28 16 2
28 17 34
28 18 10
28 19 9
28 20 24
28 21 3
28 22 6
28 23 20
28 24 26
28 25 10
28 26 16
28 27 36
29 0 26
29 1 21
29 2 15
29 3 17
29 4 14
29 5 20
29 6 30
29 7 36
29 8 35
29 9 1
29 10 10
29 11 35
29 12 8
29 13 24
29 14 31
29 15 24
29 16 31
29 17 3
29 18 14
29 19 10
29 20 32
29 21 32
29 22 1
29 23 33
29 24 1
29 25 4
29 26 22
29 27 2
29 28 7
30 0 3
30 1 21
30 2 12
30 3 21
30 4 1
30 5 18
30 6 3
30 7 3
30 8 16
30 9 26
30 10 16
30 11 32
30 12 15
30 13 13
30 14 12
30 15 19
30 16 12
30 17 29
30 18 23
30 19 26
30 20 21
30 21 24
30 22 32
30 23 32
30 24 5
30 25 7
30 26 5
30 27 36
30 28 16
30 29 13
31 0 1
31 1 7
31 2 28
31 3 32
31 4 22
31 5 22
31 6 18
31 7 12
31 8 17
31 9 27
31 10 1
31 11 1
31 12 32
31 13 36
31 14 26
31 15 24
31 16 23
31 17 25
31 18 13
31 19 7
31 20 4
31 21 32
31 22 17
31 23 9
31 24 2
31 25 36
31 26 25
31 27 11
31 28 10
31 29 22
31 30 14
32 0 5
32 1 33
32 2 13
32 3 28
32 4 19
32 5 6
32 6 23
32 7 4
32 8 7
32 9 21
32 10 17
32 11 15
32 12 33
32 13 14
32 14 29
32 15 9
32 16 17
32 17 12
32 18 8
32 19 6
32 20 24
32 21 1
32 22 23
32 23 35
32 24 2
32 25 1
32 26 14
32 27 36
32 28 13
32 29 20
32 30 11
32 31 33
33 0 14
33 1 8
33 2 1
33 3 23
33 4 36
33 5 36
33 6 33
33 7 29
33 8 10
33 9 32
33 10 19
33 11 19
33 12 20
33 13 22
33 14 8
33 15 9
33 16 8
33 17 28
33 18 14
33 19 19
33 20 26
33 21 29
33 22 23
33 23 11
33 24 16
33 25 10
33 26 19
33 27 19
33 28 36
33 29 14
33 30 35
33 31 6
33 32 16
34 0 35
34 1 14
34 2 17
34 3 1
34 4 8
34 5 3
34 6 27
34 7 36
34 8 29
34 9 20
34 10 16
34 11 9
34 12 8
34 13 19
34 14 15
34 15 29
34 16 26
34 17 9
34 18 3
34 19 26
34 20 27
34 21 1
34 22 10
34 23 18
34 24 3
34 25 7
34 26 6
34 27 16
34 28 3
34 29 31
34 30 35
34 31 16
34 32 17
34 33 15
35 0 21
35 1 30
35 2 26
35 3 9
35 4 36
35 5 29
35 6 10
35 7 18
35 8 3
35 9 14
35 10 20
35 11 20
35 12 13
35 13 15
35 14 29
35 15 26
35 16 32
35 17 31
35 18 24
35 19 15
35 20 28
35 21 31
35 22 36
35 23 18
35 24 35
35 25 19
35 26 12
35 27 29
35 28 15
35 29 15
35 30 22
35 31 34
35 32 32
35 33 32
35 34 23
36 0 1
36 1 34
36 2 12
36 3 12
36 4 24
36 5 23
36 6 19
36 7 35
36 8 21
36 9 9
36 10 26
36 11 4
36 12 20
36 13 34
36 14 9
36 15 12
36 16 32
36 17 15
36 18 31
36 19 13
36 20 35
36 21 16
36 22 28
36 23 24
36 24 3
36 25 13
36 26 13
36 27 19
36 28 26
36 29 22
36 30 7
36 31 30
36 32 19
36 33 34
36 34 13
36 35 21
37 0 29
37 1 7
37 2 14
37 3 20
37 4 14
37 5 9
37 6 26
37 7 25
37 8 18
37 9 26
37 10 36
37 11 5
37 12 3
37 13 30
37 14 19
37 15 33
37 16 18
37 17 11
37 18 12
37 19 2
37 20 18
37 21 34
37 22 6
37 23 4
37 24 15
37 25 22
37 26 6
37 27 18
37 28 14
37 29 25
37 30 31
37 31 27
37 32 36
37 33 7
37 34 32
37 35 21
37 36 14
38 0 5
38 1 35
38 2 4
38 3 6
38 4 25
38 5 3
38 6 17
38 7 8
38 8 17
38 9 21
38 10 10
38 11 18
38 12 31
38 13 7
38 14 16
38 15 19
38 16 6
38 17 25
38 18 17
38 19 22
38 20 4
38 21 25
38 22 25
38 23 32
38 24 33
38 25 3
38 26 7
38 27 31
38 28 34
38 29 9
38 30 1
38 31 19
38 32 26
38 33 18
38 34 35
38 35 4
38 36 32
38 37 20
39 0 13
39 1 2
39 2 35
39 3 18
39 4 18
39 5 28
39 6 22
39 7 1
39 8 8
39 9 4
39 10 13
39 11 32
39 12 19
39 13 33
39 14 3
39 15 6
39 16 27
39 17 30
39 18 29
39 19 19
39 20 19
39 21 18
39 22 7
39 23 33
39 24 3
39 25 12
39 26 19
39 27 29
39 28 15
39 29 34
39 30 15
39 31 16
39 32 35
39 33 1
39 34 26
39 35 20
39 36 18
39 37 25
39 38 25
40 0 11
40 1 29
40 2 33
40 3 27
40 4 25
40 5 22
40 6 32
40 7 31
40 8 20
40 9 1
40 10 27
40 11 22
40 12 36
40 13 36
40 14 19
40 15 26
40 16 22
40 17 29
40 18 2
40 19 4
40 20 1
40 21 26
40 22 11
40 23 33
40 24 33
40 25 5
40 26 8
40 27 16
40 28 32
40 29 29
40 30 4
40 31 21
40 32 11
40 33 7
40 34 10
40 35 36
40 36 3
40 37 29
40 38 8
40 39 22
41 0 15
41 1 8
41 2 29
41 3 4
41 4 24
41 5 4
41 6 3
41 7 27
41 8 16
41 9 17
41 10 22
41 11 31
41 12 31
41 13 27
41 14 30
41 15 9
41 16 5
41 17 30
41 18 14
41 19 22
41 20 14
41 21 31
41 22 17
41 23 16
41 24 8
41 25 16
41 26 6
41 27 25
41 28 9
41 29 24
41 30 22
41 31 34
41 32 32
41 33 1
41 34 31
41 35 6
41 36 35
41 37 8
41 38 32
41 39 20
41 40 32
42 0 11
42 1 22
42 2 11
42 3 21
42 4 22
42 5 12
42 6 31
42 7 17
42 8 29
42 9 1
42 10 3
42 11 31
42 12 25
42 13 30
42 14 27
42 15 1
42 16 7
42 17 12
42 18 36
42 19 13
42 20 23
42 21 31
42 22 12
42 23 27
42 24 22
42 25 20
42 26 11
42 27 30
42 28 34
42 29 13
42 30 34
42 31 29
42 32 28
42 33 15
42 34 25
42 35 7
42 36 36
42 37 24
42 38 17
42 39 14
42 40 4
42 41 13
43 0 24
43 1 2
43 2 14
43 3 32
43 4 30
43 5 25
43 6 9
43 7 9
43 8 36
43 9 33
43 10 22
43 11 35
43 12 29
43 13 17
43 14 7
43 15 7
43 16 5
43 17 20
43 18 25
43 19 17
43 20 30
43 21 16
43 22 14
43 23 5
43 24 24
43 25 11
43 26 32
43 27 33
43 28 16
43 29 22
43 30 17
43 31 15
43 32 17
43 33 24
43 34 23
43 35 35
43 36 11
43 37 4
43 38 4
43 39 8
43 40 12
43 41 19
43 42 20
44 0 3
44 1 9
44 2 7
44 3 19
44 4 1
44 5 36
44 6 34
44 7 11
44 8 32
44 9 29
44 10 21
44 11 1
44 12 26
44 13 20
44 14 11
44 15 1
44 16 10
44 17 16
44 18 35
44 19 1
44 20 1
44 21 24
44 22 10
44 23 11
44 24 3
44 25 28
44 26 5
44 27 16
44 28 13
44 29 29
44 30 1
44 31 30
44 32 18
44 33 8
44 34 29
44 35 17
44 36 36
44 37 16
44 38 8
44 39 19
44 40 1
44 41 18
44 42 16
44 43 18
45 0 35
45 1 5
45 2 11
45 3 14
45 4 8
45 5 33
45 6 25
45 7 26
45 8 32
45 9 29
45 10 20
45 11 32
45 12 1
45 13 7
45 14 23
45 15 24
45 16 22
45 17 27
45 18 20
45 19 34
45 20 30
45 21 8
45 22 36
45 23 16
45 24 1
45 25 26
45 26 6
45 27 19
45 28 36
45 29 13
45 30 29
45 31 8
45 32 19
45 33 1
45 34 6
45 35 29
45 36 15
45 37 23
45 38 5
45 39 34
45 40 19
45 41 19
45 42 6
45 43 3
45 44 10
46 0 18
46 1 19
46 2 16
46 3 29
46 4 25
46 5 18
46 6 33
46 7 31
46 8 13
46 9 8
46 10 4
46 11 30
46 12 16
46 13 6
46 14 15
46 15 26
46 16 35
46 17 35
46 18 20
46 19 33
46 20 9
46 21 21
46 22 17
46 23 32
46 24 8
46 25 3
46 26 33
46 27 16
46 28 35
46 29 32
46 30 12
46 31 6
46 32 3
46 33 29
46 34 10
46 35 26
46 36 28
46 37 22
46 38 35
46 39 26
46 40 33
46 41 26
46 42 27
46 43 3
46 44 33
46 45 2
47 0 29
47 1 33
47 2 23
47 3 30
47 4 16
47 5 22
47 6 28
47 7 4
47 8 16
47 9 31
47 10 23
47 11 22
47 12 13
47 13 36
47 14 13
47 15 19
47 16 11
47 17 28
47 18 14
47 19 19
47 20 35
47 21 2
47 22 15
47 23 35
47 24 32
47 25 33
47 26 27
47 27 24
47 28 30
47 29 16
47 30 33
47 31 16
47 32 14
47 33 3
47 34 2
47 35 34
47 36 35
47 37 4
47 38 36
47 39 5
47 40 5
47 41 36
47 42 30
47 43 6
47 44 34
47 45 22
47 46 18
48 0 2
48 1 20
48 2 3
48 3 14
48 4 33
48 5 7
48 6 18
48 7 25
48 8 2
48 9 24
48 10 6
48 11 33
48 12 4
48 13 23
48 14 20
48 15 35
48 16 15
48 17 13
48 18 22
48 19 22
48 20 16
48 21 27
48 22 28
48 23 15
48 24 34
48 25 35
48 26 10
48 27 4
48 28 23
48 29 32
48 30 22
48 31 13
48 32 21
48 33 30
48 34 34
48 35 3
48 36 12
48 37 36
48 38 26
48 39 2
48 40 27
48 41 36
48 42 27
48 43 8
48 44 35
48 45 25
48 46 36
48 47 3
49 0 32
49 1 1
49 2 31
49 3 5
49 4 6
49 5 24
49 6 4
49 7 35
49 8 29
49 9 31
49 10 4
49 11 30
49 12 10
49 13 15
49 14 16
49 15 21
49 16 17
49 17 31
49 18 4
49 19 7
49 20 13
49 21 13
49 22 18
49 23 24
49 24 15
49 25 30
49 26 9
49 27 23
49 28 6
49 29 11
49 30 17
49 31 5
49 32 13
49 33 11
49 34 36
49 35 9
49 36 25
49 37 7
49 38 22
49 39 25
49 40 32
49 41 24
49 42 12
49 43 30
49 44 33
49 45 11
49 46 21
49 47 35
49 48 9
50 0 24
50 1 10
50 2 16
50 3 30
50 4 26
50 5 22
50 6 1
50 7 30
50 8 32
50 9 26
50 10 36
50 11 21
50 12 5
50 13 28
50 14 19
50 15 5
50 16 9
50 17 9
50 18 1
50 19 11
50 20 3
50 21 32
50 22 9
50 23 16
50 24 28
50 25 9
50 26 35
50 27 28
50 28 18
50 29 20
50 30 3
50 31 25
50 32 8
50 33 5
50 34 13
50 35 27
50 36 18
50 37 35
50 38 19
50 39 13
50 40 6
50 41 26
50 42 12
50 43 5
50 44 26
50 45 28
50 46 22
50 47 10
50 48 25
50 49 28
51 0 17
51 1 3
51 2 30
51 3 24
51 4 13
51 5 23
51 6 26
51 7 24
51 8 26
51 9 25
51 10 18
51 11 3
51 12 28
51 13 33
51 14 36
51 15 13
51 16 21
51 17 17
51 18 22
51 19 22
51 20 34
51 21 32
51 22 17
51 23 12
51 24 23
51 25 28
51 26 35
51 27 17
51 28 10
51 29 24
51 30 19
51 31 27
51 32 1
51 33 33
51 34 7
51 35 29
51 36 18
51 37 28
51 38 20
51 39 33
51 40 20
51 41 36
51 42 1
51 43 1
51 44 21
51 45 10
51 46 14
51 47 24
51 48 17
51 49 24
51 50 3
52 0 27
52 1 36
52 2 30
52 3 3
52 4 4
52 5 5
52 6 20
52 7 29
52 8 2
52 9 18
52 10 35
52 11 20
52 12 16
52 13 7
52 14 18
52 15 27
52 16 14
52 17 8
52 18 9
52 19 18
52 20 31
52 21 25
52 22 24
52 23 18
52 24 14
52 25 17
52 26 19
52 27 10
52 28 30
52 29 27
52 30 13
52 31 16
52 32 28
52 33 30
52 34 9
52 35 1
52 36 10
52 37 1
52 38 20
52 39 17
52 40 34
52 41 29
52 42 26
52 43 26
52 44 6
52 45 34
52 46 14
52 47 15
52 48 23
52 49 32
52 50 18
52 51 15
53 0 1
53 1 16
53 2 10
53 3 18
53 4 17
53 5 9
53 6 29
53 7 24
53 8 27
53 9 31
53 10 34
53 11 14
53 12 12
53 13 21
53 14 30
53 15 32
53 16 23
53 17 35
53 18 4
53 19 11
53 20 27
53 21 30
53 22 15
53 23 31
53 24 15
53 25 12
53 26 3
53 27 1
53 28 3
53 29 3
53 30 8
53 31 14
53 32 17
53 33 32
53 34 2
53 35 16
53 36 28
53 37 1
53 38 23
53 39 4
53 40 16
53 41 20
53 42 8
53 43 7
53 44 12
53 45 32
53 46 35
53 47 5
53 48 21
53 49 18
53 50 23
53 51 6
53 52 14
54 0 33
54 1 14
54 2 4
54 3 26
54 4 36
54 5 35
54 6 28
54 7 19
54 8 6
54 9 8
54 10 8
54 11 35
54 12 7
54 13 34
54 14 35
54 15 3
54 16 33
54 17 35
54 18 7
54 19 2
54 20 19
54 21 16
54 22 13
54 23 34
54 24 18
54 25 25
54 26 26
54 27 7
54 28 25
54 29 30
54 30 34
54 31 2
54 32 20
54 33 35
54 34 18
54 35 31
54 36 27
54 37 16
54 38 29
54 39 1
54 40 30
54 41 20
54 42 32
54 43 36
54 44 16
54 45 20
54 46 23
54 47 19
54 48 17
54 49 10
54 50 9
54 51 35
54 52 27
54 53 13
55 0 4
55 1 24
55 2 24
55 3 28
55 4 24
55 5 12
55 6 23
55 7 19
55 8 3
55 9 10
55 10 33
55 11 18
55 12 17
55 13 30
55 14 35
55 15 31
55 16 26
55 17 36
55 18 21
55 19 18
55 20 11
55 21 24
55 22 33
55 23 10
55 24 8
55 25 19
55 26 6
55 27 18
55 28 26
55 29 29
55 30 8
55 31 7
55 32 30
55 33 13
55 34 30
55 35 28
55 36 18
55 37 17
55 38 34
55 39 32
55 40 8
55 41 34
55 42 17
55 43 10
55 44 13
55 45 31
55 46 10
55 47 20
55 48 5
55 49 11
55 50 13
55 51 22
55 52 20
55 53 33
55 54 26
56 0 12
56 1 18
56 2 34
56 3 2
56 4 4
56 5 28
56 6 15
56 7 12
56 8 27
56 9 26
56 10 9
56 11 36
56 12 1
56 13 30
56 14 34
56 15 14
56 16 14
56 17 22
56 18 11
56 19 17
56 20 27
56 21 1
56 22 15
56 23 1
56 24 1
56 25 8
56 26 3
56 27 34
56 28 27
56 29 23
56 30 15
56 31 11
56 32 24
56 33 22
56 34 36
56 35 6
56 36 6
56 37 27
56 38 32
56 39 17
56 40 12
56 41 10
56 42 2
56 43 15
56 44 26
56 45 35
56 46 28
56 47 10
56 48 29
56 49 22
56 50 4
56 51 15
56 52 12
56 53 9
56 54 11
56 55 27
57 0 26
57 1 6
57 2 36
57 3 23
57 4 6
57 5 34
57 6 24
57 7 2
57 8 3
57 9 22
57 10 13
57 11 7
57 12 11
57 13 29
57 14 25
57 15 19
57 16 34
57 17 29
57 18 29
57 19 36
57 20 30
57 21 8
57 22 35
57 23 4
57 24 9
57 25 16
57 26 19
57 27 24
57 28 22
57 29 14
57 30 23
57 31 31
57 32 12
57 33 29
57 34 3
57 35 22
57 36 16
57 37 27
57 38 1
57 39 26
57 40 12
57 41 4
57 42 8
57 43 29
57 44 29
57 45 15
57 46 23
57 47 17
57 48 4
57 49 35
57 50 4
57 51 33
57 52 11
57 53 26
57 54 8
57 55 3
57 56 9
58 0 15
58 1 5
58 2 1
58 3 12
58 4 32
58 5 32
58 6 36
58 7 23
58 8 1
58 9 36
58 10 23
58 11 19
58 12 29
58 13 24
58 14 35
58 15 1
58 16 24
58 17 7
58 18 15
58 19 22
58 20 29
58 21 34
58 22 28
58 23 4
58 24 14
58 25 4
58 26 3
58 27 34
58 28 25
58 29 7
58 30 18
58 31 27
58 32 27
58 33 6
58 34 2
58 35 14
58 36 25
58 37 35
58 38 24
58 39 20
58 40 16
58 41 29
58 42 17
58 43 31
58 44 28
58 45 26
58 46 1
58 47 23
58 48 14
58 49 17
58 50 20
58 51 12
58 52 21
58 53 5
58 54 5
58 55 32
58 56 35
58 57 13
59 0 26
59 1 19
59 2 5
59 3 19
59 4 19
59 5 7
59 6 30
59 7 10
59 8 32
59 9 32
59 10 35
59 11 7
59 12 28
59 13 12
59 14 29
59 15 6
59 16 15
59 17 11
59 18 31
59 19 8
59 20 2
59 21 28
59 22 17
59 23 28
59 24 18
59 25 12
59 26 11
59 27 11
59 28 29
59 29 3
59 30 27
59 31 4
59 32 33
59 33 29
59 34 14
59 35 24
59 36 20
59 37 15
59 38 1
59 39 28
59 40 20
59 41 6
59 42 18
59 43 11
59 44 3
59 45 11
59 46 24
59 47 12
59 48 33
59 49 10
59 50 12
59 51 8
59 52 29
59 53 31
59 54 26
59 55 18
59 56 24
59 57 25
59 58 31
60 0 35
60 1 7
60 2 6
60 3 3
60 4 6
60 5 3
60 6 19
60 7 17
60 8 7
60 9 27
60 10 30
60 11 34
60 12 21
60 13 20
60 14 30
60 15 7
60 16 22
60 17 30
60 18 8
60 19 25
60 20 8
60 21 1
60 22 24
60 23 35
60 24 25
60 25 1
60 26 18
60 27 1
60 28 20
60 29 11
60 30 11
60 31 4
60 32 3
60 33 17
60 34 10
60 35 16
60 36 34
60 37 19
60 38 18
60 39 30
60 40 21
60 41 24
60 42 14
60 43 7
60 44 9
60 45 18
60 46 30
60 47 27
60 48 30
60 49 8
60 50 2
60 51 17
60 52 11
60 53 34
60 54 33
60 55 25
60 56 26
60 57 5
60 58 10
60 59 36
61 0 22
61 1 34
61 2 31
61 3 16
61 4 9
61 5 36
61 6 18
61 7 29
61 8 21
61 9 36
61 10 22
61 11 27
61 12 16
61 13 24
61 14 22
61 15 27
61 16 34
61 17 16
61 18 14
61 19 3
61 20 13
61 21 33
61 22 5
61 23 30
61 24 28
61 25 22
61 26 3
61 27 1
61 28 13
61 29 24
61 30 32
61 31 14
61 32 35
61 33 33
61 34 34
61 35 8
61 36 22
61 37 33
61 38 26
61 39 10
61 40 32
61 41 6
61 42 31
61 43 31
61 44 14
61 45 20
61 46 22
61 47 20
61 48 22
61 49 23
61 50 4
61 51 32
61 52 3
61 53 24
61 54 6
61 55 16
61 56 22
61 57 3
61 58 31
61 59 24
61 60 31
