18
1 0 11
2 0 30
2 1 4
3 0 12
3 1 9
3 2 28
4 0 23
4 1 27
4 2 7
4 3 31
5 0 28
5 1 27
5 2 4
5 3 36
5 4 6
6 0 14
6 1 16
6 2 29
6 3 36
6 4 28
6 5 30
7 0 31
7 1 26
7 2 32
7 3 24
7 4 26
7 5 13
7 6 28
8 0 31
8 1 35
8 2 11
8 3 35
8 4 27
8 5 24
8 6 37
8 7 7
9 0 28
9 1 28
9 2 18
9 3 10
9 4 5
9 5 34
9 6 26
9 7 16
9 8 19
10 0 20
10 1 36
10 2 35
10 3 11
10 4 31
10 5 8
10 6 21
10 7 16
10 8 11
10 9 18
11 0 23
11 1 22
11 2 15
11 3 18
11 4 35
11 5 37
11 6 9
11 7 13
11 8 18
11 9 19
11 10 27
12 0 23
12 1 28
12 2 31
12 3 28
12 4 23
12 5 23
12 6 16
12 7 20
12 8 11
12 9 35
12 10 37
12 11 24
13 0 39
13 1 26
13 2 17
13 3 11
13 4 30
13 5 15
13 6 36
13 7 38
13 8 33
13 9 23
13 10 34
13 11 6
13 12 5
14 0 27
14 1 5
14 2 15
14 3 9
14 4 18
14 5 30
14 6 4
14 7 12
14 8 25
14 9 14
14 10 17
14 11 16
14 12 2
14 13 9
15 0 16
15 1 12
15 2 23
15 3 11
15 4 33
15 5 23
15 6 39
15 7 25
15 8 7
15 9 9
15 10 37
15 11 7
15 12 34
15 13 30
15 14 14
16 0 23
16 1 6
16 2 16
16 3 25
16 4 28
16 5 11
16 6 36
16 7 37
16 8 2
16 9 19
16 10 20
16 11 19
16 12 36
16 13 20
16 14 12
16 15 36
17 0 30
17 1 2
17 2 24
17 3 11
17 4 3
17 5 28
17 6 12
17 7 9
17 8 13
17 9 19
17 10 7
17 11 24
17 12 1
17 13 21
17 14 39
17 15 17
17 16 12
