49
1 0 6
2 0 18
2 1 22
3 0 7
3 1 22
5 2 1
5 3 17
6 1 23
6 4 2
7 0 6
7 1 16
7 5 4
8 0 5
8 1 20
8 4 17
8 6 16
9 2 22
9 3 9
9 4 1
9 5 3
9 7 3
9 8 24
10 0 23
10 2 5
10 4 11
10 5 7
10 8 22
10 9 24
11 0 5
11 2 13
11 3 11
11 4 4
11 5 4
11 6 4
11 7 9
11 8 2
11 10 23
12 0 20
12 8 17
13 2 11
13 3 13
13 5 13
13 6 4
13 8 22
13 9 21
14 1 22
14 2 5
14 5 14
14 7 19
14 8 1
14 9 8
14 10 17
14 13 18
15 1 15
15 2 9
15 3 21
15 5 16
15 11 14
16 3 8
16 5 12
16 11 24
16 12 20
16 15 7
17 0 5
17 4 3
17 5 21
17 6 13
17 9 10
17 11 15
17 13 24
17 14 10
18 0 14
18 2 11
18 3 9
18 4 4
18 9 5
18 12 9
18 13 7
18 15 16
18 16 12
18 17 18
19 0 4
19 3 14
19 5 20
19 6 5
19 8 1
19 10 22
19 11 17
19 13 14
19 15 21
19 17 17
20 0 4
20 4 17
20 7 24
20 8 8
20 9 20
20 10 24
20 14 24
20 15 10
20 18 2
20 19 1
21 3 20
21 6 5
21 8 23
21 9 4
21 10 1
21 12 11
21 13 20
21 14 5
21 16 21
21 17 4
21 18 20
21 19 15
21 20 15
22 3 22
22 4 9
22 5 1
22 6 20
22 9 8
22 11 9
22 13 16
22 14 10
22 15 12
22 16 24
22 19 12
22 20 16
23 0 22
23 1 1
23 2 24
23 3 18
23 4 12
23 5 18
23 6 11
23 11 19
23 12 6
23 15 1
23 17 9
23 20 8
23 21 18
24 0 14
24 1 3
24 3 5
24 4 16
24 6 24
24 7 6
24 8 15
24 11 10
24 16 8
24 17 14
24 18 19
24 19 23
24 21 7
25 0 13
25 2 4
25 4 6
25 5 24
25 8 20
25 9 19
25 11 15
25 12 19
25 17 18
25 18 19
25 19 11
25 21 24
25 22 9
26 1 9
26 5 24
26 9 5
26 10 6
26 11 17
26 15 3
26 17 22
26 22 16
26 25 13
27 0 22
27 1 14
27 5 14
27 6 22
27 7 8
27 9 20
27 13 7
27 17 3
27 18 2
27 21 20
27 23 11
27 25 5
27 26 23
28 3 5
28 4 8
28 8 9
28 10 1
28 15 17
28 17 16
28 19 11
28 20 10
28 22 16
28 23 1
28 24 8
28 27 14
29 0 23
29 1 8
29 2 13
29 4 14
29 7 3
29 8 18
29 9 21
29 11 23
29 12 22
29 13 18
29 14 11
29 16 12
29 17 1
29 18 3
29 19 19
29 23 4
29 26 7
29 27 18
30 1 16
30 8 16
30 9 10
30 10 10
30 11 22
30 12 24
30 13 16
30 15 4
30 21 5
30 26 14
31 1 14
31 3 18
31 4 1
31 7 2
31 8 12
31 9 21
31 11 2
31 13 17
31 15 23
31 16 22
31 18 21
31 19 22
31 24 16
31 25 15
31 26 22
32 0 15
32 1 17
32 2 19
32 3 17
32 4 13
32 5 12
32 6 22
32 8 9
32 9 21
32 10 17
32 13 22
32 16 3
32 17 13
32 18 17
32 21 3
32 22 5
32 25 11
32 26 5
32 28 15
33 0 18
33 1 18
33 2 16
33 3 17
33 5 5
33 6 16
33 7 3
33 12 20
33 16 22
33 23 2
33 25 14
33 27 14
33 29 18
33 30 19
33 31 8
33 32 17
34 1 14
34 3 13
34 4 5
34 7 22
34 10 1
34 13 15
34 14 7
34 15 22
34 16 8
34 19 1
34 20 6
34 22 20
34 23 12
34 24 22
34 25 19
34 28 24
34 30 5
35 1 15
35 3 7
35 4 1
35 8 9
35 9 24
35 12 7
35 13 4
35 14 16
35 16 3
35 18 10
35 19 11
35 21 19
35 22 6
35 26 13
35 27 1
35 33 22
36 2 15
36 4 3
36 5 21
36 7 4
36 11 9
36 12 15
36 13 3
36 15 10
36 16 21
36 19 3
36 20 6
36 21 6
36 22 11
36 23 2
36 24 5
36 26 4
36 27 2
36 31 23
36 32 7
36 35 19
37 2 5
37 3 2
37 6 20
37 8 6
37 9 20
37 10 8
37 14 2
37 16 9
37 18 16
37 19 16
37 22 2
37 23 7
37 25 3
37 28 15
37 29 21
37 31 24
37 33 11
37 35 11
38 1 10
38 2 23
38 4 21
38 7 23
38 8 16
38 11 4
38 15 4
38 21 18
38 22 9
38 23 1
38 24 2
38 28 16
38 29 7
38 30 9
38 32 21
38 35 3
38 36 12
39 0 11
39 2 19
39 5 19
39 6 20
39 8 5
39 11 19
39 12 10
39 13 22
39 14 21
39 17 23
39 18 3
39 20 4
39 21 11
39 22 11
39 26 3
39 28 21
39 29 11
39 30 11
39 35 21
39 37 22
39 38 8
40 0 21
40 1 4
40 3 14
40 4 19
40 6 1
40 8 8
40 9 1
40 10 9
40 11 4
40 12 23
40 13 18
40 15 11
40 16 23
40 20 15
40 22 18
40 24 19
40 26 12
40 31 18
40 35 11
40 36 3
40 38 20
40 39 21
41 0 12
41 1 21
41 2 19
41 7 24
41 9 5
41 10 17
41 11 4
41 12 7
41 14 16
41 17 2
41 18 4
41 24 1
41 26 22
41 27 15
41 28 7
41 29 6
41 30 5
41 31 16
41 32 11
41 34 24
41 35 13
41 36 12
41 37 21
41 38 6
41 39 16
42 0 24
42 1 22
42 4 19
42 6 2
42 7 5
42 10 4
42 13 17
42 14 4
42 16 5
42 19 16
42 20 11
42 21 12
42 23 3
42 26 13
42 28 7
42 30 20
42 31 24
42 33 14
43 1 8
43 5 4
43 7 23
43 11 3
43 13 5
43 14 16
43 29 11
43 30 10
43 31 17
43 33 15
43 35 10
43 39 21
43 41 5
44 1 10
44 2 5
44 4 9
44 7 23
44 8 7
44 9 15
44 11 11
44 15 16
44 17 18
44 19 23
44 21 22
44 22 6
44 24 4
44 25 21
44 26 2
44 29 9
44 30 11
44 31 20
44 32 6
44 33 9
44 34 12
44 36 10
44 41 20
44 42 3
44 43 19
45 0 9
45 2 1
45 3 14
45 7 6
45 8 12
45 9 8
45 10 7
45 12 2
45 13 5
45 21 6
45 24 5
45 27 22
45 28 10
45 29 24
45 30 6
45 32 6
45 33 24
45 35 3
45 42 1
45 43 6
45 44 1
46 0 21
46 1 9
46 2 16
46 4 13
46 10 24
46 11 6
46 12 6
46 13 18
46 14 9
46 19 16
46 21 11
46 24 7
46 26 1
46 27 24
46 28 22
46 29 20
46 30 10
46 31 22
46 32 20
46 33 14
46 34 10
46 35 2
46 36 20
46 38 10
46 40 24
46 41 3
46 43 14
46 44 16
46 45 12
47 0 23
47 2 3
47 8 16
47 9 2
47 10 21
47 12 10
47 13 20
47 15 1
47 16 2
47 17 18
47 23 23
47 25 20
47 26 6
47 30 1
47 33 16
47 35 17
47 36 20
47 43 4
47 44 15
47 45 18
47 46 9
48 0 6
48 1 2
48 2 5
48 4 12
48 10 23
48 13 9
48 14 21
48 16 4
48 19 11
48 22 10
48 24 2
48 25 22
48 33 3
48 35 13
48 36 1
48 37 17
48 40 7
48 41 20
48 42 10
48 43 2
48 45 7
48 46 5
