67
1 0 8
2 0 16
3 0 39
3 2 31
4 0 34
4 2 27
4 3 36
5 2 10
5 4 29
6 0 9
7 0 23
7 1 31
7 2 37
7 5 5
8 1 21
8 2 21
8 4 28
8 6 27
9 0 40
9 1 36
9 2 5
9 3 16
9 7 12
9 8 30
10 0 38
10 1 29
10 4 4
10 6 12
10 7 20
10 8 13
10 9 20
11 0 42
11 4 5
11 5 6
12 0 40
12 2 4
12 3 17
12 4 23
12 6 23
12 7 41
12 8 40
12 9 31
12 10 35
12 11 27
13 1 16
13 3 26
13 4 9
13 6 10
13 9 16
13 11 23
14 0 36
14 3 31
14 4 34
14 6 31
14 9 35
14 12 17
14 13 28
15 2 17
15 3 16
15 6 21
15 7 39
15 8 33
15 10 4
15 11 38
16 2 6
16 3 18
16 6 37
16 8 8
16 10 8
16 13 40
16 14 9
16 15 19
17 0 30
17 2 25
17 3 36
17 4 31
17 5 2
17 7 13
17 10 1
17 13 30
17 15 19
17 16 16
18 3 11
18 4 3
18 5 2
18 7 39
18 9 32
18 10 23
18 11 15
18 12 15
18 16 25
18 17 38
19 0 18
19 1 42
19 3 17
19 4 1
19 5 14
19 7 33
19 8 39
19 9 21
19 10 8
19 14 22
19 16 41
19 17 5
20 6 9
20 8 26
20 11 12
20 14 24
20 16 3
20 17 22
20 18 36
20 19 10
21 2 40
21 3 36
21 5 21
21 7 21
21 11 37
21 13 19
21 16 38
21 17 25
21 18 1
21 19 10
22 0 16
22 1 31
22 7 34
22 10 8
22 11 29
22 16 7
22 17 10
22 18 19
22 20 32
22 21 36
23 0 40
23 1 9
23 2 35
23 3 34
23 4 30
23 5 30
23 7 22
23 10 34
23 12 7
23 13 27
23 14 38
23 15 33
23 16 41
23 19 34
24 0 15
24 1 9
24 3 31
24 4 32
24 5 4
24 6 17
24 7 11
24 10 20
24 12 30
24 13 16
24 15 33
24 17 23
24 18 15
24 19 9
24 20 37
25 3 19
25 5 42
25 6 27
25 10 40
25 13 41
25 14 26
25 15 16
25 16 21
25 17 3
25 20 4
25 21 17
25 22 28
25 23 42
25 24 24
26 1 15
26 2 21
26 3 19
26 4 17
26 7 35
26 10 23
26 11 40
26 13 31
26 17 10
26 18 30
26 19 39
26 20 5
26 21 15
26 22 11
26 24 17
26 25 26
27 0 11
27 4 40
27 5 32
27 7 36
27 8 19
27 12 3
27 13 27
27 14 29
27 15 35
27 17 11
27 20 19
27 22 6
27 23 20
27 25 38
27 26 15
28 3 4
28 4 28
28 7 29
28 8 30
28 10 35
28 11 5
28 14 40
28 15 31
28 16 5
28 19 33
28 22 27
28 26 7
28 27 42
29 0 30
29 1 18
29 2 37
29 3 26
29 5 17
29 6 41
29 11 12
29 12 31
29 13 6
29 14 13
29 17 5
29 18 37
29 21 37
29 23 22
29 25 3
29 27 24
29 28 4
30 0 25
30 1 42
30 2 33
30 3 25
30 7 9
30 8 3
30 9 6
30 11 13
30 15 30
30 16 34
30 19 31
30 20 41
30 22 20
30 23 3
30 24 41
30 29 11
31 2 31
31 3 9
31 5 2
31 6 11
31 8 21
31 9 17
31 10 26
31 14 11
31 15 24
31 17 28
31 21 38
31 24 26
31 27 9
31 30 11
32 0 37
32 4 6
32 5 3
32 9 33
32 10 13
32 12 23
32 13 3
32 14 29
32 17 14
32 18 9
32 19 18
32 22 34
32 23 27
32 26 11
32 27 32
32 28 17
32 29 14
32 30 23
33 0 14
33 2 32
33 4 11
33 5 1
33 14 2
33 17 26
33 18 37
33 20 33
33 24 1
33 25 24
33 26 3
33 27 26
33 28 42
33 29 1
33 30 1
33 32 33
34 0 22
34 2 26
34 5 5
34 9 24
34 11 20
34 12 21
34 15 24
34 16 20
34 17 8
34 18 41
34 21 34
34 25 7
34 26 17
34 28 30
34 33 31
35 1 1
35 2 22
35 4 29
35 5 12
35 11 15
35 12 2
35 13 6
35 14 38
35 16 7
35 19 30
35 20 37
35 22 25
35 28 12
35 30 16
35 31 6
35 32 17
36 3 28
36 7 5
36 10 40
36 13 16
36 14 21
36 16 30
36 19 21
36 21 34
36 23 33
36 24 1
36 25 6
36 29 38
36 30 17
36 31 21
36 32 4
36 34 9
37 0 15
37 4 29
37 6 33
37 7 20
37 9 17
37 10 19
37 14 27
37 16 21
37 17 13
37 20 5
37 21 28
37 22 24
37 23 40
37 24 18
37 25 41
37 26 8
37 27 11
37 28 13
37 31 6
37 33 23
37 36 5
38 1 1
38 4 12
38 6 32
38 7 11
38 9 42
38 11 6
38 12 32
38 13 31
38 14 27
38 15 28
38 16 11
38 17 20
38 20 26
38 21 33
38 23 11
38 25 39
38 29 40
38 30 42
38 31 27
38 36 13
39 0 15
39 1 26
39 3 4
39 4 39
39 6 39
39 9 38
39 10 14
39 12 23
39 14 42
39 21 7
39 22 4
39 23 14
39 25 14
39 26 17
39 30 5
39 31 27
39 32 40
39 34 19
39 37 35
39 38 31
40 0 1
40 1 41
40 4 34
40 5 36
40 7 15
40 10 22
40 11 23
40 12 18
40 13 21
40 14 17
40 15 33
40 17 10
40 21 9
40 24 13
40 28 31
40 29 36
40 30 19
40 31 27
40 37 29
41 0 34
41 6 22
41 8 42
41 9 14
41 12 28
41 14 26
41 16 10
41 20 23
41 21 27
41 22 14
41 25 19
41 26 22
41 28 15
41 30 32
41 33 6
41 34 8
41 37 23
41 38 32
41 39 26
41 40 9
42 2 7
42 6 35
42 7 42
42 8 11
42 10 6
42 11 5
42 13 30
42 17 26
42 21 19
42 23 37
42 25 12
42 27 28
42 29 34
42 31 6
42 33 8
42 34 4
42 38 32
42 41 30
43 0 9
43 2 40
43 3 37
43 5 21
43 6 8
43 8 1
43 9 40
43 16 31
43 17 36
43 18 6
43 20 17
43 21 5
43 22 19
43 23 3
43 25 5
43 26 7
43 27 17
43 28 17
43 29 24
43 30 28
43 31 35
43 35 23
43 40 4
44 0 18
44 3 17
44 4 26
44 8 3
44 9 1
44 11 18
44 13 34
44 18 23
44 21 3
44 22 36
44 23 30
44 24 35
44 28 14
44 29 27
44 34 10
44 35 19
44 36 19
44 37 28
44 39 15
44 40 2
44 41 11
44 42 1
45 1 11
45 2 8
45 3 31
45 5 8
45 6 14
45 7 37
45 11 42
45 13 10
45 18 29
45 19 4
45 21 24
45 22 21
45 23 10
45 24 32
45 27 5
45 28 40
45 31 18
45 32 16
45 33 2
45 34 1
45 36 3
45 39 14
45 40 20
45 41 30
45 43 10
46 0 8
46 3 24
46 4 11
46 6 6
46 7 25
46 8 10
46 11 4
46 12 33
46 13 20
46 14 32
46 17 31
46 19 23
46 20 22
46 28 23
46 29 4
46 30 2
46 31 19
46 32 11
46 33 5
46 40 18
46 43 2
46 44 28
46 45 41
47 0 34
47 1 9
47 6 28
47 7 1
47 8 5
47 10 37
47 12 34
47 15 36
47 16 19
47 17 11
47 21 24
47 25 22
47 26 13
47 27 37
47 29 41
47 36 40
47 41 28
47 42 41
47 44 3
47 46 6
48 0 19
48 3 31
48 4 7
48 8 10
48 9 26
48 12 19
48 15 1
48 17 22
48 18 36
48 22 6
48 23 40
48 25 40
48 28 23
48 29 39
48 31 28
48 32 34
48 33 5
48 34 33
48 35 3
48 39 20
48 43 15
48 44 38
48 46 1
49 0 21
49 1 8
49 2 14
49 3 17
49 5 8
49 6 1
49 9 29
49 11 41
49 12 13
49 14 5
49 18 31
49 22 14
49 26 2
49 27 28
49 29 6
49 31 35
49 32 36
49 33 34
49 35 36
49 36 3
49 38 31
49 39 22
49 40 22
49 42 23
49 43 13
49 48 25
50 3 24
50 5 42
50 6 32
50 8 5
50 9 13
50 11 17
50 13 40
50 16 23
50 18 18
50 19 3
50 25 1
50 26 36
50 28 40
50 31 12
50 33 5
50 35 9
50 36 13
50 40 23
50 41 12
50 42 31
50 44 5
50 47 29
50 48 19
51 0 19
51 1 31
51 4 23
51 6 28
51 7 37
51 8 9
51 11 16
51 13 32
51 14 1
51 15 21
51 16 32
51 19 29
51 23 1
51 27 41
51 28 33
51 29 28
51 30 23
51 33 41
51 34 9
51 37 10
51 39 5
51 40 5
51 41 14
51 43 42
51 44 11
51 47 15
51 49 10
52 0 7
52 2 5
52 3 34
52 5 30
52 6 21
52 7 2
52 9 20
52 16 38
52 19 29
52 20 42
52 21 11
52 23 10
52 27 20
52 28 37
52 32 14
52 33 38
52 35 20
52 37 33
52 39 24
52 40 11
52 41 41
52 42 9
52 43 9
52 44 3
52 47 17
52 50 28
52 51 39
53 0 24
53 4 38
53 5 1
53 6 14
53 7 20
53 11 39
53 12 28
53 15 32
53 16 21
53 18 36
53 19 18
53 20 40
53 21 22
53 26 12
53 29 14
53 31 18
53 34 17
53 36 24
53 38 33
53 39 11
53 40 35
53 41 27
53 45 19
53 46 39
53 50 29
53 51 11
53 52 6
54 3 2
54 6 31
54 8 27
54 11 15
54 12 9
54 14 10
54 18 7
54 20 10
54 21 22
54 29 36
54 31 13
54 32 25
54 33 11
54 35 25
54 36 42
54 41 21
54 42 39
54 44 42
54 45 31
54 46 15
54 47 15
54 49 40
54 51 2
54 53 5
55 2 42
55 3 1
55 4 30
55 7 19
55 10 31
55 12 12
55 15 20
55 16 26
55 17 17
55 19 22
55 20 17
55 22 31
55 24 7
55 25 31
55 26 34
55 27 34
55 29 19
55 33 25
55 37 25
55 39 32
55 44 33
55 45 7
55 46 19
55 47 17
55 49 30
55 50 30
55 51 15
55 52 38
55 54 13
56 0 25
56 1 21
56 2 21
56 3 24
56 5 38
56 8 16
56 9 21
56 10 9
56 12 42
56 14 3
56 15 18
56 17 29
56 18 39
56 20 40
56 21 41
56 29 40
56 31 30
56 33 2
56 34 9
56 37 15
56 38 27
56 39 9
56 40 18
56 41 34
56 43 36
56 44 3
56 45 1
56 46 17
56 47 40
56 48 23
56 49 15
56 50 35
56 52 20
56 54 41
56 55 14
57 2 31
57 4 17
57 5 29
57 6 9
57 9 41
57 10 17
57 12 17
57 13 32
57 17 2
57 18 4
57 20 13
57 23 42
57 25 12
57 26 7
57 27 3
57 30 29
57 31 28
57 32 2
57 36 3
57 37 35
57 38 38
57 39 41
57 41 2
57 43 9
57 44 40
57 45 37
57 46 11
57 48 13
57 51 35
57 52 4
57 56 32
58 2 17
58 6 42
58 7 31
58 8 10
58 10 26
58 11 25
58 13 42
58 14 40
58 16 22
58 18 16
58 27 38
58 32 31
58 34 25
58 35 16
58 36 15
58 38 36
58 39 29
58 40 18
58 42 42
58 46 15
58 48 39
58 50 28
58 52 40
58 55 16
58 56 25
59 0 11
59 1 4
59 3 18
59 4 40
59 5 14
59 6 20
59 8 34
59 9 9
59 11 13
59 15 2
59 18 6
59 20 32
59 23 39
59 24 19
59 25 3
59 27 16
59 28 6
59 32 14
59 33 32
59 34 31
59 36 35
59 42 21
59 44 6
59 46 25
59 49 31
59 51 38
59 52 14
59 55 21
59 58 13
60 1 36
60 5 40
60 6 28
60 7 12
60 10 39
60 13 11
60 14 7
60 15 5
60 17 8
60 18 1
60 19 41
60 20 20
60 22 36
60 23 19
60 25 37
60 26 10
60 28 35
60 29 30
60 31 1
60 32 4
60 35 32
60 37 8
60 38 40
60 40 29
60 43 3
60 46 22
60 48 3
60 50 23
60 52 41
60 53 40
60 54 14
60 55 25
60 56 11
60 58 15
60 59 36
61 0 27
61 6 29
61 12 40
61 14 28
61 15 21
61 16 15
61 17 21
61 18 1
61 19 29
61 22 40
61 23 38
61 24 26
61 25 1
61 26 25
61 27 20
61 28 12
61 32 10
61 35 11
61 37 12
61 38 30
61 39 37
61 40 25
61 42 9
61 45 21
61 46 13
61 47 19
61 48 9
61 50 19
61 51 11
61 53 38
61 55 15
61 58 27
61 59 2
62 1 41
62 2 34
62 7 38
62 10 39
62 11 31
62 12 17
62 13 7
62 14 4
62 15 26
62 16 4
62 17 14
62 18 26
62 22 37
62 23 18
62 24 32
62 25 30
62 26 42
62 27 8
62 29 22
62 30 35
62 35 26
62 36 1
62 37 33
62 38 39
62 39 34
62 40 12
62 43 39
62 45 5
62 48 5
62 50 18
62 52 29
62 53 33
62 55 18
62 56 34
62 59 42
63 1 33
63 3 34
63 7 9
63 9 42
63 10 7
63 12 1
63 13 29
63 16 29
63 17 19
63 18 1
63 19 20
63 20 23
63 21 2
63 23 26
63 27 31
63 30 36
63 31 26
63 33 36
63 35 29
63 36 15
63 38 2
63 39 31
63 47 28
63 48 33
63 49 8
63 51 37
63 54 22
63 55 22
63 56 4
63 57 29
63 59 1
63 60 14
63 62 13
64 1 13
64 2 20
64 3 12
64 6 5
64 7 30
64 9 31
64 10 35
64 11 30
64 15 31
64 17 38
64 20 31
64 27 3
64 29 22
64 30 28
64 36 35
64 37 32
64 40 11
64 42 17
64 43 38
64 46 18
64 48 22
64 49 4
64 50 30
64 51 34
64 52 34
64 53 35
64 55 35
64 56 15
64 57 38
64 60 32
64 63 2
65 0 15
65 2 20
65 5 38
65 6 31
65 7 35
65 8 15
65 9 9
65 12 21
65 13 12
65 16 12
65 17 32
65 18 34
65 20 37
65 23 27
65 24 6
65 25 42
65 27 17
65 30 42
65 32 22
65 33 16
65 36 38
65 38 35
65 39 37
65 40 35
65 41 29
65 44 26
65 45 21
65 46 26
65 49 7
65 50 29
65 52 40
65 53 42
65 55 39
65 58 29
65 59 39
65 62 6
66 1 35
66 2 38
66 4 16
66 5 39
66 6 23
66 7 20
66 9 36
66 10 4
66 12 1
66 16 16
66 17 40
66 20 24
66 21 19
66 22 11
66 23 28
66 24 8
66 26 36
66 27 36
66 31 34
66 32 32
66 37 8
66 39 26
66 41 20
66 42 40
66 48 40
66 49 39
66 50 11
66 52 29
66 55 37
66 57 20
66 59 2
66 60 9
66 61 36
66 62 34
66 63 25
66 64 42
