67
2 0 16
4 2 16
5 1 9
5 3 39
5 4 35
6 2 3
6 3 5
6 4 27
6 5 17
7 1 8
7 2 28
8 2 2
8 3 24
8 5 22
9 0 34
9 1 11
9 2 7
9 3 35
9 6 3
9 8 7
10 2 40
10 3 8
10 5 21
10 8 26
10 9 27
11 0 33
11 2 10
11 4 39
11 5 28
11 6 40
11 7 36
11 9 5
12 2 24
12 3 13
12 4 37
12 7 37
12 8 17
12 9 28
12 10 5
12 11 5
13 1 25
13 2 17
13 4 25
13 7 34
13 8 4
13 9 14
13 11 2
13 12 13
14 3 6
14 4 32
14 6 22
14 7 29
14 8 10
14 9 36
14 10 12
14 13 14
15 0 20
15 2 25
15 3 8
15 5 37
15 6 12
15 7 4
15 8 8
15 11 1
15 12 7
15 13 16
15 14 28
16 1 11
16 5 16
16 6 16
16 7 32
16 10 2
16 11 25
16 14 35
16 15 17
17 0 5
17 8 13
17 10 11
17 11 9
17 12 6
17 13 27
17 14 22
18 0 38
18 1 8
18 2 20
18 5 11
18 6 37
18 7 24
18 9 2
18 11 21
18 12 12
18 13 31
18 15 18
18 16 4
19 1 30
19 3 7
19 4 34
19 6 29
19 8 5
19 9 35
19 10 38
19 14 5
19 16 32
19 17 21
20 0 16
20 3 15
20 8 14
20 11 39
20 12 27
20 13 13
20 15 7
20 17 17
21 0 10
21 2 30
21 3 31
21 6 23
21 8 22
21 9 34
21 10 25
21 11 22
21 13 15
21 14 23
21 16 13
21 17 34
21 18 38
21 19 40
22 0 7
22 4 36
22 6 35
22 9 32
22 11 35
22 15 16
22 16 24
22 19 23
22 21 4
23 0 34
23 1 33
23 5 6
23 6 29
23 7 28
23 8 4
23 11 17
23 13 5
23 15 38
23 17 17
23 18 31
23 20 17
23 21 20
23 22 7
24 1 22
24 3 27
24 4 22
24 5 24
24 7 17
24 8 21
24 10 24
24 11 40
24 13 10
24 17 35
24 19 10
24 20 23
24 21 21
24 23 15
25 1 40
25 3 14
25 4 22
25 5 40
25 7 21
25 9 33
25 13 16
25 15 33
25 16 30
25 17 26
25 19 31
26 4 31
26 7 34
26 8 21
26 9 25
26 10 19
26 13 31
26 14 10
26 21 14
26 23 25
26 24 15
27 2 31
27 4 30
27 6 37
27 7 25
27 8 35
27 9 23
27 11 6
27 12 40
27 15 34
27 19 36
27 21 33
27 22 19
27 24 31
28 3 2
28 5 22
28 8 21
28 9 13
28 12 40
28 14 26
28 15 33
28 16 14
28 17 11
28 18 35
28 19 19
28 21 3
28 23 20
28 26 36
28 27 26
29 0 34
29 2 28
29 3 32
29 4 36
29 5 11
29 6 27
29 9 29
29 11 40
29 12 18
29 15 38
29 16 38
29 17 7
29 20 1
29 24 34
29 25 9
29 26 17
30 1 30
30 2 21
30 3 33
30 4 3
30 5 29
30 6 17
30 10 11
30 11 34
30 13 11
30 14 4
30 19 9
30 20 16
30 22 25
30 26 22
30 27 11
30 28 7
31 1 34
31 2 35
31 3 8
31 5 20
31 6 25
31 7 15
31 9 39
31 11 27
31 12 34
31 14 39
31 15 18
31 21 33
31 22 32
31 25 14
31 26 3
31 27 8
31 30 35
32 2 36
32 7 3
32 12 3
32 14 24
32 21 2
32 23 32
32 24 1
32 25 17
33 3 2
33 4 17
33 5 27
33 7 32
33 8 37
33 9 33
33 11 40
33 13 1
33 16 7
33 18 12
33 19 15
33 22 36
33 23 8
33 24 40
33 26 19
33 27 11
34 4 32
34 6 13
34 7 18
34 8 23
34 17 39
34 20 18
34 21 9
34 24 32
34 27 7
34 30 31
34 31 8
34 32 27
35 0 28
35 5 40
35 7 27
35 8 14
35 10 8
35 12 7
35 16 18
35 20 40
35 23 18
35 28 5
35 29 40
35 31 2
35 33 19
36 1 3
36 2 19
36 3 36
36 4 16
36 6 8
36 7 38
36 8 1
36 11 36
36 12 33
36 16 11
36 17 24
36 22 14
36 23 22
36 24 33
36 27 33
36 28 21
36 29 36
36 30 32
36 32 8
36 35 30
37 0 4
37 2 10
37 7 14
37 9 27
37 10 5
37 11 2
37 12 20
37 14 28
37 15 38
37 17 36
37 21 1
37 23 2
37 24 14
37 25 30
37 27 25
37 33 6
37 34 34
38 0 26
38 3 30
38 4 8
38 5 2
38 6 17
38 7 2
38 8 11
38 10 30
38 11 34
38 12 2
38 13 26
38 14 34
38 19 27
38 22 1
38 24 24
38 25 34
38 28 10
38 29 25
38 30 37
38 31 11
38 32 2
38 33 30
38 34 36
38 36 2
39 0 2
39 2 15
39 3 6
39 4 31
39 7 20
39 14 27
39 15 33
39 16 32
39 17 25
39 18 5
39 19 31
39 21 40
39 23 30
39 25 32
39 27 31
39 28 38
39 29 18
39 33 24
39 37 38
40 0 24
40 3 30
40 6 30
40 7 12
40 8 1
40 9 32
40 10 7
40 12 2
40 13 9
40 14 6
40 15 7
40 16 33
40 19 18
40 20 20
40 21 33
40 22 33
40 23 36
40 25 23
40 28 6
40 31 28
40 35 5
40 36 14
40 38 7
40 39 16
41 1 37
41 3 25
41 5 13
41 6 32
41 7 25
41 9 21
41 10 5
41 12 26
41 15 19
41 16 8
41 17 32
41 18 5
41 20 36
41 22 29
41 23 15
41 25 36
41 26 38
41 27 29
41 29 13
41 30 6
41 32 19
41 35 19
41 39 18
41 40 13
42 1 10
42 2 5
42 3 36
42 6 36
42 7 24
42 15 33
42 21 35
42 24 23
42 27 30
42 36 13
43 0 9
43 1 9
43 4 23
43 5 6
43 7 16
43 8 33
43 9 6
43 10 38
43 11 6
43 17 16
43 19 19
43 20 16
43 22 11
43 23 1
43 25 37
43 27 30
43 31 29
43 32 32
43 35 6
43 36 35
43 37 22
43 38 30
43 39 28
43 40 30
43 41 5
44 1 7
44 3 22
44 4 25
44 6 10
44 8 37
44 9 17
44 11 14
44 12 16
44 13 7
44 14 24
44 15 10
44 18 33
44 19 35
44 20 16
44 22 29
44 25 24
44 30 9
44 31 31
44 32 8
44 35 26
44 36 40
44 40 5
45 0 20
45 1 36
45 3 26
45 4 23
45 6 17
45 7 28
45 9 38
45 10 28
45 12 23
45 13 23
45 15 31
45 18 8
45 20 22
45 23 35
45 25 36
45 30 36
45 31 40
45 33 33
45 35 37
45 37 24
45 39 25
45 41 23
45 42 35
45 43 33
46 2 1
46 3 39
46 4 35
46 7 4
46 11 25
46 15 2
46 18 24
46 19 7
46 22 35
46 24 18
46 25 3
46 26 35
46 28 20
46 29 3
46 35 40
46 36 11
46 37 20
46 40 31
46 43 4
46 44 26
46 45 14
47 1 9
47 2 3
47 3 30
47 5 25
47 6 4
47 7 2
47 12 12
47 16 21
47 17 8
47 19 15
47 20 13
47 21 21
47 22 18
47 23 8
47 24 16
47 27 25
47 29 39
47 30 9
47 31 33
47 32 11
47 35 23
47 38 6
47 45 4
48 0 25
48 1 39
48 2 8
48 3 34
48 4 18
48 6 5
48 7 14
48 8 22
48 9 29
48 13 38
48 15 29
48 16 37
48 17 8
48 19 22
48 20 17
48 22 8
48 23 15
48 24 1
48 25 24
48 26 14
48 27 7
48 28 40
48 29 23
48 30 35
48 31 15
48 32 7
48 35 6
48 37 7
48 38 13
48 41 21
48 42 7
48 43 35
49 0 37
49 3 25
49 5 20
49 6 29
49 7 24
49 8 33
49 12 10
49 14 38
49 16 26
49 18 19
49 19 25
49 21 13
49 24 29
49 32 15
49 33 11
49 34 37
49 39 10
49 41 19
49 42 39
49 44 14
49 45 1
49 46 19
49 48 33
50 1 22
50 3 38
50 4 35
50 5 15
50 11 4
50 16 4
50 18 9
50 19 19
50 20 34
50 23 23
50 30 17
50 32 27
50 33 33
50 34 15
50 35 30
50 36 32
50 41 10
50 42 9
50 43 13
50 45 24
50 46 7
50 47 29
51 0 3
51 1 37
51 5 17
51 7 36
51 12 32
51 13 9
51 14 5
51 17 11
51 19 26
51 20 10
51 21 2
51 24 32
51 26 25
51 30 38
51 33 14
51 35 3
51 38 35
51 41 39
51 44 27
51 45 39
51 48 12
51 50 8
52 0 21
52 2 20
52 6 15
52 10 9
52 11 36
52 14 4
52 15 29
52 17 27
52 18 24
52 19 29
52 20 5
52 21 34
52 24 2
52 26 34
52 27 13
52 28 9
52 29 6
52 35 21
52 38 24
52 39 29
52 45 28
52 48 11
52 50 5
53 1 13
53 3 20
53 4 40
53 6 20
53 7 1
53 8 29
53 12 11
53 14 27
53 15 17
53 20 35
53 21 24
53 22 23
53 23 15
53 24 34
53 25 7
53 26 35
53 27 7
53 30 9
53 31 9
53 38 27
53 39 12
53 40 27
53 41 23
53 42 36
53 43 2
53 45 33
53 47 32
53 50 8
54 0 20
54 1 5
54 3 33
54 4 10
54 5 36
54 7 13
54 8 9
54 9 20
54 10 33
54 15 16
54 16 1
54 18 25
54 20 6
54 22 37
54 23 20
54 24 4
54 26 6
54 28 20
54 32 26
54 35 8
54 36 38
54 37 36
54 38 20
54 39 15
54 40 1
54 42 39
54 43 7
54 44 34
54 45 37
54 46 27
54 47 21
54 48 21
54 49 1
54 50 4
54 52 23
54 53 1
55 1 14
55 2 16
55 3 13
55 4 36
55 6 25
55 12 22
55 13 11
55 15 17
55 16 40
55 19 7
55 21 30
55 25 5
55 27 34
55 28 14
55 29 18
55 30 4
55 31 6
55 33 9
55 34 36
55 35 22
55 37 23
55 38 13
55 39 3
55 40 26
55 41 25
55 44 33
55 45 37
55 47 28
55 50 3
55 51 1
56 1 9
56 4 28
56 5 23
56 8 22
56 11 23
56 14 2
56 18 32
56 20 31
56 22 21
56 23 18
56 24 25
56 26 39
56 33 34
56 34 21
56 37 24
56 38 9
56 40 23
56 41 26
56 42 22
56 44 25
56 47 36
56 48 31
56 49 14
56 50 1
56 52 17
57 0 29
57 2 14
57 11 37
57 14 16
57 21 37
57 22 33
57 23 15
57 25 30
57 27 9
57 28 29
57 30 39
57 34 10
57 36 40
57 37 6
57 38 33
57 39 29
57 43 4
57 44 35
57 45 22
57 46 19
57 49 14
57 51 14
57 56 26
58 1 19
58 2 37
58 4 34
58 10 14
58 14 23
58 18 34
58 21 19
58 24 19
58 25 7
58 26 20
58 27 38
58 29 7
58 30 14
58 32 9
58 33 32
58 34 38
58 35 28
58 36 4
58 40 23
58 44 3
58 45 21
58 46 16
58 48 26
58 50 1
58 56 30
59 1 26
59 2 40
59 3 1
59 7 4
59 8 13
59 10 36
59 11 23
59 12 32
59 17 30
59 18 34
59 19 4
59 20 16
59 21 21
59 22 36
59 23 29
59 24 5
59 27 39
59 31 37
59 32 24
59 35 21
59 36 19
59 39 4
59 41 3
59 42 13
59 43 7
59 46 31
59 47 14
59 48 20
59 50 4
59 52 13
59 53 38
59 56 9
59 58 12
60 0 21
60 1 21
60 2 37
60 3 32
60 4 10
60 5 39
60 8 1
60 9 21
60 11 24
60 15 16
60 18 26
60 20 30
60 21 22
60 22 3
60 24 2
60 26 17
60 27 14
60 28 2
60 29 34
60 30 11
60 31 27
60 32 35
60 34 26
60 36 23
60 39 11
60 42 9
60 43 1
60 46 37
60 47 36
60 48 8
60 49 19
60 51 34
60 56 34
60 57 5
60 59 40
61 1 23
61 2 15
61 4 23
61 7 23
61 10 10
61 11 25
61 13 1
61 17 23
61 18 33
61 22 21
61 23 10
61 25 18
61 26 31
61 28 33
61 29 15
61 31 31
61 33 27
61 35 14
61 36 4
61 43 30
61 44 20
61 46 19
61 47 19
61 48 13
61 49 36
61 51 31
61 52 23
61 53 34
61 55 22
61 58 28
61 59 40
61 60 23
62 1 33
62 2 1
62 5 6
62 6 19
62 9 34
62 12 40
62 14 12
62 18 8
62 19 13
62 20 12
62 22 25
62 23 37
62 25 38
62 29 29
62 30 30
62 33 39
62 34 3
62 35 25
62 42 10
62 47 9
62 48 28
62 50 35
62 53 30
62 57 39
62 58 30
62 60 10
62 61 39
63 2 24
63 3 26
63 5 19
63 6 6
63 8 24
63 9 11
63 14 35
63 16 4
63 17 12
63 19 14
63 22 26
63 24 31
63 29 26
63 31 4
63 32 37
63 33 26
63 35 7
63 36 22
63 37 10
63 39 19
63 40 21
63 41 16
63 42 31
63 44 32
63 45 8
63 47 8
63 48 23
63 50 38
63 51 31
63 53 30
63 54 17
63 55 14
63 58 23
63 62 37
64 1 29
64 6 27
64 8 6
64 11 29
64 14 33
64 17 21
64 18 27
64 19 38
64 20 29
64 21 33
64 24 26
64 25 28
64 26 16
64 28 22
64 29 10
64 30 27
64 32 3
64 33 11
64 36 31
64 37 25
64 38 39
64 39 5
64 43 5
64 45 33
64 46 35
64 48 29
64 49 1
64 51 33
64 53 17
64 54 15
64 55 21
64 58 5
64 60 14
64 61 23
65 0 11
65 2 3
65 4 30
65 5 1
65 7 19
65 10 26
65 12 14
65 13 37
65 14 14
65 16 24
65 17 26
65 20 15
65 24 31
65 29 12
65 30 15
65 31 20
65 32 3
65 34 6
65 37 24
65 40 8
65 43 32
65 45 19
65 46 17
65 47 26
65 48 33
65 49 20
65 50 17
65 57 39
65 58 4
65 59 1
65 60 20
65 62 14
66 1 24
66 3 2
66 5 4
66 8 12
66 9 37
66 10 24
66 15 25
66 16 18
66 17 35
66 21 36
66 23 11
66 25 12
66 26 7
66 27 16
66 30 13
66 31 23
66 32 24
66 34 4
66 35 27
66 39 23
66 42 20
66 44 12
66 47 39
66 53 8
66 56 21
66 63 3
66 64 33
