51
1 0 2
2 1 1
3 0 1
4 2 9
4 3 4
5 0 4
6 1 4
6 3 2
7 6 6
8 2 3
8 6 6
8 7 7
9 1 4
9 4 2
9 5 6
10 2 3
10 3 2
10 4 5
10 5 6
10 8 8
11 0 2
11 1 2
11 2 6
11 3 5
11 5 2
11 7 8
11 8 8
11 9 6
12 0 2
12 3 2
12 6 7
12 7 7
12 8 8
12 9 2
12 10 2
13 0 4
13 1 6
13 2 3
13 4 6
13 5 4
13 6 9
13 7 3
13 9 6
13 11 8
13 12 2
14 2 5
14 3 9
14 5 4
14 10 2
14 11 7
14 12 9
14 13 6
15 0 3
15 1 5
15 2 3
15 3 5
15 4 9
15 7 5
15 8 3
15 11 7
15 12 4
15 14 4
16 1 2
16 2 7
16 4 8
16 5 2
16 8 8
16 12 6
16 13 8
16 14 9
17 0 3
17 1 7
17 4 8
17 6 9
17 7 3
17 8 8
17 11 5
17 14 9
17 15 9
17 16 8
18 0 2
18 1 5
18 2 4
18 4 5
18 5 2
18 8 5
18 11 9
18 12 2
18 13 8
18 16 6
18 17 3
19 2 5
19 3 6
19 4 7
19 9 1
19 11 6
19 13 7
19 15 3
19 16 5
20 5 7
20 6 5
20 8 2
20 9 7
20 11 3
20 14 2
20 15 2
20 16 2
20 18 6
20 19 3
21 3 8
21 5 6
21 6 9
21 9 9
21 15 1
21 19 8
22 1 4
22 12 9
22 13 8
22 17 9
22 18 2
22 20 9
23 5 5
23 7 5
23 9 7
23 13 9
23 14 8
23 15 4
23 17 5
23 18 6
23 19 2
23 21 3
23 22 9
24 0 7
24 1 6
24 2 1
24 4 2
24 6 8
24 7 2
24 9 9
24 10 7
24 17 2
24 19 3
24 21 5
25 1 7
25 2 6
25 4 9
25 5 9
25 9 3
25 10 2
25 12 9
25 17 2
25 18 2
25 21 3
25 22 6
25 23 4
26 3 2
26 4 1
26 6 5
26 7 7
26 10 3
26 11 5
26 13 9
26 17 1
26 19 6
26 20 1
26 22 9
26 25 6
27 1 5
27 3 8
27 5 9
27 6 8
27 9 8
27 10 9
27 11 1
27 13 9
27 14 9
27 17 6
27 19 8
28 1 8
28 2 7
28 5 1
28 7 9
28 8 5
28 10 9
28 11 9
28 14 1
28 15 2
28 16 2
28 17 8
28 21 7
28 25 9
28 26 7
28 27 6
29 0 2
29 1 5
29 2 8
29 3 1
29 4 9
29 6 9
29 10 7
29 12 4
29 13 3
29 17 8
29 18 5
29 19 3
29 22 4
29 24 4
29 25 5
29 26 1
29 28 4
30 0 7
30 2 8
30 3 5
30 6 9
30 9 1
30 13 7
30 14 1
30 15 8
30 16 2
30 18 2
30 19 7
30 22 8
30 24 4
30 25 5
30 26 3
30 27 6
30 29 1
31 2 2
31 4 9
31 5 2
31 7 2
31 12 7
31 14 4
31 20 6
31 21 5
31 22 6
31 25 8
31 27 6
31 29 9
31 30 3
32 1 6
32 2 9
32 4 6
32 5 1
32 6 1
32 7 3
32 9 1
32 10 5
32 15 4
32 16 4
32 17 7
32 19 8
32 23 6
32 27 2
32 31 8
33 1 3
33 2 8
33 3 8
33 5 5
33 7 6
33 8 3
33 10 5
33 16 9
33 17 1
33 18 7
33 20 7
33 21 4
33 22 6
33 23 1
33 25 9
33 26 7
33 27 5
33 29 7
33 32 4
34 0 5
34 1 1
34 3 3
34 4 5
34 7 6
34 10 4
34 11 5
34 13 2
34 14 8
34 18 9
34 20 3
34 22 9
34 23 6
34 24 7
34 25 7
34 28 8
34 29 5
34 31 3
35 0 2
35 1 7
35 3 6
35 4 3
35 5 9
35 7 9
35 10 3
35 11 4
35 12 8
35 13 1
35 14 8
35 15 9
35 16 7
35 17 1
35 18 5
35 19 3
35 20 6
35 22 7
35 25 7
35 26 6
35 27 6
35 28 9
35 29 6
35 33 5
35 34 8
36 0 7
36 1 7
36 2 9
36 4 7
36 7 9
36 8 5
36 9 8
36 12 7
36 16 1
36 17 5
36 18 7
36 19 9
36 20 1
36 22 4
36 23 6
36 27 6
36 29 3
36 31 1
36 33 5
36 34 4
36 35 9
37 0 4
37 1 6
37 3 9
37 4 1
37 9 2
37 11 4
37 12 3
37 13 3
37 14 7
37 16 9
37 18 8
37 20 2
37 29 8
37 30 9
37 32 1
37 34 8
37 36 1
38 0 1
38 1 5
38 4 8
38 6 8
38 7 5
38 10 3
38 14 7
38 16 2
38 18 7
38 22 4
38 26 9
38 27 6
38 28 1
38 29 7
38 30 7
38 31 7
38 32 7
38 33 6
38 35 6
38 37 4
39 2 5
39 4 8
39 5 4
39 6 6
39 7 5
39 9 4
39 13 2
39 16 2
39 18 8
39 19 7
39 20 2
39 21 8
39 22 9
39 23 3
39 28 1
39 29 7
39 30 8
39 31 8
39 33 1
39 34 1
39 38 6
40 2 1
40 3 7
40 6 3
40 7 9
40 10 6
40 13 3
40 16 3
40 17 1
40 18 1
40 19 9
40 21 9
40 23 2
40 24 7
40 25 1
40 26 5
40 28 4
40 31 4
40 34 4
40 35 9
40 37 3
40 39 6
41 0 8
41 5 4
41 6 3
41 7 2
41 9 7
41 10 9
41 16 8
41 17 8
41 19 3
41 21 8
41 25 7
41 27 6
41 29 4
41 40 8
42 1 3
42 3 4
42 5 8
42 8 4
42 9 6
42 10 5
42 11 3
42 12 2
42 13 4
42 14 6
42 16 4
42 17 2
42 19 2
42 22 8
42 23 1
42 25 7
42 27 2
42 28 3
42 30 6
42 31 6
42 35 3
42 36 9
42 38 6
43 0 8
43 1 4
43 2 6
43 3 5
43 8 8
43 9 4
43 10 5
43 11 2
43 12 3
43 14 4
43 15 9
43 18 1
43 20 2
43 22 6
43 23 1
43 24 5
43 25 9
43 26 7
43 28 5
43 29 6
43 30 2
43 31 1
43 35 8
43 36 3
43 39 7
43 41 1
43 42 4
44 0 7
44 1 6
44 5 6
44 6 2
44 7 9
44 9 5
44 11 6
44 12 5
44 14 1
44 15 7
44 16 1
44 17 2
44 18 9
44 20 7
44 21 8
44 24 8
44 26 4
44 27 5
44 28 6
44 29 3
44 40 6
44 41 8
44 42 4
44 43 4
45 0 5
45 1 6
45 2 6
45 3 4
45 5 4
45 6 6
45 7 5
45 9 5
45 12 2
45 13 3
45 16 8
45 17 8
45 19 7
45 20 5
45 22 2
45 28 6
45 29 6
45 30 4
45 34 1
45 36 6
45 37 4
45 38 1
45 40 9
45 41 2
45 43 7
46 0 5
46 1 3
46 2 6
46 3 8
46 4 7
46 7 6
46 8 1
46 9 2
46 10 8
46 11 1
46 13 7
46 14 9
46 15 1
46 16 7
46 17 7
46 18 6
46 19 6
46 22 9
46 23 6
46 28 5
46 29 1
46 30 4
46 32 5
46 33 2
46 36 3
46 40 2
46 42 5
46 44 8
46 45 7
47 0 9
47 2 7
47 3 2
47 6 6
47 7 8
47 10 5
47 11 4
47 12 1
47 20 9
47 22 8
47 25 3
47 27 4
47 29 9
47 30 4
47 31 6
47 33 9
47 34 5
47 41 9
47 42 2
48 0 4
48 2 5
48 5 6
48 6 6
48 9 6
48 10 5
48 12 6
48 13 3
48 17 7
48 18 4
48 19 7
48 20 3
48 22 6
48 24 5
48 25 8
48 28 3
48 33 2
48 34 6
48 35 4
48 39 3
48 41 5
48 43 2
48 44 3
48 45 4
48 46 9
48 47 8
49 0 3
49 2 8
49 6 2
49 7 6
49 9 5
49 10 1
49 11 8
49 16 5
49 22 6
49 23 2
49 24 9
49 25 4
49 26 8
49 28 9
49 30 4
49 34 2
49 35 4
49 36 1
49 41 5
49 42 9
49 46 4
49 48 5
50 5 5
50 7 2
50 12 6
50 13 7
50 14 8
50 15 4
50 17 4
50 19 4
50 26 4
50 29 9
50 31 4
50 33 1
50 35 5
50 36 5
50 38 1
50 42 2
50 45 5
50 47 9
50 48 9
50 49 3
