16
1 0 6
2 0 23
2 1 7
3 0 17
3 1 2
3 2 14
4 0 2
4 1 28
4 2 21
4 3 16
5 0 12
5 1 23
5 2 1
5 3 2
5 4 8
6 0 22
6 1 19
6 2 14
6 3 18
6 4 1
6 5 24
7 0 24
7 1 9
7 2 31
7 3 29
7 4 23
7 5 29
7 6 35
8 0 9
8 1 32
8 2 24
8 3 22
8 4 29
8 5 16
8 6 8
8 7 31
9 0 4
9 1 5
9 2 25
9 3 16
9 4 34
9 5 23
9 6 2
9 7 12
9 8 5
10 0 4
10 1 20
10 2 31
10 3 31
10 4 33
10 5 23
10 6 34
10 7 28
10 8 13
10 9 24
11 0 24
11 1 32
11 2 1
11 3 6
11 4 12
11 5 3
11 6 29
11 7 26
11 8 20
11 9 35
11 10 8
12 0 3
12 1 19
12 2 27
12 3 5
12 4 23
12 5 30
12 6 8
12 7 14
12 8 14
12 9 1
12 10 32
12 11 16
13 0 7
13 1 13
13 2 19
13 3 31
13 4 11
13 5 30
13 6 20
13 7 24
13 8 21
13 9 16
13 10 9
13 11 3
13 12 16
14 0 14
14 1 18
14 2 14
14 3 30
14 4 3
14 5 24
14 6 1
14 7 29
14 8 8
14 9 16
14 10 7
14 11 4
14 12 11
14 13 22
15 0 6
15 1 6
15 2 28
15 3 12
15 4 16
15 5 17
15 6 19
15 7 27
15 8 30
15 9 1
15 10 3
15 11 28
15 12 32
15 13 5
15 14 9
