40
1 0 39
2 1 19
3 1 27
3 2 20
4 1 17
5 0 29
5 2 35
5 4 9
6 1 9
6 3 27
7 1 29
7 5 1
7 6 29
8 0 6
8 7 27
9 0 29
9 1 38
9 2 10
9 8 27
10 0 6
10 1 10
10 2 1
10 3 26
10 6 36
10 7 18
10 8 26
10 9 4
11 3 15
11 9 19
11 10 29
12 3 29
12 4 30
12 5 5
12 9 35
13 1 13
13 3 39
13 4 1
13 5 26
13 7 25
13 11 20
14 0 2
14 1 26
14 2 36
14 3 33
14 6 9
14 7 1
14 10 12
15 2 35
15 3 23
15 4 28
15 5 8
15 6 20
15 7 22
15 9 21
15 10 37
15 12 34
16 0 22
16 1 33
16 3 10
16 4 18
16 6 4
16 8 38
16 11 33
16 12 27
16 15 14
17 0 14
17 1 19
17 2 6
17 5 6
17 6 23
17 7 39
17 9 13
17 10 5
17 11 32
17 12 2
17 15 27
18 2 12
18 3 13
18 6 20
18 11 1
18 13 28
18 15 32
18 17 31
19 0 11
19 5 2
19 7 38
19 8 1
19 10 3
19 11 32
19 12 16
19 14 17
19 16 11
19 17 18
20 1 37
20 2 36
20 9 8
20 12 9
20 14 10
20 15 2
20 16 8
20 17 35
21 0 32
21 1 32
21 2 14
21 5 16
21 9 23
21 10 11
21 17 20
21 18 11
21 19 2
21 20 2
22 4 2
22 9 5
22 11 11
22 20 17
22 21 37
23 2 10
23 3 14
23 6 16
23 9 24
23 12 14
23 15 30
23 18 25
23 20 33
23 22 36
24 0 13
24 1 15
24 2 33
24 6 39
24 7 26
24 8 2
24 11 4
24 12 29
24 13 6
24 14 38
24 16 35
24 20 37
24 21 4
24 22 10
24 23 20
25 0 23
25 3 15
25 7 26
25 8 21
25 11 17
25 12 37
25 13 25
25 14 24
25 15 36
25 16 16
25 17 34
25 21 36
25 22 27
25 23 19
25 24 9
26 0 12
26 2 14
26 4 23
26 6 10
26 8 10
26 9 14
26 10 10
26 11 21
26 14 16
26 18 12
26 19 34
26 22 4
26 23 13
26 25 8
27 8 1
27 13 11
27 14 30
27 16 4
27 18 4
27 22 2
27 23 9
27 24 35
27 25 32
28 0 9
28 4 38
28 5 26
28 6 38
28 12 10
28 13 10
28 17 14
28 18 6
28 19 13
28 21 15
28 22 3
28 23 1
28 25 7
28 26 18
28 27 15
29 0 11
29 2 24
29 3 23
29 5 27
29 7 7
29 9 6
29 10 27
29 11 22
29 12 26
29 14 20
29 16 29
29 18 2
29 19 18
29 20 9
29 25 21
29 28 19
30 0 21
30 3 23
30 4 18
30 5 11
30 11 21
30 12 1
30 13 7
30 15 2
30 16 31
30 17 23
30 19 8
30 22 11
30 23 8
30 24 3
30 25 35
30 26 32
30 27 14
30 28 11
30 29 12
31 3 24
31 4 2
31 8 5
31 10 1
31 11 28
31 14 12
31 15 20
31 16 24
31 17 22
31 19 13
31 20 25
31 24 10
31 25 34
31 26 34
31 27 26
31 29 8
32 0 29
32 1 3
32 6 35
32 7 35
32 8 25
32 10 2
32 11 1
32 13 27
32 14 11
32 18 3
32 19 13
32 22 3
32 24 9
32 26 39
32 27 19
32 28 19
33 0 4
33 1 3
33 2 21
33 3 12
33 5 7
33 11 15
33 13 2
33 14 33
33 15 26
33 17 11
33 18 30
33 19 13
33 23 4
33 27 34
33 28 16
33 31 37
34 2 12
34 4 30
34 6 16
34 8 13
34 13 36
34 14 3
34 15 31
34 17 6
34 19 23
34 20 33
34 21 21
34 23 34
34 25 14
34 27 31
35 0 26
35 1 10
35 2 34
35 6 31
35 8 11
35 9 24
35 10 26
35 14 23
35 15 6
35 17 9
35 22 31
35 23 5
35 24 5
35 25 23
35 26 31
35 32 29
35 33 12
35 34 11
36 2 4
36 6 27
36 9 37
36 10 10
36 16 17
36 18 21
36 19 36
36 20 13
36 22 6
36 29 12
36 31 4
36 32 12
36 33 24
37 0 20
37 1 18
37 3 6
37 5 28
37 7 22
37 10 4
37 13 9
37 14 23
37 15 11
37 17 10
37 18 6
37 20 37
37 22 11
37 24 5
37 25 7
37 28 22
37 31 20
37 33 37
37 35 32
38 0 35
38 1 24
38 3 38
38 6 39
38 7 5
38 9 25
38 10 35
38 13 1
38 15 39
38 17 4
38 19 9
38 25 31
38 26 37
38 30 21
38 31 31
38 32 34
38 33 15
38 34 37
38 35 33
38 36 8
39 0 39
39 2 35
39 4 18
39 6 9
39 7 25
39 8 3
39 11 10
39 13 37
39 14 18
39 16 5
39 17 31
39 19 8
39 22 27
39 23 20
39 24 32
39 27 10
39 29 6
39 30 14
39 31 17
39 32 3
39 33 16
39 34 11
39 36 31
