45
2 0 3
3 2 26
4 0 16
4 1 49
4 3 31
5 1 50
5 2 38
5 3 23
5 4 43
6 1 34
6 2 37
6 3 32
6 4 7
7 1 27
7 2 37
7 4 26
7 5 27
7 6 36
8 2 27
8 3 3
8 5 17
8 6 51
9 0 45
9 3 4
9 7 53
9 8 49
10 2 11
10 3 33
10 4 29
10 5 19
10 7 7
10 8 3
11 2 47
11 3 9
11 5 54
11 6 30
11 7 42
11 8 44
12 0 53
12 2 19
12 3 56
12 4 31
12 5 52
12 7 48
12 9 10
12 10 10
12 11 1
13 1 12
13 2 13
13 3 38
13 5 29
13 8 28
13 9 45
13 10 26
14 1 44
14 2 39
14 5 57
14 6 15
14 10 43
15 0 57
15 1 10
15 2 42
15 4 59
15 6 24
16 0 32
16 1 50
16 2 10
16 4 9
16 7 55
16 10 29
16 11 30
16 12 2
16 14 4
16 15 36
17 0 17
17 1 35
17 4 29
17 6 55
17 8 38
17 9 34
17 10 54
17 11 43
17 16 21
18 0 10
18 1 19
18 3 37
18 5 42
18 9 23
18 12 8
18 13 16
18 14 5
18 17 29
19 1 2
19 2 31
19 8 48
19 15 28
19 16 40
19 17 25
20 7 44
20 8 22
20 9 33
20 10 19
20 11 1
20 14 20
20 15 22
20 16 36
20 19 48
21 1 34
21 2 21
21 13 4
21 14 32
21 15 48
21 17 27
21 19 12
21 20 51
22 1 34
22 2 8
22 10 56
22 12 9
22 13 15
22 17 15
22 18 50
22 19 1
22 20 53
23 1 31
23 2 32
23 3 50
23 4 23
23 5 26
23 6 5
23 7 39
23 11 1
23 13 56
23 14 54
23 16 23
23 18 24
23 19 58
23 20 48
23 21 7
24 2 31
24 4 58
24 6 15
24 8 37
24 9 33
24 10 20
24 13 26
24 14 16
24 15 6
24 16 3
24 18 27
24 19 58
24 20 30
24 21 46
25 0 11
25 3 50
25 5 3
25 6 44
25 8 33
25 13 16
25 14 14
25 17 37
25 18 15
25 19 40
25 24 53
26 5 41
26 6 28
26 8 55
26 9 57
26 10 5
26 12 21
26 16 54
26 18 25
26 20 36
26 23 45
27 2 17
27 3 35
27 5 7
27 6 49
27 10 11
27 12 42
27 15 28
27 17 26
27 22 29
27 23 11
27 25 8
27 26 38
28 1 17
28 2 41
28 3 16
28 6 7
28 7 13
28 8 51
28 9 25
28 10 18
28 11 42
28 15 23
28 18 21
28 19 52
28 20 15
28 21 51
28 27 13
29 0 59
29 5 8
29 6 20
29 8 46
29 10 17
29 11 31
29 12 21
29 13 6
29 16 45
29 17 34
29 20 40
29 21 16
29 23 41
29 24 18
29 25 47
29 26 34
29 27 21
30 0 42
30 1 48
30 2 55
30 3 25
30 4 19
30 5 27
30 10 15
30 12 49
30 13 26
30 14 47
30 15 48
30 17 14
30 19 47
30 21 45
30 24 42
30 26 27
30 27 18
31 1 35
31 2 13
31 4 30
31 5 55
31 6 10
31 7 34
31 8 39
31 9 33
31 10 6
31 11 2
31 12 35
31 13 33
31 14 55
31 19 12
31 23 2
31 24 3
31 29 59
32 1 1
32 2 2
32 3 5
32 4 2
32 5 38
32 7 7
32 9 40
32 11 35
32 13 5
32 14 9
32 16 27
32 19 47
32 21 42
32 24 26
32 25 57
32 29 42
32 30 38
32 31 46
33 1 57
33 4 9
33 6 59
33 7 14
33 10 17
33 13 57
33 16 46
33 18 48
33 21 27
33 23 17
33 24 59
33 25 50
33 26 15
33 28 50
33 30 28
33 31 54
33 32 55
34 0 53
34 1 46
34 3 53
34 6 11
34 8 25
34 10 25
34 12 44
34 13 12
34 15 41
34 17 51
34 18 47
34 20 40
34 22 2
34 26 44
34 27 31
34 28 50
34 30 33
34 31 12
34 33 7
35 0 10
35 1 3
35 6 55
35 7 56
35 9 12
35 11 2
35 14 21
35 15 25
35 16 10
35 18 38
35 21 32
35 23 23
35 25 26
35 27 37
35 30 36
35 33 10
35 34 40
36 2 38
36 8 56
36 9 9
36 10 50
36 11 25
36 13 1
36 18 38
36 29 4
36 30 23
36 31 14
36 33 22
36 34 17
37 0 47
37 1 13
37 8 4
37 11 29
37 12 10
37 18 52
37 19 25
37 21 53
37 23 47
37 24 26
37 25 51
37 26 25
37 28 2
37 29 31
37 30 54
37 31 10
37 34 19
37 35 55
37 36 15
38 0 28
38 2 57
38 3 37
38 4 17
38 5 8
38 7 30
38 14 34
38 15 7
38 19 24
38 20 45
38 21 33
38 22 57
38 23 52
38 26 16
38 27 58
38 28 38
38 29 22
38 30 50
38 33 13
38 37 59
39 1 42
39 2 45
39 3 50
39 4 54
39 6 7
39 7 19
39 11 11
39 14 47
39 15 42
39 16 53
39 17 11
39 19 31
39 21 45
39 24 28
39 30 22
39 32 8
39 36 13
39 37 56
40 1 49
40 3 59
40 5 21
40 6 11
40 9 21
40 15 27
40 16 4
40 17 26
40 18 57
40 22 42
40 23 1
40 24 29
40 27 21
40 29 8
40 33 15
40 36 43
41 0 54
41 1 18
41 3 34
41 4 30
41 5 39
41 6 48
41 7 28
41 9 59
41 12 34
41 13 2
41 14 55
41 18 12
41 23 14
41 24 53
41 26 37
41 28 3
41 29 59
41 30 23
41 31 9
41 32 12
41 33 7
41 35 32
41 36 22
41 37 4
41 38 36
41 40 25
42 2 42
42 3 33
42 4 43
42 6 46
42 7 33
42 8 2
42 11 9
42 13 54
42 16 52
42 17 47
42 19 45
42 21 55
42 22 3
42 23 52
42 25 37
42 26 21
42 29 4
42 31 8
42 32 24
42 35 49
42 36 45
42 40 8
42 41 27
43 0 33
43 3 31
43 4 12
43 7 26
43 11 42
43 12 15
43 13 40
43 16 59
43 17 44
43 18 33
43 21 55
43 22 48
43 23 20
43 24 29
43 31 14
43 32 4
43 33 57
43 34 24
43 36 34
44 0 45
44 1 28
44 5 16
44 6 20
44 7 35
44 9 58
44 11 6
44 13 4
44 15 11
44 16 9
44 19 45
44 20 29
44 23 59
44 25 42
44 26 4
44 27 42
44 32 4
44 33 34
44 34 1
44 38 43
44 39 51
