30
1 0 53
2 0 55
2 1 28
3 0 18
3 1 46
3 2 33
4 0 3
4 1 16
4 2 29
4 3 4
5 0 27
5 1 11
5 2 24
5 3 46
5 4 7
6 0 43
6 1 17
6 2 36
6 3 22
6 4 43
6 5 38
7 0 49
7 1 9
7 2 29
7 3 55
7 4 53
7 5 53
7 6 34
8 0 44
8 1 34
8 2 24
8 3 23
8 4 22
8 5 26
8 6 38
8 7 55
9 0 37
9 1 21
9 2 53
9 3 51
9 4 49
9 5 9
9 6 17
9 7 4
9 8 8
10 0 23
10 1 22
10 2 49
10 3 32
10 4 17
10 5 34
10 6 56
10 7 54
10 8 3
10 9 4
11 0 38
11 1 4
11 2 8
11 3 11
11 4 30
11 5 44
11 6 16
11 7 56
11 8 14
11 9 13
11 10 17
12 0 10
12 1 56
12 2 10
12 3 50
12 4 40
12 5 17
12 6 5
12 7 2
12 8 32
12 9 45
12 10 31
12 11 53
13 0 43
13 1 45
13 2 8
13 3 2
13 4 25
13 5 54
13 6 47
13 7 6
13 8 37
13 9 17
13 10 31
13 11 13
13 12 10
14 0 27
14 1 23
14 2 4
14 3 18
14 4 46
14 5 51
14 6 3
14 7 4
14 8 37
14 9 44
14 10 48
14 11 17
14 12 17
14 13 44
15 0 47
15 1 18
15 2 6
15 3 10
15 4 8
15 5 13
15 6 45
15 7 48
15 8 28
15 9 14
15 10 53
15 11 15
15 12 45
15 13 18
15 14 16
16 0 50
16 1 29
16 2 48
16 3 28
16 4 33
16 5 8
16 6 52
16 7 53
16 8 9
16 9 7
16 10 42
16 11 12
16 12 3
16 13 19
16 14 57
16 15 16
17 0 51
17 1 39
17 2 17
17 3 17
17 4 26
17 5 47
17 6 2
17 7 42
17 8 4
17 9 30
17 10 16
17 11 10
17 12 40
17 13 38
17 14 31
17 15 2
17 16 11
18 0 42
18 1 29
18 2 57
18 3 16
18 4 3
18 5 2
18 6 56
18 7 30
18 8 32
18 9 9
18 10 47
18 11 18
18 12 30
18 13 44
18 14 8
18 15 13
18 16 38
18 17 10
19 0 53
19 1 53
19 2 30
19 3 49
19 4 51
19 5 56
19 6 4
19 7 4
19 8 39
19 9 17
19 10 43
19 11 3
19 12 18
19 13 27
19 14 51
19 15 56
19 16 37
19 17 42
19 18 34
20 0 3
20 1 32
20 2 26
20 3 47
20 4 12
20 5 15
20 6 38
20 7 29
20 8 26
20 9 56
20 10 35
20 11 22
20 12 45
20 13 36
20 14 37
20 15 26
20 16 5
20 17 38
20 18 51
20 19 47
21 0 38
21 1 52
21 2 14
21 3 21
21 4 9
21 5 57
21 6 53
21 7 55
21 8 57
21 9 2
21 10 47
21 11 31
21 12 44
21 13 20
21 14 39
21 15 34
21 16 54
21 17 40
21 18 24
21 19 1
21 20 7
22 0 49
22 1 8
22 2 50
22 3 28
22 4 51
22 5 20
22 6 8
22 7 10
22 8 26
22 9 29
22 10 6
22 11 53
22 12 40
22 13 56
22 14 51
22 15 1
22 16 49
22 17 12
22 18 40
22 19 22
22 20 26
22 21 15
23 0 22
23 1 34
23 2 50
23 3 25
23 4 30
23 5 50
23 6 27
23 7 17
23 8 15
23 9 19
23 10 40
23 11 33
23 12 19
23 13 25
23 14 48
23 15 46
23 16 16
23 17 51
23 18 20
23 19 10
23 20 35
23 21 48
23 22 50
24 0 34
24 1 31
24 2 51
24 3 18
24 4 39
24 5 26
24 6 22
24 7 46
24 8 53
24 9 11
24 10 54
24 11 16
24 12 43
24 13 2
24 14 13
24 15 54
24 16 43
24 17 40
24 18 24
24 19 53
24 20 30
24 21 54
24 22 45
24 23 1
25 0 4
25 1 27
25 2 32
25 3 57
25 4 12
25 5 10
25 6 41
25 7 11
25 8 1
25 9 10
25 10 28
25 11 17
25 12 43
25 13 52
25 14 53
25 15 14
25 16 7
25 17 20
25 18 24
25 19 6
25 20 45
25 21 4
25 22 15
25 23 9
25 24 14
26 0 45
26 1 43
26 2 20
26 3 43
26 4 36
26 5 5
26 6 8
26 7 42
26 8 5
26 9 24
26 10 16
26 11 9
26 12 34
26 13 32
26 14 2
26 15 16
26 16 4
26 17 12
26 18 54
26 19 8
26 20 53
26 21 55
26 22 57
26 23 48
26 24 20
26 25 10
27 0 5
27 1 4
27 2 54
27 3 30
27 4 43
27 5 30
27 6 44
27 7 2
27 8 52
27 9 26
27 10 45
27 11 26
27 12 54
27 13 19
27 14 54
27 15 47
27 16 12
27 17 5
27 18 20
27 19 17
27 20 10
27 21 50
27 22 38
27 23 21
27 24 23
27 25 7
27 26 11
28 0 36
28 1 12
28 2 7
28 3 33
28 4 6
28 5 52
28 6 43
28 7 2
28 8 9
28 9 37
28 10 50
28 11 29
28 12 34
28 13 25
28 14 35
28 15 10
28 16 53
28 17 50
28 18 25
28 19 9
28 20 33
28 21 36
28 22 47
28 23 25
28 24 4
28 25 37
28 26 1
28 27 23
29 0 35
29 1 37
29 2 51
29 3 10
29 4 38
29 5 37
29 6 14
29 7 3
29 8 12
29 9 1
29 10 54
29 11 37
29 12 8
29 13 49
29 14 26
29 15 12
29 16 37
29 17 26
29 18 8
29 19 35
29 20 42
29 21 56
29 22 6
29 23 50
29 24 11
29 25 2
29 26 19
29 27 9
29 28 31
