34
1 0 1
2 0 1
3 1 1
4 0 2
4 2 1
5 0 2
5 2 2
5 3 2
5 4 2
6 0 2
6 1 1
6 3 2
6 4 2
6 5 1
7 0 1
7 2 1
7 5 2
7 6 1
8 4 2
8 6 1
9 0 1
9 1 1
9 3 2
9 5 2
9 7 1
9 8 2
10 0 1
10 3 1
10 6 1
10 9 1
11 0 1
11 4 2
11 6 2
11 7 1
11 8 2
12 0 2
12 6 2
12 10 1
13 0 1
13 1 2
13 2 2
13 4 1
13 8 2
13 10 1
14 0 2
14 1 1
14 3 1
14 4 1
14 5 2
14 7 1
14 10 1
15 0 2
15 1 1
15 4 1
15 7 1
15 9 2
15 10 1
15 13 1
16 0 2
16 2 1
16 3 2
16 7 1
16 9 2
17 2 1
17 4 2
17 7 1
17 8 1
17 9 1
17 10 1
17 11 2
17 12 2
17 14 2
17 15 1
18 0 2
18 2 1
18 3 2
18 6 1
18 10 2
18 11 2
18 14 1
18 16 2
19 0 1
19 1 2
19 3 1
19 4 2
19 9 2
19 10 2
19 13 1
19 14 1
19 18 2
20 1 2
20 6 2
20 8 2
20 9 2
20 11 2
20 12 1
20 18 2
20 19 1
21 1 2
21 2 1
21 6 2
21 10 1
21 11 1
21 12 1
21 13 2
21 14 2
21 15 1
21 16 1
21 18 2
21 19 2
21 20 2
22 0 2
22 2 2
22 5 1
22 6 1
22 9 2
22 10 2
22 11 2
22 13 1
22 15 1
22 16 2
22 17 1
22 18 2
22 19 1
22 21 1
23 2 1
23 4 1
23 5 1
23 6 1
23 7 1
23 11 1
23 14 2
23 15 1
23 18 1
23 22 1
24 1 2
24 2 1
24 6 2
24 7 2
24 14 2
24 15 2
24 20 1
24 21 1
24 22 2
24 23 2
25 1 2
25 2 2
25 4 2
25 7 1
25 9 1
25 11 1
25 13 2
25 15 1
25 16 2
25 18 2
25 20 1
25 21 2
25 22 2
25 23 1
26 0 1
26 3 1
26 6 1
26 11 1
26 13 2
26 14 1
26 15 2
26 17 2
26 18 1
26 19 2
26 20 1
26 21 2
26 22 1
26 25 1
27 0 2
27 1 2
27 4 2
27 5 1
27 9 1
27 10 2
27 11 2
27 12 1
27 14 1
27 15 2
27 16 2
27 21 2
27 22 2
27 23 1
27 24 1
27 26 1
28 0 1
28 1 1
28 2 2
28 4 1
28 7 1
28 8 1
28 10 2
28 11 1
28 14 1
28 15 1
28 16 2
28 17 1
28 18 1
28 20 1
28 23 1
28 24 2
28 25 2
28 27 2
29 10 1
29 12 2
29 13 1
29 15 1
29 16 1
29 17 1
29 19 1
29 22 2
29 24 1
29 25 2
29 26 2
29 28 1
30 0 1
30 7 1
30 9 2
30 10 1
30 12 2
30 14 1
30 19 2
30 20 1
30 21 1
30 22 1
30 24 2
30 25 2
30 26 2
30 28 1
31 2 1
31 3 1
31 5 1
31 6 1
31 7 2
31 8 1
31 9 2
31 10 1
31 13 2
31 14 2
31 15 1
31 19 1
31 21 1
31 23 2
31 24 1
31 28 1
31 29 1
31 30 2
32 0 1
32 1 2
32 2 1
32 3 1
32 6 1
32 8 1
32 10 1
32 14 1
32 16 1
32 17 1
32 18 1
32 21 2
32 23 2
32 25 1
32 26 2
32 27 2
32 29 2
32 30 2
33 0 1
33 1 1
33 2 1
33 5 2
33 6 1
33 9 1
33 13 1
33 15 2
33 17 2
33 19 1
33 21 2
33 22 2
33 24 2
33 25 2
33 28 1
33 30 1
