29
1 0 5
2 0 4
2 1 5
3 0 2
3 1 6
3 2 3
4 0 6
4 1 3
4 2 1
4 3 6
5 0 6
5 1 1
5 2 4
5 3 1
5 4 2
6 0 3
6 1 5
6 2 5
6 3 6
6 4 3
6 5 2
7 0 3
7 1 2
7 2 1
7 3 3
7 4 6
7 5 1
7 6 6
8 0 5
8 1 3
8 2 2
8 3 6
8 4 5
8 5 3
8 6 3
8 7 5
9 0 6
9 1 6
9 2 1
9 3 1
9 4 6
9 5 1
9 6 6
9 7 4
9 8 5
10 0 3
10 1 4
10 2 6
10 3 3
10 4 4
10 5 2
10 6 2
10 7 6
10 8 5
10 9 2
11 0 2
11 1 1
11 2 6
11 3 2
11 4 6
11 5 4
11 6 3
11 7 1
11 8 6
11 9 4
11 10 1
12 0 5
12 1 3
12 2 2
12 3 3
12 4 2
12 5 6
12 6 2
12 7 1
12 8 5
12 9 5
12 10 6
12 11 1
13 0 5
13 1 3
13 2 6
13 3 4
13 4 4
13 5 5
13 6 3
13 7 5
13 8 5
13 9 6
13 10 1
13 11 6
13 12 5
14 0 2
14 1 5
14 2 1
14 3 5
14 4 1
14 5 6
14 6 2
14 7 2
14 8 4
14 9 4
14 10 4
14 11 5
14 12 3
14 13 5
15 0 2
15 1 3
15 2 2
15 3 6
15 4 1
15 5 3
15 6 2
15 7 1
15 8 2
15 9 2
15 10 6
15 11 3
15 12 3
15 13 4
15 14 5
16 0 1
16 1 5
16 2 3
16 3 3
16 4 1
16 5 5
16 6 1
16 7 5
16 8 2
16 9 1
16 10 4
16 11 4
16 12 2
16 13 1
16 14 3
16 15 2
17 0 2
17 1 1
17 2 4
17 3 3
17 4 3
17 5 1
17 6 1
17 7 4
17 8 5
17 9 2
17 10 1
17 11 1
17 12 6
17 13 1
17 14 6
17 15 4
17 16 5
18 0 6
18 1 4
18 2 6
18 3 4
18 4 5
18 5 3
18 6 1
18 7 6
18 8 1
18 9 2
18 10 6
18 11 1
18 12 6
18 13 4
18 14 6
18 15 5
18 16 5
18 17 1
19 0 2
19 1 3
19 2 3
19 3 6
19 4 1
19 5 4
19 6 6
19 7 4
19 8 2
19 9 2
19 10 3
19 11 3
19 12 4
19 13 3
19 14 1
19 15 2
19 16 5
19 17 2
19 18 3
20 0 1
20 1 4
20 2 5
20 3 1
20 4 5
20 5 3
20 6 2
20 7 1
20 8 6
20 9 5
20 10 2
20 11 4
20 12 6
20 13 2
20 14 1
20 15 2
20 16 4
20 17 2
20 18 3
20 19 5
21 0 1
21 1 5
21 2 4
21 3 5
21 4 1
21 5 4
21 6 4
21 7 2
21 8 6
21 9 6
21 10 5
21 11 6
21 12 4
21 13 4
21 14 6
21 15 3
21 16 1
21 17 3
21 18 1
21 19 4
21 20 5
22 0 6
22 1 6
22 2 1
22 3 4
22 4 5
22 5 1
22 6 2
22 7 6
22 8 3
22 9 5
22 10 2
22 11 5
22 12 3
22 13 1
22 14 3
22 15 2
22 16 3
22 17 5
22 18 3
22 19 4
22 20 3
22 21 5
23 0 5
23 1 1
23 2 3
23 3 2
23 4 6
23 5 2
23 6 5
23 7 1
23 8 5
23 9 2
23 10 4
23 11 3
23 12 6
23 13 2
23 14 4
23 15 2
23 16 3
23 17 4
23 18 1
23 19 5
23 20 3
23 21 4
23 22 5
24 0 3
24 1 4
24 2 3
24 3 2
24 4 4
24 5 6
24 6 5
24 7 2
24 8 3
24 9 1
24 10 6
24 11 5
24 12 6
24 13 5
24 14 1
24 15 4
24 16 5
24 17 2
24 18 4
24 19 2
24 20 3
24 21 5
24 22 6
24 23 1
25 0 5
25 1 1
25 2 5
25 3 5
25 4 6
25 5 3
25 6 3
25 7 1
25 8 4
25 9 4
25 10 2
25 11 6
25 12 4
25 13 3
25 14 5
25 15 2
25 16 3
25 17 5
25 18 5
25 19 3
25 20 2
25 21 1
25 22 1
25 23 5
25 24 1
26 0 5
26 1 2
26 2 4
26 3 4
26 4 4
26 5 5
26 6 6
26 7 4
26 8 4
26 9 5
26 10 5
26 11 5
26 12 4
26 13 1
26 14 4
26 15 1
26 16 2
26 17 5
26 18 3
26 19 5
26 20 5
26 21 4
26 22 2
26 23 5
26 24 2
26 25 5
27 0 5
27 1 3
27 2 2
27 3 1
27 4 5
27 5 2
27 6 2
27 7 6
27 8 1
27 9 4
27 10 3
27 11 1
27 12 6
27 13 3
27 14 3
27 15 1
27 16 1
27 17 5
27 18 6
27 19 2
27 20 1
27 21 5
27 22 2
27 23 6
27 24 3
27 25 6
27 26 4
28 0 4
28 1 3
28 2 4
28 3 2
28 4 3
28 5 2
28 6 6
28 7 2
28 8 4
28 9 3
28 10 5
28 11 1
28 12 1
28 13 3
28 14 6
28 15 5
28 16 5
28 17 2
28 18 1
28 19 4
28 20 3
28 21 6
28 22 6
28 23 3
28 24 3
28 25 2
28 26 5
28 27 4
