68
1 0 2
2 1 6
3 0 31
3 1 18
3 2 20
4 0 9
4 1 38
5 0 2
5 1 23
5 3 26
5 4 19
6 0 36
6 1 7
6 5 30
7 2 25
7 6 16
8 1 12
8 2 18
8 6 24
8 7 4
9 0 33
9 2 19
9 6 16
9 7 39
9 8 27
10 0 33
10 1 6
10 2 7
10 7 9
10 8 21
10 9 33
11 2 14
11 4 39
11 9 29
12 0 7
12 5 10
12 6 22
12 7 16
13 0 27
13 8 3
13 10 4
13 11 37
13 12 30
14 0 12
14 2 32
14 5 32
14 9 27
14 10 21
14 11 12
14 12 2
14 13 15
15 0 31
15 1 10
15 3 14
15 4 34
15 5 22
15 8 32
15 14 21
16 2 33
16 3 29
16 4 37
16 7 32
16 11 7
16 12 21
16 14 35
16 15 37
17 0 16
17 1 28
17 2 1
17 3 29
17 6 10
17 8 5
17 9 12
17 11 14
17 13 23
17 15 36
17 16 13
18 1 29
18 2 32
18 5 12
18 9 5
18 10 5
18 11 32
18 13 20
18 14 24
18 16 28
19 0 9
19 1 5
19 5 35
19 11 11
19 12 14
19 15 3
19 18 25
20 2 2
20 3 29
20 5 27
20 6 23
20 7 18
20 11 34
20 12 20
20 15 37
20 17 12
20 19 1
21 0 20
21 1 16
21 5 13
21 6 10
21 9 33
21 11 34
21 14 26
21 15 1
21 16 13
21 17 9
21 18 11
21 19 4
22 0 16
22 1 2
22 2 29
22 3 29
22 5 16
22 6 20
22 9 28
22 10 4
22 11 30
22 14 22
22 18 28
23 1 32
23 2 7
23 3 35
23 4 36
23 7 15
23 12 17
23 13 37
23 14 10
23 21 5
23 22 11
24 1 30
24 2 18
24 5 16
24 7 7
24 9 26
24 10 13
24 11 38
24 12 13
24 13 8
24 16 2
24 17 4
24 19 8
24 20 39
24 21 10
24 23 25
25 1 15
25 2 27
25 5 31
25 7 14
25 8 27
25 11 36
25 12 31
25 13 14
25 15 32
25 18 7
25 19 7
25 20 28
25 22 36
25 24 24
26 0 1
26 2 24
26 5 13
26 6 25
26 7 16
26 9 39
26 12 34
26 17 8
26 18 30
26 19 21
26 20 34
26 21 5
26 24 10
26 25 17
27 2 37
27 3 29
27 4 8
27 10 21
27 11 25
27 13 39
27 16 34
27 17 33
27 19 22
27 20 11
27 24 32
27 25 17
27 26 2
28 1 22
28 2 4
28 4 7
28 5 27
28 8 37
28 12 13
28 13 39
28 14 39
28 17 35
28 18 37
28 19 32
28 22 2
28 24 6
28 25 13
29 1 32
29 2 1
29 3 3
29 4 38
29 6 33
29 7 9
29 9 11
29 10 13
29 11 30
29 12 30
29 22 30
29 23 21
29 27 3
30 2 6
30 3 11
30 7 39
30 8 33
30 9 26
30 10 6
30 11 32
30 13 21
30 14 11
30 15 22
30 16 20
30 19 35
30 21 7
30 25 2
30 26 20
30 27 9
30 28 29
30 29 11
31 0 25
31 4 36
31 5 13
31 8 15
31 10 28
31 11 30
31 13 1
31 17 20
31 18 24
31 22 2
31 24 10
31 28 20
31 29 28
31 30 18
32 0 27
32 1 26
32 2 27
32 4 12
32 6 17
32 8 18
32 9 12
32 10 38
32 11 11
32 12 22
32 14 5
32 16 37
32 17 17
32 19 11
32 22 14
32 23 31
32 25 9
32 27 24
32 28 15
32 30 16
33 0 17
33 3 9
33 8 15
33 11 5
33 12 32
33 13 9
33 14 17
33 16 30
33 18 12
33 22 35
33 25 36
33 26 33
33 27 32
33 31 18
34 0 12
34 3 39
34 6 20
34 7 8
34 11 7
34 12 5
34 16 28
34 20 10
34 26 33
34 30 19
34 32 17
35 0 38
35 3 24
35 6 18
35 7 31
35 8 33
35 9 31
35 10 6
35 11 36
35 12 22
35 14 12
35 16 18
35 18 18
35 23 3
35 26 27
35 32 36
35 34 5
36 0 25
36 4 23
36 5 27
36 6 9
36 8 31
36 9 11
36 12 21
36 13 30
36 14 33
36 15 28
36 16 22
36 17 36
36 18 32
36 19 4
36 21 23
36 22 10
36 23 37
36 27 27
36 28 15
36 31 18
36 32 36
36 35 10
37 1 15
37 3 13
37 6 2
37 7 36
37 8 5
37 9 18
37 10 12
37 14 23
37 15 7
37 17 29
37 19 9
37 22 9
37 23 39
37 25 5
37 29 32
37 30 36
37 32 16
37 34 3
38 0 3
38 1 25
38 3 9
38 5 39
38 8 26
38 9 11
38 11 2
38 13 17
38 14 21
38 15 16
38 17 5
38 20 29
38 21 12
38 23 34
38 24 16
38 29 19
38 30 26
38 31 36
38 36 9
38 37 13
39 0 12
39 3 15
39 5 33
39 6 21
39 7 33
39 8 15
39 9 24
39 11 4
39 16 35
39 19 19
39 20 22
39 25 20
39 26 12
39 27 10
39 28 8
39 30 22
39 31 14
40 0 37
40 5 2
40 6 31
40 11 7
40 13 10
40 14 16
40 15 21
40 18 14
40 19 1
40 22 16
40 24 18
40 25 25
40 26 15
40 28 20
40 29 33
40 30 26
40 31 3
40 34 5
40 35 5
40 36 9
40 37 22
41 1 33
41 4 16
41 6 28
41 8 33
41 9 20
41 10 24
41 13 22
41 14 22
41 15 26
41 16 16
41 17 12
41 20 11
41 22 1
41 24 22
41 27 18
41 28 4
41 29 25
41 32 20
41 33 19
41 35 25
41 36 14
41 37 8
41 40 16
42 1 27
42 3 2
42 4 1
42 6 15
42 8 6
42 11 31
42 13 19
42 14 10
42 15 27
42 21 37
42 22 9
42 23 1
42 24 13
42 25 23
42 30 37
42 31 33
42 33 30
42 34 22
42 36 20
42 39 24
42 40 27
43 0 20
43 1 21
43 2 6
43 3 14
43 4 17
43 5 17
43 6 20
43 7 36
43 12 28
43 13 22
43 14 9
43 24 30
43 25 34
43 27 15
43 29 14
43 30 16
43 32 6
43 34 3
43 36 4
43 37 21
43 40 29
43 41 11
44 1 34
44 2 22
44 7 39
44 8 25
44 9 11
44 17 15
44 18 34
44 23 27
44 24 29
44 30 31
44 31 12
44 32 34
44 34 38
44 35 1
44 36 26
44 37 36
44 38 12
44 41 37
44 42 21
45 3 2
45 9 11
45 11 12
45 12 6
45 13 37
45 15 36
45 21 9
45 23 14
45 24 30
45 25 5
45 26 30
45 27 8
45 28 25
45 30 22
45 31 7
45 33 28
45 34 24
45 36 27
45 37 29
45 39 37
45 40 3
45 43 33
46 0 21
46 2 28
46 4 33
46 6 29
46 7 28
46 8 37
46 9 15
46 11 22
46 14 37
46 16 10
46 17 39
46 19 2
46 20 6
46 21 32
46 22 29
46 24 39
46 25 38
46 27 30
46 30 16
46 36 31
46 38 34
46 45 37
47 0 20
47 2 12
47 3 13
47 5 38
47 6 29
47 7 34
47 8 2
47 9 1
47 10 22
47 14 18
47 16 19
47 17 36
47 19 33
47 26 35
47 27 4
47 28 1
47 29 19
47 30 26
47 32 31
47 34 32
47 38 5
47 40 14
47 41 7
47 42 6
48 1 23
48 4 14
48 5 33
48 7 30
48 9 26
48 12 19
48 13 15
48 14 3
48 18 17
48 19 39
48 22 6
48 26 1
48 29 39
48 30 38
48 33 24
48 34 39
48 35 37
48 39 24
48 40 24
48 41 31
48 42 16
48 44 13
48 45 17
48 47 18
49 0 30
49 1 3
49 2 9
49 4 25
49 8 27
49 11 16
49 12 25
49 13 28
49 14 24
49 17 29
49 19 32
49 21 1
49 22 30
49 24 1
49 25 25
49 27 4
49 29 29
49 31 38
49 32 39
49 34 35
49 36 16
49 39 13
49 40 24
49 41 3
49 44 30
49 47 28
50 1 18
50 3 28
50 5 31
50 7 36
50 8 35
50 9 11
50 10 1
50 12 32
50 13 22
50 14 36
50 15 21
50 17 33
50 18 12
50 20 5
50 24 39
50 25 9
50 26 27
50 28 39
50 33 30
50 34 36
50 37 15
50 38 34
50 39 14
50 41 34
50 43 14
50 44 4
50 45 1
50 47 15
50 48 24
51 1 2
51 2 9
51 3 4
51 8 1
51 9 39
51 10 9
51 11 19
51 13 25
51 17 36
51 18 15
51 19 17
51 23 35
51 24 4
51 26 20
51 28 19
51 29 34
51 39 22
51 40 16
51 42 19
51 43 14
51 44 36
51 50 3
52 0 12
52 2 38
52 5 21
52 6 9
52 8 32
52 9 26
52 12 20
52 13 6
52 14 5
52 15 16
52 18 1
52 19 3
52 21 18
52 23 29
52 26 22
52 27 10
52 28 10
52 31 14
52 33 18
52 35 27
52 40 5
52 41 20
52 42 31
52 45 12
52 47 10
53 0 26
53 1 17
53 3 37
53 4 1
53 6 14
53 9 8
53 14 8
53 16 22
53 18 8
53 19 29
53 21 32
53 22 15
53 24 3
53 26 2
53 28 6
53 30 13
53 34 13
53 38 16
53 39 31
53 40 21
53 41 15
53 46 20
53 47 25
53 50 14
53 51 21
54 1 17
54 3 36
54 4 16
54 6 7
54 7 18
54 10 33
54 12 34
54 17 16
54 18 27
54 20 16
54 22 18
54 24 27
54 27 2
54 28 29
54 29 39
54 30 20
54 31 25
54 33 28
54 35 30
54 36 5
54 39 11
54 40 30
54 41 24
54 43 10
54 44 36
54 45 3
54 47 31
54 51 37
54 53 39
55 4 22
55 5 37
55 6 39
55 9 19
55 10 35
55 13 25
55 15 20
55 16 10
55 17 39
55 18 31
55 19 34
55 20 19
55 21 38
55 23 14
55 25 30
55 28 19
55 29 15
55 30 10
55 33 32
55 34 38
55 36 36
55 37 1
55 38 6
55 39 9
55 40 29
55 42 12
55 43 19
55 45 17
55 48 27
55 49 20
55 50 8
55 52 21
55 53 5
55 54 15
56 0 17
56 1 11
56 3 25
56 4 39
56 5 6
56 7 6
56 8 16
56 10 32
56 13 25
56 16 35
56 17 37
56 19 17
56 21 4
56 23 13
56 29 26
56 32 16
56 33 35
56 35 37
56 36 1
56 37 12
56 39 39
56 41 9
56 44 17
56 46 13
56 47 22
56 49 16
56 50 31
56 51 25
56 53 14
57 1 17
57 2 11
57 3 37
57 5 4
57 6 14
57 14 34
57 20 33
57 22 1
57 23 15
57 24 32
57 25 9
57 27 8
57 29 13
57 30 36
57 34 25
57 37 30
57 39 29
57 42 9
57 43 17
57 44 13
57 45 36
57 46 36
57 49 12
57 54 22
57 55 5
57 56 14
58 3 7
58 4 13
58 5 24
58 6 38
58 7 22
58 9 36
58 13 15
58 16 3
58 19 4
58 20 22
58 23 20
58 25 10
58 29 13
58 30 36
58 31 15
58 33 1
58 34 27
58 35 21
58 38 2
58 39 19
58 40 22
58 41 7
58 42 23
58 46 18
58 47 11
58 48 37
58 49 11
58 50 13
58 51 18
58 53 34
58 54 34
58 55 10
58 56 5
59 0 2
59 1 24
59 3 38
59 6 37
59 12 38
59 13 27
59 17 13
59 18 28
59 20 33
59 27 7
59 31 19
59 32 30
59 34 13
59 35 4
59 38 5
59 39 24
59 40 7
59 41 7
59 42 22
59 44 2
59 48 33
59 49 20
59 50 5
59 53 30
59 54 22
59 55 37
60 0 39
60 4 9
60 5 14
60 9 7
60 11 2
60 12 7
60 14 23
60 15 14
60 17 16
60 18 21
60 20 34
60 21 17
60 25 3
60 26 34
60 27 6
60 29 36
60 31 36
60 32 32
60 33 23
60 34 34
60 36 20
60 40 5
60 41 16
60 42 37
60 43 19
60 45 39
60 48 27
60 49 5
60 51 12
60 53 18
60 55 9
60 58 23
60 59 14
61 1 14
61 2 28
61 6 35
61 10 23
61 11 21
61 12 18
61 14 1
61 17 19
61 18 31
61 19 27
61 21 12
61 22 39
61 25 3
61 26 5
61 28 7
61 31 15
61 32 3
61 35 38
61 38 19
61 40 7
61 43 37
61 45 29
61 46 31
61 49 10
61 52 27
61 54 33
61 55 10
61 56 37
61 58 39
61 59 27
61 60 29
62 0 39
62 1 4
62 2 30
62 6 27
62 9 11
62 15 29
62 18 5
62 19 3
62 21 37
62 24 11
62 26 29
62 31 25
62 32 29
62 37 7
62 38 9
62 39 36
62 44 22
62 46 16
62 48 36
62 49 1
62 50 3
62 55 28
62 56 19
62 57 30
62 60 32
62 61 17
63 1 3
63 2 36
63 3 17
63 6 7
63 9 14
63 12 2
63 14 38
63 15 26
63 16 25
63 17 8
63 21 34
63 22 7
63 24 17
63 28 27
63 31 26
63 33 16
63 34 23
63 35 26
63 36 7
63 37 13
63 38 24
63 43 6
63 44 12
63 45 17
63 46 9
63 47 31
63 48 4
63 49 13
63 51 38
63 52 17
63 53 34
63 56 25
63 58 2
63 62 18
64 1 1
64 2 31
64 3 28
64 4 15
64 6 18
64 9 22
64 10 20
64 15 35
64 17 11
64 18 28
64 19 16
64 20 9
64 21 15
64 22 30
64 25 8
64 26 23
64 32 27
64 34 30
64 36 24
64 39 13
64 43 39
64 46 28
64 47 2
64 52 24
64 55 21
64 57 19
64 58 18
64 62 26
64 63 31
65 1 28
65 2 29
65 3 2
65 4 4
65 6 29
65 7 4
65 9 9
65 10 17
65 13 21
65 15 17
65 16 3
65 19 13
65 21 1
65 24 6
65 28 10
65 29 30
65 30 30
65 31 18
65 34 2
65 35 24
65 38 3
65 39 20
65 40 4
65 41 29
65 43 11
65 46 22
65 47 9
65 48 30
65 49 35
65 51 27
65 52 17
65 54 26
65 56 8
65 57 25
65 60 14
65 64 19
66 2 33
66 4 16
66 6 2
66 7 7
66 10 38
66 11 35
66 12 31
66 13 16
66 16 18
66 18 15
66 22 28
66 24 35
66 26 4
66 28 17
66 29 16
66 30 36
66 32 24
66 33 24
66 34 18
66 37 5
66 39 26
66 40 6
66 42 22
66 46 28
66 47 34
66 48 1
66 49 30
66 52 18
66 53 6
66 54 2
66 55 30
66 56 23
66 57 38
66 59 24
66 60 20
66 61 9
66 62 7
66 65 31
67 0 15
67 1 31
67 6 10
67 7 8
67 12 32
67 14 8
67 15 36
67 16 29
67 19 30
67 20 29
67 21 37
67 26 26
67 30 12
67 32 23
67 34 9
67 35 15
67 36 3
67 38 13
67 40 29
67 42 10
67 44 37
67 45 23
67 46 8
67 48 19
67 49 7
67 51 10
67 54 34
67 55 6
67 59 37
67 61 22
67 64 23
67 65 16
67 66 13
