27
3 1 1
3 2 2
4 0 3
4 2 3
4 3 6
5 0 3
5 1 5
5 3 3
6 0 2
6 2 7
6 5 5
7 2 4
7 3 4
7 5 1
7 6 3
8 5 6
8 6 5
8 7 6
9 0 1
9 4 5
9 5 5
9 6 1
9 8 1
10 1 1
10 5 4
10 7 6
10 8 5
11 0 5
11 2 4
11 3 3
11 5 6
11 6 5
12 1 7
12 3 7
12 5 3
12 7 7
12 9 5
13 0 4
13 1 6
13 3 3
13 6 6
13 7 7
13 9 2
13 11 1
14 0 4
14 1 7
14 7 7
14 9 7
14 13 5
15 0 5
15 1 3
15 2 7
15 6 4
15 7 1
15 10 4
15 11 7
15 12 1
16 0 2
16 3 6
16 4 1
16 7 2
16 8 3
16 9 2
16 10 6
16 11 4
16 12 6
16 13 4
17 3 2
17 4 5
17 5 3
17 6 7
17 7 2
17 8 7
17 9 3
17 10 1
17 11 1
17 13 6
17 15 7
18 0 7
18 1 7
18 5 5
18 8 4
18 9 5
18 13 7
18 16 3
19 1 6
19 2 5
19 4 2
19 5 4
19 7 7
19 10 1
19 12 7
19 14 3
19 17 5
20 4 5
20 5 3
20 9 6
20 13 7
20 15 5
20 16 3
20 17 5
20 18 1
21 0 4
21 1 1
21 2 3
21 4 7
21 7 2
21 11 4
21 13 6
21 16 1
21 17 3
21 19 6
21 20 1
22 1 5
22 2 4
22 4 4
22 8 4
22 9 6
22 16 2
22 20 3
22 21 5
23 2 1
23 3 7
23 4 1
23 5 7
23 6 1
23 7 2
23 10 1
23 12 5
23 13 7
23 14 6
23 15 5
23 19 2
23 21 7
23 22 3
24 1 3
24 2 5
24 3 4
24 5 2
24 9 2
24 10 7
24 12 4
24 13 3
24 17 2
24 18 5
24 19 2
25 1 5
25 2 6
25 3 1
25 4 5
25 5 1
25 8 4
25 9 7
25 10 3
25 12 1
25 14 6
25 15 6
25 16 4
25 18 2
25 23 2
26 0 5
26 1 5
26 2 5
26 3 2
26 4 2
26 8 3
26 9 2
26 11 4
26 12 4
26 13 5
26 15 5
26 18 4
26 22 7
26 25 7
