35
1 0 16
2 0 15
2 1 23
3 0 18
3 1 8
3 2 11
4 0 3
4 1 16
4 2 28
4 3 19
5 0 27
5 1 4
5 2 9
5 3 11
5 4 8
6 0 12
6 1 7
6 2 13
6 3 25
6 4 5
6 5 20
7 0 13
7 1 11
7 2 13
7 3 23
7 4 20
7 5 8
7 6 22
8 0 10
8 1 6
8 2 13
8 3 10
8 4 3
8 5 4
8 6 8
8 7 13
9 0 18
9 1 5
9 2 3
9 3 22
9 4 6
9 5 22
9 6 19
9 7 15
9 8 27
10 0 28
10 1 12
10 2 2
10 3 22
10 4 22
10 5 6
10 6 9
10 7 5
10 8 17
10 9 3
11 0 26
11 1 7
11 2 21
11 3 3
11 4 9
11 5 19
11 6 28
11 7 10
11 8 25
11 9 1
11 10 10
12 0 20
12 1 27
12 2 7
12 3 21
12 4 24
12 5 7
12 6 14
12 7 10
12 8 21
12 9 11
12 10 9
12 11 22
13 0 14
13 1 4
13 2 15
13 3 2
13 4 4
13 5 7
13 6 3
13 7 11
13 8 12
13 9 5
13 10 21
13 11 3
13 12 16
14 0 26
14 1 16
14 2 9
14 3 14
14 4 27
14 5 4
14 6 23
14 7 27
14 8 25
14 9 10
14 10 25
14 11 13
14 12 4
14 13 15
15 0 17
15 1 10
15 2 4
15 3 7
15 4 16
15 5 5
15 6 16
15 7 5
15 8 4
15 9 23
15 10 21
15 11 2
15 12 9
15 13 18
15 14 1
16 0 15
16 1 22
16 2 18
16 3 4
16 4 13
16 5 12
16 6 13
16 7 20
16 8 3
16 9 7
16 10 22
16 11 23
16 12 13
16 13 1
16 14 9
16 15 14
17 0 9
17 1 26
17 2 14
17 3 15
17 4 9
17 5 12
17 6 19
17 7 5
17 8 11
17 9 12
17 10 1
17 11 3
17 12 10
17 13 28
17 14 5
17 15 3
17 16 13
18 0 13
18 1 22
18 2 21
18 3 16
18 4 11
18 5 1
18 6 26
18 7 22
18 8 13
18 9 12
18 10 24
18 11 6
18 12 2
18 13 16
18 14 28
18 15 20
18 16 3
18 17 12
19 0 8
19 1 27
19 2 19
19 3 9
19 4 8
19 5 10
19 6 20
19 7 20
19 8 5
19 9 9
19 10 24
19 11 19
19 12 18
19 13 15
19 14 16
19 15 10
19 16 14
19 17 7
19 18 1
20 0 25
20 1 6
20 2 17
20 3 2
20 4 22
20 5 18
20 6 9
20 7 10
20 8 10
20 9 27
20 10 23
20 11 28
20 12 3
20 13 5
20 14 3
20 15 21
20 16 25
20 17 1
20 18 26
20 19 8
21 0 8
21 1 11
21 2 23
21 3 9
21 4 21
21 5 16
21 6 28
21 7 4
21 8 5
21 9 2
21 10 14
21 11 20
21 12 21
21 13 15
21 14 3
21 15 18
21 16 4
21 17 7
21 18 10
21 19 14
21 20 13
22 0 8
22 1 7
22 2 14
22 3 12
22 4 23
22 5 11
22 6 3
22 7 27
22 8 26
22 9 9
22 10 18
22 11 1
22 12 11
22 13 18
22 14 14
22 15 2
22 16 4
22 17 1
22 18 20
22 19 20
22 20 28
22 21 10
23 0 5
23 1 28
23 2 12
23 3 5
23 4 10
23 5 8
23 6 28
23 7 26
23 8 10
23 9 14
23 10 7
23 11 22
23 12 13
23 13 24
23 14 18
23 15 21
23 16 6
23 17 14
23 18 25
23 19 8
23 20 13
23 21 18
23 22 6
24 0 22
24 1 5
24 2 28
24 3 5
24 4 28
24 5 6
24 6 19
24 7 18
24 8 4
24 9 22
24 10 24
24 11 20
24 12 18
24 13 2
24 14 1
24 15 14
24 16 3
24 17 27
24 18 10
24 19 13
24 20 15
24 21 18
24 22 19
24 23 23
25 0 19
25 1 9
25 2 27
25 3 5
25 4 19
25 5 14
25 6 13
25 7 1
25 8 4
25 9 22
25 10 27
25 11 17
25 12 28
25 13 26
25 14 10
25 15 25
25 16 3
25 17 28
25 18 1
25 19 17
25 20 11
25 21 8
25 22 17
25 23 14
25 24 1
26 0 8
26 1 21
26 2 23
26 3 15
26 4 16
26 5 13
26 6 1
26 7 20
26 8 14
26 9 28
26 10 9
26 11 21
26 12 16
26 13 28
26 14 2
26 15 15
26 16 5
26 17 21
26 18 19
26 19 1
26 20 8
26 21 27
26 22 9
26 23 19
26 24 17
26 25 27
27 0 10
27 1 5
27 2 22
27 3 3
27 4 21
27 5 28
27 6 9
27 7 12
27 8 10
27 9 1
27 10 10
27 11 14
27 12 17
27 13 22
27 14 12
27 15 22
27 16 25
27 17 19
27 18 10
27 19 7
27 20 17
27 21 12
27 22 18
27 23 27
27 24 20
27 25 18
27 26 27
28 0 4
28 1 23
28 2 27
28 3 14
28 4 8
28 5 11
28 6 19
28 7 24
28 8 24
28 9 26
28 10 4
28 11 23
28 12 22
28 13 4
28 14 27
28 15 24
28 16 4
28 17 5
28 18 19
28 19 12
28 20 7
28 21 15
28 22 22
28 23 9
28 24 4
28 25 22
28 26 6
28 27 20
29 0 14
29 1 1
29 2 7
29 3 15
29 4 8
29 5 23
29 6 1
29 7 15
29 8 5
29 9 2
29 10 2
29 11 26
29 12 22
29 13 17
29 14 19
29 15 10
29 16 1
29 17 6
29 18 7
29 19 8
29 20 5
29 21 21
29 22 12
29 23 6
29 24 21
29 25 25
29 26 5
29 27 19
29 28 1
30 0 15
30 1 16
30 2 4
30 3 26
30 4 24
30 5 14
30 6 18
30 7 28
30 8 26
30 9 12
30 10 18
30 11 26
30 12 18
30 13 10
30 14 19
30 15 27
30 16 4
30 17 11
30 18 4
30 19 24
30 20 14
30 21 9
30 22 8
30 23 10
30 24 17
30 25 20
30 26 26
30 27 6
30 28 10
30 29 26
31 0 8
31 1 28
31 2 14
31 3 27
31 4 23
31 5 21
31 6 9
31 7 20
31 8 20
31 9 14
31 10 27
31 11 16
31 12 11
31 13 4
31 14 7
31 15 24
31 16 24
31 17 22
31 18 13
31 19 2
31 20 27
31 21 18
31 22 20
31 23 16
31 24 22
31 25 21
31 26 2
31 27 7
31 28 1
31 29 23
31 30 3
32 0 19
32 1 14
32 2 5
32 3 28
32 4 28
32 5 19
32 6 3
32 7 4
32 8 8
32 9 27
32 10 2
32 11 24
32 12 2
32 13 8
32 14 6
32 15 17
32 16 16
32 17 5
32 18 17
32 19 4
32 20 21
32 21 1
32 22 25
32 23 6
32 24 15
32 25 1
32 26 3
32 27 17
32 28 6
32 29 4
32 30 4
32 31 28
33 0 25
33 1 2
33 2 13
33 3 23
33 4 23
33 5 14
33 6 23
33 7 23
33 8 4
33 9 6
33 10 8
33 11 14
33 12 7
33 13 9
33 14 24
33 15 3
33 16 17
33 17 6
33 18 28
33 19 6
33 20 7
33 21 28
33 22 21
33 23 27
33 24 14
33 25 7
33 26 8
33 27 16
33 28 18
33 29 27
33 30 20
33 31 13
33 32 9
34 0 5
34 1 14
34 2 5
34 3 18
34 4 27
34 5 3
34 6 9
34 7 28
34 8 25
34 9 18
34 10 21
34 11 14
34 12 4
34 13 8
34 14 20
34 15 13
34 16 10
34 17 8
34 18 1
34 19 19
34 20 21
34 21 8
34 22 13
34 23 24
34 24 20
34 25 20
34 26 7
34 27 23
34 28 7
34 29 13
34 30 10
34 31 13
34 32 5
34 33 13
