30
1 0 44
2 0 45
2 1 14
3 0 40
3 1 47
3 2 34
4 0 30
4 1 23
4 2 24
4 3 30
5 0 30
5 1 36
5 2 51
5 3 24
5 4 31
6 0 46
6 1 51
6 2 34
6 3 23
6 4 5
6 5 39
7 0 19
7 1 36
7 2 12
7 3 38
7 4 6
7 5 13
7 6 36
8 0 17
8 1 41
8 2 16
8 3 27
8 4 18
8 5 28
8 6 2
8 7 49
9 0 28
9 1 47
9 2 15
9 3 4
9 4 24
9 5 38
9 6 17
9 7 25
9 8 4
10 0 27
10 1 8
10 2 23
10 3 36
10 4 41
10 5 10
10 6 1
10 7 4
10 8 15
10 9 20
11 0 48
11 1 39
11 2 35
11 3 34
11 4 13
11 5 10
11 6 9
11 7 39
11 8 15
11 9 49
11 10 20
12 0 23
12 1 2
12 2 12
12 3 2
12 4 50
12 5 7
12 6 26
12 7 29
12 8 5
12 9 23
12 10 47
12 11 38
13 0 1
13 1 17
13 2 34
13 3 37
13 4 12
13 5 19
13 6 34
13 7 15
13 8 49
13 9 13
13 10 19
13 11 47
13 12 29
14 0 43
14 1 6
14 2 22
14 3 29
14 4 48
14 5 34
14 6 47
14 7 36
14 8 44
14 9 42
14 10 17
14 11 12
14 12 8
14 13 2
15 0 50
15 1 37
15 2 3
15 3 43
15 4 38
15 5 34
15 6 17
15 7 1
15 8 3
15 9 42
15 10 39
15 11 7
15 12 12
15 13 5
15 14 19
16 0 48
16 1 30
16 2 24
16 3 4
16 4 13
16 5 43
16 6 5
16 7 25
16 8 5
16 9 42
16 10 37
16 11 5
16 12 29
16 13 42
16 14 46
16 15 36
17 0 43
17 1 27
17 2 51
17 3 14
17 4 39
17 5 49
17 6 25
17 7 23
17 8 7
17 9 23
17 10 10
17 11 4
17 12 10
17 13 40
17 14 47
17 15 50
17 16 2
18 0 51
18 1 50
18 2 25
18 3 13
18 4 19
18 5 38
18 6 35
18 7 39
18 8 39
18 9 31
18 10 1
18 11 21
18 12 9
18 13 24
18 14 12
18 15 27
18 16 16
18 17 50
19 0 25
19 1 40
19 2 19
19 3 50
19 4 44
19 5 1
19 6 31
19 7 48
19 8 15
19 9 49
19 10 6
19 11 17
19 12 3
19 13 35
19 14 48
19 15 9
19 16 27
19 17 23
19 18 29
20 0 17
20 1 41
20 2 26
20 3 20
20 4 5
20 5 29
20 6 27
20 7 33
20 8 20
20 9 5
20 10 46
20 11 39
20 12 19
20 13 19
20 14 23
20 15 26
20 16 18
20 17 39
20 18 40
20 19 4
21 0 26
21 1 22
21 2 21
21 3 49
21 4 25
21 5 48
21 6 41
21 7 27
21 8 4
21 9 19
21 10 25
21 11 22
21 12 25
21 13 37
21 14 51
21 15 9
21 16 47
21 17 5
21 18 29
21 19 44
21 20 31
22 0 14
22 1 20
22 2 35
22 3 3
22 4 43
22 5 15
22 6 17
22 7 41
22 8 17
22 9 48
22 10 11
22 11 27
22 12 25
22 13 40
22 14 22
22 15 9
22 16 7
22 17 34
22 18 12
22 19 50
22 20 44
22 21 29
23 0 18
23 1 4
23 2 34
23 3 2
23 4 16
23 5 11
23 6 22
23 7 10
23 8 47
23 9 42
23 10 25
23 11 21
23 12 5
23 13 20
23 14 48
23 15 3
23 16 9
23 17 51
23 18 31
23 19 46
23 20 4
23 21 12
23 22 15
24 0 51
24 1 50
24 2 10
24 3 9
24 4 12
24 5 31
24 6 47
24 7 22
24 8 48
24 9 2
24 10 33
24 11 10
24 12 50
24 13 36
24 14 48
24 15 34
24 16 22
24 17 5
24 18 4
24 19 47
24 20 43
24 21 8
24 22 34
24 23 38
25 0 17
25 1 30
25 2 20
25 3 21
25 4 19
25 5 18
25 6 46
25 7 23
25 8 2
25 9 13
25 10 42
25 11 35
25 12 31
25 13 17
25 14 2
25 15 2
25 16 13
25 17 18
25 18 38
25 19 4
25 20 9
25 21 40
25 22 13
25 23 5
25 24 6
26 0 45
26 1 50
26 2 13
26 3 19
26 4 3
26 5 26
26 6 11
26 7 37
26 8 13
26 9 38
26 10 10
26 11 37
26 12 11
26 13 12
26 14 10
26 15 21
26 16 2
26 17 9
26 18 6
26 19 23
26 20 6
26 21 51
26 22 50
26 23 2
26 24 17
26 25 20
27 0 13
27 1 20
27 2 23
27 3 51
27 4 9
27 5 11
27 6 44
27 7 12
27 8 26
27 9 48
27 10 47
27 11 11
27 12 13
27 13 24
27 14 47
27 15 24
27 16 3
27 17 21
27 18 13
27 19 37
27 20 19
27 21 23
27 22 9
27 23 31
27 24 39
27 25 15
27 26 25
28 0 22
28 1 44
28 2 2
28 3 48
28 4 24
28 5 33
28 6 6
28 7 50
28 8 50
28 9 17
28 10 16
28 11 28
28 12 51
28 13 49
28 14 5
28 15 37
28 16 16
28 17 22
28 18 35
28 19 18
28 20 51
28 21 28
28 22 18
28 23 21
28 24 8
28 25 14
28 26 43
28 27 21
29 0 10
29 1 34
29 2 4
29 3 43
29 4 13
29 5 27
29 6 32
29 7 5
29 8 6
29 9 8
29 10 6
29 11 48
29 12 25
29 13 49
29 14 51
29 15 23
29 16 15
29 17 5
29 18 24
29 19 11
29 20 40
29 21 2
29 22 46
29 23 6
29 24 14
29 25 31
29 26 23
29 27 45
29 28 48
