44
1 0 18
2 0 21
2 1 17
3 0 3
3 1 16
3 2 17
4 0 25
4 1 8
4 2 19
4 3 26
5 0 9
5 1 23
5 2 24
5 3 7
5 4 25
6 0 7
6 1 1
6 2 10
6 3 23
6 4 18
6 5 11
7 0 7
7 1 22
7 2 5
7 3 15
7 4 16
7 5 14
7 6 6
8 0 19
8 1 2
8 2 1
8 3 10
8 4 9
8 5 25
8 6 7
8 7 15
9 0 23
9 1 22
9 2 12
9 3 2
9 4 16
9 5 4
9 6 7
9 7 14
9 8 5
10 0 14
10 1 25
10 2 4
10 3 24
10 4 26
10 5 25
10 6 2
10 7 20
10 8 3
10 9 2
11 0 16
11 1 12
11 2 2
11 3 25
11 4 23
11 5 26
11 6 1
11 7 10
11 8 25
11 9 14
11 10 10
12 0 21
12 1 14
12 2 15
12 3 19
12 4 9
12 5 26
12 6 23
12 7 16
12 8 6
12 9 14
12 10 2
12 11 11
13 0 19
13 1 5
13 2 17
13 3 22
13 4 8
13 5 13
13 6 12
13 7 4
13 8 4
13 9 23
13 10 21
13 11 18
13 12 9
14 0 1
14 1 12
14 2 21
14 3 16
14 4 5
14 5 5
14 6 18
14 7 10
14 8 8
14 9 21
14 10 10
14 11 4
14 12 26
14 13 13
15 0 10
15 1 19
15 2 1
15 3 6
15 4 17
15 5 4
15 6 7
15 7 8
15 8 16
15 9 21
15 10 26
15 11 18
15 12 15
15 13 1
15 14 17
16 0 5
16 1 8
16 2 26
16 3 3
16 4 21
16 5 7
16 6 16
16 7 18
16 8 9
16 9 22
16 10 11
16 11 7
16 12 26
16 13 25
16 14 19
16 15 18
17 0 15
17 1 13
17 2 24
17 3 7
17 4 13
17 5 5
17 6 12
17 7 14
17 8 8
17 9 17
17 10 7
17 11 23
17 12 9
17 13 5
17 14 24
17 15 11
17 16 22
18 0 10
18 1 22
18 2 24
18 3 3
18 4 7
18 5 10
18 6 4
18 7 12
18 8 1
18 9 6
18 10 5
18 11 16
18 12 18
18 13 24
18 14 9
18 15 25
18 16 3
18 17 8
19 0 1
19 1 8
19 2 13
19 3 21
19 4 11
19 5 26
19 6 13
19 7 11
19 8 26
19 9 17
19 10 14
19 11 20
19 12 12
19 13 25
19 14 2
19 15 24
19 16 17
19 17 12
19 18 17
20 0 15
20 1 20
20 2 9
20 3 6
20 4 18
20 5 13
20 6 24
20 7 6
20 8 8
20 9 8
20 10 23
20 11 20
20 12 10
20 13 16
20 14 14
20 15 17
20 16 22
20 17 22
20 18 7
20 19 17
21 0 8
21 1 20
21 2 25
21 3 3
21 4 1
21 5 1
21 6 13
21 7 17
21 8 1
21 9 8
21 10 17
21 11 13
21 12 7
21 13 5
21 14 18
21 15 24
21 16 25
21 17 5
21 18 12
21 19 18
21 20 18
22 0 23
22 1 19
22 2 15
22 3 7
22 4 2
22 5 3
22 6 12
22 7 13
22 8 8
22 9 8
22 10 25
22 11 26
22 12 10
22 13 6
22 14 11
22 15 10
22 16 17
22 17 22
22 18 8
22 19 14
22 20 14
22 21 20
23 0 6
23 1 18
23 2 22
23 3 20
23 4 15
23 5 26
23 6 5
23 7 22
23 8 20
23 9 22
23 10 18
23 11 13
23 12 6
23 13 10
23 14 9
23 15 14
23 16 19
23 17 15
23 18 4
23 19 2
23 20 21
23 21 10
23 22 26
24 0 22
24 1 6
24 2 4
24 3 1
24 4 10
24 5 13
24 6 23
24 7 2
24 8 2
24 9 20
24 10 16
24 11 1
24 12 1
24 13 18
24 14 11
24 15 10
24 16 7
24 17 26
24 18 6
24 19 20
24 20 18
24 21 7
24 22 3
24 23 12
25 0 21
25 1 8
25 2 11
25 3 17
25 4 5
25 5 2
25 6 15
25 7 21
25 8 4
25 9 17
25 10 5
25 11 14
25 12 8
25 13 4
25 14 7
25 15 20
25 16 8
25 17 18
25 18 9
25 19 25
25 20 22
25 21 23
25 22 24
25 23 21
25 24 11
26 0 25
26 1 14
26 2 16
26 3 19
26 4 5
26 5 12
26 6 16
26 7 20
26 8 7
26 9 14
26 10 3
26 11 11
26 12 12
26 13 22
26 14 7
26 15 4
26 16 9
26 17 14
26 18 26
26 19 1
26 20 17
26 21 10
26 22 18
26 23 17
26 24 10
26 25 2
27 0 5
27 1 2
27 2 5
27 3 3
27 4 23
27 5 22
27 6 5
27 7 10
27 8 16
27 9 23
27 10 16
27 11 17
27 12 8
27 13 26
27 14 5
27 15 9
27 16 5
27 17 11
27 18 14
27 19 2
27 20 6
27 21 4
27 22 17
27 23 23
27 24 3
27 25 4
27 26 5
28 0 26
28 1 11
28 2 7
28 3 7
28 4 20
28 5 11
28 6 21
28 7 3
28 8 3
28 9 13
28 10 20
28 11 16
28 12 1
28 13 21
28 14 15
28 15 14
28 16 25
28 17 17
28 18 9
28 19 2
28 20 19
28 21 23
28 22 10
28 23 1
28 24 13
28 25 3
28 26 13
28 27 21
29 0 9
29 1 15
29 2 21
29 3 20
29 4 16
29 5 1
29 6 24
29 7 22
29 8 18
29 9 26
29 10 24
29 11 20
29 12 6
29 13 2
29 14 20
29 15 13
29 16 24
29 17 12
29 18 12
29 19 8
29 20 1
29 21 9
29 22 19
29 23 18
29 24 19
29 25 20
29 26 15
29 27 22
29 28 10
30 0 26
30 1 3
30 2 25
30 3 6
30 4 3
30 5 16
30 6 10
30 7 5
30 8 12
30 9 18
30 10 25
30 11 2
30 12 22
30 13 23
30 14 4
30 15 14
30 16 26
30 17 7
30 18 18
30 19 13
30 20 23
30 21 17
30 22 22
30 23 26
30 24 26
30 25 14
30 26 19
30 27 5
30 28 5
30 29 6
31 0 7
31 1 15
31 2 25
31 3 5
31 4 13
31 5 10
31 6 19
31 7 2
31 8 6
31 9 19
31 10 12
31 11 14
31 12 22
31 13 21
31 14 18
31 15 7
31 16 5
31 17 16
31 18 10
31 19 12
31 20 24
31 21 17
31 22 21
31 23 19
31 24 24
31 25 18
31 26 5
31 27 14
31 28 22
31 29 12
31 30 8
32 0 24
32 1 4
32 2 8
32 3 25
32 4 24
32 5 2
32 6 6
32 7 23
32 8 9
32 9 23
32 10 24
32 11 24
32 12 4
32 13 10
32 14 3
32 15 5
32 16 11
32 17 24
32 18 5
32 19 17
32 20 17
32 21 15
32 22 15
32 23 11
32 24 5
32 25 5
32 26 14
32 27 14
32 28 10
32 29 22
32 30 2
32 31 8
33 0 13
33 1 1
33 2 18
33 3 4
33 4 1
33 5 21
33 6 4
33 7 14
33 8 25
33 9 9
33 10 23
33 11 24
33 12 9
33 13 5
33 14 5
33 15 4
33 16 5
33 17 18
33 18 21
33 19 9
33 20 4
33 21 7
33 22 8
33 23 15
33 24 4
33 25 9
33 26 6
33 27 2
33 28 9
33 29 26
33 30 7
33 31 18
33 32 14
34 0 9
34 1 14
34 2 4
34 3 14
34 4 13
34 5 7
34 6 12
34 7 9
34 8 8
34 9 19
34 10 22
34 11 26
34 12 21
34 13 20
34 14 17
34 15 16
34 16 6
34 17 10
34 18 13
34 19 24
34 20 20
34 21 11
34 22 24
34 23 1
34 24 8
34 25 8
34 26 7
34 27 25
34 28 23
34 29 19
34 30 4
34 31 1
34 32 13
34 33 24
35 0 23
35 1 11
35 2 17
35 3 26
35 4 7
35 5 15
35 6 7
35 7 7
35 8 19
35 9 12
35 10 22
35 11 24
35 12 6
35 13 11
35 14 25
35 15 25
35 16 17
35 17 26
35 18 5
35 19 17
35 20 2
35 21 7
35 22 10
35 23 19
35 24 3
35 25 16
35 26 24
35 27 8
35 28 25
35 29 5
35 30 2
35 31 20
35 32 2
35 33 3
35 34 21
36 0 21
36 1 16
36 2 25
36 3 16
36 4 17
36 5 6
36 6 9
36 7 4
36 8 16
36 9 22
36 10 21
36 11 25
36 12 11
36 13 4
36 14 12
36 15 5
36 16 16
36 17 22
36 18 20
36 19 11
36 20 21
36 21 13
36 22 7
36 23 5
36 24 13
36 25 2
36 26 23
36 27 25
36 28 18
36 29 4
36 30 9
36 31 14
36 32 22
36 33 10
36 34 22
36 35 24
37 0 3
37 1 22
37 2 4
37 3 25
37 4 12
37 5 11
37 6 2
37 7 5
37 8 25
37 9 3
37 10 22
37 11 1
37 12 10
37 13 5
37 14 21
37 15 26
37 16 13
37 17 2
37 18 4
37 19 22
37 20 10
37 21 6
37 22 13
37 23 15
37 24 13
37 25 16
37 26 18
37 27 16
37 28 15
37 29 21
37 30 1
37 31 26
37 32 11
37 33 3
37 34 24
37 35 1
37 36 6
38 0 16
38 1 7
38 2 21
38 3 24
38 4 21
38 5 25
38 6 24
38 7 7
38 8 15
38 9 14
38 10 12
38 11 9
38 12 19
38 13 7
38 14 2
38 15 24
38 16 2
38 17 12
38 18 25
38 19 24
38 20 25
38 21 9
38 22 10
38 23 12
38 24 15
38 25 17
38 26 4
38 27 20
38 28 16
38 29 23
38 30 21
38 31 16
38 32 5
38 33 22
38 34 2
38 35 9
38 36 17
38 37 12
39 0 24
39 1 6
39 2 1
39 3 16
39 4 7
39 5 1
39 6 13
39 7 7
39 8 10
39 9 24
39 10 14
39 11 22
39 12 25
39 13 7
39 14 26
39 15 15
39 16 15
39 17 15
39 18 2
39 19 19
39 20 4
39 21 5
39 22 11
39 23 4
39 24 16
39 25 23
39 26 3
39 27 9
39 28 16
39 29 16
39 30 10
39 31 12
39 32 10
39 33 23
39 34 11
39 35 2
39 36 24
39 37 1
39 38 21
40 0 23
40 1 17
40 2 15
40 3 18
40 4 7
40 5 9
40 6 25
40 7 26
40 8 15
40 9 19
40 10 9
40 11 15
40 12 20
40 13 15
40 14 13
40 15 25
40 16 9
40 17 21
40 18 13
40 19 19
40 20 26
40 21 16
40 22 7
40 23 8
40 24 9
40 25 21
40 26 22
40 27 9
40 28 19
40 29 8
40 30 8
40 31 17
40 32 20
40 33 12
40 34 26
40 35 4
40 36 7
40 37 25
40 38 10
40 39 21
41 0 26
41 1 7
41 2 1
41 3 7
41 4 14
41 5 24
41 6 19
41 7 7
41 8 6
41 9 21
41 10 22
41 11 22
41 12 10
41 13 26
41 14 11
41 15 8
41 16 8
41 17 7
41 18 15
41 19 16
41 20 24
41 21 21
41 22 21
41 23 19
41 24 26
41 25 2
41 26 4
41 27 1
41 28 6
41 29 1
41 30 12
41 31 1
41 32 19
41 33 17
41 34 17
41 35 12
41 36 19
41 37 19
41 38 20
41 39 6
41 40 10
42 0 13
42 1 19
42 2 1
42 3 4
42 4 13
42 5 16
42 6 6
42 7 24
42 8 10
42 9 24
42 10 5
42 11 6
42 12 9
42 13 11
42 14 15
42 15 21
42 16 15
42 17 6
42 18 7
42 19 19
42 20 2
42 21 6
42 22 2
42 23 9
42 24 12
42 25 10
42 26 22
42 27 12
42 28 18
42 29 6
42 30 16
42 31 25
42 32 4
42 33 4
42 34 16
42 35 18
42 36 19
42 37 10
42 38 19
42 39 2
42 40 15
42 41 22
43 0 10
43 1 2
43 2 20
43 3 9
43 4 20
43 5 9
43 6 6
43 7 13
43 8 18
43 9 12
43 10 6
43 11 16
43 12 14
43 13 2
43 14 18
43 15 10
43 16 12
43 17 3
43 18 24
43 19 25
43 20 7
43 21 3
43 22 18
43 23 2
43 24 24
43 25 16
43 26 17
43 27 24
43 28 19
43 29 10
43 30 4
43 31 2
43 32 1
43 33 10
43 34 20
43 35 23
43 36 2
43 37 3
43 38 13
43 39 23
43 40 6
43 41 20
43 42 11
