28
2 0 4
3 0 4
3 1 2
4 2 6
5 4 6
6 0 6
6 1 3
6 2 6
6 3 7
6 5 2
7 2 5
7 4 2
8 0 1
8 1 8
8 3 5
8 6 6
8 7 5
9 1 1
9 2 5
10 3 1
10 6 1
10 8 7
11 0 1
11 2 7
11 5 2
11 6 4
12 1 4
12 3 3
12 6 6
12 7 1
12 10 6
12 11 8
13 1 5
13 3 5
13 7 6
13 8 7
13 10 4
14 1 2
14 2 7
14 3 8
14 4 7
14 6 3
14 11 6
15 2 4
15 6 2
15 7 1
15 11 2
15 12 3
15 13 3
15 14 1
16 0 2
16 1 5
16 4 2
16 7 5
16 9 3
16 12 1
16 13 1
16 14 6
16 15 7
17 0 3
17 7 8
17 11 5
17 12 7
17 15 3
17 16 5
18 0 2
18 3 4
18 5 3
18 6 2
18 7 5
18 9 6
18 10 6
18 12 2
18 14 5
18 17 2
19 0 8
19 2 4
19 3 3
19 7 8
19 8 2
19 9 5
19 10 7
19 11 4
19 12 2
19 14 4
20 0 4
20 3 7
20 6 3
20 7 8
20 13 2
20 14 1
20 15 5
20 16 8
20 18 3
21 0 4
21 1 2
21 4 8
21 7 6
21 10 3
21 12 3
21 14 1
21 15 4
21 16 8
22 0 7
22 5 5
22 6 8
22 7 6
22 10 8
22 11 8
22 12 3
22 14 8
22 15 3
22 17 8
22 20 3
23 0 3
23 1 2
23 2 1
23 5 1
23 6 8
23 7 5
23 8 8
23 9 4
23 15 3
23 16 2
23 17 4
23 18 6
23 22 3
24 1 3
24 3 5
24 4 1
24 10 3
24 11 5
24 13 8
24 14 6
24 15 6
24 16 8
24 17 2
24 19 3
24 23 5
25 1 8
25 5 3
25 6 3
25 7 4
25 8 8
25 9 6
25 11 2
25 14 5
25 15 2
25 16 1
25 17 6
25 18 5
25 19 7
25 20 5
25 22 4
25 23 2
26 0 2
26 1 8
26 2 6
26 4 7
26 8 8
26 11 7
26 15 6
26 17 6
26 18 1
26 20 7
26 21 4
26 22 7
26 23 3
26 24 8
27 1 6
27 2 6
27 7 5
27 8 7
27 11 4
27 16 1
27 18 7
27 19 1
27 22 6
27 23 7
27 24 2
27 26 3
