32
3 0 17
3 1 16
3 2 8
4 0 25
4 2 17
4 3 3
5 0 21
5 2 13
5 3 17
6 0 12
6 2 25
7 0 18
7 1 20
7 2 22
7 4 19
7 5 15
8 1 9
8 3 11
8 4 4
8 6 13
8 7 15
9 3 11
9 4 7
9 5 16
9 6 12
9 7 5
9 8 16
10 1 13
10 4 25
10 5 11
10 7 5
11 0 3
11 1 13
11 2 13
11 3 1
11 4 3
11 5 23
11 6 17
11 9 12
12 2 18
12 4 10
12 6 5
12 9 19
12 11 9
13 0 10
13 1 22
13 2 22
13 5 7
13 6 14
13 7 5
13 8 3
14 2 4
14 3 4
14 4 8
14 5 13
14 7 10
14 8 11
15 0 4
15 1 4
15 2 25
15 3 20
15 4 24
15 6 25
15 7 10
15 8 17
15 9 23
15 10 5
15 12 20
15 13 20
15 14 4
16 3 7
16 4 21
16 5 15
16 7 17
16 8 20
16 9 23
16 11 1
16 13 22
16 15 16
17 1 12
17 2 25
17 4 10
17 7 1
17 11 15
17 13 14
17 15 19
17 16 14
18 0 9
18 5 1
18 7 7
18 9 6
18 11 1
18 13 8
18 15 20
18 17 16
19 4 7
19 7 21
19 8 10
19 10 21
19 12 5
19 13 15
19 15 14
20 0 5
20 1 6
20 3 24
20 4 14
20 6 14
20 7 18
20 9 2
20 14 3
20 15 7
20 19 18
21 0 19
21 1 21
21 2 11
21 4 8
21 6 11
21 8 16
21 11 4
21 12 15
21 14 2
21 15 15
21 16 25
21 20 24
22 0 11
22 1 23
22 4 4
22 7 9
22 9 18
22 16 8
22 19 9
22 21 11
23 0 4
23 6 22
23 7 16
23 15 24
23 16 8
23 17 9
23 18 10
24 1 3
24 3 4
24 4 8
24 5 6
24 8 2
24 9 11
24 10 9
24 11 16
24 16 18
24 19 15
24 20 6
25 0 12
25 1 4
25 3 23
25 4 5
25 5 24
25 6 24
25 8 22
25 9 9
25 11 2
25 12 10
25 13 12
25 14 1
25 15 7
25 16 18
25 18 10
25 19 25
25 21 6
25 22 14
26 4 16
26 5 4
26 9 17
26 13 8
26 15 13
26 17 10
26 19 25
26 20 1
26 25 2
27 2 6
27 3 8
27 8 11
27 10 3
27 13 22
27 17 2
27 20 22
27 22 21
27 24 21
28 1 20
28 2 8
28 4 3
28 6 14
28 7 7
28 9 6
28 10 17
28 11 8
28 12 25
28 13 12
28 23 12
28 25 6
29 0 5
29 1 21
29 2 15
29 5 24
29 6 2
29 8 19
29 10 14
29 12 21
29 13 9
29 14 16
29 15 22
29 17 20
29 18 22
29 22 19
29 24 15
30 1 13
30 3 8
30 9 16
30 10 4
30 13 2
30 15 3
30 16 24
30 17 22
30 18 13
30 19 1
30 22 19
30 24 13
30 26 5
30 27 8
30 29 16
31 1 12
31 2 1
31 4 24
31 10 24
31 12 13
31 13 21
31 14 9
31 16 23
31 17 9
31 18 12
31 20 5
31 22 19
31 23 12
31 24 12
31 25 6
31 26 10
31 27 25
31 29 12
31 30 19
