59
1 0 6
2 0 2
2 1 5
3 0 7
3 1 5
3 2 7
4 0 3
4 1 5
4 2 1
4 3 3
5 0 4
5 1 6
5 2 7
5 3 5
5 4 3
6 0 1
6 1 5
6 2 1
6 3 1
6 4 5
6 5 7
7 0 6
7 1 7
7 2 4
7 3 6
7 4 3
7 5 6
7 6 7
8 0 1
8 1 2
8 2 3
8 3 2
8 4 4
8 5 4
8 6 4
8 7 6
9 0 3
9 1 3
9 2 5
9 3 4
9 4 2
9 5 4
9 6 2
9 7 2
9 8 5
10 0 3
10 1 7
10 2 2
10 3 5
10 4 7
10 5 4
10 6 5
10 7 3
10 8 6
10 9 3
11 0 2
11 1 2
11 2 4
11 3 5
11 4 2
11 5 3
11 6 5
11 7 6
11 8 5
11 9 6
11 10 6
12 0 7
12 1 1
12 2 2
12 3 6
12 4 7
12 5 3
12 6 1
12 7 4
12 8 5
12 9 6
12 10 7
12 11 3
13 0 1
13 1 5
13 2 5
13 3 4
13 4 5
13 5 6
13 6 3
13 7 2
13 8 4
13 9 2
13 10 1
13 11 2
13 12 1
14 0 1
14 1 1
14 2 3
14 3 4
14 4 7
14 5 5
14 6 7
14 7 2
14 8 3
14 9 7
14 10 3
14 11 1
14 12 2
14 13 5
15 0 2
15 1 2
15 2 4
15 3 3
15 4 3
15 5 5
15 6 1
15 7 1
15 8 3
15 9 7
15 10 7
15 11 1
15 12 7
15 13 3
15 14 1
16 0 2
16 1 2
16 2 3
16 3 3
16 4 5
16 5 3
16 6 2
16 7 2
16 8 2
16 9 3
16 10 4
16 11 7
16 12 4
16 13 4
16 14 7
16 15 3
17 0 5
17 1 7
17 2 4
17 3 2
17 4 1
17 5 4
17 6 6
17 7 2
17 8 6
17 9 2
17 10 1
17 11 3
17 12 3
17 13 6
17 14 5
17 15 7
17 16 7
18 0 2
18 1 5
18 2 2
18 3 3
18 4 5
18 5 4
18 6 4
18 7 7
18 8 7
18 9 2
18 10 5
18 11 1
18 12 6
18 13 2
18 14 7
18 15 3
18 16 1
18 17 3
19 0 3
19 1 2
19 2 5
19 3 1
19 4 5
19 5 6
19 6 4
19 7 1
19 8 1
19 9 2
19 10 7
19 11 6
19 12 3
19 13 2
19 14 7
19 15 5
19 16 7
19 17 7
19 18 4
20 0 3
20 1 2
20 2 6
20 3 3
20 4 7
20 5 1
20 6 3
20 7 3
20 8 5
20 9 2
20 10 1
20 11 4
20 12 5
20 13 6
20 14 6
20 15 6
20 16 2
20 17 2
20 18 5
20 19 7
21 0 7
21 1 6
21 2 6
21 3 7
21 4 1
21 5 7
21 6 2
21 7 5
21 8 1
21 9 7
21 10 4
21 11 2
21 12 5
21 13 4
21 14 5
21 15 4
21 16 4
21 17 6
21 18 1
21 19 3
21 20 1
22 0 2
22 1 6
22 2 3
22 3 4
22 4 4
22 5 1
22 6 2
22 7 5
22 8 5
22 9 2
22 10 3
22 11 2
22 12 7
22 13 1
22 14 7
22 15 2
22 16 2
22 17 7
22 18 5
22 19 2
22 20 6
22 21 7
23 0 7
23 1 5
23 2 6
23 3 6
23 4 4
23 5 5
23 6 5
23 7 6
23 8 6
23 9 2
23 10 6
23 11 6
23 12 2
23 13 7
23 14 1
23 15 1
23 16 2
23 17 7
23 18 1
23 19 5
23 20 6
23 21 7
23 22 5
24 0 3
24 1 7
24 2 3
24 3 6
24 4 6
24 5 2
24 6 5
24 7 5
24 8 5
24 9 4
24 10 6
24 11 5
24 12 3
24 13 4
24 14 1
24 15 3
24 16 7
24 17 5
24 18 1
24 19 1
24 20 2
24 21 3
24 22 4
24 23 6
25 0 6
25 1 3
25 2 2
25 3 3
25 4 1
25 5 3
25 6 7
25 7 7
25 8 2
25 9 1
25 10 7
25 11 7
25 12 6
25 13 3
25 14 6
25 15 3
25 16 5
25 17 3
25 18 4
25 19 5
25 20 3
25 21 7
25 22 1
25 23 6
25 24 5
26 0 6
26 1 5
26 2 2
26 3 1
26 4 7
26 5 2
26 6 5
26 7 4
26 8 3
26 9 4
26 10 7
26 11 4
26 12 4
26 13 2
26 14 4
26 15 2
26 16 2
26 17 5
26 18 2
26 19 7
26 20 1
26 21 5
26 22 7
26 23 4
26 24 6
26 25 6
27 0 6
27 1 2
27 2 3
27 3 6
27 4 1
27 5 4
27 6 1
27 7 1
27 8 7
27 9 1
27 10 2
27 11 2
27 12 6
27 13 4
27 14 1
27 15 4
27 16 2
27 17 7
27 18 7
27 19 6
27 20 1
27 21 2
27 22 5
27 23 6
27 24 4
27 25 2
27 26 6
28 0 5
28 1 6
28 2 7
28 3 6
28 4 7
28 5 2
28 6 5
28 7 6
28 8 3
28 9 6
28 10 6
28 11 4
28 12 1
28 13 3
28 14 2
28 15 5
28 16 1
28 17 7
28 18 1
28 19 7
28 20 4
28 21 1
28 22 6
28 23 5
28 24 6
28 25 1
28 26 3
28 27 1
29 0 1
29 1 7
29 2 7
29 3 4
29 4 1
29 5 5
29 6 5
29 7 7
29 8 2
29 9 2
29 10 5
29 11 3
29 12 5
29 13 1
29 14 5
29 15 7
29 16 6
29 17 1
29 18 7
29 19 2
29 20 4
29 21 7
29 22 7
29 23 3
29 24 5
29 25 4
29 26 1
29 27 4
29 28 5
30 0 6
30 1 1
30 2 7
30 3 4
30 4 5
30 5 5
30 6 4
30 7 2
30 8 6
30 9 6
30 10 2
30 11 6
30 12 4
30 13 5
30 14 5
30 15 5
30 16 7
30 17 5
30 18 3
30 19 2
30 20 7
30 21 3
30 22 5
30 23 4
30 24 3
30 25 4
30 26 3
30 27 7
30 28 6
30 29 3
31 0 4
31 1 7
31 2 6
31 3 2
31 4 2
31 5 6
31 6 4
31 7 3
31 8 1
31 9 4
31 10 6
31 11 1
31 12 6
31 13 6
31 14 2
31 15 3
31 16 5
31 17 1
31 18 4
31 19 3
31 20 1
31 21 5
31 22 6
31 23 6
31 24 1
31 25 4
31 26 6
31 27 2
31 28 2
31 29 1
31 30 5
32 0 1
32 1 3
32 2 3
32 3 2
32 4 6
32 5 3
32 6 3
32 7 4
32 8 2
32 9 4
32 10 2
32 11 6
32 12 5
32 13 1
32 14 7
32 15 4
32 16 1
32 17 3
32 18 6
32 19 6
32 20 2
32 21 2
32 22 3
32 23 3
32 24 5
32 25 5
32 26 2
32 27 6
32 28 7
32 29 5
32 30 4
32 31 2
33 0 1
33 1 4
33 2 1
33 3 3
33 4 2
33 5 6
33 6 5
33 7 1
33 8 3
33 9 6
33 10 3
33 11 3
33 12 2
33 13 3
33 14 3
33 15 3
33 16 4
33 17 5
33 18 6
33 19 6
33 20 7
33 21 4
33 22 1
33 23 2
33 24 4
33 25 5
33 26 6
33 27 3
33 28 2
33 29 4
33 30 3
33 31 7
33 32 2
34 0 6
34 1 1
34 2 6
34 3 4
34 4 3
34 5 3
34 6 7
34 7 7
34 8 3
34 9 5
34 10 6
34 11 7
34 12 7
34 13 6
34 14 6
34 15 5
34 16 5
34 17 7
34 18 7
34 19 5
34 20 3
34 21 1
34 22 1
34 23 4
34 24 5
34 25 7
34 26 6
34 27 7
34 28 6
34 29 3
34 30 5
34 31 1
34 32 3
34 33 4
35 0 5
35 1 7
35 2 6
35 3 3
35 4 4
35 5 6
35 6 4
35 7 7
35 8 6
35 9 5
35 10 6
35 11 4
35 12 4
35 13 3
35 14 1
35 15 1
35 16 1
35 17 3
35 18 6
35 19 6
35 20 1
35 21 6
35 22 5
35 23 5
35 24 1
35 25 3
35 26 1
35 27 1
35 28 5
35 29 5
35 30 1
35 31 7
35 32 4
35 33 3
35 34 3
36 0 3
36 1 2
36 2 7
36 3 4
36 4 5
36 5 5
36 6 6
36 7 3
36 8 7
36 9 5
36 10 6
36 11 1
36 12 4
36 13 6
36 14 4
36 15 7
36 16 2
36 17 1
36 18 7
36 19 2
36 20 4
36 21 1
36 22 7
36 23 3
36 24 2
36 25 7
36 26 2
36 27 3
36 28 7
36 29 1
36 30 2
36 31 4
36 32 5
36 33 6
36 34 2
36 35 7
37 0 2
37 1 2
37 2 2
37 3 5
37 4 5
37 5 5
37 6 7
37 7 2
37 8 4
37 9 3
37 10 6
37 11 3
37 12 6
37 13 3
37 14 3
37 15 3
37 16 5
37 17 6
37 18 4
37 19 4
37 20 6
37 21 7
37 22 6
37 23 6
37 24 2
37 25 1
37 26 3
37 27 1
37 28 4
37 29 4
37 30 2
37 31 6
37 32 4
37 33 4
37 34 7
37 35 3
37 36 3
38 0 6
38 1 7
38 2 6
38 3 3
38 4 4
38 5 2
38 6 5
38 7 5
38 8 5
38 9 2
38 10 3
38 11 6
38 12 5
38 13 4
38 14 5
38 15 2
38 16 3
38 17 1
38 18 7
38 19 1
38 20 5
38 21 2
38 22 1
38 23 6
38 24 1
38 25 7
38 26 1
38 27 6
38 28 4
38 29 1
38 30 4
38 31 7
38 32 7
38 33 1
38 34 7
38 35 7
38 36 1
38 37 7
39 0 3
39 1 7
39 2 3
39 3 2
39 4 3
39 5 1
39 6 7
39 7 1
39 8 5
39 9 3
39 10 1
39 11 7
39 12 7
39 13 2
39 14 5
39 15 6
39 16 7
39 17 2
39 18 2
39 19 1
39 20 5
39 21 3
39 22 4
39 23 2
39 24 7
39 25 3
39 26 3
39 27 2
39 28 6
39 29 7
39 30 7
39 31 6
39 32 6
39 33 7
39 34 3
39 35 3
39 36 7
39 37 4
39 38 3
40 0 1
40 1 1
40 2 4
40 3 7
40 4 6
40 5 4
40 6 1
40 7 7
40 8 6
40 9 5
40 10 2
40 11 5
40 12 6
40 13 4
40 14 2
40 15 1
40 16 7
40 17 1
40 18 5
40 19 7
40 20 5
40 21 7
40 22 6
40 23 5
40 24 7
40 25 7
40 26 2
40 27 5
40 28 7
40 29 7
40 30 5
40 31 7
40 32 7
40 33 1
40 34 4
40 35 7
40 36 4
40 37 1
40 38 7
40 39 6
41 0 6
41 1 5
41 2 2
41 3 3
41 4 7
41 5 1
41 6 6
41 7 1
41 8 2
41 9 2
41 10 4
41 11 3
41 12 5
41 13 7
41 14 5
41 15 6
41 16 5
41 17 3
41 18 7
41 19 2
41 20 4
41 21 5
41 22 5
41 23 7
41 24 5
41 25 4
41 26 4
41 27 4
41 28 5
41 29 5
41 30 5
41 31 5
41 32 4
41 33 5
41 34 3
41 35 6
41 36 7
41 37 4
41 38 6
41 39 7
41 40 3
42 0 2
42 1 3
42 2 2
42 3 2
42 4 5
42 5 5
42 6 3
42 7 1
42 8 1
42 9 7
42 10 2
42 11 2
42 12 2
42 13 3
42 14 7
42 15 5
42 16 2
42 17 2
42 18 1
42 19 1
42 20 2
42 21 6
42 22 6
42 23 7
42 24 7
42 25 7
42 26 1
42 27 6
42 28 2
42 29 3
42 30 7
42 31 1
42 32 5
42 33 5
42 34 2
42 35 2
42 36 3
42 37 6
42 38 4
42 39 6
42 40 2
42 41 7
43 0 4
43 1 5
43 2 5
43 3 6
43 4 1
43 5 3
43 6 3
43 7 2
43 8 2
43 9 4
43 10 5
43 11 1
43 12 6
43 13 5
43 14 4
43 15 1
43 16 7
43 17 3
43 18 2
43 19 3
43 20 1
43 21 4
43 22 2
43 23 2
43 24 4
43 25 2
43 26 4
43 27 6
43 28 2
43 29 5
43 30 2
43 31 2
43 32 4
43 33 6
43 34 1
43 35 2
43 36 3
43 37 2
43 38 4
43 39 2
43 40 1
43 41 5
43 42 1
44 0 5
44 1 1
44 2 7
44 3 4
44 4 5
44 5 2
44 6 2
44 7 1
44 8 2
44 9 5
44 10 7
44 11 7
44 12 1
44 13 5
44 14 5
44 15 5
44 16 4
44 17 3
44 18 2
44 19 2
44 20 6
44 21 5
44 22 1
44 23 6
44 24 1
44 25 1
44 26 2
44 27 3
44 28 1
44 29 7
44 30 5
44 31 7
44 32 5
44 33 1
44 34 7
44 35 3
44 36 1
44 37 3
44 38 5
44 39 1
44 40 6
44 41 4
44 42 4
44 43 2
45 0 2
45 1 1
45 2 1
45 3 2
45 4 4
45 5 6
45 6 5
45 7 6
45 8 3
45 9 2
45 10 4
45 11 3
45 12 3
45 13 1
45 14 3
45 15 3
45 16 6
45 17 3
45 18 5
45 19 4
45 20 5
45 21 1
45 22 6
45 23 3
45 24 3
45 25 1
45 26 7
45 27 7
45 28 4
45 29 7
45 30 5
45 31 7
45 32 3
45 33 2
45 34 5
45 35 4
45 36 6
45 37 3
45 38 6
45 39 5
45 40 5
45 41 7
45 42 5
45 43 2
45 44 2
46 0 4
46 1 6
46 2 7
46 3 4
46 4 4
46 5 7
46 6 7
46 7 7
46 8 4
46 9 2
46 10 7
46 11 5
46 12 1
46 13 5
46 14 2
46 15 6
46 16 5
46 17 3
46 18 7
46 19 2
46 20 1
46 21 5
46 22 4
46 23 6
46 24 5
46 25 7
46 26 3
46 27 2
46 28 2
46 29 5
46 30 7
46 31 4
46 32 3
46 33 7
46 34 2
46 35 6
46 36 4
46 37 2
46 38 2
46 39 6
46 40 3
46 41 1
46 42 2
46 43 3
46 44 6
46 45 6
47 0 1
47 1 1
47 2 1
47 3 1
47 4 3
47 5 4
47 6 1
47 7 4
47 8 5
47 9 5
47 10 1
47 11 3
47 12 7
47 13 2
47 14 3
47 15 3
47 16 5
47 17 2
47 18 4
47 19 1
47 20 4
47 21 1
47 22 5
47 23 3
47 24 2
47 25 2
47 26 5
47 27 2
47 28 5
47 29 1
47 30 2
47 31 1
47 32 3
47 33 2
47 34 1
47 35 6
47 36 6
47 37 1
47 38 1
47 39 3
47 40 7
47 41 7
47 42 1
47 43 6
47 44 6
47 45 1
47 46 6
48 0 3
48 1 3
48 2 7
48 3 5
48 4 7
48 5 1
48 6 4
48 7 7
48 8 3
48 9 1
48 10 2
48 11 3
48 12 4
48 13 7
48 14 3
48 15 5
48 16 7
48 17 7
48 18 2
48 19 1
48 20 3
48 21 3
48 22 4
48 23 3
48 24 4
48 25 4
48 26 7
48 27 2
48 28 5
48 29 1
48 30 6
48 31 7
48 32 3
48 33 5
48 34 5
48 35 5
48 36 3
48 37 3
48 38 2
48 39 4
48 40 5
48 41 7
48 42 4
48 43 5
48 44 3
48 45 2
48 46 7
48 47 7
49 0 1
49 1 2
49 2 3
49 3 1
49 4 1
49 5 7
49 6 6
49 7 6
49 8 5
49 9 4
49 10 4
49 11 3
49 12 5
49 13 7
49 14 5
49 15 6
49 16 5
49 17 1
49 18 2
49 19 2
49 20 3
49 21 3
49 22 1
49 23 2
49 24 1
49 25 5
49 26 5
49 27 7
49 28 7
49 29 6
49 30 7
49 31 3
49 32 7
49 33 2
49 34 3
49 35 2
49 36 7
49 37 4
49 38 7
49 39 5
49 40 1
49 41 3
49 42 3
49 43 2
49 44 4
49 45 2
49 46 6
49 47 1
49 48 4
50 0 6
50 1 5
50 2 5
50 3 2
50 4 7
50 5 5
50 6 4
50 7 6
50 8 5
50 9 3
50 10 3
50 11 7
50 12 2
50 13 6
50 14 7
50 15 1
50 16 4
50 17 7
50 18 5
50 19 5
50 20 1
50 21 2
50 22 1
50 23 5
50 24 3
50 25 5
50 26 7
50 27 4
50 28 5
50 29 1
50 30 1
50 31 4
50 32 3
50 33 6
50 34 3
50 35 7
50 36 1
50 37 7
50 38 4
50 39 4
50 40 1
50 41 2
50 42 1
50 43 3
50 44 4
50 45 1
50 46 1
50 47 1
50 48 5
50 49 4
51 0 6
51 1 6
51 2 7
51 3 5
51 4 3
51 5 1
51 6 1
51 7 3
51 8 7
51 9 3
51 10 6
51 11 2
51 12 5
51 13 6
51 14 4
51 15 1
51 16 6
51 17 7
51 18 1
51 19 2
51 20 4
51 21 2
51 22 4
51 23 7
51 24 5
51 25 2
51 26 3
51 27 6
51 28 1
51 29 5
51 30 7
51 31 5
51 32 5
51 33 3
51 34 5
51 35 1
51 36 7
51 37 5
51 38 7
51 39 4
51 40 6
51 41 7
51 42 2
51 43 1
51 44 1
51 45 3
51 46 4
51 47 4
51 48 7
51 49 7
51 50 3
52 0 2
52 1 2
52 2 3
52 3 5
52 4 7
52 5 6
52 6 7
52 7 3
52 8 1
52 9 5
52 10 5
52 11 7
52 12 4
52 13 6
52 14 5
52 15 5
52 16 1
52 17 4
52 18 4
52 19 2
52 20 4
52 21 3
52 22 5
52 23 4
52 24 4
52 25 6
52 26 1
52 27 1
52 28 6
52 29 7
52 30 6
52 31 3
52 32 3
52 33 2
52 34 7
52 35 2
52 36 2
52 37 5
52 38 6
52 39 2
52 40 6
52 41 3
52 42 6
52 43 6
52 44 4
52 45 1
52 46 3
52 47 7
52 48 5
52 49 7
52 50 2
52 51 6
53 0 1
53 1 1
53 2 4
53 3 1
53 4 5
53 5 4
53 6 6
53 7 4
53 8 4
53 9 2
53 10 3
53 11 1
53 12 5
53 13 4
53 14 5
53 15 4
53 16 3
53 17 4
53 18 6
53 19 4
53 20 1
53 21 4
53 22 2
53 23 1
53 24 7
53 25 5
53 26 3
53 27 3
53 28 2
53 29 2
53 30 6
53 31 2
53 32 2
53 33 2
53 34 7
53 35 4
53 36 5
53 37 7
53 38 3
53 39 4
53 40 5
53 41 7
53 42 4
53 43 3
53 44 3
53 45 2
53 46 3
53 47 7
53 48 4
53 49 3
53 50 5
53 51 7
53 52 3
54 0 1
54 1 2
54 2 7
54 3 7
54 4 1
54 5 1
54 6 5
54 7 4
54 8 4
54 9 4
54 10 7
54 11 4
54 12 1
54 13 5
54 14 3
54 15 3
54 16 3
54 17 3
54 18 4
54 19 4
54 20 7
54 21 3
54 22 1
54 23 3
54 24 7
54 25 1
54 26 1
54 27 4
54 28 1
54 29 7
54 30 1
54 31 5
54 32 5
54 33 4
54 34 2
54 35 1
54 36 3
54 37 1
54 38 2
54 39 3
54 40 5
54 41 6
54 42 3
54 43 6
54 44 6
54 45 3
54 46 2
54 47 7
54 48 7
54 49 3
54 50 1
54 51 6
54 52 3
54 53 3
55 0 4
55 1 5
55 2 3
55 3 7
55 4 1
55 5 1
55 6 5
55 7 6
55 8 1
55 9 5
55 10 1
55 11 4
55 12 7
55 13 4
55 14 7
55 15 7
55 16 2
55 17 3
55 18 4
55 19 7
55 20 4
55 21 2
55 22 4
55 23 7
55 24 6
55 25 1
55 26 7
55 27 4
55 28 7
55 29 1
55 30 7
55 31 1
55 32 2
55 33 3
55 34 4
55 35 1
55 36 4
55 37 3
55 38 6
55 39 4
55 40 4
55 41 4
55 42 5
55 43 5
55 44 3
55 45 7
55 46 7
55 47 1
55 48 2
55 49 2
55 50 2
55 51 7
55 52 3
55 53 1
55 54 3
56 0 2
56 1 2
56 2 3
56 3 7
56 4 2
56 5 2
56 6 6
56 7 6
56 8 1
56 9 4
56 10 5
56 11 7
56 12 2
56 13 7
56 14 4
56 15 4
56 16 1
56 17 6
56 18 6
56 19 7
56 20 1
56 21 7
56 22 1
56 23 3
56 24 1
56 25 1
56 26 4
56 27 5
56 28 7
56 29 7
56 30 3
56 31 3
56 32 4
56 33 3
56 34 2
56 35 7
56 36 4
56 37 6
56 38 6
56 39 6
56 40 5
56 41 3
56 42 1
56 43 4
56 44 5
56 45 7
56 46 3
56 47 5
56 48 5
56 49 7
56 50 6
56 51 6
56 52 5
56 53 7
56 54 4
56 55 5
57 0 4
57 1 1
57 2 5
57 3 7
57 4 3
57 5 1
57 6 2
57 7 6
57 8 6
57 9 5
57 10 7
57 11 4
57 12 4
57 13 1
57 14 7
57 15 7
57 16 1
57 17 2
57 18 2
57 19 4
57 20 6
57 21 1
57 22 3
57 23 2
57 24 7
57 25 6
57 26 3
57 27 6
57 28 4
57 29 4
57 30 4
57 31 7
57 32 6
57 33 7
57 34 2
57 35 4
57 36 7
57 37 5
57 38 1
57 39 6
57 40 6
57 41 3
57 42 5
57 43 4
57 44 2
57 45 4
57 46 7
57 47 3
57 48 2
57 49 2
57 50 3
57 51 7
57 52 4
57 53 6
57 54 3
57 55 2
57 56 1
58 0 6
58 1 2
58 2 6
58 3 3
58 4 3
58 5 3
58 6 5
58 7 7
58 8 1
58 9 1
58 10 3
58 11 2
58 12 4
58 13 2
58 14 7
58 15 1
58 16 5
58 17 5
58 18 3
58 19 1
58 20 1
58 21 7
58 22 2
58 23 1
58 24 4
58 25 4
58 26 6
58 27 4
58 28 5
58 29 4
58 30 6
58 31 7
58 32 3
58 33 4
58 34 2
58 35 1
58 36 1
58 37 4
58 38 3
58 39 5
58 40 3
58 41 5
58 42 2
58 43 2
58 44 5
58 45 2
58 46 4
58 47 5
58 48 2
58 49 5
58 50 6
58 51 5
58 52 4
58 53 4
58 54 6
58 55 3
58 56 2
58 57 5
