23
2 0 4
2 1 47
3 0 20
3 2 49
4 1 11
4 2 34
4 3 11
5 0 5
5 1 51
5 2 32
5 3 2
6 1 3
6 3 55
7 0 54
7 1 57
7 3 30
7 4 37
8 1 7
8 2 35
8 3 7
9 1 40
9 5 60
10 0 44
10 4 49
10 7 21
11 2 11
11 3 56
11 4 22
11 8 60
11 10 25
12 0 43
12 1 62
12 2 34
12 3 25
12 8 51
12 9 6
12 10 23
13 0 26
13 2 49
13 3 30
13 7 37
13 9 42
13 12 41
14 0 8
14 2 21
14 5 30
14 11 55
14 12 3
15 1 57
15 2 39
15 3 63
15 5 40
15 9 37
15 14 36
16 1 37
16 2 42
16 3 58
16 8 60
16 11 58
17 1 60
17 2 23
17 5 1
17 7 35
17 8 16
17 9 7
17 15 47
17 16 4
18 0 17
18 1 18
18 4 45
18 7 46
18 8 26
18 11 49
18 13 58
18 16 48
19 5 41
19 7 61
19 8 52
19 9 29
19 10 9
19 14 58
19 18 54
20 0 56
20 1 2
20 3 42
20 4 10
20 6 33
20 7 33
20 9 18
20 10 25
20 11 35
20 13 49
20 14 30
20 15 54
20 16 1
21 1 4
21 3 11
21 7 20
21 8 59
21 9 34
21 10 38
21 11 53
21 13 62
21 14 26
21 18 61
22 0 54
22 1 50
22 5 7
22 6 6
22 8 40
22 9 20
22 10 57
22 11 35
22 14 42
22 16 61
22 19 37
22 21 59
