31
1 0 18
2 0 19
2 1 13
3 1 20
3 2 1
5 0 4
6 0 13
6 1 4
7 1 5
7 2 12
8 0 9
8 4 8
8 5 7
8 6 14
9 1 15
9 2 4
9 3 16
9 4 9
9 7 18
9 8 5
10 0 2
10 1 2
10 2 6
10 3 2
10 4 15
10 7 4
10 9 4
11 5 19
11 6 2
11 8 6
12 1 12
12 5 17
12 6 16
12 10 10
13 0 5
13 1 5
13 4 12
13 10 16
13 11 6
13 12 8
14 0 15
14 2 16
14 3 5
14 4 20
14 5 2
14 6 9
14 7 3
14 10 18
14 13 2
15 2 19
15 3 17
15 11 8
15 12 1
16 0 11
16 4 1
16 6 10
16 9 5
16 11 15
16 12 6
16 15 11
17 1 11
17 2 8
17 6 1
17 14 21
17 15 4
18 2 9
18 5 17
18 7 3
18 8 10
18 10 7
18 11 18
18 12 18
18 14 12
18 15 12
18 16 20
18 17 21
19 0 2
19 1 4
19 2 8
19 4 3
19 6 18
19 8 1
19 10 16
19 11 15
19 12 1
19 15 2
19 16 21
19 17 5
20 0 15
20 2 19
20 3 16
20 5 16
20 7 12
20 12 3
20 13 7
20 14 5
20 16 18
20 19 17
21 1 12
21 3 21
21 5 2
21 8 13
21 9 21
21 11 18
21 12 9
21 16 21
21 17 3
21 18 3
22 0 9
22 3 15
22 4 10
22 5 10
22 6 10
22 8 12
22 11 13
22 12 6
22 14 2
22 15 9
22 17 6
23 0 6
23 1 16
23 3 18
23 4 21
23 5 9
23 6 11
23 10 11
23 11 3
23 12 8
23 13 4
23 14 8
23 15 13
23 19 19
23 21 5
23 22 13
24 0 14
24 2 11
24 3 10
24 5 6
24 6 18
24 7 16
24 8 11
24 10 11
24 15 20
24 17 1
24 18 11
24 20 6
25 1 5
25 3 6
25 4 3
25 6 18
25 7 1
25 10 6
25 13 5
25 18 16
25 19 17
25 21 12
25 22 11
25 23 20
26 3 18
26 4 12
26 9 4
26 13 21
26 14 4
26 15 4
26 16 1
26 17 15
26 18 18
26 23 20
26 24 4
27 0 13
27 1 20
27 3 8
27 7 14
27 11 14
27 12 17
27 13 1
27 17 9
27 18 20
27 19 7
27 22 1
27 25 15
28 2 21
28 3 18
28 5 19
28 7 21
28 8 3
28 9 1
28 10 12
28 11 17
28 12 21
28 15 10
28 16 2
28 19 6
28 20 14
28 22 10
28 23 15
28 25 19
28 27 1
29 2 15
29 7 16
29 8 18
29 9 4
29 10 14
29 11 19
29 12 6
29 14 15
29 15 5
29 17 3
29 21 7
29 22 20
29 23 3
29 24 10
29 26 15
29 27 16
30 2 12
30 3 7
30 4 3
30 6 4
30 7 19
30 9 15
30 10 5
30 12 8
30 14 14
30 15 10
30 16 16
30 20 17
30 21 4
30 23 20
30 24 16
30 25 10
30 29 20
