18
1 0 36
2 0 9
2 1 28
3 0 1
3 1 44
3 2 7
4 0 40
4 1 34
4 2 39
4 3 36
5 0 17
5 1 55
5 2 58
5 3 2
5 4 27
6 0 30
6 1 18
6 2 56
6 3 21
6 4 4
6 5 5
7 0 31
7 1 44
7 2 50
7 3 8
7 4 43
7 5 11
7 6 15
8 0 50
8 1 53
8 2 28
8 3 40
8 4 39
8 5 29
8 6 46
8 7 4
9 0 32
9 1 51
9 2 28
9 3 26
9 4 37
9 5 5
9 6 35
9 7 53
9 8 6
10 0 15
10 1 39
10 2 52
10 3 54
10 4 26
10 5 16
10 6 18
10 7 19
10 8 18
10 9 24
11 0 20
11 1 37
11 2 14
11 3 31
11 4 39
11 5 24
11 6 24
11 7 9
11 8 34
11 9 37
11 10 50
12 0 1
12 1 6
12 2 22
12 3 10
12 4 20
12 5 13
12 6 25
12 7 35
12 8 55
12 9 46
12 10 42
12 11 53
13 0 29
13 1 44
13 2 27
13 3 56
13 4 8
13 5 30
13 6 11
13 7 45
13 8 34
13 9 1
13 10 37
13 11 4
13 12 34
14 0 31
14 1 35
14 2 53
14 3 31
14 4 18
14 5 23
14 6 26
14 7 21
14 8 38
14 9 45
14 10 30
14 11 11
14 12 56
14 13 57
15 0 45
15 1 15
15 2 51
15 3 43
15 4 48
15 5 14
15 6 34
15 7 10
15 8 55
15 9 40
15 10 55
15 11 46
15 12 2
15 13 37
15 14 42
16 0 19
16 1 16
16 2 14
16 3 34
16 4 53
16 5 11
16 6 3
16 7 12
16 8 49
16 9 46
16 10 32
16 11 44
16 12 4
16 13 49
16 14 41
16 15 51
17 0 53
17 1 49
17 2 51
17 3 25
17 4 53
17 5 53
17 6 19
17 7 6
17 8 41
17 9 51
17 10 58
17 11 23
17 12 15
17 13 7
17 14 31
17 15 32
17 16 52
