26
1 0 34
2 1 55
3 2 41
4 2 20
4 3 22
5 1 18
5 2 48
5 3 18
5 4 67
6 0 61
6 1 53
6 5 46
7 1 39
7 2 10
8 0 70
8 6 30
8 7 38
9 0 69
9 2 60
9 3 44
9 5 12
9 7 17
9 8 19
10 0 24
10 8 70
11 0 54
11 2 58
11 4 44
11 5 22
11 6 52
11 9 53
11 10 20
12 0 20
12 1 68
12 2 7
12 3 13
12 7 32
12 8 4
12 9 24
12 11 13
13 1 24
13 3 23
13 6 24
13 9 67
14 2 35
14 6 6
14 7 31
14 8 39
15 0 23
15 1 48
15 2 9
15 3 17
15 5 53
15 8 28
15 9 42
15 10 24
15 11 35
15 12 33
15 14 16
16 5 39
16 6 62
16 8 42
16 9 53
16 10 7
16 11 58
16 12 49
16 13 35
16 14 57
17 4 25
17 7 32
17 8 3
17 10 57
17 11 51
17 12 53
17 14 3
17 15 11
18 0 69
18 2 53
18 4 29
18 6 59
18 11 20
18 12 61
18 13 8
19 0 32
19 1 47
19 5 47
19 6 19
19 10 41
19 12 14
19 13 25
19 18 21
20 0 58
20 1 60
20 2 24
20 4 3
20 5 28
20 6 3
20 7 67
20 8 37
20 9 17
20 12 1
20 14 6
20 16 52
20 17 59
20 19 13
21 0 57
21 1 20
21 4 2
21 5 1
21 6 29
21 9 1
21 14 44
21 16 62
21 17 47
21 18 67
21 20 67
22 0 5
22 1 21
22 4 38
22 5 56
22 6 26
22 7 50
22 11 49
22 13 46
22 15 5
22 16 54
22 17 57
22 18 66
22 19 13
22 21 52
23 0 24
23 1 13
23 2 1
23 5 5
23 6 12
23 8 47
23 9 68
23 10 50
23 11 45
23 12 40
23 13 12
23 17 57
23 18 5
23 21 45
23 22 4
24 1 63
24 2 69
24 3 35
24 6 70
24 8 65
24 11 27
24 13 63
24 15 68
24 18 5
24 20 9
24 21 5
24 22 15
25 1 64
25 4 40
25 5 45
25 6 30
25 9 36
25 14 62
25 17 64
25 19 68
25 22 39
25 24 51
