34
1 0 2
2 1 12
3 0 9
3 1 10
4 0 13
4 1 12
4 2 13
4 3 10
5 0 13
5 2 6
6 1 9
6 2 1
6 3 9
7 1 5
7 3 8
7 4 4
7 5 5
7 6 5
8 0 3
8 3 1
8 4 10
8 5 9
8 6 1
8 7 7
9 0 4
9 1 7
9 3 4
9 8 10
10 1 10
10 4 12
10 7 8
11 1 7
11 3 12
11 4 13
11 5 10
11 6 11
11 7 1
11 8 5
11 10 10
12 1 5
12 2 8
12 3 9
12 6 5
12 9 11
12 10 10
13 2 10
13 5 11
13 6 12
13 8 10
13 11 8
14 1 4
14 2 1
14 3 5
14 8 12
14 11 9
14 13 1
15 1 1
15 3 12
15 8 1
15 11 8
15 12 13
15 13 13
15 14 6
16 0 2
16 1 7
16 2 7
16 6 10
16 7 13
16 10 4
16 11 1
16 12 7
16 13 4
16 14 5
17 3 3
17 8 2
17 9 11
17 12 5
17 14 1
18 0 10
18 2 3
18 6 7
18 9 13
18 11 5
18 13 5
18 14 7
19 4 4
19 5 2
19 10 3
19 11 10
19 13 2
20 1 9
20 4 13
20 5 3
20 6 2
20 8 12
20 14 11
20 17 5
21 0 13
21 3 8
21 6 5
21 7 2
21 10 4
21 12 10
21 13 11
21 16 5
21 17 3
21 18 2
21 20 6
22 5 12
22 8 3
22 10 12
22 11 12
22 12 2
22 14 9
22 16 8
22 17 2
22 18 4
22 19 5
23 5 9
23 7 3
23 8 12
23 9 12
23 12 9
23 13 7
23 18 13
23 19 8
23 20 10
24 0 2
24 1 6
24 2 6
24 6 1
24 7 8
24 8 4
24 10 2
24 12 12
24 13 8
24 17 11
24 23 5
25 1 6
25 4 9
25 5 4
25 7 9
25 8 12
25 12 5
25 13 12
25 14 9
25 15 11
25 18 2
25 19 10
25 21 9
25 22 7
25 23 13
26 4 8
26 5 2
26 6 4
26 7 13
26 13 6
26 14 11
26 15 11
26 17 11
26 19 1
26 23 3
27 2 11
27 7 9
27 8 10
27 9 6
27 10 5
27 11 8
27 12 13
27 13 6
27 20 5
27 22 11
27 24 7
27 26 6
28 0 6
28 1 4
28 2 12
28 3 13
28 6 1
28 7 6
28 8 13
28 9 12
28 10 4
28 11 4
28 12 8
28 14 2
28 15 2
28 17 7
28 18 13
28 19 8
28 20 3
28 21 6
28 22 7
28 26 3
28 27 9
29 4 3
29 5 4
29 6 1
29 7 6
29 14 9
29 20 8
29 21 8
29 22 9
29 23 9
29 24 9
30 0 2
30 2 10
30 4 5
30 5 1
30 6 6
30 8 9
30 11 9
30 13 13
30 14 4
30 17 8
30 20 11
30 21 11
30 24 10
30 25 1
30 26 5
31 0 9
31 1 3
31 4 3
31 7 3
31 8 12
31 9 10
31 13 8
31 16 8
31 19 6
31 24 7
31 25 10
31 26 1
31 27 9
32 0 3
32 1 2
32 2 10
32 3 3
32 4 13
32 5 1
32 7 2
32 10 6
32 12 8
32 14 1
32 15 2
32 17 7
32 19 12
32 20 8
32 21 4
32 24 8
32 28 13
32 29 11
32 30 13
33 2 6
33 4 2
33 5 11
33 6 1
33 7 6
33 8 2
33 10 9
33 13 11
33 14 12
33 16 5
33 22 13
33 26 7
33 27 4
33 30 1
33 31 4
33 32 5
