69
1 0 28
2 0 54
2 1 33
3 0 17
3 1 9
3 2 3
4 0 42
4 1 55
4 2 6
4 3 10
5 0 56
5 1 49
5 2 33
5 3 27
5 4 31
6 0 39
6 1 49
6 2 36
6 3 12
6 4 9
6 5 6
7 0 14
7 1 3
7 2 46
7 3 48
7 4 7
7 5 7
7 6 51
8 0 39
8 1 15
8 2 40
8 3 18
8 4 45
8 5 34
8 6 57
8 7 38
9 0 53
9 1 17
9 2 3
9 3 45
9 4 39
9 5 1
9 6 31
9 7 18
9 8 42
10 0 36
10 1 40
10 2 22
10 3 16
10 4 35
10 5 22
10 6 10
10 7 19
10 8 22
10 9 8
11 0 6
11 1 9
11 2 47
11 3 47
11 4 50
11 5 5
11 6 55
11 7 56
11 8 38
11 9 47
11 10 41
12 0 13
12 1 3
12 2 29
12 3 55
12 4 6
12 5 38
12 6 22
12 7 14
12 8 26
12 9 29
12 10 2
12 11 14
13 0 6
13 1 23
13 2 5
13 3 35
13 4 9
13 5 18
13 6 10
13 7 33
13 8 44
13 9 55
13 10 29
13 11 47
13 12 50
14 0 28
14 1 17
14 2 20
14 3 52
14 4 51
14 5 45
14 6 14
14 7 10
14 8 23
14 9 47
14 10 46
14 11 55
14 12 12
14 13 11
15 0 10
15 1 35
15 2 52
15 3 1
15 4 32
15 5 11
15 6 3
15 7 55
15 8 42
15 9 28
15 10 12
15 11 13
15 12 23
15 13 33
15 14 34
16 0 25
16 1 28
16 2 45
16 3 18
16 4 45
16 5 27
16 6 18
16 7 31
16 8 20
16 9 30
16 10 35
16 11 22
16 12 11
16 13 46
16 14 2
16 15 57
17 0 36
17 1 16
17 2 50
17 3 33
17 4 5
17 5 3
17 6 24
17 7 53
17 8 6
17 9 43
17 10 37
17 11 49
17 12 29
17 13 45
17 14 51
17 15 47
17 16 50
18 0 26
18 1 32
18 2 10
18 3 49
18 4 51
18 5 30
18 6 10
18 7 38
18 8 49
18 9 55
18 10 40
18 11 13
18 12 27
18 13 48
18 14 2
18 15 33
18 16 29
18 17 5
19 0 27
19 1 23
19 2 52
19 3 10
19 4 22
19 5 2
19 6 31
19 7 56
19 8 3
19 9 10
19 10 27
19 11 42
19 12 35
19 13 9
19 14 4
19 15 33
19 16 30
19 17 28
19 18 2
20 0 11
20 1 44
20 2 9
20 3 47
20 4 16
20 5 32
20 6 40
20 7 20
20 8 5
20 9 4
20 10 14
20 11 39
20 12 50
20 13 51
20 14 44
20 15 22
20 16 38
20 17 52
20 18 34
20 19 29
21 0 54
21 1 44
21 2 36
21 3 19
21 4 37
21 5 21
21 6 49
21 7 45
21 8 27
21 9 49
21 10 20
21 11 33
21 12 15
21 13 11
21 14 30
21 15 42
21 16 8
21 17 4
21 18 31
21 19 17
21 20 22
22 0 2
22 1 3
22 2 57
22 3 39
22 4 50
22 5 37
22 6 13
22 7 45
22 8 31
22 9 47
22 10 54
22 11 54
22 12 34
22 13 16
22 14 51
22 15 34
22 16 26
22 17 40
22 18 34
22 19 7
22 20 8
22 21 33
23 0 52
23 1 51
23 2 28
23 3 34
23 4 56
23 5 29
23 6 37
23 7 37
23 8 2
23 9 18
23 10 29
23 11 31
23 12 18
23 13 29
23 14 36
23 15 50
23 16 5
23 17 7
23 18 16
23 19 46
23 20 27
23 21 16
23 22 6
24 0 27
24 1 35
24 2 56
24 3 27
24 4 29
24 5 21
24 6 28
24 7 9
24 8 44
24 9 31
24 10 15
24 11 25
24 12 14
24 13 29
24 14 40
24 15 22
24 16 47
24 17 26
24 18 16
24 19 3
24 20 16
24 21 37
24 22 54
24 23 51
25 0 45
25 1 52
25 2 44
25 3 26
25 4 39
25 5 27
25 6 56
25 7 17
25 8 28
25 9 24
25 10 22
25 11 45
25 12 5
25 13 19
25 14 28
25 15 55
25 16 51
25 17 27
25 18 34
25 19 46
25 20 19
25 21 12
25 22 13
25 23 29
25 24 42
26 0 2
26 1 20
26 2 36
26 3 44
26 4 31
26 5 4
26 6 23
26 7 53
26 8 18
26 9 14
26 10 10
26 11 28
26 12 23
26 13 45
26 14 54
26 15 18
26 16 57
26 17 37
26 18 47
26 19 6
26 20 25
26 21 2
26 22 18
26 23 7
26 24 34
26 25 1
27 0 50
27 1 31
27 2 14
27 3 46
27 4 42
27 5 41
27 6 17
27 7 14
27 8 2
27 9 20
27 10 27
27 11 16
27 12 14
27 13 5
27 14 6
27 15 28
27 16 41
27 17 4
27 18 17
27 19 4
27 20 6
27 21 37
27 22 16
27 23 36
27 24 34
27 25 3
27 26 47
28 0 45
28 1 55
28 2 46
28 3 7
28 4 23
28 5 46
28 6 20
28 7 35
28 8 8
28 9 44
28 10 45
28 11 10
28 12 15
28 13 16
28 14 6
28 15 14
28 16 15
28 17 15
28 18 9
28 19 30
28 20 36
28 21 53
28 22 56
28 23 8
28 24 36
28 25 24
28 26 44
28 27 45
29 0 12
29 1 57
29 2 5
29 3 5
29 4 9
29 5 13
29 6 21
29 7 2
29 8 24
29 9 56
29 10 51
29 11 21
29 12 50
29 13 32
29 14 26
29 15 24
29 16 4
29 17 1
29 18 44
29 19 26
29 20 49
29 21 30
29 22 2
29 23 47
29 24 1
29 25 39
29 26 25
29 27 13
29 28 41
30 0 32
30 1 25
30 2 5
30 3 6
30 4 15
30 5 56
30 6 49
30 7 11
30 8 14
30 9 9
30 10 21
30 11 18
30 12 31
30 13 52
30 14 10
30 15 33
30 16 50
30 17 42
30 18 57
30 19 40
30 20 53
30 21 37
30 22 47
30 23 3
30 24 37
30 25 32
30 26 30
30 27 1
30 28 10
30 29 10
31 0 37
31 1 49
31 2 38
31 3 48
31 4 12
31 5 52
31 6 21
31 7 3
31 8 4
31 9 27
31 10 27
31 11 26
31 12 44
31 13 47
31 14 38
31 15 35
31 16 38
31 17 29
31 18 32
31 19 54
31 20 32
31 21 27
31 22 9
31 23 28
31 24 37
31 25 43
31 26 15
31 27 22
31 28 51
31 29 57
31 30 24
32 0 19
32 1 38
32 2 48
32 3 39
32 4 25
32 5 55
32 6 50
32 7 26
32 8 56
32 9 27
32 10 1
32 11 4
32 12 16
32 13 44
32 14 9
32 15 3
32 16 34
32 17 45
32 18 37
32 19 2
32 20 39
32 21 43
32 22 47
32 23 37
32 24 24
32 25 9
32 26 46
32 27 22
32 28 51
32 29 22
32 30 15
32 31 38
33 0 27
33 1 5
33 2 30
33 3 50
33 4 53
33 5 25
33 6 49
33 7 11
33 8 46
33 9 54
33 10 10
33 11 17
33 12 21
33 13 15
33 14 50
33 15 18
33 16 45
33 17 18
33 18 29
33 19 39
33 20 38
33 21 39
33 22 15
33 23 39
33 24 49
33 25 2
33 26 48
33 27 50
33 28 7
33 29 55
33 30 46
33 31 42
33 32 19
34 0 40
34 1 48
34 2 5
34 3 4
34 4 23
34 5 14
34 6 14
34 7 44
34 8 56
34 9 35
34 10 51
34 11 57
34 12 53
34 13 43
34 14 20
34 15 16
34 16 10
34 17 8
34 18 13
34 19 43
34 20 18
34 21 17
34 22 7
34 23 21
34 24 37
34 25 10
34 26 43
34 27 36
34 28 32
34 29 23
34 30 27
34 31 50
34 32 39
34 33 37
35 0 16
35 1 41
35 2 36
35 3 49
35 4 33
35 5 17
35 6 2
35 7 4
35 8 33
35 9 1
35 10 31
35 11 40
35 12 46
35 13 19
35 14 51
35 15 52
35 16 12
35 17 41
35 18 52
35 19 15
35 20 54
35 21 38
35 22 37
35 23 46
35 24 40
35 25 25
35 26 27
35 27 22
35 28 9
35 29 4
35 30 57
35 31 34
35 32 49
35 33 35
35 34 22
36 0 47
36 1 1
36 2 46
36 3 54
36 4 24
36 5 19
36 6 35
36 7 31
36 8 42
36 9 24
36 10 9
36 11 55
36 12 31
36 13 16
36 14 14
36 15 19
36 16 18
36 17 34
36 18 23
36 19 11
36 20 10
36 21 24
36 22 55
36 23 43
36 24 36
36 25 48
36 26 52
36 27 47
36 28 8
36 29 8
36 30 19
36 31 47
36 32 30
36 33 27
36 34 40
36 35 21
37 0 29
37 1 51
37 2 19
37 3 13
37 4 45
37 5 27
37 6 54
37 7 19
37 8 53
37 9 40
37 10 46
37 11 34
37 12 16
37 13 23
37 14 8
37 15 29
37 16 12
37 17 1
37 18 47
37 19 39
37 20 22
37 21 51
37 22 14
37 23 51
37 24 22
37 25 39
37 26 13
37 27 19
37 28 27
37 29 29
37 30 11
37 31 9
37 32 57
37 33 7
37 34 53
37 35 21
37 36 39
38 0 11
38 1 39
38 2 39
38 3 4
38 4 41
38 5 32
38 6 6
38 7 33
38 8 54
38 9 17
38 10 11
38 11 8
38 12 27
38 13 49
38 14 4
38 15 14
38 16 14
38 17 39
38 18 57
38 19 55
38 20 44
38 21 13
38 22 2
38 23 14
38 24 38
38 25 17
38 26 44
38 27 24
38 28 25
38 29 14
38 30 26
38 31 1
38 32 8
38 33 7
38 34 54
38 35 57
38 36 56
38 37 16
39 0 14
39 1 10
39 2 32
39 3 54
39 4 38
39 5 25
39 6 56
39 7 55
39 8 40
39 9 2
39 10 53
39 11 32
39 12 18
39 13 57
39 14 42
39 15 52
39 16 6
39 17 19
39 18 48
39 19 39
39 20 40
39 21 54
39 22 12
39 23 13
39 24 13
39 25 4
39 26 35
39 27 37
39 28 39
39 29 37
39 30 53
39 31 13
39 32 36
39 33 20
39 34 36
39 35 45
39 36 32
39 37 41
39 38 23
40 0 1
40 1 47
40 2 41
40 3 22
40 4 46
40 5 48
40 6 55
40 7 27
40 8 13
40 9 13
40 10 8
40 11 45
40 12 35
40 13 47
40 14 21
40 15 7
40 16 38
40 17 56
40 18 39
40 19 5
40 20 11
40 21 26
40 22 44
40 23 11
40 24 5
40 25 34
40 26 46
40 27 4
40 28 7
40 29 9
40 30 38
40 31 37
40 32 45
40 33 25
40 34 15
40 35 54
40 36 48
40 37 48
40 38 37
40 39 43
41 0 32
41 1 56
41 2 46
41 3 25
41 4 44
41 5 50
41 6 55
41 7 37
41 8 16
41 9 2
41 10 12
41 11 33
41 12 8
41 13 14
41 14 51
41 15 2
41 16 49
41 17 34
41 18 21
41 19 40
41 20 32
41 21 41
41 22 53
41 23 6
41 24 48
41 25 43
41 26 37
41 27 11
41 28 28
41 29 9
41 30 56
41 31 37
41 32 30
41 33 16
41 34 8
41 35 20
41 36 17
41 37 47
41 38 26
41 39 26
41 40 28
42 0 6
42 1 24
42 2 5
42 3 15
42 4 53
42 5 6
42 6 42
42 7 44
42 8 32
42 9 4
42 10 39
42 11 10
42 12 57
42 13 56
42 14 1
42 15 27
42 16 35
42 17 37
42 18 21
42 19 53
42 20 40
42 21 1
42 22 56
42 23 52
42 24 41
42 25 32
42 26 6
42 27 33
42 28 15
42 29 48
42 30 41
42 31 22
42 32 42
42 33 22
42 34 55
42 35 32
42 36 30
42 37 7
42 38 56
42 39 11
42 40 21
42 41 52
43 0 48
43 1 11
43 2 33
43 3 5
43 4 53
43 5 31
43 6 49
43 7 46
43 8 46
43 9 28
43 10 46
43 11 46
43 12 40
43 13 37
43 14 3
43 15 54
43 16 40
43 17 13
43 18 49
43 19 22
43 20 37
43 21 34
43 22 39
43 23 20
43 24 21
43 25 13
43 26 47
43 27 3
43 28 18
43 29 29
43 30 13
43 31 51
43 32 12
43 33 2
43 34 15
43 35 12
43 36 57
43 37 25
43 38 43
43 39 20
43 40 19
43 41 39
43 42 40
44 0 15
44 1 15
44 2 34
44 3 29
44 4 32
44 5 55
44 6 53
44 7 40
44 8 25
44 9 46
44 10 15
44 11 20
44 12 42
44 13 35
44 14 32
44 15 31
44 16 22
44 17 28
44 18 5
44 19 3
44 20 45
44 21 17
44 22 11
44 23 32
44 24 50
44 25 32
44 26 57
44 27 25
44 28 5
44 29 35
44 30 3
44 31 47
44 32 10
44 33 4
44 34 31
44 35 17
44 36 57
44 37 57
44 38 23
44 39 44
44 40 24
44 41 32
44 42 50
44 43 9
45 0 53
45 1 36
45 2 46
45 3 56
45 4 50
45 5 52
45 6 6
45 7 51
45 8 10
45 9 34
45 10 4
45 11 57
45 12 6
45 13 22
45 14 20
45 15 14
45 16 14
45 17 38
45 18 5
45 19 19
45 20 56
45 21 50
45 22 4
45 23 54
45 24 1
45 25 30
45 26 17
45 27 15
45 28 39
45 29 28
45 30 11
45 31 56
45 32 16
45 33 20
45 34 9
45 35 12
45 36 24
45 37 2
45 38 30
45 39 22
45 40 16
45 41 52
45 42 56
45 43 35
45 44 17
46 0 9
46 1 50
46 2 9
46 3 30
46 4 11
46 5 4
46 6 22
46 7 46
46 8 12
46 9 27
46 10 42
46 11 30
46 12 18
46 13 3
46 14 7
46 15 25
46 16 42
46 17 10
46 18 30
46 19 57
46 20 5
46 21 30
46 22 36
46 23 3
46 24 45
46 25 55
46 26 4
46 27 51
46 28 49
46 29 2
46 30 15
46 31 11
46 32 51
46 33 5
46 34 14
46 35 47
46 36 57
46 37 6
46 38 38
46 39 14
46 40 42
46 41 38
46 42 7
46 43 24
46 44 35
46 45 49
47 0 18
47 1 37
47 2 27
47 3 50
47 4 45
47 5 56
47 6 56
47 7 36
47 8 17
47 9 40
47 10 53
47 11 33
47 12 48
47 13 15
47 14 10
47 15 55
47 16 8
47 17 39
47 18 17
47 19 31
47 20 56
47 21 18
47 22 22
47 23 52
47 24 43
47 25 20
47 26 39
47 27 5
47 28 3
47 29 30
47 30 30
47 31 31
47 32 16
47 33 51
47 34 19
47 35 21
47 36 21
47 37 48
47 38 22
47 39 40
47 40 21
47 41 15
47 42 30
47 43 4
47 44 23
47 45 1
47 46 9
48 0 9
48 1 6
48 2 47
48 3 10
48 4 45
48 5 42
48 6 13
48 7 35
48 8 46
48 9 26
48 10 31
48 11 14
48 12 33
48 13 30
48 14 29
48 15 24
48 16 27
48 17 23
48 18 23
48 19 39
48 20 32
48 21 57
48 22 38
48 23 15
48 24 32
48 25 27
48 26 22
48 27 14
48 28 27
48 29 33
48 30 4
48 31 6
48 32 24
48 33 7
48 34 39
48 35 51
48 36 9
48 37 10
48 38 46
48 39 13
48 40 31
48 41 20
48 42 26
48 43 1
48 44 22
48 45 49
48 46 44
48 47 20
49 0 25
49 1 19
49 2 46
49 3 11
49 4 16
49 5 47
49 6 5
49 7 36
49 8 25
49 9 10
49 10 24
49 11 53
49 12 5
49 13 45
49 14 31
49 15 40
49 16 2
49 17 35
49 18 14
49 19 43
49 20 46
49 21 32
49 22 14
49 23 31
49 24 16
49 25 3
49 26 50
49 27 20
49 28 52
49 29 8
49 30 20
49 31 27
49 32 36
49 33 24
49 34 10
49 35 8
49 36 55
49 37 52
49 38 4
49 39 53
49 40 50
49 41 17
49 42 19
49 43 48
49 44 27
49 45 25
49 46 34
49 47 22
49 48 32
50 0 55
50 1 18
50 2 20
50 3 32
50 4 19
50 5 28
50 6 56
50 7 26
50 8 42
50 9 38
50 10 45
50 11 43
50 12 39
50 13 46
50 14 23
50 15 27
50 16 8
50 17 46
50 18 48
50 19 42
50 20 34
50 21 47
50 22 26
50 23 38
50 24 23
50 25 35
50 26 9
50 27 15
50 28 17
50 29 26
50 30 47
50 31 44
50 32 48
50 33 26
50 34 4
50 35 45
50 36 19
50 37 16
50 38 30
50 39 40
50 40 25
50 41 38
50 42 29
50 43 32
50 44 20
50 45 12
50 46 38
50 47 31
50 48 26
50 49 13
51 0 5
51 1 15
51 2 51
51 3 44
51 4 41
51 5 43
51 6 10
51 7 8
51 8 20
51 9 3
51 10 54
51 11 13
51 12 14
51 13 32
51 14 36
51 15 51
51 16 25
51 17 21
51 18 21
51 19 55
51 20 8
51 21 41
51 22 32
51 23 31
51 24 37
51 25 53
51 26 1
51 27 53
51 28 5
51 29 31
51 30 16
51 31 3
51 32 26
51 33 34
51 34 54
51 35 26
51 36 53
51 37 6
51 38 46
51 39 8
51 40 35
51 41 24
51 42 10
51 43 47
51 44 54
51 45 47
51 46 49
51 47 21
51 48 30
51 49 32
51 50 28
52 0 24
52 1 4
52 2 14
52 3 13
52 4 46
52 5 43
52 6 19
52 7 55
52 8 38
52 9 13
52 10 6
52 11 49
52 12 53
52 13 49
52 14 10
52 15 21
52 16 20
52 17 18
52 18 39
52 19 24
52 20 4
52 21 12
52 22 42
52 23 20
52 24 51
52 25 32
52 26 26
52 27 33
52 28 5
52 29 21
52 30 53
52 31 29
52 32 1
52 33 23
52 34 52
52 35 38
52 36 33
52 37 13
52 38 1
52 39 17
52 40 14
52 41 40
52 42 43
52 43 9
52 44 21
52 45 48
52 46 37
52 47 41
52 48 48
52 49 34
52 50 16
52 51 28
53 0 30
53 1 56
53 2 5
53 3 49
53 4 39
53 5 34
53 6 7
53 7 44
53 8 37
53 9 21
53 10 13
53 11 18
53 12 23
53 13 21
53 14 10
53 15 38
53 16 36
53 17 37
53 18 51
53 19 17
53 20 33
53 21 42
53 22 47
53 23 15
53 24 41
53 25 1
53 26 49
53 27 49
53 28 10
53 29 21
53 30 27
53 31 13
53 32 8
53 33 37
53 34 10
53 35 31
53 36 1
53 37 44
53 38 16
53 39 44
53 40 52
53 41 41
53 42 19
53 43 18
53 44 32
53 45 42
53 46 11
53 47 55
53 48 12
53 49 14
53 50 27
53 51 52
53 52 33
54 0 22
54 1 20
54 2 48
54 3 4
54 4 28
54 5 39
54 6 20
54 7 13
54 8 29
54 9 29
54 10 56
54 11 29
54 12 16
54 13 17
54 14 1
54 15 7
54 16 23
54 17 57
54 18 38
54 19 50
54 20 45
54 21 6
54 22 49
54 23 34
54 24 19
54 25 46
54 26 36
54 27 56
54 28 16
54 29 43
54 30 4
54 31 2
54 32 7
54 33 55
54 34 30
54 35 8
54 36 14
54 37 57
54 38 51
54 39 33
54 40 31
54 41 12
54 42 37
54 43 3
54 44 39
54 45 9
54 46 10
54 47 33
54 48 51
54 49 54
54 50 38
54 51 38
54 52 31
54 53 22
55 0 37
55 1 39
55 2 17
55 3 17
55 4 30
55 5 50
55 6 25
55 7 8
55 8 9
55 9 32
55 10 6
55 11 46
55 12 14
55 13 8
55 14 32
55 15 29
55 16 44
55 17 14
55 18 7
55 19 53
55 20 7
55 21 56
55 22 44
55 23 46
55 24 28
55 25 13
55 26 5
55 27 12
55 28 34
55 29 22
55 30 51
55 31 44
55 32 3
55 33 56
55 34 35
55 35 28
55 36 36
55 37 5
55 38 15
55 39 17
55 40 24
55 41 25
55 42 38
55 43 24
55 44 43
55 45 45
55 46 24
55 47 43
55 48 8
55 49 43
55 50 24
55 51 19
55 52 36
55 53 11
55 54 4
56 0 31
56 1 30
56 2 3
56 3 36
56 4 18
56 5 13
56 6 2
56 7 13
56 8 37
56 9 38
56 10 32
56 11 26
56 12 27
56 13 31
56 14 52
56 15 31
56 16 11
56 17 18
56 18 33
56 19 38
56 20 40
56 21 55
56 22 6
56 23 50
56 24 52
56 25 32
56 26 52
56 27 26
56 28 26
56 29 11
56 30 7
56 31 57
56 32 50
56 33 15
56 34 6
56 35 26
56 36 55
56 37 40
56 38 24
56 39 40
56 40 2
56 41 34
56 42 14
56 43 34
56 44 36
56 45 45
56 46 40
56 47 43
56 48 46
56 49 55
56 50 24
56 51 56
56 52 44
56 53 21
56 54 21
56 55 31
57 0 44
57 1 16
57 2 45
57 3 34
57 4 29
57 5 57
57 6 40
57 7 23
57 8 20
57 9 34
57 10 25
57 11 10
57 12 9
57 13 53
57 14 2
57 15 37
57 16 26
57 17 51
57 18 33
57 19 48
57 20 29
57 21 19
57 22 39
57 23 23
57 24 12
57 25 33
57 26 46
57 27 45
57 28 49
57 29 23
57 30 3
57 31 51
57 32 36
57 33 46
57 34 37
57 35 53
57 36 48
57 37 47
57 38 15
57 39 47
57 40 28
57 41 34
57 42 52
57 43 26
57 44 51
57 45 3
57 46 56
57 47 6
57 48 53
57 49 1
57 50 39
57 51 22
57 52 41
57 53 51
57 54 56
57 55 27
57 56 21
58 0 44
58 1 52
58 2 4
58 3 16
58 4 55
58 5 38
58 6 44
58 7 11
58 8 6
58 9 41
58 10 36
58 11 44
58 12 26
58 13 23
58 14 3
58 15 40
58 16 5
58 17 14
58 18 24
58 19 11
58 20 44
58 21 54
58 22 3
58 23 47
58 24 9
58 25 12
58 26 15
58 27 46
58 28 22
58 29 25
58 30 47
58 31 6
58 32 5
58 33 10
58 34 56
58 35 14
58 36 39
58 37 40
58 38 43
58 39 25
58 40 10
58 41 15
58 42 26
58 43 34
58 44 3
58 45 55
58 46 22
58 47 9
58 48 51
58 49 45
58 50 5
58 51 57
58 52 44
58 53 56
58 54 54
58 55 43
58 56 39
58 57 13
59 0 44
59 1 13
59 2 18
59 3 33
59 4 36
59 5 55
59 6 18
59 7 7
59 8 14
59 9 49
59 10 25
59 11 30
59 12 28
59 13 36
59 14 24
59 15 23
59 16 4
59 17 24
59 18 34
59 19 48
59 20 9
59 21 45
59 22 21
59 23 30
59 24 44
59 25 3
59 26 12
59 27 27
59 28 4
59 29 30
59 30 32
59 31 7
59 32 45
59 33 14
59 34 14
59 35 26
59 36 41
59 37 9
59 38 54
59 39 22
59 40 34
59 41 57
59 42 40
59 43 17
59 44 14
59 45 5
59 46 54
59 47 57
59 48 26
59 49 4
59 50 15
59 51 56
59 52 4
59 53 4
59 54 43
59 55 53
59 56 26
59 57 46
59 58 56
60 0 4
60 1 55
60 2 2
60 3 42
60 4 28
60 5 18
60 6 43
60 7 6
60 8 34
60 9 1
60 10 25
60 11 31
60 12 28
60 13 10
60 14 9
60 15 54
60 16 51
60 17 10
60 18 13
60 19 8
60 20 36
60 21 22
60 22 3
60 23 50
60 24 14
60 25 37
60 26 56
60 27 31
60 28 49
60 29 16
60 30 18
60 31 13
60 32 34
60 33 46
60 34 6
60 35 32
60 36 6
60 37 41
60 38 18
60 39 38
60 40 52
60 41 55
60 42 2
60 43 10
60 44 51
60 45 51
60 46 25
60 47 6
60 48 42
60 49 48
60 50 18
60 51 52
60 52 26
60 53 44
60 54 23
60 55 14
60 56 17
60 57 35
60 58 55
60 59 55
61 0 29
61 1 46
61 2 10
61 3 43
61 4 48
61 5 47
61 6 30
61 7 10
61 8 41
61 9 15
61 10 52
61 11 52
61 12 33
61 13 53
61 14 30
61 15 46
61 16 44
61 17 50
61 18 24
61 19 51
61 20 45
61 21 28
61 22 32
61 23 14
61 24 6
61 25 5
61 26 34
61 27 36
61 28 32
61 29 16
61 30 42
61 31 20
61 32 17
61 33 33
61 34 25
61 35 20
61 36 36
61 37 41
61 38 47
61 39 54
61 40 4
61 41 29
61 42 1
61 43 26
61 44 55
61 45 31
61 46 43
61 47 42
61 48 56
61 49 52
61 50 5
61 51 16
61 52 25
61 53 36
61 54 48
61 55 26
61 56 36
61 57 43
61 58 29
61 59 8
61 60 5
62 0 56
62 1 14
62 2 30
62 3 44
62 4 25
62 5 26
62 6 15
62 7 36
62 8 4
62 9 14
62 10 47
62 11 44
62 12 37
62 13 21
62 14 57
62 15 31
62 16 12
62 17 44
62 18 54
62 19 54
62 20 42
62 21 37
62 22 51
62 23 20
62 24 16
62 25 43
62 26 43
62 27 21
62 28 35
62 29 15
62 30 6
62 31 27
62 32 29
62 33 34
62 34 15
62 35 27
62 36 53
62 37 49
62 38 32
62 39 15
62 40 42
62 41 37
62 42 45
62 43 8
62 44 53
62 45 54
62 46 35
62 47 43
62 48 24
62 49 39
62 50 32
62 51 36
62 52 33
62 53 34
62 54 23
62 55 25
62 56 24
62 57 22
62 58 30
62 59 52
62 60 13
62 61 9
63 0 28
63 1 42
63 2 27
63 3 53
63 4 36
63 5 54
63 6 43
63 7 23
63 8 34
63 9 37
63 10 12
63 11 24
63 12 15
63 13 12
63 14 8
63 15 48
63 16 17
63 17 55
63 18 13
63 19 36
63 20 12
63 21 18
63 22 26
63 23 27
63 24 51
63 25 43
63 26 28
63 27 21
63 28 45
63 29 53
63 30 22
63 31 32
63 32 22
63 33 18
63 34 39
63 35 16
63 36 25
63 37 29
63 38 8
63 39 52
63 40 20
63 41 27
63 42 8
63 43 20
63 44 28
63 45 30
63 46 53
63 47 12
63 48 14
63 49 19
63 50 36
63 51 33
63 52 28
63 53 37
63 54 38
63 55 49
63 56 21
63 57 20
63 58 37
63 59 37
63 60 36
63 61 8
63 62 27
64 0 49
64 1 14
64 2 49
64 3 35
64 4 35
64 5 36
64 6 16
64 7 16
64 8 10
64 9 51
64 10 53
64 11 35
64 12 31
64 13 54
64 14 10
64 15 12
64 16 6
64 17 20
64 18 44
64 19 53
64 20 22
64 21 18
64 22 24
64 23 6
64 24 12
64 25 2
64 26 15
64 27 17
64 28 28
64 29 30
64 30 8
64 31 47
64 32 18
64 33 26
64 34 11
64 35 48
64 36 33
64 37 41
64 38 1
64 39 39
64 40 49
64 41 42
64 42 34
64 43 37
64 44 22
64 45 44
64 46 34
64 47 37
64 48 27
64 49 33
64 50 43
64 51 12
64 52 31
64 53 20
64 54 33
64 55 45
64 56 50
64 57 48
64 58 20
64 59 23
64 60 18
64 61 48
64 62 26
64 63 14
65 0 56
65 1 38
65 2 13
65 3 17
65 4 31
65 5 6
65 6 4
65 7 36
65 8 23
65 9 17
65 10 20
65 11 32
65 12 20
65 13 8
65 14 30
65 15 57
65 16 56
65 17 20
65 18 20
65 19 42
65 20 12
65 21 23
65 22 4
65 23 7
65 24 49
65 25 43
65 26 14
65 27 56
65 28 39
65 29 11
65 30 16
65 31 16
65 32 37
65 33 11
65 34 50
65 35 49
65 36 23
65 37 36
65 38 11
65 39 32
65 40 53
65 41 14
65 42 16
65 43 22
65 44 56
65 45 39
65 46 50
65 47 30
65 48 55
65 49 56
65 50 57
65 51 16
65 52 3
65 53 49
65 54 43
65 55 24
65 56 49
65 57 14
65 58 13
65 59 26
65 60 5
65 61 48
65 62 27
65 63 44
65 64 38
66 0 25
66 1 50
66 2 36
66 3 31
66 4 47
66 5 34
66 6 28
66 7 7
66 8 54
66 9 35
66 10 16
66 11 45
66 12 52
66 13 40
66 14 23
66 15 20
66 16 4
66 17 30
66 18 36
66 19 9
66 20 3
66 21 20
66 22 14
66 23 5
66 24 40
66 25 9
66 26 3
66 27 56
66 28 6
66 29 27
66 30 7
66 31 55
66 32 18
66 33 48
66 34 23
66 35 44
66 36 24
66 37 41
66 38 23
66 39 11
66 40 49
66 41 31
66 42 52
66 43 5
66 44 33
66 45 2
66 46 9
66 47 28
66 48 53
66 49 57
66 50 54
66 51 53
66 52 41
66 53 15
66 54 49
66 55 12
66 56 44
66 57 19
66 58 13
66 59 35
66 60 46
66 61 10
66 62 45
66 63 48
66 64 36
66 65 2
67 0 2
67 1 6
67 2 40
67 3 12
67 4 39
67 5 44
67 6 56
67 7 14
67 8 51
67 9 2
67 10 8
67 11 47
67 12 2
67 13 8
67 14 55
67 15 37
67 16 9
67 17 5
67 18 18
67 19 35
67 20 34
67 21 14
67 22 47
67 23 28
67 24 6
67 25 54
67 26 36
67 27 46
67 28 38
67 29 57
67 30 27
67 31 18
67 32 51
67 33 47
67 34 57
67 35 45
67 36 27
67 37 43
67 38 8
67 39 39
67 40 10
67 41 24
67 42 7
67 43 49
67 44 23
67 45 19
67 46 5
67 47 40
67 48 23
67 49 23
67 50 30
67 51 57
67 52 16
67 53 27
67 54 19
67 55 36
67 56 46
67 57 33
67 58 31
67 59 53
67 60 26
67 61 16
67 62 39
67 63 6
67 64 13
67 65 16
67 66 53
68 0 13
68 1 7
68 2 15
68 3 31
68 4 35
68 5 25
68 6 33
68 7 31
68 8 38
68 9 12
68 10 18
68 11 6
68 12 25
68 13 21
68 14 44
68 15 36
68 16 28
68 17 36
68 18 20
68 19 16
68 20 51
68 21 53
68 22 35
68 23 12
68 24 13
68 25 10
68 26 43
68 27 10
68 28 11
68 29 33
68 30 47
68 31 56
68 32 9
68 33 33
68 34 31
68 35 5
68 36 22
68 37 29
68 38 21
68 39 17
68 40 20
68 41 19
68 42 24
68 43 9
68 44 54
68 45 47
68 46 1
68 47 50
68 48 32
68 49 39
68 50 23
68 51 35
68 52 34
68 53 53
68 54 35
68 55 23
68 56 29
68 57 26
68 58 30
68 59 23
68 60 42
68 61 11
68 62 43
68 63 46
68 64 1
68 65 46
68 66 51
68 67 46
