67
1 0 2
2 0 7
2 1 5
3 0 12
3 1 11
3 2 6
4 0 1
4 1 5
4 2 14
4 3 9
5 0 3
5 1 12
5 2 1
5 3 13
5 4 9
6 0 10
6 1 8
6 2 9
6 3 5
6 4 1
6 5 8
7 0 10
7 1 3
7 2 7
7 3 5
7 4 10
7 5 14
7 6 11
8 0 8
8 1 12
8 2 8
8 3 2
8 4 13
8 5 9
8 6 7
8 7 2
9 0 11
9 1 11
9 2 14
9 3 7
9 4 11
9 5 8
9 6 6
9 7 3
9 8 7
10 0 13
10 1 5
10 2 3
10 3 2
10 4 9
10 5 6
10 6 4
10 7 5
10 8 8
10 9 9
11 0 12
11 1 7
11 2 10
11 3 3
11 4 1
11 5 6
11 6 2
11 7 11
11 8 4
11 9 6
11 10 7
12 0 8
12 1 3
12 2 13
12 3 2
12 4 9
12 5 12
12 6 9
12 7 2
12 8 4
12 9 12
12 10 2
12 11 6
13 0 6
13 1 1
13 2 10
13 3 1
13 4 2
13 5 14
13 6 9
13 7 11
13 8 3
13 9 2
13 10 14
13 11 14
13 12 2
14 0 7
14 1 5
14 2 4
14 3 9
14 4 5
14 5 2
14 6 4
14 7 2
14 8 2
14 9 1
14 10 12
14 11 7
14 12 3
14 13 7
15 0 4
15 1 9
15 2 7
15 3 12
15 4 6
15 5 8
15 6 11
15 7 12
15 8 13
15 9 14
15 10 6
15 11 1
15 12 6
15 13 11
15 14 1
16 0 7
16 1 7
16 2 5
16 3 11
16 4 9
16 5 11
16 6 11
16 7 4
16 8 6
16 9 2
16 10 3
16 11 8
16 12 8
16 13 8
16 14 6
16 15 9
17 0 8
17 1 7
17 2 13
17 3 2
17 4 9
17 5 9
17 6 13
17 7 12
17 8 9
17 9 10
17 10 8
17 11 14
17 12 13
17 13 5
17 14 13
17 15 14
17 16 5
18 0 9
18 1 8
18 2 1
18 3 2
18 4 3
18 5 6
18 6 14
18 7 9
18 8 4
18 9 3
18 10 10
18 11 1
18 12 2
18 13 13
18 14 10
18 15 13
18 16 5
18 17 12
19 0 10
19 1 5
19 2 6
19 3 1
19 4 12
19 5 5
19 6 12
19 7 2
19 8 4
19 9 6
19 10 10
19 11 9
19 12 1
19 13 4
19 14 7
19 15 1
19 16 7
19 17 3
19 18 11
20 0 3
20 1 13
20 2 11
20 3 9
20 4 13
20 5 11
20 6 7
20 7 10
20 8 14
20 9 2
20 10 11
20 11 11
20 12 9
20 13 4
20 14 2
20 15 8
20 16 4
20 17 14
20 18 5
20 19 14
21 0 13
21 1 1
21 2 6
21 3 1
21 4 3
21 5 8
21 6 7
21 7 5
21 8 3
21 9 10
21 10 9
21 11 7
21 12 1
21 13 3
21 14 6
21 15 1
21 16 4
21 17 11
21 18 12
21 19 7
21 20 13
22 0 1
22 1 2
22 2 10
22 3 4
22 4 9
22 5 9
22 6 5
22 7 11
22 8 9
22 9 4
22 10 10
22 11 9
22 12 10
22 13 3
22 14 3
22 15 5
22 16 8
22 17 9
22 18 14
22 19 11
22 20 2
22 21 6
23 0 13
23 1 6
23 2 6
23 3 12
23 4 14
23 5 7
23 6 4
23 7 2
23 8 6
23 9 2
23 10 5
23 11 11
23 12 4
23 13 8
23 14 7
23 15 7
23 16 5
23 17 5
23 18 5
23 19 9
23 20 7
23 21 11
23 22 14
24 0 11
24 1 3
24 2 12
24 3 14
24 4 5
24 5 5
24 6 2
24 7 6
24 8 13
24 9 6
24 10 9
24 11 8
24 12 9
24 13 7
24 14 9
24 15 7
24 16 4
24 17 10
24 18 6
24 19 5
24 20 2
24 21 5
24 22 7
24 23 13
25 0 13
25 1 7
25 2 10
25 3 13
25 4 12
25 5 7
25 6 2
25 7 13
25 8 6
25 9 2
25 10 11
25 11 6
25 12 7
25 13 7
25 14 3
25 15 12
25 16 7
25 17 5
25 18 3
25 19 12
25 20 12
25 21 14
25 22 13
25 23 3
25 24 4
26 0 13
26 1 6
26 2 12
26 3 3
26 4 12
26 5 11
26 6 1
26 7 10
26 8 7
26 9 8
26 10 2
26 11 4
26 12 10
26 13 3
26 14 10
26 15 10
26 16 2
26 17 1
26 18 2
26 19 2
26 20 7
26 21 3
26 22 10
26 23 9
26 24 10
26 25 11
27 0 12
27 1 9
27 2 7
27 3 2
27 4 5
27 5 7
27 6 11
27 7 11
27 8 10
27 9 8
27 10 2
27 11 3
27 12 14
27 13 2
27 14 9
27 15 10
27 16 6
27 17 11
27 18 7
27 19 3
27 20 9
27 21 5
27 22 2
27 23 8
27 24 11
27 25 14
27 26 8
28 0 10
28 1 11
28 2 8
28 3 10
28 4 9
28 5 2
28 6 6
28 7 2
28 8 1
28 9 5
28 10 4
28 11 3
28 12 3
28 13 7
28 14 2
28 15 9
28 16 13
28 17 10
28 18 12
28 19 9
28 20 10
28 21 5
28 22 1
28 23 1
28 24 6
28 25 14
28 26 5
28 27 14
29 0 14
29 1 9
29 2 11
29 3 7
29 4 6
29 5 9
29 6 8
29 7 10
29 8 1
29 9 7
29 10 12
29 11 7
29 12 2
29 13 11
29 14 6
29 15 13
29 16 14
29 17 5
29 18 3
29 19 13
29 20 4
29 21 1
29 22 12
29 23 8
29 24 13
29 25 2
29 26 3
29 27 9
29 28 4
30 0 14
30 1 7
30 2 14
30 3 12
30 4 14
30 5 1
30 6 1
30 7 2
30 8 2
30 9 9
30 10 14
30 11 1
30 12 4
30 13 4
30 14 12
30 15 4
30 16 4
30 17 2
30 18 11
30 19 2
30 20 12
30 21 1
30 22 4
30 23 7
30 24 7
30 25 3
30 26 10
30 27 5
30 28 8
30 29 11
31 0 3
31 1 2
31 2 8
31 3 11
31 4 8
31 5 3
31 6 12
31 7 12
31 8 7
31 9 9
31 10 12
31 11 3
31 12 1
31 13 14
31 14 1
31 15 1
31 16 1
31 17 12
31 18 8
31 19 1
31 20 4
31 21 3
31 22 4
31 23 4
31 24 4
31 25 13
31 26 4
31 27 3
31 28 8
31 29 7
31 30 13
32 0 9
32 1 7
32 2 9
32 3 7
32 4 11
32 5 1
32 6 9
32 7 12
32 8 13
32 9 12
32 10 9
32 11 4
32 12 7
32 13 1
32 14 1
32 15 12
32 16 6
32 17 4
32 18 10
32 19 3
32 20 3
32 21 11
32 22 6
32 23 13
32 24 8
32 25 11
32 26 10
32 27 11
32 28 2
32 29 10
32 30 6
32 31 2
33 0 1
33 1 10
33 2 8
33 3 1
33 4 13
33 5 11
33 6 3
33 7 1
33 8 6
33 9 6
33 10 10
33 11 7
33 12 2
33 13 1
33 14 10
33 15 9
33 16 4
33 17 1
33 18 13
33 19 9
33 20 8
33 21 2
33 22 3
33 23 9
33 24 4
33 25 12
33 26 10
33 27 5
33 28 1
33 29 10
33 30 8
33 31 3
33 32 3
34 0 13
34 1 4
34 2 3
34 3 3
34 4 13
34 5 6
34 6 3
34 7 12
34 8 1
34 9 2
34 10 6
34 11 14
34 12 9
34 13 10
34 14 7
34 15 14
34 16 4
34 17 11
34 18 14
34 19 6
34 20 12
34 21 5
34 22 3
34 23 11
34 24 9
34 25 6
34 26 3
34 27 2
34 28 1
34 29 8
34 30 10
34 31 7
34 32 4
34 33 1
35 0 2
35 1 4
35 2 3
35 3 13
35 4 2
35 5 2
35 6 12
35 7 9
35 8 5
35 9 7
35 10 3
35 11 2
35 12 8
35 13 9
35 14 11
35 15 9
35 16 1
35 17 13
35 18 11
35 19 14
35 20 9
35 21 2
35 22 3
35 23 2
35 24 1
35 25 1
35 26 13
35 27 5
35 28 1
35 29 4
35 30 8
35 31 4
35 32 8
35 33 2
35 34 6
36 0 7
36 1 3
36 2 3
36 3 1
36 4 11
36 5 2
36 6 13
36 7 7
36 8 3
36 9 11
36 10 8
36 11 9
36 12 13
36 13 4
36 14 4
36 15 5
36 16 3
36 17 10
36 18 1
36 19 9
36 20 5
36 21 9
36 22 1
36 23 4
36 24 12
36 25 1
36 26 11
36 27 9
36 28 5
36 29 4
36 30 3
36 31 6
36 32 2
36 33 10
36 34 4
36 35 1
37 0 4
37 1 12
37 2 11
37 3 11
37 4 2
37 5 11
37 6 7
37 7 9
37 8 13
37 9 5
37 10 4
37 11 12
37 12 3
37 13 5
37 14 12
37 15 10
37 16 3
37 17 13
37 18 2
37 19 9
37 20 1
37 21 2
37 22 13
37 23 8
37 24 7
37 25 7
37 26 3
37 27 13
37 28 11
37 29 4
37 30 6
37 31 4
37 32 5
37 33 13
37 34 9
37 35 7
37 36 1
38 0 14
38 1 6
38 2 11
38 3 11
38 4 5
38 5 10
38 6 3
38 7 1
38 8 14
38 9 3
38 10 1
38 11 13
38 12 7
38 13 8
38 14 2
38 15 13
38 16 14
38 17 6
38 18 5
38 19 10
38 20 1
38 21 14
38 22 10
38 23 3
38 24 3
38 25 10
38 26 12
38 27 7
38 28 11
38 29 13
38 30 5
38 31 3
38 32 5
38 33 6
38 34 6
38 35 4
38 36 11
38 37 11
39 0 13
39 1 11
39 2 13
39 3 3
39 4 11
39 5 1
39 6 4
39 7 2
39 8 3
39 9 1
39 10 10
39 11 7
39 12 5
39 13 9
39 14 4
39 15 6
39 16 1
39 17 13
39 18 1
39 19 14
39 20 3
39 21 2
39 22 3
39 23 12
39 24 3
39 25 4
39 26 5
39 27 10
39 28 14
39 29 14
39 30 3
39 31 4
39 32 12
39 33 14
39 34 14
39 35 3
39 36 9
39 37 3
39 38 6
40 0 11
40 1 10
40 2 14
40 3 7
40 4 14
40 5 5
40 6 9
40 7 13
40 8 6
40 9 4
40 10 4
40 11 12
40 12 12
40 13 13
40 14 2
40 15 9
40 16 4
40 17 14
40 18 11
40 19 12
40 20 4
40 21 3
40 22 14
40 23 3
40 24 7
40 25 8
40 26 2
40 27 8
40 28 11
40 29 8
40 30 1
40 31 3
40 32 8
40 33 8
40 34 10
40 35 11
40 36 13
40 37 4
40 38 5
40 39 11
41 0 12
41 1 12
41 2 3
41 3 8
41 4 6
41 5 9
41 6 13
41 7 10
41 8 11
41 9 6
41 10 12
41 11 1
41 12 1
41 13 6
41 14 8
41 15 7
41 16 14
41 17 8
41 18 1
41 19 4
41 20 7
41 21 4
41 22 3
41 23 3
41 24 11
41 25 1
41 26 13
41 27 11
41 28 12
41 29 5
41 30 14
41 31 2
41 32 3
41 33 3
41 34 14
41 35 7
41 36 9
41 37 4
41 38 14
41 39 7
41 40 6
42 0 4
42 1 1
42 2 4
42 3 13
42 4 4
42 5 9
42 6 7
42 7 8
42 8 10
42 9 2
42 10 5
42 11 14
42 12 4
42 13 13
42 14 10
42 15 6
42 16 6
42 17 7
42 18 12
42 19 6
42 20 12
42 21 14
42 22 3
42 23 13
42 24 9
42 25 8
42 26 13
42 27 8
42 28 7
42 29 11
42 30 1
42 31 11
42 32 12
42 33 5
42 34 2
42 35 2
42 36 12
42 37 5
42 38 8
42 39 5
42 40 12
42 41 1
43 0 13
43 1 11
43 2 9
43 3 6
43 4 2
43 5 11
43 6 11
43 7 13
43 8 14
43 9 8
43 10 3
43 11 1
43 12 3
43 13 12
43 14 4
43 15 13
43 16 13
43 17 10
43 18 14
43 19 1
43 20 13
43 21 8
43 22 4
43 23 1
43 24 14
43 25 10
43 26 3
43 27 11
43 28 10
43 29 4
43 30 2
43 31 14
43 32 7
43 33 2
43 34 1
43 35 6
43 36 8
43 37 7
43 38 3
43 39 11
43 40 2
43 41 13
43 42 6
44 0 13
44 1 2
44 2 6
44 3 1
44 4 9
44 5 8
44 6 14
44 7 13
44 8 7
44 9 2
44 10 13
44 11 1
44 12 8
44 13 6
44 14 14
44 15 13
44 16 5
44 17 8
44 18 6
44 19 2
44 20 14
44 21 6
44 22 2
44 23 8
44 24 4
44 25 12
44 26 3
44 27 7
44 28 13
44 29 9
44 30 6
44 31 11
44 32 6
44 33 3
44 34 7
44 35 5
44 36 1
44 37 8
44 38 5
44 39 7
44 40 1
44 41 1
44 42 1
44 43 6
45 0 7
45 1 8
45 2 13
45 3 1
45 4 4
45 5 2
45 6 10
45 7 11
45 8 5
45 9 2
45 10 5
45 11 10
45 12 10
45 13 5
45 14 1
45 15 1
45 16 2
45 17 7
45 18 8
45 19 10
45 20 5
45 21 12
45 22 4
45 23 3
45 24 11
45 25 3
45 26 10
45 27 2
45 28 4
45 29 10
45 30 5
45 31 10
45 32 7
45 33 9
45 34 8
45 35 1
45 36 12
45 37 2
45 38 12
45 39 5
45 40 7
45 41 11
45 42 14
45 43 4
45 44 12
46 0 2
46 1 10
46 2 2
46 3 5
46 4 2
46 5 11
46 6 13
46 7 2
46 8 7
46 9 3
46 10 13
46 11 4
46 12 8
46 13 2
46 14 14
46 15 12
46 16 11
46 17 13
46 18 11
46 19 14
46 20 2
46 21 3
46 22 12
46 23 12
46 24 4
46 25 3
46 26 13
46 27 6
46 28 6
46 29 7
46 30 5
46 31 2
46 32 7
46 33 3
46 34 14
46 35 3
46 36 6
46 37 1
46 38 1
46 39 3
46 40 11
46 41 11
46 42 6
46 43 14
46 44 12
46 45 7
47 0 7
47 1 12
47 2 9
47 3 13
47 4 6
47 5 7
47 6 7
47 7 6
47 8 7
47 9 1
47 10 11
47 11 10
47 12 13
47 13 4
47 14 8
47 15 13
47 16 10
47 17 1
47 18 3
47 19 13
47 20 10
47 21 3
47 22 3
47 23 14
47 24 9
47 25 7
47 26 1
47 27 10
47 28 8
47 29 13
47 30 13
47 31 7
47 32 5
47 33 4
47 34 4
47 35 5
47 36 11
47 37 14
47 38 3
47 39 7
47 40 3
47 41 9
47 42 11
47 43 12
47 44 8
47 45 9
47 46 8
48 0 6
48 1 8
48 2 4
48 3 3
48 4 7
48 5 6
48 6 7
48 7 13
48 8 8
48 9 3
48 10 8
48 11 13
48 12 7
48 13 7
48 14 13
48 15 9
48 16 6
48 17 8
48 18 4
48 19 13
48 20 9
48 21 10
48 22 4
48 23 8
48 24 12
48 25 3
48 26 5
48 27 9
48 28 8
48 29 14
48 30 14
48 31 13
48 32 3
48 33 11
48 34 6
48 35 9
48 36 10
48 37 10
48 38 13
48 39 9
48 40 4
48 41 12
48 42 4
48 43 3
48 44 8
48 45 5
48 46 4
48 47 4
49 0 4
49 1 2
49 2 1
49 3 6
49 4 14
49 5 4
49 6 10
49 7 9
49 8 10
49 9 11
49 10 7
49 11 7
49 12 1
49 13 14
49 14 1
49 15 11
49 16 9
49 17 3
49 18 14
49 19 8
49 20 5
49 21 12
49 22 11
49 23 10
49 24 11
49 25 8
49 26 1
49 27 11
49 28 2
49 29 7
49 30 13
49 31 14
49 32 8
49 33 1
49 34 5
49 35 9
49 36 1
49 37 2
49 38 12
49 39 2
49 40 13
49 41 14
49 42 6
49 43 7
49 44 10
49 45 4
49 46 3
49 47 4
49 48 1
50 0 2
50 1 4
50 2 3
50 3 2
50 4 8
50 5 10
50 6 4
50 7 13
50 8 9
50 9 7
50 10 11
50 11 1
50 12 9
50 13 14
50 14 3
50 15 2
50 16 7
50 17 14
50 18 10
50 19 14
50 20 11
50 21 14
50 22 8
50 23 2
50 24 10
50 25 12
50 26 7
50 27 14
50 28 10
50 29 14
50 30 2
50 31 9
50 32 12
50 33 4
50 34 6
50 35 9
50 36 3
50 37 11
50 38 3
50 39 10
50 40 1
50 41 5
50 42 3
50 43 12
50 44 11
50 45 1
50 46 11
50 47 2
50 48 13
50 49 3
51 0 11
51 1 14
51 2 3
51 3 7
51 4 8
51 5 5
51 6 6
51 7 10
51 8 14
51 9 9
51 10 14
51 11 5
51 12 11
51 13 4
51 14 11
51 15 9
51 16 2
51 17 3
51 18 3
51 19 2
51 20 2
51 21 1
51 22 14
51 23 8
51 24 13
51 25 4
51 26 3
51 27 11
51 28 11
51 29 1
51 30 3
51 31 13
51 32 2
51 33 11
51 34 2
51 35 12
51 36 8
51 37 3
51 38 4
51 39 12
51 40 14
51 41 1
51 42 1
51 43 5
51 44 12
51 45 9
51 46 1
51 47 7
51 48 7
51 49 14
51 50 5
52 0 3
52 1 5
52 2 12
52 3 2
52 4 14
52 5 7
52 6 12
52 7 3
52 8 14
52 9 11
52 10 6
52 11 3
52 12 6
52 13 9
52 14 13
52 15 6
52 16 10
52 17 14
52 18 8
52 19 12
52 20 1
52 21 3
52 22 9
52 23 3
52 24 13
52 25 13
52 26 13
52 27 14
52 28 6
52 29 10
52 30 5
52 31 7
52 32 5
52 33 7
52 34 11
52 35 1
52 36 5
52 37 5
52 38 2
52 39 1
52 40 8
52 41 2
52 42 10
52 43 12
52 44 8
52 45 3
52 46 3
52 47 9
52 48 10
52 49 11
52 50 9
52 51 2
53 0 1
53 1 7
53 2 7
53 3 10
53 4 3
53 5 3
53 6 11
53 7 5
53 8 3
53 9 3
53 10 8
53 11 10
53 12 13
53 13 11
53 14 4
53 15 10
53 16 4
53 17 6
53 18 13
53 19 12
53 20 2
53 21 5
53 22 9
53 23 1
53 24 3
53 25 5
53 26 3
53 27 4
53 28 6
53 29 8
53 30 9
53 31 6
53 32 4
53 33 2
53 34 6
53 35 3
53 36 2
53 37 11
53 38 5
53 39 9
53 40 1
53 41 13
53 42 14
53 43 11
53 44 2
53 45 8
53 46 4
53 47 12
53 48 1
53 49 2
53 50 2
53 51 11
53 52 5
54 0 12
54 1 6
54 2 8
54 3 9
54 4 3
54 5 7
54 6 3
54 7 1
54 8 6
54 9 2
54 10 3
54 11 12
54 12 7
54 13 10
54 14 3
54 15 6
54 16 5
54 17 13
54 18 13
54 19 2
54 20 13
54 21 5
54 22 8
54 23 13
54 24 9
54 25 6
54 26 5
54 27 8
54 28 3
54 29 11
54 30 4
54 31 7
54 32 13
54 33 3
54 34 13
54 35 2
54 36 4
54 37 3
54 38 2
54 39 11
54 40 1
54 41 7
54 42 1
54 43 6
54 44 5
54 45 3
54 46 4
54 47 5
54 48 14
54 49 4
54 50 12
54 51 12
54 52 11
54 53 9
55 0 7
55 1 11
55 2 11
55 3 8
55 4 9
55 5 2
55 6 13
55 7 10
55 8 13
55 9 8
55 10 7
55 11 13
55 12 3
55 13 14
55 14 10
55 15 5
55 16 14
55 17 2
55 18 4
55 19 14
55 20 10
55 21 2
55 22 14
55 23 14
55 24 7
55 25 14
55 26 7
55 27 14
55 28 2
55 29 6
55 30 11
55 31 12
55 32 12
55 33 14
55 34 13
55 35 2
55 36 2
55 37 11
55 38 7
55 39 9
55 40 4
55 41 13
55 42 4
55 43 11
55 44 3
55 45 5
55 46 11
55 47 3
55 48 6
55 49 4
55 50 5
55 51 9
55 52 7
55 53 7
55 54 2
56 0 9
56 1 14
56 2 10
56 3 9
56 4 11
56 5 3
56 6 12
56 7 10
56 8 1
56 9 4
56 10 2
56 11 10
56 12 9
56 13 8
56 14 8
56 15 8
56 16 1
56 17 12
56 18 7
56 19 5
56 20 10
56 21 3
56 22 4
56 23 2
56 24 11
56 25 14
56 26 13
56 27 6
56 28 5
56 29 14
56 30 5
56 31 12
56 32 11
56 33 5
56 34 6
56 35 11
56 36 6
56 37 3
56 38 2
56 39 11
56 40 3
56 41 3
56 42 4
56 43 14
56 44 12
56 45 8
56 46 14
56 47 6
56 48 14
56 49 14
56 50 9
56 51 5
56 52 12
56 53 11
56 54 6
56 55 4
57 0 4
57 1 8
57 2 11
57 3 2
57 4 6
57 5 3
57 6 11
57 7 7
57 8 2
57 9 10
57 10 5
57 11 3
57 12 4
57 13 11
57 14 11
57 15 6
57 16 2
57 17 1
57 18 8
57 19 1
57 20 7
57 21 12
57 22 8
57 23 10
57 24 1
57 25 11
57 26 13
57 27 4
57 28 10
57 29 10
57 30 3
57 31 2
57 32 4
57 33 3
57 34 2
57 35 7
57 36 10
57 37 14
57 38 11
57 39 6
57 40 7
57 41 10
57 42 11
57 43 7
57 44 10
57 45 2
57 46 13
57 47 8
57 48 4
57 49 1
57 50 9
57 51 2
57 52 5
57 53 11
57 54 13
57 55 7
57 56 6
58 0 13
58 1 13
58 2 6
58 3 1
58 4 4
58 5 7
58 6 4
58 7 6
58 8 13
58 9 4
58 10 13
58 11 9
58 12 7
58 13 7
58 14 1
58 15 6
58 16 4
58 17 3
58 18 12
58 19 7
58 20 13
58 21 3
58 22 14
58 23 12
58 24 1
58 25 1
58 26 9
58 27 1
58 28 11
58 29 11
58 30 14
58 31 6
58 32 11
58 33 7
58 34 1
58 35 9
58 36 8
58 37 9
58 38 4
58 39 9
58 40 8
58 41 8
58 42 4
58 43 12
58 44 9
58 45 1
58 46 13
58 47 7
58 48 10
58 49 4
58 50 12
58 51 2
58 52 1
58 53 8
58 54 11
58 55 7
58 56 7
58 57 5
59 0 13
59 1 14
59 2 8
59 3 6
59 4 9
59 5 13
59 6 1
59 7 6
59 8 13
59 9 3
59 10 13
59 11 2
59 12 5
59 13 8
59 14 12
59 15 3
59 16 3
59 17 2
59 18 6
59 19 3
59 20 3
59 21 12
59 22 4
59 23 5
59 24 3
59 25 6
59 26 8
59 27 4
59 28 11
59 29 6
59 30 7
59 31 14
59 32 6
59 33 3
59 34 9
59 35 2
59 36 13
59 37 10
59 38 11
59 39 5
59 40 4
59 41 8
59 42 4
59 43 1
59 44 8
59 45 1
59 46 1
59 47 7
59 48 14
59 49 8
59 50 5
59 51 8
59 52 2
59 53 4
59 54 6
59 55 12
59 56 14
59 57 11
59 58 11
60 0 13
60 1 12
60 2 14
60 3 6
60 4 6
60 5 13
60 6 5
60 7 13
60 8 12
60 9 5
60 10 10
60 11 7
60 12 9
60 13 10
60 14 2
60 15 11
60 16 6
60 17 3
60 18 8
60 19 7
60 20 3
60 21 5
60 22 3
60 23 13
60 24 5
60 25 2
60 26 2
60 27 10
60 28 10
60 29 5
60 30 8
60 31 12
60 32 14
60 33 7
60 34 1
60 35 1
60 36 8
60 37 5
60 38 10
60 39 11
60 40 1
60 41 2
60 42 14
60 43 9
60 44 7
60 45 3
60 46 4
60 47 13
60 48 5
60 49 6
60 50 4
60 51 8
60 52 2
60 53 5
60 54 1
60 55 11
60 56 4
60 57 9
60 58 4
60 59 3
61 0 9
61 1 3
61 2 7
61 3 3
61 4 3
61 5 14
61 6 8
61 7 4
61 8 2
61 9 14
61 10 12
61 11 10
61 12 11
61 13 7
61 14 5
61 15 13
61 16 9
61 17 10
61 18 11
61 19 3
61 20 12
61 21 6
61 22 14
61 23 5
61 24 5
61 25 7
61 26 14
61 27 7
61 28 9
61 29 6
61 30 10
61 31 4
61 32 13
61 33 12
61 34 7
61 35 8
61 36 1
61 37 2
61 38 5
61 39 7
61 40 4
61 41 12
61 42 7
61 43 8
61 44 4
61 45 1
61 46 6
61 47 12
61 48 5
61 49 10
61 50 1
61 51 4
61 52 1
61 53 14
61 54 2
61 55 1
61 56 8
61 57 5
61 58 9
61 59 10
61 60 12
62 0 9
62 1 14
62 2 6
62 3 5
62 4 11
62 5 3
62 6 14
62 7 14
62 8 4
62 9 7
62 10 8
62 11 9
62 12 13
62 13 13
62 14 2
62 15 5
62 16 4
62 17 8
62 18 2
62 19 4
62 20 4
62 21 1
62 22 9
62 23 8
62 24 12
62 25 8
62 26 7
62 27 12
62 28 11
62 29 4
62 30 9
62 31 11
62 32 8
62 33 7
62 34 3
62 35 13
62 36 11
62 37 5
62 38 10
62 39 14
62 40 14
62 41 11
62 42 11
62 43 4
62 44 1
62 45 4
62 46 6
62 47 13
62 48 14
62 49 10
62 50 13
62 51 5
62 52 9
62 53 13
62 54 12
62 55 13
62 56 1
62 57 4
62 58 3
62 59 9
62 60 6
62 61 11
63 0 6
63 1 6
63 2 1
63 3 13
63 4 7
63 5 1
63 6 12
63 7 5
63 8 11
63 9 13
63 10 7
63 11 13
63 12 1
63 13 5
63 14 13
63 15 12
63 16 14
63 17 12
63 18 8
63 19 6
63 20 7
63 21 13
63 22 11
63 23 2
63 24 12
63 25 1
63 26 5
63 27 10
63 28 3
63 29 5
63 30 1
63 31 8
63 32 9
63 33 11
63 34 11
63 35 11
63 36 8
63 37 5
63 38 12
63 39 7
63 40 10
63 41 13
63 42 11
63 43 3
63 44 4
63 45 5
63 46 8
63 47 11
63 48 10
63 49 4
63 50 6
63 51 7
63 52 3
63 53 4
63 54 8
63 55 4
63 56 10
63 57 8
63 58 11
63 59 5
63 60 2
63 61 12
63 62 4
64 0 4
64 1 7
64 2 12
64 3 7
64 4 8
64 5 13
64 6 4
64 7 11
64 8 7
64 9 4
64 10 13
64 11 4
64 12 8
64 13 10
64 14 9
64 15 12
64 16 1
64 17 10
64 18 2
64 19 7
64 20 3
64 21 7
64 22 12
64 23 2
64 24 2
64 25 8
64 26 5
64 27 11
64 28 11
64 29 11
64 30 11
64 31 5
64 32 1
64 33 6
64 34 8
64 35 11
64 36 8
64 37 9
64 38 10
64 39 2
64 40 9
64 41 7
64 42 12
64 43 5
64 44 6
64 45 6
64 46 9
64 47 12
64 48 9
64 49 1
64 50 4
64 51 7
64 52 14
64 53 12
64 54 14
64 55 10
64 56 4
64 57 9
64 58 9
64 59 14
64 60 8
64 61 5
64 62 10
64 63 2
65 0 1
65 1 7
65 2 8
65 3 5
65 4 8
65 5 7
65 6 14
65 7 9
65 8 11
65 9 11
65 10 2
65 11 4
65 12 10
65 13 11
65 14 11
65 15 4
65 16 11
65 17 1
65 18 3
65 19 9
65 20 7
65 21 4
65 22 12
65 23 5
65 24 5
65 25 12
65 26 13
65 27 3
65 28 2
65 29 3
65 30 4
65 31 3
65 32 10
65 33 11
65 34 4
65 35 3
65 36 3
65 37 9
65 38 8
65 39 4
65 40 13
65 41 6
65 42 5
65 43 1
65 44 7
65 45 12
65 46 1
65 47 11
65 48 7
65 49 12
65 50 2
65 51 8
65 52 5
65 53 12
65 54 6
65 55 1
65 56 9
65 57 1
65 58 12
65 59 1
65 60 9
65 61 13
65 62 7
65 63 7
65 64 5
66 0 9
66 1 9
66 2 5
66 3 6
66 4 13
66 5 7
66 6 12
66 7 5
66 8 11
66 9 1
66 10 10
66 11 5
66 12 8
66 13 4
66 14 6
66 15 4
66 16 8
66 17 11
66 18 3
66 19 2
66 20 1
66 21 5
66 22 9
66 23 1
66 24 11
66 25 13
66 26 8
66 27 14
66 28 11
66 29 4
66 30 5
66 31 2
66 32 5
66 33 2
66 34 2
66 35 10
66 36 3
66 37 6
66 38 5
66 39 8
66 40 2
66 41 13
66 42 7
66 43 9
66 44 8
66 45 13
66 46 2
66 47 14
66 48 11
66 49 4
66 50 11
66 51 6
66 52 1
66 53 12
66 54 7
66 55 6
66 56 1
66 57 10
66 58 14
66 59 7
66 60 5
66 61 2
66 62 4
66 63 5
66 64 3
66 65 10
