32
1 0 11
3 0 22
4 0 14
4 1 10
4 3 21
5 2 16
5 3 17
5 4 12
6 0 17
6 2 2
6 3 2
6 4 7
6 5 18
7 0 4
7 1 12
7 3 14
7 4 15
7 6 10
8 2 3
8 4 14
8 5 12
8 6 4
9 1 22
9 3 21
9 4 15
9 5 22
9 6 13
10 0 20
10 1 3
10 2 6
10 3 12
10 5 11
10 8 16
10 9 11
11 1 6
11 7 21
11 9 8
11 10 16
12 0 5
12 1 1
12 3 19
12 4 14
12 8 22
12 9 22
12 10 14
12 11 14
13 0 19
13 1 8
13 3 18
13 4 6
13 7 21
13 8 6
13 9 5
13 12 6
14 1 9
14 5 21
14 6 14
14 10 11
14 11 2
14 12 17
15 0 2
15 1 1
15 3 21
15 4 7
15 7 2
15 8 18
15 11 19
15 12 5
15 14 2
16 0 18
16 2 18
16 3 6
16 4 15
16 5 16
16 8 15
16 11 5
17 0 9
17 1 1
17 2 16
17 5 11
17 6 7
17 7 2
17 10 15
18 1 20
18 5 7
18 14 19
19 3 22
19 6 1
19 7 7
19 8 15
19 10 8
19 12 16
20 0 12
20 2 17
20 4 21
20 6 21
20 7 3
20 13 2
20 16 7
20 17 16
21 0 16
21 2 2
21 4 22
21 5 8
21 8 16
21 11 9
21 13 22
21 16 8
21 17 13
21 18 20
22 0 9
22 1 2
22 2 22
22 3 17
22 14 8
22 15 13
22 21 21
23 0 7
23 1 20
23 3 19
23 5 19
23 10 18
23 16 16
23 22 2
24 0 4
24 2 13
24 3 14
24 6 19
24 7 9
24 9 1
24 10 5
24 13 2
24 14 8
24 15 8
24 18 2
24 19 12
24 22 5
25 1 12
25 5 6
25 6 22
25 7 17
25 10 11
25 11 12
25 14 6
25 15 20
25 17 1
25 22 6
25 23 11
26 2 6
26 4 10
26 6 7
26 9 14
26 12 8
26 14 15
26 18 4
26 20 4
26 21 2
26 22 2
26 25 16
27 0 8
27 1 21
27 2 19
27 5 20
27 8 13
27 9 2
27 11 9
27 13 14
27 14 4
27 15 1
27 18 1
27 21 17
27 22 18
27 23 17
27 24 11
27 26 1
28 0 8
28 1 22
28 2 2
28 8 8
28 19 15
28 21 13
28 23 16
28 25 20
29 1 20
29 3 8
29 4 21
29 6 17
29 11 11
29 12 22
29 14 11
29 16 5
29 17 18
29 18 12
29 19 19
29 20 19
29 22 21
29 28 8
30 0 17
30 2 16
30 3 16
30 4 7
30 5 21
30 7 17
30 9 9
30 11 19
30 15 8
30 17 14
30 18 12
30 19 9
30 26 20
30 28 16
31 0 12
31 11 18
31 12 11
31 14 7
31 16 7
31 21 15
31 28 22
