52
1 0 12
2 0 7
2 1 2
3 0 47
3 1 14
3 2 1
4 0 42
4 1 24
4 2 36
4 3 53
5 0 41
5 1 14
5 2 61
5 3 37
5 4 34
6 0 13
6 1 47
6 2 50
6 3 33
6 4 21
6 5 3
7 0 47
7 1 22
7 2 6
7 3 6
7 4 24
7 5 28
7 6 5
8 0 5
8 1 15
8 2 55
8 3 60
8 4 8
8 5 59
8 6 49
8 7 60
9 0 17
9 1 33
9 2 27
9 3 50
9 4 31
9 5 20
9 6 58
9 7 15
9 8 13
10 0 15
10 1 59
10 2 49
10 3 45
10 4 33
10 5 41
10 6 32
10 7 34
10 8 45
10 9 27
11 0 56
11 1 53
11 2 4
11 3 33
11 4 61
11 5 56
11 6 43
11 7 31
11 8 19
11 9 48
11 10 13
12 0 59
12 1 50
12 2 35
12 3 59
12 4 19
12 5 51
12 6 35
12 7 18
12 8 32
12 9 43
12 10 40
12 11 28
13 0 14
13 1 31
13 2 23
13 3 34
13 4 6
13 5 7
13 6 56
13 7 15
13 8 26
13 9 47
13 10 26
13 11 16
13 12 59
14 0 57
14 1 58
14 2 45
14 3 47
14 4 36
14 5 31
14 6 27
14 7 34
14 8 28
14 9 13
14 10 51
14 11 45
14 12 55
14 13 41
15 0 34
15 1 54
15 2 19
15 3 28
15 4 36
15 5 57
15 6 23
15 7 20
15 8 63
15 9 58
15 10 35
15 11 41
15 12 40
15 13 9
15 14 31
16 0 35
16 1 47
16 2 58
16 3 14
16 4 45
16 5 62
16 6 27
16 7 44
16 8 56
16 9 28
16 10 49
16 11 44
16 12 35
16 13 43
16 14 27
16 15 53
17 0 8
17 1 49
17 2 3
17 3 14
17 4 52
17 5 60
17 6 47
17 7 4
17 8 57
17 9 25
17 10 29
17 11 17
17 12 16
17 13 7
17 14 58
17 15 46
17 16 6
18 0 4
18 1 36
18 2 2
18 3 29
18 4 60
18 5 61
18 6 43
18 7 59
18 8 20
18 9 16
18 10 55
18 11 25
18 12 57
18 13 52
18 14 48
18 15 8
18 16 20
18 17 19
19 0 45
19 1 17
19 2 40
19 3 16
19 4 38
19 5 39
19 6 20
19 7 45
19 8 35
19 9 15
19 10 36
19 11 45
19 12 38
19 13 19
19 14 17
19 15 12
19 16 62
19 17 21
19 18 45
20 0 31
20 1 16
20 2 26
20 3 5
20 4 21
20 5 28
20 6 22
20 7 22
20 8 8
20 9 39
20 10 55
20 11 58
20 12 1
20 13 60
20 14 60
20 15 12
20 16 58
20 17 8
20 18 20
20 19 12
21 0 28
21 1 23
21 2 35
21 3 23
21 4 38
21 5 40
21 6 9
21 7 47
21 8 27
21 9 63
21 10 44
21 11 49
21 12 21
21 13 46
21 14 4
21 15 33
21 16 21
21 17 62
21 18 2
21 19 19
21 20 49
22 0 8
22 1 54
22 2 30
22 3 13
22 4 55
22 5 49
22 6 32
22 7 24
22 8 48
22 9 30
22 10 5
22 11 40
22 12 64
22 13 54
22 14 6
22 15 58
22 16 31
22 17 33
22 18 57
22 19 46
22 20 9
22 21 29
23 0 50
23 1 8
23 2 43
23 3 63
23 4 60
23 5 57
23 6 50
23 7 28
23 8 7
23 9 37
23 10 38
23 11 16
23 12 60
23 13 48
23 14 55
23 15 58
23 16 32
23 17 55
23 18 20
23 19 36
23 20 31
23 21 39
23 22 2
24 0 47
24 1 23
24 2 38
24 3 45
24 4 41
24 5 5
24 6 28
24 7 25
24 8 18
24 9 27
24 10 11
24 11 55
24 12 51
24 13 61
24 14 13
24 15 52
24 16 9
24 17 5
24 18 11
24 19 34
24 20 6
24 21 61
24 22 40
24 23 40
25 0 59
25 1 62
25 2 21
25 3 7
25 4 15
25 5 7
25 6 32
25 7 60
25 8 5
25 9 37
25 10 28
25 11 35
25 12 15
25 13 16
25 14 18
25 15 22
25 16 61
25 17 5
25 18 47
25 19 56
25 20 64
25 21 19
25 22 20
25 23 21
25 24 39
26 0 13
26 1 6
26 2 39
26 3 41
26 4 48
26 5 18
26 6 57
26 7 5
26 8 24
26 9 55
26 10 48
26 11 41
26 12 42
26 13 22
26 14 62
26 15 20
26 16 47
26 17 25
26 18 49
26 19 54
26 20 51
26 21 29
26 22 5
26 23 37
26 24 42
26 25 16
27 0 1
27 1 15
27 2 37
27 3 23
27 4 49
27 5 33
27 6 59
27 7 16
27 8 22
27 9 36
27 10 54
27 11 52
27 12 17
27 13 41
27 14 34
27 15 56
27 16 58
27 17 47
27 18 35
27 19 31
27 20 59
27 21 41
27 22 14
27 23 51
27 24 20
27 25 8
27 26 23
28 0 3
28 1 56
28 2 58
28 3 24
28 4 44
28 5 1
28 6 36
28 7 2
28 8 59
28 9 29
28 10 61
28 11 60
28 12 3
28 13 56
28 14 18
28 15 56
28 16 20
28 17 59
28 18 12
28 19 33
28 20 29
28 21 5
28 22 32
28 23 51
28 24 51
28 25 58
28 26 25
28 27 33
29 0 49
29 1 16
29 2 7
29 3 32
29 4 14
29 5 2
29 6 39
29 7 38
29 8 51
29 9 55
29 10 49
29 11 23
29 12 17
29 13 29
29 14 51
29 15 2
29 16 51
29 17 51
29 18 17
29 19 24
29 20 8
29 21 31
29 22 52
29 23 23
29 24 36
29 25 25
29 26 21
29 27 47
29 28 63
30 0 7
30 1 17
30 2 4
30 3 23
30 4 25
30 5 31
30 6 40
30 7 38
30 8 43
30 9 36
30 10 31
30 11 22
30 12 32
30 13 37
30 14 30
30 15 40
30 16 19
30 17 57
30 18 47
30 19 57
30 20 59
30 21 17
30 22 32
30 23 11
30 24 46
30 25 30
30 26 54
30 27 24
30 28 25
30 29 9
31 0 52
31 1 56
31 2 40
31 3 40
31 4 64
31 5 58
31 6 13
31 7 57
31 8 42
31 9 26
31 10 28
31 11 7
31 12 57
31 13 32
31 14 47
31 15 1
31 16 17
31 17 31
31 18 53
31 19 27
31 20 14
31 21 13
31 22 2
31 23 41
31 24 57
31 25 9
31 26 25
31 27 15
31 28 22
31 29 37
31 30 51
32 0 55
32 1 22
32 2 44
32 3 11
32 4 48
32 5 61
32 6 20
32 7 32
32 8 14
32 9 56
32 10 59
32 11 24
32 12 24
32 13 7
32 14 1
32 15 59
32 16 42
32 17 30
32 18 55
32 19 56
32 20 9
32 21 3
32 22 14
32 23 43
32 24 37
32 25 25
32 26 55
32 27 63
32 28 37
32 29 32
32 30 39
32 31 18
33 0 34
33 1 22
33 2 20
33 3 60
33 4 12
33 5 54
33 6 19
33 7 19
33 8 53
33 9 42
33 10 38
33 11 40
33 12 32
33 13 40
33 14 36
33 15 50
33 16 56
33 17 21
33 18 36
33 19 9
33 20 43
33 21 57
33 22 30
33 23 63
33 24 30
33 25 58
33 26 34
33 27 34
33 28 42
33 29 6
33 30 59
33 31 20
33 32 45
34 0 16
34 1 38
34 2 21
34 3 62
34 4 40
34 5 45
34 6 32
34 7 57
34 8 19
34 9 27
34 10 18
34 11 62
34 12 60
34 13 64
34 14 11
34 15 12
34 16 27
34 17 36
34 18 59
34 19 49
34 20 28
34 21 44
34 22 26
34 23 6
34 24 3
34 25 2
34 26 23
34 27 37
34 28 50
34 29 20
34 30 54
34 31 41
34 32 51
34 33 39
35 0 47
35 1 57
35 2 3
35 3 50
35 4 51
35 5 41
35 6 49
35 7 15
35 8 7
35 9 55
35 10 20
35 11 40
35 12 56
35 13 31
35 14 33
35 15 8
35 16 60
35 17 38
35 18 1
35 19 12
35 20 32
35 21 60
35 22 5
35 23 11
35 24 56
35 25 47
35 26 58
35 27 14
35 28 9
35 29 43
35 30 43
35 31 62
35 32 23
35 33 55
35 34 35
36 0 28
36 1 22
36 2 43
36 3 32
36 4 58
36 5 24
36 6 11
36 7 37
36 8 33
36 9 22
36 10 20
36 11 15
36 12 14
36 13 2
36 14 5
36 15 35
36 16 4
36 17 48
36 18 34
36 19 35
36 20 1
36 21 24
36 22 1
36 23 15
36 24 58
36 25 39
36 26 28
36 27 24
36 28 3
36 29 60
36 30 4
36 31 59
36 32 35
36 33 38
36 34 12
36 35 10
37 0 46
37 1 37
37 2 1
37 3 60
37 4 50
37 5 36
37 6 13
37 7 57
37 8 49
37 9 3
37 10 6
37 11 10
37 12 34
37 13 18
37 14 38
37 15 13
37 16 6
37 17 51
37 18 8
37 19 50
37 20 56
37 21 31
37 22 10
37 23 64
37 24 21
37 25 37
37 26 25
37 27 7
37 28 15
37 29 5
37 30 23
37 31 28
37 32 37
37 33 19
37 34 64
37 35 42
37 36 53
38 0 49
38 1 58
38 2 19
38 3 56
38 4 35
38 5 51
38 6 5
38 7 11
38 8 45
38 9 32
38 10 41
38 11 49
38 12 32
38 13 54
38 14 36
38 15 1
38 16 42
38 17 59
38 18 1
38 19 43
38 20 32
38 21 39
38 22 5
38 23 8
38 24 10
38 25 30
38 26 56
38 27 23
38 28 57
38 29 27
38 30 61
38 31 41
38 32 13
38 33 44
38 34 32
38 35 11
38 36 39
38 37 55
39 0 26
39 1 17
39 2 54
39 3 23
39 4 13
39 5 29
39 6 6
39 7 23
39 8 27
39 9 64
39 10 30
39 11 64
39 12 63
39 13 34
39 14 55
39 15 42
39 16 31
39 17 43
39 18 56
39 19 23
39 20 33
39 21 5
39 22 23
39 23 41
39 24 45
39 25 7
39 26 63
39 27 39
39 28 36
39 29 5
39 30 41
39 31 55
39 32 54
39 33 64
39 34 39
39 35 31
39 36 44
39 37 59
39 38 10
40 0 30
40 1 48
40 2 31
40 3 31
40 4 4
40 5 28
40 6 21
40 7 30
40 8 63
40 9 33
40 10 26
40 11 39
40 12 37
40 13 55
40 14 21
40 15 5
40 16 17
40 17 16
40 18 15
40 19 54
40 20 52
40 21 26
40 22 3
40 23 5
40 24 27
40 25 33
40 26 50
40 27 41
40 28 34
40 29 10
40 30 37
40 31 2
40 32 61
40 33 18
40 34 27
40 35 18
40 36 35
40 37 38
40 38 42
40 39 41
41 0 49
41 1 43
41 2 13
41 3 1
41 4 48
41 5 31
41 6 27
41 7 38
41 8 32
41 9 13
41 10 33
41 11 54
41 12 52
41 13 31
41 14 58
41 15 18
41 16 37
41 17 46
41 18 36
41 19 13
41 20 56
41 21 45
41 22 49
41 23 42
41 24 48
41 25 57
41 26 23
41 27 10
41 28 54
41 29 9
41 30 41
41 31 58
41 32 15
41 33 34
41 34 39
41 35 42
41 36 50
41 37 61
41 38 48
41 39 23
41 40 25
42 0 11
42 1 7
42 2 18
42 3 46
42 4 43
42 5 6
42 6 12
42 7 5
42 8 47
42 9 3
42 10 59
42 11 51
42 12 18
42 13 63
42 14 16
42 15 21
42 16 27
42 17 44
42 18 2
42 19 42
42 20 3
42 21 8
42 22 55
42 23 58
42 24 33
42 25 5
42 26 58
42 27 12
42 28 33
42 29 2
42 30 40
42 31 9
42 32 39
42 33 13
42 34 23
42 35 41
42 36 64
42 37 62
42 38 13
42 39 37
42 40 40
42 41 1
43 0 35
43 1 56
43 2 24
43 3 15
43 4 14
43 5 60
43 6 24
43 7 60
43 8 9
43 9 16
43 10 22
43 11 2
43 12 57
43 13 60
43 14 47
43 15 19
43 16 40
43 17 26
43 18 57
43 19 40
43 20 6
43 21 23
43 22 33
43 23 16
43 24 3
43 25 51
43 26 27
43 27 5
43 28 61
43 29 63
43 30 62
43 31 39
43 32 51
43 33 12
43 34 60
43 35 18
43 36 52
43 37 56
43 38 45
43 39 3
43 40 55
43 41 45
43 42 56
44 0 39
44 1 2
44 2 21
44 3 44
44 4 26
44 5 2
44 6 63
44 7 8
44 8 49
44 9 52
44 10 21
44 11 21
44 12 17
44 13 52
44 14 63
44 15 39
44 16 28
44 17 64
44 18 48
44 19 40
44 20 37
44 21 6
44 22 40
44 23 64
44 24 60
44 25 1
44 26 49
44 27 45
44 28 45
44 29 28
44 30 16
44 31 6
44 32 44
44 33 40
44 34 16
44 35 7
44 36 24
44 37 28
44 38 62
44 39 19
44 40 57
44 41 54
44 42 24
44 43 36
45 0 8
45 1 27
45 2 44
45 3 49
45 4 52
45 5 45
45 6 6
45 7 40
45 8 40
45 9 19
45 10 10
45 11 39
45 12 20
45 13 16
45 14 57
45 15 42
45 16 34
45 17 55
45 18 33
45 19 54
45 20 2
45 21 15
45 22 21
45 23 44
45 24 11
45 25 1
45 26 5
45 27 19
45 28 56
45 29 10
45 30 2
45 31 46
45 32 50
45 33 46
45 34 31
45 35 20
45 36 63
45 37 64
45 38 22
45 39 52
45 40 38
45 41 40
45 42 7
45 43 33
45 44 8
46 0 10
46 1 25
46 2 42
46 3 26
46 4 34
46 5 53
46 6 10
46 7 37
46 8 20
46 9 58
46 10 58
46 11 8
46 12 41
46 13 5
46 14 43
46 15 23
46 16 21
46 17 25
46 18 64
46 19 42
46 20 25
46 21 18
46 22 52
46 23 6
46 24 6
46 25 12
46 26 48
46 27 54
46 28 17
46 29 31
46 30 62
46 31 64
46 32 29
46 33 40
46 34 30
46 35 51
46 36 8
46 37 30
46 38 64
46 39 43
46 40 4
46 41 19
46 42 53
46 43 10
46 44 38
46 45 64
47 0 21
47 1 1
47 2 23
47 3 24
47 4 6
47 5 51
47 6 51
47 7 35
47 8 40
47 9 54
47 10 23
47 11 59
47 12 25
47 13 30
47 14 19
47 15 12
47 16 33
47 17 46
47 18 41
47 19 26
47 20 13
47 21 63
47 22 23
47 23 63
47 24 5
47 25 29
47 26 13
47 27 11
47 28 50
47 29 8
47 30 25
47 31 30
47 32 27
47 33 50
47 34 29
47 35 1
47 36 63
47 37 16
47 38 45
47 39 45
47 40 47
47 41 51
47 42 1
47 43 52
47 44 60
47 45 39
47 46 25
48 0 23
48 1 49
48 2 31
48 3 50
48 4 19
48 5 8
48 6 20
48 7 48
48 8 27
48 9 41
48 10 2
48 11 44
48 12 44
48 13 17
48 14 2
48 15 37
48 16 60
48 17 62
48 18 15
48 19 50
48 20 45
48 21 46
48 22 19
48 23 3
48 24 19
48 25 36
48 26 46
48 27 2
48 28 21
48 29 39
48 30 47
48 31 40
48 32 39
48 33 14
48 34 18
48 35 24
48 36 55
48 37 31
48 38 37
48 39 25
48 40 44
48 41 13
48 42 54
48 43 38
48 44 58
48 45 42
48 46 21
48 47 29
49 0 2
49 1 53
49 2 50
49 3 18
49 4 34
49 5 10
49 6 50
49 7 52
49 8 23
49 9 44
49 10 51
49 11 47
49 12 25
49 13 25
49 14 56
49 15 17
49 16 22
49 17 61
49 18 3
49 19 1
49 20 64
49 21 15
49 22 13
49 23 50
49 24 48
49 25 23
49 26 58
49 27 52
49 28 63
49 29 64
49 30 17
49 31 59
49 32 46
49 33 21
49 34 1
49 35 28
49 36 34
49 37 52
49 38 19
49 39 44
49 40 40
49 41 44
49 42 60
49 43 48
49 44 47
49 45 53
49 46 63
49 47 33
49 48 64
50 0 32
50 1 3
50 2 16
50 3 13
50 4 55
50 5 37
50 6 35
50 7 60
50 8 37
50 9 5
50 10 55
50 11 33
50 12 51
50 13 3
50 14 13
50 15 47
50 16 7
50 17 59
50 18 3
50 19 61
50 20 37
50 21 38
50 22 61
50 23 57
50 24 55
50 25 2
50 26 47
50 27 8
50 28 55
50 29 10
50 30 21
50 31 23
50 32 37
50 33 7
50 34 22
50 35 53
50 36 9
50 37 21
50 38 18
50 39 18
50 40 63
50 41 25
50 42 43
50 43 49
50 44 53
50 45 14
50 46 43
50 47 48
50 48 58
50 49 15
51 0 2
51 1 36
51 2 35
51 3 48
51 4 11
51 5 12
51 6 4
51 7 18
51 8 6
51 9 41
51 10 31
51 11 60
51 12 11
51 13 54
51 14 56
51 15 58
51 16 2
51 17 23
51 18 58
51 19 38
51 20 16
51 21 46
51 22 5
51 23 17
51 24 24
51 25 62
51 26 53
51 27 57
51 28 40
51 29 46
51 30 21
51 31 42
51 32 11
51 33 60
51 34 50
51 35 32
51 36 3
51 37 12
51 38 28
51 39 28
51 40 54
51 41 2
51 42 43
51 43 38
51 44 54
51 45 47
51 46 54
51 47 16
51 48 23
51 49 49
51 50 57
