54
3 0 4
3 2 4
4 0 4
4 1 5
5 0 1
6 1 1
7 1 3
7 2 3
7 4 3
8 0 3
8 2 8
8 3 6
8 6 4
9 0 2
9 1 4
9 2 2
9 5 1
9 7 2
10 0 7
10 4 1
10 5 6
10 6 6
10 9 7
11 4 4
11 9 2
11 10 7
12 3 4
12 5 8
12 6 8
12 9 2
12 10 3
12 11 6
13 7 8
13 10 5
13 11 8
13 12 3
14 0 7
14 1 4
14 8 7
14 9 1
14 12 4
15 0 6
15 1 6
15 2 3
15 5 4
15 6 5
15 7 2
15 9 2
15 10 7
15 13 2
16 4 7
16 5 8
16 6 3
16 7 2
16 13 1
16 14 5
16 15 4
17 0 3
17 6 8
17 9 8
17 12 7
17 15 1
17 16 6
18 0 6
18 4 1
18 5 2
18 8 4
18 9 8
18 10 1
18 12 4
18 13 4
18 14 8
18 15 2
18 16 3
18 17 2
19 0 4
19 1 8
19 3 6
19 5 4
19 8 5
19 11 7
19 13 1
19 14 2
19 15 7
19 17 4
19 18 4
20 0 2
20 2 7
20 3 1
20 4 5
20 5 2
20 7 5
20 9 6
20 14 7
20 15 7
20 16 4
20 17 8
20 18 1
20 19 1
21 0 5
21 1 6
21 2 4
21 3 8
21 6 6
21 10 6
21 11 7
21 13 5
21 17 2
21 19 2
22 3 2
22 4 7
22 6 5
22 9 7
22 12 2
22 14 7
22 16 3
22 18 8
22 20 4
22 21 2
23 1 1
23 2 6
23 4 3
23 7 5
23 10 3
23 12 4
23 14 2
23 15 4
23 17 2
23 18 8
23 19 4
23 22 5
24 0 2
24 1 4
24 3 6
24 4 1
24 5 5
24 8 6
24 10 2
24 11 7
24 14 6
24 17 2
24 18 5
24 19 3
24 22 8
25 1 8
25 2 1
25 3 2
25 7 4
25 8 3
25 14 2
25 16 3
25 17 2
25 20 8
25 21 1
25 22 5
26 1 6
26 2 7
26 3 5
26 5 6
26 8 2
26 9 6
26 13 4
26 17 3
26 20 8
26 22 1
26 25 1
27 0 4
27 1 4
27 2 7
27 6 1
27 9 4
27 13 2
27 14 3
27 15 3
27 16 2
27 18 4
27 19 4
27 22 2
27 24 1
27 26 3
28 1 2
28 4 3
28 5 2
28 6 4
28 11 5
28 12 4
28 14 8
28 15 3
28 18 4
28 22 6
28 23 7
28 24 7
29 2 6
29 3 6
29 4 3
29 5 6
29 6 5
29 10 7
29 12 7
29 14 1
29 16 6
29 18 7
29 19 2
29 20 2
29 22 8
29 24 6
29 25 5
29 28 2
30 1 6
30 2 4
30 3 8
30 4 1
30 5 8
30 6 4
30 7 8
30 8 6
30 9 8
30 10 3
30 12 3
30 15 3
30 17 5
30 24 1
30 27 2
31 0 5
31 4 2
31 6 6
31 10 8
31 11 1
31 14 5
31 16 2
31 17 3
31 18 8
31 19 2
31 21 7
31 22 4
31 23 5
31 28 4
31 29 8
32 0 7
32 1 7
32 11 4
32 13 7
32 14 6
32 15 1
32 17 7
32 23 7
32 25 4
32 26 3
32 28 2
32 29 6
33 2 7
33 4 8
33 6 3
33 11 2
33 12 8
33 13 4
33 15 1
33 16 7
33 17 8
33 18 5
33 20 2
33 21 2
33 22 5
33 23 2
33 24 4
33 26 6
33 32 4
34 1 3
34 2 5
34 4 2
34 5 4
34 6 5
34 7 1
34 9 6
34 12 8
34 14 3
34 15 4
34 17 3
34 19 2
34 24 2
34 25 7
34 26 6
34 27 7
34 28 8
34 29 1
34 32 5
35 0 2
35 1 3
35 3 4
35 5 1
35 8 2
35 10 5
35 13 8
35 14 2
35 15 7
35 16 3
35 17 7
35 18 6
35 19 4
35 20 8
35 21 7
35 25 6
35 28 4
35 29 4
35 30 1
35 33 1
36 0 8
36 1 7
36 2 6
36 5 3
36 12 2
36 14 3
36 15 5
36 17 2
36 18 6
36 19 7
36 22 1
36 24 4
36 25 3
36 26 5
36 27 7
36 30 4
36 31 5
36 32 7
37 0 7
37 1 1
37 2 7
37 3 3
37 7 5
37 10 5
37 13 1
37 20 7
37 23 1
37 25 8
37 28 8
37 29 8
37 33 4
37 36 5
38 1 7
38 5 1
38 6 1
38 7 7
38 11 1
38 12 6
38 16 6
38 17 2
38 20 2
38 21 5
38 22 3
38 24 8
38 25 5
38 26 7
38 27 3
38 28 4
38 29 2
38 37 3
39 1 2
39 3 2
39 6 4
39 9 5
39 13 7
39 17 4
39 20 4
39 24 8
39 25 8
39 26 7
39 27 6
39 29 2
39 32 3
39 33 1
39 34 6
39 35 2
39 38 3
40 3 8
40 4 8
40 9 6
40 11 4
40 12 2
40 13 1
40 14 8
40 16 1
40 17 1
40 19 8
40 22 1
40 25 8
40 26 3
40 28 5
40 29 5
40 30 1
40 31 4
40 32 8
40 33 1
40 34 6
40 36 8
40 38 5
40 39 8
41 0 7
41 1 8
41 4 2
41 8 1
41 9 2
41 10 1
41 12 8
41 16 6
41 17 8
41 18 2
41 23 4
41 26 8
41 27 7
41 28 5
41 31 7
41 32 6
41 33 2
41 36 3
41 37 1
41 39 7
42 1 7
42 2 2
42 3 8
42 4 5
42 5 3
42 6 6
42 9 8
42 14 8
42 15 5
42 21 2
42 22 8
42 23 2
42 24 5
42 25 5
42 26 6
42 30 7
42 31 7
42 32 5
42 35 1
42 36 8
42 38 3
42 39 3
42 40 6
43 1 3
43 4 8
43 6 6
43 8 5
43 11 7
43 12 7
43 13 3
43 19 2
43 22 2
43 23 4
43 25 1
43 26 8
43 31 2
43 32 3
43 33 8
43 35 4
43 36 4
43 37 2
43 38 3
43 39 1
43 40 3
43 41 6
44 0 8
44 1 3
44 2 5
44 4 4
44 5 8
44 8 2
44 9 2
44 11 3
44 13 5
44 14 3
44 18 1
44 19 7
44 20 1
44 26 7
44 35 2
44 41 7
44 42 5
44 43 4
45 4 2
45 6 4
45 7 4
45 8 6
45 10 1
45 12 4
45 13 4
45 14 4
45 16 8
45 17 6
45 18 2
45 19 6
45 20 7
45 22 6
45 24 7
45 28 6
45 30 8
45 31 4
45 32 5
45 33 6
45 35 2
45 36 4
45 37 4
45 38 8
45 39 4
45 41 7
46 0 6
46 5 8
46 6 5
46 7 2
46 10 3
46 12 4
46 13 2
46 14 7
46 19 3
46 20 6
46 21 4
46 25 6
46 26 8
46 30 6
46 31 4
46 35 7
46 38 2
46 40 7
46 44 7
47 4 8
47 5 4
47 8 6
47 10 3
47 11 6
47 12 1
47 13 2
47 15 7
47 16 7
47 21 6
47 22 6
47 27 4
47 30 6
47 33 5
47 36 7
47 38 5
47 39 3
47 40 5
47 41 5
48 5 8
48 6 8
48 7 3
48 8 2
48 9 6
48 13 5
48 15 8
48 16 6
48 19 3
48 20 4
48 22 3
48 25 3
48 26 5
48 28 2
48 29 8
48 30 6
48 31 8
48 33 8
48 39 7
48 42 2
48 43 2
49 0 4
49 2 6
49 4 5
49 7 6
49 8 6
49 9 5
49 12 2
49 13 3
49 14 6
49 16 2
49 20 8
49 21 1
49 23 2
49 24 7
49 31 1
49 33 5
49 35 3
49 37 2
49 38 6
49 40 1
49 41 2
49 42 2
49 44 5
49 45 6
49 46 1
49 48 1
50 2 4
50 3 4
50 4 8
50 5 7
50 8 6
50 9 5
50 10 5
50 15 1
50 18 5
50 19 5
50 20 4
50 21 8
50 25 8
50 26 6
50 28 3
50 33 7
50 34 8
50 36 7
50 37 6
50 39 5
50 42 7
50 45 6
50 46 2
51 1 3
51 5 1
51 6 5
51 8 7
51 11 1
51 13 8
51 14 8
51 17 8
51 18 1
51 19 3
51 20 3
51 22 4
51 23 6
51 25 6
51 26 5
51 28 1
51 32 5
51 33 1
51 35 8
51 37 3
51 44 4
51 47 3
51 48 3
51 49 5
51 50 5
52 0 6
52 3 3
52 4 5
52 5 3
52 7 8
52 8 1
52 11 4
52 12 6
52 13 8
52 15 5
52 18 7
52 19 3
52 21 2
52 23 7
52 28 3
52 30 3
52 31 3
52 33 3
52 38 3
52 40 8
52 41 4
52 42 2
52 43 2
52 45 1
52 46 3
52 48 8
52 51 3
53 1 1
53 2 6
53 3 6
53 4 2
53 5 1
53 7 5
53 8 3
53 11 2
53 13 8
53 14 1
53 16 7
53 20 4
53 21 2
53 22 5
53 23 5
53 24 7
53 25 1
53 27 2
53 29 2
53 32 4
53 34 2
53 36 4
53 38 7
53 40 8
53 41 4
53 42 1
53 43 1
53 45 3
53 46 5
53 48 5
53 49 8
53 51 3
