42
1 0 24
2 0 14
2 1 16
3 0 31
3 1 42
3 2 38
4 0 17
4 1 44
4 2 44
4 3 10
5 0 10
5 1 17
5 2 8
5 3 41
5 4 15
6 0 15
6 1 28
6 2 43
6 3 7
6 4 36
6 5 20
7 0 16
7 1 17
7 2 18
7 3 16
7 4 41
7 5 5
7 6 35
8 0 15
8 1 8
8 2 36
8 3 38
8 4 14
8 5 30
8 6 3
8 7 1
9 0 11
9 1 35
9 2 31
9 3 14
9 4 34
9 5 31
9 6 29
9 7 17
9 8 30
10 0 14
10 1 34
10 2 7
10 3 32
10 4 14
10 5 18
10 6 25
10 7 15
10 8 19
10 9 15
11 0 10
11 1 33
11 2 31
11 3 27
11 4 34
11 5 37
11 6 17
11 7 1
11 8 19
11 9 24
11 10 38
12 0 36
12 1 28
12 2 8
12 3 15
12 4 12
12 5 13
12 6 35
12 7 27
12 8 30
12 9 12
12 10 45
12 11 42
13 0 31
13 1 20
13 2 24
13 3 36
13 4 39
13 5 26
13 6 21
13 7 14
13 8 21
13 9 41
13 10 44
13 11 9
13 12 5
14 0 19
14 1 43
14 2 3
14 3 15
14 4 21
14 5 43
14 6 37
14 7 3
14 8 16
14 9 17
14 10 44
14 11 23
14 12 33
14 13 24
15 0 43
15 1 36
15 2 10
15 3 14
15 4 26
15 5 27
15 6 16
15 7 21
15 8 24
15 9 34
15 10 2
15 11 38
15 12 13
15 13 5
15 14 39
16 0 36
16 1 6
16 2 18
16 3 1
16 4 1
16 5 31
16 6 45
16 7 35
16 8 9
16 9 25
16 10 24
16 11 34
16 12 12
16 13 5
16 14 2
16 15 11
17 0 23
17 1 40
17 2 42
17 3 23
17 4 9
17 5 29
17 6 42
17 7 39
17 8 3
17 9 45
17 10 44
17 11 35
17 12 21
17 13 7
17 14 20
17 15 15
17 16 8
18 0 38
18 1 21
18 2 41
18 3 4
18 4 39
18 5 3
18 6 44
18 7 16
18 8 42
18 9 17
18 10 44
18 11 31
18 12 5
18 13 3
18 14 7
18 15 36
18 16 32
18 17 1
19 0 27
19 1 14
19 2 10
19 3 34
19 4 34
19 5 25
19 6 10
19 7 41
19 8 14
19 9 4
19 10 3
19 11 6
19 12 15
19 13 40
19 14 17
19 15 1
19 16 31
19 17 21
19 18 22
20 0 43
20 1 21
20 2 19
20 3 34
20 4 44
20 5 40
20 6 15
20 7 11
20 8 3
20 9 30
20 10 24
20 11 1
20 12 23
20 13 8
20 14 34
20 15 9
20 16 8
20 17 25
20 18 16
20 19 30
21 0 36
21 1 39
21 2 23
21 3 34
21 4 37
21 5 32
21 6 2
21 7 26
21 8 5
21 9 5
21 10 9
21 11 28
21 12 39
21 13 22
21 14 41
21 15 41
21 16 15
21 17 3
21 18 14
21 19 40
21 20 9
22 0 36
22 1 22
22 2 27
22 3 39
22 4 6
22 5 33
22 6 7
22 7 41
22 8 35
22 9 29
22 10 13
22 11 15
22 12 18
22 13 13
22 14 19
22 15 27
22 16 9
22 17 32
22 18 1
22 19 26
22 20 9
22 21 34
23 0 31
23 1 19
23 2 11
23 3 13
23 4 13
23 5 31
23 6 39
23 7 31
23 8 17
23 9 42
23 10 23
23 11 24
23 12 26
23 13 9
23 14 28
23 15 44
23 16 24
23 17 37
23 18 31
23 19 41
23 20 28
23 21 6
23 22 29
24 0 7
24 1 38
24 2 31
24 3 20
24 4 11
24 5 5
24 6 28
24 7 12
24 8 16
24 9 17
24 10 7
24 11 32
24 12 28
24 13 36
24 14 45
24 15 19
24 16 1
24 17 7
24 18 22
24 19 29
24 20 12
24 21 18
24 22 30
24 23 5
25 0 17
25 1 26
25 2 24
25 3 28
25 4 17
25 5 38
25 6 17
25 7 6
25 8 27
25 9 16
25 10 33
25 11 44
25 12 2
25 13 4
25 14 13
25 15 42
25 16 29
25 17 32
25 18 2
25 19 41
25 20 1
25 21 23
25 22 22
25 23 31
25 24 40
26 0 35
26 1 22
26 2 43
26 3 20
26 4 39
26 5 5
26 6 17
26 7 22
26 8 16
26 9 34
26 10 34
26 11 29
26 12 28
26 13 11
26 14 11
26 15 19
26 16 44
26 17 28
26 18 16
26 19 43
26 20 2
26 21 4
26 22 7
26 23 8
26 24 5
26 25 1
27 0 36
27 1 9
27 2 28
27 3 7
27 4 20
27 5 18
27 6 40
27 7 15
27 8 10
27 9 27
27 10 7
27 11 25
27 12 26
27 13 45
27 14 39
27 15 2
27 16 13
27 17 10
27 18 17
27 19 19
27 20 9
27 21 8
27 22 13
27 23 33
27 24 3
27 25 35
27 26 1
28 0 20
28 1 12
28 2 43
28 3 18
28 4 26
28 5 14
28 6 1
28 7 19
28 8 15
28 9 18
28 10 34
28 11 16
28 12 39
28 13 10
28 14 23
28 15 39
28 16 32
28 17 10
28 18 15
28 19 2
28 20 7
28 21 20
28 22 43
28 23 6
28 24 35
28 25 6
28 26 36
28 27 28
29 0 32
29 1 30
29 2 40
29 3 42
29 4 10
29 5 45
29 6 42
29 7 38
29 8 10
29 9 21
29 10 45
29 11 21
29 12 9
29 13 4
29 14 33
29 15 7
29 16 37
29 17 35
29 18 34
29 19 2
29 20 25
29 21 11
29 22 7
29 23 33
29 24 33
29 25 23
29 26 29
29 27 30
29 28 33
30 0 5
30 1 4
30 2 44
30 3 37
30 4 33
30 5 32
30 6 31
30 7 16
30 8 23
30 9 28
30 10 7
30 11 44
30 12 13
30 13 39
30 14 22
30 15 17
30 16 5
30 17 12
30 18 27
30 19 19
30 20 35
30 21 12
30 22 9
30 23 35
30 24 4
30 25 40
30 26 36
30 27 30
30 28 36
30 29 25
31 0 21
31 1 39
31 2 7
31 3 13
31 4 5
31 5 26
31 6 44
31 7 14
31 8 10
31 9 11
31 10 20
31 11 22
31 12 26
31 13 3
31 14 43
31 15 3
31 16 24
31 17 15
31 18 41
31 19 45
31 20 8
31 21 38
31 22 9
31 23 36
31 24 18
31 25 19
31 26 27
31 27 11
31 28 3
31 29 34
31 30 36
32 0 44
32 1 36
32 2 23
32 3 11
32 4 22
32 5 25
32 6 9
32 7 9
32 8 36
32 9 20
32 10 20
32 11 42
32 12 30
32 13 39
32 14 12
32 15 33
32 16 13
32 17 37
32 18 2
32 19 2
32 20 31
32 21 31
32 22 37
32 23 7
32 24 25
32 25 10
32 26 17
32 27 8
32 28 38
32 29 22
32 30 10
32 31 5
33 0 30
33 1 33
33 2 6
33 3 19
33 4 14
33 5 28
33 6 13
33 7 15
33 8 1
33 9 15
33 10 1
33 11 29
33 12 15
33 13 15
33 14 26
33 15 2
33 16 3
33 17 45
33 18 17
33 19 2
33 20 42
33 21 11
33 22 3
33 23 44
33 24 26
33 25 36
33 26 38
33 27 34
33 28 25
33 29 1
33 30 9
33 31 22
33 32 22
34 0 7
34 1 43
34 2 35
34 3 18
34 4 23
34 5 7
34 6 24
34 7 43
34 8 45
34 9 10
34 10 36
34 11 12
34 12 40
34 13 29
34 14 24
34 15 9
34 16 45
34 17 38
34 18 24
34 19 23
34 20 14
34 21 42
34 22 5
34 23 21
34 24 41
34 25 42
34 26 39
34 27 12
34 28 35
34 29 11
34 30 42
34 31 39
34 32 38
34 33 24
35 0 21
35 1 39
35 2 11
35 3 22
35 4 6
35 5 16
35 6 27
35 7 42
35 8 9
35 9 22
35 10 3
35 11 17
35 12 1
35 13 16
35 14 7
35 15 40
35 16 10
35 17 1
35 18 35
35 19 39
35 20 13
35 21 32
35 22 42
35 23 10
35 24 28
35 25 10
35 26 44
35 27 44
35 28 29
35 29 17
35 30 19
35 31 9
35 32 34
35 33 41
35 34 34
36 0 39
36 1 33
36 2 9
36 3 24
36 4 11
36 5 14
36 6 29
36 7 4
36 8 19
36 9 27
36 10 28
36 11 10
36 12 26
36 13 44
36 14 18
36 15 40
36 16 42
36 17 23
36 18 18
36 19 44
36 20 9
36 21 35
36 22 28
36 23 2
36 24 22
36 25 5
36 26 8
36 27 23
36 28 27
36 29 3
36 30 14
36 31 40
36 32 13
36 33 9
36 34 11
36 35 14
37 0 43
37 1 9
37 2 29
37 3 35
37 4 32
37 5 30
37 6 44
37 7 16
37 8 4
37 9 35
37 10 20
37 11 17
37 12 18
37 13 45
37 14 29
37 15 34
37 16 39
37 17 35
37 18 8
37 19 27
37 20 42
37 21 4
37 22 31
37 23 28
37 24 13
37 25 1
37 26 1
37 27 21
37 28 29
37 29 32
37 30 24
37 31 30
37 32 5
37 33 28
37 34 7
37 35 36
37 36 1
38 0 40
38 1 37
38 2 9
38 3 9
38 4 37
38 5 14
38 6 18
38 7 10
38 8 16
38 9 4
38 10 35
38 11 9
38 12 32
38 13 29
38 14 21
38 15 3
38 16 33
38 17 1
38 18 12
38 19 9
38 20 19
38 21 26
38 22 15
38 23 15
38 24 34
38 25 2
38 26 28
38 27 27
38 28 5
38 29 4
38 30 20
38 31 22
38 32 15
38 33 27
38 34 42
38 35 41
38 36 26
38 37 5
39 0 30
39 1 26
39 2 23
39 3 25
39 4 14
39 5 37
39 6 22
39 7 14
39 8 33
39 9 34
39 10 22
39 11 22
39 12 1
39 13 11
39 14 14
39 15 33
39 16 14
39 17 32
39 18 10
39 19 2
39 20 20
39 21 26
39 22 40
39 23 10
39 24 40
39 25 3
39 26 17
39 27 9
39 28 11
39 29 39
39 30 31
39 31 17
39 32 19
39 33 21
39 34 37
39 35 21
39 36 17
39 37 15
39 38 32
40 0 22
40 1 39
40 2 23
40 3 9
40 4 10
40 5 21
40 6 33
40 7 45
40 8 45
40 9 13
40 10 33
40 11 18
40 12 34
40 13 31
40 14 1
40 15 43
40 16 29
40 17 2
40 18 10
40 19 40
40 20 26
40 21 16
40 22 44
40 23 5
40 24 30
40 25 21
40 26 5
40 27 45
40 28 21
40 29 39
40 30 1
40 31 35
40 32 11
40 33 24
40 34 1
40 35 9
40 36 29
40 37 11
40 38 1
40 39 6
41 0 3
41 1 10
41 2 17
41 3 44
41 4 37
41 5 14
41 6 17
41 7 8
41 8 18
41 9 31
41 10 12
41 11 3
41 12 12
41 13 7
41 14 42
41 15 8
41 16 45
41 17 9
41 18 27
41 19 11
41 20 39
41 21 23
41 22 13
41 23 44
41 24 29
41 25 40
41 26 33
41 27 8
41 28 2
41 29 9
41 30 44
41 31 29
41 32 20
41 33 11
41 34 9
41 35 6
41 36 40
41 37 26
41 38 41
41 39 8
41 40 38
