42
1 0 33
2 0 32
2 1 27
3 0 27
3 1 12
3 2 35
4 0 54
4 1 47
4 2 41
4 3 2
5 0 18
5 1 36
5 2 15
5 3 33
5 4 61
6 0 64
6 1 37
6 2 10
6 3 29
6 4 52
6 5 29
7 0 8
7 1 38
7 2 48
7 3 55
7 4 48
7 5 32
7 6 26
8 0 22
8 1 50
8 2 52
8 3 33
8 4 8
8 5 27
8 6 61
8 7 4
9 0 14
9 1 53
9 2 34
9 3 47
9 4 54
9 5 40
9 6 39
9 7 21
9 8 52
10 0 22
10 1 10
10 2 23
10 3 29
10 4 57
10 5 3
10 6 57
10 7 39
10 8 33
10 9 30
11 0 23
11 1 29
11 2 53
11 3 31
11 4 1
11 5 22
11 6 59
11 7 16
11 8 61
11 9 60
11 10 27
12 0 57
12 1 9
12 2 11
12 3 23
12 4 22
12 5 58
12 6 2
12 7 60
12 8 30
12 9 37
12 10 64
12 11 39
13 0 21
13 1 30
13 2 49
13 3 12
13 4 20
13 5 16
13 6 34
13 7 47
13 8 43
13 9 28
13 10 56
13 11 34
13 12 36
14 0 42
14 1 25
14 2 23
14 3 38
14 4 48
14 5 64
14 6 62
14 7 40
14 8 56
14 9 5
14 10 22
14 11 14
14 12 22
14 13 51
15 0 11
15 1 61
15 2 48
15 3 62
15 4 43
15 5 39
15 6 30
15 7 41
15 8 42
15 9 54
15 10 63
15 11 4
15 12 36
15 13 62
15 14 12
16 0 60
16 1 40
16 2 51
16 3 48
16 4 53
16 5 45
16 6 51
16 7 32
16 8 15
16 9 11
16 10 63
16 11 60
16 12 55
16 13 2
16 14 16
16 15 38
17 0 59
17 1 11
17 2 11
17 3 57
17 4 34
17 5 22
17 6 20
17 7 38
17 8 37
17 9 25
17 10 49
17 11 64
17 12 33
17 13 37
17 14 18
17 15 38
17 16 10
18 0 24
18 1 23
18 2 43
18 3 18
18 4 55
18 5 4
18 6 13
18 7 39
18 8 34
18 9 27
18 10 5
18 11 32
18 12 19
18 13 49
18 14 12
18 15 29
18 16 63
18 17 23
19 0 21
19 1 23
19 2 33
19 3 4
19 4 48
19 5 47
19 6 42
19 7 56
19 8 38
19 9 50
19 10 58
19 11 57
19 12 64
19 13 58
19 14 6
19 15 41
19 16 23
19 17 47
19 18 41
20 0 62
20 1 58
20 2 14
20 3 32
20 4 9
20 5 51
20 6 8
20 7 24
20 8 33
20 9 27
20 10 60
20 11 38
20 12 7
20 13 22
20 14 4
20 15 53
20 16 59
20 17 18
20 18 63
20 19 35
21 0 57
21 1 10
21 2 37
21 3 52
21 4 38
21 5 51
21 6 42
21 7 53
21 8 27
21 9 3
21 10 48
21 11 27
21 12 40
21 13 22
21 14 33
21 15 15
21 16 22
21 17 5
21 18 18
21 19 33
21 20 55
22 0 62
22 1 32
22 2 36
22 3 30
22 4 47
22 5 27
22 6 19
22 7 39
22 8 35
22 9 9
22 10 41
22 11 30
22 12 54
22 13 32
22 14 25
22 15 52
22 16 5
22 17 2
22 18 4
22 19 4
22 20 52
22 21 38
23 0 52
23 1 55
23 2 43
23 3 28
23 4 10
23 5 17
23 6 57
23 7 61
23 8 35
23 9 55
23 10 33
23 11 4
23 12 42
23 13 6
23 14 38
23 15 34
23 16 3
23 17 38
23 18 36
23 19 3
23 20 42
23 21 30
23 22 11
24 0 16
24 1 12
24 2 51
24 3 18
24 4 2
24 5 19
24 6 39
24 7 24
24 8 28
24 9 20
24 10 21
24 11 63
24 12 36
24 13 45
24 14 26
24 15 62
24 16 52
24 17 42
24 18 30
24 19 27
24 20 32
24 21 36
24 22 29
24 23 54
25 0 56
25 1 55
25 2 15
25 3 48
25 4 51
25 5 8
25 6 6
25 7 49
25 8 50
25 9 57
25 10 49
25 11 55
25 12 10
25 13 49
25 14 61
25 15 39
25 16 28
25 17 60
25 18 44
25 19 9
25 20 16
25 21 56
25 22 42
25 23 30
25 24 23
26 0 61
26 1 46
26 2 26
26 3 48
26 4 29
26 5 61
26 6 1
26 7 39
26 8 60
26 9 3
26 10 33
26 11 53
26 12 64
26 13 62
26 14 57
26 15 25
26 16 62
26 17 3
26 18 62
26 19 37
26 20 2
26 21 3
26 22 19
26 23 62
26 24 61
26 25 50
27 0 16
27 1 53
27 2 64
27 3 32
27 4 32
27 5 5
27 6 11
27 7 51
27 8 11
27 9 63
27 10 47
27 11 6
27 12 52
27 13 39
27 14 31
27 15 48
27 16 57
27 17 9
27 18 23
27 19 27
27 20 17
27 21 1
27 22 21
27 23 19
27 24 3
27 25 18
27 26 47
28 0 62
28 1 47
28 2 48
28 3 28
28 4 50
28 5 31
28 6 48
28 7 21
28 8 6
28 9 61
28 10 34
28 11 19
28 12 19
28 13 6
28 14 51
28 15 42
28 16 39
28 17 51
28 18 44
28 19 24
28 20 30
28 21 18
28 22 27
28 23 2
28 24 35
28 25 35
28 26 13
28 27 62
29 0 34
29 1 34
29 2 16
29 3 10
29 4 12
29 5 27
29 6 62
29 7 63
29 8 18
29 9 39
29 10 46
29 11 46
29 12 30
29 13 1
29 14 40
29 15 18
29 16 19
29 17 53
29 18 21
29 19 60
29 20 44
29 21 4
29 22 47
29 23 54
29 24 56
29 25 1
29 26 12
29 27 19
29 28 22
30 0 10
30 1 29
30 2 42
30 3 28
30 4 31
30 5 36
30 6 58
30 7 39
30 8 46
30 9 30
30 10 24
30 11 37
30 12 45
30 13 55
30 14 15
30 15 47
30 16 58
30 17 44
30 18 39
30 19 35
30 20 2
30 21 27
30 22 34
30 23 3
30 24 54
30 25 55
30 26 7
30 27 22
30 28 6
30 29 61
31 0 31
31 1 64
31 2 49
31 3 14
31 4 36
31 5 25
31 6 18
31 7 41
31 8 39
31 9 53
31 10 27
31 11 61
31 12 12
31 13 46
31 14 52
31 15 56
31 16 57
31 17 8
31 18 32
31 19 40
31 20 1
31 21 41
31 22 60
31 23 53
31 24 9
31 25 8
31 26 16
31 27 38
31 28 3
31 29 10
31 30 50
32 0 27
32 1 43
32 2 57
32 3 7
32 4 12
32 5 58
32 6 46
32 7 16
32 8 20
32 9 34
32 10 11
32 11 36
32 12 3
32 13 31
32 14 44
32 15 39
32 16 15
32 17 16
32 18 15
32 19 1
32 20 9
32 21 10
32 22 9
32 23 7
32 24 17
32 25 64
32 26 17
32 27 55
32 28 61
32 29 54
32 30 38
32 31 18
33 0 36
33 1 19
33 2 55
33 3 35
33 4 21
33 5 41
33 6 51
33 7 19
33 8 1
33 9 16
33 10 1
33 11 61
33 12 31
33 13 32
33 14 37
33 15 64
33 16 16
33 17 4
33 18 10
33 19 39
33 20 53
33 21 14
33 22 49
33 23 64
33 24 43
33 25 27
33 26 54
33 27 23
33 28 46
33 29 40
33 30 5
33 31 25
33 32 57
34 0 57
34 1 19
34 2 46
34 3 9
34 4 7
34 5 13
34 6 39
34 7 62
34 8 16
34 9 49
34 10 54
34 11 21
34 12 12
34 13 49
34 14 54
34 15 21
34 16 64
34 17 41
34 18 7
34 19 22
34 20 36
34 21 34
34 22 44
34 23 22
34 24 34
34 25 25
34 26 17
34 27 32
34 28 11
34 29 28
34 30 12
34 31 29
34 32 41
34 33 22
35 0 18
35 1 47
35 2 43
35 3 58
35 4 18
35 5 19
35 6 46
35 7 9
35 8 42
35 9 3
35 10 2
35 11 1
35 12 37
35 13 4
35 14 16
35 15 15
35 16 40
35 17 37
35 18 31
35 19 57
35 20 29
35 21 64
35 22 59
35 23 52
35 24 36
35 25 58
35 26 33
35 27 61
35 28 42
35 29 10
35 30 8
35 31 63
35 32 29
35 33 5
35 34 24
36 0 26
36 1 1
36 2 11
36 3 3
36 4 19
36 5 38
36 6 45
36 7 36
36 8 43
36 9 57
36 10 25
36 11 10
36 12 29
36 13 11
36 14 50
36 15 46
36 16 59
36 17 35
36 18 5
36 19 16
36 20 35
36 21 19
36 22 47
36 23 40
36 24 34
36 25 20
36 26 52
36 27 59
36 28 19
36 29 48
36 30 2
36 31 41
36 32 56
36 33 45
36 34 1
36 35 38
37 0 59
37 1 16
37 2 6
37 3 6
37 4 51
37 5 21
37 6 52
37 7 60
37 8 59
37 9 27
37 10 50
37 11 14
37 12 28
37 13 46
37 14 51
37 15 61
37 16 40
37 17 21
37 18 7
37 19 4
37 20 61
37 21 59
37 22 22
37 23 18
37 24 35
37 25 41
37 26 39
37 27 54
37 28 23
37 29 10
37 30 42
37 31 17
37 32 31
37 33 23
37 34 61
37 35 22
37 36 21
38 0 2
38 1 28
38 2 20
38 3 37
38 4 19
38 5 4
38 6 50
38 7 14
38 8 61
38 9 21
38 10 56
38 11 61
38 12 59
38 13 40
38 14 42
38 15 57
38 16 10
38 17 57
38 18 50
38 19 21
38 20 10
38 21 7
38 22 5
38 23 55
38 24 45
38 25 27
38 26 15
38 27 22
38 28 26
38 29 3
38 30 8
38 31 17
38 32 20
38 33 16
38 34 7
38 35 49
38 36 38
38 37 63
39 0 42
39 1 6
39 2 8
39 3 63
39 4 58
39 5 24
39 6 26
39 7 34
39 8 5
39 9 10
39 10 10
39 11 3
39 12 63
39 13 49
39 14 35
39 15 13
39 16 45
39 17 37
39 18 57
39 19 23
39 20 38
39 21 56
39 22 17
39 23 24
39 24 61
39 25 51
39 26 24
39 27 15
39 28 3
39 29 26
39 30 46
39 31 56
39 32 16
39 33 7
39 34 39
39 35 20
39 36 44
39 37 56
39 38 56
40 0 55
40 1 39
40 2 55
40 3 21
40 4 60
40 5 5
40 6 42
40 7 1
40 8 13
40 9 4
40 10 64
40 11 7
40 12 23
40 13 59
40 14 46
40 15 55
40 16 19
40 17 49
40 18 29
40 19 60
40 20 30
40 21 15
40 22 13
40 23 19
40 24 18
40 25 49
40 26 49
40 27 62
40 28 23
40 29 16
40 30 46
40 31 50
40 32 37
40 33 47
40 34 33
40 35 56
40 36 28
40 37 37
40 38 40
40 39 19
41 0 9
41 1 10
41 2 6
41 3 18
41 4 22
41 5 5
41 6 53
41 7 55
41 8 46
41 9 31
41 10 18
41 11 57
41 12 23
41 13 61
41 14 47
41 15 54
41 16 1
41 17 56
41 18 3
41 19 41
41 20 44
41 21 41
41 22 41
41 23 42
41 24 52
41 25 51
41 26 14
41 27 34
41 28 17
41 29 60
41 30 16
41 31 20
41 32 59
41 33 15
41 34 29
41 35 31
41 36 24
41 37 48
41 38 44
41 39 19
41 40 13
