51
1 0 2
3 1 1
5 0 2
5 1 1
5 3 2
6 0 1
6 2 2
6 3 1
6 5 2
7 3 2
8 0 1
8 2 2
8 5 1
8 6 1
8 7 2
9 0 1
9 1 2
9 2 1
9 3 1
9 4 2
9 5 1
9 7 1
9 8 1
10 0 2
10 1 1
10 2 1
10 4 1
10 8 1
10 9 2
11 0 1
11 2 1
11 3 1
11 4 2
11 5 1
11 7 1
12 2 2
12 5 2
12 7 2
13 0 2
13 2 2
13 6 1
13 8 1
13 9 1
13 10 2
14 1 2
14 2 2
14 5 2
14 6 2
14 9 1
14 13 1
15 3 2
15 6 1
15 7 2
15 8 2
15 10 2
15 11 2
15 13 2
16 0 2
16 1 1
16 2 1
16 3 2
16 6 2
16 8 1
16 9 2
16 10 2
16 11 2
17 2 1
17 3 1
17 4 2
17 9 2
17 12 2
17 14 2
17 15 2
17 16 2
18 0 1
18 1 1
18 3 1
18 5 2
18 8 2
18 9 2
18 11 1
18 12 2
18 16 2
18 17 2
19 6 2
19 11 1
19 12 2
19 13 1
19 17 1
20 0 2
20 1 2
20 4 1
20 8 2
20 9 1
20 17 2
20 18 1
20 19 2
21 0 1
21 4 2
21 5 1
21 6 1
21 10 1
21 13 2
21 14 1
21 17 2
21 18 2
22 0 1
22 3 2
22 6 2
22 7 2
22 9 2
22 10 2
22 11 1
22 12 2
22 13 1
22 16 1
22 17 2
22 18 2
22 19 1
22 20 2
23 0 1
23 2 1
23 5 1
23 6 2
23 7 1
23 9 2
23 11 1
23 13 2
23 14 2
23 17 1
23 18 2
23 20 2
23 21 2
24 1 1
24 3 1
24 5 2
24 6 2
24 7 1
24 12 1
24 15 2
24 16 1
24 17 2
24 18 1
24 21 1
24 22 1
24 23 2
25 1 1
25 3 1
25 4 1
25 10 1
25 12 1
25 15 2
25 22 1
26 2 2
26 3 1
26 4 2
26 6 2
26 7 1
26 9 1
26 11 2
26 17 2
26 18 2
26 21 2
26 22 2
26 23 1
26 24 1
27 0 2
27 1 1
27 2 2
27 3 1
27 5 1
27 9 1
27 11 1
27 13 2
27 16 1
27 18 1
27 21 1
27 23 1
27 25 1
28 1 2
28 3 1
28 4 1
28 5 1
28 7 1
28 10 1
28 11 2
28 13 2
28 15 2
28 17 1
28 18 1
28 19 1
28 22 2
28 26 1
28 27 1
29 2 1
29 4 1
29 7 2
29 10 1
29 12 2
29 13 1
29 16 2
29 17 2
29 20 2
29 21 2
29 23 1
29 27 1
30 0 2
30 1 2
30 2 2
30 6 2
30 7 2
30 8 2
30 9 1
30 13 1
30 15 1
30 17 1
30 18 2
30 19 2
30 21 1
30 22 1
30 23 2
30 24 2
30 25 2
30 27 1
30 29 2
31 0 1
31 1 2
31 6 2
31 7 2
31 8 2
31 9 2
31 11 1
31 16 1
31 18 2
31 22 2
31 24 2
31 25 1
31 26 1
32 0 1
32 1 2
32 4 1
32 7 2
32 9 1
32 10 1
32 13 2
32 14 2
32 16 1
32 19 1
32 22 1
32 23 2
32 26 1
32 27 2
32 28 2
32 31 1
33 0 1
33 1 2
33 3 1
33 5 2
33 8 2
33 12 2
33 15 2
33 16 1
33 20 1
33 22 1
33 24 2
33 26 2
33 27 2
33 31 1
33 32 2
34 1 2
34 4 2
34 6 1
34 7 1
34 10 2
34 13 2
34 15 2
34 16 1
34 18 1
34 20 2
34 21 1
34 26 1
34 27 2
34 28 2
34 29 2
34 32 2
34 33 1
35 0 2
35 1 2
35 4 2
35 5 1
35 9 1
35 10 1
35 14 1
35 17 1
35 18 1
35 20 1
35 21 2
35 23 2
35 24 1
35 25 2
35 27 2
35 29 1
35 30 1
35 33 1
35 34 1
36 6 2
36 8 1
36 10 1
36 11 1
36 12 2
36 13 2
36 14 1
36 15 2
36 18 1
36 20 1
36 21 1
36 22 2
36 26 2
36 32 2
36 34 2
36 35 1
37 0 1
37 3 2
37 4 1
37 7 2
37 10 2
37 12 1
37 13 1
37 16 1
37 17 1
37 18 2
37 24 2
37 26 2
37 28 1
37 30 2
37 34 2
37 35 2
37 36 2
38 0 1
38 3 1
38 5 2
38 8 2
38 9 1
38 11 2
38 13 1
38 15 2
38 16 2
38 17 1
38 18 1
38 27 1
38 29 2
38 30 1
38 31 1
38 32 2
38 33 1
38 34 1
38 35 1
39 0 1
39 1 1
39 2 2
39 4 1
39 5 2
39 6 2
39 8 1
39 10 1
39 15 1
39 16 2
39 17 1
39 20 2
39 23 1
39 28 1
39 29 1
39 30 2
39 36 2
39 38 1
40 2 1
40 3 2
40 6 1
40 9 1
40 11 1
40 13 1
40 16 2
40 18 2
40 19 1
40 20 2
40 21 1
40 22 2
40 24 1
40 28 2
40 29 2
40 31 1
40 32 2
40 33 2
40 34 1
40 39 1
41 0 2
41 1 1
41 4 2
41 6 1
41 10 1
41 11 1
41 13 2
41 15 1
41 17 1
41 18 1
41 19 1
41 20 1
41 23 2
41 26 2
41 27 2
41 29 2
41 33 2
41 37 1
41 38 1
41 39 1
41 40 2
42 0 2
42 1 1
42 2 1
42 3 2
42 4 1
42 5 2
42 7 2
42 8 2
42 10 2
42 12 2
42 13 2
42 15 1
42 19 2
42 23 2
42 24 1
42 26 1
42 28 1
42 32 2
42 34 1
42 37 1
42 38 1
42 39 1
42 40 2
43 2 1
43 6 1
43 8 1
43 10 2
43 11 1
43 12 1
43 14 2
43 15 1
43 16 2
43 18 1
43 19 2
43 22 1
43 23 2
43 25 1
43 28 1
43 30 1
43 32 1
43 33 2
43 36 2
43 37 1
43 38 2
43 39 2
43 40 2
43 41 1
43 42 2
44 1 2
44 2 2
44 3 2
44 5 2
44 8 2
44 12 2
44 14 2
44 15 2
44 17 2
44 18 2
44 21 2
44 24 1
44 28 1
44 29 2
44 30 1
44 32 2
44 33 1
44 36 1
44 38 2
44 39 1
44 40 2
44 42 2
44 43 1
45 0 1
45 1 2
45 2 2
45 11 2
45 14 2
45 18 2
45 19 2
45 21 2
45 23 1
45 25 2
45 26 2
45 27 1
45 31 2
45 32 2
45 33 2
45 34 2
45 35 1
45 36 2
45 37 2
45 39 2
45 41 1
45 43 2
45 44 1
46 0 1
46 2 2
46 6 2
46 7 2
46 8 2
46 9 1
46 10 1
46 12 1
46 14 1
46 15 2
46 17 1
46 18 2
46 20 2
46 23 2
46 25 1
46 26 2
46 27 1
46 28 1
46 29 1
46 30 2
46 31 1
46 35 1
46 39 2
46 42 1
46 43 2
46 44 2
47 3 1
47 4 2
47 8 2
47 9 2
47 13 2
47 14 2
47 16 2
47 21 1
47 22 2
47 23 2
47 24 1
47 25 2
47 27 1
47 28 2
47 30 1
47 32 1
47 33 1
47 34 2
47 35 1
47 37 2
47 40 1
47 41 2
47 43 1
48 0 2
48 5 2
48 6 1
48 7 2
48 9 1
48 10 2
48 12 2
48 13 1
48 14 2
48 15 2
48 16 1
48 19 1
48 20 2
48 21 2
48 23 1
48 25 1
48 26 1
48 31 1
48 32 1
48 33 2
48 34 1
48 37 1
48 38 2
48 39 1
48 41 2
48 47 2
49 2 2
49 3 2
49 6 2
49 7 2
49 9 1
49 10 2
49 13 1
49 15 2
49 17 1
49 18 1
49 25 1
49 26 2
49 28 1
49 30 2
49 31 2
49 33 2
49 35 2
49 38 2
49 40 1
49 41 1
49 42 1
49 43 2
49 44 2
49 45 2
49 46 1
49 48 1
50 1 1
50 4 1
50 5 2
50 11 2
50 14 1
50 16 1
50 19 1
50 22 1
50 23 1
50 24 1
50 26 2
50 28 2
50 30 1
50 31 1
50 34 1
50 39 2
50 40 1
50 42 1
50 43 2
50 46 1
50 47 2
50 49 1
