62
1 0 6
2 0 28
2 1 8
3 0 7
3 1 21
3 2 15
4 0 19
4 1 16
4 2 34
4 3 19
5 0 40
5 1 14
5 2 1
5 3 5
5 4 24
6 0 13
6 1 25
6 2 26
6 3 7
6 4 21
6 5 19
7 0 3
7 1 29
7 2 3
7 3 13
7 4 12
7 5 18
7 6 22
8 0 38
8 1 30
8 2 41
8 3 20
8 4 22
8 5 16
8 6 11
8 7 26
9 0 31
9 1 12
9 2 23
9 3 31
9 4 1
9 5 24
9 6 41
9 7 13
9 8 39
10 0 27
10 1 6
10 2 21
10 3 42
10 4 3
10 5 18
10 6 40
10 7 11
10 8 23
10 9 40
11 0 30
11 1 20
11 2 26
11 3 2
11 4 41
11 5 2
11 6 42
11 7 4
11 8 26
11 9 20
11 10 17
12 0 31
12 1 28
12 2 36
12 3 11
12 4 2
12 5 13
12 6 17
12 7 1
12 8 4
12 9 34
12 10 26
12 11 30
13 0 35
13 1 25
13 2 2
13 3 29
13 4 24
13 5 26
13 6 37
13 7 16
13 8 8
13 9 14
13 10 1
13 11 41
13 12 38
14 0 39
14 1 12
14 2 18
14 3 16
14 4 7
14 5 29
14 6 12
14 7 15
14 8 16
14 9 9
14 10 11
14 11 5
14 12 29
14 13 19
15 0 27
15 1 19
15 2 31
15 3 36
15 4 24
15 5 2
15 6 39
15 7 33
15 8 6
15 9 15
15 10 27
15 11 11
15 12 39
15 13 14
15 14 17
16 0 15
16 1 39
16 2 34
16 3 8
16 4 30
16 5 22
16 6 40
16 7 16
16 8 2
16 9 27
16 10 31
16 11 38
16 12 17
16 13 13
16 14 36
16 15 32
17 0 1
17 1 19
17 2 17
17 3 31
17 4 8
17 5 10
17 6 40
17 7 8
17 8 25
17 9 28
17 10 5
17 11 12
17 12 28
17 13 2
17 14 2
17 15 32
17 16 17
18 0 32
18 1 24
18 2 9
18 3 18
18 4 1
18 5 21
18 6 36
18 7 8
18 8 42
18 9 38
18 10 29
18 11 24
18 12 15
18 13 36
18 14 32
18 15 32
18 16 31
18 17 6
19 0 5
19 1 17
19 2 21
19 3 5
19 4 16
19 5 38
19 6 39
19 7 17
19 8 4
19 9 14
19 10 5
19 11 9
19 12 22
19 13 9
19 14 20
19 15 24
19 16 8
19 17 5
19 18 40
20 0 35
20 1 21
20 2 38
20 3 41
20 4 32
20 5 14
20 6 6
20 7 16
20 8 29
20 9 12
20 10 31
20 11 2
20 12 5
20 13 1
20 14 7
20 15 36
20 16 42
20 17 37
20 18 25
20 19 6
21 0 19
21 1 35
21 2 40
21 3 41
21 4 19
21 5 11
21 6 19
21 7 38
21 8 12
21 9 5
21 10 21
21 11 26
21 12 17
21 13 29
21 14 36
21 15 6
21 16 32
21 17 34
21 18 9
21 19 19
21 20 18
22 0 14
22 1 39
22 2 10
22 3 28
22 4 10
22 5 19
22 6 28
22 7 19
22 8 19
22 9 29
22 10 4
22 11 31
22 12 24
22 13 7
22 14 6
22 15 31
22 16 40
22 17 42
22 18 31
22 19 34
22 20 32
22 21 40
23 0 29
23 1 35
23 2 6
23 3 41
23 4 11
23 5 11
23 6 12
23 7 5
23 8 30
23 9 12
23 10 14
23 11 29
23 12 22
23 13 21
23 14 21
23 15 6
23 16 6
23 17 10
23 18 16
23 19 28
23 20 8
23 21 19
23 22 29
24 0 7
24 1 28
24 2 35
24 3 40
24 4 18
24 5 19
24 6 14
24 7 30
24 8 42
24 9 5
24 10 20
24 11 4
24 12 42
24 13 4
24 14 10
24 15 14
24 16 42
24 17 16
24 18 1
24 19 8
24 20 19
24 21 20
24 22 11
24 23 13
25 0 20
25 1 14
25 2 28
25 3 13
25 4 8
25 5 18
25 6 7
25 7 38
25 8 6
25 9 9
25 10 37
25 11 9
25 12 23
25 13 19
25 14 31
25 15 16
25 16 33
25 17 14
25 18 38
25 19 10
25 20 4
25 21 28
25 22 28
25 23 36
25 24 11
26 0 38
26 1 21
26 2 11
26 3 2
26 4 2
26 5 40
26 6 1
26 7 31
26 8 8
26 9 42
26 10 21
26 11 22
26 12 21
26 13 9
26 14 14
26 15 38
26 16 8
26 17 38
26 18 3
26 19 40
26 20 2
26 21 7
26 22 7
26 23 31
26 24 6
26 25 22
27 0 33
27 1 13
27 2 4
27 3 5
27 4 9
27 5 10
27 6 34
27 7 11
27 8 20
27 9 17
27 10 28
27 11 27
27 12 40
27 13 25
27 14 28
27 15 4
27 16 27
27 17 4
27 18 32
27 19 12
27 20 22
27 21 15
27 22 26
27 23 14
27 24 20
27 25 20
27 26 21
28 0 19
28 1 11
28 2 41
28 3 34
28 4 41
28 5 21
28 6 3
28 7 30
28 8 14
28 9 4
28 10 23
28 11 39
28 12 3
28 13 14
28 14 42
28 15 9
28 16 36
28 17 15
28 18 33
28 19 26
28 20 35
28 21 2
28 22 2
28 23 12
28 24 41
28 25 17
28 26 2
28 27 12
29 0 26
29 1 41
29 2 36
29 3 2
29 4 30
29 5 38
29 6 40
29 7 3
29 8 32
29 9 30
29 10 36
29 11 5
29 12 26
29 13 30
29 14 33
29 15 12
29 16 16
29 17 35
29 18 17
29 19 2
29 20 8
29 21 16
29 22 21
29 23 39
29 24 29
29 25 25
29 26 33
29 27 39
29 28 12
30 0 18
30 1 28
30 2 31
30 3 25
30 4 26
30 5 7
30 6 40
30 7 36
30 8 13
30 9 35
30 10 8
30 11 33
30 12 17
30 13 23
30 14 8
30 15 24
30 16 32
30 17 38
30 18 6
30 19 37
30 20 28
30 21 34
30 22 3
30 23 32
30 24 9
30 25 5
30 26 21
30 27 14
30 28 35
30 29 15
31 0 13
31 1 7
31 2 23
31 3 28
31 4 13
31 5 8
31 6 9
31 7 14
31 8 21
31 9 5
31 10 26
31 11 8
31 12 42
31 13 32
31 14 7
31 15 7
31 16 1
31 17 17
31 18 18
31 19 38
31 20 7
31 21 2
31 22 7
31 23 24
31 24 30
31 25 34
31 26 5
31 27 21
31 28 13
31 29 1
31 30 40
32 0 11
32 1 37
32 2 4
32 3 10
32 4 28
32 5 5
32 6 37
32 7 5
32 8 33
32 9 4
32 10 26
32 11 5
32 12 17
32 13 36
32 14 40
32 15 10
32 16 7
32 17 6
32 18 28
32 19 22
32 20 10
32 21 11
32 22 30
32 23 15
32 24 31
32 25 2
32 26 9
32 27 15
32 28 30
32 29 17
32 30 11
32 31 33
33 0 28
33 1 39
33 2 21
33 3 23
33 4 3
33 5 8
33 6 6
33 7 19
33 8 34
33 9 6
33 10 36
33 11 4
33 12 14
33 13 34
33 14 20
33 15 26
33 16 7
33 17 17
33 18 25
33 19 15
33 20 17
33 21 32
33 22 20
33 23 39
33 24 24
33 25 29
33 26 42
33 27 12
33 28 20
33 29 42
33 30 12
33 31 39
33 32 9
34 0 25
34 1 15
34 2 6
34 3 25
34 4 17
34 5 6
34 6 3
34 7 12
34 8 14
34 9 12
34 10 1
34 11 30
34 12 18
34 13 1
34 14 1
34 15 17
34 16 2
34 17 34
34 18 38
34 19 18
34 20 15
34 21 16
34 22 14
34 23 4
34 24 1
34 25 37
34 26 17
34 27 28
34 28 18
34 29 23
34 30 30
34 31 15
34 32 42
34 33 33
35 0 12
35 1 33
35 2 22
35 3 7
35 4 24
35 5 2
35 6 16
35 7 33
35 8 19
35 9 29
35 10 3
35 11 11
35 12 38
35 13 9
35 14 30
35 15 30
35 16 31
35 17 21
35 18 9
35 19 15
35 20 35
35 21 27
35 22 42
35 23 33
35 24 16
35 25 39
35 26 9
35 27 14
35 28 12
35 29 1
35 30 5
35 31 17
35 32 38
35 33 22
35 34 14
36 0 7
36 1 13
36 2 20
36 3 12
36 4 10
36 5 4
36 6 21
36 7 31
36 8 17
36 9 23
36 10 29
36 11 24
36 12 6
36 13 8
36 14 15
36 15 38
36 16 32
36 17 19
36 18 12
36 19 14
36 20 19
36 21 42
36 22 6
36 23 5
36 24 9
36 25 24
36 26 1
36 27 41
36 28 3
36 29 28
36 30 25
36 31 22
36 32 12
36 33 21
36 34 3
36 35 11
37 0 2
37 1 39
37 2 36
37 3 7
37 4 34
37 5 3
37 6 3
37 7 8
37 8 33
37 9 9
37 10 39
37 11 21
37 12 39
37 13 4
37 14 22
37 15 22
37 16 34
37 17 16
37 18 41
37 19 5
37 20 28
37 21 15
37 22 29
37 23 23
37 24 10
37 25 38
37 26 9
37 27 35
37 28 18
37 29 9
37 30 37
37 31 32
37 32 27
37 33 4
37 34 20
37 35 37
37 36 16
38 0 18
38 1 16
38 2 30
38 3 33
38 4 24
38 5 35
38 6 28
38 7 29
38 8 20
38 9 29
38 10 31
38 11 30
38 12 32
38 13 18
38 14 22
38 15 19
38 16 12
38 17 16
38 18 36
38 19 26
38 20 31
38 21 21
38 22 42
38 23 31
38 24 17
38 25 7
38 26 24
38 27 3
38 28 1
38 29 32
38 30 7
38 31 10
38 32 20
38 33 39
38 34 36
38 35 11
38 36 31
38 37 38
39 0 22
39 1 38
39 2 11
39 3 23
39 4 4
39 5 12
39 6 31
39 7 14
39 8 38
39 9 15
39 10 39
39 11 39
39 12 1
39 13 25
39 14 3
39 15 4
39 16 36
39 17 9
39 18 39
39 19 35
39 20 31
39 21 21
39 22 19
39 23 7
39 24 8
39 25 6
39 26 42
39 27 32
39 28 36
39 29 33
39 30 2
39 31 30
39 32 36
39 33 1
39 34 2
39 35 32
39 36 17
39 37 24
39 38 8
40 0 39
40 1 9
40 2 23
40 3 34
40 4 13
40 5 8
40 6 35
40 7 26
40 8 29
40 9 15
40 10 3
40 11 23
40 12 42
40 13 31
40 14 28
40 15 18
40 16 33
40 17 38
40 18 3
40 19 31
40 20 14
40 21 24
40 22 1
40 23 25
40 24 5
40 25 2
40 26 23
40 27 14
40 28 22
40 29 20
40 30 41
40 31 15
40 32 13
40 33 32
40 34 7
40 35 16
40 36 3
40 37 31
40 38 36
40 39 40
41 0 18
41 1 24
41 2 21
41 3 5
41 4 20
41 5 15
41 6 25
41 7 16
41 8 38
41 9 10
41 10 31
41 11 18
41 12 40
41 13 23
41 14 6
41 15 19
41 16 32
41 17 2
41 18 26
41 19 29
41 20 42
41 21 40
41 22 38
41 23 35
41 24 4
41 25 10
41 26 39
41 27 5
41 28 37
41 29 4
41 30 17
41 31 22
41 32 26
41 33 29
41 34 1
41 35 16
41 36 18
41 37 37
41 38 40
41 39 3
41 40 23
42 0 40
42 1 7
42 2 32
42 3 14
42 4 42
42 5 17
42 6 19
42 7 29
42 8 26
42 9 24
42 10 29
42 11 36
42 12 17
42 13 9
42 14 26
42 15 35
42 16 34
42 17 21
42 18 23
42 19 5
42 20 41
42 21 6
42 22 28
42 23 5
42 24 7
42 25 5
42 26 9
42 27 31
42 28 41
42 29 26
42 30 32
42 31 39
42 32 35
42 33 5
42 34 24
42 35 4
42 36 33
42 37 32
42 38 19
42 39 32
42 40 6
42 41 15
43 0 38
43 1 37
43 2 16
43 3 31
43 4 7
43 5 24
43 6 5
43 7 7
43 8 10
43 9 13
43 10 10
43 11 4
43 12 31
43 13 40
43 14 27
43 15 28
43 16 20
43 17 28
43 18 35
43 19 13
43 20 3
43 21 3
43 22 26
43 23 32
43 24 30
43 25 14
43 26 24
43 27 9
43 28 10
43 29 12
43 30 33
43 31 10
43 32 3
43 33 18
43 34 20
43 35 38
43 36 15
43 37 17
43 38 11
43 39 14
43 40 35
43 41 33
43 42 2
44 0 11
44 1 40
44 2 35
44 3 1
44 4 24
44 5 9
44 6 13
44 7 5
44 8 42
44 9 8
44 10 13
44 11 3
44 12 4
44 13 6
44 14 7
44 15 33
44 16 23
44 17 25
44 18 20
44 19 18
44 20 6
44 21 42
44 22 42
44 23 9
44 24 7
44 25 26
44 26 42
44 27 37
44 28 42
44 29 7
44 30 1
44 31 35
44 32 42
44 33 26
44 34 26
44 35 21
44 36 11
44 37 23
44 38 7
44 39 3
44 40 22
44 41 31
44 42 32
44 43 42
45 0 23
45 1 1
45 2 8
45 3 25
45 4 29
45 5 12
45 6 1
45 7 36
45 8 13
45 9 28
45 10 31
45 11 11
45 12 23
45 13 36
45 14 5
45 15 10
45 16 14
45 17 7
45 18 16
45 19 14
45 20 30
45 21 2
45 22 40
45 23 25
45 24 7
45 25 34
45 26 29
45 27 19
45 28 2
45 29 41
45 30 41
45 31 11
45 32 17
45 33 25
45 34 3
45 35 3
45 36 14
45 37 8
45 38 26
45 39 24
45 40 35
45 41 10
45 42 41
45 43 14
45 44 12
46 0 25
46 1 8
46 2 3
46 3 9
46 4 42
46 5 22
46 6 27
46 7 13
46 8 28
46 9 31
46 10 7
46 11 15
46 12 20
46 13 31
46 14 31
46 15 27
46 16 28
46 17 14
46 18 36
46 19 22
46 20 17
46 21 5
46 22 4
46 23 20
46 24 10
46 25 20
46 26 2
46 27 3
46 28 2
46 29 32
46 30 11
46 31 9
46 32 37
46 33 31
46 34 37
46 35 32
46 36 42
46 37 40
46 38 10
46 39 30
46 40 38
46 41 26
46 42 20
46 43 41
46 44 14
46 45 7
47 0 38
47 1 35
47 2 8
47 3 30
47 4 39
47 5 27
47 6 7
47 7 29
47 8 21
47 9 38
47 10 19
47 11 38
47 12 25
47 13 14
47 14 32
47 15 17
47 16 2
47 17 15
47 18 19
47 19 2
47 20 30
47 21 35
47 22 33
47 23 24
47 24 1
47 25 18
47 26 17
47 27 27
47 28 8
47 29 33
47 30 14
47 31 17
47 32 29
47 33 3
47 34 24
47 35 37
47 36 32
47 37 4
47 38 37
47 39 34
47 40 41
47 41 31
47 42 2
47 43 31
47 44 20
47 45 13
47 46 9
48 0 1
48 1 37
48 2 21
48 3 27
48 4 25
48 5 15
48 6 24
48 7 12
48 8 7
48 9 12
48 10 5
48 11 39
48 12 28
48 13 16
48 14 32
48 15 32
48 16 36
48 17 21
48 18 13
48 19 22
48 20 6
48 21 36
48 22 11
48 23 35
48 24 30
48 25 10
48 26 40
48 27 17
48 28 42
48 29 38
48 30 25
48 31 26
48 32 1
48 33 7
48 34 27
48 35 21
48 36 24
48 37 12
48 38 39
48 39 28
48 40 1
48 41 35
48 42 42
48 43 20
48 44 40
48 45 29
48 46 25
48 47 10
49 0 22
49 1 20
49 2 22
49 3 18
49 4 34
49 5 41
49 6 3
49 7 29
49 8 14
49 9 39
49 10 42
49 11 3
49 12 14
49 13 3
49 14 12
49 15 21
49 16 27
49 17 21
49 18 26
49 19 34
49 20 24
49 21 32
49 22 11
49 23 21
49 24 15
49 25 41
49 26 23
49 27 10
49 28 28
49 29 7
49 30 7
49 31 30
49 32 25
49 33 21
49 34 9
49 35 19
49 36 31
49 37 5
49 38 27
49 39 17
49 40 36
49 41 31
49 42 8
49 43 37
49 44 25
49 45 10
49 46 20
49 47 32
49 48 22
50 0 35
50 1 22
50 2 3
50 3 37
50 4 34
50 5 32
50 6 31
50 7 39
50 8 22
50 9 36
50 10 27
50 11 19
50 12 18
50 13 5
50 14 23
50 15 32
50 16 11
50 17 42
50 18 19
50 19 39
50 20 24
50 21 27
50 22 16
50 23 9
50 24 18
50 25 14
50 26 39
50 27 13
50 28 28
50 29 34
50 30 29
50 31 9
50 32 16
50 33 14
50 34 23
50 35 9
50 36 11
50 37 2
50 38 29
50 39 22
50 40 39
50 41 11
50 42 18
50 43 39
50 44 30
50 45 20
50 46 20
50 47 2
50 48 13
50 49 5
51 0 5
51 1 37
51 2 41
51 3 1
51 4 18
51 5 28
51 6 33
51 7 9
51 8 26
51 9 12
51 10 31
51 11 40
51 12 1
51 13 29
51 14 30
51 15 16
51 16 15
51 17 7
51 18 33
51 19 29
51 20 6
51 21 22
51 22 5
51 23 40
51 24 28
51 25 9
51 26 34
51 27 40
51 28 31
51 29 2
51 30 41
51 31 38
51 32 42
51 33 15
51 34 13
51 35 15
51 36 33
51 37 14
51 38 32
51 39 7
51 40 27
51 41 6
51 42 39
51 43 8
51 44 40
51 45 38
51 46 31
51 47 41
51 48 19
51 49 29
51 50 39
52 0 31
52 1 16
52 2 16
52 3 32
52 4 12
52 5 32
52 6 20
52 7 6
52 8 33
52 9 41
52 10 28
52 11 23
52 12 17
52 13 18
52 14 30
52 15 40
52 16 23
52 17 9
52 18 28
52 19 17
52 20 24
52 21 5
52 22 31
52 23 38
52 24 39
52 25 7
52 26 13
52 27 35
52 28 33
52 29 26
52 30 31
52 31 8
52 32 10
52 33 4
52 34 7
52 35 6
52 36 22
52 37 21
52 38 19
52 39 34
52 40 40
52 41 18
52 42 24
52 43 7
52 44 37
52 45 29
52 46 25
52 47 30
52 48 7
52 49 41
52 50 2
52 51 1
53 0 18
53 1 22
53 2 35
53 3 19
53 4 11
53 5 37
53 6 17
53 7 31
53 8 20
53 9 24
53 10 29
53 11 39
53 12 33
53 13 26
53 14 9
53 15 10
53 16 11
53 17 2
53 18 2
53 19 25
53 20 40
53 21 34
53 22 29
53 23 42
53 24 13
53 25 40
53 26 13
53 27 34
53 28 9
53 29 37
53 30 10
53 31 1
53 32 34
53 33 32
53 34 22
53 35 25
53 36 16
53 37 35
53 38 9
53 39 29
53 40 11
53 41 41
53 42 42
53 43 21
53 44 2
53 45 33
53 46 18
53 47 31
53 48 41
53 49 3
53 50 30
53 51 2
53 52 8
54 0 17
54 1 36
54 2 4
54 3 39
54 4 15
54 5 20
54 6 1
54 7 17
54 8 13
54 9 3
54 10 6
54 11 19
54 12 9
54 13 35
54 14 26
54 15 13
54 16 17
54 17 40
54 18 18
54 19 13
54 20 19
54 21 24
54 22 13
54 23 11
54 24 2
54 25 2
54 26 3
54 27 24
54 28 29
54 29 6
54 30 17
54 31 24
54 32 6
54 33 7
54 34 26
54 35 34
54 36 41
54 37 22
54 38 24
54 39 39
54 40 12
54 41 31
54 42 13
54 43 14
54 44 32
54 45 9
54 46 3
54 47 10
54 48 23
54 49 14
54 50 9
54 51 19
54 52 26
54 53 20
55 0 31
55 1 37
55 2 19
55 3 42
55 4 22
55 5 37
55 6 21
55 7 29
55 8 31
55 9 1
55 10 24
55 11 29
55 12 29
55 13 15
55 14 42
55 15 9
55 16 11
55 17 33
55 18 19
55 19 23
55 20 34
55 21 3
55 22 32
55 23 3
55 24 32
55 25 8
55 26 38
55 27 14
55 28 35
55 29 23
55 30 4
55 31 12
55 32 9
55 33 38
55 34 31
55 35 23
55 36 5
55 37 12
55 38 28
55 39 40
55 40 40
55 41 1
55 42 38
55 43 38
55 44 23
55 45 34
55 46 23
55 47 6
55 48 20
55 49 20
55 50 5
55 51 15
55 52 10
55 53 24
55 54 7
56 0 15
56 1 38
56 2 20
56 3 33
56 4 23
56 5 31
56 6 4
56 7 25
56 8 32
56 9 14
56 10 27
56 11 13
56 12 32
56 13 32
56 14 3
56 15 39
56 16 14
56 17 32
56 18 5
56 19 2
56 20 8
56 21 23
56 22 35
56 23 37
56 24 14
56 25 8
56 26 17
56 27 13
56 28 4
56 29 23
56 30 22
56 31 21
56 32 41
56 33 1
56 34 11
56 35 7
56 36 36
56 37 38
56 38 33
56 39 38
56 40 14
56 41 30
56 42 2
56 43 13
56 44 2
56 45 10
56 46 7
56 47 25
56 48 19
56 49 33
56 50 18
56 51 25
56 52 21
56 53 6
56 54 41
56 55 15
57 0 32
57 1 1
57 2 22
57 3 33
57 4 13
57 5 4
57 6 38
57 7 36
57 8 20
57 9 4
57 10 2
57 11 36
57 12 36
57 13 1
57 14 41
57 15 41
57 16 26
57 17 10
57 18 16
57 19 28
57 20 31
57 21 9
57 22 22
57 23 26
57 24 35
57 25 24
57 26 13
57 27 42
57 28 31
57 29 41
57 30 13
57 31 20
57 32 32
57 33 12
57 34 31
57 35 2
57 36 29
57 37 28
57 38 21
57 39 2
57 40 18
57 41 19
57 42 14
57 43 15
57 44 18
57 45 20
57 46 10
57 47 35
57 48 38
57 49 38
57 50 28
57 51 41
57 52 23
57 53 14
57 54 30
57 55 26
57 56 12
58 0 25
58 1 29
58 2 17
58 3 16
58 4 37
58 5 34
58 6 36
58 7 34
58 8 40
58 9 25
58 10 19
58 11 26
58 12 22
58 13 24
58 14 23
58 15 3
58 16 40
58 17 41
58 18 1
58 19 10
58 20 13
58 21 39
58 22 33
58 23 35
58 24 40
58 25 12
58 26 33
58 27 6
58 28 8
58 29 18
58 30 37
58 31 25
58 32 12
58 33 32
58 34 35
58 35 41
58 36 39
58 37 2
58 38 17
58 39 32
58 40 33
58 41 29
58 42 7
58 43 29
58 44 14
58 45 7
58 46 21
58 47 33
58 48 39
58 49 34
58 50 1
58 51 16
58 52 15
58 53 28
58 54 11
58 55 31
58 56 36
58 57 17
59 0 17
59 1 29
59 2 18
59 3 2
59 4 20
59 5 36
59 6 4
59 7 18
59 8 6
59 9 30
59 10 19
59 11 25
59 12 8
59 13 25
59 14 11
59 15 7
59 16 6
59 17 12
59 18 16
59 19 35
59 20 33
59 21 27
59 22 9
59 23 8
59 24 17
59 25 31
59 26 9
59 27 38
59 28 42
59 29 14
59 30 16
59 31 27
59 32 2
59 33 15
59 34 26
59 35 6
59 36 7
59 37 9
59 38 23
59 39 36
59 40 3
59 41 37
59 42 3
59 43 27
59 44 24
59 45 37
59 46 28
59 47 19
59 48 15
59 49 41
59 50 19
59 51 3
59 52 6
59 53 38
59 54 9
59 55 22
59 56 6
59 57 29
59 58 12
60 0 18
60 1 42
60 2 7
60 3 26
60 4 21
60 5 34
60 6 35
60 7 22
60 8 1
60 9 22
60 10 11
60 11 9
60 12 2
60 13 12
60 14 21
60 15 31
60 16 21
60 17 8
60 18 12
60 19 6
60 20 22
60 21 25
60 22 9
60 23 38
60 24 37
60 25 42
60 26 26
60 27 39
60 28 31
60 29 3
60 30 20
60 31 35
60 32 38
60 33 24
60 34 7
60 35 42
60 36 39
60 37 32
60 38 38
60 39 39
60 40 11
60 41 40
60 42 25
60 43 31
60 44 11
60 45 16
60 46 30
60 47 31
60 48 3
60 49 2
60 50 6
60 51 28
60 52 29
60 53 28
60 54 31
60 55 31
60 56 11
60 57 29
60 58 4
60 59 40
61 0 36
61 1 3
61 2 35
61 3 39
61 4 18
61 5 15
61 6 6
61 7 13
61 8 35
61 9 38
61 10 40
61 11 32
61 12 9
61 13 29
61 14 16
61 15 40
61 16 29
61 17 40
61 18 21
61 19 33
61 20 20
61 21 20
61 22 38
61 23 4
61 24 38
61 25 14
61 26 9
61 27 25
61 28 35
61 29 16
61 30 20
61 31 24
61 32 25
61 33 40
61 34 22
61 35 26
61 36 42
61 37 17
61 38 18
61 39 31
61 40 29
61 41 13
61 42 21
61 43 5
61 44 24
61 45 36
61 46 34
61 47 33
61 48 38
61 49 25
61 50 42
61 51 40
61 52 22
61 53 7
61 54 34
61 55 9
61 56 18
61 57 15
61 58 27
61 59 33
61 60 10
