27
3 0 62
3 2 51
4 2 10
4 3 22
5 2 58
5 4 23
6 1 4
6 2 39
6 3 58
6 4 36
7 1 45
7 4 55
7 5 32
7 6 60
8 4 23
9 0 29
9 2 9
9 5 58
9 6 22
9 7 1
9 8 39
10 0 57
10 1 25
10 2 38
10 3 40
10 4 55
10 5 50
10 6 28
11 1 1
11 2 25
11 4 25
11 5 47
11 6 58
11 8 11
12 0 43
12 1 58
12 2 14
12 4 5
12 8 43
12 11 34
13 1 58
13 2 44
13 3 48
13 8 41
14 0 3
14 3 30
14 6 29
14 9 37
14 11 20
14 12 54
14 13 17
15 0 7
15 1 28
15 2 14
15 3 32
15 4 23
15 5 55
15 7 27
15 8 8
15 9 39
15 10 45
15 13 24
15 14 9
16 2 46
16 3 49
16 6 1
16 7 50
16 8 12
16 10 8
16 11 15
16 13 49
16 14 7
17 1 28
17 2 42
17 3 9
17 4 12
17 6 61
17 8 30
17 12 25
17 15 62
17 16 53
18 3 15
18 4 14
18 6 53
18 7 5
18 8 41
18 9 33
18 11 54
18 12 16
18 13 60
18 17 39
19 0 43
19 1 12
19 3 8
19 10 5
19 11 21
19 12 3
19 15 56
20 0 32
20 1 43
20 2 45
20 3 52
20 5 27
20 9 20
20 13 42
20 14 29
20 15 55
21 1 28
21 2 44
21 4 44
21 5 35
21 7 36
21 9 11
21 10 48
21 11 45
21 12 18
21 13 59
21 14 1
21 16 47
21 17 34
21 18 30
21 20 16
22 0 34
22 3 54
22 4 13
22 8 58
22 9 30
22 10 10
22 14 11
22 15 23
22 21 17
23 0 12
23 6 2
23 7 28
23 8 34
23 9 50
23 11 32
23 13 40
23 14 56
23 16 13
23 17 23
23 18 43
23 19 5
24 0 2
24 1 22
24 2 29
24 3 44
24 5 50
24 8 38
24 10 18
24 11 54
24 13 10
24 14 51
24 17 22
24 18 14
24 19 41
24 20 33
24 21 50
25 2 56
25 4 62
25 6 36
25 7 26
25 10 58
25 11 20
25 16 37
25 17 10
25 20 42
25 22 45
25 24 36
26 0 43
26 2 54
26 6 17
26 10 31
26 12 59
26 21 9
26 22 38
