22
1 0 36
3 0 36
3 1 8
4 1 33
5 0 9
5 2 8
5 3 33
6 1 14
6 2 47
7 1 32
8 6 23
8 7 49
9 1 1
9 2 29
9 4 4
10 5 20
10 7 38
11 0 33
11 2 29
11 3 18
11 4 43
11 5 44
11 6 43
11 7 26
11 8 6
12 1 14
12 3 17
12 4 31
12 6 47
12 8 15
12 9 19
13 2 32
13 3 11
13 5 2
13 6 40
13 7 25
13 8 3
13 9 23
13 11 46
13 12 24
14 1 10
14 3 31
14 5 36
14 6 48
14 8 13
14 12 3
15 0 31
15 1 44
15 2 25
15 4 7
15 5 34
15 6 36
15 10 24
15 11 17
15 14 11
16 1 34
16 4 39
16 9 33
16 11 1
16 12 46
16 13 36
17 0 43
17 2 20
17 6 4
17 13 4
17 15 6
17 16 21
18 0 5
18 1 24
18 2 26
18 3 8
18 5 40
18 6 30
18 10 36
18 11 17
18 12 34
18 13 12
18 14 38
19 6 36
19 9 25
19 10 33
19 11 9
19 13 44
19 17 13
19 18 34
20 0 43
20 1 48
20 2 34
20 3 8
20 5 34
20 6 35
20 8 26
20 9 21
20 10 36
20 11 36
20 13 3
20 14 5
20 19 14
21 4 1
21 6 3
21 8 12
21 9 18
21 10 23
21 11 22
21 12 7
21 14 6
21 16 31
21 18 17
21 20 36
