42
2 0 33
3 2 13
4 0 33
6 1 31
6 2 26
6 3 30
6 5 7
7 2 9
7 3 24
7 4 7
7 5 28
8 0 18
8 2 9
8 4 2
8 5 34
8 7 2
9 0 33
9 1 16
9 2 32
9 3 41
9 4 25
9 6 5
9 8 28
10 1 6
10 2 40
10 3 3
10 5 20
10 7 6
10 8 25
10 9 6
11 0 9
11 3 31
11 4 27
11 8 40
12 0 30
12 1 24
12 2 22
12 5 34
12 8 11
12 9 38
12 11 35
13 1 3
13 6 36
13 8 27
13 9 38
13 10 37
13 11 3
13 12 38
14 1 39
14 2 14
14 3 4
14 4 19
14 7 29
14 9 22
14 11 38
14 13 34
15 1 14
15 2 29
15 3 27
15 5 27
15 7 26
15 8 4
15 9 27
15 12 11
16 0 23
16 2 15
16 3 16
16 4 30
16 7 29
16 8 9
16 11 13
16 12 19
17 7 39
17 9 39
17 11 26
17 13 27
17 14 24
17 16 15
18 1 29
18 2 31
18 4 5
18 5 14
18 8 22
18 9 18
18 13 33
18 16 34
18 17 29
19 0 38
19 1 36
19 6 21
19 8 27
19 13 36
19 16 28
19 18 26
20 0 39
20 2 1
20 4 16
20 6 2
20 8 13
20 11 9
20 12 9
20 13 11
20 15 11
20 16 6
20 17 17
20 19 15
21 4 19
21 6 24
21 8 31
21 10 7
21 11 7
21 13 18
21 15 22
21 16 2
21 18 15
21 20 21
22 0 32
22 1 15
22 2 42
22 3 18
22 7 21
22 9 18
22 12 33
22 13 30
22 15 20
22 16 9
22 17 16
22 20 28
23 1 13
23 3 34
23 5 38
23 7 5
23 8 23
23 9 32
23 12 11
23 14 30
23 15 9
23 17 42
23 19 13
23 21 29
23 22 1
24 0 1
24 1 31
24 4 3
24 6 40
24 8 35
24 10 26
24 11 32
24 12 27
24 13 6
24 14 25
24 16 30
24 18 26
24 20 8
24 21 37
24 22 37
24 23 5
25 2 14
25 3 6
25 5 31
25 6 34
25 7 31
25 10 3
25 12 3
25 13 38
25 14 12
25 15 38
25 17 13
25 19 36
25 21 41
25 24 4
26 1 21
26 5 33
26 7 40
26 9 13
26 10 40
26 11 14
26 14 36
26 16 23
26 17 33
26 18 36
26 20 10
26 23 32
27 1 11
27 3 27
27 5 42
27 10 30
27 15 32
27 16 11
27 17 12
27 19 8
27 20 35
27 21 3
27 22 8
27 23 19
27 26 10
28 1 41
28 4 16
28 9 3
28 13 40
28 17 25
28 19 3
28 22 13
28 24 21
29 1 39
29 2 23
29 3 16
29 6 2
29 7 8
29 9 31
29 10 27
29 11 16
29 12 39
29 13 14
29 17 26
29 18 25
29 19 21
29 23 12
29 24 34
29 25 32
29 26 2
29 27 38
30 0 36
30 1 24
30 3 14
30 4 20
30 5 11
30 9 2
30 10 21
30 12 33
30 13 23
30 15 41
30 16 40
30 27 12
31 0 31
31 2 2
31 3 10
31 5 9
31 6 25
31 7 3
31 9 18
31 10 25
31 12 33
31 16 15
31 20 31
31 21 20
31 26 4
31 27 31
32 1 6
32 3 37
32 5 28
32 7 26
32 11 33
32 14 31
32 17 17
32 19 24
32 21 30
32 23 35
32 25 41
32 27 7
32 30 42
33 0 10
33 1 22
33 2 20
33 4 1
33 6 6
33 8 9
33 9 30
33 12 37
33 19 21
33 20 41
33 28 28
33 32 19
34 1 39
34 3 11
34 5 31
34 6 41
34 10 15
34 11 34
34 12 11
34 13 17
34 15 31
34 16 3
34 18 29
34 19 11
34 20 5
34 21 12
34 22 42
34 24 38
34 26 35
34 28 21
34 29 15
34 30 3
34 31 28
35 0 33
35 1 36
35 2 7
35 4 30
35 5 10
35 6 23
35 9 28
35 14 26
35 15 41
35 16 14
35 17 21
35 22 19
35 25 9
35 26 25
35 27 37
35 28 41
35 31 9
35 33 27
35 34 13
36 0 17
36 3 8
36 4 27
36 6 37
36 7 38
36 8 23
36 10 25
36 14 17
36 15 33
36 16 18
36 18 41
36 20 23
36 21 7
36 22 33
36 25 3
36 26 21
36 28 37
36 29 27
36 31 2
36 32 17
36 33 14
36 34 10
36 35 8
37 3 14
37 6 9
37 7 9
37 8 17
37 9 4
37 10 31
37 11 36
37 12 29
37 13 16
37 14 32
37 16 11
37 17 28
37 18 38
37 20 2
37 22 15
37 26 26
37 31 34
37 33 4
37 35 33
37 36 7
38 0 31
38 1 15
38 4 3
38 5 20
38 6 16
38 7 14
38 8 36
38 10 11
38 11 18
38 16 1
38 17 39
38 18 11
38 20 11
38 21 6
38 23 16
38 24 13
38 28 22
38 30 22
38 31 8
38 32 20
38 33 4
38 35 21
38 36 14
38 37 5
39 1 5
39 2 39
39 4 23
39 7 28
39 9 39
39 11 38
39 12 41
39 14 33
39 16 9
39 18 34
39 22 33
39 23 15
39 26 35
39 27 11
39 30 5
39 34 6
39 35 6
39 36 25
39 38 10
40 0 15
40 1 42
40 3 35
40 4 26
40 6 8
40 8 22
40 14 33
40 15 17
40 18 23
40 19 29
40 20 15
40 22 42
40 23 32
40 26 41
40 28 12
40 30 36
40 32 15
40 38 7
40 39 16
41 0 36
41 1 25
41 5 12
41 6 40
41 7 4
41 8 41
41 9 41
41 10 17
41 16 29
41 17 13
41 20 27
41 21 9
41 23 19
41 28 25
41 29 24
41 30 9
41 31 2
41 33 2
41 34 21
41 35 26
41 37 29
41 38 11
41 39 5
