59
2 1 9
3 1 22
4 2 11
4 3 9
5 0 12
5 1 6
5 2 9
5 3 18
5 4 13
6 1 18
6 3 15
7 0 15
7 2 10
7 6 22
8 1 7
8 6 7
9 0 20
9 1 24
9 2 3
9 4 9
9 5 19
9 8 2
10 0 17
10 1 21
10 3 11
10 4 22
10 7 7
10 9 6
11 0 14
11 1 2
11 2 23
11 4 22
11 7 2
11 8 17
11 9 18
11 10 5
12 2 16
12 4 21
12 6 11
12 8 22
12 10 8
12 11 21
13 1 7
13 2 17
13 3 20
13 5 13
13 7 13
13 8 12
14 1 11
14 2 14
14 3 2
14 4 23
14 6 19
14 8 1
14 11 9
14 13 7
15 2 8
15 4 3
15 5 8
15 9 2
15 13 7
15 14 1
16 1 23
16 4 16
16 5 4
16 6 23
16 7 14
16 10 20
16 12 23
17 2 23
17 5 6
17 7 8
17 8 15
17 9 24
17 10 23
17 11 14
17 12 5
17 14 4
17 16 19
18 2 9
18 4 24
18 5 7
18 7 22
18 11 22
18 12 11
18 14 1
18 15 20
18 17 18
19 1 14
19 2 9
19 3 19
19 4 12
19 6 20
19 7 21
19 8 15
19 10 14
19 11 9
19 12 20
19 13 9
19 14 13
19 18 1
20 0 19
20 2 12
20 6 18
20 7 6
20 8 4
20 13 14
20 14 8
20 17 4
20 18 18
20 19 20
21 1 12
21 2 6
21 3 10
21 4 7
21 6 18
21 7 19
21 9 24
21 11 16
21 14 20
21 16 4
21 17 22
21 18 12
21 19 7
21 20 2
22 1 2
22 3 20
22 4 11
22 5 7
22 6 4
22 7 10
22 9 6
22 10 17
22 13 7
22 18 16
22 20 2
23 0 24
23 2 6
23 4 3
23 6 20
23 7 13
23 8 20
23 9 12
23 14 9
23 22 17
24 0 11
24 3 9
24 4 5
24 6 9
24 7 4
24 11 22
24 12 1
24 15 24
24 18 1
24 20 19
24 23 13
25 1 23
25 2 8
25 3 11
25 5 11
25 13 11
25 15 20
25 16 10
25 17 4
25 18 3
25 19 24
25 20 24
25 22 2
26 4 15
26 7 19
26 8 5
26 9 10
26 10 7
26 12 19
26 13 6
26 14 14
26 15 13
26 17 15
26 18 17
26 19 7
26 23 13
27 1 7
27 4 11
27 5 17
27 7 21
27 9 12
27 13 1
27 19 23
27 22 1
27 23 2
27 25 14
27 26 23
28 1 10
28 3 2
28 4 16
28 5 1
28 10 8
28 12 14
28 13 20
28 15 15
28 16 9
28 18 18
28 19 5
28 24 4
28 27 11
29 0 14
29 1 22
29 4 18
29 6 8
29 11 6
29 12 17
29 14 12
29 15 4
29 16 16
29 18 4
29 22 20
29 24 20
29 25 19
30 0 8
30 2 18
30 3 1
30 6 23
30 7 15
30 8 9
30 11 1
30 14 5
30 15 21
30 16 4
30 18 8
30 21 16
30 26 10
30 28 2
31 1 6
31 3 13
31 5 11
31 7 10
31 8 17
31 10 1
31 11 16
31 14 6
31 15 22
31 16 12
31 18 4
31 19 3
31 21 22
31 22 19
31 24 21
31 25 11
31 26 12
31 27 15
31 28 19
31 30 6
32 0 17
32 4 10
32 8 18
32 11 18
32 13 15
32 14 18
32 15 1
32 20 8
32 21 23
32 24 14
32 25 14
32 28 7
32 29 16
32 30 11
33 3 23
33 4 18
33 7 10
33 9 9
33 11 11
33 12 22
33 14 3
33 16 22
33 17 14
33 18 20
33 21 5
33 24 20
33 26 7
33 28 16
33 29 2
34 0 13
34 3 17
34 6 19
34 9 1
34 10 7
34 12 10
34 17 8
34 18 13
34 19 22
34 21 19
34 24 10
35 5 15
35 8 20
35 12 16
35 16 4
35 18 3
35 19 6
35 27 3
35 29 4
35 31 12
35 32 16
35 34 16
36 0 15
36 1 6
36 5 20
36 8 15
36 10 3
36 13 4
36 14 17
36 15 24
36 16 7
36 17 5
36 19 5
36 20 12
36 21 4
36 25 19
36 27 4
36 29 8
36 30 3
36 32 1
36 33 3
36 34 9
37 3 21
37 4 4
37 5 21
37 6 22
37 7 21
37 9 13
37 13 7
37 15 22
37 16 23
37 18 11
37 21 12
37 22 9
37 26 4
37 31 9
37 36 10
38 1 9
38 2 3
38 4 21
38 5 2
38 10 9
38 11 24
38 13 7
38 14 17
38 15 7
38 16 15
38 17 3
38 18 10
38 20 19
38 21 6
38 25 16
38 28 11
38 29 13
38 30 18
38 31 7
38 33 17
38 34 20
38 35 14
38 36 14
38 37 21
39 1 1
39 7 7
39 8 20
39 9 3
39 11 1
39 12 5
39 13 20
39 17 14
39 19 4
39 20 20
39 21 9
39 22 1
39 24 6
39 27 22
39 28 23
39 31 11
39 33 24
39 34 11
39 37 11
40 0 7
40 1 11
40 2 6
40 3 10
40 5 15
40 6 9
40 8 20
40 9 8
40 11 6
40 12 8
40 14 9
40 17 20
40 18 5
40 19 10
40 20 16
40 24 21
40 26 16
40 27 18
40 28 15
40 29 17
40 30 20
40 31 3
40 33 7
40 36 7
40 37 18
40 39 9
41 0 9
41 2 1
41 4 10
41 8 21
41 9 23
41 11 10
41 13 12
41 14 9
41 16 4
41 17 20
41 19 11
41 20 16
41 25 2
41 30 20
41 32 21
41 33 17
41 34 9
41 38 23
42 5 5
42 7 1
42 8 17
42 9 17
42 10 12
42 14 4
42 16 8
42 17 21
42 20 18
42 21 7
42 22 15
42 23 8
42 24 4
42 25 1
42 26 12
42 29 21
42 32 8
42 35 12
42 39 9
43 0 22
43 4 19
43 5 16
43 7 21
43 8 12
43 10 6
43 11 15
43 13 12
43 14 17
43 17 18
43 19 14
43 20 5
43 21 10
43 22 10
43 23 15
43 27 3
43 32 1
43 34 24
43 35 7
43 37 19
43 38 3
43 42 9
44 0 7
44 1 17
44 5 22
44 7 4
44 13 7
44 15 4
44 16 19
44 18 18
44 20 1
44 23 3
44 24 17
44 25 2
44 26 21
44 27 10
44 30 15
44 33 15
44 35 9
44 37 16
44 38 23
44 40 8
45 0 13
45 1 17
45 2 20
45 5 8
45 6 18
45 8 10
45 10 15
45 13 15
45 14 7
45 16 12
45 19 7
45 20 15
45 22 17
45 24 6
45 30 5
45 31 3
45 33 23
45 36 8
45 37 14
45 38 2
45 40 3
45 41 8
45 42 7
45 43 4
45 44 7
46 0 9
46 2 15
46 3 17
46 7 8
46 9 18
46 11 1
46 14 10
46 15 5
46 18 24
46 20 2
46 24 16
46 25 16
46 28 1
46 29 13
46 33 11
46 34 24
46 37 10
46 38 21
46 41 16
46 42 6
46 43 22
46 44 12
46 45 11
47 0 12
47 3 17
47 5 16
47 6 12
47 7 10
47 9 6
47 10 24
47 11 5
47 14 15
47 15 1
47 16 21
47 17 19
47 21 9
47 22 21
47 24 14
47 27 4
47 28 14
47 30 2
47 31 6
47 32 6
47 35 2
47 37 3
47 39 13
47 41 1
47 42 17
47 43 23
48 2 3
48 3 5
48 4 9
48 5 18
48 6 20
48 7 22
48 8 19
48 11 19
48 13 17
48 14 11
48 19 14
48 20 17
48 21 18
48 22 15
48 27 1
48 30 8
48 31 6
48 32 4
48 33 10
48 34 19
48 38 3
48 39 20
48 43 16
48 44 18
48 45 14
49 1 22
49 2 15
49 3 13
49 4 2
49 5 14
49 9 13
49 12 8
49 13 24
49 14 23
49 16 22
49 18 10
49 24 23
49 29 9
49 30 23
49 31 1
49 33 17
49 34 14
49 35 24
49 39 19
49 40 21
49 41 22
49 42 16
49 47 13
49 48 19
50 1 12
50 2 4
50 4 10
50 5 6
50 9 10
50 10 22
50 11 23
50 15 5
50 20 15
50 21 1
50 22 13
50 24 13
50 25 19
50 30 2
50 33 10
50 34 16
50 35 18
50 36 10
50 40 6
50 43 12
50 44 10
50 48 22
50 49 6
51 1 12
51 3 13
51 5 7
51 6 18
51 7 8
51 8 24
51 9 17
51 11 18
51 13 2
51 14 19
51 15 22
51 16 18
51 17 2
51 18 3
51 19 21
51 21 8
51 22 18
51 24 5
51 25 15
51 26 20
51 27 18
51 32 15
51 33 6
51 35 18
51 36 9
51 37 14
51 39 21
51 40 18
51 42 21
51 43 22
51 44 21
51 45 6
51 46 22
51 47 6
51 48 8
51 49 8
52 5 7
52 6 22
52 7 8
52 8 8
52 11 20
52 12 22
52 13 18
52 14 20
52 16 15
52 18 21
52 19 20
52 23 18
52 24 3
52 25 11
52 29 1
52 31 4
52 33 6
52 35 10
52 37 23
52 39 22
52 40 22
52 41 11
52 42 7
52 45 13
52 46 11
52 49 13
52 50 12
53 0 5
53 1 1
53 8 10
53 12 11
53 13 18
53 15 1
53 18 21
53 20 10
53 22 12
53 23 16
53 24 16
53 25 19
53 27 9
53 28 1
53 33 1
53 35 10
53 38 1
53 39 9
53 45 20
53 47 9
53 49 19
53 51 21
53 52 23
54 0 18
54 3 19
54 4 17
54 10 8
54 11 17
54 12 5
54 14 14
54 15 19
54 16 7
54 17 16
54 19 8
54 20 16
54 22 2
54 23 11
54 24 6
54 27 1
54 28 15
54 29 13
54 30 13
54 31 24
54 32 7
54 34 1
54 35 10
54 36 13
54 37 8
54 38 15
54 40 11
54 41 18
54 42 23
54 46 2
54 48 21
54 49 14
54 51 3
55 1 14
55 3 2
55 6 12
55 7 24
55 9 10
55 10 21
55 13 4
55 14 12
55 15 13
55 18 18
55 20 7
55 21 14
55 22 10
55 23 11
55 27 4
55 29 15
55 30 4
55 32 18
55 34 5
55 36 13
55 37 6
55 38 14
55 39 10
55 40 16
55 43 24
55 46 3
55 48 22
55 51 3
55 52 17
55 53 6
55 54 16
56 2 23
56 3 4
56 4 21
56 6 7
56 7 11
56 12 15
56 13 6
56 15 18
56 17 19
56 19 5
56 21 12
56 23 14
56 26 4
56 28 22
56 29 22
56 30 9
56 31 8
56 35 6
56 36 5
56 37 1
56 39 16
56 45 4
56 47 24
56 50 4
56 55 22
57 0 17
57 2 6
57 3 22
57 5 12
57 7 16
57 10 8
57 12 6
57 15 14
57 16 7
57 18 18
57 21 12
57 23 12
57 24 7
57 28 20
57 34 14
57 38 2
57 39 13
57 40 11
57 41 18
57 45 11
57 46 23
57 49 5
57 53 10
57 54 7
58 1 6
58 4 23
58 6 8
58 12 1
58 14 16
58 15 1
58 20 1
58 21 22
58 22 15
58 28 1
58 29 6
58 30 20
58 31 21
58 32 12
58 35 10
58 38 3
58 39 8
58 40 21
58 42 14
58 44 8
58 45 15
58 46 14
58 56 8
58 57 14
