65
1 0 27
2 1 9
3 0 18
4 0 55
4 1 62
5 1 32
5 2 6
5 3 8
6 0 22
6 1 34
6 3 69
7 0 65
7 1 64
7 4 63
7 5 16
7 6 68
8 0 61
8 1 27
8 3 3
9 0 1
9 3 19
9 4 36
9 7 34
10 1 43
10 5 64
10 7 22
10 8 54
10 9 46
11 1 48
11 2 25
11 3 11
11 7 27
11 10 34
12 1 43
12 2 31
12 4 39
12 5 43
12 7 69
12 9 28
12 11 47
13 3 38
13 4 29
13 6 50
13 9 17
13 10 30
13 11 52
13 12 39
14 0 58
14 1 17
14 2 58
14 4 51
14 5 14
14 6 2
14 9 38
14 10 63
14 11 50
14 12 59
14 13 37
15 1 25
15 3 5
15 7 1
15 8 42
15 9 28
15 10 56
15 14 11
16 1 43
16 3 47
16 4 69
16 5 5
16 6 28
16 9 5
17 0 13
17 4 33
17 6 62
17 7 51
17 8 14
17 11 66
17 14 65
18 1 41
18 3 11
18 5 8
18 7 2
18 8 47
18 9 68
18 10 6
18 13 13
18 14 62
18 15 44
19 0 62
19 2 52
19 3 5
19 5 59
19 7 23
19 8 34
19 9 53
19 11 56
19 13 17
19 14 39
19 16 5
20 0 21
20 2 51
20 3 48
20 4 12
20 10 44
20 11 29
20 13 27
20 15 64
20 17 24
20 18 70
20 19 59
21 0 17
21 1 67
21 2 37
21 4 63
21 7 46
21 8 46
21 11 25
21 13 35
21 14 39
21 19 19
22 0 70
22 1 52
22 2 24
22 3 41
22 4 2
22 5 50
22 7 35
22 8 70
22 10 49
22 11 52
22 17 13
22 18 46
22 19 53
22 21 23
23 1 27
23 2 61
23 5 18
23 6 66
23 12 51
23 13 53
23 18 58
23 19 2
24 0 54
24 2 65
24 4 52
24 6 35
24 7 40
24 8 57
24 10 27
24 11 39
24 12 23
24 16 60
24 17 12
24 19 65
24 20 65
24 21 42
25 1 69
25 4 40
25 5 49
25 6 63
25 10 40
25 11 57
25 12 4
25 14 30
25 15 32
25 18 9
25 19 4
25 20 6
25 22 28
25 24 66
26 0 62
26 3 64
26 4 57
26 6 64
26 7 1
26 10 4
26 11 16
26 16 4
26 18 17
26 22 48
26 23 22
26 24 15
27 0 58
27 1 47
27 2 2
27 3 60
27 6 3
27 7 27
27 8 39
27 11 35
27 18 56
27 20 57
27 23 30
27 25 56
28 0 15
28 1 11
28 2 58
28 3 11
28 11 23
28 12 10
28 14 21
28 15 49
28 18 3
28 19 23
28 20 66
28 21 22
28 22 20
28 23 53
28 25 54
29 0 16
29 2 14
29 4 66
29 6 61
29 9 7
29 10 31
29 11 69
29 12 22
29 13 70
29 14 30
29 16 36
29 25 60
29 28 17
30 0 32
30 3 6
30 5 66
30 8 42
30 9 51
30 10 62
30 11 63
30 13 14
30 14 26
30 15 63
30 18 3
30 20 49
30 21 7
30 23 7
30 25 41
30 27 47
30 28 18
31 1 10
31 8 37
31 9 31
31 12 44
31 14 61
31 15 8
31 16 18
31 17 12
31 18 57
31 20 38
31 22 15
31 25 33
31 30 16
32 0 25
32 3 1
32 6 24
32 8 68
32 9 44
32 10 21
32 13 50
32 15 21
32 26 24
32 27 30
32 28 6
33 1 69
33 2 67
33 3 36
33 6 40
33 7 24
33 8 59
33 9 57
33 10 42
33 12 47
33 15 42
33 16 48
33 17 50
33 18 34
33 19 9
33 20 20
33 21 31
33 24 25
33 25 61
33 27 41
33 28 44
33 29 25
33 30 60
33 31 40
33 32 40
34 0 23
34 1 49
34 3 40
34 6 68
34 7 30
34 11 19
34 12 51
34 14 48
34 15 33
34 18 47
34 24 63
34 27 47
35 0 61
35 2 61
35 4 58
35 5 13
35 7 19
35 8 8
35 9 15
35 11 34
35 15 25
35 16 46
35 20 46
35 22 24
35 23 55
35 24 31
35 26 19
35 27 55
35 29 70
35 30 69
35 33 15
35 34 25
36 0 32
36 1 59
36 2 40
36 3 25
36 4 56
36 6 22
36 7 23
36 9 44
36 10 56
36 11 47
36 12 18
36 13 41
36 14 7
36 15 64
36 17 32
36 21 57
36 22 7
36 23 25
36 26 20
36 29 12
36 30 26
36 32 40
36 34 20
36 35 2
37 0 21
37 2 39
37 3 18
37 7 26
37 8 30
37 11 8
37 13 6
37 14 21
37 15 49
37 16 61
37 17 59
37 19 17
37 23 6
37 24 2
37 27 70
37 32 3
37 34 8
37 36 49
38 0 65
38 3 41
38 4 9
38 5 58
38 7 57
38 8 40
38 9 70
38 11 57
38 12 13
38 18 7
38 20 43
38 21 62
38 22 11
38 23 42
38 25 56
38 26 70
38 27 50
38 28 17
38 29 65
38 31 67
38 32 30
38 35 9
38 36 44
39 0 2
39 4 36
39 6 45
39 7 62
39 8 68
39 11 64
39 14 50
39 15 50
39 16 36
39 17 33
39 19 18
39 21 58
39 23 63
39 24 43
39 25 30
39 26 31
39 28 65
39 33 39
39 35 5
39 36 39
39 38 6
40 0 11
40 1 23
40 2 50
40 3 62
40 4 39
40 5 68
40 6 37
40 7 8
40 8 68
40 9 34
40 12 61
40 16 5
40 17 45
40 18 59
40 19 3
40 21 55
40 24 2
40 27 10
40 29 63
40 30 36
40 31 33
40 32 6
40 33 62
40 35 39
40 36 42
40 39 45
41 2 1
41 4 28
41 7 50
41 8 16
41 11 38
41 13 53
41 14 2
41 15 39
41 16 43
41 17 14
41 19 42
41 20 70
41 23 70
41 24 11
41 26 44
41 27 3
41 30 68
41 31 22
41 32 56
41 33 25
41 35 10
41 38 59
42 0 23
42 3 42
42 4 7
42 5 8
42 7 42
42 8 24
42 13 25
42 14 39
42 17 33
42 18 2
42 19 69
42 23 64
42 26 67
42 27 13
42 29 46
42 32 69
42 35 19
42 36 13
42 40 58
43 0 31
43 1 56
43 3 49
43 10 67
43 17 42
43 18 69
43 20 23
43 23 69
43 26 31
43 27 60
43 28 14
43 31 32
43 32 5
43 35 9
43 36 59
43 38 42
43 39 13
43 40 66
43 41 43
44 0 29
44 1 13
44 5 47
44 7 5
44 10 66
44 11 29
44 13 50
44 14 26
44 15 57
44 16 69
44 19 50
44 20 59
44 21 41
44 22 24
44 23 14
44 26 35
44 29 59
44 31 8
44 32 43
44 35 50
44 37 30
44 40 61
45 1 29
45 2 26
45 4 12
45 6 33
45 10 19
45 11 11
45 12 37
45 13 68
45 17 55
45 19 9
45 21 20
45 22 37
45 24 11
45 26 24
45 30 49
45 32 29
45 33 8
45 34 1
45 36 5
45 37 52
45 38 10
45 44 19
46 0 47
46 1 43
46 3 39
46 9 65
46 12 16
46 14 25
46 18 58
46 21 70
46 22 47
46 23 48
46 27 19
46 28 6
46 30 5
46 31 58
46 32 34
46 34 38
46 35 19
46 37 8
46 39 27
46 41 14
46 43 24
46 44 5
47 1 67
47 2 59
47 6 11
47 8 37
47 11 58
47 12 56
47 14 60
47 16 52
47 17 65
47 18 12
47 20 38
47 21 30
47 23 9
47 24 56
47 25 49
47 28 49
47 29 42
47 33 51
47 36 42
47 37 33
47 38 59
47 39 27
47 41 27
47 44 64
47 45 54
47 46 2
48 0 46
48 1 6
48 3 4
48 5 42
48 7 19
48 8 36
48 10 29
48 12 57
48 13 51
48 17 34
48 23 69
48 24 25
48 28 13
48 31 16
48 32 35
48 37 48
48 38 19
48 40 22
48 41 8
48 42 56
48 44 61
49 0 12
49 1 70
49 3 7
49 5 70
49 10 47
49 11 7
49 12 61
49 13 55
49 14 23
49 16 55
49 21 42
49 29 46
49 30 18
49 31 19
49 33 1
49 34 15
49 35 40
49 36 39
49 37 51
49 41 25
49 42 27
49 43 39
49 48 66
50 0 4
50 1 24
50 2 28
50 3 1
50 6 2
50 10 6
50 12 33
50 14 46
50 15 60
50 16 32
50 21 15
50 24 32
50 25 48
50 28 28
50 29 21
50 31 49
50 33 14
50 37 50
50 40 54
50 41 17
50 42 9
50 44 23
50 47 9
51 0 16
51 1 50
51 5 44
51 7 13
51 8 2
51 10 42
51 18 52
51 21 40
51 24 69
51 28 25
51 31 31
51 34 62
51 35 33
51 36 41
51 37 64
51 38 7
51 42 24
51 46 58
51 47 3
51 48 7
51 49 63
52 1 6
52 2 56
52 4 21
52 5 16
52 6 65
52 11 57
52 13 16
52 14 7
52 16 43
52 23 52
52 26 41
52 27 62
52 28 65
52 29 35
52 30 23
52 31 27
52 32 22
52 34 57
52 35 10
52 36 50
52 38 66
52 42 67
52 43 15
52 45 52
52 46 4
53 0 62
53 3 67
53 4 64
53 6 32
53 9 22
53 10 61
53 11 31
53 12 17
53 16 9
53 18 17
53 19 61
53 20 8
53 21 40
53 22 13
53 23 51
53 26 52
53 27 67
53 28 64
53 29 46
53 30 36
53 34 69
53 35 21
53 36 45
53 45 6
53 47 47
53 50 11
54 1 30
54 2 18
54 6 3
54 9 9
54 11 30
54 12 34
54 18 63
54 19 40
54 21 1
54 24 45
54 25 42
54 26 60
54 30 23
54 32 3
54 33 50
54 37 42
54 38 62
54 39 18
54 40 18
54 41 40
54 42 37
54 43 35
54 44 38
54 46 35
54 47 65
54 53 48
55 3 29
55 4 53
55 6 39
55 7 34
55 9 22
55 10 31
55 13 63
55 14 7
55 15 40
55 16 34
55 17 36
55 18 56
55 19 63
55 20 63
55 22 62
55 24 60
55 25 40
55 26 36
55 27 40
55 28 22
55 30 55
55 34 34
55 37 4
55 41 6
55 43 43
55 44 67
55 45 24
55 46 7
55 47 4
55 49 1
56 0 55
56 1 17
56 3 36
56 9 70
56 10 37
56 12 33
56 14 3
56 16 52
56 17 52
56 18 20
56 20 69
56 22 53
56 24 3
56 25 4
56 26 49
56 27 67
56 29 55
56 31 14
56 33 19
56 38 66
56 49 49
56 50 38
56 52 61
56 53 50
56 55 11
57 0 12
57 2 70
57 3 29
57 4 16
57 6 52
57 7 63
57 9 55
57 11 1
57 13 43
57 14 26
57 16 62
57 19 21
57 21 67
57 22 26
57 24 3
57 29 22
57 30 67
57 35 6
57 38 65
57 40 38
57 41 22
57 42 60
57 43 9
57 44 31
57 45 26
57 49 36
57 50 13
57 54 63
57 56 5
58 1 5
58 2 39
58 3 17
58 5 64
58 6 13
58 9 51
58 13 42
58 15 28
58 18 35
58 19 8
58 22 66
58 24 2
58 25 47
58 27 45
58 28 14
58 31 19
58 32 20
58 33 44
58 35 33
58 36 15
58 38 25
58 44 1
58 45 66
58 49 50
58 50 15
58 56 3
58 57 70
59 0 59
59 1 14
59 3 38
59 4 31
59 7 21
59 8 30
59 10 59
59 11 67
59 13 30
59 14 26
59 15 5
59 16 27
59 17 47
59 21 62
59 22 50
59 23 46
59 24 33
59 25 64
59 26 67
59 29 16
59 30 32
59 31 25
59 33 14
59 39 27
59 42 44
59 46 36
59 47 13
59 48 8
59 50 18
59 52 30
59 53 52
59 55 43
59 58 5
60 1 40
60 6 32
60 7 16
60 8 26
60 11 1
60 13 58
60 15 14
60 16 67
60 20 30
60 21 58
60 23 29
60 24 30
60 27 20
60 28 45
60 30 61
60 31 56
60 33 31
60 34 44
60 35 8
60 36 56
60 37 37
60 39 3
60 41 67
60 43 66
60 44 43
60 45 6
60 50 23
60 52 45
60 53 36
60 55 56
60 58 51
60 59 15
61 0 70
61 1 66
61 2 31
61 4 8
61 5 18
61 9 20
61 10 20
61 11 64
61 12 64
61 13 52
61 14 58
61 15 22
61 19 14
61 22 28
61 23 25
61 25 1
61 26 65
61 27 58
61 29 7
61 32 64
61 33 5
61 34 46
61 35 3
61 37 16
61 38 4
61 40 59
61 41 18
61 42 53
61 43 63
61 47 12
61 48 62
61 49 55
61 50 63
61 51 69
61 53 45
61 56 68
61 57 16
61 58 24
61 59 66
61 60 16
62 0 56
62 1 37
62 2 26
62 3 46
62 6 44
62 7 63
62 8 18
62 11 25
62 13 12
62 15 29
62 16 42
62 17 9
62 18 6
62 19 40
62 24 39
62 25 69
62 26 53
62 27 69
62 29 18
62 30 3
62 31 32
62 33 16
62 34 54
62 35 6
62 36 6
62 39 15
62 41 49
62 44 35
62 45 60
62 46 30
62 47 39
62 48 24
62 53 10
62 56 23
62 57 48
62 58 31
63 1 43
63 2 41
63 3 29
63 4 28
63 6 14
63 7 17
63 9 65
63 10 58
63 13 52
63 15 20
63 18 33
63 19 58
63 22 11
63 23 37
63 25 64
63 26 22
63 32 25
63 33 28
63 35 43
63 42 10
63 43 55
63 46 70
63 47 5
63 48 50
63 49 59
63 52 69
63 54 47
63 55 9
63 57 59
64 1 18
64 2 46
64 4 35
64 5 49
64 6 40
64 12 49
64 15 7
64 16 37
64 17 66
64 18 36
64 19 56
64 20 12
64 23 2
64 24 42
64 25 13
64 28 27
64 29 19
64 30 37
64 32 35
64 35 30
64 36 5
64 37 45
64 43 15
64 45 52
64 46 51
64 48 27
64 49 13
64 50 70
64 52 9
64 54 58
64 55 40
64 56 42
64 60 43
64 62 64
