59
1 0 10
2 1 9
3 0 15
3 1 9
4 0 10
4 1 5
4 3 3
5 3 9
6 3 11
6 5 6
7 1 15
7 2 3
7 3 11
7 4 10
7 6 12
8 0 9
8 2 15
8 3 4
9 0 7
9 1 8
9 6 12
9 7 14
9 8 9
10 0 15
10 4 10
10 5 4
10 6 13
10 7 3
10 8 15
10 9 3
11 4 4
11 9 3
11 10 15
12 2 3
12 3 12
12 4 4
12 6 9
12 7 11
12 9 8
13 0 13
13 2 8
13 4 13
13 5 14
13 6 10
13 7 11
13 11 14
14 6 7
14 8 9
14 10 6
14 11 6
14 13 12
15 0 10
15 1 14
15 2 10
15 4 8
15 6 3
15 8 5
15 11 3
15 14 12
16 1 12
16 2 14
16 5 15
16 7 13
16 9 15
16 11 1
16 14 13
17 0 5
17 1 12
17 9 10
17 16 13
18 0 10
18 2 14
18 3 10
18 7 6
18 8 2
18 9 1
18 10 9
18 11 10
18 14 8
18 15 10
18 16 6
19 3 2
19 5 12
19 7 1
19 8 9
19 9 15
19 12 12
19 14 5
20 1 14
20 2 4
20 4 9
20 7 6
20 8 11
20 9 1
20 11 14
20 12 13
20 13 5
20 16 7
20 17 5
20 18 12
21 2 4
21 6 6
21 7 15
21 8 5
21 9 4
21 10 6
21 12 9
21 15 5
22 1 9
22 2 8
22 3 15
22 4 13
22 6 2
22 9 13
22 13 15
22 17 15
22 18 11
22 19 15
22 20 5
22 21 10
23 2 11
23 3 13
23 6 6
23 8 2
23 9 1
23 10 4
23 11 12
23 14 5
23 15 2
23 16 11
23 20 15
23 21 6
24 0 4
24 2 1
24 4 7
24 5 10
24 10 15
24 11 14
24 13 5
24 14 1
24 16 2
24 17 10
24 19 9
24 21 15
25 3 6
25 6 9
25 7 9
25 11 12
25 13 1
25 15 11
25 19 1
25 20 13
25 23 7
25 24 9
26 1 14
26 2 7
26 4 3
26 6 13
26 8 2
26 10 3
26 11 14
26 13 7
26 14 3
26 17 5
26 18 14
26 22 5
26 23 8
26 24 13
26 25 6
27 0 2
27 5 5
27 6 4
27 7 11
27 9 15
27 11 11
27 12 8
27 14 15
27 17 13
27 19 6
27 20 7
27 23 14
28 6 7
28 7 4
28 10 15
28 12 4
28 14 14
28 23 6
28 24 5
28 25 4
29 3 10
29 5 2
29 10 5
29 14 2
29 21 15
29 25 14
29 26 4
29 28 12
30 0 4
30 2 3
30 3 1
30 4 13
30 5 3
30 7 2
30 8 6
30 9 10
30 10 11
30 11 11
30 15 9
30 16 10
30 26 13
31 4 9
31 5 6
31 8 14
31 10 5
31 11 1
31 15 5
31 16 9
31 17 9
31 18 12
31 20 8
31 21 1
31 22 1
31 24 14
31 26 9
31 28 15
31 30 1
32 0 4
32 1 10
32 2 7
32 7 13
32 8 11
32 10 15
32 12 13
32 13 14
32 18 2
32 23 14
32 25 8
32 26 10
32 28 13
32 31 6
33 0 9
33 1 12
33 2 9
33 3 9
33 4 2
33 5 1
33 7 9
33 9 3
33 10 1
33 11 4
33 13 10
33 14 6
33 15 7
33 16 8
33 17 15
33 18 6
33 19 15
33 23 3
33 24 9
33 25 14
33 27 5
33 29 12
33 31 15
34 0 1
34 1 6
34 2 15
34 3 11
34 6 12
34 7 11
34 9 9
34 12 2
34 13 8
34 21 6
34 22 11
34 23 14
34 24 12
34 25 9
34 26 9
34 28 9
35 1 8
35 2 3
35 4 12
35 5 10
35 6 2
35 7 8
35 9 6
35 13 10
35 15 1
35 24 9
35 25 1
35 26 14
35 27 10
35 29 5
35 30 8
35 33 11
36 3 12
36 4 3
36 5 10
36 6 5
36 9 3
36 11 7
36 13 4
36 14 8
36 15 4
36 18 11
36 19 9
36 21 1
36 25 14
36 27 9
36 28 13
36 30 12
36 32 1
36 33 15
36 34 9
36 35 10
37 4 11
37 5 3
37 7 7
37 9 12
37 12 10
37 14 4
37 15 1
37 18 7
37 20 7
37 24 11
37 26 1
37 28 9
37 30 6
37 31 1
37 32 3
37 34 2
37 36 13
38 0 14
38 1 15
38 2 7
38 6 3
38 10 5
38 13 7
38 16 3
38 18 10
38 20 1
38 24 8
38 25 8
38 26 14
38 27 15
38 33 5
38 35 5
39 0 4
39 1 14
39 2 15
39 3 8
39 6 13
39 10 11
39 11 6
39 14 12
39 15 3
39 19 9
39 21 9
39 25 11
39 26 8
39 30 10
39 34 8
39 35 15
39 36 5
40 0 4
40 7 11
40 8 8
40 9 13
40 15 12
40 16 4
40 17 7
40 18 3
40 19 5
40 20 9
40 22 11
40 23 7
40 24 15
40 26 3
40 27 14
40 28 5
40 30 7
40 32 13
40 33 3
40 36 2
40 37 12
40 38 10
41 0 14
41 3 15
41 4 14
41 5 1
41 6 7
41 9 1
41 10 13
41 12 7
41 14 3
41 17 12
41 19 3
41 20 7
41 21 13
41 31 7
41 35 5
41 36 3
42 0 2
42 2 11
42 9 10
42 11 10
42 13 1
42 14 15
42 16 15
42 19 1
42 23 4
42 25 6
42 26 8
42 29 8
42 31 4
42 32 6
42 33 9
42 34 12
42 35 3
42 37 13
42 40 15
43 1 10
43 2 11
43 3 8
43 4 12
43 5 4
43 6 8
43 7 15
43 11 1
43 12 10
43 16 11
43 20 13
43 21 15
43 23 15
43 24 10
43 30 12
43 31 13
43 32 7
43 34 8
43 35 10
43 36 10
43 38 5
44 0 6
44 1 1
44 2 7
44 4 3
44 5 11
44 8 12
44 12 7
44 13 12
44 14 14
44 15 6
44 17 8
44 23 9
44 29 11
44 31 5
44 33 5
44 34 14
44 35 12
44 36 12
44 37 13
44 39 12
44 41 9
45 1 5
45 5 12
45 7 7
45 9 14
45 13 8
45 15 14
45 16 15
45 24 9
45 25 14
45 27 11
45 28 13
45 29 11
45 30 9
45 31 5
45 32 4
45 33 2
45 34 7
45 35 5
45 36 1
45 37 8
45 38 14
45 40 9
45 41 1
45 42 6
45 43 11
45 44 12
46 0 1
46 3 4
46 5 8
46 6 13
46 7 5
46 8 12
46 10 1
46 12 14
46 18 15
46 24 3
46 26 3
46 27 11
46 28 1
46 29 2
46 30 5
46 32 9
46 39 15
46 42 2
47 0 14
47 1 8
47 2 10
47 3 14
47 4 4
47 5 3
47 8 9
47 9 5
47 11 8
47 14 10
47 16 11
47 18 1
47 20 5
47 21 4
47 22 13
47 24 8
47 25 6
47 27 9
47 28 7
47 32 6
47 33 11
47 35 9
47 36 6
47 37 7
47 38 5
47 39 1
47 40 11
47 42 13
47 45 3
48 1 5
48 3 13
48 4 12
48 5 11
48 6 8
48 8 15
48 9 7
48 12 6
48 15 9
48 16 15
48 23 9
48 24 4
48 25 7
48 26 8
48 29 1
48 32 3
48 34 3
48 36 7
48 39 13
48 41 5
48 43 11
48 44 10
49 0 13
49 5 13
49 8 3
49 10 5
49 11 8
49 13 5
49 16 12
49 18 9
49 19 6
49 20 3
49 21 12
49 22 12
49 25 13
49 26 1
49 30 15
49 31 9
49 32 12
49 33 8
49 34 3
49 36 2
49 37 7
49 38 10
49 39 4
49 40 8
49 41 10
49 42 10
49 45 8
49 46 8
49 47 12
49 48 13
50 2 8
50 4 7
50 9 12
50 12 12
50 14 6
50 16 13
50 18 5
50 22 4
50 25 15
50 26 5
50 27 2
50 28 12
50 29 7
50 31 8
50 33 7
50 36 4
50 37 11
50 40 3
50 41 11
50 45 1
50 46 11
50 47 5
50 48 5
50 49 4
51 0 3
51 1 5
51 2 13
51 4 14
51 6 5
51 9 2
51 10 11
51 11 13
51 12 3
51 19 12
51 20 13
51 22 11
51 23 11
51 26 3
51 31 5
51 32 10
51 39 6
51 48 12
51 50 12
52 2 13
52 3 7
52 5 4
52 8 7
52 9 13
52 10 4
52 14 9
52 15 15
52 16 8
52 18 9
52 23 13
52 25 3
52 31 3
52 32 8
52 33 12
52 40 5
52 41 8
52 45 6
52 50 2
53 1 10
53 3 15
53 4 7
53 6 15
53 7 5
53 8 10
53 9 3
53 13 5
53 15 7
53 17 9
53 18 15
53 19 9
53 20 13
53 21 8
53 25 9
53 30 13
53 32 10
53 33 14
53 34 11
53 35 7
53 36 10
53 37 12
53 40 2
53 43 15
53 44 3
53 45 6
53 49 3
53 50 3
54 0 4
54 2 5
54 3 15
54 4 10
54 5 8
54 9 10
54 10 13
54 12 5
54 13 6
54 14 5
54 17 8
54 18 9
54 21 15
54 22 15
54 23 14
54 25 5
54 28 10
54 29 5
54 34 11
54 35 3
54 37 13
54 38 8
54 39 12
54 41 3
54 45 2
54 46 5
54 49 6
54 50 14
54 51 12
54 53 2
55 0 3
55 3 15
55 5 4
55 8 10
55 9 11
55 10 2
55 12 10
55 14 7
55 16 3
55 17 7
55 18 12
55 22 5
55 23 9
55 24 5
55 26 5
55 27 5
55 29 3
55 30 15
55 32 3
55 33 15
55 34 4
55 36 3
55 37 4
55 38 8
55 39 12
55 40 11
55 41 5
55 42 15
55 43 12
55 45 14
55 48 11
55 51 8
55 53 14
55 54 11
56 4 7
56 6 10
56 7 8
56 8 4
56 11 3
56 13 6
56 14 6
56 16 1
56 17 1
56 18 8
56 20 9
56 21 13
56 23 13
56 24 4
56 25 1
56 28 4
56 31 4
56 32 13
56 33 3
56 37 8
56 38 7
56 39 2
56 41 2
56 45 1
56 46 12
56 49 2
56 50 3
56 52 1
56 54 5
57 0 15
57 1 1
57 2 6
57 4 14
57 6 7
57 7 6
57 8 4
57 10 3
57 12 6
57 16 7
57 19 9
57 20 11
57 23 8
57 25 4
57 28 10
57 30 9
57 32 4
57 33 8
57 34 6
57 37 7
57 39 3
57 41 8
57 43 12
57 44 6
57 45 3
57 48 14
57 51 7
57 53 8
57 54 9
57 55 1
58 1 12
58 3 1
58 4 14
58 5 7
58 6 11
58 8 14
58 12 3
58 13 7
58 15 2
58 16 13
58 24 5
58 25 1
58 26 3
58 28 13
58 31 10
58 32 5
58 33 3
58 35 3
58 38 9
58 41 2
58 44 12
58 45 9
58 46 15
58 47 6
58 49 3
58 51 10
58 52 5
