69
1 0 6
2 0 1
2 1 4
3 0 7
3 1 3
3 2 4
4 0 5
4 1 2
4 2 2
4 3 1
5 0 6
5 1 2
5 2 3
5 3 1
5 4 7
6 0 7
6 1 6
6 2 7
6 3 7
6 4 4
6 5 4
7 0 2
7 1 5
7 2 7
7 3 3
7 4 2
7 5 3
7 6 5
8 0 4
8 1 4
8 2 4
8 3 7
8 4 1
8 5 5
8 6 7
8 7 2
9 0 1
9 1 6
9 2 4
9 3 3
9 4 4
9 5 5
9 6 1
9 7 2
9 8 2
10 0 1
10 1 1
10 2 7
10 3 2
10 4 2
10 5 7
10 6 4
10 7 5
10 8 2
10 9 7
11 0 2
11 1 4
11 2 4
11 3 4
11 4 6
11 5 6
11 6 7
11 7 7
11 8 3
11 9 2
11 10 4
12 0 4
12 1 3
12 2 7
12 3 3
12 4 6
12 5 7
12 6 2
12 7 3
12 8 3
12 9 3
12 10 7
12 11 6
13 0 3
13 1 7
13 2 5
13 3 6
13 4 5
13 5 1
13 6 7
13 7 4
13 8 5
13 9 2
13 10 1
13 11 3
13 12 7
14 0 4
14 1 1
14 2 3
14 3 7
14 4 2
14 5 7
14 6 5
14 7 5
14 8 6
14 9 7
14 10 3
14 11 4
14 12 2
14 13 7
15 0 7
15 1 2
15 2 6
15 3 7
15 4 7
15 5 1
15 6 1
15 7 7
15 8 6
15 9 4
15 10 5
15 11 5
15 12 3
15 13 5
15 14 7
16 0 3
16 1 4
16 2 4
16 3 4
16 4 5
16 5 3
16 6 3
16 7 7
16 8 1
16 9 1
16 10 2
16 11 2
16 12 5
16 13 4
16 14 6
16 15 4
17 0 3
17 1 5
17 2 7
17 3 3
17 4 3
17 5 6
17 6 7
17 7 6
17 8 6
17 9 7
17 10 3
17 11 7
17 12 3
17 13 3
17 14 7
17 15 1
17 16 6
18 0 3
18 1 7
18 2 2
18 3 4
18 4 3
18 5 5
18 6 7
18 7 7
18 8 1
18 9 6
18 10 3
18 11 1
18 12 4
18 13 2
18 14 1
18 15 5
18 16 7
18 17 1
19 0 6
19 1 2
19 2 6
19 3 7
19 4 5
19 5 3
19 6 1
19 7 2
19 8 7
19 9 6
19 10 6
19 11 2
19 12 5
19 13 6
19 14 6
19 15 3
19 16 5
19 17 3
19 18 4
20 0 2
20 1 5
20 2 2
20 3 3
20 4 7
20 5 5
20 6 7
20 7 3
20 8 2
20 9 6
20 10 1
20 11 5
20 12 1
20 13 4
20 14 1
20 15 6
20 16 7
20 17 2
20 18 2
20 19 4
21 0 7
21 1 2
21 2 5
21 3 3
21 4 1
21 5 7
21 6 3
21 7 5
21 8 7
21 9 5
21 10 7
21 11 3
21 12 3
21 13 3
21 14 6
21 15 4
21 16 2
21 17 1
21 18 5
21 19 1
21 20 3
22 0 5
22 1 5
22 2 2
22 3 7
22 4 6
22 5 2
22 6 2
22 7 3
22 8 1
22 9 5
22 10 5
22 11 6
22 12 3
22 13 5
22 14 2
22 15 7
22 16 4
22 17 5
22 18 7
22 19 4
22 20 7
22 21 5
23 0 3
23 1 1
23 2 7
23 3 6
23 4 7
23 5 5
23 6 4
23 7 2
23 8 6
23 9 2
23 10 6
23 11 6
23 12 3
23 13 3
23 14 1
23 15 4
23 16 1
23 17 3
23 18 7
23 19 2
23 20 1
23 21 6
23 22 1
24 0 4
24 1 4
24 2 5
24 3 6
24 4 1
24 5 3
24 6 3
24 7 1
24 8 6
24 9 6
24 10 1
24 11 2
24 12 7
24 13 2
24 14 2
24 15 5
24 16 4
24 17 4
24 18 6
24 19 4
24 20 5
24 21 4
24 22 7
24 23 4
25 0 2
25 1 5
25 2 2
25 3 6
25 4 3
25 5 2
25 6 7
25 7 3
25 8 3
25 9 2
25 10 6
25 11 5
25 12 1
25 13 4
25 14 3
25 15 5
25 16 1
25 17 1
25 18 7
25 19 4
25 20 3
25 21 5
25 22 7
25 23 1
25 24 3
26 0 2
26 1 3
26 2 1
26 3 1
26 4 6
26 5 7
26 6 1
26 7 6
26 8 4
26 9 7
26 10 6
26 11 7
26 12 4
26 13 5
26 14 7
26 15 3
26 16 7
26 17 2
26 18 3
26 19 1
26 20 7
26 21 2
26 22 3
26 23 7
26 24 1
26 25 3
27 0 2
27 1 7
27 2 6
27 3 1
27 4 1
27 5 5
27 6 2
27 7 3
27 8 3
27 9 4
27 10 3
27 11 2
27 12 7
27 13 1
27 14 5
27 15 1
27 16 3
27 17 6
27 18 3
27 19 4
27 20 1
27 21 2
27 22 7
27 23 7
27 24 3
27 25 3
27 26 2
28 0 5
28 1 2
28 2 3
28 3 4
28 4 7
28 5 6
28 6 7
28 7 5
28 8 3
28 9 3
28 10 7
28 11 5
28 12 1
28 13 3
28 14 3
28 15 4
28 16 1
28 17 2
28 18 1
28 19 7
28 20 1
28 21 6
28 22 7
28 23 3
28 24 2
28 25 2
28 26 1
28 27 3
29 0 5
29 1 5
29 2 2
29 3 1
29 4 7
29 5 6
29 6 2
29 7 4
29 8 2
29 9 5
29 10 5
29 11 1
29 12 4
29 13 5
29 14 3
29 15 3
29 16 7
29 17 4
29 18 7
29 19 7
29 20 7
29 21 2
29 22 5
29 23 1
29 24 7
29 25 1
29 26 5
29 27 3
29 28 2
30 0 3
30 1 2
30 2 3
30 3 7
30 4 1
30 5 1
30 6 4
30 7 7
30 8 7
30 9 2
30 10 4
30 11 2
30 12 7
30 13 6
30 14 2
30 15 6
30 16 5
30 17 1
30 18 3
30 19 2
30 20 1
30 21 6
30 22 3
30 23 7
30 24 6
30 25 6
30 26 2
30 27 6
30 28 4
30 29 4
31 0 2
31 1 1
31 2 7
31 3 6
31 4 7
31 5 3
31 6 6
31 7 7
31 8 2
31 9 6
31 10 1
31 11 5
31 12 1
31 13 1
31 14 6
31 15 4
31 16 1
31 17 3
31 18 3
31 19 3
31 20 1
31 21 6
31 22 3
31 23 7
31 24 3
31 25 6
31 26 5
31 27 3
31 28 6
31 29 4
31 30 5
32 0 5
32 1 6
32 2 7
32 3 6
32 4 5
32 5 1
32 6 4
32 7 4
32 8 1
32 9 2
32 10 3
32 11 3
32 12 2
32 13 6
32 14 6
32 15 5
32 16 3
32 17 5
32 18 4
32 19 4
32 20 7
32 21 3
32 22 2
32 23 6
32 24 1
32 25 3
32 26 1
32 27 1
32 28 6
32 29 3
32 30 7
32 31 1
33 0 4
33 1 4
33 2 7
33 3 3
33 4 7
33 5 2
33 6 7
33 7 2
33 8 4
33 9 7
33 10 5
33 11 3
33 12 6
33 13 6
33 14 5
33 15 2
33 16 2
33 17 6
33 18 1
33 19 5
33 20 7
33 21 7
33 22 5
33 23 2
33 24 1
33 25 5
33 26 5
33 27 1
33 28 3
33 29 6
33 30 4
33 31 3
33 32 3
34 0 7
34 1 3
34 2 2
34 3 1
34 4 5
34 5 6
34 6 2
34 7 4
34 8 6
34 9 5
34 10 4
34 11 4
34 12 1
34 13 4
34 14 7
34 15 7
34 16 6
34 17 1
34 18 2
34 19 7
34 20 7
34 21 7
34 22 5
34 23 4
34 24 1
34 25 6
34 26 5
34 27 1
34 28 6
34 29 7
34 30 2
34 31 5
34 32 7
34 33 3
35 0 1
35 1 7
35 2 6
35 3 1
35 4 2
35 5 1
35 6 6
35 7 6
35 8 3
35 9 6
35 10 4
35 11 3
35 12 1
35 13 5
35 14 5
35 15 7
35 16 7
35 17 2
35 18 7
35 19 7
35 20 2
35 21 7
35 22 2
35 23 2
35 24 6
35 25 1
35 26 2
35 27 6
35 28 1
35 29 7
35 30 1
35 31 3
35 32 7
35 33 5
35 34 7
36 0 2
36 1 3
36 2 2
36 3 3
36 4 2
36 5 6
36 6 4
36 7 3
36 8 3
36 9 7
36 10 3
36 11 1
36 12 7
36 13 3
36 14 3
36 15 1
36 16 1
36 17 7
36 18 3
36 19 1
36 20 4
36 21 2
36 22 7
36 23 3
36 24 1
36 25 7
36 26 3
36 27 3
36 28 1
36 29 2
36 30 6
36 31 4
36 32 2
36 33 4
36 34 3
36 35 4
37 0 3
37 1 1
37 2 3
37 3 1
37 4 6
37 5 4
37 6 1
37 7 7
37 8 5
37 9 3
37 10 6
37 11 5
37 12 5
37 13 2
37 14 4
37 15 7
37 16 6
37 17 2
37 18 1
37 19 1
37 20 5
37 21 7
37 22 1
37 23 2
37 24 4
37 25 1
37 26 6
37 27 2
37 28 4
37 29 6
37 30 1
37 31 4
37 32 1
37 33 3
37 34 2
37 35 3
37 36 2
38 0 2
38 1 5
38 2 5
38 3 2
38 4 3
38 5 7
38 6 7
38 7 4
38 8 6
38 9 6
38 10 3
38 11 7
38 12 6
38 13 2
38 14 7
38 15 7
38 16 2
38 17 7
38 18 4
38 19 6
38 20 7
38 21 5
38 22 4
38 23 7
38 24 5
38 25 5
38 26 7
38 27 2
38 28 7
38 29 6
38 30 7
38 31 3
38 32 7
38 33 4
38 34 5
38 35 1
38 36 5
38 37 7
39 0 6
39 1 2
39 2 3
39 3 3
39 4 4
39 5 1
39 6 3
39 7 1
39 8 6
39 9 3
39 10 7
39 11 1
39 12 6
39 13 7
39 14 6
39 15 5
39 16 6
39 17 7
39 18 5
39 19 4
39 20 3
39 21 1
39 22 3
39 23 5
39 24 6
39 25 6
39 26 3
39 27 5
39 28 4
39 29 1
39 30 1
39 31 4
39 32 4
39 33 2
39 34 2
39 35 3
39 36 2
39 37 4
39 38 4
40 0 5
40 1 5
40 2 3
40 3 1
40 4 3
40 5 2
40 6 2
40 7 6
40 8 4
40 9 3
40 10 7
40 11 5
40 12 3
40 13 5
40 14 5
40 15 3
40 16 7
40 17 5
40 18 5
40 19 2
40 20 5
40 21 2
40 22 5
40 23 3
40 24 6
40 25 7
40 26 7
40 27 3
40 28 7
40 29 5
40 30 1
40 31 5
40 32 4
40 33 7
40 34 3
40 35 3
40 36 7
40 37 5
40 38 2
40 39 2
41 0 3
41 1 1
41 2 6
41 3 4
41 4 5
41 5 5
41 6 1
41 7 6
41 8 4
41 9 1
41 10 6
41 11 3
41 12 6
41 13 1
41 14 1
41 15 2
41 16 7
41 17 1
41 18 3
41 19 7
41 20 1
41 21 4
41 22 5
41 23 6
41 24 5
41 25 3
41 26 4
41 27 2
41 28 3
41 29 7
41 30 7
41 31 6
41 32 3
41 33 3
41 34 3
41 35 4
41 36 1
41 37 6
41 38 4
41 39 3
41 40 7
42 0 4
42 1 5
42 2 2
42 3 2
42 4 7
42 5 6
42 6 3
42 7 7
42 8 2
42 9 2
42 10 7
42 11 1
42 12 5
42 13 1
42 14 5
42 15 6
42 16 1
42 17 4
42 18 7
42 19 2
42 20 6
42 21 3
42 22 5
42 23 5
42 24 3
42 25 5
42 26 4
42 27 3
42 28 4
42 29 4
42 30 7
42 31 7
42 32 6
42 33 6
42 34 6
42 35 5
42 36 6
42 37 5
42 38 7
42 39 3
42 40 5
42 41 6
43 0 1
43 1 2
43 2 5
43 3 3
43 4 3
43 5 4
43 6 5
43 7 2
43 8 7
43 9 4
43 10 3
43 11 5
43 12 2
43 13 7
43 14 5
43 15 1
43 16 4
43 17 6
43 18 7
43 19 4
43 20 1
43 21 5
43 22 4
43 23 6
43 24 3
43 25 6
43 26 6
43 27 1
43 28 1
43 29 7
43 30 7
43 31 4
43 32 5
43 33 2
43 34 6
43 35 1
43 36 3
43 37 6
43 38 5
43 39 4
43 40 2
43 41 6
43 42 7
44 0 7
44 1 1
44 2 7
44 3 3
44 4 5
44 5 4
44 6 2
44 7 6
44 8 4
44 9 6
44 10 5
44 11 6
44 12 5
44 13 7
44 14 4
44 15 3
44 16 2
44 17 5
44 18 2
44 19 2
44 20 6
44 21 7
44 22 1
44 23 4
44 24 1
44 25 6
44 26 7
44 27 4
44 28 1
44 29 2
44 30 7
44 31 7
44 32 2
44 33 5
44 34 6
44 35 1
44 36 3
44 37 6
44 38 4
44 39 2
44 40 6
44 41 7
44 42 5
44 43 6
45 0 2
45 1 2
45 2 4
45 3 4
45 4 4
45 5 5
45 6 3
45 7 7
45 8 4
45 9 2
45 10 1
45 11 7
45 12 1
45 13 4
45 14 2
45 15 4
45 16 5
45 17 2
45 18 5
45 19 2
45 20 1
45 21 5
45 22 3
45 23 6
45 24 2
45 25 2
45 26 5
45 27 7
45 28 3
45 29 2
45 30 1
45 31 4
45 32 6
45 33 5
45 34 4
45 35 4
45 36 4
45 37 6
45 38 6
45 39 7
45 40 3
45 41 4
45 42 6
45 43 7
45 44 3
46 0 1
46 1 3
46 2 6
46 3 5
46 4 7
46 5 1
46 6 1
46 7 1
46 8 2
46 9 7
46 10 2
46 11 6
46 12 7
46 13 4
46 14 5
46 15 2
46 16 6
46 17 5
46 18 3
46 19 2
46 20 4
46 21 6
46 22 2
46 23 4
46 24 6
46 25 2
46 26 6
46 27 5
46 28 6
46 29 1
46 30 1
46 31 7
46 32 5
46 33 6
46 34 5
46 35 1
46 36 1
46 37 1
46 38 1
46 39 2
46 40 5
46 41 2
46 42 6
46 43 6
46 44 5
46 45 5
47 0 5
47 1 7
47 2 2
47 3 7
47 4 5
47 5 5
47 6 1
47 7 4
47 8 3
47 9 4
47 10 1
47 11 7
47 12 5
47 13 1
47 14 6
47 15 3
47 16 2
47 17 4
47 18 5
47 19 6
47 20 5
47 21 4
47 22 3
47 23 3
47 24 7
47 25 1
47 26 7
47 27 5
47 28 4
47 29 4
47 30 4
47 31 4
47 32 2
47 33 4
47 34 6
47 35 2
47 36 7
47 37 5
47 38 3
47 39 4
47 40 7
47 41 3
47 42 6
47 43 5
47 44 3
47 45 5
47 46 7
48 0 5
48 1 5
48 2 1
48 3 1
48 4 6
48 5 2
48 6 3
48 7 1
48 8 6
48 9 3
48 10 5
48 11 2
48 12 6
48 13 4
48 14 5
48 15 5
48 16 1
48 17 4
48 18 5
48 19 5
48 20 4
48 21 2
48 22 6
48 23 5
48 24 5
48 25 7
48 26 4
48 27 2
48 28 7
48 29 5
48 30 7
48 31 5
48 32 2
48 33 2
48 34 7
48 35 6
48 36 1
48 37 2
48 38 7
48 39 4
48 40 4
48 41 1
48 42 7
48 43 5
48 44 4
48 45 5
48 46 4
48 47 3
49 0 7
49 1 7
49 2 4
49 3 5
49 4 2
49 5 1
49 6 7
49 7 2
49 8 5
49 9 2
49 10 6
49 11 4
49 12 5
49 13 7
49 14 3
49 15 5
49 16 3
49 17 7
49 18 3
49 19 4
49 20 4
49 21 7
49 22 1
49 23 3
49 24 4
49 25 5
49 26 5
49 27 3
49 28 6
49 29 6
49 30 7
49 31 4
49 32 2
49 33 5
49 34 3
49 35 4
49 36 6
49 37 6
49 38 4
49 39 6
49 40 3
49 41 5
49 42 6
49 43 7
49 44 2
49 45 6
49 46 5
49 47 7
49 48 1
50 0 5
50 1 5
50 2 2
50 3 7
50 4 7
50 5 6
50 6 3
50 7 1
50 8 4
50 9 3
50 10 7
50 11 7
50 12 7
50 13 5
50 14 1
50 15 2
50 16 2
50 17 1
50 18 7
50 19 3
50 20 3
50 21 4
50 22 6
50 23 7
50 24 5
50 25 7
50 26 3
50 27 7
50 28 5
50 29 4
50 30 7
50 31 6
50 32 4
50 33 7
50 34 4
50 35 6
50 36 4
50 37 3
50 38 2
50 39 2
50 40 4
50 41 5
50 42 4
50 43 5
50 44 2
50 45 1
50 46 4
50 47 5
50 48 2
50 49 2
51 0 4
51 1 1
51 2 1
51 3 1
51 4 5
51 5 3
51 6 2
51 7 4
51 8 1
51 9 4
51 10 1
51 11 4
51 12 2
51 13 3
51 14 6
51 15 5
51 16 5
51 17 6
51 18 1
51 19 5
51 20 2
51 21 7
51 22 3
51 23 1
51 24 5
51 25 1
51 26 4
51 27 5
51 28 1
51 29 2
51 30 7
51 31 5
51 32 7
51 33 5
51 34 7
51 35 5
51 36 6
51 37 7
51 38 7
51 39 1
51 40 3
51 41 6
51 42 5
51 43 1
51 44 1
51 45 1
51 46 7
51 47 3
51 48 5
51 49 3
51 50 7
52 0 7
52 1 7
52 2 5
52 3 2
52 4 1
52 5 4
52 6 6
52 7 7
52 8 3
52 9 3
52 10 7
52 11 6
52 12 1
52 13 3
52 14 4
52 15 2
52 16 6
52 17 2
52 18 7
52 19 1
52 20 1
52 21 6
52 22 3
52 23 5
52 24 2
52 25 2
52 26 5
52 27 1
52 28 6
52 29 2
52 30 1
52 31 2
52 32 6
52 33 2
52 34 7
52 35 5
52 36 5
52 37 7
52 38 2
52 39 7
52 40 6
52 41 3
52 42 5
52 43 5
52 44 2
52 45 7
52 46 5
52 47 3
52 48 1
52 49 4
52 50 2
52 51 7
53 0 4
53 1 1
53 2 7
53 3 7
53 4 7
53 5 6
53 6 7
53 7 4
53 8 6
53 9 6
53 10 6
53 11 6
53 12 2
53 13 5
53 14 2
53 15 3
53 16 7
53 17 4
53 18 2
53 19 1
53 20 7
53 21 3
53 22 1
53 23 5
53 24 2
53 25 7
53 26 4
53 27 6
53 28 7
53 29 1
53 30 3
53 31 2
53 32 3
53 33 5
53 34 7
53 35 3
53 36 2
53 37 1
53 38 4
53 39 5
53 40 1
53 41 2
53 42 4
53 43 1
53 44 1
53 45 3
53 46 1
53 47 4
53 48 1
53 49 7
53 50 3
53 51 1
53 52 4
54 0 3
54 1 7
54 2 4
54 3 3
54 4 5
54 5 5
54 6 4
54 7 6
54 8 3
54 9 7
54 10 7
54 11 2
54 12 6
54 13 3
54 14 7
54 15 1
54 16 6
54 17 3
54 18 2
54 19 2
54 20 6
54 21 3
54 22 5
54 23 4
54 24 7
54 25 5
54 26 1
54 27 7
54 28 1
54 29 4
54 30 3
54 31 2
54 32 5
54 33 2
54 34 3
54 35 7
54 36 7
54 37 1
54 38 6
54 39 5
54 40 6
54 41 5
54 42 7
54 43 4
54 44 1
54 45 1
54 46 2
54 47 3
54 48 4
54 49 3
54 50 2
54 51 6
54 52 1
54 53 3
55 0 3
55 1 4
55 2 1
55 3 3
55 4 4
55 5 7
55 6 6
55 7 6
55 8 5
55 9 7
55 10 3
55 11 1
55 12 6
55 13 3
55 14 7
55 15 1
55 16 2
55 17 2
55 18 2
55 19 1
55 20 7
55 21 1
55 22 1
55 23 1
55 24 3
55 25 4
55 26 7
55 27 1
55 28 1
55 29 5
55 30 7
55 31 2
55 32 3
55 33 6
55 34 7
55 35 5
55 36 5
55 37 3
55 38 1
55 39 4
55 40 2
55 41 2
55 42 7
55 43 6
55 44 3
55 45 6
55 46 7
55 47 5
55 48 2
55 49 7
55 50 4
55 51 7
55 52 1
55 53 4
55 54 2
56 0 2
56 1 2
56 2 1
56 3 4
56 4 5
56 5 4
56 6 5
56 7 3
56 8 5
56 9 6
56 10 7
56 11 3
56 12 1
56 13 6
56 14 7
56 15 3
56 16 2
56 17 2
56 18 6
56 19 3
56 20 1
56 21 1
56 22 2
56 23 3
56 24 2
56 25 5
56 26 3
56 27 7
56 28 1
56 29 6
56 30 3
56 31 5
56 32 2
56 33 4
56 34 5
56 35 5
56 36 2
56 37 6
56 38 7
56 39 3
56 40 1
56 41 4
56 42 3
56 43 7
56 44 2
56 45 3
56 46 4
56 47 4
56 48 3
56 49 1
56 50 1
56 51 4
56 52 2
56 53 1
56 54 2
56 55 5
57 0 5
57 1 7
57 2 6
57 3 2
57 4 6
57 5 3
57 6 1
57 7 3
57 8 3
57 9 3
57 10 5
57 11 3
57 12 7
57 13 7
57 14 1
57 15 1
57 16 2
57 17 6
57 18 7
57 19 5
57 20 3
57 21 6
57 22 6
57 23 2
57 24 4
57 25 1
57 26 1
57 27 5
57 28 4
57 29 6
57 30 3
57 31 7
57 32 6
57 33 2
57 34 4
57 35 6
57 36 3
57 37 6
57 38 5
57 39 1
57 40 1
57 41 3
57 42 5
57 43 4
57 44 1
57 45 6
57 46 7
57 47 1
57 48 6
57 49 2
57 50 6
57 51 3
57 52 7
57 53 1
57 54 5
57 55 6
57 56 6
58 0 5
58 1 3
58 2 2
58 3 4
58 4 3
58 5 1
58 6 4
58 7 3
58 8 6
58 9 3
58 10 7
58 11 7
58 12 2
58 13 6
58 14 5
58 15 5
58 16 4
58 17 5
58 18 1
58 19 4
58 20 1
58 21 3
58 22 2
58 23 1
58 24 1
58 25 6
58 26 7
58 27 6
58 28 4
58 29 4
58 30 2
58 31 3
58 32 1
58 33 2
58 34 5
58 35 5
58 36 3
58 37 7
58 38 7
58 39 3
58 40 4
58 41 5
58 42 4
58 43 7
58 44 7
58 45 5
58 46 1
58 47 3
58 48 1
58 49 5
58 50 5
58 51 7
58 52 4
58 53 7
58 54 5
58 55 4
58 56 4
58 57 7
59 0 6
59 1 3
59 2 7
59 3 4
59 4 1
59 5 7
59 6 7
59 7 7
59 8 6
59 9 4
59 10 5
59 11 2
59 12 1
59 13 2
59 14 2
59 15 3
59 16 7
59 17 7
59 18 5
59 19 7
59 20 7
59 21 3
59 22 5
59 23 1
59 24 4
59 25 6
59 26 5
59 27 5
59 28 2
59 29 3
59 30 1
59 31 3
59 32 6
59 33 6
59 34 2
59 35 4
59 36 2
59 37 5
59 38 1
59 39 4
59 40 7
59 41 4
59 42 4
59 43 6
59 44 3
59 45 3
59 46 1
59 47 7
59 48 4
59 49 7
59 50 7
59 51 4
59 52 4
59 53 4
59 54 5
59 55 1
59 56 5
59 57 1
59 58 6
60 0 5
60 1 2
60 2 6
60 3 3
60 4 3
60 5 3
60 6 3
60 7 6
60 8 7
60 9 2
60 10 2
60 11 2
60 12 6
60 13 4
60 14 5
60 15 7
60 16 4
60 17 6
60 18 6
60 19 7
60 20 6
60 21 5
60 22 1
60 23 3
60 24 4
60 25 2
60 26 5
60 27 5
60 28 6
60 29 4
60 30 1
60 31 6
60 32 7
60 33 4
60 34 4
60 35 7
60 36 3
60 37 2
60 38 6
60 39 6
60 40 5
60 41 7
60 42 6
60 43 2
60 44 2
60 45 1
60 46 6
60 47 5
60 48 3
60 49 5
60 50 3
60 51 7
60 52 1
60 53 2
60 54 1
60 55 3
60 56 4
60 57 4
60 58 5
60 59 2
61 0 3
61 1 3
61 2 5
61 3 7
61 4 3
61 5 7
61 6 5
61 7 1
61 8 4
61 9 5
61 10 2
61 11 5
61 12 7
61 13 6
61 14 4
61 15 6
61 16 5
61 17 2
61 18 3
61 19 6
61 20 2
61 21 2
61 22 4
61 23 7
61 24 4
61 25 2
61 26 3
61 27 4
61 28 4
61 29 4
61 30 2
61 31 4
61 32 3
61 33 6
61 34 6
61 35 1
61 36 2
61 37 6
61 38 3
61 39 3
61 40 7
61 41 6
61 42 5
61 43 3
61 44 7
61 45 7
61 46 2
61 47 2
61 48 3
61 49 2
61 50 1
61 51 5
61 52 5
61 53 3
61 54 2
61 55 3
61 56 2
61 57 7
61 58 4
61 59 2
61 60 1
62 0 6
62 1 4
62 2 4
62 3 7
62 4 1
62 5 6
62 6 3
62 7 3
62 8 3
62 9 5
62 10 2
62 11 3
62 12 1
62 13 2
62 14 2
62 15 3
62 16 5
62 17 3
62 18 5
62 19 2
62 20 5
62 21 3
62 22 2
62 23 3
62 24 5
62 25 7
62 26 5
62 27 1
62 28 3
62 29 1
62 30 4
62 31 2
62 32 2
62 33 5
62 34 1
62 35 3
62 36 1
62 37 1
62 38 1
62 39 2
62 40 7
62 41 7
62 42 5
62 43 3
62 44 5
62 45 7
62 46 5
62 47 6
62 48 4
62 49 4
62 50 4
62 51 6
62 52 1
62 53 4
62 54 1
62 55 3
62 56 7
62 57 2
62 58 4
62 59 7
62 60 1
62 61 2
63 0 2
63 1 1
63 2 6
63 3 3
63 4 1
63 5 4
63 6 4
63 7 7
63 8 5
63 9 5
63 10 6
63 11 4
63 12 2
63 13 5
63 14 1
63 15 7
63 16 2
63 17 7
63 18 7
63 19 2
63 20 2
63 21 4
63 22 5
63 23 4
63 24 5
63 25 4
63 26 4
63 27 4
63 28 1
63 29 2
63 30 7
63 31 7
63 32 6
63 33 1
63 34 4
63 35 1
63 36 2
63 37 3
63 38 6
63 39 4
63 40 7
63 41 5
63 42 2
63 43 5
63 44 5
63 45 7
63 46 2
63 47 6
63 48 5
63 49 2
63 50 7
63 51 6
63 52 1
63 53 1
63 54 1
63 55 1
63 56 6
63 57 7
63 58 1
63 59 5
63 60 7
63 61 2
63 62 6
64 0 2
64 1 7
64 2 4
64 3 3
64 4 3
64 5 3
64 6 5
64 7 6
64 8 7
64 9 2
64 10 4
64 11 5
64 12 4
64 13 5
64 14 7
64 15 1
64 16 6
64 17 2
64 18 6
64 19 2
64 20 3
64 21 1
64 22 7
64 23 3
64 24 1
64 25 5
64 26 2
64 27 1
64 28 7
64 29 2
64 30 5
64 31 1
64 32 6
64 33 1
64 34 1
64 35 5
64 36 1
64 37 7
64 38 4
64 39 3
64 40 7
64 41 7
64 42 2
64 43 6
64 44 2
64 45 1
64 46 4
64 47 7
64 48 7
64 49 6
64 50 6
64 51 1
64 52 4
64 53 1
64 54 6
64 55 2
64 56 3
64 57 5
64 58 1
64 59 6
64 60 5
64 61 5
64 62 6
64 63 7
65 0 3
65 1 4
65 2 6
65 3 7
65 4 3
65 5 6
65 6 1
65 7 3
65 8 7
65 9 2
65 10 4
65 11 4
65 12 1
65 13 2
65 14 1
65 15 7
65 16 5
65 17 7
65 18 6
65 19 1
65 20 3
65 21 3
65 22 3
65 23 1
65 24 3
65 25 5
65 26 6
65 27 6
65 28 7
65 29 4
65 30 7
65 31 1
65 32 1
65 33 1
65 34 7
65 35 1
65 36 3
65 37 7
65 38 3
65 39 2
65 40 7
65 41 7
65 42 1
65 43 3
65 44 3
65 45 1
65 46 7
65 47 1
65 48 4
65 49 7
65 50 4
65 51 1
65 52 4
65 53 7
65 54 1
65 55 1
65 56 5
65 57 4
65 58 4
65 59 6
65 60 4
65 61 1
65 62 2
65 63 3
65 64 1
66 0 4
66 1 3
66 2 7
66 3 5
66 4 1
66 5 3
66 6 7
66 7 2
66 8 2
66 9 4
66 10 7
66 11 7
66 12 6
66 13 1
66 14 5
66 15 7
66 16 6
66 17 6
66 18 6
66 19 1
66 20 1
66 21 6
66 22 1
66 23 1
66 24 1
66 25 3
66 26 4
66 27 1
66 28 2
66 29 4
66 30 7
66 31 3
66 32 6
66 33 4
66 34 4
66 35 5
66 36 1
66 37 1
66 38 3
66 39 4
66 40 4
66 41 7
66 42 4
66 43 5
66 44 2
66 45 1
66 46 2
66 47 6
66 48 5
66 49 1
66 50 2
66 51 1
66 52 3
66 53 7
66 54 2
66 55 2
66 56 2
66 57 3
66 58 2
66 59 5
66 60 5
66 61 1
66 62 3
66 63 1
66 64 5
66 65 2
67 0 5
67 1 2
67 2 4
67 3 4
67 4 2
67 5 5
67 6 4
67 7 1
67 8 2
67 9 6
67 10 3
67 11 4
67 12 2
67 13 6
67 14 3
67 15 4
67 16 7
67 17 7
67 18 5
67 19 5
67 20 1
67 21 1
67 22 5
67 23 5
67 24 6
67 25 1
67 26 2
67 27 7
67 28 2
67 29 6
67 30 5
67 31 7
67 32 2
67 33 1
67 34 3
67 35 2
67 36 1
67 37 6
67 38 1
67 39 5
67 40 3
67 41 2
67 42 2
67 43 2
67 44 4
67 45 7
67 46 4
67 47 2
67 48 5
67 49 1
67 50 1
67 51 5
67 52 4
67 53 6
67 54 6
67 55 4
67 56 5
67 57 2
67 58 7
67 59 2
67 60 2
67 61 3
67 62 7
67 63 2
67 64 5
67 65 6
67 66 6
68 0 4
68 1 3
68 2 2
68 3 1
68 4 7
68 5 2
68 6 3
68 7 6
68 8 3
68 9 6
68 10 7
68 11 5
68 12 2
68 13 2
68 14 6
68 15 5
68 16 4
68 17 5
68 18 2
68 19 6
68 20 5
68 21 5
68 22 5
68 23 3
68 24 4
68 25 5
68 26 5
68 27 5
68 28 2
68 29 2
68 30 7
68 31 5
68 32 3
68 33 1
68 34 1
68 35 2
68 36 4
68 37 1
68 38 1
68 39 6
68 40 6
68 41 6
68 42 3
68 43 6
68 44 6
68 45 7
68 46 3
68 47 2
68 48 4
68 49 4
68 50 7
68 51 3
68 52 3
68 53 7
68 54 7
68 55 6
68 56 5
68 57 7
68 58 3
68 59 2
68 60 7
68 61 4
68 62 7
68 63 7
68 64 1
68 65 6
68 66 1
68 67 4
