43
3 0 1
3 1 1
3 2 1
4 0 2
5 2 2
5 3 1
5 4 1
6 1 2
6 2 1
6 3 2
6 5 2
7 0 1
7 2 2
7 4 1
8 0 2
8 2 1
8 3 2
8 5 1
9 0 2
9 1 1
9 2 1
9 3 2
9 5 2
9 7 2
9 8 2
10 0 1
10 1 2
10 2 2
10 4 2
10 7 1
11 0 2
11 3 2
11 4 1
11 5 2
11 6 2
11 8 1
11 9 2
12 0 1
12 2 2
12 7 1
12 8 1
12 9 2
12 10 1
13 0 1
13 2 1
13 3 1
13 4 2
13 5 1
13 6 1
13 10 1
13 11 2
13 12 1
14 1 2
14 2 2
14 6 1
14 7 1
14 8 2
14 11 1
15 1 1
15 2 2
15 7 1
15 9 2
15 12 1
15 13 1
15 14 1
16 0 1
16 2 1
16 11 2
16 12 2
17 0 2
17 1 2
17 4 1
17 5 2
17 6 2
17 8 1
17 11 1
17 12 1
17 13 2
18 0 2
18 1 1
18 4 2
18 6 2
18 7 2
18 8 1
18 9 2
18 14 1
18 17 2
19 0 1
19 1 2
19 2 1
19 3 2
19 5 2
19 6 2
19 8 2
19 14 2
19 15 2
19 16 2
19 17 2
20 2 1
20 3 2
20 4 2
20 6 2
20 8 2
20 9 1
20 13 2
20 16 1
20 18 2
21 3 1
21 4 1
21 5 1
21 6 1
21 7 1
21 10 2
21 12 1
21 13 2
21 14 2
21 20 2
22 0 2
22 2 2
22 3 2
22 4 1
22 5 1
22 6 1
22 8 1
22 10 2
22 11 1
22 13 1
22 14 2
22 16 2
22 17 1
22 18 1
22 19 1
22 21 1
23 0 1
23 1 2
23 2 1
23 3 1
23 5 2
23 6 2
23 7 2
23 8 1
23 9 1
23 10 1
23 11 1
23 13 2
23 16 2
23 17 1
23 19 1
23 22 1
24 3 2
24 4 1
24 6 1
24 7 2
24 10 1
24 12 1
24 13 1
24 15 1
24 17 1
24 19 2
24 20 2
24 21 2
24 22 2
24 23 1
25 0 1
25 1 2
25 2 1
25 3 2
25 5 2
25 12 1
25 13 2
25 15 2
25 16 1
25 17 1
25 18 1
25 20 2
26 0 2
26 3 1
26 4 2
26 5 2
26 7 2
26 8 2
26 9 1
26 10 1
26 21 1
26 22 2
26 23 2
27 1 1
27 2 2
27 5 1
27 8 2
27 10 1
27 11 2
27 12 2
27 13 2
27 14 2
27 17 1
27 18 2
27 23 1
27 24 2
27 25 1
27 26 1
28 0 2
28 1 1
28 3 1
28 5 1
28 9 2
28 10 1
28 14 2
28 15 1
28 17 1
28 20 2
28 21 1
28 23 2
28 24 2
29 0 1
29 1 2
29 5 2
29 6 1
29 8 2
29 9 1
29 10 2
29 11 2
29 12 2
29 13 2
29 17 1
29 19 2
29 21 2
29 22 2
29 23 1
29 25 2
29 26 2
29 27 1
30 0 2
30 1 2
30 4 2
30 10 1
30 15 1
30 17 2
30 19 1
30 20 2
30 21 1
30 24 2
30 25 1
30 28 1
30 29 2
31 0 1
31 4 1
31 5 1
31 6 1
31 8 2
31 10 1
31 12 1
31 13 2
31 15 2
31 17 2
31 18 2
31 21 2
31 23 1
31 24 1
31 26 1
31 28 2
32 1 2
32 2 1
32 3 2
32 5 2
32 7 1
32 8 2
32 12 2
32 13 1
32 16 1
32 25 1
32 27 2
32 30 1
33 0 1
33 8 1
33 11 1
33 15 1
33 16 1
33 27 2
33 31 2
33 32 1
34 1 1
34 2 1
34 7 1
34 13 2
34 14 2
34 16 2
34 17 2
34 18 1
34 19 1
34 20 1
34 22 2
34 23 1
34 24 2
34 30 1
35 5 2
35 6 2
35 9 1
35 10 1
35 15 2
35 17 2
35 18 1
35 20 1
35 22 2
35 23 1
35 26 1
35 29 2
36 1 2
36 9 1
36 11 1
36 12 2
36 13 1
36 14 1
36 16 1
36 17 1
36 22 1
36 24 2
36 26 2
36 27 2
36 28 2
36 33 1
36 35 2
37 2 2
37 3 1
37 4 1
37 5 1
37 6 1
37 7 2
37 8 1
37 9 1
37 10 1
37 11 1
37 12 1
37 14 2
37 20 1
37 21 2
37 23 2
37 24 1
37 25 1
37 29 1
37 31 1
37 34 1
38 1 2
38 2 2
38 3 2
38 4 1
38 5 1
38 6 2
38 7 2
38 10 2
38 12 1
38 13 1
38 14 2
38 15 2
38 16 1
38 17 1
38 19 2
38 20 1
38 24 1
38 25 2
38 28 2
38 29 1
38 32 1
38 33 1
38 34 1
39 0 1
39 2 2
39 3 2
39 6 2
39 7 2
39 8 2
39 9 1
39 10 2
39 17 1
39 18 2
39 20 2
39 21 2
39 23 2
39 26 2
39 30 2
39 34 1
39 35 1
39 37 1
40 2 1
40 3 1
40 4 1
40 5 1
40 9 1
40 10 2
40 11 2
40 14 2
40 15 1
40 19 1
40 20 2
40 22 2
40 23 2
40 25 1
40 27 1
40 28 2
40 29 1
40 30 1
40 31 2
40 34 1
40 36 2
40 37 2
40 38 1
40 39 2
41 2 1
41 4 1
41 6 1
41 7 1
41 8 1
41 9 1
41 10 2
41 11 2
41 16 1
41 20 2
41 21 2
41 25 1
41 31 1
41 33 2
41 34 1
41 35 1
42 0 1
42 4 2
42 8 2
42 9 1
42 10 1
42 12 2
42 13 2
42 17 1
42 27 1
42 29 2
42 30 1
42 32 2
42 33 1
42 34 1
42 35 1
42 36 2
