65
1 0 40
2 0 16
2 1 33
3 0 13
3 1 18
3 2 29
4 0 12
4 1 13
4 2 34
4 3 17
5 0 15
5 1 3
5 2 29
5 3 36
5 4 2
6 0 29
6 1 33
6 2 16
6 3 33
6 4 9
6 5 17
7 0 12
7 1 30
7 2 29
7 3 13
7 4 9
7 5 10
7 6 32
8 0 9
8 1 33
8 2 16
8 3 14
8 4 20
8 5 25
8 6 9
8 7 10
9 0 2
9 1 16
9 2 30
9 3 36
9 4 34
9 5 29
9 6 31
9 7 13
9 8 30
10 0 20
10 1 31
10 2 18
10 3 7
10 4 8
10 5 23
10 6 31
10 7 41
10 8 28
10 9 34
11 0 17
11 1 36
11 2 33
11 3 2
11 4 8
11 5 21
11 6 16
11 7 32
11 8 31
11 9 24
11 10 8
12 0 33
12 1 10
12 2 5
12 3 40
12 4 21
12 5 40
12 6 15
12 7 22
12 8 17
12 9 11
12 10 2
12 11 33
13 0 26
13 1 41
13 2 40
13 3 3
13 4 39
13 5 32
13 6 21
13 7 31
13 8 23
13 9 38
13 10 33
13 11 28
13 12 36
14 0 14
14 1 5
14 2 26
14 3 27
14 4 17
14 5 3
14 6 16
14 7 22
14 8 39
14 9 28
14 10 2
14 11 35
14 12 5
14 13 14
15 0 28
15 1 2
15 2 7
15 3 1
15 4 10
15 5 10
15 6 32
15 7 23
15 8 39
15 9 28
15 10 29
15 11 38
15 12 17
15 13 10
15 14 5
16 0 16
16 1 30
16 2 41
16 3 24
16 4 10
16 5 32
16 6 32
16 7 29
16 8 31
16 9 39
16 10 4
16 11 34
16 12 3
16 13 15
16 14 35
16 15 18
17 0 11
17 1 5
17 2 30
17 3 37
17 4 6
17 5 21
17 6 8
17 7 1
17 8 13
17 9 20
17 10 24
17 11 15
17 12 14
17 13 37
17 14 18
17 15 6
17 16 12
18 0 40
18 1 19
18 2 24
18 3 6
18 4 22
18 5 14
18 6 24
18 7 20
18 8 15
18 9 24
18 10 18
18 11 24
18 12 9
18 13 10
18 14 35
18 15 39
18 16 3
18 17 27
19 0 8
19 1 36
19 2 33
19 3 39
19 4 7
19 5 15
19 6 6
19 7 9
19 8 14
19 9 28
19 10 41
19 11 33
19 12 27
19 13 19
19 14 41
19 15 33
19 16 21
19 17 38
19 18 8
20 0 31
20 1 34
20 2 28
20 3 12
20 4 12
20 5 29
20 6 12
20 7 22
20 8 9
20 9 23
20 10 18
20 11 21
20 12 38
20 13 1
20 14 18
20 15 4
20 16 27
20 17 7
20 18 20
20 19 31
21 0 33
21 1 7
21 2 27
21 3 17
21 4 30
21 5 3
21 6 38
21 7 7
21 8 37
21 9 19
21 10 14
21 11 1
21 12 21
21 13 14
21 14 15
21 15 28
21 16 21
21 17 7
21 18 38
21 19 13
21 20 8
22 0 3
22 1 27
22 2 10
22 3 15
22 4 34
22 5 23
22 6 22
22 7 33
22 8 30
22 9 32
22 10 20
22 11 38
22 12 33
22 13 17
22 14 41
22 15 12
22 16 37
22 17 19
22 18 36
22 19 27
22 20 22
22 21 23
23 0 20
23 1 35
23 2 17
23 3 30
23 4 4
23 5 14
23 6 14
23 7 19
23 8 33
23 9 23
23 10 30
23 11 7
23 12 14
23 13 9
23 14 33
23 15 10
23 16 21
23 17 4
23 18 22
23 19 21
23 20 17
23 21 15
23 22 26
24 0 12
24 1 1
24 2 39
24 3 3
24 4 19
24 5 35
24 6 38
24 7 13
24 8 37
24 9 25
24 10 27
24 11 3
24 12 1
24 13 4
24 14 17
24 15 39
24 16 5
24 17 36
24 18 21
24 19 32
24 20 7
24 21 14
24 22 1
24 23 6
25 0 24
25 1 7
25 2 10
25 3 29
25 4 37
25 5 25
25 6 33
25 7 41
25 8 29
25 9 20
25 10 13
25 11 2
25 12 29
25 13 22
25 14 3
25 15 40
25 16 28
25 17 7
25 18 6
25 19 8
25 20 14
25 21 15
25 22 29
25 23 9
25 24 40
26 0 10
26 1 32
26 2 33
26 3 40
26 4 21
26 5 13
26 6 17
26 7 25
26 8 22
26 9 27
26 10 34
26 11 34
26 12 18
26 13 29
26 14 13
26 15 37
26 16 15
26 17 39
26 18 12
26 19 5
26 20 8
26 21 2
26 22 30
26 23 40
26 24 41
26 25 27
27 0 1
27 1 14
27 2 5
27 3 13
27 4 5
27 5 33
27 6 30
27 7 18
27 8 39
27 9 1
27 10 11
27 11 20
27 12 31
27 13 37
27 14 35
27 15 15
27 16 19
27 17 29
27 18 41
27 19 41
27 20 19
27 21 27
27 22 38
27 23 7
27 24 19
27 25 24
27 26 13
28 0 35
28 1 41
28 2 17
28 3 12
28 4 21
28 5 10
28 6 6
28 7 11
28 8 9
28 9 29
28 10 36
28 11 26
28 12 30
28 13 7
28 14 24
28 15 10
28 16 21
28 17 6
28 18 20
28 19 33
28 20 26
28 21 13
28 22 9
28 23 8
28 24 38
28 25 1
28 26 7
28 27 2
29 0 31
29 1 27
29 2 27
29 3 34
29 4 24
29 5 29
29 6 38
29 7 37
29 8 28
29 9 14
29 10 39
29 11 34
29 12 5
29 13 15
29 14 31
29 15 36
29 16 30
29 17 24
29 18 21
29 19 30
29 20 30
29 21 33
29 22 28
29 23 39
29 24 36
29 25 22
29 26 4
29 27 5
29 28 33
30 0 20
30 1 32
30 2 14
30 3 35
30 4 33
30 5 18
30 6 20
30 7 3
30 8 23
30 9 21
30 10 22
30 11 28
30 12 39
30 13 38
30 14 5
30 15 5
30 16 6
30 17 1
30 18 19
30 19 12
30 20 29
30 21 3
30 22 39
30 23 26
30 24 14
30 25 28
30 26 33
30 27 15
30 28 40
30 29 38
31 0 17
31 1 33
31 2 29
31 3 31
31 4 27
31 5 27
31 6 34
31 7 13
31 8 40
31 9 28
31 10 18
31 11 3
31 12 7
31 13 12
31 14 1
31 15 41
31 16 1
31 17 28
31 18 38
31 19 1
31 20 23
31 21 27
31 22 29
31 23 28
31 24 10
31 25 28
31 26 3
31 27 20
31 28 11
31 29 2
31 30 22
32 0 36
32 1 14
32 2 29
32 3 40
32 4 2
32 5 7
32 6 7
32 7 40
32 8 29
32 9 16
32 10 6
32 11 19
32 12 8
32 13 7
32 14 14
32 15 8
32 16 24
32 17 15
32 18 6
32 19 33
32 20 35
32 21 40
32 22 14
32 23 31
32 24 30
32 25 17
32 26 2
32 27 14
32 28 29
32 29 34
32 30 14
32 31 16
33 0 22
33 1 11
33 2 32
33 3 21
33 4 8
33 5 31
33 6 5
33 7 7
33 8 36
33 9 15
33 10 10
33 11 21
33 12 37
33 13 30
33 14 18
33 15 40
33 16 16
33 17 5
33 18 32
33 19 14
33 20 34
33 21 10
33 22 38
33 23 12
33 24 14
33 25 2
33 26 16
33 27 33
33 28 10
33 29 37
33 30 35
33 31 10
33 32 27
34 0 36
34 1 17
34 2 23
34 3 37
34 4 12
34 5 25
34 6 7
34 7 31
34 8 17
34 9 31
34 10 12
34 11 16
34 12 2
34 13 37
34 14 6
34 15 8
34 16 28
34 17 15
34 18 36
34 19 24
34 20 4
34 21 30
34 22 10
34 23 5
34 24 28
34 25 27
34 26 26
34 27 2
34 28 2
34 29 8
34 30 30
34 31 1
34 32 15
34 33 41
35 0 34
35 1 1
35 2 36
35 3 38
35 4 37
35 5 27
35 6 9
35 7 41
35 8 32
35 9 38
35 10 26
35 11 15
35 12 38
35 13 24
35 14 8
35 15 4
35 16 29
35 17 24
35 18 25
35 19 30
35 20 14
35 21 3
35 22 9
35 23 37
35 24 37
35 25 4
35 26 14
35 27 33
35 28 22
35 29 2
35 30 36
35 31 29
35 32 24
35 33 9
35 34 6
36 0 16
36 1 31
36 2 3
36 3 39
36 4 36
36 5 19
36 6 22
36 7 26
36 8 30
36 9 15
36 10 36
36 11 34
36 12 14
36 13 21
36 14 5
36 15 21
36 16 10
36 17 20
36 18 5
36 19 3
36 20 40
36 21 31
36 22 39
36 23 20
36 24 26
36 25 33
36 26 32
36 27 28
36 28 11
36 29 6
36 30 31
36 31 22
36 32 2
36 33 36
36 34 19
36 35 16
37 0 18
37 1 20
37 2 33
37 3 1
37 4 31
37 5 21
37 6 31
37 7 1
37 8 12
37 9 21
37 10 38
37 11 22
37 12 32
37 13 36
37 14 9
37 15 24
37 16 16
37 17 31
37 18 26
37 19 15
37 20 1
37 21 16
37 22 20
37 23 19
37 24 26
37 25 1
37 26 13
37 27 23
37 28 22
37 29 16
37 30 2
37 31 18
37 32 34
37 33 7
37 34 27
37 35 40
37 36 1
38 0 33
38 1 2
38 2 32
38 3 41
38 4 33
38 5 3
38 6 24
38 7 31
38 8 17
38 9 34
38 10 7
38 11 41
38 12 10
38 13 19
38 14 41
38 15 18
38 16 4
38 17 24
38 18 25
38 19 41
38 20 9
38 21 33
38 22 6
38 23 30
38 24 32
38 25 25
38 26 7
38 27 37
38 28 4
38 29 7
38 30 3
38 31 24
38 32 11
38 33 26
38 34 41
38 35 37
38 36 27
38 37 29
39 0 6
39 1 11
39 2 37
39 3 37
39 4 31
39 5 39
39 6 17
39 7 29
39 8 6
39 9 11
39 10 41
39 11 13
39 12 22
39 13 15
39 14 23
39 15 1
39 16 36
39 17 29
39 18 1
39 19 8
39 20 14
39 21 7
39 22 20
39 23 14
39 24 29
39 25 34
39 26 34
39 27 5
39 28 26
39 29 31
39 30 31
39 31 32
39 32 18
39 33 41
39 34 16
39 35 24
39 36 36
39 37 12
39 38 32
40 0 20
40 1 12
40 2 23
40 3 28
40 4 25
40 5 38
40 6 17
40 7 38
40 8 24
40 9 9
40 10 15
40 11 41
40 12 39
40 13 18
40 14 19
40 15 18
40 16 34
40 17 6
40 18 9
40 19 23
40 20 27
40 21 6
40 22 15
40 23 21
40 24 38
40 25 32
40 26 35
40 27 17
40 28 1
40 29 5
40 30 35
40 31 15
40 32 21
40 33 7
40 34 37
40 35 24
40 36 32
40 37 1
40 38 10
40 39 25
41 0 23
41 1 36
41 2 15
41 3 31
41 4 39
41 5 7
41 6 32
41 7 10
41 8 32
41 9 3
41 10 4
41 11 3
41 12 30
41 13 27
41 14 16
41 15 14
41 16 9
41 17 35
41 18 33
41 19 11
41 20 3
41 21 14
41 22 40
41 23 2
41 24 33
41 25 36
41 26 2
41 27 9
41 28 16
41 29 36
41 30 10
41 31 17
41 32 17
41 33 4
41 34 29
41 35 30
41 36 35
41 37 24
41 38 2
41 39 27
41 40 26
42 0 26
42 1 17
42 2 27
42 3 37
42 4 9
42 5 4
42 6 37
42 7 35
42 8 41
42 9 28
42 10 16
42 11 8
42 12 36
42 13 14
42 14 32
42 15 23
42 16 11
42 17 37
42 18 22
42 19 40
42 20 29
42 21 33
42 22 8
42 23 27
42 24 35
42 25 28
42 26 3
42 27 34
42 28 18
42 29 36
42 30 5
42 31 32
42 32 37
42 33 23
42 34 27
42 35 26
42 36 10
42 37 6
42 38 18
42 39 4
42 40 17
42 41 39
43 0 19
43 1 7
43 2 41
43 3 29
43 4 35
43 5 39
43 6 7
43 7 3
43 8 3
43 9 36
43 10 3
43 11 2
43 12 39
43 13 26
43 14 8
43 15 25
43 16 36
43 17 9
43 18 21
43 19 15
43 20 7
43 21 20
43 22 2
43 23 8
43 24 29
43 25 2
43 26 24
43 27 16
43 28 2
43 29 39
43 30 23
43 31 17
43 32 36
43 33 35
43 34 41
43 35 30
43 36 12
43 37 31
43 38 27
43 39 34
43 40 15
43 41 39
43 42 11
44 0 30
44 1 5
44 2 17
44 3 22
44 4 24
44 5 23
44 6 14
44 7 31
44 8 38
44 9 24
44 10 26
44 11 26
44 12 37
44 13 1
44 14 29
44 15 40
44 16 27
44 17 38
44 18 37
44 19 14
44 20 6
44 21 35
44 22 2
44 23 25
44 24 29
44 25 41
44 26 13
44 27 17
44 28 35
44 29 7
44 30 18
44 31 21
44 32 39
44 33 41
44 34 20
44 35 35
44 36 12
44 37 3
44 38 16
44 39 28
44 40 38
44 41 31
44 42 17
44 43 40
45 0 3
45 1 29
45 2 18
45 3 11
45 4 20
45 5 26
45 6 34
45 7 19
45 8 6
45 9 35
45 10 8
45 11 9
45 12 15
45 13 7
45 14 9
45 15 35
45 16 37
45 17 30
45 18 26
45 19 13
45 20 38
45 21 34
45 22 21
45 23 5
45 24 30
45 25 8
45 26 2
45 27 28
45 28 28
45 29 38
45 30 11
45 31 12
45 32 25
45 33 40
45 34 1
45 35 26
45 36 41
45 37 21
45 38 29
45 39 27
45 40 7
45 41 33
45 42 7
45 43 7
45 44 29
46 0 17
46 1 6
46 2 26
46 3 32
46 4 5
46 5 31
46 6 26
46 7 33
46 8 10
46 9 7
46 10 16
46 11 5
46 12 31
46 13 14
46 14 5
46 15 1
46 16 19
46 17 21
46 18 5
46 19 33
46 20 22
46 21 3
46 22 39
46 23 23
46 24 33
46 25 15
46 26 39
46 27 21
46 28 14
46 29 5
46 30 2
46 31 27
46 32 9
46 33 22
46 34 30
46 35 38
46 36 17
46 37 32
46 38 14
46 39 17
46 40 18
46 41 39
46 42 12
46 43 21
46 44 4
46 45 18
47 0 34
47 1 9
47 2 10
47 3 9
47 4 20
47 5 2
47 6 31
47 7 31
47 8 2
47 9 27
47 10 40
47 11 15
47 12 1
47 13 30
47 14 8
47 15 9
47 16 40
47 17 1
47 18 2
47 19 20
47 20 34
47 21 13
47 22 3
47 23 41
47 24 12
47 25 4
47 26 21
47 27 35
47 28 4
47 29 29
47 30 4
47 31 18
47 32 12
47 33 30
47 34 30
47 35 39
47 36 11
47 37 24
47 38 41
47 39 24
47 40 41
47 41 28
47 42 4
47 43 26
47 44 18
47 45 23
47 46 14
48 0 16
48 1 34
48 2 4
48 3 33
48 4 20
48 5 21
48 6 11
48 7 10
48 8 4
48 9 32
48 10 17
48 11 31
48 12 11
48 13 7
48 14 1
48 15 28
48 16 5
48 17 38
48 18 39
48 19 18
48 20 23
48 21 18
48 22 17
48 23 38
48 24 9
48 25 13
48 26 24
48 27 39
48 28 17
48 29 37
48 30 23
48 31 17
48 32 8
48 33 25
48 34 21
48 35 38
48 36 8
48 37 29
48 38 4
48 39 38
48 40 28
48 41 29
48 42 1
48 43 36
48 44 28
48 45 8
48 46 39
48 47 41
49 0 28
49 1 12
49 2 40
49 3 8
49 4 39
49 5 14
49 6 39
49 7 29
49 8 10
49 9 16
49 10 34
49 11 20
49 12 36
49 13 23
49 14 38
49 15 36
49 16 20
49 17 26
49 18 5
49 19 35
49 20 11
49 21 31
49 22 41
49 23 12
49 24 8
49 25 39
49 26 14
49 27 14
49 28 19
49 29 17
49 30 5
49 31 27
49 32 27
49 33 24
49 34 20
49 35 12
49 36 38
49 37 39
49 38 34
49 39 18
49 40 36
49 41 25
49 42 4
49 43 41
49 44 4
49 45 16
49 46 14
49 47 15
49 48 13
50 0 37
50 1 25
50 2 6
50 3 1
50 4 37
50 5 33
50 6 3
50 7 27
50 8 23
50 9 17
50 10 23
50 11 28
50 12 39
50 13 39
50 14 5
50 15 22
50 16 29
50 17 18
50 18 37
50 19 36
50 20 11
50 21 31
50 22 9
50 23 38
50 24 32
50 25 40
50 26 18
50 27 24
50 28 10
50 29 27
50 30 39
50 31 26
50 32 14
50 33 14
50 34 36
50 35 15
50 36 16
50 37 30
50 38 29
50 39 21
50 40 4
50 41 29
50 42 14
50 43 38
50 44 4
50 45 18
50 46 37
50 47 26
50 48 25
50 49 35
51 0 13
51 1 24
51 2 18
51 3 8
51 4 25
51 5 15
51 6 13
51 7 39
51 8 28
51 9 14
51 10 15
51 11 30
51 12 17
51 13 4
51 14 2
51 15 8
51 16 35
51 17 20
51 18 35
51 19 10
51 20 27
51 21 12
51 22 36
51 23 34
51 24 41
51 25 38
51 26 22
51 27 41
51 28 37
51 29 38
51 30 26
51 31 26
51 32 7
51 33 3
51 34 6
51 35 10
51 36 36
51 37 9
51 38 21
51 39 39
51 40 33
51 41 17
51 42 22
51 43 11
51 44 24
51 45 35
51 46 25
51 47 13
51 48 38
51 49 27
51 50 26
52 0 29
52 1 29
52 2 19
52 3 13
52 4 12
52 5 28
52 6 22
52 7 31
52 8 10
52 9 25
52 10 29
52 11 29
52 12 12
52 13 35
52 14 14
52 15 35
52 16 14
52 17 7
52 18 15
52 19 38
52 20 14
52 21 18
52 22 33
52 23 17
52 24 19
52 25 20
52 26 12
52 27 17
52 28 34
52 29 11
52 30 40
52 31 37
52 32 14
52 33 13
52 34 9
52 35 6
52 36 18
52 37 31
52 38 15
52 39 5
52 40 29
52 41 20
52 42 16
52 43 29
52 44 33
52 45 27
52 46 4
52 47 5
52 48 2
52 49 40
52 50 12
52 51 23
53 0 21
53 1 38
53 2 9
53 3 31
53 4 34
53 5 31
53 6 38
53 7 36
53 8 28
53 9 26
53 10 10
53 11 5
53 12 33
53 13 31
53 14 11
53 15 28
53 16 41
53 17 38
53 18 27
53 19 17
53 20 27
53 21 8
53 22 18
53 23 28
53 24 15
53 25 4
53 26 24
53 27 35
53 28 37
53 29 9
53 30 34
53 31 7
53 32 36
53 33 29
53 34 35
53 35 33
53 36 5
53 37 37
53 38 40
53 39 30
53 40 21
53 41 27
53 42 27
53 43 7
53 44 5
53 45 18
53 46 23
53 47 9
53 48 5
53 49 27
53 50 39
53 51 35
53 52 35
54 0 34
54 1 39
54 2 6
54 3 4
54 4 11
54 5 18
54 6 21
54 7 6
54 8 27
54 9 41
54 10 22
54 11 16
54 12 22
54 13 5
54 14 19
54 15 36
54 16 21
54 17 16
54 18 15
54 19 8
54 20 7
54 21 27
54 22 32
54 23 18
54 24 13
54 25 4
54 26 7
54 27 37
54 28 15
54 29 2
54 30 24
54 31 18
54 32 13
54 33 22
54 34 15
54 35 38
54 36 2
54 37 13
54 38 23
54 39 18
54 40 7
54 41 31
54 42 34
54 43 24
54 44 33
54 45 22
54 46 25
54 47 15
54 48 25
54 49 18
54 50 41
54 51 35
54 52 17
54 53 25
55 0 27
55 1 31
55 2 40
55 3 31
55 4 16
55 5 17
55 6 28
55 7 24
55 8 34
55 9 21
55 10 23
55 11 4
55 12 26
55 13 14
55 14 14
55 15 33
55 16 26
55 17 34
55 18 40
55 19 33
55 20 30
55 21 7
55 22 33
55 23 16
55 24 16
55 25 15
55 26 36
55 27 24
55 28 3
55 29 22
55 30 13
55 31 28
55 32 37
55 33 30
55 34 2
55 35 41
55 36 24
55 37 11
55 38 37
55 39 39
55 40 10
55 41 5
55 42 36
55 43 25
55 44 25
55 45 6
55 46 19
55 47 3
55 48 33
55 49 13
55 50 37
55 51 14
55 52 37
55 53 38
55 54 1
56 0 25
56 1 21
56 2 35
56 3 40
56 4 10
56 5 19
56 6 41
56 7 36
56 8 26
56 9 7
56 10 20
56 11 20
56 12 28
56 13 15
56 14 22
56 15 1
56 16 3
56 17 5
56 18 38
56 19 5
56 20 37
56 21 19
56 22 11
56 23 16
56 24 35
56 25 39
56 26 33
56 27 32
56 28 35
56 29 4
56 30 17
56 31 16
56 32 21
56 33 21
56 34 34
56 35 34
56 36 24
56 37 32
56 38 21
56 39 15
56 40 20
56 41 4
56 42 14
56 43 31
56 44 37
56 45 30
56 46 21
56 47 9
56 48 3
56 49 33
56 50 41
56 51 4
56 52 16
56 53 12
56 54 21
56 55 40
57 0 41
57 1 39
57 2 32
57 3 25
57 4 36
57 5 23
57 6 32
57 7 24
57 8 23
57 9 1
57 10 6
57 11 36
57 12 10
57 13 28
57 14 26
57 15 24
57 16 18
57 17 18
57 18 27
57 19 8
57 20 25
57 21 9
57 22 17
57 23 1
57 24 9
57 25 32
57 26 26
57 27 29
57 28 38
57 29 14
57 30 14
57 31 14
57 32 18
57 33 41
57 34 5
57 35 36
57 36 35
57 37 10
57 38 23
57 39 14
57 40 7
57 41 2
57 42 10
57 43 17
57 44 9
57 45 4
57 46 39
57 47 8
57 48 23
57 49 16
57 50 24
57 51 13
57 52 25
57 53 11
57 54 10
57 55 26
57 56 24
58 0 7
58 1 3
58 2 15
58 3 22
58 4 14
58 5 29
58 6 1
58 7 34
58 8 39
58 9 37
58 10 35
58 11 34
58 12 5
58 13 18
58 14 27
58 15 21
58 16 11
58 17 36
58 18 31
58 19 23
58 20 21
58 21 40
58 22 1
58 23 23
58 24 39
58 25 32
58 26 39
58 27 7
58 28 18
58 29 22
58 30 9
58 31 33
58 32 33
58 33 15
58 34 8
58 35 10
58 36 26
58 37 34
58 38 16
58 39 17
58 40 18
58 41 8
58 42 37
58 43 10
58 44 18
58 45 1
58 46 6
58 47 11
58 48 15
58 49 1
58 50 26
58 51 5
58 52 13
58 53 32
58 54 10
58 55 27
58 56 4
58 57 14
59 0 30
59 1 36
59 2 32
59 3 9
59 4 7
59 5 2
59 6 29
59 7 3
59 8 15
59 9 32
59 10 29
59 11 35
59 12 34
59 13 33
59 14 15
59 15 29
59 16 26
59 17 32
59 18 1
59 19 26
59 20 13
59 21 16
59 22 8
59 23 25
59 24 18
59 25 21
59 26 1
59 27 34
59 28 33
59 29 13
59 30 4
59 31 17
59 32 9
59 33 17
59 34 40
59 35 9
59 36 16
59 37 22
59 38 8
59 39 4
59 40 12
59 41 18
59 42 8
59 43 33
59 44 2
59 45 30
59 46 1
59 47 32
59 48 15
59 49 3
59 50 23
59 51 4
59 52 32
59 53 37
59 54 5
59 55 7
59 56 21
59 57 28
59 58 24
60 0 36
60 1 22
60 2 39
60 3 35
60 4 6
60 5 9
60 6 12
60 7 31
60 8 17
60 9 23
60 10 22
60 11 12
60 12 19
60 13 1
60 14 34
60 15 15
60 16 11
60 17 18
60 18 34
60 19 16
60 20 40
60 21 12
60 22 20
60 23 36
60 24 20
60 25 26
60 26 30
60 27 15
60 28 36
60 29 15
60 30 33
60 31 27
60 32 22
60 33 24
60 34 36
60 35 3
60 36 11
60 37 3
60 38 31
60 39 4
60 40 13
60 41 18
60 42 2
60 43 37
60 44 3
60 45 17
60 46 27
60 47 14
60 48 7
60 49 8
60 50 18
60 51 22
60 52 1
60 53 29
60 54 41
60 55 9
60 56 41
60 57 25
60 58 16
60 59 7
61 0 4
61 1 3
61 2 1
61 3 35
61 4 10
61 5 26
61 6 38
61 7 28
61 8 4
61 9 40
61 10 15
61 11 24
61 12 37
61 13 6
61 14 23
61 15 9
61 16 20
61 17 21
61 18 19
61 19 14
61 20 24
61 21 30
61 22 15
61 23 31
61 24 17
61 25 21
61 26 34
61 27 20
61 28 25
61 29 22
61 30 35
61 31 7
61 32 12
61 33 18
61 34 12
61 35 3
61 36 39
61 37 5
61 38 11
61 39 39
61 40 6
61 41 10
61 42 1
61 43 23
61 44 17
61 45 19
61 46 39
61 47 35
61 48 30
61 49 30
61 50 20
61 51 1
61 52 23
61 53 38
61 54 27
61 55 39
61 56 16
61 57 8
61 58 15
61 59 25
61 60 38
62 0 19
62 1 10
62 2 24
62 3 30
62 4 14
62 5 3
62 6 32
62 7 38
62 8 27
62 9 13
62 10 39
62 11 40
62 12 20
62 13 20
62 14 24
62 15 2
62 16 2
62 17 5
62 18 10
62 19 2
62 20 11
62 21 17
62 22 29
62 23 33
62 24 16
62 25 17
62 26 34
62 27 23
62 28 16
62 29 34
62 30 32
62 31 40
62 32 41
62 33 29
62 34 25
62 35 14
62 36 1
62 37 7
62 38 10
62 39 21
62 40 7
62 41 13
62 42 26
62 43 40
62 44 2
62 45 17
62 46 21
62 47 32
62 48 33
62 49 35
62 50 37
62 51 30
62 52 8
62 53 4
62 54 28
62 55 20
62 56 30
62 57 23
62 58 11
62 59 31
62 60 40
62 61 6
63 0 28
63 1 39
63 2 24
63 3 6
63 4 26
63 5 19
63 6 13
63 7 20
63 8 36
63 9 40
63 10 12
63 11 11
63 12 14
63 13 4
63 14 9
63 15 39
63 16 38
63 17 10
63 18 2
63 19 24
63 20 27
63 21 35
63 22 39
63 23 19
63 24 21
63 25 5
63 26 36
63 27 25
63 28 22
63 29 34
63 30 17
63 31 26
63 32 35
63 33 41
63 34 33
63 35 1
63 36 21
63 37 24
63 38 1
63 39 35
63 40 17
63 41 9
63 42 24
63 43 27
63 44 36
63 45 31
63 46 19
63 47 24
63 48 18
63 49 14
63 50 38
63 51 9
63 52 40
63 53 2
63 54 19
63 55 7
63 56 11
63 57 9
63 58 15
63 59 19
63 60 25
63 61 14
63 62 3
64 0 38
64 1 38
64 2 1
64 3 27
64 4 2
64 5 36
64 6 7
64 7 2
64 8 31
64 9 15
64 10 22
64 11 34
64 12 10
64 13 38
64 14 18
64 15 34
64 16 38
64 17 32
64 18 7
64 19 24
64 20 35
64 21 8
64 22 13
64 23 20
64 24 18
64 25 35
64 26 4
64 27 22
64 28 6
64 29 17
64 30 19
64 31 18
64 32 24
64 33 39
64 34 20
64 35 33
64 36 6
64 37 15
64 38 20
64 39 34
64 40 4
64 41 4
64 42 22
64 43 13
64 44 34
64 45 11
64 46 26
64 47 5
64 48 20
64 49 13
64 50 29
64 51 21
64 52 24
64 53 35
64 54 33
64 55 39
64 56 34
64 57 12
64 58 32
64 59 38
64 60 28
64 61 7
64 62 28
64 63 17
