16
1 0 6
2 0 5
2 1 32
3 0 58
3 1 29
3 2 18
4 0 44
4 1 5
4 2 36
4 3 1
5 0 28
5 1 8
5 2 19
5 3 3
5 4 18
6 0 56
6 1 47
6 2 53
6 3 37
6 4 24
6 5 54
7 0 51
7 1 13
7 2 6
7 3 52
7 4 5
7 5 47
7 6 8
8 0 32
8 1 47
8 2 24
8 3 52
8 4 12
8 5 30
8 6 58
8 7 6
9 0 29
9 1 36
9 2 43
9 3 33
9 4 51
9 5 62
9 6 27
9 7 18
9 8 31
10 0 6
10 1 19
10 2 12
10 3 25
10 4 54
10 5 42
10 6 12
10 7 30
10 8 5
10 9 6
11 0 39
11 1 32
11 2 30
11 3 9
11 4 49
11 5 24
11 6 5
11 7 25
11 8 31
11 9 23
11 10 13
12 0 14
12 1 58
12 2 54
12 3 38
12 4 54
12 5 58
12 6 41
12 7 6
12 8 7
12 9 21
12 10 34
12 11 18
13 0 41
13 1 15
13 2 7
13 3 35
13 4 34
13 5 4
13 6 52
13 7 20
13 8 49
13 9 7
13 10 57
13 11 55
13 12 42
14 0 39
14 1 19
14 2 2
14 3 44
14 4 53
14 5 1
14 6 45
14 7 47
14 8 27
14 9 48
14 10 38
14 11 9
14 12 11
14 13 17
15 0 24
15 1 58
15 2 5
15 3 54
15 4 59
15 5 8
15 6 2
15 7 23
15 8 13
15 9 57
15 10 50
15 11 19
15 12 46
15 13 11
15 14 56
