61
1 0 21
2 0 46
3 0 5
4 0 24
4 1 46
4 2 21
4 3 44
5 0 44
5 1 4
5 3 30
6 0 2
7 0 43
7 1 5
7 2 32
7 5 34
7 6 45
8 0 33
8 4 32
8 6 24
8 7 24
9 0 17
9 1 19
9 3 40
9 4 16
9 5 50
9 6 4
9 8 25
10 0 35
10 2 20
10 3 8
11 1 32
11 5 44
11 6 43
11 7 12
11 8 34
11 9 34
11 10 33
12 4 47
12 5 39
12 10 21
13 0 43
13 3 45
13 4 10
13 5 25
13 6 48
13 7 35
13 8 49
13 9 17
13 11 21
13 12 5
14 4 21
14 5 16
14 6 28
14 8 9
14 9 32
14 10 7
14 11 32
14 13 47
15 0 13
15 4 35
15 5 31
15 8 47
15 9 44
15 11 16
15 13 15
15 14 18
16 1 23
16 3 22
16 5 10
16 13 17
16 15 34
17 2 17
17 5 20
17 6 7
17 7 34
17 8 4
17 9 34
17 11 43
17 15 27
18 0 20
18 3 47
18 4 50
18 9 25
18 10 31
18 11 14
18 12 29
18 15 36
18 16 43
18 17 30
19 3 28
19 6 27
19 8 32
19 9 1
19 10 29
19 11 26
19 12 11
19 13 42
19 16 42
19 18 17
20 1 46
20 7 24
20 8 3
20 9 20
20 12 50
20 13 27
20 14 42
20 17 28
20 18 28
21 0 15
21 2 39
21 5 36
21 7 3
21 9 46
21 11 6
21 14 17
21 16 40
22 0 48
22 2 28
22 4 46
22 5 3
22 10 6
22 12 15
22 14 34
22 16 33
22 20 41
22 21 31
23 1 32
23 3 15
23 9 37
23 11 48
23 13 34
23 14 29
23 15 30
23 18 42
23 19 5
23 20 49
23 22 11
24 5 25
24 6 7
24 8 48
24 9 23
24 10 49
24 13 8
24 16 34
24 19 48
24 20 8
24 21 11
24 22 43
24 23 33
25 1 2
25 4 19
25 7 13
25 9 12
25 10 41
25 15 23
25 17 37
25 18 15
25 19 19
25 20 23
25 21 4
25 22 19
25 24 30
26 0 27
26 1 8
26 3 6
26 5 28
26 8 38
26 11 36
26 12 35
26 18 43
26 21 5
26 22 31
26 24 30
26 25 20
27 2 3
27 3 16
27 8 29
27 9 27
27 12 18
27 15 8
27 16 44
27 17 19
27 18 48
27 19 11
27 20 43
27 21 5
27 24 25
28 0 8
28 2 33
28 4 37
28 5 42
28 7 26
28 8 33
28 12 31
28 13 17
28 17 19
28 18 13
28 23 50
28 25 30
28 27 36
29 2 35
29 3 35
29 6 22
29 8 8
29 9 15
29 10 20
29 13 21
29 14 8
29 21 15
29 22 23
29 23 44
29 24 35
29 26 32
29 28 15
30 0 15
30 2 35
30 3 17
30 6 20
30 10 46
30 11 34
30 14 46
30 16 33
30 25 21
30 26 19
30 28 13
31 0 7
31 1 45
31 2 18
31 3 49
31 5 32
31 7 21
31 8 22
31 9 9
31 10 42
31 13 10
31 15 21
31 16 29
31 17 11
31 20 8
31 21 40
31 22 44
31 23 11
31 26 16
31 27 10
31 29 34
31 30 25
32 1 9
32 2 11
32 3 10
32 4 45
32 7 17
32 8 25
32 9 32
32 10 5
32 11 28
32 13 5
32 15 45
32 16 7
32 17 18
32 19 14
32 23 5
32 24 17
32 25 14
32 26 49
32 27 17
32 29 19
32 31 13
33 0 39
33 1 16
33 5 25
33 6 40
33 7 44
33 9 32
33 10 49
33 11 29
33 12 10
33 13 1
33 16 11
33 20 34
33 23 47
33 24 37
33 27 7
33 29 30
33 31 11
33 32 18
34 0 45
34 3 35
34 4 11
34 6 13
34 9 11
34 10 12
34 11 41
34 13 31
34 17 25
34 19 14
34 23 35
34 28 11
34 31 19
35 1 15
35 2 43
35 3 4
35 6 47
35 7 1
35 12 9
35 13 26
35 16 27
35 17 29
35 19 20
35 20 14
35 21 14
35 22 26
35 23 4
35 24 26
35 25 41
35 27 17
35 28 49
35 29 5
35 30 40
35 31 6
35 32 34
35 34 9
36 0 11
36 6 41
36 9 27
36 11 6
36 12 4
36 15 3
36 22 13
36 24 15
36 26 48
36 27 45
36 31 35
37 0 47
37 2 40
37 3 5
37 4 44
37 5 18
37 7 26
37 8 50
37 9 5
37 12 13
37 14 24
37 15 45
37 16 10
37 20 29
37 21 41
37 23 28
37 26 46
37 27 23
37 29 23
37 30 46
37 31 8
37 32 31
37 33 42
37 34 38
37 35 23
38 0 44
38 1 48
38 2 10
38 3 42
38 5 31
38 6 10
38 7 19
38 8 36
38 10 23
38 11 39
38 12 48
38 16 13
38 17 47
38 18 34
38 19 36
38 21 25
38 24 43
38 25 40
38 26 49
38 27 1
38 30 47
38 31 3
38 32 48
38 33 18
38 34 28
38 35 42
38 36 40
39 0 6
39 2 8
39 8 26
39 9 8
39 12 16
39 15 25
39 16 22
39 17 13
39 18 5
39 19 10
39 20 17
39 24 26
39 25 16
39 26 33
39 29 20
39 30 29
39 31 45
39 32 16
39 34 49
39 37 18
39 38 38
40 1 34
40 6 48
40 7 1
40 8 42
40 9 21
40 10 13
40 12 25
40 13 50
40 15 11
40 16 30
40 17 50
40 19 2
40 20 8
40 22 39
40 25 32
40 27 28
40 28 1
40 31 32
40 32 39
40 33 43
40 35 44
40 37 9
40 39 23
41 0 31
41 1 33
41 6 28
41 7 39
41 11 11
41 13 23
41 14 34
41 17 19
41 19 17
41 20 36
41 21 46
41 24 9
41 27 50
41 29 42
41 33 35
41 36 31
41 39 34
41 40 15
42 0 27
42 1 30
42 3 11
42 4 29
42 6 25
42 8 50
42 11 35
42 12 10
42 13 28
42 14 38
42 15 49
42 16 39
42 17 7
42 18 36
42 19 17
42 20 34
42 23 29
42 24 4
42 28 28
42 29 4
42 34 44
42 36 50
42 41 34
43 0 11
43 1 34
43 2 37
43 4 37
43 8 12
43 9 32
43 11 48
43 12 7
43 14 25
43 15 6
43 16 43
43 17 16
43 18 38
43 19 15
43 22 44
43 24 44
43 25 34
43 26 34
43 29 24
43 30 47
43 31 19
43 32 24
43 33 39
43 35 4
43 37 1
43 38 23
43 41 21
43 42 38
44 0 18
44 1 13
44 3 44
44 5 49
44 7 22
44 8 1
44 9 30
44 11 30
44 12 45
44 13 20
44 16 27
44 20 44
44 21 3
44 24 21
44 28 22
44 34 48
44 35 14
44 36 31
44 37 21
44 43 24
45 0 38
45 1 25
45 3 50
45 5 21
45 7 9
45 9 37
45 11 14
45 13 48
45 15 2
45 17 1
45 18 50
45 19 44
45 20 20
45 22 26
45 23 15
45 24 16
45 25 29
45 29 5
45 33 26
45 34 20
45 35 35
45 37 11
45 38 39
45 39 43
45 40 5
45 41 14
45 42 4
45 44 6
46 2 17
46 4 39
46 11 21
46 12 5
46 14 41
46 17 49
46 19 38
46 20 8
46 22 14
46 23 11
46 24 27
46 26 21
46 27 48
46 30 37
46 34 22
46 36 3
46 39 20
46 43 44
47 0 36
47 2 38
47 6 39
47 7 24
47 9 26
47 15 48
47 19 14
47 20 15
47 22 24
47 26 35
47 33 44
47 34 50
47 36 20
47 37 23
47 40 21
47 43 37
47 44 6
47 46 30
48 1 8
48 2 24
48 6 2
48 8 18
48 9 15
48 11 6
48 13 7
48 15 32
48 16 45
48 18 27
48 19 49
48 21 45
48 23 5
48 25 44
48 26 23
48 27 14
48 29 23
48 30 2
48 31 42
48 32 10
48 33 8
48 35 1
48 38 25
48 40 27
48 43 37
48 44 30
48 46 30
48 47 25
49 2 11
49 3 1
49 5 3
49 6 42
49 7 5
49 9 47
49 10 29
49 11 48
49 12 26
49 16 12
49 17 5
49 18 40
49 19 48
49 22 6
49 24 12
49 26 5
49 31 25
49 32 25
49 33 40
49 35 10
49 36 2
49 39 45
49 40 22
49 41 35
49 43 26
49 45 27
49 46 16
49 48 21
50 0 29
50 7 38
50 10 14
50 13 17
50 14 32
50 17 46
50 18 16
50 19 20
50 20 10
50 21 40
50 22 34
50 25 29
50 29 47
50 30 12
50 31 50
50 32 10
50 33 10
50 35 45
50 36 11
50 37 7
50 38 16
50 40 28
50 41 29
50 42 9
50 43 26
50 49 10
51 0 7
51 7 45
51 8 49
51 9 42
51 12 43
51 14 23
51 16 37
51 17 43
51 18 6
51 19 4
51 21 13
51 22 12
51 23 13
51 24 29
51 26 7
51 27 22
51 28 1
51 30 17
51 33 27
51 35 45
51 37 31
51 38 15
51 41 18
51 43 22
51 46 18
51 47 46
51 49 36
52 1 12
52 2 1
52 4 48
52 8 10
52 10 32
52 12 17
52 13 33
52 15 20
52 17 35
52 20 17
52 23 31
52 26 45
52 28 47
52 30 25
52 36 22
52 38 43
52 40 45
52 41 26
52 42 28
52 43 50
52 44 49
52 45 8
52 46 9
52 48 18
52 49 46
52 50 1
53 1 41
53 2 22
53 3 24
53 6 12
53 7 7
53 8 33
53 10 13
53 13 26
53 20 36
53 27 17
53 29 27
53 31 33
53 32 39
53 33 41
53 34 29
53 36 18
53 37 18
53 40 43
53 41 10
53 42 30
53 43 30
53 44 18
53 46 46
53 49 11
53 50 8
53 52 46
54 2 20
54 4 18
54 7 21
54 8 17
54 10 20
54 14 11
54 15 30
54 18 21
54 19 8
54 21 19
54 22 6
54 25 6
54 26 42
54 32 48
54 33 22
54 35 11
54 37 49
54 39 5
54 40 16
54 42 4
54 44 18
54 45 16
54 46 25
54 48 12
54 50 43
54 51 30
55 1 46
55 2 17
55 8 17
55 9 37
55 10 31
55 11 35
55 12 27
55 14 43
55 15 50
55 17 37
55 18 25
55 20 19
55 22 32
55 23 32
55 24 30
55 25 44
55 26 3
55 27 16
55 30 23
55 34 31
55 35 28
55 36 2
55 37 50
55 38 46
55 39 39
55 42 9
55 45 36
55 46 39
55 48 32
55 51 15
55 52 35
55 53 1
56 0 27
56 1 11
56 4 30
56 6 23
56 13 25
56 15 50
56 16 27
56 18 35
56 22 25
56 24 3
56 25 17
56 26 18
56 27 9
56 30 40
56 31 6
56 32 16
56 33 27
56 35 36
56 36 36
56 37 28
56 39 28
56 44 41
56 45 28
56 47 20
56 48 32
56 50 43
56 55 27
57 0 32
57 1 46
57 2 8
57 3 28
57 4 20
57 5 34
57 9 37
57 11 30
57 12 36
57 13 21
57 15 40
57 16 32
57 17 11
57 18 24
57 19 21
57 21 39
57 27 8
57 28 38
57 32 5
57 33 17
57 34 8
57 35 20
57 36 38
57 37 28
57 39 45
57 41 41
57 45 7
57 47 42
57 49 10
57 56 2
58 1 2
58 2 4
58 3 1
58 4 32
58 6 18
58 11 3
58 14 48
58 15 17
58 18 44
58 20 44
58 21 9
58 23 7
58 25 2
58 28 13
58 29 27
58 32 41
58 34 16
58 37 20
58 39 32
58 40 41
58 43 42
58 44 32
58 45 16
58 47 10
58 50 34
58 52 33
58 53 41
58 54 9
58 57 15
59 1 5
59 2 6
59 3 36
59 6 46
59 8 20
59 14 24
59 20 29
59 23 23
59 24 40
59 26 28
59 27 19
59 28 2
59 29 2
59 31 1
59 33 5
59 34 11
59 35 13
59 38 43
59 39 37
59 40 29
59 41 30
59 43 17
59 45 36
59 47 24
59 48 21
59 49 20
59 53 20
59 54 47
59 57 8
59 58 40
60 0 24
60 1 46
60 2 33
60 4 16
60 5 7
60 6 24
60 7 48
60 8 33
60 9 17
60 11 40
60 12 42
60 17 32
60 18 3
60 20 18
60 21 19
60 22 41
60 23 24
60 24 30
60 26 50
60 27 4
60 29 50
60 31 12
60 32 13
60 33 22
60 34 19
60 35 24
60 36 4
60 37 36
60 40 24
60 42 37
60 45 23
60 49 29
60 53 12
60 55 17
