22
1 0 7
2 0 26
2 1 3
3 0 14
4 2 2
4 3 5
5 1 15
5 2 23
5 3 31
5 4 8
6 1 15
6 3 19
7 0 3
7 2 25
7 3 1
7 5 9
8 4 8
9 0 19
9 3 31
9 5 25
9 6 17
9 7 10
9 8 3
10 0 30
10 2 11
10 4 14
10 5 2
10 6 21
10 9 2
11 1 26
11 2 25
11 3 12
11 4 30
11 5 2
11 6 1
12 0 11
12 4 26
12 5 18
12 10 23
12 11 11
13 3 28
13 4 24
13 8 14
13 9 5
13 10 7
13 11 17
14 0 9
14 3 10
14 9 25
14 10 2
14 11 26
14 12 22
14 13 5
15 0 16
15 2 4
15 3 12
15 5 20
15 6 25
15 10 12
15 12 17
16 1 24
16 2 27
16 4 22
16 6 8
16 7 8
16 8 16
16 10 18
16 11 23
16 12 10
16 14 12
17 0 14
17 4 3
17 7 7
17 8 22
17 9 20
17 11 25
17 13 20
17 14 24
17 15 30
17 16 3
18 0 26
18 2 12
18 3 2
18 7 3
18 12 16
18 16 24
19 1 23
19 3 21
19 4 28
19 5 21
19 6 7
19 9 18
19 18 19
20 1 8
20 2 5
20 4 4
20 6 16
20 8 1
20 9 26
20 10 28
20 12 13
20 17 11
20 18 22
21 4 5
21 5 28
21 7 26
21 8 26
21 9 27
21 10 6
21 11 12
21 12 7
21 13 30
21 14 5
21 15 15
21 16 10
21 19 7
21 20 9
