37
3 0 30
3 1 15
3 2 15
4 0 17
4 1 23
4 2 24
4 3 9
5 1 30
5 2 18
5 4 5
6 0 13
6 3 14
6 4 20
7 0 11
7 1 15
7 2 5
7 4 11
8 4 28
8 6 28
8 7 25
9 3 10
9 6 29
9 7 16
9 8 8
10 2 23
10 4 27
10 5 22
10 6 4
11 1 12
11 3 18
11 4 8
11 6 2
11 7 2
11 9 2
11 10 25
12 0 27
12 2 25
12 3 25
12 7 13
12 8 5
12 11 1
13 0 20
13 1 9
13 2 7
13 3 11
13 4 19
13 6 22
13 7 13
14 1 13
14 9 24
14 10 24
14 11 12
14 12 30
15 0 19
15 1 25
15 2 29
15 3 22
15 4 30
15 5 8
15 6 22
15 8 4
15 9 13
15 10 27
15 11 16
15 12 23
15 13 29
15 14 27
16 1 16
16 2 22
16 3 8
16 4 28
16 5 16
16 9 29
16 10 1
16 13 17
16 14 26
16 15 16
17 0 27
17 2 4
17 5 18
17 8 6
17 10 22
17 12 12
17 13 18
17 15 17
18 0 12
18 3 15
18 4 30
18 5 19
18 9 1
18 13 1
18 16 26
19 1 18
19 3 7
19 4 5
19 5 29
19 6 5
19 9 28
19 11 27
19 12 10
19 17 26
20 0 3
20 2 25
20 3 8
20 4 7
20 7 8
20 8 2
20 9 4
20 10 26
20 11 19
20 13 29
20 15 1
20 18 21
20 19 2
21 0 27
21 1 26
21 2 16
21 3 8
21 4 26
21 5 7
21 6 23
21 7 16
21 9 25
21 10 16
21 12 17
21 14 24
21 15 6
21 16 8
21 18 11
21 19 17
22 0 9
22 4 30
22 6 16
22 9 16
22 10 24
22 14 1
22 17 9
22 19 13
22 20 28
23 2 10
23 5 4
23 6 24
23 9 24
23 10 4
23 12 16
23 13 21
23 16 27
23 18 8
23 20 2
23 21 25
24 0 14
24 1 7
24 4 19
24 5 23
24 6 29
24 7 19
24 11 2
24 13 16
24 17 14
24 21 30
24 23 14
25 1 2
25 2 27
25 3 22
25 4 11
25 5 9
25 6 20
25 7 13
25 10 24
25 11 14
25 15 25
25 17 24
25 19 9
25 22 28
25 23 8
26 0 2
26 2 4
26 3 9
26 4 9
26 5 4
26 6 30
26 7 3
26 8 10
26 9 11
26 12 22
26 13 17
26 16 5
26 18 13
26 21 24
26 22 18
26 23 7
26 24 9
27 2 12
27 6 2
27 9 19
27 10 29
27 11 21
27 13 14
27 14 13
27 15 3
27 16 14
27 17 12
27 18 22
27 19 17
27 20 12
27 25 20
28 1 28
28 4 21
28 9 6
28 11 14
28 13 25
28 14 16
28 15 27
28 16 24
28 18 21
28 19 5
28 21 5
28 24 27
29 0 24
29 2 26
29 5 14
29 6 29
29 9 26
29 12 3
29 18 1
29 20 11
29 21 10
29 25 7
29 27 13
30 0 15
30 1 19
30 2 3
30 5 9
30 6 24
30 8 30
30 11 11
30 13 25
30 14 22
30 21 27
30 22 21
30 23 13
31 0 18
31 3 8
31 4 6
31 8 25
31 9 19
31 10 8
31 11 1
31 12 24
31 13 8
31 14 17
31 16 3
31 17 24
31 20 6
31 21 23
31 23 28
31 24 6
31 26 28
31 30 18
32 1 28
32 2 22
32 4 17
32 5 29
32 9 24
32 10 28
32 11 5
32 13 9
32 14 18
32 15 28
32 16 8
32 18 5
32 20 7
32 22 23
32 25 15
32 27 18
32 28 23
32 30 18
33 1 23
33 4 16
33 5 27
33 6 5
33 7 25
33 10 10
33 11 6
33 12 9
33 14 1
33 16 14
33 21 6
33 23 23
33 24 26
33 26 10
33 28 18
33 29 11
33 30 12
33 31 28
34 1 3
34 6 18
34 9 6
34 11 15
34 12 16
34 14 21
34 16 4
34 22 23
34 23 26
34 25 20
34 27 28
34 29 1
34 32 23
35 2 1
35 3 20
35 5 18
35 9 19
35 11 11
35 13 11
35 17 11
35 18 29
35 19 19
35 21 14
35 22 18
35 25 11
35 26 30
35 28 15
35 30 9
35 31 26
35 32 5
35 34 9
36 0 8
36 1 30
36 2 16
36 3 14
36 4 26
36 6 16
36 12 30
36 13 8
36 14 26
36 17 4
36 18 27
36 20 14
36 24 28
36 25 10
36 30 4
36 31 28
36 32 2
36 33 26
36 35 3
