32
2 0 56
2 1 51
4 0 3
4 1 57
5 2 39
5 3 59
5 4 4
6 2 15
6 5 28
7 1 53
7 2 10
7 3 54
7 5 46
8 0 47
8 2 5
8 5 24
8 6 21
8 7 60
9 0 55
9 6 22
10 1 30
10 2 21
10 3 36
10 4 49
10 6 47
10 7 52
10 9 26
11 1 35
11 2 10
11 3 10
11 7 14
11 10 55
12 1 47
12 2 17
12 6 17
12 9 1
12 10 60
13 3 1
13 8 25
13 10 39
13 11 42
14 3 14
14 4 15
14 5 11
14 6 11
14 7 55
14 8 50
14 9 18
14 11 55
14 13 55
15 2 46
15 3 19
15 4 22
15 8 47
15 11 58
15 12 47
15 14 26
16 0 54
16 2 37
16 3 17
16 4 24
16 5 39
16 7 59
16 8 26
16 9 25
16 12 38
16 13 4
16 14 35
16 15 33
17 0 35
17 2 57
17 4 41
17 5 3
17 6 14
17 7 51
17 9 48
17 10 3
17 13 23
17 14 36
18 0 30
18 2 31
18 4 54
18 6 8
18 7 31
18 8 36
18 11 56
18 15 4
18 16 8
18 17 43
19 1 57
19 2 57
19 3 3
19 4 13
19 5 2
19 7 58
19 10 18
19 13 47
19 15 33
19 16 25
19 17 26
19 18 16
20 0 43
20 2 7
20 4 56
20 5 21
20 7 55
20 9 24
20 11 45
20 12 26
20 15 31
20 16 5
20 19 57
21 2 51
21 9 31
21 10 53
21 11 30
21 16 43
21 18 1
21 19 47
22 0 17
22 1 43
22 2 5
22 3 56
22 4 37
22 8 29
22 10 44
22 11 14
22 15 18
22 17 1
22 19 47
22 20 19
23 0 43
23 2 37
23 3 42
23 6 36
23 8 23
23 10 53
23 11 1
23 12 15
23 13 55
23 15 6
23 17 55
23 20 32
23 21 24
23 22 6
24 0 39
24 9 57
24 12 29
24 16 12
24 17 14
24 18 7
24 21 44
24 23 19
25 0 61
25 2 35
25 3 52
25 5 52
25 6 8
25 8 36
25 9 60
25 10 60
25 12 10
25 13 31
25 15 20
25 16 2
25 17 14
25 18 61
25 20 32
25 21 59
25 22 49
25 23 40
25 24 28
26 0 13
26 2 33
26 7 32
26 9 37
26 10 41
26 12 38
26 13 24
26 14 13
26 15 27
26 16 34
26 17 27
26 18 33
26 20 19
26 21 53
26 22 46
26 23 3
26 25 33
27 1 10
27 5 41
27 6 21
27 7 17
27 9 35
27 10 43
27 11 20
27 13 57
27 14 44
27 17 59
27 21 46
27 22 41
27 24 15
27 26 10
28 0 3
28 1 22
28 3 12
28 5 37
28 6 3
28 7 57
28 8 60
28 9 30
28 12 32
28 16 51
28 17 44
28 20 6
28 23 3
28 24 5
28 25 59
28 26 2
29 1 16
29 2 38
29 3 48
29 4 60
29 5 26
29 9 18
29 10 52
29 11 38
29 12 42
29 16 3
29 17 18
29 18 10
29 19 22
29 22 53
29 26 57
30 1 7
30 6 15
30 7 17
30 8 50
30 9 43
30 10 30
30 12 34
30 13 55
30 14 49
30 15 32
30 16 50
30 19 3
30 20 59
30 21 17
30 26 34
31 0 39
31 2 39
31 3 61
31 9 57
31 10 60
31 16 28
31 18 30
31 23 8
31 25 24
31 28 48
31 29 10
