23
1 0 1
2 0 37
2 1 4
3 0 30
3 1 14
3 2 41
4 0 24
4 1 28
4 2 28
4 3 8
5 0 18
5 1 10
5 2 53
5 3 21
5 4 20
6 0 56
6 1 27
6 2 47
6 3 45
6 4 42
6 5 3
7 0 24
7 1 13
7 2 52
7 3 18
7 4 36
7 5 30
7 6 21
8 0 46
8 1 56
8 2 17
8 3 36
8 4 32
8 5 19
8 6 1
8 7 57
9 0 48
9 1 2
9 2 23
9 3 2
9 4 6
9 5 12
9 6 34
9 7 27
9 8 40
10 0 27
10 1 28
10 2 8
10 3 49
10 4 43
10 5 4
10 6 45
10 7 45
10 8 24
10 9 41
11 0 52
11 1 12
11 2 33
11 3 35
11 4 41
11 5 24
11 6 8
11 7 57
11 8 56
11 9 45
11 10 25
12 0 48
12 1 32
12 2 25
12 3 5
12 4 1
12 5 32
12 6 8
12 7 32
12 8 6
12 9 30
12 10 3
12 11 39
13 0 37
13 1 13
13 2 40
13 3 52
13 4 6
13 5 52
13 6 8
13 7 12
13 8 2
13 9 51
13 10 34
13 11 47
13 12 27
14 0 3
14 1 39
14 2 20
14 3 52
14 4 36
14 5 55
14 6 38
14 7 56
14 8 10
14 9 49
14 10 55
14 11 31
14 12 44
14 13 47
15 0 42
15 1 31
15 2 45
15 3 12
15 4 24
15 5 7
15 6 43
15 7 34
15 8 12
15 9 45
15 10 11
15 11 17
15 12 8
15 13 34
15 14 20
16 0 14
16 1 26
16 2 32
16 3 24
16 4 36
16 5 49
16 6 54
16 7 29
16 8 51
16 9 13
16 10 56
16 11 19
16 12 4
16 13 51
16 14 7
16 15 39
17 0 17
17 1 20
17 2 17
17 3 4
17 4 22
17 5 15
17 6 6
17 7 46
17 8 29
17 9 10
17 10 25
17 11 44
17 12 21
17 13 47
17 14 48
17 15 34
17 16 34
18 0 34
18 1 22
18 2 37
18 3 5
18 4 5
18 5 15
18 6 35
18 7 33
18 8 52
18 9 1
18 10 6
18 11 40
18 12 17
18 13 11
18 14 39
18 15 14
18 16 4
18 17 2
19 0 30
19 1 23
19 2 1
19 3 17
19 4 4
19 5 17
19 6 48
19 7 15
19 8 55
19 9 53
19 10 1
19 11 47
19 12 46
19 13 25
19 14 26
19 15 52
19 16 25
19 17 14
19 18 41
20 0 39
20 1 3
20 2 36
20 3 3
20 4 25
20 5 12
20 6 37
20 7 47
20 8 3
20 9 30
20 10 22
20 11 37
20 12 13
20 13 38
20 14 11
20 15 40
20 16 17
20 17 48
20 18 15
20 19 51
21 0 49
21 1 8
21 2 33
21 3 43
21 4 41
21 5 5
21 6 19
21 7 20
21 8 12
21 9 23
21 10 9
21 11 35
21 12 17
21 13 7
21 14 50
21 15 37
21 16 16
21 17 1
21 18 31
21 19 21
21 20 19
22 0 22
22 1 1
22 2 57
22 3 39
22 4 25
22 5 19
22 6 33
22 7 18
22 8 9
22 9 36
22 10 37
22 11 47
22 12 51
22 13 22
22 14 17
22 15 19
22 16 24
22 17 11
22 18 45
22 19 55
22 20 4
22 21 17
