39
2 0 27
2 1 40
3 1 40
4 1 21
5 0 3
5 1 24
6 2 40
6 3 37
7 0 28
7 3 12
8 3 4
8 4 5
9 0 1
9 2 31
9 6 26
9 8 23
10 0 13
10 2 21
10 3 28
10 4 9
10 5 14
11 0 4
11 6 9
11 7 35
11 9 16
11 10 16
12 1 29
12 2 27
12 3 16
12 5 6
12 6 16
12 9 39
12 10 31
12 11 5
13 1 13
13 4 24
13 5 13
13 6 40
13 9 37
13 10 1
14 0 27
14 6 13
14 11 33
15 1 17
15 3 3
15 4 29
15 5 12
15 9 1
15 10 19
15 12 8
15 13 38
15 14 4
16 0 10
16 1 26
16 2 24
16 5 3
16 7 21
16 8 35
16 9 18
16 10 15
16 12 14
16 14 29
17 2 31
17 5 38
17 6 32
17 7 8
17 9 4
17 12 8
17 16 15
18 1 33
18 2 8
18 3 37
18 4 36
18 5 18
18 7 35
18 11 26
18 14 35
18 16 6
18 17 37
19 1 10
19 2 25
19 6 7
19 7 14
19 8 25
19 10 39
20 4 26
20 5 20
20 6 2
20 7 3
20 8 20
20 9 23
20 10 11
20 11 6
20 12 39
20 15 5
20 17 7
20 18 21
20 19 27
21 0 23
21 2 29
21 4 39
21 6 36
21 11 30
21 12 35
21 14 40
21 16 38
21 17 33
21 20 39
22 1 3
22 3 33
22 4 32
22 5 38
22 12 32
22 13 2
22 14 32
22 16 11
22 18 8
22 19 2
22 21 31
23 4 19
23 5 11
23 6 35
23 7 15
23 8 12
23 9 21
23 14 16
23 15 35
23 16 4
23 18 5
23 19 29
24 0 28
24 1 30
24 2 3
24 3 15
24 5 3
24 10 16
24 13 21
24 14 32
24 15 11
24 17 34
24 18 33
24 19 14
24 21 25
24 22 21
24 23 38
25 1 19
25 2 29
25 7 40
25 8 40
25 9 8
25 10 9
25 11 39
25 13 6
25 19 27
25 20 35
25 21 28
25 22 5
25 23 10
26 1 21
26 2 5
26 3 5
26 4 12
26 5 30
26 7 20
26 8 24
26 10 18
26 11 25
26 13 24
26 14 4
26 15 23
26 16 12
26 17 23
26 18 8
26 19 40
26 20 11
26 21 15
26 22 6
26 23 17
26 24 18
27 0 32
27 1 25
27 2 38
27 3 6
27 4 14
27 5 13
27 6 37
27 8 7
27 9 6
27 11 4
27 12 25
27 18 36
27 21 13
27 22 18
27 23 30
27 25 31
27 26 6
28 1 30
28 2 10
28 3 12
28 5 35
28 7 27
28 10 31
28 12 33
28 14 4
28 16 9
28 17 8
28 18 30
28 19 14
28 20 19
28 21 9
28 24 8
28 25 11
28 27 25
29 2 24
29 4 7
29 6 30
29 9 35
29 15 25
29 19 22
29 21 35
29 22 12
29 24 17
29 26 36
29 27 2
29 28 37
30 0 37
30 7 34
30 9 40
30 11 7
30 13 22
30 14 36
30 15 6
30 17 10
30 18 12
30 20 33
30 21 17
30 22 40
30 23 37
30 25 36
31 0 28
31 2 19
31 3 6
31 5 20
31 7 36
31 8 19
31 10 32
31 12 35
31 14 9
31 16 40
31 17 4
31 18 20
31 19 20
31 20 21
31 21 7
31 22 16
31 23 39
31 25 33
31 26 22
31 28 9
32 1 25
32 2 30
32 5 7
32 6 1
32 7 40
32 10 34
32 12 22
32 16 34
32 17 1
32 19 6
32 23 16
32 24 27
32 25 30
32 28 1
32 29 28
33 1 6
33 8 17
33 9 17
33 10 1
33 13 6
33 15 28
33 24 4
33 26 32
33 27 4
33 28 19
33 29 27
34 0 4
34 2 33
34 3 10
34 6 40
34 8 10
34 10 36
34 13 31
34 15 33
34 17 19
34 20 23
34 22 5
34 23 17
34 24 33
34 25 3
34 26 22
34 30 38
34 32 32
35 1 26
35 3 12
35 4 28
35 5 29
35 6 26
35 8 10
35 9 33
35 11 37
35 14 2
35 15 22
35 18 37
35 20 12
35 21 3
35 24 35
35 26 11
35 28 36
35 31 9
35 32 39
35 33 4
35 34 6
36 0 2
36 5 2
36 7 35
36 10 38
36 11 18
36 15 22
36 16 9
36 17 19
36 18 7
36 19 31
36 20 26
36 21 40
36 25 17
36 28 11
36 29 24
36 31 7
36 32 11
36 34 3
37 2 12
37 4 3
37 5 38
37 6 40
37 7 35
37 8 19
37 11 30
37 13 14
37 17 2
37 18 12
37 20 15
37 21 18
37 22 9
37 25 33
37 26 38
37 31 26
37 32 6
38 1 24
38 3 14
38 7 12
38 9 34
38 10 21
38 12 12
38 15 1
38 17 1
38 19 38
38 20 40
38 23 20
38 24 9
38 25 17
38 27 2
38 28 1
38 30 2
38 33 18
