32
1 0 9
2 0 5
2 1 3
3 0 38
3 1 45
3 2 2
4 0 14
4 1 28
4 2 18
4 3 32
5 0 46
5 1 5
5 2 44
5 3 27
5 4 28
6 0 34
6 1 17
6 2 26
6 3 14
6 4 21
6 5 18
7 0 12
7 1 24
7 2 23
7 3 37
7 4 37
7 5 39
7 6 9
8 0 24
8 1 39
8 2 24
8 3 24
8 4 23
8 5 9
8 6 27
8 7 37
9 0 26
9 1 7
9 2 20
9 3 11
9 4 41
9 5 35
9 6 14
9 7 2
9 8 40
10 0 18
10 1 39
10 2 3
10 3 38
10 4 12
10 5 41
10 6 21
10 7 22
10 8 42
10 9 8
11 0 40
11 1 12
11 2 46
11 3 20
11 4 46
11 5 46
11 6 18
11 7 9
11 8 14
11 9 16
11 10 34
12 0 6
12 1 42
12 2 2
12 3 12
12 4 2
12 5 12
12 6 8
12 7 36
12 8 32
12 9 11
12 10 26
12 11 40
13 0 31
13 1 12
13 2 7
13 3 8
13 4 32
13 5 1
13 6 5
13 7 30
13 8 35
13 9 3
13 10 43
13 11 6
13 12 27
14 0 21
14 1 38
14 2 7
14 3 5
14 4 6
14 5 42
14 6 26
14 7 12
14 8 35
14 9 18
14 10 44
14 11 28
14 12 10
14 13 22
15 0 40
15 1 30
15 2 35
15 3 36
15 4 26
15 5 23
15 6 42
15 7 26
15 8 32
15 9 33
15 10 17
15 11 38
15 12 8
15 13 11
15 14 18
16 0 11
16 1 4
16 2 23
16 3 36
16 4 31
16 5 15
16 6 33
16 7 46
16 8 16
16 9 27
16 10 24
16 11 24
16 12 4
16 13 26
16 14 11
16 15 46
17 0 14
17 1 32
17 2 12
17 3 6
17 4 27
17 5 37
17 6 23
17 7 12
17 8 1
17 9 13
17 10 6
17 11 41
17 12 19
17 13 42
17 14 22
17 15 6
17 16 33
18 0 17
18 1 11
18 2 2
18 3 20
18 4 41
18 5 25
18 6 6
18 7 13
18 8 39
18 9 39
18 10 1
18 11 30
18 12 8
18 13 10
18 14 45
18 15 4
18 16 28
18 17 32
19 0 13
19 1 1
19 2 32
19 3 5
19 4 10
19 5 28
19 6 27
19 7 37
19 8 9
19 9 24
19 10 6
19 11 36
19 12 20
19 13 23
19 14 8
19 15 8
19 16 14
19 17 28
19 18 26
20 0 28
20 1 43
20 2 11
20 3 27
20 4 9
20 5 39
20 6 8
20 7 30
20 8 20
20 9 43
20 10 26
20 11 30
20 12 34
20 13 29
20 14 23
20 15 7
20 16 28
20 17 21
20 18 14
20 19 19
21 0 41
21 1 2
21 2 1
21 3 39
21 4 18
21 5 23
21 6 39
21 7 16
21 8 30
21 9 26
21 10 44
21 11 43
21 12 1
21 13 46
21 14 17
21 15 10
21 16 4
21 17 13
21 18 35
21 19 34
21 20 6
22 0 7
22 1 19
22 2 23
22 3 15
22 4 2
22 5 21
22 6 41
22 7 27
22 8 14
22 9 11
22 10 38
22 11 16
22 12 24
22 13 32
22 14 45
22 15 46
22 16 21
22 17 33
22 18 24
22 19 18
22 20 39
22 21 44
23 0 20
23 1 24
23 2 12
23 3 37
23 4 18
23 5 46
23 6 19
23 7 10
23 8 46
23 9 6
23 10 20
23 11 33
23 12 31
23 13 4
23 14 44
23 15 36
23 16 25
23 17 24
23 18 45
23 19 20
23 20 3
23 21 20
23 22 42
24 0 32
24 1 12
24 2 17
24 3 26
24 4 10
24 5 46
24 6 1
24 7 10
24 8 15
24 9 15
24 10 45
24 11 41
24 12 14
24 13 1
24 14 3
24 15 2
24 16 21
24 17 41
24 18 31
24 19 8
24 20 24
24 21 18
24 22 41
24 23 14
25 0 20
25 1 28
25 2 16
25 3 18
25 4 11
25 5 33
25 6 11
25 7 41
25 8 4
25 9 19
25 10 33
25 11 2
25 12 10
25 13 44
25 14 33
25 15 37
25 16 29
25 17 41
25 18 43
25 19 18
25 20 32
25 21 16
25 22 25
25 23 42
25 24 3
26 0 39
26 1 33
26 2 12
26 3 18
26 4 32
26 5 13
26 6 30
26 7 42
26 8 24
26 9 39
26 10 18
26 11 42
26 12 30
26 13 12
26 14 21
26 15 19
26 16 1
26 17 20
26 18 12
26 19 41
26 20 15
26 21 31
26 22 38
26 23 32
26 24 11
26 25 8
27 0 29
27 1 23
27 2 40
27 3 13
27 4 25
27 5 39
27 6 8
27 7 27
27 8 12
27 9 43
27 10 21
27 11 9
27 12 8
27 13 39
27 14 32
27 15 18
27 16 29
27 17 4
27 18 3
27 19 42
27 20 42
27 21 5
27 22 31
27 23 20
27 24 34
27 25 5
27 26 42
28 0 26
28 1 30
28 2 12
28 3 25
28 4 7
28 5 39
28 6 17
28 7 24
28 8 16
28 9 16
28 10 18
28 11 10
28 12 23
28 13 18
28 14 13
28 15 19
28 16 12
28 17 32
28 18 20
28 19 24
28 20 10
28 21 33
28 22 15
28 23 26
28 24 1
28 25 3
28 26 10
28 27 45
29 0 37
29 1 6
29 2 6
29 3 19
29 4 8
29 5 38
29 6 21
29 7 45
29 8 30
29 9 34
29 10 32
29 11 26
29 12 24
29 13 32
29 14 23
29 15 15
29 16 2
29 17 23
29 18 30
29 19 10
29 20 25
29 21 32
29 22 4
29 23 20
29 24 10
29 25 6
29 26 33
29 27 7
29 28 20
30 0 6
30 1 35
30 2 25
30 3 13
30 4 11
30 5 4
30 6 19
30 7 44
30 8 3
30 9 14
30 10 32
30 11 9
30 12 18
30 13 5
30 14 33
30 15 36
30 16 41
30 17 36
30 18 42
30 19 33
30 20 8
30 21 43
30 22 19
30 23 42
30 24 17
30 25 39
30 26 41
30 27 13
30 28 16
30 29 14
31 0 10
31 1 20
31 2 33
31 3 16
31 4 2
31 5 38
31 6 8
31 7 20
31 8 21
31 9 18
31 10 14
31 11 13
31 12 46
31 13 33
31 14 18
31 15 45
31 16 6
31 17 43
31 18 11
31 19 12
31 20 20
31 21 26
31 22 33
31 23 5
31 24 25
31 25 32
31 26 32
31 27 2
31 28 22
31 29 42
31 30 41
