35
1 0 23
2 0 46
3 0 24
3 1 8
3 2 65
4 1 49
4 3 19
5 1 5
5 2 47
6 0 42
6 1 18
6 2 49
6 5 64
7 1 11
7 4 37
7 6 10
8 0 63
8 1 35
8 3 5
9 0 8
9 5 34
9 7 35
10 0 48
10 2 61
10 4 25
10 5 47
10 6 65
10 9 47
11 1 31
11 4 60
11 8 51
11 10 40
12 0 57
12 2 56
12 3 1
12 6 35
12 7 39
12 9 7
12 11 61
13 0 9
13 1 37
13 2 66
13 5 61
13 6 20
13 8 26
13 9 4
13 11 52
13 12 19
14 0 2
14 2 15
14 3 64
14 4 33
14 10 30
15 2 28
15 3 26
15 5 59
15 6 14
15 7 64
15 9 44
15 10 57
15 11 45
15 12 42
15 13 39
15 14 27
16 1 50
16 5 25
16 7 22
16 15 61
17 0 56
17 1 3
17 2 47
17 7 60
17 8 24
17 9 62
17 13 36
17 14 22
18 2 12
18 3 60
18 6 14
18 10 58
18 11 57
18 13 64
18 14 55
18 15 15
19 0 37
19 4 33
19 5 19
19 9 44
19 10 57
19 11 65
19 13 34
20 4 55
20 5 32
20 9 13
20 11 26
20 12 29
20 13 13
20 15 5
20 18 14
20 19 49
21 1 33
21 3 56
21 4 56
21 5 42
21 11 2
21 14 57
21 16 53
21 17 39
21 19 9
22 0 45
22 1 32
22 2 7
22 3 14
22 6 15
22 8 35
22 10 28
22 11 42
22 14 54
22 16 14
22 19 43
22 20 31
23 0 33
23 1 7
23 7 13
23 8 66
23 9 23
23 10 52
23 11 39
23 13 63
23 14 21
23 16 45
23 18 43
23 19 43
23 21 18
24 0 30
24 2 8
24 4 29
24 9 14
24 10 48
24 12 14
24 13 9
24 14 16
24 16 5
24 19 22
24 20 48
24 21 29
24 22 3
24 23 34
25 1 50
25 4 3
25 5 18
25 8 48
25 9 58
25 10 25
25 11 50
25 12 64
25 17 1
25 21 28
25 24 1
26 0 12
26 1 10
26 2 56
26 3 40
26 4 24
26 5 12
26 8 19
26 10 26
26 13 17
26 15 27
26 16 25
26 17 63
26 21 39
26 22 54
26 24 38
26 25 19
27 0 56
27 1 45
27 3 25
27 6 52
27 9 50
27 11 7
27 14 50
27 15 14
27 16 40
27 17 9
27 18 23
27 20 56
27 21 19
27 22 46
27 25 46
28 0 21
28 1 1
28 4 55
28 5 30
28 6 34
28 7 30
28 8 20
28 10 19
28 11 36
28 15 5
28 16 51
28 18 17
28 21 37
28 22 60
28 23 13
28 24 33
28 27 57
29 1 32
29 3 42
29 5 49
29 7 50
29 8 10
29 14 26
29 15 22
29 16 44
29 20 22
29 22 11
29 23 16
29 28 55
30 1 14
30 3 9
30 4 30
30 6 65
30 7 37
30 11 51
30 12 40
30 18 17
30 21 52
30 23 5
30 25 38
30 26 53
30 27 4
30 29 25
31 0 35
31 1 43
31 2 19
31 3 54
31 4 12
31 7 58
31 8 1
31 10 48
31 12 36
31 15 61
31 17 7
31 20 26
31 21 23
31 22 4
31 23 22
31 29 58
31 30 35
32 1 66
32 2 58
32 3 49
32 4 19
32 5 32
32 7 9
32 10 48
32 11 45
32 14 10
32 17 54
32 18 11
32 19 41
32 23 27
32 26 21
32 27 48
32 28 34
32 31 50
33 1 65
33 3 39
33 6 13
33 7 42
33 8 35
33 10 6
33 14 61
33 15 43
33 17 36
33 19 34
33 20 41
33 21 41
33 22 66
33 23 62
33 27 1
33 29 54
34 0 7
34 1 17
34 5 40
34 8 16
34 9 42
34 10 46
34 11 50
34 12 46
34 16 27
34 17 15
34 18 62
34 20 66
34 22 52
34 24 36
34 25 9
34 26 56
34 28 19
34 30 48
34 31 11
34 33 41
