69
1 0 25
2 0 12
2 1 23
3 0 37
3 1 4
3 2 24
4 0 38
4 1 42
4 2 43
4 3 22
5 0 39
5 1 6
5 2 24
5 3 8
5 4 45
6 0 29
6 1 46
6 2 46
6 3 12
6 4 10
6 5 9
7 0 38
7 1 15
7 2 15
7 3 38
7 4 16
7 5 46
7 6 21
8 0 11
8 1 25
8 2 45
8 3 30
8 4 43
8 5 42
8 6 3
8 7 11
9 0 13
9 1 33
9 2 5
9 3 13
9 4 20
9 5 43
9 6 4
9 7 2
9 8 20
10 0 22
10 1 11
10 2 20
10 3 20
10 4 15
10 5 48
10 6 20
10 7 27
10 8 13
10 9 40
11 0 9
11 1 40
11 2 24
11 3 30
11 4 32
11 5 30
11 6 21
11 7 47
11 8 5
11 9 27
11 10 13
12 0 38
12 1 33
12 2 2
12 3 16
12 4 36
12 5 37
12 6 10
12 7 2
12 8 35
12 9 13
12 10 21
12 11 4
13 0 10
13 1 25
13 2 45
13 3 17
13 4 12
13 5 24
13 6 19
13 7 27
13 8 23
13 9 12
13 10 5
13 11 19
13 12 12
14 0 40
14 1 11
14 2 48
14 3 6
14 4 10
14 5 37
14 6 46
14 7 42
14 8 4
14 9 15
14 10 1
14 11 43
14 12 3
14 13 7
15 0 16
15 1 48
15 2 11
15 3 46
15 4 46
15 5 28
15 6 36
15 7 1
15 8 34
15 9 30
15 10 2
15 11 3
15 12 44
15 13 16
15 14 36
16 0 41
16 1 23
16 2 11
16 3 24
16 4 17
16 5 5
16 6 48
16 7 8
16 8 48
16 9 3
16 10 10
16 11 8
16 12 11
16 13 29
16 14 48
16 15 3
17 0 32
17 1 30
17 2 17
17 3 11
17 4 17
17 5 34
17 6 15
17 7 37
17 8 45
17 9 15
17 10 14
17 11 27
17 12 36
17 13 34
17 14 33
17 15 18
17 16 18
18 0 16
18 1 48
18 2 17
18 3 35
18 4 47
18 5 17
18 6 8
18 7 48
18 8 32
18 9 12
18 10 44
18 11 10
18 12 36
18 13 33
18 14 15
18 15 31
18 16 29
18 17 11
19 0 46
19 1 47
19 2 6
19 3 21
19 4 23
19 5 28
19 6 36
19 7 46
19 8 4
19 9 15
19 10 36
19 11 47
19 12 32
19 13 41
19 14 3
19 15 1
19 16 30
19 17 24
19 18 37
20 0 5
20 1 44
20 2 31
20 3 11
20 4 45
20 5 44
20 6 35
20 7 16
20 8 33
20 9 22
20 10 14
20 11 7
20 12 1
20 13 38
20 14 47
20 15 24
20 16 8
20 17 23
20 18 25
20 19 35
21 0 36
21 1 19
21 2 6
21 3 38
21 4 33
21 5 20
21 6 15
21 7 35
21 8 29
21 9 23
21 10 5
21 11 39
21 12 5
21 13 48
21 14 40
21 15 2
21 16 27
21 17 41
21 18 18
21 19 37
21 20 33
22 0 27
22 1 5
22 2 41
22 3 48
22 4 12
22 5 16
22 6 5
22 7 28
22 8 18
22 9 36
22 10 22
22 11 5
22 12 28
22 13 5
22 14 41
22 15 10
22 16 5
22 17 20
22 18 37
22 19 43
22 20 20
22 21 9
23 0 6
23 1 10
23 2 9
23 3 20
23 4 26
23 5 34
23 6 36
23 7 27
23 8 26
23 9 13
23 10 28
23 11 36
23 12 14
23 13 7
23 14 20
23 15 29
23 16 26
23 17 33
23 18 14
23 19 32
23 20 47
23 21 35
23 22 17
24 0 24
24 1 30
24 2 39
24 3 12
24 4 27
24 5 15
24 6 37
24 7 31
24 8 26
24 9 37
24 10 2
24 11 48
24 12 3
24 13 38
24 14 6
24 15 29
24 16 29
24 17 24
24 18 40
24 19 35
24 20 46
24 21 27
24 22 8
24 23 15
25 0 45
25 1 7
25 2 11
25 3 10
25 4 48
25 5 35
25 6 20
25 7 22
25 8 43
25 9 47
25 10 22
25 11 42
25 12 27
25 13 33
25 14 32
25 15 29
25 16 43
25 17 12
25 18 46
25 19 47
25 20 13
25 21 44
25 22 33
25 23 26
25 24 28
26 0 13
26 1 22
26 2 44
26 3 22
26 4 27
26 5 13
26 6 13
26 7 47
26 8 22
26 9 33
26 10 17
26 11 32
26 12 38
26 13 2
26 14 5
26 15 2
26 16 11
26 17 41
26 18 41
26 19 35
26 20 38
26 21 28
26 22 11
26 23 47
26 24 45
26 25 47
27 0 10
27 1 5
27 2 17
27 3 11
27 4 21
27 5 7
27 6 36
27 7 43
27 8 6
27 9 42
27 10 24
27 11 9
27 12 23
27 13 35
27 14 28
27 15 3
27 16 34
27 17 34
27 18 21
27 19 22
27 20 19
27 21 38
27 22 31
27 23 11
27 24 19
27 25 35
27 26 22
28 0 47
28 1 21
28 2 15
28 3 23
28 4 31
28 5 30
28 6 14
28 7 22
28 8 26
28 9 10
28 10 28
28 11 22
28 12 17
28 13 39
28 14 27
28 15 11
28 16 1
28 17 11
28 18 22
28 19 26
28 20 44
28 21 14
28 22 7
28 23 17
28 24 15
28 25 30
28 26 1
28 27 40
29 0 13
29 1 17
29 2 20
29 3 44
29 4 27
29 5 24
29 6 8
29 7 11
29 8 45
29 9 22
29 10 45
29 11 36
29 12 9
29 13 10
29 14 29
29 15 43
29 16 22
29 17 20
29 18 31
29 19 34
29 20 8
29 21 18
29 22 31
29 23 39
29 24 8
29 25 31
29 26 47
29 27 14
29 28 3
30 0 42
30 1 24
30 2 5
30 3 3
30 4 35
30 5 41
30 6 9
30 7 16
30 8 26
30 9 21
30 10 29
30 11 11
30 12 31
30 13 30
30 14 20
30 15 22
30 16 36
30 17 13
30 18 3
30 19 12
30 20 27
30 21 41
30 22 18
30 23 9
30 24 38
30 25 41
30 26 30
30 27 3
30 28 12
30 29 2
31 0 11
31 1 40
31 2 11
31 3 41
31 4 44
31 5 47
31 6 48
31 7 6
31 8 22
31 9 23
31 10 36
31 11 28
31 12 23
31 13 6
31 14 13
31 15 7
31 16 33
31 17 13
31 18 16
31 19 46
31 20 36
31 21 43
31 22 32
31 23 18
31 24 25
31 25 38
31 26 36
31 27 31
31 28 19
31 29 2
31 30 40
32 0 41
32 1 46
32 2 15
32 3 13
32 4 21
32 5 14
32 6 27
32 7 27
32 8 16
32 9 27
32 10 8
32 11 1
32 12 24
32 13 32
32 14 18
32 15 42
32 16 25
32 17 10
32 18 4
32 19 11
32 20 9
32 21 48
32 22 39
32 23 12
32 24 42
32 25 39
32 26 32
32 27 12
32 28 24
32 29 8
32 30 34
32 31 42
33 0 30
33 1 20
33 2 32
33 3 24
33 4 8
33 5 9
33 6 24
33 7 8
33 8 18
33 9 14
33 10 26
33 11 8
33 12 23
33 13 13
33 14 42
33 15 46
33 16 40
33 17 26
33 18 37
33 19 37
33 20 29
33 21 26
33 22 19
33 23 16
33 24 14
33 25 27
33 26 19
33 27 26
33 28 35
33 29 46
33 30 30
33 31 1
33 32 6
34 0 2
34 1 23
34 2 34
34 3 29
34 4 44
34 5 20
34 6 11
34 7 48
34 8 40
34 9 32
34 10 20
34 11 3
34 12 6
34 13 20
34 14 17
34 15 12
34 16 21
34 17 27
34 18 38
34 19 40
34 20 8
34 21 48
34 22 43
34 23 41
34 24 10
34 25 20
34 26 24
34 27 15
34 28 11
34 29 18
34 30 17
34 31 26
34 32 14
34 33 30
35 0 19
35 1 32
35 2 26
35 3 42
35 4 17
35 5 29
35 6 11
35 7 15
35 8 41
35 9 44
35 10 6
35 11 35
35 12 29
35 13 38
35 14 16
35 15 45
35 16 3
35 17 18
35 18 4
35 19 43
35 20 11
35 21 43
35 22 34
35 23 42
35 24 45
35 25 43
35 26 11
35 27 15
35 28 48
35 29 23
35 30 46
35 31 7
35 32 8
35 33 33
35 34 17
36 0 14
36 1 32
36 2 8
36 3 35
36 4 47
36 5 35
36 6 42
36 7 36
36 8 16
36 9 19
36 10 13
36 11 38
36 12 25
36 13 31
36 14 26
36 15 20
36 16 3
36 17 19
36 18 37
36 19 47
36 20 27
36 21 8
36 22 31
36 23 22
36 24 26
36 25 16
36 26 35
36 27 32
36 28 11
36 29 7
36 30 10
36 31 7
36 32 36
36 33 11
36 34 10
36 35 10
37 0 34
37 1 45
37 2 33
37 3 18
37 4 21
37 5 48
37 6 14
37 7 38
37 8 1
37 9 16
37 10 20
37 11 28
37 12 10
37 13 28
37 14 40
37 15 9
37 16 39
37 17 14
37 18 8
37 19 1
37 20 41
37 21 27
37 22 18
37 23 7
37 24 3
37 25 20
37 26 48
37 27 36
37 28 47
37 29 22
37 30 29
37 31 27
37 32 4
37 33 18
37 34 1
37 35 34
37 36 40
38 0 29
38 1 1
38 2 10
38 3 5
38 4 2
38 5 30
38 6 30
38 7 27
38 8 25
38 9 12
38 10 15
38 11 17
38 12 29
38 13 20
38 14 5
38 15 28
38 16 47
38 17 23
38 18 37
38 19 37
38 20 17
38 21 40
38 22 17
38 23 12
38 24 25
38 25 27
38 26 7
38 27 1
38 28 19
38 29 17
38 30 9
38 31 42
38 32 36
38 33 11
38 34 11
38 35 14
38 36 12
38 37 16
39 0 35
39 1 43
39 2 45
39 3 48
39 4 21
39 5 15
39 6 5
39 7 29
39 8 13
39 9 25
39 10 24
39 11 8
39 12 43
39 13 13
39 14 4
39 15 24
39 16 45
39 17 13
39 18 38
39 19 25
39 20 8
39 21 38
39 22 10
39 23 41
39 24 21
39 25 13
39 26 37
39 27 4
39 28 35
39 29 43
39 30 16
39 31 9
39 32 27
39 33 17
39 34 43
39 35 32
39 36 11
39 37 4
39 38 38
40 0 4
40 1 1
40 2 39
40 3 46
40 4 19
40 5 12
40 6 12
40 7 41
40 8 33
40 9 35
40 10 5
40 11 8
40 12 47
40 13 2
40 14 42
40 15 10
40 16 13
40 17 28
40 18 4
40 19 8
40 20 6
40 21 33
40 22 45
40 23 3
40 24 5
40 25 34
40 26 17
40 27 13
40 28 23
40 29 12
40 30 9
40 31 6
40 32 13
40 33 1
40 34 43
40 35 29
40 36 48
40 37 19
40 38 1
40 39 26
41 0 40
41 1 25
41 2 2
41 3 26
41 4 27
41 5 42
41 6 40
41 7 26
41 8 45
41 9 38
41 10 31
41 11 48
41 12 5
41 13 28
41 14 1
41 15 44
41 16 15
41 17 2
41 18 27
41 19 4
41 20 5
41 21 23
41 22 11
41 23 20
41 24 28
41 25 31
41 26 21
41 27 22
41 28 22
41 29 6
41 30 21
41 31 43
41 32 5
41 33 6
41 34 27
41 35 9
41 36 37
41 37 41
41 38 14
41 39 15
41 40 27
42 0 23
42 1 17
42 2 16
42 3 48
42 4 39
42 5 11
42 6 28
42 7 6
42 8 8
42 9 36
42 10 45
42 11 29
42 12 32
42 13 38
42 14 13
42 15 13
42 16 17
42 17 5
42 18 33
42 19 42
42 20 38
42 21 39
42 22 4
42 23 11
42 24 38
42 25 10
42 26 7
42 27 44
42 28 29
42 29 38
42 30 6
42 31 9
42 32 45
42 33 34
42 34 30
42 35 39
42 36 7
42 37 4
42 38 13
42 39 45
42 40 39
42 41 33
43 0 22
43 1 16
43 2 32
43 3 17
43 4 44
43 5 19
43 6 2
43 7 31
43 8 7
43 9 43
43 10 41
43 11 39
43 12 47
43 13 24
43 14 27
43 15 22
43 16 35
43 17 6
43 18 32
43 19 32
43 20 24
43 21 5
43 22 28
43 23 5
43 24 5
43 25 25
43 26 47
43 27 17
43 28 9
43 29 6
43 30 12
43 31 5
43 32 31
43 33 41
43 34 48
43 35 7
43 36 32
43 37 33
43 38 25
43 39 30
43 40 28
43 41 29
43 42 6
44 0 19
44 1 34
44 2 28
44 3 36
44 4 35
44 5 35
44 6 7
44 7 39
44 8 3
44 9 9
44 10 35
44 11 20
44 12 40
44 13 11
44 14 1
44 15 46
44 16 6
44 17 45
44 18 44
44 19 30
44 20 23
44 21 16
44 22 40
44 23 6
44 24 7
44 25 16
44 26 24
44 27 41
44 28 24
44 29 10
44 30 18
44 31 14
44 32 30
44 33 45
44 34 24
44 35 14
44 36 8
44 37 4
44 38 13
44 39 26
44 40 34
44 41 29
44 42 27
44 43 22
45 0 44
45 1 3
45 2 45
45 3 9
45 4 25
45 5 41
45 6 15
45 7 25
45 8 7
45 9 25
45 10 46
45 11 43
45 12 42
45 13 30
45 14 32
45 15 40
45 16 19
45 17 3
45 18 41
45 19 15
45 20 35
45 21 16
45 22 22
45 23 8
45 24 30
45 25 1
45 26 15
45 27 21
45 28 46
45 29 16
45 30 48
45 31 4
45 32 4
45 33 32
45 34 30
45 35 35
45 36 35
45 37 24
45 38 48
45 39 9
45 40 48
45 41 41
45 42 39
45 43 48
45 44 18
46 0 23
46 1 21
46 2 16
46 3 2
46 4 17
46 5 39
46 6 36
46 7 41
46 8 45
46 9 41
46 10 39
46 11 28
46 12 32
46 13 18
46 14 29
46 15 27
46 16 17
46 17 17
46 18 26
46 19 28
46 20 27
46 21 2
46 22 3
46 23 43
46 24 2
46 25 11
46 26 3
46 27 25
46 28 1
46 29 40
46 30 13
46 31 8
46 32 30
46 33 18
46 34 34
46 35 36
46 36 46
46 37 5
46 38 11
46 39 3
46 40 29
46 41 3
46 42 24
46 43 47
46 44 17
46 45 43
47 0 1
47 1 31
47 2 30
47 3 32
47 4 10
47 5 10
47 6 2
47 7 29
47 8 16
47 9 47
47 10 31
47 11 38
47 12 7
47 13 30
47 14 4
47 15 8
47 16 9
47 17 47
47 18 39
47 19 11
47 20 14
47 21 10
47 22 37
47 23 25
47 24 42
47 25 9
47 26 21
47 27 21
47 28 39
47 29 10
47 30 1
47 31 25
47 32 48
47 33 31
47 34 20
47 35 32
47 36 5
47 37 3
47 38 33
47 39 10
47 40 45
47 41 33
47 42 42
47 43 40
47 44 20
47 45 28
47 46 48
48 0 30
48 1 13
48 2 42
48 3 18
48 4 46
48 5 32
48 6 23
48 7 5
48 8 33
48 9 31
48 10 39
48 11 3
48 12 9
48 13 45
48 14 44
48 15 35
48 16 44
48 17 28
48 18 8
48 19 30
48 20 33
48 21 15
48 22 29
48 23 33
48 24 2
48 25 38
48 26 19
48 27 6
48 28 40
48 29 10
48 30 48
48 31 45
48 32 25
48 33 21
48 34 47
48 35 24
48 36 22
48 37 9
48 38 42
48 39 7
48 40 4
48 41 38
48 42 5
48 43 11
48 44 14
48 45 11
48 46 1
48 47 41
49 0 38
49 1 44
49 2 40
49 3 19
49 4 24
49 5 13
49 6 22
49 7 15
49 8 22
49 9 39
49 10 2
49 11 48
49 12 23
49 13 30
49 14 27
49 15 35
49 16 32
49 17 20
49 18 23
49 19 36
49 20 29
49 21 16
49 22 39
49 23 16
49 24 37
49 25 11
49 26 34
49 27 1
49 28 17
49 29 20
49 30 28
49 31 36
49 32 36
49 33 34
49 34 18
49 35 14
49 36 14
49 37 16
49 38 18
49 39 12
49 40 2
49 41 14
49 42 2
49 43 35
49 44 27
49 45 47
49 46 4
49 47 11
49 48 9
50 0 11
50 1 24
50 2 19
50 3 7
50 4 4
50 5 39
50 6 35
50 7 22
50 8 48
50 9 37
50 10 20
50 11 28
50 12 10
50 13 31
50 14 46
50 15 10
50 16 28
50 17 15
50 18 42
50 19 27
50 20 1
50 21 6
50 22 3
50 23 16
50 24 15
50 25 6
50 26 30
50 27 44
50 28 7
50 29 20
50 30 39
50 31 25
50 32 22
50 33 1
50 34 41
50 35 27
50 36 19
50 37 16
50 38 22
50 39 16
50 40 28
50 41 33
50 42 30
50 43 32
50 44 28
50 45 11
50 46 33
50 47 14
50 48 26
50 49 2
51 0 48
51 1 48
51 2 27
51 3 15
51 4 27
51 5 42
51 6 8
51 7 20
51 8 17
51 9 15
51 10 2
51 11 9
51 12 32
51 13 10
51 14 40
51 15 38
51 16 2
51 17 46
51 18 28
51 19 36
51 20 8
51 21 45
51 22 20
51 23 6
51 24 21
51 25 32
51 26 8
51 27 9
51 28 13
51 29 37
51 30 13
51 31 31
51 32 16
51 33 18
51 34 8
51 35 24
51 36 13
51 37 48
51 38 36
51 39 5
51 40 25
51 41 15
51 42 47
51 43 45
51 44 12
51 45 44
51 46 22
51 47 10
51 48 44
51 49 1
51 50 33
52 0 7
52 1 16
52 2 9
52 3 9
52 4 43
52 5 39
52 6 45
52 7 37
52 8 6
52 9 21
52 10 43
52 11 34
52 12 39
52 13 31
52 14 26
52 15 28
52 16 41
52 17 37
52 18 40
52 19 46
52 20 26
52 21 45
52 22 13
52 23 1
52 24 41
52 25 37
52 26 14
52 27 17
52 28 11
52 29 33
52 30 46
52 31 45
52 32 17
52 33 35
52 34 6
52 35 18
52 36 41
52 37 2
52 38 48
52 39 32
52 40 16
52 41 40
52 42 19
52 43 13
52 44 36
52 45 12
52 46 11
52 47 18
52 48 13
52 49 5
52 50 7
52 51 5
53 0 3
53 1 3
53 2 8
53 3 25
53 4 37
53 5 21
53 6 40
53 7 36
53 8 15
53 9 20
53 10 13
53 11 6
53 12 35
53 13 38
53 14 47
53 15 23
53 16 37
53 17 17
53 18 26
53 19 3
53 20 30
53 21 22
53 22 17
53 23 20
53 24 6
53 25 23
53 26 48
53 27 19
53 28 6
53 29 11
53 30 14
53 31 15
53 32 45
53 33 23
53 34 27
53 35 20
53 36 47
53 37 1
53 38 43
53 39 29
53 40 14
53 41 13
53 42 39
53 43 48
53 44 9
53 45 5
53 46 47
53 47 30
53 48 16
53 49 12
53 50 10
53 51 26
53 52 14
54 0 43
54 1 1
54 2 44
54 3 44
54 4 47
54 5 8
54 6 8
54 7 13
54 8 20
54 9 5
54 10 46
54 11 9
54 12 8
54 13 21
54 14 34
54 15 13
54 16 6
54 17 22
54 18 45
54 19 14
54 20 1
54 21 27
54 22 34
54 23 47
54 24 33
54 25 12
54 26 37
54 27 46
54 28 42
54 29 28
54 30 15
54 31 3
54 32 44
54 33 44
54 34 18
54 35 17
54 36 12
54 37 32
54 38 15
54 39 44
54 40 28
54 41 37
54 42 3
54 43 28
54 44 2
54 45 9
54 46 38
54 47 34
54 48 35
54 49 8
54 50 12
54 51 28
54 52 20
54 53 32
55 0 9
55 1 36
55 2 26
55 3 36
55 4 15
55 5 36
55 6 22
55 7 3
55 8 40
55 9 42
55 10 36
55 11 24
55 12 27
55 13 39
55 14 42
55 15 48
55 16 44
55 17 25
55 18 40
55 19 38
55 20 31
55 21 26
55 22 15
55 23 22
55 24 45
55 25 31
55 26 22
55 27 8
55 28 46
55 29 30
55 30 27
55 31 10
55 32 26
55 33 13
55 34 42
55 35 12
55 36 15
55 37 17
55 38 37
55 39 36
55 40 2
55 41 43
55 42 27
55 43 14
55 44 41
55 45 34
55 46 6
55 47 6
55 48 47
55 49 34
55 50 34
55 51 39
55 52 10
55 53 47
55 54 39
56 0 4
56 1 30
56 2 26
56 3 5
56 4 48
56 5 35
56 6 38
56 7 20
56 8 11
56 9 25
56 10 22
56 11 36
56 12 4
56 13 48
56 14 46
56 15 18
56 16 21
56 17 40
56 18 19
56 19 41
56 20 31
56 21 30
56 22 22
56 23 10
56 24 16
56 25 39
56 26 10
56 27 36
56 28 31
56 29 5
56 30 12
56 31 27
56 32 46
56 33 2
56 34 45
56 35 46
56 36 26
56 37 47
56 38 22
56 39 4
56 40 25
56 41 41
56 42 15
56 43 10
56 44 9
56 45 10
56 46 5
56 47 12
56 48 20
56 49 24
56 50 30
56 51 39
56 52 33
56 53 31
56 54 13
56 55 35
57 0 10
57 1 20
57 2 33
57 3 37
57 4 3
57 5 44
57 6 4
57 7 48
57 8 1
57 9 19
57 10 13
57 11 12
57 12 44
57 13 11
57 14 37
57 15 15
57 16 32
57 17 32
57 18 34
57 19 46
57 20 44
57 21 33
57 22 29
57 23 48
57 24 20
57 25 2
57 26 36
57 27 39
57 28 11
57 29 26
57 30 10
57 31 8
57 32 25
57 33 45
57 34 34
57 35 15
57 36 36
57 37 45
57 38 20
57 39 25
57 40 2
57 41 17
57 42 43
57 43 25
57 44 18
57 45 24
57 46 28
57 47 40
57 48 39
57 49 45
57 50 18
57 51 27
57 52 2
57 53 26
57 54 26
57 55 18
57 56 27
58 0 32
58 1 36
58 2 34
58 3 33
58 4 5
58 5 47
58 6 7
58 7 4
58 8 48
58 9 31
58 10 6
58 11 11
58 12 24
58 13 18
58 14 41
58 15 33
58 16 25
58 17 45
58 18 5
58 19 10
58 20 37
58 21 20
58 22 38
58 23 34
58 24 40
58 25 36
58 26 45
58 27 25
58 28 35
58 29 3
58 30 32
58 31 10
58 32 7
58 33 17
58 34 16
58 35 47
58 36 38
58 37 40
58 38 45
58 39 33
58 40 10
58 41 26
58 42 21
58 43 36
58 44 20
58 45 5
58 46 19
58 47 12
58 48 35
58 49 8
58 50 21
58 51 32
58 52 14
58 53 16
58 54 9
58 55 23
58 56 9
58 57 48
59 0 38
59 1 29
59 2 14
59 3 15
59 4 1
59 5 41
59 6 12
59 7 43
59 8 41
59 9 20
59 10 5
59 11 29
59 12 40
59 13 4
59 14 21
59 15 5
59 16 22
59 17 7
59 18 19
59 19 38
59 20 35
59 21 33
59 22 22
59 23 45
59 24 26
59 25 42
59 26 6
59 27 39
59 28 12
59 29 29
59 30 40
59 31 39
59 32 44
59 33 25
59 34 45
59 35 19
59 36 48
59 37 6
59 38 5
59 39 11
59 40 12
59 41 29
59 42 44
59 43 22
59 44 29
59 45 36
59 46 17
59 47 23
59 48 36
59 49 41
59 50 22
59 51 19
59 52 45
59 53 23
59 54 18
59 55 6
59 56 17
59 57 32
59 58 19
60 0 34
60 1 39
60 2 41
60 3 5
60 4 15
60 5 36
60 6 26
60 7 16
60 8 12
60 9 41
60 10 28
60 11 33
60 12 33
60 13 29
60 14 19
60 15 1
60 16 42
60 17 38
60 18 44
60 19 37
60 20 12
60 21 31
60 22 34
60 23 14
60 24 37
60 25 3
60 26 25
60 27 28
60 28 47
60 29 12
60 30 28
60 31 42
60 32 6
60 33 38
60 34 6
60 35 7
60 36 1
60 37 31
60 38 41
60 39 25
60 40 24
60 41 47
60 42 33
60 43 5
60 44 43
60 45 27
60 46 36
60 47 20
60 48 26
60 49 10
60 50 19
60 51 1
60 52 18
60 53 31
60 54 43
60 55 33
60 56 17
60 57 22
60 58 2
60 59 5
61 0 1
61 1 16
61 2 36
61 3 9
61 4 15
61 5 24
61 6 17
61 7 16
61 8 35
61 9 17
61 10 18
61 11 20
61 12 21
61 13 17
61 14 32
61 15 6
61 16 39
61 17 39
61 18 31
61 19 39
61 20 13
61 21 17
61 22 24
61 23 20
61 24 46
61 25 41
61 26 42
61 27 47
61 28 12
61 29 15
61 30 26
61 31 13
61 32 1
61 33 42
61 34 37
61 35 18
61 36 29
61 37 8
61 38 25
61 39 36
61 40 20
61 41 19
61 42 38
61 43 6
61 44 45
61 45 42
61 46 25
61 47 25
61 48 22
61 49 18
61 50 1
61 51 44
61 52 44
61 53 36
61 54 1
61 55 31
61 56 15
61 57 16
61 58 12
61 59 17
61 60 1
62 0 42
62 1 31
62 2 6
62 3 41
62 4 37
62 5 28
62 6 11
62 7 16
62 8 12
62 9 20
62 10 25
62 11 8
62 12 22
62 13 18
62 14 15
62 15 11
62 16 41
62 17 35
62 18 22
62 19 1
62 20 3
62 21 30
62 22 46
62 23 10
62 24 18
62 25 2
62 26 7
62 27 36
62 28 25
62 29 34
62 30 19
62 31 31
62 32 2
62 33 2
62 34 41
62 35 18
62 36 42
62 37 24
62 38 36
62 39 33
62 40 42
62 41 30
62 42 14
62 43 2
62 44 43
62 45 45
62 46 35
62 47 1
62 48 15
62 49 19
62 50 46
62 51 27
62 52 44
62 53 48
62 54 1
62 55 38
62 56 7
62 57 43
62 58 26
62 59 27
62 60 33
62 61 43
63 0 17
63 1 21
63 2 30
63 3 19
63 4 7
63 5 20
63 6 23
63 7 47
63 8 24
63 9 30
63 10 12
63 11 22
63 12 24
63 13 47
63 14 47
63 15 34
63 16 27
63 17 9
63 18 23
63 19 47
63 20 12
63 21 5
63 22 25
63 23 13
63 24 23
63 25 46
63 26 7
63 27 1
63 28 3
63 29 41
63 30 14
63 31 17
63 32 32
63 33 42
63 34 41
63 35 9
63 36 30
63 37 29
63 38 31
63 39 30
63 40 47
63 41 41
63 42 3
63 43 36
63 44 47
63 45 36
63 46 20
63 47 12
63 48 39
63 49 39
63 50 9
63 51 12
63 52 12
63 53 19
63 54 26
63 55 9
63 56 18
63 57 35
63 58 12
63 59 46
63 60 42
63 61 26
63 62 19
64 0 19
64 1 13
64 2 30
64 3 35
64 4 37
64 5 15
64 6 16
64 7 31
64 8 48
64 9 7
64 10 30
64 11 43
64 12 45
64 13 8
64 14 42
64 15 37
64 16 18
64 17 36
64 18 4
64 19 9
64 20 13
64 21 42
64 22 44
64 23 48
64 24 44
64 25 44
64 26 31
64 27 17
64 28 8
64 29 28
64 30 8
64 31 5
64 32 1
64 33 4
64 34 16
64 35 22
64 36 3
64 37 44
64 38 30
64 39 19
64 40 31
64 41 36
64 42 36
64 43 29
64 44 36
64 45 32
64 46 21
64 47 36
64 48 1
64 49 11
64 50 7
64 51 34
64 52 8
64 53 24
64 54 34
64 55 37
64 56 3
64 57 34
64 58 33
64 59 43
64 60 48
64 61 30
64 62 41
64 63 43
65 0 42
65 1 17
65 2 29
65 3 39
65 4 32
65 5 14
65 6 2
65 7 40
65 8 43
65 9 33
65 10 18
65 11 36
65 12 16
65 13 25
65 14 4
65 15 36
65 16 9
65 17 13
65 18 48
65 19 36
65 20 7
65 21 17
65 22 17
65 23 45
65 24 22
65 25 17
65 26 12
65 27 8
65 28 25
65 29 27
65 30 11
65 31 6
65 32 3
65 33 5
65 34 43
65 35 28
65 36 29
65 37 45
65 38 30
65 39 13
65 40 39
65 41 26
65 42 4
65 43 1
65 44 47
65 45 35
65 46 41
65 47 8
65 48 40
65 49 12
65 50 25
65 51 23
65 52 17
65 53 45
65 54 38
65 55 11
65 56 5
65 57 35
65 58 46
65 59 39
65 60 25
65 61 31
65 62 14
65 63 17
65 64 4
66 0 24
66 1 19
66 2 48
66 3 18
66 4 11
66 5 36
66 6 46
66 7 6
66 8 42
66 9 27
66 10 29
66 11 7
66 12 30
66 13 9
66 14 39
66 15 38
66 16 23
66 17 10
66 18 35
66 19 38
66 20 21
66 21 17
66 22 19
66 23 7
66 24 21
66 25 30
66 26 9
66 27 16
66 28 6
66 29 15
66 30 38
66 31 39
66 32 15
66 33 46
66 34 3
66 35 34
66 36 46
66 37 4
66 38 14
66 39 3
66 40 33
66 41 34
66 42 28
66 43 15
66 44 11
66 45 34
66 46 20
66 47 31
66 48 25
66 49 11
66 50 15
66 51 9
66 52 5
66 53 25
66 54 31
66 55 33
66 56 10
66 57 9
66 58 35
66 59 39
66 60 31
66 61 39
66 62 34
66 63 16
66 64 12
66 65 47
67 0 1
67 1 28
67 2 33
67 3 22
67 4 17
67 5 16
67 6 38
67 7 22
67 8 20
67 9 44
67 10 34
67 11 10
67 12 42
67 13 32
67 14 30
67 15 12
67 16 25
67 17 47
67 18 32
67 19 45
67 20 3
67 21 35
67 22 15
67 23 24
67 24 22
67 25 9
67 26 37
67 27 17
67 28 39
67 29 38
67 30 22
67 31 17
67 32 37
67 33 4
67 34 8
67 35 38
67 36 15
67 37 1
67 38 11
67 39 30
67 40 11
67 41 9
67 42 37
67 43 28
67 44 39
67 45 35
67 46 7
67 47 15
67 48 21
67 49 8
67 50 35
67 51 14
67 52 45
67 53 7
67 54 46
67 55 19
67 56 13
67 57 47
67 58 9
67 59 26
67 60 32
67 61 23
67 62 41
67 63 17
67 64 10
67 65 17
67 66 36
68 0 48
68 1 35
68 2 21
68 3 36
68 4 46
68 5 16
68 6 7
68 7 3
68 8 31
68 9 41
68 10 8
68 11 44
68 12 41
68 13 18
68 14 10
68 15 11
68 16 8
68 17 13
68 18 22
68 19 33
68 20 22
68 21 22
68 22 44
68 23 16
68 24 44
68 25 5
68 26 26
68 27 25
68 28 23
68 29 33
68 30 20
68 31 37
68 32 43
68 33 5
68 34 4
68 35 3
68 36 43
68 37 27
68 38 24
68 39 27
68 40 4
68 41 6
68 42 33
68 43 31
68 44 25
68 45 16
68 46 45
68 47 37
68 48 1
68 49 5
68 50 40
68 51 39
68 52 48
68 53 1
68 54 40
68 55 32
68 56 39
68 57 31
68 58 1
68 59 8
68 60 23
68 61 19
68 62 8
68 63 46
68 64 1
68 65 7
68 66 25
68 67 18
