26
1 0 15
2 0 21
3 0 31
3 2 36
4 1 21
5 0 22
5 1 25
5 3 26
6 0 33
6 1 25
6 3 35
7 0 24
7 3 42
7 4 20
7 6 30
8 2 28
8 3 17
8 4 29
8 5 25
9 0 18
9 1 8
9 4 8
9 6 10
10 1 9
10 2 21
10 3 36
10 5 9
10 7 10
11 0 19
11 2 18
11 3 41
11 5 18
11 7 11
11 8 28
11 9 6
11 10 2
12 2 35
12 3 1
12 5 26
12 7 29
12 8 39
12 9 43
13 0 22
13 2 24
13 3 1
13 8 2
13 10 12
13 12 32
14 3 31
14 5 16
14 7 19
14 8 35
14 10 30
14 11 24
15 0 4
15 2 3
15 3 2
15 4 30
15 6 26
15 8 26
15 9 35
15 11 35
15 12 7
15 14 26
16 3 21
16 5 23
16 6 23
16 7 12
16 8 24
16 9 7
16 12 14
16 15 3
17 2 36
17 3 12
17 6 38
17 10 1
17 12 22
17 15 38
18 2 27
18 3 24
18 4 7
18 10 29
18 11 22
18 12 33
18 16 2
19 0 15
19 1 2
19 2 42
19 3 21
19 5 5
19 6 33
19 10 19
19 11 9
19 12 11
19 14 21
19 15 18
20 5 32
20 7 8
20 9 22
20 10 3
20 11 43
20 14 18
20 15 13
20 17 24
21 0 22
21 1 5
21 3 34
21 6 14
21 7 36
21 11 20
21 12 3
21 13 43
21 14 28
21 16 22
21 17 29
22 1 3
22 4 5
22 8 24
22 12 39
22 13 1
22 14 16
22 16 2
22 17 41
22 18 8
22 21 35
23 0 39
23 1 29
23 3 37
23 4 13
23 6 16
23 8 13
23 15 16
23 18 22
23 21 38
23 22 38
24 4 19
24 6 37
24 7 32
24 8 3
24 10 18
24 12 2
24 13 35
24 15 34
24 23 31
25 0 5
25 1 13
25 3 18
25 4 16
25 5 18
25 8 27
25 9 5
25 11 6
25 12 17
25 14 24
25 18 5
25 19 6
25 21 28
