42
1 0 2
2 0 7
2 1 13
3 0 11
3 1 2
3 2 13
4 0 14
4 1 2
4 2 2
4 3 12
5 0 6
5 1 16
5 2 16
5 3 9
5 4 14
6 0 6
6 1 9
6 2 5
6 3 8
6 4 13
6 5 14
7 0 13
7 1 7
7 2 6
7 3 1
7 4 15
7 5 15
7 6 16
8 0 5
8 1 6
8 2 1
8 3 8
8 4 17
8 5 3
8 6 4
8 7 1
9 0 16
9 1 16
9 2 4
9 3 1
9 4 16
9 5 5
9 6 7
9 7 13
9 8 9
10 0 11
10 1 2
10 2 17
10 3 13
10 4 12
10 5 9
10 6 6
10 7 2
10 8 8
10 9 4
11 0 16
11 1 4
11 2 9
11 3 6
11 4 12
11 5 6
11 6 14
11 7 7
11 8 1
11 9 17
11 10 2
12 0 6
12 1 12
12 2 13
12 3 2
12 4 6
12 5 3
12 6 15
12 7 17
12 8 2
12 9 14
12 10 12
12 11 4
13 0 1
13 1 15
13 2 12
13 3 13
13 4 10
13 5 8
13 6 16
13 7 1
13 8 16
13 9 3
13 10 10
13 11 9
13 12 14
14 0 1
14 1 13
14 2 13
14 3 15
14 4 6
14 5 7
14 6 5
14 7 14
14 8 4
14 9 3
14 10 10
14 11 17
14 12 2
14 13 2
15 0 17
15 1 13
15 2 7
15 3 4
15 4 2
15 5 5
15 6 15
15 7 2
15 8 3
15 9 17
15 10 2
15 11 9
15 12 10
15 13 1
15 14 11
16 0 2
16 1 9
16 2 17
16 3 1
16 4 14
16 5 11
16 6 16
16 7 15
16 8 12
16 9 1
16 10 15
16 11 2
16 12 3
16 13 10
16 14 3
16 15 8
17 0 15
17 1 6
17 2 2
17 3 5
17 4 14
17 5 13
17 6 4
17 7 16
17 8 7
17 9 15
17 10 5
17 11 5
17 12 6
17 13 14
17 14 5
17 15 9
17 16 9
18 0 13
18 1 4
18 2 6
18 3 4
18 4 11
18 5 1
18 6 11
18 7 12
18 8 13
18 9 2
18 10 4
18 11 6
18 12 16
18 13 9
18 14 6
18 15 8
18 16 7
18 17 7
19 0 5
19 1 15
19 2 4
19 3 5
19 4 11
19 5 3
19 6 9
19 7 15
19 8 15
19 9 16
19 10 1
19 11 2
19 12 11
19 13 2
19 14 12
19 15 6
19 16 15
19 17 1
19 18 1
20 0 13
20 1 12
20 2 14
20 3 6
20 4 3
20 5 8
20 6 1
20 7 10
20 8 4
20 9 1
20 10 11
20 11 12
20 12 15
20 13 14
20 14 17
20 15 15
20 16 2
20 17 4
20 18 13
20 19 6
21 0 15
21 1 15
21 2 6
21 3 8
21 4 9
21 5 8
21 6 3
21 7 13
21 8 4
21 9 14
21 10 2
21 11 6
21 12 13
21 13 15
21 14 17
21 15 1
21 16 4
21 17 5
21 18 11
21 19 7
21 20 4
22 0 16
22 1 7
22 2 5
22 3 7
22 4 13
22 5 17
22 6 10
22 7 12
22 8 13
22 9 2
22 10 10
22 11 7
22 12 9
22 13 16
22 14 17
22 15 7
22 16 12
22 17 16
22 18 13
22 19 12
22 20 16
22 21 17
23 0 10
23 1 5
23 2 5
23 3 1
23 4 4
23 5 14
23 6 10
23 7 8
23 8 16
23 9 9
23 10 13
23 11 8
23 12 14
23 13 5
23 14 15
23 15 16
23 16 13
23 17 8
23 18 1
23 19 5
23 20 6
23 21 11
23 22 10
24 0 15
24 1 17
24 2 14
24 3 17
24 4 14
24 5 14
24 6 12
24 7 3
24 8 3
24 9 17
24 10 17
24 11 3
24 12 13
24 13 10
24 14 9
24 15 6
24 16 3
24 17 13
24 18 17
24 19 9
24 20 6
24 21 13
24 22 13
24 23 11
25 0 11
25 1 2
25 2 7
25 3 7
25 4 17
25 5 2
25 6 3
25 7 3
25 8 3
25 9 14
25 10 14
25 11 6
25 12 11
25 13 16
25 14 9
25 15 12
25 16 6
25 17 15
25 18 7
25 19 7
25 20 3
25 21 5
25 22 4
25 23 17
25 24 14
26 0 6
26 1 1
26 2 1
26 3 7
26 4 8
26 5 12
26 6 16
26 7 6
26 8 15
26 9 8
26 10 1
26 11 13
26 12 9
26 13 16
26 14 7
26 15 10
26 16 9
26 17 15
26 18 2
26 19 12
26 20 9
26 21 17
26 22 3
26 23 8
26 24 17
26 25 13
27 0 4
27 1 6
27 2 6
27 3 8
27 4 7
27 5 17
27 6 11
27 7 5
27 8 14
27 9 2
27 10 7
27 11 6
27 12 8
27 13 8
27 14 14
27 15 7
27 16 15
27 17 13
27 18 16
27 19 8
27 20 1
27 21 6
27 22 7
27 23 16
27 24 7
27 25 15
27 26 4
28 0 8
28 1 10
28 2 13
28 3 8
28 4 8
28 5 16
28 6 1
28 7 8
28 8 7
28 9 7
28 10 17
28 11 15
28 12 17
28 13 6
28 14 4
28 15 5
28 16 12
28 17 11
28 18 1
28 19 12
28 20 2
28 21 3
28 22 6
28 23 3
28 24 1
28 25 2
28 26 12
28 27 14
29 0 9
29 1 15
29 2 16
29 3 9
29 4 2
29 5 16
29 6 4
29 7 4
29 8 1
29 9 9
29 10 9
29 11 7
29 12 17
29 13 8
29 14 17
29 15 17
29 16 2
29 17 17
29 18 12
29 19 5
29 20 13
29 21 3
29 22 11
29 23 3
29 24 14
29 25 4
29 26 1
29 27 17
29 28 15
30 0 10
30 1 8
30 2 14
30 3 3
30 4 5
30 5 11
30 6 5
30 7 3
30 8 14
30 9 9
30 10 16
30 11 5
30 12 2
30 13 12
30 14 16
30 15 4
30 16 4
30 17 4
30 18 7
30 19 8
30 20 11
30 21 5
30 22 15
30 23 7
30 24 13
30 25 14
30 26 3
30 27 1
30 28 15
30 29 12
31 0 1
31 1 4
31 2 1
31 3 17
31 4 11
31 5 1
31 6 6
31 7 14
31 8 10
31 9 14
31 10 1
31 11 2
31 12 4
31 13 10
31 14 17
31 15 11
31 16 6
31 17 3
31 18 6
31 19 2
31 20 12
31 21 17
31 22 6
31 23 5
31 24 12
31 25 12
31 26 8
31 27 14
31 28 10
31 29 1
31 30 7
32 0 9
32 1 5
32 2 10
32 3 8
32 4 10
32 5 10
32 6 13
32 7 17
32 8 10
32 9 6
32 10 9
32 11 8
32 12 11
32 13 14
32 14 17
32 15 17
32 16 3
32 17 3
32 18 5
32 19 2
32 20 5
32 21 5
32 22 12
32 23 14
32 24 15
32 25 13
32 26 2
32 27 16
32 28 7
32 29 4
32 30 12
32 31 16
33 0 10
33 1 10
33 2 14
33 3 8
33 4 3
33 5 10
33 6 17
33 7 9
33 8 7
33 9 14
33 10 5
33 11 6
33 12 16
33 13 14
33 14 4
33 15 6
33 16 11
33 17 13
33 18 6
33 19 16
33 20 17
33 21 16
33 22 2
33 23 7
33 24 5
33 25 9
33 26 10
33 27 9
33 28 4
33 29 2
33 30 12
33 31 5
33 32 9
34 0 11
34 1 5
34 2 9
34 3 17
34 4 12
34 5 14
34 6 16
34 7 9
34 8 7
34 9 9
34 10 6
34 11 2
34 12 10
34 13 4
34 14 1
34 15 11
34 16 17
34 17 15
34 18 4
34 19 3
34 20 9
34 21 1
34 22 8
34 23 15
34 24 6
34 25 11
34 26 3
34 27 13
34 28 5
34 29 16
34 30 9
34 31 3
34 32 10
34 33 2
35 0 3
35 1 7
35 2 17
35 3 2
35 4 10
35 5 14
35 6 5
35 7 8
35 8 15
35 9 14
35 10 7
35 11 13
35 12 15
35 13 4
35 14 16
35 15 1
35 16 17
35 17 6
35 18 12
35 19 3
35 20 2
35 21 5
35 22 1
35 23 13
35 24 1
35 25 11
35 26 9
35 27 8
35 28 10
35 29 6
35 30 4
35 31 3
35 32 15
35 33 2
35 34 4
36 0 4
36 1 17
36 2 1
36 3 2
36 4 3
36 5 2
36 6 9
36 7 15
36 8 1
36 9 12
36 10 4
36 11 8
36 12 1
36 13 5
36 14 6
36 15 11
36 16 14
36 17 16
36 18 13
36 19 16
36 20 3
36 21 4
36 22 12
36 23 15
36 24 10
36 25 3
36 26 2
36 27 8
36 28 7
36 29 11
36 30 9
36 31 4
36 32 10
36 33 9
36 34 2
36 35 8
37 0 14
37 1 4
37 2 4
37 3 15
37 4 13
37 5 9
37 6 7
37 7 16
37 8 2
37 9 4
37 10 13
37 11 8
37 12 7
37 13 10
37 14 2
37 15 16
37 16 7
37 17 7
37 18 4
37 19 6
37 20 4
37 21 17
37 22 1
37 23 2
37 24 15
37 25 12
37 26 9
37 27 15
37 28 10
37 29 13
37 30 1
37 31 13
37 32 12
37 33 6
37 34 5
37 35 1
37 36 1
38 0 11
38 1 7
38 2 16
38 3 12
38 4 7
38 5 12
38 6 16
38 7 7
38 8 7
38 9 17
38 10 13
38 11 3
38 12 4
38 13 2
38 14 12
38 15 17
38 16 14
38 17 4
38 18 4
38 19 17
38 20 2
38 21 17
38 22 8
38 23 14
38 24 8
38 25 5
38 26 13
38 27 9
38 28 2
38 29 15
38 30 9
38 31 15
38 32 14
38 33 1
38 34 12
38 35 11
38 36 8
38 37 10
39 0 8
39 1 11
39 2 3
39 3 15
39 4 4
39 5 10
39 6 8
39 7 15
39 8 14
39 9 4
39 10 16
39 11 9
39 12 6
39 13 10
39 14 8
39 15 14
39 16 9
39 17 7
39 18 2
39 19 15
39 20 6
39 21 8
39 22 5
39 23 11
39 24 10
39 25 1
39 26 11
39 27 9
39 28 1
39 29 6
39 30 17
39 31 9
39 32 4
39 33 6
39 34 12
39 35 9
39 36 2
39 37 9
39 38 4
40 0 17
40 1 12
40 2 5
40 3 15
40 4 13
40 5 7
40 6 3
40 7 10
40 8 1
40 9 10
40 10 12
40 11 10
40 12 7
40 13 16
40 14 7
40 15 11
40 16 11
40 17 4
40 18 10
40 19 2
40 20 8
40 21 15
40 22 15
40 23 3
40 24 4
40 25 5
40 26 5
40 27 9
40 28 14
40 29 9
40 30 6
40 31 14
40 32 16
40 33 16
40 34 11
40 35 16
40 36 11
40 37 3
40 38 16
40 39 16
41 0 17
41 1 9
41 2 17
41 3 11
41 4 7
41 5 9
41 6 16
41 7 4
41 8 9
41 9 17
41 10 9
41 11 9
41 12 2
41 13 14
41 14 5
41 15 3
41 16 8
41 17 15
41 18 1
41 19 8
41 20 3
41 21 16
41 22 9
41 23 6
41 24 5
41 25 4
41 26 3
41 27 1
41 28 4
41 29 1
41 30 3
41 31 11
41 32 9
41 33 9
41 34 4
41 35 16
41 36 7
41 37 14
41 38 12
41 39 6
41 40 14
