28
1 0 18
3 1 38
4 0 38
5 0 8
5 1 39
5 2 12
5 4 35
6 3 1
6 5 19
7 0 42
7 1 17
7 4 36
7 5 31
7 6 2
8 0 15
8 2 47
8 3 23
8 4 35
8 7 18
9 4 20
9 5 21
9 6 11
9 8 20
10 0 11
10 5 19
10 6 12
10 8 15
11 0 39
11 1 14
11 3 13
11 4 6
11 5 24
11 6 12
11 10 34
12 1 24
12 3 49
12 6 9
12 8 33
12 11 32
13 2 9
13 6 11
13 8 48
13 9 11
13 11 44
13 12 14
14 2 28
14 4 30
14 8 49
14 9 5
14 10 33
14 13 37
15 1 20
15 2 32
15 4 22
15 5 32
15 8 40
15 12 6
15 13 44
16 4 19
16 6 19
16 7 48
16 11 17
16 12 47
16 14 47
16 15 10
17 0 32
17 3 13
17 4 5
17 6 23
17 9 22
17 14 22
17 15 35
18 0 18
18 2 14
18 5 24
18 8 29
18 9 14
18 11 2
18 12 7
18 14 23
18 15 26
18 16 48
18 17 34
19 0 46
19 1 38
19 3 26
19 5 31
19 7 24
19 8 1
19 9 26
19 11 49
19 12 43
19 13 49
19 14 49
19 17 18
19 18 19
20 1 48
20 3 40
20 6 44
20 9 20
20 10 38
20 13 44
20 14 36
20 15 13
20 17 34
20 18 10
21 1 3
21 2 21
21 3 27
21 6 35
21 11 8
21 14 5
21 15 39
21 16 41
21 17 16
21 18 21
21 20 44
22 0 39
22 1 19
22 3 19
22 4 15
22 6 16
22 7 13
22 8 49
22 10 12
22 11 20
22 13 38
22 16 28
22 20 39
23 0 32
23 1 27
23 4 16
23 11 23
23 13 26
23 14 45
23 17 18
23 18 32
23 19 11
23 20 41
24 3 18
24 6 7
24 11 7
24 14 11
24 15 10
24 16 49
24 21 48
25 2 32
25 3 36
25 4 21
25 6 50
25 9 21
25 11 20
25 14 5
25 15 34
25 16 11
25 22 10
25 23 20
26 0 44
26 2 4
26 4 48
26 7 8
26 9 44
26 10 38
26 13 23
26 15 37
26 19 14
26 21 13
26 23 34
26 24 23
27 0 45
27 3 17
27 5 31
27 6 47
27 8 9
27 11 50
27 14 45
27 17 44
27 18 36
27 20 30
27 21 36
27 23 2
27 25 44
27 26 9
