31
1 0 27
2 0 23
2 1 21
3 0 14
3 1 12
3 2 20
4 0 6
4 1 16
4 2 9
4 3 10
5 0 6
5 1 22
5 2 9
5 3 26
5 4 35
6 0 21
6 1 17
6 2 26
6 3 3
6 4 8
6 5 36
7 0 28
7 1 35
7 2 3
7 3 22
7 4 34
7 5 5
7 6 17
8 0 5
8 1 9
8 2 17
8 3 5
8 4 26
8 5 35
8 6 36
8 7 21
9 0 9
9 1 6
9 2 9
9 3 36
9 4 31
9 5 3
9 6 34
9 7 20
9 8 31
10 0 34
10 1 6
10 2 11
10 3 27
10 4 25
10 5 27
10 6 28
10 7 10
10 8 30
10 9 27
11 0 12
11 1 15
11 2 16
11 3 34
11 4 31
11 5 28
11 6 20
11 7 30
11 8 31
11 9 6
11 10 10
12 0 8
12 1 32
12 2 1
12 3 8
12 4 19
12 5 1
12 6 27
12 7 23
12 8 22
12 9 12
12 10 15
12 11 18
13 0 36
13 1 19
13 2 24
13 3 12
13 4 12
13 5 24
13 6 9
13 7 32
13 8 15
13 9 27
13 10 25
13 11 36
13 12 30
14 0 18
14 1 37
14 2 25
14 3 37
14 4 31
14 5 29
14 6 34
14 7 6
14 8 17
14 9 23
14 10 28
14 11 8
14 12 3
14 13 33
15 0 21
15 1 26
15 2 32
15 3 14
15 4 36
15 5 30
15 6 4
15 7 9
15 8 16
15 9 12
15 10 22
15 11 12
15 12 18
15 13 13
15 14 17
16 0 25
16 1 17
16 2 19
16 3 3
16 4 37
16 5 27
16 6 12
16 7 19
16 8 10
16 9 6
16 10 17
16 11 26
16 12 28
16 13 11
16 14 31
16 15 27
17 0 4
17 1 2
17 2 28
17 3 32
17 4 15
17 5 18
17 6 33
17 7 23
17 8 11
17 9 25
17 10 6
17 11 26
17 12 18
17 13 24
17 14 11
17 15 16
17 16 7
18 0 3
18 1 31
18 2 20
18 3 28
18 4 8
18 5 3
18 6 5
18 7 32
18 8 2
18 9 35
18 10 28
18 11 18
18 12 29
18 13 19
18 14 34
18 15 21
18 16 16
18 17 20
19 0 24
19 1 27
19 2 18
19 3 26
19 4 31
19 5 29
19 6 18
19 7 25
19 8 20
19 9 24
19 10 27
19 11 32
19 12 7
19 13 4
19 14 13
19 15 5
19 16 32
19 17 23
19 18 2
20 0 1
20 1 32
20 2 22
20 3 11
20 4 3
20 5 28
20 6 17
20 7 16
20 8 14
20 9 21
20 10 5
20 11 7
20 12 19
20 13 7
20 14 24
20 15 27
20 16 13
20 17 37
20 18 8
20 19 34
21 0 22
21 1 35
21 2 4
21 3 12
21 4 31
21 5 31
21 6 25
21 7 31
21 8 24
21 9 7
21 10 23
21 11 12
21 12 26
21 13 23
21 14 31
21 15 11
21 16 14
21 17 19
21 18 19
21 19 28
21 20 4
22 0 23
22 1 32
22 2 37
22 3 12
22 4 33
22 5 30
22 6 5
22 7 36
22 8 19
22 9 5
22 10 21
22 11 28
22 12 36
22 13 37
22 14 9
22 15 28
22 16 34
22 17 36
22 18 7
22 19 37
22 20 17
22 21 37
23 0 12
23 1 37
23 2 3
23 3 23
23 4 33
23 5 27
23 6 21
23 7 33
23 8 13
23 9 4
23 10 36
23 11 10
23 12 16
23 13 4
23 14 21
23 15 30
23 16 30
23 17 8
23 18 33
23 19 15
23 20 21
23 21 28
23 22 31
24 0 21
24 1 14
24 2 6
24 3 13
24 4 14
24 5 34
24 6 16
24 7 21
24 8 16
24 9 13
24 10 14
24 11 13
24 12 2
24 13 15
24 14 32
24 15 36
24 16 26
24 17 31
24 18 5
24 19 10
24 20 31
24 21 1
24 22 34
24 23 13
25 0 14
25 1 29
25 2 20
25 3 26
25 4 28
25 5 14
25 6 3
25 7 28
25 8 26
25 9 22
25 10 37
25 11 9
25 12 31
25 13 19
25 14 17
25 15 4
25 16 24
25 17 25
25 18 14
25 19 7
25 20 28
25 21 17
25 22 30
25 23 11
25 24 16
26 0 31
26 1 20
26 2 33
26 3 14
26 4 4
26 5 8
26 6 21
26 7 37
26 8 2
26 9 25
26 10 19
26 11 1
26 12 28
26 13 29
26 14 30
26 15 9
26 16 24
26 17 8
26 18 37
26 19 15
26 20 5
26 21 1
26 22 13
26 23 24
26 24 19
26 25 3
27 0 23
27 1 7
27 2 33
27 3 6
27 4 18
27 5 8
27 6 26
27 7 29
27 8 33
27 9 18
27 10 24
27 11 5
27 12 24
27 13 3
27 14 17
27 15 3
27 16 24
27 17 27
27 18 23
27 19 27
27 20 37
27 21 19
27 22 4
27 23 33
27 24 37
27 25 20
27 26 23
28 0 4
28 1 4
28 2 7
28 3 28
28 4 12
28 5 3
28 6 9
28 7 26
28 8 22
28 9 29
28 10 10
28 11 25
28 12 31
28 13 27
28 14 34
28 15 13
28 16 37
28 17 1
28 18 22
28 19 18
28 20 7
28 21 9
28 22 13
28 23 1
28 24 36
28 25 2
28 26 20
28 27 10
29 0 32
29 1 22
29 2 23
29 3 14
29 4 35
29 5 25
29 6 9
29 7 1
29 8 13
29 9 4
29 10 15
29 11 35
29 12 10
29 13 23
29 14 16
29 15 21
29 16 18
29 17 17
29 18 36
29 19 12
29 20 26
29 21 2
29 22 13
29 23 13
29 24 36
29 25 3
29 26 30
29 27 36
29 28 12
30 0 12
30 1 24
30 2 36
30 3 2
30 4 5
30 5 9
30 6 11
30 7 25
30 8 27
30 9 12
30 10 21
30 11 36
30 12 16
30 13 12
30 14 22
30 15 6
30 16 19
30 17 12
30 18 28
30 19 31
30 20 12
30 21 33
30 22 8
30 23 3
30 24 36
30 25 14
30 26 28
30 27 13
30 28 20
30 29 32
