53
1 0 31
2 0 32
2 1 23
3 0 24
3 1 17
3 2 7
4 0 20
4 1 4
4 2 15
4 3 5
5 0 26
5 1 18
5 2 20
5 3 6
5 4 6
6 0 13
6 1 2
6 2 2
6 3 29
6 4 24
6 5 21
7 0 24
7 1 17
7 2 34
7 3 8
7 4 33
7 5 6
7 6 18
8 0 14
8 1 20
8 2 4
8 3 23
8 4 3
8 5 19
8 6 25
8 7 34
9 0 33
9 1 15
9 2 5
9 3 22
9 4 19
9 5 15
9 6 12
9 7 6
9 8 22
10 0 20
10 1 22
10 2 22
10 3 24
10 4 21
10 5 17
10 6 29
10 7 8
10 8 8
10 9 25
11 0 2
11 1 17
11 2 11
11 3 7
11 4 18
11 5 2
11 6 11
11 7 10
11 8 12
11 9 24
11 10 4
12 0 11
12 1 35
12 2 34
12 3 30
12 4 14
12 5 16
12 6 26
12 7 20
12 8 7
12 9 9
12 10 17
12 11 31
13 0 34
13 1 18
13 2 12
13 3 24
13 4 29
13 5 23
13 6 20
13 7 28
13 8 19
13 9 28
13 10 27
13 11 4
13 12 34
14 0 30
14 1 26
14 2 15
14 3 3
14 4 14
14 5 30
14 6 11
14 7 3
14 8 25
14 9 2
14 10 14
14 11 35
14 12 27
14 13 25
15 0 8
15 1 7
15 2 3
15 3 30
15 4 10
15 5 4
15 6 24
15 7 7
15 8 3
15 9 16
15 10 17
15 11 25
15 12 5
15 13 26
15 14 32
16 0 3
16 1 21
16 2 27
16 3 24
16 4 14
16 5 20
16 6 7
16 7 27
16 8 35
16 9 11
16 10 34
16 11 11
16 12 17
16 13 12
16 14 26
16 15 32
17 0 1
17 1 16
17 2 9
17 3 8
17 4 13
17 5 24
17 6 12
17 7 11
17 8 33
17 9 26
17 10 33
17 11 30
17 12 30
17 13 31
17 14 34
17 15 11
17 16 19
18 0 32
18 1 22
18 2 15
18 3 3
18 4 19
18 5 16
18 6 32
18 7 7
18 8 2
18 9 23
18 10 7
18 11 34
18 12 13
18 13 33
18 14 11
18 15 15
18 16 25
18 17 1
19 0 16
19 1 10
19 2 20
19 3 33
19 4 8
19 5 7
19 6 27
19 7 17
19 8 21
19 9 31
19 10 19
19 11 5
19 12 33
19 13 29
19 14 4
19 15 3
19 16 28
19 17 25
19 18 12
20 0 15
20 1 1
20 2 24
20 3 5
20 4 4
20 5 3
20 6 6
20 7 23
20 8 1
20 9 18
20 10 22
20 11 34
20 12 9
20 13 32
20 14 28
20 15 7
20 16 25
20 17 33
20 18 1
20 19 18
21 0 7
21 1 28
21 2 28
21 3 21
21 4 2
21 5 1
21 6 26
21 7 8
21 8 19
21 9 27
21 10 19
21 11 7
21 12 34
21 13 35
21 14 20
21 15 29
21 16 3
21 17 1
21 18 4
21 19 27
21 20 2
22 0 11
22 1 25
22 2 20
22 3 14
22 4 35
22 5 28
22 6 16
22 7 13
22 8 24
22 9 21
22 10 17
22 11 31
22 12 32
22 13 12
22 14 20
22 15 32
22 16 34
22 17 26
22 18 10
22 19 32
22 20 26
22 21 22
23 0 18
23 1 24
23 2 12
23 3 6
23 4 8
23 5 26
23 6 12
23 7 31
23 8 30
23 9 11
23 10 27
23 11 23
23 12 16
23 13 8
23 14 17
23 15 6
23 16 4
23 17 11
23 18 14
23 19 20
23 20 18
23 21 15
23 22 27
24 0 17
24 1 33
24 2 32
24 3 13
24 4 17
24 5 11
24 6 5
24 7 13
24 8 14
24 9 2
24 10 18
24 11 14
24 12 22
24 13 4
24 14 3
24 15 28
24 16 1
24 17 19
24 18 25
24 19 3
24 20 32
24 21 1
24 22 6
24 23 18
25 0 18
25 1 22
25 2 32
25 3 28
25 4 24
25 5 26
25 6 12
25 7 19
25 8 1
25 9 9
25 10 22
25 11 4
25 12 12
25 13 16
25 14 22
25 15 27
25 16 8
25 17 30
25 18 8
25 19 10
25 20 16
25 21 6
25 22 20
25 23 19
25 24 5
26 0 1
26 1 15
26 2 30
26 3 32
26 4 12
26 5 1
26 6 23
26 7 21
26 8 13
26 9 8
26 10 12
26 11 13
26 12 20
26 13 13
26 14 29
26 15 1
26 16 5
26 17 24
26 18 16
26 19 33
26 20 29
26 21 30
26 22 18
26 23 31
26 24 10
26 25 35
27 0 32
27 1 2
27 2 31
27 3 19
27 4 6
27 5 15
27 6 5
27 7 13
27 8 32
27 9 20
27 10 35
27 11 14
27 12 34
27 13 31
27 14 18
27 15 15
27 16 14
27 17 5
27 18 28
27 19 32
27 20 26
27 21 15
27 22 12
27 23 8
27 24 32
27 25 23
27 26 28
28 0 33
28 1 21
28 2 6
28 3 3
28 4 32
28 5 1
28 6 7
28 7 22
28 8 31
28 9 27
28 10 4
28 11 11
28 12 28
28 13 17
28 14 31
28 15 8
28 16 8
28 17 32
28 18 2
28 19 3
28 20 12
28 21 5
28 22 6
28 23 23
28 24 24
28 25 28
28 26 15
28 27 27
29 0 16
29 1 13
29 2 7
29 3 26
29 4 4
29 5 18
29 6 12
29 7 15
29 8 16
29 9 8
29 10 23
29 11 23
29 12 15
29 13 30
29 14 6
29 15 23
29 16 27
29 17 6
29 18 15
29 19 33
29 20 15
29 21 18
29 22 21
29 23 4
29 24 3
29 25 23
29 26 31
29 27 25
29 28 3
30 0 4
30 1 10
30 2 16
30 3 5
30 4 6
30 5 5
30 6 13
30 7 8
30 8 9
30 9 24
30 10 30
30 11 4
30 12 3
30 13 22
30 14 7
30 15 22
30 16 20
30 17 22
30 18 32
30 19 23
30 20 34
30 21 30
30 22 27
30 23 8
30 24 10
30 25 10
30 26 19
30 27 14
30 28 31
30 29 17
31 0 2
31 1 30
31 2 10
31 3 21
31 4 25
31 5 7
31 6 35
31 7 14
31 8 16
31 9 13
31 10 16
31 11 3
31 12 15
31 13 32
31 14 1
31 15 12
31 16 14
31 17 33
31 18 19
31 19 11
31 20 23
31 21 27
31 22 13
31 23 17
31 24 35
31 25 30
31 26 14
31 27 25
31 28 9
31 29 13
31 30 29
32 0 12
32 1 8
32 2 22
32 3 18
32 4 32
32 5 1
32 6 7
32 7 2
32 8 27
32 9 4
32 10 10
32 11 8
32 12 17
32 13 25
32 14 30
32 15 17
32 16 20
32 17 17
32 18 15
32 19 1
32 20 7
32 21 5
32 22 30
32 23 9
32 24 28
32 25 26
32 26 2
32 27 18
32 28 29
32 29 7
32 30 30
32 31 14
33 0 24
33 1 11
33 2 11
33 3 22
33 4 12
33 5 6
33 6 31
33 7 35
33 8 19
33 9 23
33 10 2
33 11 14
33 12 17
33 13 26
33 14 19
33 15 32
33 16 5
33 17 22
33 18 11
33 19 33
33 20 2
33 21 13
33 22 18
33 23 2
33 24 35
33 25 31
33 26 20
33 27 2
33 28 17
33 29 11
33 30 4
33 31 17
33 32 5
34 0 31
34 1 27
34 2 4
34 3 33
34 4 8
34 5 25
34 6 2
34 7 34
34 8 28
34 9 17
34 10 14
34 11 29
34 12 7
34 13 23
34 14 27
34 15 17
34 16 3
34 17 17
34 18 27
34 19 34
34 20 8
34 21 33
34 22 27
34 23 16
34 24 4
34 25 23
34 26 35
34 27 35
34 28 24
34 29 5
34 30 5
34 31 2
34 32 4
34 33 11
35 0 2
35 1 14
35 2 22
35 3 14
35 4 33
35 5 27
35 6 17
35 7 23
35 8 11
35 9 34
35 10 8
35 11 20
35 12 18
35 13 6
35 14 9
35 15 34
35 16 28
35 17 28
35 18 16
35 19 10
35 20 33
35 21 13
35 22 35
35 23 24
35 24 3
35 25 19
35 26 15
35 27 16
35 28 13
35 29 12
35 30 30
35 31 5
35 32 10
35 33 16
35 34 3
36 0 15
36 1 1
36 2 23
36 3 4
36 4 21
36 5 35
36 6 21
36 7 25
36 8 24
36 9 29
36 10 14
36 11 21
36 12 22
36 13 33
36 14 28
36 15 22
36 16 8
36 17 23
36 18 7
36 19 32
36 20 21
36 21 26
36 22 31
36 23 30
36 24 14
36 25 12
36 26 25
36 27 18
36 28 1
36 29 15
36 30 16
36 31 29
36 32 22
36 33 7
36 34 1
36 35 14
37 0 23
37 1 1
37 2 2
37 3 4
37 4 9
37 5 14
37 6 22
37 7 27
37 8 16
37 9 32
37 10 3
37 11 9
37 12 19
37 13 25
37 14 10
37 15 8
37 16 19
37 17 6
37 18 26
37 19 14
37 20 30
37 21 14
37 22 13
37 23 7
37 24 24
37 25 27
37 26 32
37 27 16
37 28 20
37 29 4
37 30 8
37 31 20
37 32 2
37 33 25
37 34 3
37 35 23
37 36 22
38 0 4
38 1 34
38 2 21
38 3 12
38 4 7
38 5 6
38 6 26
38 7 23
38 8 19
38 9 9
38 10 9
38 11 11
38 12 14
38 13 14
38 14 25
38 15 22
38 16 35
38 17 19
38 18 26
38 19 17
38 20 16
38 21 1
38 22 33
38 23 11
38 24 1
38 25 12
38 26 9
38 27 18
38 28 9
38 29 7
38 30 6
38 31 34
38 32 2
38 33 30
38 34 4
38 35 16
38 36 3
38 37 20
39 0 19
39 1 1
39 2 9
39 3 24
39 4 8
39 5 29
39 6 7
39 7 9
39 8 23
39 9 3
39 10 27
39 11 34
39 12 22
39 13 29
39 14 17
39 15 8
39 16 31
39 17 26
39 18 31
39 19 19
39 20 20
39 21 23
39 22 22
39 23 8
39 24 11
39 25 25
39 26 17
39 27 15
39 28 23
39 29 28
39 30 25
39 31 9
39 32 1
39 33 30
39 34 25
39 35 17
39 36 16
39 37 31
39 38 11
40 0 9
40 1 15
40 2 23
40 3 24
40 4 14
40 5 8
40 6 24
40 7 23
40 8 23
40 9 12
40 10 8
40 11 15
40 12 25
40 13 8
40 14 24
40 15 24
40 16 33
40 17 17
40 18 5
40 19 33
40 20 9
40 21 27
40 22 26
40 23 4
40 24 6
40 25 25
40 26 20
40 27 17
40 28 23
40 29 7
40 30 15
40 31 8
40 32 19
40 33 14
40 34 10
40 35 30
40 36 8
40 37 22
40 38 9
40 39 24
41 0 26
41 1 31
41 2 2
41 3 6
41 4 33
41 5 14
41 6 28
41 7 6
41 8 16
41 9 32
41 10 29
41 11 10
41 12 23
41 13 12
41 14 24
41 15 8
41 16 31
41 17 3
41 18 9
41 19 34
41 20 19
41 21 30
41 22 10
41 23 16
41 24 32
41 25 13
41 26 3
41 27 28
41 28 33
41 29 27
41 30 13
41 31 7
41 32 25
41 33 26
41 34 2
41 35 12
41 36 3
41 37 32
41 38 26
41 39 29
41 40 31
42 0 22
42 1 9
42 2 20
42 3 13
42 4 23
42 5 11
42 6 31
42 7 32
42 8 26
42 9 10
42 10 14
42 11 20
42 12 32
42 13 18
42 14 14
42 15 13
42 16 15
42 17 29
42 18 9
42 19 23
42 20 15
42 21 4
42 22 30
42 23 5
42 24 23
42 25 2
42 26 4
42 27 9
42 28 6
42 29 13
42 30 9
42 31 27
42 32 21
42 33 12
42 34 10
42 35 2
42 36 9
42 37 14
42 38 33
42 39 18
42 40 16
42 41 29
43 0 27
43 1 26
43 2 35
43 3 4
43 4 15
43 5 23
43 6 3
43 7 15
43 8 14
43 9 23
43 10 10
43 11 10
43 12 7
43 13 18
43 14 5
43 15 15
43 16 17
43 17 14
43 18 9
43 19 5
43 20 4
43 21 23
43 22 23
43 23 32
43 24 10
43 25 29
43 26 7
43 27 7
43 28 8
43 29 35
43 30 4
43 31 15
43 32 2
43 33 2
43 34 31
43 35 16
43 36 35
43 37 27
43 38 9
43 39 17
43 40 26
43 41 35
43 42 34
44 0 34
44 1 29
44 2 22
44 3 10
44 4 24
44 5 10
44 6 27
44 7 31
44 8 25
44 9 4
44 10 23
44 11 18
44 12 10
44 13 28
44 14 25
44 15 32
44 16 35
44 17 22
44 18 12
44 19 28
44 20 14
44 21 4
44 22 6
44 23 18
44 24 29
44 25 19
44 26 18
44 27 11
44 28 32
44 29 9
44 30 32
44 31 35
44 32 35
44 33 14
44 34 10
44 35 31
44 36 33
44 37 14
44 38 20
44 39 20
44 40 15
44 41 32
44 42 32
44 43 33
45 0 26
45 1 17
45 2 12
45 3 12
45 4 23
45 5 3
45 6 27
45 7 30
45 8 17
45 9 25
45 10 30
45 11 4
45 12 33
45 13 20
45 14 2
45 15 4
45 16 11
45 17 13
45 18 16
45 19 34
45 20 23
45 21 22
45 22 25
45 23 19
45 24 15
45 25 19
45 26 11
45 27 16
45 28 27
45 29 14
45 30 7
45 31 22
45 32 6
45 33 18
45 34 10
45 35 31
45 36 4
45 37 21
45 38 6
45 39 30
45 40 12
45 41 21
45 42 22
45 43 5
45 44 20
46 0 25
46 1 13
46 2 35
46 3 24
46 4 32
46 5 32
46 6 14
46 7 35
46 8 13
46 9 6
46 10 21
46 11 3
46 12 18
46 13 17
46 14 18
46 15 3
46 16 16
46 17 13
46 18 13
46 19 16
46 20 18
46 21 27
46 22 18
46 23 35
46 24 12
46 25 27
46 26 22
46 27 4
46 28 20
46 29 3
46 30 11
46 31 33
46 32 24
46 33 31
46 34 30
46 35 26
46 36 11
46 37 18
46 38 31
46 39 18
46 40 21
46 41 14
46 42 6
46 43 3
46 44 2
46 45 2
47 0 20
47 1 32
47 2 7
47 3 34
47 4 32
47 5 5
47 6 22
47 7 2
47 8 25
47 9 1
47 10 22
47 11 18
47 12 13
47 13 30
47 14 15
47 15 23
47 16 26
47 17 11
47 18 17
47 19 30
47 20 6
47 21 22
47 22 18
47 23 27
47 24 4
47 25 21
47 26 17
47 27 9
47 28 7
47 29 12
47 30 2
47 31 35
47 32 6
47 33 24
47 34 31
47 35 26
47 36 8
47 37 29
47 38 21
47 39 2
47 40 21
47 41 24
47 42 34
47 43 24
47 44 20
47 45 6
47 46 1
48 0 34
48 1 27
48 2 21
48 3 5
48 4 4
48 5 1
48 6 15
48 7 2
48 8 3
48 9 32
48 10 6
48 11 12
48 12 3
48 13 20
48 14 2
48 15 14
48 16 28
48 17 30
48 18 3
48 19 34
48 20 5
48 21 9
48 22 31
48 23 27
48 24 30
48 25 33
48 26 23
48 27 2
48 28 17
48 29 5
48 30 26
48 31 13
48 32 17
48 33 9
48 34 27
48 35 2
48 36 14
48 37 4
48 38 19
48 39 1
48 40 12
48 41 5
48 42 3
48 43 29
48 44 17
48 45 34
48 46 6
48 47 4
49 0 35
49 1 33
49 2 26
49 3 8
49 4 30
49 5 8
49 6 26
49 7 2
49 8 7
49 9 2
49 10 14
49 11 32
49 12 14
49 13 14
49 14 26
49 15 18
49 16 35
49 17 14
49 18 14
49 19 29
49 20 35
49 21 30
49 22 14
49 23 7
49 24 13
49 25 34
49 26 25
49 27 27
49 28 20
49 29 1
49 30 1
49 31 14
49 32 26
49 33 27
49 34 23
49 35 21
49 36 13
49 37 16
49 38 23
49 39 3
49 40 5
49 41 2
49 42 20
49 43 27
49 44 32
49 45 3
49 46 19
49 47 27
49 48 5
50 0 30
50 1 12
50 2 13
50 3 8
50 4 11
50 5 33
50 6 2
50 7 16
50 8 23
50 9 18
50 10 12
50 11 27
50 12 14
50 13 31
50 14 21
50 15 10
50 16 21
50 17 29
50 18 14
50 19 18
50 20 19
50 21 4
50 22 3
50 23 13
50 24 26
50 25 28
50 26 7
50 27 33
50 28 15
50 29 3
50 30 20
50 31 33
50 32 26
50 33 1
50 34 30
50 35 1
50 36 11
50 37 2
50 38 23
50 39 33
50 40 27
50 41 19
50 42 35
50 43 3
50 44 22
50 45 10
50 46 10
50 47 19
50 48 24
50 49 21
51 0 11
51 1 32
51 2 10
51 3 12
51 4 3
51 5 35
51 6 22
51 7 34
51 8 4
51 9 11
51 10 4
51 11 17
51 12 21
51 13 11
51 14 25
51 15 9
51 16 31
51 17 13
51 18 14
51 19 8
51 20 33
51 21 24
51 22 3
51 23 33
51 24 23
51 25 31
51 26 13
51 27 28
51 28 9
51 29 23
51 30 11
51 31 17
51 32 10
51 33 20
51 34 27
51 35 33
51 36 29
51 37 29
51 38 2
51 39 30
51 40 29
51 41 16
51 42 15
51 43 22
51 44 27
51 45 25
51 46 33
51 47 17
51 48 14
51 49 33
51 50 33
52 0 2
52 1 17
52 2 25
52 3 25
52 4 18
52 5 17
52 6 9
52 7 9
52 8 15
52 9 21
52 10 14
52 11 29
52 12 13
52 13 27
52 14 16
52 15 13
52 16 11
52 17 30
52 18 4
52 19 6
52 20 23
52 21 1
52 22 28
52 23 7
52 24 19
52 25 13
52 26 16
52 27 6
52 28 18
52 29 27
52 30 20
52 31 5
52 32 23
52 33 26
52 34 20
52 35 2
52 36 9
52 37 8
52 38 21
52 39 1
52 40 7
52 41 24
52 42 31
52 43 22
52 44 10
52 45 21
52 46 33
52 47 31
52 48 10
52 49 17
52 50 31
52 51 32
