47
1 0 50
2 0 30
2 1 29
3 0 23
3 1 12
3 2 18
4 0 3
4 1 47
4 2 48
4 3 46
5 0 48
5 1 10
5 2 23
5 3 26
5 4 48
6 0 50
6 1 41
6 2 2
6 3 17
6 4 16
6 5 39
7 0 5
7 1 31
7 2 36
7 3 38
7 4 24
7 5 50
7 6 31
8 0 11
8 1 47
8 2 13
8 3 27
8 4 28
8 5 51
8 6 7
8 7 18
9 0 19
9 1 23
9 2 12
9 3 45
9 4 47
9 5 12
9 6 24
9 7 21
9 8 7
10 0 22
10 1 23
10 2 1
10 3 3
10 4 22
10 5 49
10 6 47
10 7 12
10 8 8
10 9 43
11 0 40
11 1 3
11 2 17
11 3 40
11 4 9
11 5 44
11 6 49
11 7 44
11 8 24
11 9 44
11 10 25
12 0 38
12 1 40
12 2 42
12 3 23
12 4 47
12 5 38
12 6 49
12 7 23
12 8 32
12 9 13
12 10 47
12 11 43
13 0 45
13 1 36
13 2 22
13 3 22
13 4 7
13 5 45
13 6 51
13 7 3
13 8 21
13 9 45
13 10 2
13 11 47
13 12 41
14 0 40
14 1 50
14 2 48
14 3 36
14 4 25
14 5 26
14 6 35
14 7 20
14 8 27
14 9 35
14 10 15
14 11 33
14 12 22
14 13 43
15 0 42
15 1 18
15 2 42
15 3 30
15 4 45
15 5 31
15 6 39
15 7 45
15 8 6
15 9 34
15 10 36
15 11 23
15 12 21
15 13 34
15 14 48
16 0 43
16 1 24
16 2 44
16 3 46
16 4 45
16 5 24
16 6 14
16 7 12
16 8 12
16 9 34
16 10 21
16 11 34
16 12 31
16 13 14
16 14 36
16 15 9
17 0 28
17 1 6
17 2 5
17 3 38
17 4 44
17 5 29
17 6 26
17 7 6
17 8 21
17 9 4
17 10 5
17 11 43
17 12 21
17 13 11
17 14 2
17 15 43
17 16 36
18 0 42
18 1 39
18 2 12
18 3 35
18 4 2
18 5 1
18 6 10
18 7 40
18 8 6
18 9 11
18 10 45
18 11 29
18 12 11
18 13 48
18 14 43
18 15 48
18 16 40
18 17 34
19 0 32
19 1 14
19 2 2
19 3 36
19 4 5
19 5 48
19 6 36
19 7 22
19 8 51
19 9 47
19 10 11
19 11 51
19 12 36
19 13 29
19 14 34
19 15 49
19 16 2
19 17 10
19 18 25
20 0 49
20 1 44
20 2 32
20 3 35
20 4 7
20 5 34
20 6 30
20 7 41
20 8 31
20 9 9
20 10 31
20 11 17
20 12 44
20 13 10
20 14 43
20 15 44
20 16 21
20 17 38
20 18 48
20 19 24
21 0 1
21 1 18
21 2 1
21 3 5
21 4 39
21 5 11
21 6 3
21 7 42
21 8 19
21 9 19
21 10 34
21 11 9
21 12 34
21 13 8
21 14 39
21 15 11
21 16 8
21 17 35
21 18 31
21 19 44
21 20 5
22 0 5
22 1 28
22 2 26
22 3 22
22 4 33
22 5 47
22 6 15
22 7 33
22 8 5
22 9 19
22 10 8
22 11 9
22 12 43
22 13 23
22 14 44
22 15 4
22 16 45
22 17 5
22 18 29
22 19 11
22 20 21
22 21 26
23 0 17
23 1 44
23 2 29
23 3 25
23 4 4
23 5 37
23 6 2
23 7 12
23 8 30
23 9 35
23 10 51
23 11 5
23 12 34
23 13 38
23 14 49
23 15 1
23 16 29
23 17 5
23 18 24
23 19 19
23 20 12
23 21 8
23 22 26
24 0 29
24 1 1
24 2 1
24 3 14
24 4 39
24 5 45
24 6 37
24 7 35
24 8 9
24 9 15
24 10 17
24 11 29
24 12 12
24 13 20
24 14 27
24 15 25
24 16 24
24 17 45
24 18 21
24 19 51
24 20 29
24 21 49
24 22 30
24 23 5
25 0 23
25 1 10
25 2 42
25 3 40
25 4 2
25 5 6
25 6 41
25 7 36
25 8 2
25 9 48
25 10 36
25 11 20
25 12 5
25 13 36
25 14 48
25 15 23
25 16 45
25 17 40
25 18 30
25 19 39
25 20 14
25 21 18
25 22 13
25 23 43
25 24 29
26 0 33
26 1 39
26 2 12
26 3 5
26 4 37
26 5 50
26 6 18
26 7 12
26 8 10
26 9 2
26 10 36
26 11 14
26 12 17
26 13 16
26 14 23
26 15 33
26 16 4
26 17 11
26 18 42
26 19 41
26 20 15
26 21 26
26 22 42
26 23 19
26 24 11
26 25 41
27 0 16
27 1 27
27 2 26
27 3 20
27 4 5
27 5 39
27 6 50
27 7 26
27 8 7
27 9 23
27 10 34
27 11 46
27 12 28
27 13 43
27 14 23
27 15 50
27 16 6
27 17 24
27 18 49
27 19 8
27 20 32
27 21 1
27 22 14
27 23 11
27 24 9
27 25 5
27 26 22
28 0 24
28 1 12
28 2 39
28 3 49
28 4 22
28 5 3
28 6 18
28 7 50
28 8 50
28 9 43
28 10 5
28 11 29
28 12 24
28 13 37
28 14 37
28 15 12
28 16 6
28 17 23
28 18 49
28 19 46
28 20 29
28 21 12
28 22 21
28 23 43
28 24 36
28 25 16
28 26 26
28 27 6
29 0 43
29 1 12
29 2 24
29 3 38
29 4 2
29 5 29
29 6 15
29 7 33
29 8 5
29 9 48
29 10 18
29 11 44
29 12 25
29 13 26
29 14 7
29 15 45
29 16 15
29 17 47
29 18 12
29 19 41
29 20 49
29 21 48
29 22 15
29 23 47
29 24 16
29 25 51
29 26 48
29 27 42
29 28 6
30 0 5
30 1 47
30 2 2
30 3 24
30 4 14
30 5 24
30 6 48
30 7 18
30 8 25
30 9 2
30 10 21
30 11 18
30 12 12
30 13 4
30 14 21
30 15 23
30 16 31
30 17 44
30 18 25
30 19 12
30 20 36
30 21 11
30 22 1
30 23 5
30 24 17
30 25 16
30 26 25
30 27 50
30 28 15
30 29 41
31 0 6
31 1 4
31 2 13
31 3 14
31 4 40
31 5 23
31 6 21
31 7 22
31 8 10
31 9 14
31 10 40
31 11 43
31 12 11
31 13 20
31 14 38
31 15 45
31 16 15
31 17 18
31 18 2
31 19 15
31 20 16
31 21 49
31 22 29
31 23 30
31 24 5
31 25 15
31 26 32
31 27 4
31 28 31
31 29 23
31 30 14
32 0 20
32 1 26
32 2 28
32 3 6
32 4 30
32 5 31
32 6 47
32 7 40
32 8 19
32 9 15
32 10 9
32 11 27
32 12 48
32 13 6
32 14 49
32 15 13
32 16 36
32 17 1
32 18 19
32 19 20
32 20 21
32 21 1
32 22 14
32 23 34
32 24 42
32 25 1
32 26 10
32 27 43
32 28 1
32 29 22
32 30 24
32 31 30
33 0 31
33 1 36
33 2 32
33 3 18
33 4 38
33 5 28
33 6 30
33 7 45
33 8 32
33 9 1
33 10 37
33 11 25
33 12 44
33 13 25
33 14 1
33 15 34
33 16 40
33 17 4
33 18 11
33 19 11
33 20 45
33 21 5
33 22 51
33 23 8
33 24 34
33 25 45
33 26 10
33 27 14
33 28 34
33 29 36
33 30 22
33 31 37
33 32 26
34 0 29
34 1 14
34 2 11
34 3 7
34 4 37
34 5 27
34 6 43
34 7 41
34 8 19
34 9 33
34 10 16
34 11 6
34 12 22
34 13 30
34 14 17
34 15 26
34 16 12
34 17 40
34 18 14
34 19 42
34 20 18
34 21 32
34 22 23
34 23 48
34 24 10
34 25 5
34 26 39
34 27 25
34 28 44
34 29 9
34 30 12
34 31 11
34 32 21
34 33 5
35 0 41
35 1 28
35 2 31
35 3 46
35 4 35
35 5 19
35 6 46
35 7 27
35 8 43
35 9 3
35 10 47
35 11 26
35 12 17
35 13 7
35 14 47
35 15 3
35 16 43
35 17 32
35 18 1
35 19 10
35 20 26
35 21 15
35 22 6
35 23 48
35 24 51
35 25 33
35 26 26
35 27 37
35 28 2
35 29 31
35 30 14
35 31 7
35 32 20
35 33 47
35 34 18
36 0 42
36 1 33
36 2 31
36 3 48
36 4 31
36 5 21
36 6 30
36 7 7
36 8 10
36 9 40
36 10 34
36 11 19
36 12 45
36 13 1
36 14 36
36 15 10
36 16 4
36 17 9
36 18 1
36 19 36
36 20 40
36 21 39
36 22 39
36 23 29
36 24 7
36 25 39
36 26 11
36 27 11
36 28 33
36 29 36
36 30 3
36 31 50
36 32 4
36 33 23
36 34 15
36 35 45
37 0 24
37 1 6
37 2 1
37 3 42
37 4 26
37 5 4
37 6 26
37 7 2
37 8 32
37 9 48
37 10 13
37 11 49
37 12 35
37 13 17
37 14 42
37 15 15
37 16 27
37 17 12
37 18 38
37 19 28
37 20 11
37 21 46
37 22 42
37 23 31
37 24 47
37 25 8
37 26 28
37 27 38
37 28 45
37 29 27
37 30 24
37 31 27
37 32 50
37 33 3
37 34 40
37 35 22
37 36 23
38 0 9
38 1 17
38 2 40
38 3 6
38 4 9
38 5 7
38 6 41
38 7 14
38 8 15
38 9 30
38 10 36
38 11 33
38 12 17
38 13 26
38 14 49
38 15 18
38 16 11
38 17 21
38 18 18
38 19 50
38 20 10
38 21 21
38 22 21
38 23 41
38 24 18
38 25 17
38 26 17
38 27 47
38 28 35
38 29 13
38 30 25
38 31 48
38 32 46
38 33 45
38 34 7
38 35 17
38 36 43
38 37 26
39 0 40
39 1 41
39 2 3
39 3 10
39 4 28
39 5 48
39 6 43
39 7 43
39 8 24
39 9 11
39 10 46
39 11 44
39 12 13
39 13 22
39 14 27
39 15 48
39 16 24
39 17 17
39 18 40
39 19 44
39 20 31
39 21 43
39 22 2
39 23 26
39 24 45
39 25 33
39 26 11
39 27 33
39 28 37
39 29 11
39 30 2
39 31 37
39 32 48
39 33 32
39 34 29
39 35 13
39 36 26
39 37 20
39 38 44
40 0 3
40 1 9
40 2 35
40 3 50
40 4 41
40 5 13
40 6 11
40 7 22
40 8 26
40 9 25
40 10 45
40 11 9
40 12 39
40 13 49
40 14 42
40 15 4
40 16 7
40 17 5
40 18 40
40 19 26
40 20 37
40 21 18
40 22 21
40 23 3
40 24 6
40 25 21
40 26 15
40 27 1
40 28 47
40 29 31
40 30 47
40 31 51
40 32 47
40 33 2
40 34 24
40 35 28
40 36 13
40 37 34
40 38 22
40 39 51
41 0 14
41 1 18
41 2 18
41 3 42
41 4 6
41 5 23
41 6 16
41 7 44
41 8 50
41 9 26
41 10 41
41 11 44
41 12 32
41 13 24
41 14 4
41 15 34
41 16 33
41 17 46
41 18 17
41 19 5
41 20 36
41 21 26
41 22 7
41 23 33
41 24 18
41 25 49
41 26 51
41 27 50
41 28 30
41 29 29
41 30 2
41 31 27
41 32 2
41 33 29
41 34 5
41 35 9
41 36 12
41 37 45
41 38 41
41 39 48
41 40 49
42 0 36
42 1 14
42 2 16
42 3 49
42 4 16
42 5 38
42 6 20
42 7 44
42 8 41
42 9 5
42 10 16
42 11 7
42 12 40
42 13 7
42 14 15
42 15 9
42 16 12
42 17 6
42 18 17
42 19 9
42 20 50
42 21 36
42 22 32
42 23 49
42 24 26
42 25 32
42 26 7
42 27 20
42 28 7
42 29 36
42 30 30
42 31 40
42 32 36
42 33 30
42 34 10
42 35 15
42 36 13
42 37 46
42 38 42
42 39 27
42 40 28
42 41 22
43 0 13
43 1 35
43 2 9
43 3 17
43 4 41
43 5 51
43 6 36
43 7 51
43 8 26
43 9 10
43 10 9
43 11 28
43 12 33
43 13 21
43 14 38
43 15 18
43 16 15
43 17 34
43 18 23
43 19 2
43 20 3
43 21 44
43 22 15
43 23 41
43 24 19
43 25 48
43 26 5
43 27 51
43 28 45
43 29 27
43 30 47
43 31 27
43 32 45
43 33 25
43 34 49
43 35 6
43 36 35
43 37 46
43 38 9
43 39 39
43 40 33
43 41 25
43 42 2
44 0 50
44 1 45
44 2 36
44 3 16
44 4 23
44 5 12
44 6 34
44 7 34
44 8 18
44 9 47
44 10 48
44 11 14
44 12 17
44 13 27
44 14 33
44 15 15
44 16 3
44 17 4
44 18 28
44 19 13
44 20 35
44 21 39
44 22 5
44 23 6
44 24 40
44 25 20
44 26 13
44 27 27
44 28 19
44 29 16
44 30 12
44 31 10
44 32 20
44 33 46
44 34 44
44 35 49
44 36 29
44 37 46
44 38 17
44 39 24
44 40 18
44 41 15
44 42 48
44 43 39
45 0 45
45 1 23
45 2 25
45 3 13
45 4 30
45 5 43
45 6 48
45 7 40
45 8 7
45 9 22
45 10 13
45 11 34
45 12 10
45 13 28
45 14 26
45 15 7
45 16 19
45 17 43
45 18 41
45 19 22
45 20 51
45 21 41
45 22 23
45 23 24
45 24 32
45 25 38
45 26 38
45 27 41
45 28 40
45 29 10
45 30 40
45 31 24
45 32 4
45 33 17
45 34 30
45 35 36
45 36 11
45 37 38
45 38 21
45 39 46
45 40 38
45 41 31
45 42 41
45 43 49
45 44 34
46 0 15
46 1 50
46 2 5
46 3 35
46 4 29
46 5 26
46 6 47
46 7 33
46 8 24
46 9 18
46 10 46
46 11 34
46 12 3
46 13 43
46 14 2
46 15 9
46 16 37
46 17 6
46 18 47
46 19 14
46 20 1
46 21 45
46 22 43
46 23 31
46 24 42
46 25 46
46 26 22
46 27 43
46 28 27
46 29 14
46 30 50
46 31 32
46 32 28
46 33 31
46 34 28
46 35 20
46 36 10
46 37 20
46 38 25
46 39 25
46 40 46
46 41 24
46 42 47
46 43 26
46 44 15
46 45 14
