33
2 1 5
3 0 13
3 1 8
3 2 6
4 1 14
5 0 5
5 1 8
5 2 10
6 1 1
6 2 8
6 5 11
7 0 2
7 1 5
7 2 4
7 3 10
8 0 12
8 1 6
8 2 7
8 3 1
8 4 6
8 5 11
8 6 9
9 1 14
9 4 6
9 6 10
10 0 5
10 2 2
10 8 5
11 0 8
11 1 2
11 3 5
11 4 8
11 5 11
11 6 4
11 7 10
11 8 12
12 0 6
12 1 12
12 2 12
12 6 7
12 8 11
13 2 1
13 4 3
13 5 13
13 6 1
13 7 6
13 8 7
13 11 7
14 0 3
14 1 4
14 2 8
14 7 9
14 9 14
14 12 7
14 13 4
15 1 4
15 5 9
15 9 7
15 10 1
15 12 14
16 0 9
16 1 10
16 3 9
16 7 14
16 8 4
16 10 11
16 11 1
16 12 3
16 13 8
16 14 11
16 15 5
17 0 1
17 1 13
17 2 2
17 3 3
17 5 9
17 8 11
17 10 1
17 11 12
17 13 1
17 14 9
18 0 14
18 1 2
18 3 3
18 4 2
18 5 10
18 6 14
18 8 3
18 9 5
18 14 14
18 15 8
18 16 2
19 1 11
19 3 11
19 6 4
19 7 12
19 8 1
19 9 10
19 10 3
19 14 7
19 15 11
19 17 7
19 18 13
20 1 4
20 5 14
20 6 4
20 7 7
20 8 9
20 10 13
20 14 9
20 15 11
20 17 6
20 18 8
21 1 3
21 2 3
21 3 2
21 5 9
21 11 1
21 14 10
21 17 1
21 18 7
22 2 7
22 3 12
22 4 13
22 5 6
22 6 13
22 7 1
22 11 1
22 12 4
22 15 8
22 18 7
22 19 13
22 20 8
22 21 13
23 1 1
23 2 6
23 3 7
23 4 4
23 5 8
23 6 1
23 7 11
23 8 10
23 9 13
23 14 11
23 15 5
23 16 14
23 18 4
23 19 2
23 21 12
24 0 2
24 1 5
24 3 9
24 4 9
24 7 7
24 9 7
24 11 9
24 12 10
24 13 6
24 14 12
24 15 14
24 16 6
24 18 14
24 20 9
24 21 13
24 22 1
24 23 11
25 2 7
25 4 8
25 6 5
25 12 9
25 16 2
25 18 7
25 20 10
25 22 4
26 0 8
26 1 8
26 2 4
26 3 14
26 5 10
26 6 1
26 9 14
26 11 2
26 12 11
26 15 4
26 16 6
26 21 9
26 25 3
27 2 4
27 3 14
27 7 14
27 9 1
27 10 7
27 11 8
27 12 7
27 15 13
27 16 14
27 18 1
27 19 14
27 22 12
27 23 2
27 24 2
28 1 9
28 2 9
28 5 7
28 6 12
28 8 13
28 9 5
28 10 7
28 14 13
28 16 7
28 17 13
28 19 4
28 23 9
28 25 13
28 27 1
29 0 5
29 5 5
29 6 9
29 7 4
29 8 4
29 12 11
29 14 12
29 16 6
29 18 6
29 19 4
29 20 7
29 22 2
29 23 14
29 25 12
30 0 5
30 2 5
30 3 10
30 5 8
30 10 13
30 11 13
30 20 14
30 22 14
30 23 5
30 25 2
30 28 13
30 29 14
31 0 13
31 1 12
31 2 3
31 4 4
31 6 13
31 8 3
31 10 9
31 11 12
31 14 5
31 21 2
31 23 12
31 26 12
31 29 13
32 0 13
32 3 12
32 4 7
32 5 4
32 9 8
32 11 3
32 12 13
32 13 8
32 14 2
32 18 6
32 19 13
32 23 4
32 26 14
32 28 10
32 30 2
32 31 14
