57
3 0 21
3 1 16
3 2 53
4 2 8
5 1 41
5 3 17
6 0 21
6 1 59
6 4 27
6 5 54
7 2 29
7 3 45
7 6 57
8 5 28
9 1 20
9 3 11
9 5 2
9 6 11
10 0 20
10 1 30
10 2 36
11 0 54
11 1 59
11 3 18
11 5 17
11 6 49
11 8 33
11 9 49
12 0 53
12 4 57
12 5 29
12 6 18
12 7 28
12 10 23
12 11 33
13 0 56
13 2 47
13 5 31
13 6 17
13 7 56
13 10 25
13 12 1
14 0 23
14 5 6
14 6 55
14 9 20
15 1 23
15 3 52
15 4 22
15 5 52
15 6 40
15 8 11
15 9 22
15 10 23
15 11 38
15 12 5
16 0 40
16 3 50
16 4 49
16 5 27
16 9 17
16 11 54
16 14 58
17 0 47
17 2 35
17 4 9
17 6 39
17 7 54
17 9 36
17 11 57
17 12 24
17 13 19
17 14 47
17 15 3
18 0 19
18 2 24
18 3 48
18 4 15
18 5 14
18 6 55
18 9 53
18 12 35
18 15 22
18 16 4
19 3 31
19 4 45
19 6 7
19 8 41
19 9 58
19 10 28
19 11 1
19 12 34
19 13 45
19 16 59
20 0 56
20 1 59
20 2 9
20 6 25
20 8 10
20 10 26
20 11 21
20 13 58
20 15 42
20 16 6
20 17 10
20 18 55
20 19 19
21 0 44
21 1 42
21 4 55
21 7 31
21 9 49
21 11 33
21 14 56
21 15 38
21 17 10
22 1 45
22 3 43
22 5 59
22 7 35
22 9 47
22 12 43
22 13 3
22 14 26
22 17 58
22 18 27
22 20 27
23 2 26
23 4 34
23 6 49
23 7 53
23 8 24
23 12 19
23 13 15
23 14 27
23 15 37
23 17 52
23 21 8
24 1 41
24 3 8
24 4 9
24 6 26
24 7 16
24 8 9
24 9 1
24 11 59
24 12 50
24 13 51
24 16 44
24 20 8
24 22 36
25 2 50
25 3 5
25 4 5
25 5 14
25 6 50
25 7 30
25 8 35
25 9 59
25 10 1
25 11 1
25 12 1
25 17 5
25 20 8
25 21 15
25 22 16
26 0 52
26 2 58
26 4 13
26 8 18
26 10 49
26 11 38
26 12 59
26 13 50
26 14 13
26 16 15
26 19 13
26 22 36
27 3 15
27 5 18
27 6 22
27 7 17
27 9 17
27 10 30
27 12 6
27 13 2
27 14 4
27 15 23
27 19 46
27 20 19
27 22 29
27 24 8
28 0 8
28 7 40
28 10 5
28 11 32
28 12 45
28 15 48
28 16 33
28 17 10
28 18 28
28 19 41
28 22 18
28 23 5
28 24 17
28 25 16
28 26 58
28 27 45
29 0 45
29 1 19
29 2 23
29 3 41
29 4 36
29 7 58
29 8 28
29 9 14
29 10 40
29 13 21
29 20 12
29 21 52
29 23 48
29 24 22
29 26 40
30 0 19
30 1 23
30 2 13
30 3 20
30 5 32
30 11 27
30 12 50
30 13 54
30 15 49
30 16 14
30 17 50
30 18 13
30 25 38
30 27 43
30 28 45
31 0 55
31 4 36
31 5 25
31 7 51
31 8 36
31 9 58
31 12 47
31 13 24
31 17 17
31 19 10
31 23 22
31 24 36
31 27 23
32 0 35
32 1 49
32 2 44
32 3 53
32 4 28
32 9 13
32 11 18
32 12 30
32 13 10
32 15 32
32 16 45
32 17 38
32 20 58
32 21 4
32 24 38
32 25 32
32 28 11
32 31 57
33 1 30
33 2 3
33 3 57
33 7 4
33 8 47
33 11 21
33 12 33
33 14 5
33 15 9
33 16 27
33 20 42
33 21 51
33 22 41
33 24 28
33 26 15
33 27 20
33 31 16
34 0 30
34 1 45
34 2 2
34 3 51
34 4 52
34 5 39
34 6 48
34 7 54
34 8 54
34 10 38
34 11 1
34 12 36
34 13 54
34 14 52
34 15 12
34 16 24
34 18 52
34 19 27
34 21 37
34 22 45
34 23 16
34 24 29
34 25 8
34 26 39
34 27 59
34 28 3
34 33 5
35 0 2
35 1 37
35 3 37
35 5 44
35 8 24
35 9 7
35 16 10
35 17 7
35 19 53
35 20 50
35 21 22
35 25 35
35 27 1
35 30 28
35 32 45
36 1 10
36 8 46
36 9 50
36 10 17
36 11 2
36 12 2
36 13 43
36 15 1
36 17 32
36 18 44
36 21 7
36 22 6
36 24 13
36 25 21
36 26 49
36 28 4
36 30 11
36 31 16
36 32 51
36 34 50
36 35 2
37 0 51
37 2 48
37 4 26
37 5 20
37 7 5
37 10 38
37 11 17
37 12 24
37 15 12
37 17 10
37 20 26
37 21 6
37 22 45
37 24 16
37 29 26
37 30 53
38 0 23
38 1 20
38 2 4
38 3 56
38 5 27
38 6 4
38 7 26
38 8 18
38 14 37
38 15 6
38 17 47
38 18 37
38 20 16
38 22 35
38 23 8
38 24 2
38 26 10
38 28 14
38 31 28
38 34 47
38 35 42
38 36 48
39 0 1
39 1 42
39 3 55
39 4 43
39 16 32
39 19 50
39 21 26
39 24 3
39 25 6
39 26 29
39 29 11
39 31 11
40 2 11
40 3 58
40 5 23
40 12 9
40 14 8
40 15 2
40 16 20
40 19 40
40 21 59
40 24 56
40 27 38
40 29 29
40 33 38
40 34 58
40 35 48
40 36 39
40 39 40
41 1 40
41 5 58
41 12 12
41 13 40
41 14 6
41 16 27
41 20 55
41 22 9
41 24 56
41 25 57
41 26 13
41 28 23
41 30 20
41 31 27
41 32 40
41 33 7
41 35 44
41 36 19
41 37 12
41 38 32
42 4 2
42 6 47
42 7 22
42 9 1
42 11 54
42 12 53
42 14 30
42 15 6
42 17 36
42 18 1
42 21 26
42 22 38
42 23 41
42 26 3
42 29 34
42 38 29
42 39 34
42 40 34
42 41 36
43 1 11
43 8 40
43 9 40
43 10 44
43 11 7
43 12 30
43 16 51
43 18 31
43 21 14
43 22 45
43 26 46
43 28 35
43 29 28
43 30 50
43 33 27
43 34 36
43 35 51
43 36 16
43 38 25
43 42 16
44 4 51
44 10 45
44 11 50
44 13 27
44 16 51
44 17 7
44 20 50
44 21 50
44 23 39
44 24 44
44 25 45
44 26 22
44 31 7
44 32 55
44 34 20
44 37 49
44 38 7
44 40 30
44 43 3
45 0 46
45 1 51
45 2 48
45 4 17
45 5 49
45 9 27
45 10 56
45 12 18
45 13 1
45 14 20
45 16 56
45 17 36
45 21 6
45 22 46
45 25 36
45 26 48
45 29 40
45 30 48
45 31 59
45 32 44
45 34 45
45 37 45
45 41 10
45 42 49
45 44 59
46 0 27
46 1 7
46 2 56
46 3 18
46 4 47
46 5 33
46 9 47
46 10 15
46 11 38
46 12 29
46 13 24
46 15 3
46 22 18
46 23 46
46 24 36
46 26 58
46 28 24
46 30 17
46 33 22
46 34 7
46 36 3
46 38 59
46 42 20
46 43 49
46 44 20
46 45 32
47 0 26
47 1 42
47 3 44
47 6 56
47 7 56
47 8 4
47 9 46
47 10 14
47 11 40
47 13 13
47 17 48
47 18 37
47 21 50
47 22 45
47 23 59
47 24 16
47 25 47
47 26 54
47 27 43
47 29 29
47 30 59
47 31 30
47 33 4
47 35 53
47 36 31
47 44 20
48 1 53
48 4 13
48 6 13
48 7 47
48 8 28
48 14 16
48 15 37
48 16 21
48 19 48
48 21 8
48 22 37
48 23 15
48 27 16
48 28 37
48 29 49
48 30 34
48 32 6
48 35 22
48 39 25
48 40 23
48 44 50
48 45 5
48 46 26
49 1 29
49 8 35
49 10 19
49 11 22
49 12 38
49 14 39
49 15 5
49 16 28
49 18 44
49 22 20
49 23 24
49 24 23
49 25 49
49 27 25
49 29 34
49 30 3
49 33 24
49 36 56
49 37 31
49 39 48
49 40 10
49 41 28
49 43 57
49 44 29
49 46 55
49 47 28
50 0 23
50 1 19
50 3 47
50 7 16
50 10 57
50 11 6
50 14 23
50 15 11
50 16 48
50 18 52
50 19 59
50 20 42
50 21 30
50 23 30
50 25 35
50 26 43
50 29 23
50 30 56
50 31 57
50 32 30
50 34 15
50 35 56
50 37 20
50 38 53
50 40 36
50 45 42
50 46 41
50 47 10
50 48 59
51 1 58
51 3 48
51 5 50
51 9 36
51 10 43
51 11 36
51 12 4
51 17 4
51 18 56
51 21 48
51 23 37
51 25 58
51 26 10
51 28 30
51 33 42
51 36 49
51 39 50
51 41 30
51 43 59
51 47 14
51 48 33
51 49 24
51 50 37
52 2 27
52 6 4
52 8 10
52 11 27
52 16 31
52 17 52
52 18 35
52 20 20
52 22 35
52 23 30
52 25 37
52 27 50
52 29 25
52 30 17
52 31 56
52 34 48
52 36 21
52 38 45
52 39 1
52 40 23
52 42 10
52 44 47
52 45 57
52 46 41
52 50 50
53 1 46
53 2 7
53 9 55
53 10 26
53 11 10
53 15 38
53 16 38
53 17 14
53 18 54
53 19 23
53 20 24
53 21 34
53 24 2
53 25 54
53 27 54
53 32 56
53 33 21
53 34 41
53 35 28
53 38 49
53 41 15
53 42 5
53 43 53
53 51 11
54 0 21
54 2 57
54 3 32
54 5 59
54 6 9
54 7 24
54 9 56
54 10 21
54 11 7
54 12 13
54 14 22
54 15 20
54 18 15
54 20 30
54 21 11
54 22 52
54 24 37
54 26 59
54 31 19
54 32 59
54 34 21
54 35 25
54 39 4
54 40 26
54 41 8
54 43 36
54 44 35
54 46 22
54 51 43
54 52 25
54 53 47
55 0 49
55 2 20
55 3 6
55 6 27
55 8 17
55 11 19
55 12 38
55 13 57
55 14 14
55 15 7
55 18 2
55 19 19
55 20 38
55 23 41
55 26 46
55 27 58
55 28 32
55 32 26
55 34 52
55 35 44
55 36 20
55 37 57
55 38 25
55 43 13
55 44 10
55 46 26
55 47 44
55 50 22
55 51 14
55 53 12
55 54 12
56 2 12
56 4 12
56 6 43
56 9 45
56 12 28
56 13 54
56 22 37
56 23 13
56 24 47
56 26 51
56 27 51
56 28 10
56 32 53
56 33 19
56 34 53
56 41 15
56 45 13
56 46 58
56 48 53
56 51 21
56 53 33
56 54 32
56 55 52
