48
2 1 11
3 0 13
3 1 27
3 2 25
4 0 9
4 1 3
4 2 29
5 2 9
5 3 11
6 0 17
6 1 24
6 4 4
7 1 31
7 4 31
7 6 3
8 0 5
8 3 19
8 4 27
8 5 21
8 6 14
8 7 13
9 1 3
9 7 33
10 0 29
10 2 13
10 7 14
11 1 15
11 3 7
11 4 8
11 5 26
11 6 9
11 9 25
11 10 4
12 0 7
12 1 12
12 2 18
12 3 20
12 8 17
13 1 21
13 3 21
13 5 20
13 7 28
13 8 6
13 9 4
14 1 1
14 2 9
14 4 6
14 5 13
14 10 29
14 11 11
14 12 4
15 0 30
15 2 9
15 4 6
15 5 17
15 7 2
15 8 25
15 9 19
15 10 2
15 12 13
16 2 1
16 3 1
16 5 33
16 6 7
16 7 8
16 10 12
16 11 7
16 13 9
17 0 23
17 2 30
17 3 11
17 4 30
17 6 29
17 7 15
17 14 2
17 15 25
18 1 33
18 2 23
18 3 21
18 4 28
18 5 14
18 6 18
18 7 31
18 8 14
18 9 31
18 13 32
18 14 5
18 15 31
18 16 14
18 17 4
19 1 28
19 2 18
19 3 16
19 5 10
19 6 30
19 7 12
19 9 17
19 10 17
19 11 27
19 12 20
19 14 22
19 15 29
19 17 31
20 1 11
20 2 24
20 7 14
20 12 25
20 13 25
20 15 3
20 19 16
21 2 18
21 8 13
21 9 8
21 11 9
21 14 8
21 15 4
21 16 29
21 19 8
21 20 10
22 1 20
22 2 26
22 3 3
22 4 12
22 15 31
22 20 29
22 21 16
23 0 18
23 2 14
23 3 32
23 8 18
23 9 25
23 14 2
23 17 15
23 19 10
23 20 33
23 21 25
23 22 25
24 0 16
24 1 28
24 3 8
24 4 30
24 5 8
24 7 9
24 8 4
24 11 33
24 13 20
24 14 31
24 15 10
24 16 19
24 21 20
24 22 16
24 23 4
25 3 10
25 4 5
25 5 11
25 8 19
25 9 23
25 10 2
25 13 14
25 16 28
25 17 31
25 18 15
25 23 17
25 24 21
26 0 23
26 1 32
26 2 17
26 3 6
26 4 30
26 5 31
26 6 32
26 7 3
26 8 29
26 10 2
26 12 29
26 17 16
26 18 8
26 19 24
26 21 27
26 24 12
27 1 31
27 2 22
27 3 24
27 5 10
27 6 25
27 9 21
27 11 6
27 12 17
27 13 28
27 16 4
27 17 11
27 18 19
27 20 29
27 23 29
27 24 22
28 0 23
28 2 19
28 3 28
28 5 17
28 6 27
28 7 6
28 9 29
28 11 21
28 12 17
28 13 29
28 16 5
28 18 19
28 19 28
28 23 27
28 24 23
29 0 9
29 3 19
29 4 24
29 7 28
29 10 18
29 15 9
29 20 16
29 22 32
29 26 32
29 27 26
29 28 17
30 0 30
30 6 14
30 8 32
30 10 30
30 11 26
30 12 31
30 13 32
30 18 10
30 19 8
30 20 29
30 21 14
30 23 22
30 24 16
30 25 9
30 28 3
31 1 24
31 2 30
31 5 18
31 6 4
31 7 17
31 8 4
31 11 9
31 14 26
31 16 23
31 17 13
31 22 3
31 25 29
31 27 16
31 28 22
32 0 23
32 3 15
32 4 18
32 5 12
32 6 29
32 7 14
32 8 31
32 10 8
32 15 21
32 16 4
32 17 27
32 21 22
32 23 30
32 28 20
33 0 7
33 1 33
33 4 26
33 5 23
33 6 19
33 8 11
33 9 1
33 10 26
33 11 19
33 12 22
33 14 28
33 17 22
33 19 20
33 20 9
33 21 1
33 22 11
33 24 31
33 27 17
33 29 26
33 31 17
34 0 11
34 5 25
34 6 11
34 9 13
34 11 8
34 15 33
34 17 9
34 18 23
34 20 1
34 21 12
34 23 23
34 24 29
34 25 10
34 26 23
34 27 6
34 28 8
35 0 29
35 2 19
35 7 8
35 13 5
35 15 14
35 25 24
35 26 33
35 27 10
35 28 16
35 30 2
35 31 18
35 32 31
36 2 2
36 4 32
36 7 30
36 11 27
36 14 13
36 21 31
36 22 11
36 23 22
36 24 27
36 25 33
36 28 2
36 32 23
36 33 9
36 35 16
37 0 2
37 10 28
37 13 9
37 14 11
37 15 12
37 16 2
37 17 9
37 19 9
37 21 5
37 23 5
37 25 3
37 26 16
37 28 31
37 29 20
37 31 20
37 32 16
37 35 10
37 36 12
38 0 27
38 1 30
38 3 31
38 4 21
38 5 26
38 6 18
38 7 12
38 8 28
38 9 12
38 10 15
38 11 23
38 13 14
38 16 12
38 19 29
38 20 7
38 22 9
38 23 30
38 24 12
38 25 1
38 27 25
38 28 12
38 29 18
38 30 13
38 36 32
38 37 12
39 0 33
39 1 10
39 2 14
39 5 4
39 6 5
39 7 31
39 8 33
39 9 26
39 12 30
39 13 28
39 15 5
39 17 5
39 19 16
39 20 13
39 21 2
39 22 3
39 24 19
39 26 2
39 27 8
39 33 7
39 34 22
39 35 4
39 37 20
39 38 7
40 1 23
40 2 4
40 3 32
40 6 19
40 7 33
40 8 16
40 10 13
40 11 15
40 13 6
40 19 12
40 20 30
40 22 9
40 24 31
40 25 16
40 26 30
40 27 4
40 28 19
40 30 18
40 31 23
40 32 16
40 33 26
40 35 6
40 36 15
40 39 20
41 2 6
41 4 26
41 6 33
41 11 13
41 15 11
41 16 25
41 18 25
41 19 13
41 20 30
41 24 23
41 25 27
41 26 19
41 27 32
41 28 19
41 29 13
41 32 28
41 33 20
41 34 21
41 36 9
41 37 5
41 40 1
42 1 12
42 4 12
42 6 14
42 10 26
42 12 19
42 13 19
42 14 24
42 19 19
42 21 8
42 24 8
42 25 30
42 29 19
42 30 4
42 32 17
42 33 8
42 35 8
42 40 4
43 4 31
43 6 11
43 8 27
43 10 24
43 11 26
43 12 30
43 13 33
43 15 14
43 16 29
43 17 13
43 20 27
43 21 3
43 25 32
43 27 6
43 28 2
43 29 29
43 30 6
43 32 12
43 35 2
43 36 3
43 37 10
43 38 1
43 40 16
43 41 5
44 1 29
44 4 30
44 6 13
44 10 33
44 12 8
44 14 19
44 18 9
44 22 15
44 23 21
44 24 3
44 27 19
44 28 2
44 30 3
44 31 3
44 33 12
44 35 15
44 36 24
44 38 33
44 39 23
44 40 8
44 41 32
45 0 10
45 1 9
45 2 11
45 12 27
45 14 13
45 16 20
45 17 25
45 19 33
45 20 8
45 21 13
45 22 28
45 25 14
45 27 13
45 28 13
45 32 3
45 33 24
45 34 23
45 35 23
45 36 4
45 37 24
45 38 20
45 39 16
45 43 20
45 44 9
46 1 23
46 5 24
46 7 31
46 9 31
46 10 32
46 11 31
46 12 25
46 14 4
46 15 14
46 16 21
46 17 27
46 18 18
46 20 24
46 21 11
46 23 17
46 26 33
46 27 25
46 29 11
46 33 10
46 34 5
46 37 28
46 38 31
46 39 14
46 40 32
46 41 18
46 44 14
47 0 7
47 1 22
47 3 11
47 4 22
47 7 9
47 9 30
47 10 8
47 12 20
47 13 30
47 18 7
47 19 6
47 20 32
47 21 13
47 26 7
47 28 23
47 29 4
47 31 26
47 32 3
47 34 30
47 36 9
47 38 18
47 39 19
47 40 25
47 41 9
47 42 23
47 43 5
47 44 13
47 45 27
