38
1 0 1
2 0 1
3 0 1
3 2 1
4 3 1
5 0 1
5 3 1
5 4 1
6 2 1
6 3 1
6 5 1
7 0 1
7 1 1
7 2 1
7 3 1
7 5 1
7 6 1
8 4 1
8 5 1
8 6 1
8 7 1
9 4 1
9 6 1
10 0 1
10 2 1
10 4 1
10 5 1
10 6 1
10 7 1
10 9 1
11 0 1
11 1 1
11 4 1
11 5 1
11 6 1
11 9 1
11 10 1
12 2 1
12 4 1
12 5 1
12 6 1
12 7 1
12 10 1
12 11 1
13 0 1
13 1 1
13 3 1
13 4 1
13 5 1
13 6 1
13 9 1
13 11 1
13 12 1
14 0 1
14 1 1
14 2 1
14 4 1
14 5 1
14 7 1
14 9 1
14 10 1
14 12 1
15 2 1
15 5 1
15 7 1
15 8 1
15 9 1
15 14 1
16 2 1
16 3 1
16 4 1
16 6 1
16 7 1
16 11 1
16 12 1
16 15 1
17 0 1
17 3 1
17 6 1
17 7 1
17 10 1
17 15 1
17 16 1
18 0 1
18 2 1
18 8 1
18 12 1
18 13 1
18 14 1
18 15 1
18 17 1
19 1 1
19 2 1
19 3 1
19 7 1
19 8 1
19 9 1
19 11 1
19 12 1
19 13 1
19 16 1
19 17 1
19 18 1
20 1 1
20 2 1
20 4 1
20 5 1
20 9 1
20 11 1
20 12 1
20 15 1
20 19 1
21 2 1
21 3 1
21 5 1
21 7 1
21 9 1
21 17 1
21 18 1
21 20 1
22 0 1
22 1 1
22 5 1
22 7 1
22 9 1
22 12 1
22 13 1
22 14 1
22 15 1
22 18 1
22 21 1
23 0 1
23 1 1
23 3 1
23 4 1
23 6 1
23 11 1
23 14 1
23 15 1
23 16 1
23 19 1
23 20 1
23 21 1
23 22 1
24 0 1
24 1 1
24 4 1
24 5 1
24 6 1
24 7 1
24 8 1
24 9 1
24 11 1
24 13 1
24 14 1
24 15 1
24 16 1
24 19 1
24 21 1
24 23 1
25 6 1
25 8 1
25 9 1
25 11 1
25 12 1
25 13 1
25 15 1
25 16 1
25 17 1
25 20 1
25 21 1
25 22 1
25 23 1
25 24 1
26 0 1
26 2 1
26 4 1
26 5 1
26 8 1
26 9 1
26 10 1
26 13 1
26 15 1
26 21 1
26 23 1
26 25 1
27 7 1
27 11 1
27 13 1
27 14 1
27 15 1
27 16 1
27 17 1
27 24 1
28 2 1
28 6 1
28 7 1
28 8 1
28 9 1
28 10 1
28 11 1
28 13 1
28 15 1
28 17 1
28 20 1
28 22 1
28 23 1
28 25 1
28 26 1
29 1 1
29 3 1
29 7 1
29 8 1
29 11 1
29 12 1
29 15 1
29 16 1
29 17 1
29 21 1
29 27 1
30 1 1
30 6 1
30 8 1
30 10 1
30 11 1
30 14 1
30 16 1
30 17 1
30 18 1
30 19 1
30 20 1
30 24 1
30 26 1
31 7 1
31 8 1
31 9 1
31 12 1
31 14 1
31 15 1
31 18 1
31 20 1
31 21 1
31 22 1
31 26 1
31 27 1
31 29 1
32 0 1
32 2 1
32 7 1
32 8 1
32 10 1
32 11 1
32 13 1
32 14 1
32 15 1
32 18 1
32 21 1
32 22 1
32 24 1
32 25 1
32 27 1
32 28 1
32 29 1
32 30 1
32 31 1
33 1 1
33 4 1
33 6 1
33 8 1
33 9 1
33 13 1
33 14 1
33 15 1
33 16 1
33 17 1
33 18 1
33 19 1
33 20 1
33 22 1
33 23 1
33 26 1
33 28 1
33 29 1
33 32 1
34 0 1
34 2 1
34 4 1
34 10 1
34 14 1
34 20 1
34 22 1
34 23 1
34 25 1
34 26 1
34 28 1
34 30 1
34 31 1
35 0 1
35 1 1
35 2 1
35 3 1
35 6 1
35 10 1
35 12 1
35 15 1
35 19 1
35 22 1
35 24 1
35 25 1
35 34 1
36 4 1
36 5 1
36 9 1
36 13 1
36 14 1
36 17 1
36 18 1
36 20 1
36 23 1
36 25 1
36 26 1
36 27 1
36 29 1
36 32 1
36 35 1
37 4 1
37 7 1
37 8 1
37 10 1
37 11 1
37 12 1
37 15 1
37 16 1
37 20 1
37 22 1
37 24 1
37 26 1
37 32 1
37 35 1
