24
1 0 2
2 0 12
2 1 4
3 0 7
3 1 7
3 2 7
4 0 4
4 1 7
4 2 5
5 0 9
5 1 10
5 2 6
5 3 12
6 1 7
6 2 11
6 4 4
6 5 3
7 4 4
8 1 4
8 2 3
8 3 8
8 4 10
8 5 11
9 1 6
9 2 7
9 8 4
10 1 3
10 5 3
10 7 4
10 8 6
10 9 5
11 3 6
11 8 2
11 9 3
12 0 3
12 2 12
12 3 11
12 5 2
12 6 8
12 7 4
12 8 4
12 9 6
12 10 2
12 11 7
13 2 6
13 3 10
13 5 5
13 6 9
13 7 5
13 8 7
13 9 2
13 11 5
14 0 2
14 2 6
14 3 9
14 8 2
14 12 7
14 13 4
15 1 9
15 4 8
15 7 4
15 9 2
15 10 7
15 11 3
15 14 12
16 1 3
16 3 7
16 4 1
16 7 12
16 8 2
16 9 5
16 10 11
16 13 10
17 0 11
17 1 2
17 2 5
17 3 4
17 5 12
17 6 8
17 7 9
17 9 10
17 10 10
17 12 4
17 13 8
17 14 12
17 15 4
17 16 6
18 0 11
18 3 4
18 7 4
18 10 9
18 11 10
18 13 4
18 15 6
18 17 7
19 0 6
19 3 9
19 4 6
19 5 10
19 6 6
19 10 7
19 12 6
19 13 10
19 16 9
19 17 1
19 18 2
20 0 3
20 2 3
20 4 1
20 5 5
20 6 1
20 7 11
20 8 8
20 10 2
20 13 7
20 14 6
20 16 12
20 18 11
20 19 8
21 0 2
21 1 9
21 3 4
21 5 9
21 9 7
21 10 10
21 11 6
21 12 3
21 13 3
21 18 11
22 2 7
22 6 9
22 8 2
22 10 7
22 14 11
22 16 2
22 17 12
22 18 12
22 20 3
23 0 8
23 2 8
23 5 8
23 7 7
23 8 9
23 10 1
23 13 6
23 16 7
23 17 12
23 18 6
23 19 5
23 20 10
23 22 8
