40
2 0 1
3 0 5
4 0 11
4 1 7
4 2 3
5 0 2
5 1 4
5 4 14
6 0 13
6 1 15
6 2 2
7 0 8
7 1 12
7 2 15
7 3 15
7 6 1
8 1 7
8 3 17
8 4 13
8 6 6
8 7 4
9 0 10
9 1 4
9 2 14
9 3 5
9 5 7
9 7 7
9 8 3
10 2 15
10 4 1
10 5 7
10 8 2
11 0 8
11 2 2
11 3 12
11 4 5
11 7 17
11 10 9
12 3 12
12 4 17
12 10 11
12 11 16
13 0 7
13 1 5
13 8 15
13 11 13
13 12 13
14 1 1
14 3 2
14 8 5
14 9 16
14 11 16
15 0 14
15 1 16
15 3 10
15 4 1
15 5 8
15 7 3
15 8 2
15 11 3
15 12 5
15 13 5
16 0 1
16 6 16
16 7 4
16 8 18
16 12 14
16 13 4
17 0 9
17 1 2
17 9 7
17 10 2
17 11 3
17 12 2
17 13 15
17 14 18
18 1 9
18 2 14
18 4 7
18 6 18
18 7 7
18 8 10
18 9 5
18 12 1
18 16 7
18 17 18
19 0 2
19 4 8
19 7 15
19 8 1
19 13 2
19 16 6
19 17 7
20 0 12
20 2 15
20 7 8
20 8 5
20 9 18
20 10 16
20 11 8
20 12 2
20 16 8
20 17 6
20 18 13
20 19 7
21 0 16
21 5 7
21 6 17
21 7 17
21 8 4
21 11 4
21 12 4
21 13 14
21 14 2
21 15 5
21 16 2
21 20 8
22 0 11
22 1 7
22 2 13
22 3 1
22 4 6
22 5 11
22 6 2
22 11 9
22 12 11
22 14 17
22 19 1
23 0 8
23 1 16
23 5 1
23 6 11
23 8 5
23 9 4
23 11 13
23 13 5
23 14 17
23 15 5
23 16 15
23 17 14
23 18 2
23 19 2
23 20 12
23 22 16
24 2 4
24 5 12
24 6 11
24 8 10
24 10 4
24 12 8
24 17 6
24 20 2
24 22 9
24 23 1
25 1 14
25 2 8
25 4 16
25 5 15
25 6 2
25 8 17
25 10 18
25 11 17
25 14 17
25 15 17
25 16 14
25 18 3
25 19 4
25 20 17
25 21 5
25 22 13
26 0 13
26 3 7
26 5 11
26 8 3
26 9 15
26 10 11
26 14 2
26 16 17
26 17 9
26 20 15
26 21 11
26 24 2
27 0 6
27 2 10
27 4 1
27 5 17
27 8 1
27 14 18
27 15 2
27 16 4
27 19 17
27 20 9
28 0 5
28 6 7
28 8 8
28 11 16
28 15 14
28 16 18
28 19 8
28 20 13
28 21 14
28 26 15
29 1 6
29 2 17
29 3 16
29 4 12
29 5 13
29 6 11
29 10 2
29 11 14
29 12 13
29 13 17
29 14 16
29 16 8
29 17 11
29 23 12
29 24 14
29 25 18
29 27 7
29 28 4
30 0 8
30 3 2
30 4 12
30 6 8
30 8 6
30 10 6
30 11 16
30 12 10
30 17 18
30 24 11
30 25 12
30 26 12
30 28 8
31 0 12
31 3 8
31 6 15
31 7 15
31 8 11
31 11 9
31 13 13
31 14 12
31 15 18
31 16 12
31 17 16
31 18 7
31 21 18
31 24 8
31 25 9
31 27 16
31 29 7
32 0 18
32 1 12
32 3 4
32 7 15
32 9 8
32 11 11
32 12 11
32 14 3
32 17 14
32 22 9
32 24 1
32 29 18
33 1 17
33 3 18
33 7 10
33 8 18
33 10 17
33 11 9
33 12 12
33 14 4
33 17 1
33 18 12
33 21 8
33 25 3
33 26 7
33 28 7
33 29 9
33 31 13
34 0 6
34 1 7
34 2 13
34 5 14
34 6 14
34 7 4
34 10 9
34 14 11
34 17 12
34 18 11
34 19 9
34 21 10
34 22 16
34 23 9
34 24 3
34 26 1
34 30 3
34 33 15
35 1 15
35 2 7
35 3 3
35 5 16
35 6 11
35 7 14
35 8 7
35 9 18
35 11 1
35 12 9
35 15 6
35 18 7
35 21 13
35 23 5
35 24 14
35 26 6
35 28 1
35 32 14
35 33 2
35 34 17
36 0 12
36 1 1
36 2 6
36 3 10
36 4 13
36 6 16
36 7 14
36 8 9
36 10 7
36 11 5
36 12 18
36 13 18
36 14 5
36 15 11
36 16 14
36 17 16
36 23 8
36 25 7
36 26 10
36 27 13
36 28 17
36 29 14
36 30 9
36 31 11
36 32 5
36 34 5
36 35 13
37 1 4
37 4 6
37 8 18
37 17 7
37 18 14
37 19 3
37 20 13
37 21 1
37 22 10
37 23 9
37 24 5
37 25 12
37 28 14
37 30 6
37 31 17
37 34 18
37 36 7
38 0 13
38 1 3
38 4 14
38 5 18
38 6 1
38 8 6
38 11 4
38 12 3
38 17 11
38 18 10
38 21 15
38 22 10
38 24 17
38 25 3
38 27 13
38 29 12
38 30 17
38 31 9
38 32 17
38 36 9
38 37 4
39 6 6
39 7 5
39 10 9
39 11 4
39 13 12
39 17 8
39 19 10
39 20 10
39 22 12
39 27 12
39 28 7
39 31 2
39 33 12
39 34 6
39 35 17
39 36 5
39 37 14
