60
1 0 37
2 0 14
2 1 17
3 1 15
3 2 24
4 1 62
5 1 10
5 2 42
5 3 16
5 4 14
6 0 33
6 3 4
7 3 32
7 5 17
7 6 5
8 5 18
8 6 61
8 7 8
9 5 26
9 7 1
10 0 53
10 1 61
10 3 16
11 0 63
11 3 23
11 4 41
11 5 15
11 6 22
11 8 25
11 9 9
11 10 13
12 0 17
12 1 56
12 4 41
12 7 38
12 9 66
12 11 59
13 2 3
13 3 34
13 6 43
13 7 57
13 10 18
13 11 18
14 2 43
14 3 47
14 4 42
14 11 56
15 1 38
15 3 58
15 4 25
15 8 59
15 10 13
15 11 18
15 12 2
15 13 5
16 0 15
16 2 65
16 5 41
16 6 50
16 7 4
16 10 16
16 12 8
17 1 51
17 8 18
17 9 52
17 10 17
17 12 61
17 13 2
18 0 54
18 2 62
18 8 54
18 9 46
18 10 65
18 16 41
18 17 63
19 5 19
19 9 5
19 15 55
19 16 46
19 17 28
20 0 65
20 4 20
20 10 26
20 11 26
20 16 11
20 18 9
21 0 60
21 1 2
21 6 3
21 7 28
21 8 10
21 9 53
21 10 51
21 11 19
21 12 48
21 15 33
21 17 52
21 18 26
21 19 60
21 20 11
22 4 2
22 8 11
22 9 50
22 11 55
22 12 61
22 13 17
22 14 18
22 15 5
22 18 32
22 20 41
22 21 31
23 1 51
23 2 31
23 3 12
23 4 13
23 5 65
23 8 11
23 10 66
23 11 20
23 12 51
23 16 51
23 19 1
23 20 3
24 0 48
24 1 18
24 2 2
24 3 34
24 6 43
24 11 27
24 12 48
24 13 46
24 15 33
24 16 49
24 18 55
24 19 42
24 22 52
24 23 38
25 0 64
25 6 59
25 8 6
25 9 31
25 16 51
25 19 49
25 20 3
25 21 63
25 24 37
26 1 14
26 2 61
26 4 23
26 5 22
26 6 66
26 7 23
26 11 65
26 12 2
26 13 36
26 16 44
26 18 41
26 19 5
26 22 16
27 0 28
27 2 3
27 3 5
27 6 7
27 9 45
27 10 18
27 11 56
27 15 22
27 17 22
27 19 51
27 24 32
27 25 43
28 1 41
28 3 10
28 4 62
28 6 13
28 8 50
28 12 27
28 13 28
28 19 57
28 20 51
28 22 40
28 23 28
29 2 37
29 3 26
29 4 56
29 5 48
29 7 17
29 8 16
29 9 7
29 10 64
29 13 26
29 14 48
29 19 42
29 28 12
30 1 56
30 2 36
30 3 47
30 4 55
30 6 62
30 7 28
30 8 57
30 10 49
30 12 11
30 14 52
30 15 57
30 16 49
30 17 17
30 22 58
30 23 63
30 24 24
30 26 50
30 27 19
30 28 30
31 0 3
31 1 47
31 2 1
31 3 26
31 6 29
31 7 26
31 10 50
31 11 4
31 14 2
31 16 28
31 18 2
31 19 34
31 21 50
31 22 9
31 23 5
31 24 7
31 25 32
31 26 16
31 27 59
31 28 62
31 29 60
31 30 1
32 0 45
32 2 66
32 3 36
32 5 23
32 6 57
32 7 30
32 11 54
32 13 23
32 14 23
32 16 17
32 21 36
32 26 36
32 30 52
32 31 65
33 1 43
33 2 46
33 4 46
33 8 46
33 9 16
33 15 57
33 18 42
33 20 21
33 24 2
33 26 61
33 28 13
34 1 16
34 2 49
34 4 17
34 6 29
34 8 23
34 9 60
34 12 65
34 15 29
34 17 61
34 21 35
34 22 13
34 23 31
34 24 3
34 25 24
34 26 59
34 27 21
34 29 59
34 30 50
34 33 66
35 0 51
35 2 53
35 3 9
35 5 3
35 9 27
35 10 12
35 11 28
35 14 11
35 15 39
35 16 38
35 17 6
35 18 37
35 20 45
35 21 49
35 24 16
35 25 13
35 26 44
35 27 10
35 30 37
35 31 49
35 33 66
35 34 12
36 0 61
36 1 28
36 2 49
36 4 41
36 7 30
36 8 35
36 12 47
36 13 39
36 14 37
36 16 15
36 17 62
36 18 64
36 20 14
36 22 57
36 23 12
36 24 50
36 27 21
36 28 15
36 29 37
36 32 24
36 35 65
37 0 35
37 1 23
37 2 29
37 4 20
37 6 47
37 7 36
37 9 30
37 12 66
37 15 50
37 21 20
37 22 33
37 23 9
37 25 12
37 30 41
37 32 49
37 35 57
38 0 37
38 1 59
38 2 63
38 3 10
38 4 61
38 5 66
38 6 62
38 8 5
38 9 43
38 10 26
38 12 47
38 13 4
38 16 1
38 18 8
38 19 54
38 21 7
38 22 17
38 26 45
38 27 18
38 31 55
38 36 48
39 0 64
39 1 10
39 2 31
39 4 34
39 6 43
39 12 40
39 13 25
39 15 59
39 19 64
39 20 22
39 23 6
39 24 28
39 26 33
39 28 49
39 29 61
39 30 65
39 33 37
39 34 57
39 35 16
39 38 38
40 0 59
40 3 30
40 4 17
40 8 51
40 9 47
40 11 23
40 12 30
40 14 53
40 16 22
40 17 49
40 18 39
40 19 9
40 20 7
40 22 63
40 23 44
40 24 48
40 26 3
40 27 35
40 28 35
40 30 37
40 32 21
40 33 61
40 37 24
40 38 6
41 0 58
41 5 39
41 6 63
41 7 6
41 9 41
41 14 2
41 15 63
41 17 3
41 18 27
41 20 60
41 21 16
41 23 3
41 24 4
41 27 19
41 28 66
41 30 39
41 31 31
41 32 34
41 37 3
41 38 52
41 40 60
42 0 28
42 1 25
42 3 29
42 16 31
42 18 35
42 20 24
42 21 27
42 26 48
42 31 49
42 32 33
42 34 65
43 0 36
43 4 48
43 5 14
43 6 65
43 11 52
43 13 21
43 14 64
43 16 59
43 17 3
43 20 24
43 21 11
43 23 40
43 25 10
43 28 35
43 32 51
43 33 4
43 35 30
43 36 55
43 38 56
43 40 13
44 1 43
44 3 7
44 4 12
44 5 65
44 7 8
44 8 22
44 9 53
44 10 11
44 13 16
44 17 15
44 19 14
44 21 65
44 22 53
44 24 24
44 25 9
44 27 39
44 29 62
44 30 50
44 31 12
44 32 3
44 33 19
44 34 36
44 35 11
44 36 50
44 37 42
44 40 34
45 0 43
45 1 6
45 3 1
45 6 53
45 9 32
45 10 9
45 12 48
45 14 9
45 16 25
45 20 32
45 21 50
45 22 66
45 23 38
45 24 25
45 25 55
45 27 1
45 35 38
45 36 11
45 39 48
45 41 61
45 42 9
45 44 64
46 0 9
46 1 33
46 2 37
46 6 14
46 8 35
46 12 57
46 14 38
46 18 42
46 22 16
46 24 27
46 25 46
46 26 37
46 27 5
46 30 11
46 31 42
46 36 19
46 37 29
46 38 30
46 39 50
46 40 60
46 43 30
46 44 62
47 0 2
47 3 14
47 7 62
47 8 24
47 9 45
47 10 8
47 13 16
47 14 42
47 15 31
47 16 14
47 17 66
47 19 64
47 21 38
47 22 12
47 25 48
47 29 61
47 30 7
47 33 47
47 34 32
47 37 19
47 38 39
47 40 61
47 41 25
47 42 25
47 43 3
47 44 8
47 45 46
48 0 3
48 1 49
48 2 55
48 3 46
48 4 57
48 5 65
48 9 2
48 15 44
48 16 34
48 17 6
48 18 24
48 24 29
48 30 20
48 34 47
48 35 23
48 36 23
48 37 51
48 38 21
48 41 13
48 44 50
48 45 42
48 46 62
49 0 59
49 1 17
49 2 22
49 5 20
49 8 66
49 11 21
49 12 41
49 13 57
49 15 15
49 17 18
49 23 66
49 25 24
49 26 57
49 27 15
49 31 43
49 34 39
49 37 43
49 38 54
49 39 34
49 40 16
49 41 50
49 43 1
49 47 13
49 48 46
50 0 47
50 1 61
50 2 50
50 3 48
50 4 44
50 5 62
50 6 39
50 7 14
50 9 34
50 10 39
50 11 63
50 13 27
50 15 9
50 16 58
50 18 65
50 19 21
50 20 2
50 21 64
50 23 19
50 27 35
50 32 47
50 33 45
50 35 9
50 36 1
50 41 31
50 42 66
50 44 47
50 45 12
50 47 1
50 49 48
51 0 47
51 1 58
51 2 26
51 4 60
51 5 40
51 7 7
51 8 37
51 9 6
51 11 14
51 12 37
51 15 13
51 16 51
51 18 36
51 19 40
51 21 65
51 24 23
51 26 6
51 27 19
51 28 29
51 37 29
51 39 2
51 44 46
51 47 38
51 48 53
51 49 61
52 2 41
52 3 24
52 4 23
52 5 21
52 6 16
52 7 12
52 9 51
52 11 41
52 12 27
52 13 66
52 17 61
52 18 24
52 20 31
52 22 34
52 23 59
52 24 21
52 31 32
52 34 15
52 35 60
52 36 61
52 39 9
52 42 34
52 44 24
52 46 30
52 49 30
52 50 2
53 0 12
53 9 5
53 13 20
53 14 50
53 16 29
53 17 49
53 20 46
53 22 54
53 24 48
53 25 42
53 26 18
53 28 4
53 29 50
53 33 37
53 34 66
53 35 62
53 36 8
53 38 42
53 40 15
53 42 45
53 46 34
53 48 10
53 51 33
53 52 46
54 3 48
54 4 51
54 6 21
54 7 1
54 8 9
54 10 2
54 12 39
54 14 38
54 16 8
54 17 11
54 19 42
54 21 16
54 25 5
54 26 3
54 32 33
54 35 15
54 37 39
54 39 22
54 41 36
54 45 41
54 48 11
54 49 66
54 52 13
55 2 19
55 3 11
55 5 62
55 7 62
55 8 20
55 9 25
55 11 15
55 13 32
55 14 44
55 15 12
55 16 18
55 18 57
55 20 29
55 22 47
55 24 7
55 26 20
55 28 18
55 30 2
55 32 20
55 35 17
55 36 3
55 37 13
55 38 50
55 39 31
55 40 49
55 41 7
55 43 58
55 45 29
55 49 6
55 53 14
56 6 56
56 7 61
56 8 55
56 11 58
56 12 35
56 13 55
56 15 33
56 20 25
56 23 48
56 24 9
56 25 29
56 26 65
56 27 48
56 28 63
56 29 54
56 31 2
56 33 1
56 34 37
56 35 22
56 37 31
56 42 32
56 46 65
56 48 35
56 49 46
56 51 18
56 54 18
56 55 66
57 0 21
57 1 44
57 3 50
57 5 41
57 6 26
57 8 55
57 11 34
57 13 35
57 14 13
57 15 2
57 17 26
57 25 10
57 27 19
57 28 43
57 29 39
57 30 54
57 31 66
57 34 19
57 37 32
57 39 14
57 40 4
57 41 14
57 42 37
57 43 29
57 44 60
57 46 64
57 47 22
57 49 23
57 51 50
57 54 57
57 55 47
58 0 56
58 2 28
58 3 25
58 4 22
58 6 28
58 8 57
58 11 62
58 12 14
58 14 42
58 15 8
58 17 45
58 19 25
58 20 51
58 23 29
58 24 33
58 25 53
58 27 4
58 28 60
58 31 61
58 33 54
58 34 27
58 35 9
58 36 10
58 38 30
58 40 58
58 45 11
58 47 7
58 48 29
58 50 34
58 51 57
58 54 27
58 57 39
59 0 55
59 2 34
59 3 52
59 7 5
59 8 10
59 9 42
59 10 35
59 14 43
59 16 1
59 22 58
59 23 1
59 26 12
59 27 34
59 28 24
59 30 54
59 33 22
59 34 1
59 35 36
59 37 4
59 38 51
59 39 18
59 46 8
59 48 38
59 50 51
59 51 48
59 52 4
59 53 54
59 54 3
59 57 49
