53
1 0 32
2 0 1
2 1 49
3 0 17
3 1 39
3 2 2
4 0 15
4 1 18
4 2 43
4 3 36
5 0 18
5 1 53
5 2 23
5 3 29
5 4 13
6 0 29
6 1 32
6 2 23
6 3 21
6 4 28
6 5 34
7 0 7
7 1 34
7 2 4
7 3 23
7 4 5
7 5 1
7 6 16
8 0 19
8 1 51
8 2 56
8 3 6
8 4 8
8 5 44
8 6 21
8 7 54
9 0 3
9 1 24
9 2 2
9 3 8
9 4 50
9 5 55
9 6 38
9 7 43
9 8 32
10 0 21
10 1 10
10 2 45
10 3 48
10 4 43
10 5 10
10 6 17
10 7 32
10 8 53
10 9 13
11 0 18
11 1 5
11 2 27
11 3 25
11 4 26
11 5 56
11 6 10
11 7 41
11 8 32
11 9 17
11 10 21
12 0 11
12 1 51
12 2 53
12 3 41
12 4 13
12 5 36
12 6 12
12 7 34
12 8 39
12 9 38
12 10 16
12 11 46
13 0 17
13 1 2
13 2 18
13 3 24
13 4 43
13 5 27
13 6 1
13 7 3
13 8 15
13 9 43
13 10 8
13 11 45
13 12 13
14 0 2
14 1 16
14 2 34
14 3 49
14 4 25
14 5 49
14 6 51
14 7 7
14 8 2
14 9 46
14 10 37
14 11 33
14 12 43
14 13 18
15 0 12
15 1 9
15 2 12
15 3 31
15 4 42
15 5 54
15 6 51
15 7 31
15 8 39
15 9 55
15 10 1
15 11 25
15 12 12
15 13 28
15 14 1
16 0 40
16 1 4
16 2 42
16 3 30
16 4 13
16 5 24
16 6 31
16 7 6
16 8 18
16 9 38
16 10 39
16 11 39
16 12 46
16 13 15
16 14 51
16 15 31
17 0 9
17 1 10
17 2 34
17 3 58
17 4 10
17 5 16
17 6 4
17 7 9
17 8 18
17 9 49
17 10 26
17 11 39
17 12 14
17 13 11
17 14 45
17 15 13
17 16 54
18 0 50
18 1 9
18 2 43
18 3 13
18 4 1
18 5 36
18 6 32
18 7 5
18 8 53
18 9 10
18 10 5
18 11 33
18 12 32
18 13 12
18 14 43
18 15 25
18 16 6
18 17 23
19 0 18
19 1 51
19 2 24
19 3 28
19 4 35
19 5 53
19 6 54
19 7 48
19 8 26
19 9 11
19 10 35
19 11 22
19 12 26
19 13 16
19 14 47
19 15 38
19 16 34
19 17 7
19 18 26
20 0 49
20 1 55
20 2 34
20 3 23
20 4 58
20 5 14
20 6 37
20 7 8
20 8 1
20 9 32
20 10 35
20 11 32
20 12 58
20 13 44
20 14 29
20 15 42
20 16 52
20 17 28
20 18 13
20 19 21
21 0 43
21 1 25
21 2 19
21 3 30
21 4 2
21 5 33
21 6 34
21 7 20
21 8 29
21 9 34
21 10 28
21 11 9
21 12 55
21 13 20
21 14 26
21 15 3
21 16 38
21 17 26
21 18 26
21 19 55
21 20 20
22 0 7
22 1 10
22 2 44
22 3 3
22 4 55
22 5 4
22 6 53
22 7 5
22 8 18
22 9 50
22 10 30
22 11 7
22 12 18
22 13 16
22 14 5
22 15 5
22 16 44
22 17 13
22 18 20
22 19 14
22 20 34
22 21 38
23 0 33
23 1 48
23 2 19
23 3 36
23 4 40
23 5 57
23 6 58
23 7 32
23 8 47
23 9 53
23 10 19
23 11 42
23 12 10
23 13 33
23 14 9
23 15 3
23 16 33
23 17 9
23 18 24
23 19 23
23 20 31
23 21 15
23 22 7
24 0 19
24 1 15
24 2 40
24 3 16
24 4 18
24 5 45
24 6 51
24 7 25
24 8 56
24 9 49
24 10 43
24 11 39
24 12 32
24 13 36
24 14 17
24 15 47
24 16 46
24 17 9
24 18 19
24 19 25
24 20 7
24 21 11
24 22 4
24 23 55
25 0 28
25 1 46
25 2 31
25 3 39
25 4 27
25 5 48
25 6 2
25 7 51
25 8 37
25 9 21
25 10 55
25 11 57
25 12 45
25 13 21
25 14 1
25 15 35
25 16 54
25 17 25
25 18 25
25 19 58
25 20 19
25 21 20
25 22 32
25 23 9
25 24 25
26 0 39
26 1 13
26 2 39
26 3 40
26 4 45
26 5 44
26 6 50
26 7 3
26 8 48
26 9 18
26 10 6
26 11 55
26 12 51
26 13 58
26 14 12
26 15 21
26 16 49
26 17 3
26 18 10
26 19 36
26 20 15
26 21 56
26 22 50
26 23 17
26 24 45
26 25 16
27 0 24
27 1 52
27 2 9
27 3 29
27 4 12
27 5 16
27 6 55
27 7 24
27 8 54
27 9 22
27 10 8
27 11 37
27 12 4
27 13 23
27 14 44
27 15 12
27 16 35
27 17 4
27 18 42
27 19 35
27 20 3
27 21 47
27 22 50
27 23 28
27 24 3
27 25 57
27 26 36
28 0 58
28 1 55
28 2 16
28 3 1
28 4 26
28 5 12
28 6 8
28 7 49
28 8 46
28 9 45
28 10 53
28 11 8
28 12 3
28 13 28
28 14 50
28 15 22
28 16 42
28 17 1
28 18 6
28 19 7
28 20 50
28 21 28
28 22 37
28 23 47
28 24 18
28 25 14
28 26 34
28 27 56
29 0 7
29 1 30
29 2 22
29 3 24
29 4 23
29 5 9
29 6 39
29 7 31
29 8 5
29 9 27
29 10 2
29 11 20
29 12 14
29 13 56
29 14 47
29 15 35
29 16 46
29 17 29
29 18 41
29 19 10
29 20 9
29 21 4
29 22 58
29 23 35
29 24 57
29 25 15
29 26 9
29 27 27
29 28 45
30 0 16
30 1 46
30 2 44
30 3 24
30 4 44
30 5 45
30 6 53
30 7 40
30 8 6
30 9 6
30 10 41
30 11 26
30 12 42
30 13 51
30 14 20
30 15 50
30 16 44
30 17 26
30 18 34
30 19 54
30 20 49
30 21 35
30 22 19
30 23 23
30 24 12
30 25 12
30 26 40
30 27 24
30 28 13
30 29 58
31 0 39
31 1 56
31 2 49
31 3 8
31 4 32
31 5 33
31 6 54
31 7 47
31 8 26
31 9 46
31 10 16
31 11 1
31 12 30
31 13 4
31 14 41
31 15 24
31 16 2
31 17 8
31 18 43
31 19 34
31 20 50
31 21 35
31 22 36
31 23 25
31 24 36
31 25 18
31 26 36
31 27 22
31 28 16
31 29 22
31 30 7
32 0 31
32 1 41
32 2 21
32 3 34
32 4 8
32 5 56
32 6 37
32 7 47
32 8 53
32 9 2
32 10 8
32 11 45
32 12 1
32 13 13
32 14 50
32 15 50
32 16 54
32 17 38
32 18 5
32 19 45
32 20 15
32 21 22
32 22 51
32 23 55
32 24 25
32 25 15
32 26 25
32 27 27
32 28 45
32 29 21
32 30 34
32 31 45
33 0 16
33 1 43
33 2 4
33 3 40
33 4 13
33 5 41
33 6 45
33 7 26
33 8 26
33 9 4
33 10 48
33 11 53
33 12 51
33 13 1
33 14 22
33 15 6
33 16 28
33 17 14
33 18 26
33 19 32
33 20 5
33 21 55
33 22 54
33 23 27
33 24 26
33 25 38
33 26 2
33 27 22
33 28 31
33 29 44
33 30 24
33 31 49
33 32 7
34 0 32
34 1 2
34 2 33
34 3 54
34 4 5
34 5 15
34 6 47
34 7 56
34 8 52
34 9 48
34 10 51
34 11 45
34 12 37
34 13 51
34 14 24
34 15 3
34 16 13
34 17 51
34 18 21
34 19 19
34 20 50
34 21 16
34 22 8
34 23 54
34 24 3
34 25 16
34 26 15
34 27 38
34 28 35
34 29 4
34 30 21
34 31 24
34 32 10
34 33 7
35 0 31
35 1 4
35 2 47
35 3 45
35 4 27
35 5 11
35 6 32
35 7 6
35 8 25
35 9 26
35 10 7
35 11 31
35 12 31
35 13 38
35 14 9
35 15 2
35 16 40
35 17 5
35 18 34
35 19 45
35 20 47
35 21 15
35 22 11
35 23 27
35 24 52
35 25 20
35 26 10
35 27 40
35 28 25
35 29 7
35 30 30
35 31 20
35 32 25
35 33 46
35 34 30
36 0 31
36 1 12
36 2 21
36 3 23
36 4 46
36 5 30
36 6 17
36 7 22
36 8 31
36 9 38
36 10 31
36 11 14
36 12 46
36 13 51
36 14 26
36 15 22
36 16 56
36 17 52
36 18 45
36 19 55
36 20 5
36 21 32
36 22 3
36 23 26
36 24 35
36 25 53
36 26 3
36 27 5
36 28 56
36 29 15
36 30 52
36 31 28
36 32 20
36 33 44
36 34 15
36 35 43
37 0 17
37 1 53
37 2 34
37 3 50
37 4 18
37 5 57
37 6 18
37 7 8
37 8 21
37 9 46
37 10 36
37 11 56
37 12 5
37 13 4
37 14 57
37 15 57
37 16 2
37 17 42
37 18 37
37 19 45
37 20 22
37 21 5
37 22 54
37 23 32
37 24 40
37 25 52
37 26 50
37 27 19
37 28 53
37 29 22
37 30 24
37 31 30
37 32 30
37 33 57
37 34 35
37 35 13
37 36 37
38 0 27
38 1 7
38 2 30
38 3 28
38 4 29
38 5 8
38 6 13
38 7 15
38 8 49
38 9 41
38 10 25
38 11 44
38 12 41
38 13 34
38 14 32
38 15 2
38 16 13
38 17 35
38 18 29
38 19 48
38 20 43
38 21 1
38 22 33
38 23 50
38 24 31
38 25 14
38 26 56
38 27 58
38 28 9
38 29 45
38 30 2
38 31 48
38 32 23
38 33 45
38 34 43
38 35 32
38 36 50
38 37 58
39 0 45
39 1 41
39 2 17
39 3 17
39 4 32
39 5 23
39 6 19
39 7 5
39 8 51
39 9 10
39 10 18
39 11 9
39 12 58
39 13 24
39 14 19
39 15 45
39 16 20
39 17 2
39 18 33
39 19 12
39 20 14
39 21 1
39 22 45
39 23 53
39 24 20
39 25 49
39 26 8
39 27 56
39 28 31
39 29 44
39 30 14
39 31 44
39 32 40
39 33 49
39 34 41
39 35 36
39 36 19
39 37 56
39 38 33
40 0 16
40 1 11
40 2 12
40 3 43
40 4 8
40 5 19
40 6 20
40 7 58
40 8 42
40 9 6
40 10 27
40 11 21
40 12 1
40 13 7
40 14 49
40 15 35
40 16 13
40 17 22
40 18 29
40 19 42
40 20 21
40 21 37
40 22 19
40 23 9
40 24 47
40 25 8
40 26 27
40 27 12
40 28 27
40 29 12
40 30 27
40 31 10
40 32 19
40 33 54
40 34 22
40 35 50
40 36 36
40 37 36
40 38 37
40 39 35
41 0 45
41 1 9
41 2 42
41 3 54
41 4 41
41 5 37
41 6 46
41 7 35
41 8 35
41 9 12
41 10 35
41 11 32
41 12 45
41 13 26
41 14 31
41 15 54
41 16 24
41 17 3
41 18 51
41 19 24
41 20 26
41 21 41
41 22 7
41 23 23
41 24 34
41 25 13
41 26 3
41 27 43
41 28 27
41 29 27
41 30 27
41 31 5
41 32 20
41 33 23
41 34 54
41 35 10
41 36 50
41 37 40
41 38 27
41 39 27
41 40 41
42 0 24
42 1 4
42 2 57
42 3 20
42 4 40
42 5 2
42 6 18
42 7 54
42 8 42
42 9 6
42 10 7
42 11 21
42 12 4
42 13 24
42 14 36
42 15 49
42 16 29
42 17 47
42 18 43
42 19 22
42 20 36
42 21 24
42 22 12
42 23 31
42 24 58
42 25 58
42 26 27
42 27 42
42 28 46
42 29 50
42 30 22
42 31 10
42 32 41
42 33 9
42 34 3
42 35 38
42 36 5
42 37 49
42 38 12
42 39 57
42 40 32
42 41 56
43 0 56
43 1 13
43 2 55
43 3 21
43 4 56
43 5 20
43 6 9
43 7 34
43 8 14
43 9 8
43 10 38
43 11 32
43 12 9
43 13 15
43 14 58
43 15 43
43 16 19
43 17 21
43 18 37
43 19 29
43 20 35
43 21 42
43 22 33
43 23 32
43 24 7
43 25 55
43 26 56
43 27 38
43 28 15
43 29 31
43 30 37
43 31 18
43 32 1
43 33 27
43 34 3
43 35 35
43 36 1
43 37 3
43 38 13
43 39 51
43 40 14
43 41 41
43 42 34
44 0 38
44 1 12
44 2 20
44 3 55
44 4 3
44 5 6
44 6 50
44 7 49
44 8 39
44 9 11
44 10 18
44 11 1
44 12 33
44 13 30
44 14 12
44 15 56
44 16 50
44 17 32
44 18 7
44 19 25
44 20 6
44 21 31
44 22 5
44 23 45
44 24 34
44 25 25
44 26 45
44 27 2
44 28 49
44 29 3
44 30 22
44 31 35
44 32 18
44 33 23
44 34 48
44 35 37
44 36 3
44 37 33
44 38 26
44 39 30
44 40 31
44 41 34
44 42 21
44 43 7
45 0 17
45 1 11
45 2 22
45 3 37
45 4 46
45 5 15
45 6 1
45 7 27
45 8 39
45 9 30
45 10 48
45 11 50
45 12 41
45 13 36
45 14 16
45 15 50
45 16 30
45 17 53
45 18 2
45 19 34
45 20 8
45 21 12
45 22 57
45 23 42
45 24 14
45 25 37
45 26 37
45 27 57
45 28 15
45 29 20
45 30 48
45 31 43
45 32 43
45 33 20
45 34 29
45 35 12
45 36 49
45 37 17
45 38 17
45 39 53
45 40 45
45 41 25
45 42 15
45 43 7
45 44 27
46 0 25
46 1 30
46 2 33
46 3 54
46 4 40
46 5 9
46 6 53
46 7 49
46 8 8
46 9 30
46 10 20
46 11 40
46 12 58
46 13 24
46 14 23
46 15 12
46 16 42
46 17 24
46 18 9
46 19 57
46 20 10
46 21 48
46 22 6
46 23 37
46 24 54
46 25 6
46 26 18
46 27 44
46 28 49
46 29 3
46 30 57
46 31 37
46 32 41
46 33 43
46 34 16
46 35 15
46 36 31
46 37 5
46 38 2
46 39 30
46 40 26
46 41 43
46 42 47
46 43 9
46 44 44
46 45 21
47 0 25
47 1 6
47 2 21
47 3 41
47 4 45
47 5 20
47 6 25
47 7 3
47 8 40
47 9 11
47 10 31
47 11 42
47 12 11
47 13 48
47 14 5
47 15 3
47 16 15
47 17 23
47 18 3
47 19 37
47 20 3
47 21 1
47 22 28
47 23 8
47 24 7
47 25 37
47 26 43
47 27 42
47 28 18
47 29 13
47 30 7
47 31 50
47 32 52
47 33 8
47 34 56
47 35 18
47 36 40
47 37 32
47 38 8
47 39 23
47 40 52
47 41 3
47 42 10
47 43 45
47 44 43
47 45 3
47 46 52
48 0 24
48 1 42
48 2 29
48 3 26
48 4 32
48 5 27
48 6 11
48 7 10
48 8 45
48 9 46
48 10 19
48 11 39
48 12 26
48 13 25
48 14 30
48 15 3
48 16 11
48 17 26
48 18 10
48 19 53
48 20 4
48 21 25
48 22 51
48 23 11
48 24 49
48 25 52
48 26 26
48 27 14
48 28 22
48 29 26
48 30 36
48 31 5
48 32 49
48 33 45
48 34 28
48 35 49
48 36 33
48 37 22
48 38 20
48 39 28
48 40 42
48 41 40
48 42 28
48 43 36
48 44 56
48 45 58
48 46 48
48 47 50
49 0 43
49 1 11
49 2 52
49 3 58
49 4 7
49 5 32
49 6 17
49 7 6
49 8 12
49 9 42
49 10 29
49 11 13
49 12 18
49 13 45
49 14 55
49 15 11
49 16 41
49 17 8
49 18 42
49 19 55
49 20 43
49 21 29
49 22 53
49 23 10
49 24 12
49 25 11
49 26 55
49 27 16
49 28 29
49 29 31
49 30 16
49 31 55
49 32 7
49 33 21
49 34 56
49 35 55
49 36 11
49 37 20
49 38 38
49 39 32
49 40 21
49 41 57
49 42 16
49 43 12
49 44 5
49 45 48
49 46 52
49 47 9
49 48 9
50 0 29
50 1 38
50 2 45
50 3 10
50 4 5
50 5 12
50 6 32
50 7 1
50 8 57
50 9 36
50 10 19
50 11 42
50 12 6
50 13 25
50 14 27
50 15 20
50 16 58
50 17 8
50 18 12
50 19 35
50 20 25
50 21 46
50 22 7
50 23 19
50 24 27
50 25 2
50 26 39
50 27 13
50 28 56
50 29 48
50 30 53
50 31 20
50 32 8
50 33 53
50 34 20
50 35 14
50 36 33
50 37 38
50 38 8
50 39 42
50 40 51
50 41 39
50 42 9
50 43 45
50 44 46
50 45 31
50 46 49
50 47 58
50 48 31
50 49 27
51 0 30
51 1 31
51 2 28
51 3 45
51 4 55
51 5 29
51 6 48
51 7 23
51 8 2
51 9 21
51 10 29
51 11 49
51 12 8
51 13 33
51 14 35
51 15 30
51 16 17
51 17 41
51 18 15
51 19 54
51 20 16
51 21 48
51 22 17
51 23 37
51 24 26
51 25 31
51 26 31
51 27 34
51 28 36
51 29 19
51 30 32
51 31 26
51 32 38
51 33 7
51 34 50
51 35 55
51 36 17
51 37 45
51 38 11
51 39 23
51 40 22
51 41 21
51 42 18
51 43 55
51 44 48
51 45 21
51 46 22
51 47 57
51 48 36
51 49 51
51 50 56
52 0 9
52 1 52
52 2 51
52 3 1
52 4 36
52 5 48
52 6 40
52 7 36
52 8 34
52 9 55
52 10 29
52 11 21
52 12 8
52 13 57
52 14 38
52 15 13
52 16 10
52 17 19
52 18 39
52 19 52
52 20 43
52 21 7
52 22 32
52 23 32
52 24 6
52 25 1
52 26 43
52 27 31
52 28 28
52 29 16
52 30 47
52 31 38
52 32 55
52 33 1
52 34 40
52 35 47
52 36 27
52 37 36
52 38 55
52 39 27
52 40 35
52 41 22
52 42 39
52 43 39
52 44 24
52 45 9
52 46 42
52 47 15
52 48 55
52 49 39
52 50 33
52 51 5
