45
1 0 11
2 0 11
3 0 18
3 2 9
4 0 1
4 1 13
4 2 8
5 1 13
6 0 15
6 2 18
6 3 11
7 0 9
7 1 2
7 2 11
8 1 18
8 2 12
8 3 14
8 4 6
8 7 4
9 2 4
9 3 16
9 8 15
10 0 2
10 1 5
10 2 4
10 4 16
10 9 10
11 0 4
11 1 7
11 3 6
11 4 1
11 5 11
11 6 18
11 8 16
11 10 7
12 3 11
12 4 18
12 8 6
12 9 12
12 10 8
12 11 8
13 1 11
13 2 1
13 3 12
13 5 10
13 6 18
13 7 6
13 8 5
14 0 1
14 1 8
14 2 1
14 3 10
14 4 13
14 5 11
14 6 11
14 8 1
14 9 17
15 0 17
15 3 2
15 4 12
15 6 13
15 8 1
15 9 5
15 10 1
15 11 12
15 12 7
15 14 8
16 0 3
16 4 7
16 5 2
16 6 5
16 7 17
16 11 1
16 13 18
16 15 16
17 0 15
17 2 2
17 4 6
17 5 2
17 6 9
17 9 10
17 11 2
17 12 13
17 15 5
17 16 11
18 0 16
18 2 7
18 4 4
18 6 1
18 7 4
18 11 16
18 12 3
18 17 12
19 0 4
19 2 13
19 5 8
19 7 4
19 9 9
19 10 7
19 13 18
19 14 4
19 15 6
19 17 14
19 18 16
20 8 9
20 11 6
20 12 15
20 13 16
20 16 6
20 17 6
20 18 11
21 0 7
21 2 11
21 3 2
21 4 18
21 6 7
21 7 5
21 10 16
21 11 13
21 16 15
21 17 7
21 19 5
22 1 7
22 2 7
22 3 1
22 7 10
22 9 7
22 10 12
22 11 14
22 12 10
22 14 6
22 19 2
22 21 13
23 1 11
23 3 18
23 4 1
23 8 9
23 10 16
23 11 5
23 13 17
23 16 14
23 17 6
23 18 4
23 21 11
24 5 14
24 6 2
24 8 8
24 10 5
24 14 2
24 16 3
24 18 5
24 20 12
24 21 17
25 1 1
25 6 9
25 7 13
25 10 13
25 11 10
25 14 14
25 15 8
25 16 4
25 18 10
25 19 4
25 22 15
26 0 16
26 1 9
26 2 11
26 9 6
26 10 4
26 11 17
26 13 5
26 14 15
26 16 2
26 20 14
26 24 11
27 0 7
27 1 18
27 4 4
27 5 12
27 7 7
27 8 4
27 10 5
27 11 2
27 12 10
27 14 11
27 15 8
27 17 12
27 18 9
27 19 11
27 20 9
27 22 11
27 23 16
27 26 10
28 0 12
28 1 1
28 2 9
28 5 2
28 6 7
28 8 16
28 18 10
28 19 3
28 22 5
28 23 14
28 24 6
28 25 9
28 26 18
29 14 18
29 15 2
29 16 1
29 17 15
29 19 1
29 21 8
29 22 5
29 23 17
29 24 8
29 25 13
29 26 9
29 27 18
30 3 6
30 5 9
30 6 11
30 10 10
30 12 11
30 20 7
30 25 2
30 27 12
30 29 10
31 1 16
31 2 12
31 3 6
31 4 2
31 5 10
31 9 16
31 11 10
31 12 14
31 13 8
31 14 8
31 15 18
31 16 18
31 17 1
31 21 1
31 23 4
31 24 11
31 28 2
31 29 5
32 0 10
32 1 2
32 5 3
32 8 7
32 9 10
32 10 10
32 13 7
32 15 17
32 17 15
32 18 3
32 19 4
32 20 7
32 21 17
32 22 7
32 23 10
32 24 9
32 25 16
32 27 12
32 28 17
32 31 11
33 0 18
33 1 17
33 2 16
33 3 17
33 7 3
33 8 2
33 10 10
33 12 2
33 13 8
33 14 18
33 17 10
33 20 2
33 21 15
33 24 9
33 28 10
33 30 13
34 5 8
34 9 7
34 14 11
34 17 11
34 18 15
34 19 5
34 20 2
34 21 18
34 22 3
34 25 3
34 26 8
34 31 2
34 32 13
35 1 3
35 2 10
35 4 3
35 7 12
35 8 7
35 11 1
35 12 18
35 19 15
35 20 11
35 22 16
35 29 10
35 30 5
35 31 11
36 1 10
36 2 14
36 3 16
36 6 13
36 7 14
36 9 17
36 17 1
36 18 6
36 19 4
36 20 10
36 21 15
36 23 7
36 24 4
36 26 3
36 27 6
36 30 7
36 32 7
37 3 12
37 5 6
37 6 18
37 8 1
37 14 2
37 15 15
37 16 8
37 17 12
37 18 10
37 20 13
37 24 4
37 27 3
37 28 18
37 29 9
37 30 2
37 31 17
37 32 1
37 33 18
37 34 13
37 36 7
38 0 15
38 1 11
38 2 6
38 5 5
38 6 13
38 9 18
38 10 18
38 14 4
38 18 8
38 19 16
38 23 9
38 24 18
38 27 13
38 28 7
38 30 3
38 32 10
38 36 8
39 0 6
39 3 2
39 10 9
39 11 14
39 13 2
39 16 2
39 19 10
39 24 1
39 26 12
39 28 5
39 31 2
39 32 10
39 33 1
39 35 2
39 37 9
40 0 8
40 1 16
40 4 7
40 5 10
40 8 5
40 9 2
40 10 7
40 12 12
40 14 9
40 17 5
40 20 17
40 24 18
40 29 2
40 36 11
40 37 17
40 39 14
41 0 8
41 3 4
41 4 8
41 5 17
41 6 5
41 8 7
41 9 17
41 10 16
41 11 14
41 12 18
41 14 1
41 17 3
41 21 16
41 22 18
41 25 5
41 26 17
41 30 5
41 31 1
41 32 3
41 33 9
41 35 7
41 39 5
41 40 3
42 0 9
42 1 11
42 2 14
42 5 16
42 7 17
42 9 5
42 10 16
42 11 7
42 13 2
42 16 11
42 18 16
42 19 14
42 21 11
42 25 1
42 27 1
42 30 17
42 31 5
42 32 8
42 33 9
42 34 5
42 35 15
42 37 13
42 38 16
42 39 2
42 41 1
43 1 8
43 2 10
43 5 1
43 6 8
43 7 13
43 8 16
43 13 16
43 15 6
43 18 13
43 20 15
43 21 3
43 22 14
43 26 4
43 29 11
43 31 12
43 36 5
43 39 12
43 41 13
44 0 17
44 1 9
44 3 17
44 8 18
44 9 17
44 22 10
44 24 3
44 25 16
44 26 6
44 27 12
44 28 4
44 29 5
44 31 15
44 34 14
44 35 6
44 37 17
44 41 14
44 42 11
44 43 8
