14
1 0 41
2 0 25
2 1 55
3 0 45
3 1 25
3 2 36
4 0 52
4 1 26
4 2 14
4 3 52
5 0 16
5 1 30
5 2 28
5 3 35
5 4 14
6 0 5
6 1 36
6 2 40
6 3 3
6 4 41
6 5 12
7 0 21
7 1 23
7 2 3
7 3 15
7 4 26
7 5 6
7 6 40
8 0 2
8 1 50
8 2 14
8 3 37
8 4 50
8 5 35
8 6 48
8 7 5
9 0 6
9 1 32
9 2 51
9 3 36
9 4 50
9 5 48
9 6 45
9 7 16
9 8 35
10 0 56
10 1 12
10 2 47
10 3 27
10 4 56
10 5 24
10 6 53
10 7 32
10 8 27
10 9 48
11 0 1
11 1 27
11 2 28
11 3 18
11 4 37
11 5 54
11 6 16
11 7 56
11 8 12
11 9 48
11 10 20
12 0 43
12 1 38
12 2 31
12 3 37
12 4 33
12 5 16
12 6 50
12 7 38
12 8 33
12 9 56
12 10 54
12 11 40
13 0 5
13 1 13
13 2 14
13 3 34
13 4 18
13 5 17
13 6 13
13 7 50
13 8 1
13 9 25
13 10 22
13 11 53
13 12 40
