22
1 0 16
2 0 6
2 1 20
3 0 9
3 1 10
3 2 18
4 0 13
4 1 8
4 2 8
4 3 10
5 0 3
5 1 18
5 2 17
5 3 8
5 4 19
6 0 7
6 1 8
6 2 14
6 3 13
6 4 16
6 5 14
7 0 4
7 1 13
7 2 2
7 3 7
7 4 12
7 5 19
7 6 8
8 0 9
8 1 10
8 2 10
8 3 19
8 4 6
8 5 12
8 6 15
8 7 2
9 0 10
9 1 17
9 2 17
9 3 8
9 4 13
9 5 5
9 6 1
9 7 9
9 8 8
10 0 10
10 1 7
10 2 19
10 3 17
10 4 10
10 5 17
10 6 12
10 7 13
10 8 20
10 9 15
11 0 17
11 1 9
11 2 19
11 3 8
11 4 11
11 5 15
11 6 17
11 7 18
11 8 8
11 9 17
11 10 19
12 0 8
12 1 18
12 2 9
12 3 9
12 4 6
12 5 9
12 6 17
12 7 11
12 8 1
12 9 17
12 10 14
12 11 6
13 0 6
13 1 6
13 2 10
13 3 14
13 4 6
13 5 6
13 6 11
13 7 20
13 8 9
13 9 14
13 10 15
13 11 19
13 12 13
14 0 18
14 1 19
14 2 17
14 3 15
14 4 8
14 5 18
14 6 7
14 7 16
14 8 3
14 9 6
14 10 9
14 11 19
14 12 16
14 13 2
15 0 6
15 1 17
15 2 16
15 3 18
15 4 10
15 5 15
15 6 20
15 7 1
15 8 1
15 9 12
15 10 13
15 11 7
15 12 11
15 13 2
15 14 3
16 0 19
16 1 10
16 2 20
16 3 9
16 4 12
16 5 10
16 6 10
16 7 1
16 8 7
16 9 11
16 10 5
16 11 13
16 12 6
16 13 11
16 14 1
16 15 3
17 0 5
17 1 15
17 2 6
17 3 5
17 4 6
17 5 19
17 6 17
17 7 11
17 8 4
17 9 11
17 10 14
17 11 18
17 12 16
17 13 10
17 14 2
17 15 1
17 16 13
18 0 11
18 1 14
18 2 16
18 3 17
18 4 9
18 5 6
18 6 5
18 7 5
18 8 1
18 9 5
18 10 13
18 11 18
18 12 9
18 13 11
18 14 9
18 15 9
18 16 16
18 17 16
19 0 18
19 1 19
19 2 20
19 3 7
19 4 8
19 5 2
19 6 9
19 7 13
19 8 20
19 9 5
19 10 6
19 11 8
19 12 13
19 13 3
19 14 5
19 15 6
19 16 3
19 17 18
19 18 7
20 0 20
20 1 1
20 2 8
20 3 6
20 4 6
20 5 3
20 6 5
20 7 5
20 8 17
20 9 9
20 10 15
20 11 3
20 12 2
20 13 4
20 14 7
20 15 9
20 16 11
20 17 3
20 18 19
20 19 15
21 0 4
21 1 10
21 2 18
21 3 7
21 4 6
21 5 1
21 6 20
21 7 3
21 8 11
21 9 14
21 10 14
21 11 1
21 12 12
21 13 12
21 14 4
21 15 20
21 16 7
21 17 2
21 18 1
21 19 8
21 20 10
