63
1 0 50
2 1 64
3 1 28
4 0 60
4 1 28
4 2 3
4 3 65
5 1 53
5 2 34
5 3 52
5 4 8
6 0 3
6 1 50
6 2 2
6 3 27
6 4 40
7 2 51
7 3 35
7 4 13
7 6 38
8 0 17
8 3 6
8 4 48
8 7 18
9 0 44
9 2 33
9 3 33
9 4 14
9 5 5
9 6 63
9 8 11
10 0 27
10 3 65
10 5 42
10 6 64
10 8 26
11 1 39
11 4 66
11 5 54
11 6 52
11 9 18
11 10 44
12 0 36
12 2 8
12 4 39
12 7 11
12 10 9
13 1 33
13 2 57
13 3 15
13 5 6
13 11 58
13 12 53
14 1 53
14 2 29
14 3 67
14 4 15
14 7 39
14 8 48
14 9 18
14 10 10
14 11 9
15 2 59
15 3 48
15 8 26
15 10 47
15 11 35
15 13 65
16 2 5
16 3 57
16 5 16
16 6 41
16 10 36
16 11 59
16 14 9
16 15 29
17 1 55
17 3 25
17 4 12
17 5 1
17 6 60
17 7 21
17 12 40
18 4 6
18 5 66
18 6 56
18 7 32
18 13 50
18 14 18
18 16 61
18 17 63
19 2 52
19 3 52
19 5 3
19 7 28
19 8 9
19 9 37
19 13 56
19 14 14
19 15 66
20 2 63
20 3 4
20 6 10
20 10 60
20 12 19
20 13 50
20 15 32
20 17 45
21 0 35
21 1 6
21 2 61
21 4 55
21 6 43
21 7 31
21 9 50
22 1 45
22 2 57
22 3 31
22 5 31
22 6 46
22 10 13
22 12 64
22 13 55
22 17 23
22 18 21
22 20 52
23 1 58
23 2 45
23 3 4
23 5 58
23 6 17
23 7 65
23 11 19
23 13 61
23 15 39
23 17 1
23 18 33
23 19 3
23 22 46
24 1 31
24 2 48
24 6 52
24 9 48
24 10 7
24 13 26
24 14 60
24 18 15
24 19 25
24 20 27
24 22 2
25 0 14
25 2 47
25 3 57
25 4 14
25 7 64
25 11 34
25 14 57
25 17 22
25 18 61
25 19 9
25 22 33
26 0 8
26 2 22
26 3 1
26 5 8
26 7 9
26 8 31
26 9 42
26 11 47
26 13 38
26 15 56
26 16 24
26 17 34
26 18 20
26 22 64
26 25 4
27 1 59
27 4 60
27 5 60
27 11 9
27 12 21
27 13 60
27 14 5
27 15 49
27 16 14
27 17 1
27 18 31
27 21 7
27 25 54
28 1 8
28 2 9
28 4 5
28 5 28
28 7 55
28 9 7
28 11 27
28 13 46
28 14 57
28 15 33
28 16 55
28 17 64
28 20 2
28 21 1
28 22 15
28 24 17
28 25 33
28 27 47
29 2 51
29 5 41
29 6 5
29 8 30
29 10 57
29 13 22
29 15 44
29 16 54
29 19 48
29 22 33
29 25 32
29 27 19
29 28 11
30 1 26
30 4 21
30 5 10
30 8 31
30 9 17
30 10 2
30 11 14
30 12 27
30 13 48
30 15 31
30 20 52
30 22 8
30 23 29
30 25 24
30 28 42
30 29 12
31 0 39
31 2 37
31 6 48
31 7 53
31 9 51
31 10 7
31 12 43
31 13 38
31 17 27
31 18 37
31 22 55
31 23 54
31 27 62
31 28 23
31 29 39
32 3 18
32 4 48
32 5 62
32 6 45
32 10 28
32 13 31
32 14 55
32 15 50
32 20 35
32 22 60
32 24 67
32 27 22
32 29 64
33 0 27
33 1 62
33 3 1
33 4 46
33 8 25
33 10 52
33 11 60
33 12 17
33 16 32
33 19 61
33 21 33
33 24 9
33 25 3
33 30 27
33 32 34
34 2 60
34 7 60
34 12 52
34 16 63
34 18 39
34 23 65
34 24 5
34 25 54
35 0 47
35 2 35
35 3 31
35 6 19
35 9 62
35 16 13
35 17 41
35 19 58
35 20 28
35 21 39
35 24 46
35 27 38
35 28 19
36 3 2
36 4 7
36 8 36
36 12 23
36 14 50
36 16 20
36 18 33
36 20 7
36 26 5
36 27 8
36 28 61
36 30 58
36 31 50
36 32 25
36 33 31
37 1 63
37 7 28
37 8 39
37 9 7
37 10 43
37 14 51
37 16 53
37 17 4
37 18 20
37 26 33
37 27 21
37 28 32
37 29 46
37 30 26
37 32 13
37 36 63
38 0 28
38 1 42
38 2 60
38 5 37
38 6 61
38 7 3
38 8 66
38 12 27
38 14 29
38 16 39
38 17 58
38 18 11
38 21 30
38 22 14
38 26 12
38 28 42
38 29 16
38 31 22
38 32 49
38 33 25
38 34 22
38 35 43
38 36 15
38 37 19
39 1 67
39 2 42
39 3 67
39 5 33
39 6 34
39 7 61
39 9 21
39 14 26
39 17 66
39 19 61
39 20 44
39 21 18
39 22 52
39 23 38
39 25 11
39 27 34
39 29 19
39 32 15
39 33 59
39 34 66
39 38 18
40 0 35
40 1 46
40 5 63
40 10 20
40 11 63
40 12 32
40 15 32
40 19 3
40 20 2
40 21 50
40 22 46
40 23 10
40 24 31
40 26 3
40 27 10
40 32 65
40 33 36
40 35 42
40 36 19
40 37 59
40 38 22
40 39 7
41 4 47
41 9 20
41 10 26
41 14 34
41 16 53
41 17 9
41 18 24
41 20 57
41 21 29
41 23 35
41 24 45
41 26 57
41 29 6
41 30 64
41 33 52
41 36 42
41 37 38
41 38 12
42 0 33
42 1 9
42 2 4
42 3 42
42 4 7
42 5 43
42 6 29
42 8 22
42 9 53
42 10 67
42 11 9
42 12 47
42 13 44
42 14 32
42 15 36
42 18 42
42 20 16
42 21 63
42 22 8
42 23 62
42 24 58
42 25 30
42 26 62
42 32 36
42 33 25
42 36 60
43 3 42
43 4 34
43 7 65
43 10 67
43 12 6
43 14 30
43 16 5
43 18 56
43 19 5
43 20 58
43 22 25
43 24 3
43 25 42
43 26 3
43 27 16
43 30 65
43 32 20
43 33 11
43 34 65
43 35 66
43 41 64
43 42 47
44 3 55
44 8 5
44 10 6
44 13 40
44 15 16
44 18 65
44 19 12
44 20 13
44 21 47
44 23 13
44 27 44
44 28 18
44 29 66
44 31 47
44 32 4
44 33 37
44 35 34
44 36 29
44 41 26
44 42 17
44 43 18
45 2 6
45 3 39
45 4 39
45 6 66
45 10 24
45 12 38
45 13 18
45 14 3
45 16 11
45 19 15
45 21 29
45 23 64
45 27 22
45 29 33
45 32 47
45 35 38
45 36 60
45 37 26
45 38 21
45 39 30
45 40 13
45 43 44
46 2 34
46 5 41
46 8 52
46 11 2
46 15 10
46 16 39
46 17 55
46 18 57
46 19 17
46 20 13
46 22 14
46 23 13
46 25 50
46 26 2
46 27 39
46 28 30
46 31 25
46 34 50
46 35 62
46 37 3
46 39 10
46 40 13
46 41 30
46 44 42
46 45 56
47 0 12
47 1 30
47 2 6
47 3 63
47 4 30
47 9 38
47 10 10
47 11 37
47 13 47
47 14 37
47 16 16
47 17 53
47 18 36
47 20 56
47 22 34
47 23 41
47 24 61
47 26 39
47 29 7
47 30 24
47 31 55
47 32 61
47 35 34
47 38 62
47 39 21
47 43 36
47 44 59
47 45 2
47 46 39
48 1 2
48 4 14
48 5 8
48 6 36
48 10 59
48 12 43
48 16 48
48 19 56
48 22 64
48 25 32
48 28 42
48 29 67
48 31 55
48 35 7
48 37 49
48 38 34
48 41 25
48 43 2
48 47 43
49 0 50
49 2 35
49 3 52
49 4 25
49 5 54
49 8 67
49 11 41
49 14 63
49 15 52
49 16 47
49 18 48
49 19 2
49 21 31
49 23 13
49 24 26
49 25 66
49 28 15
49 30 7
49 35 47
49 36 18
49 37 55
49 39 46
49 40 66
49 43 38
49 45 58
49 47 40
49 48 42
50 4 38
50 5 46
50 7 35
50 9 3
50 12 14
50 13 61
50 16 53
50 17 60
50 19 29
50 20 48
50 22 47
50 23 58
50 25 54
50 28 15
50 29 6
50 32 21
50 33 46
50 34 12
50 35 45
50 37 38
50 38 49
50 39 29
50 41 32
50 43 9
50 44 45
50 45 6
50 47 61
51 2 15
51 4 15
51 6 37
51 7 67
51 8 51
51 9 67
51 11 39
51 13 64
51 16 63
51 17 35
51 19 44
51 21 16
51 22 58
51 23 15
51 24 56
51 27 51
51 31 30
51 33 46
51 35 14
51 37 50
51 38 38
51 40 60
51 43 67
51 44 56
51 45 28
51 46 3
51 47 39
51 50 13
52 0 26
52 3 54
52 4 12
52 9 63
52 10 11
52 11 2
52 14 41
52 18 2
52 20 49
52 24 51
52 25 67
52 26 17
52 27 64
52 28 45
52 29 31
52 30 67
52 32 61
52 33 31
52 37 25
52 38 5
52 39 51
52 41 27
52 42 53
52 43 67
52 46 40
52 48 62
52 51 2
53 5 53
53 12 48
53 13 30
53 16 45
53 17 7
53 19 11
53 21 27
53 23 67
53 27 13
53 30 19
53 31 1
53 34 33
53 36 41
53 37 67
53 38 34
53 39 23
53 41 64
53 43 61
53 44 22
53 48 24
53 51 9
54 1 30
54 3 47
54 4 34
54 5 35
54 6 27
54 10 40
54 12 37
54 14 48
54 15 17
54 23 62
54 25 51
54 29 18
54 33 23
54 34 63
54 36 18
54 37 30
54 39 32
54 41 66
54 43 13
54 44 56
54 45 33
54 46 15
54 47 10
54 48 65
54 51 23
54 52 56
55 0 49
55 4 41
55 6 29
55 9 22
55 10 59
55 13 9
55 14 38
55 19 62
55 22 20
55 25 3
55 26 10
55 27 49
55 28 51
55 29 30
55 30 10
55 32 36
55 34 66
55 35 20
55 36 5
55 40 25
55 45 39
55 48 65
55 53 15
56 1 12
56 2 18
56 3 66
56 4 36
56 5 34
56 8 44
56 12 4
56 15 49
56 19 33
56 20 42
56 21 32
56 22 33
56 24 1
56 26 34
56 29 19
56 30 35
56 31 26
56 32 13
56 33 61
56 34 47
56 38 35
56 42 4
56 43 27
56 46 24
56 47 22
56 51 1
56 52 52
56 53 53
57 1 33
57 2 7
57 3 31
57 5 25
57 9 18
57 10 49
57 11 5
57 16 55
57 18 48
57 19 23
57 20 38
57 21 5
57 23 24
57 24 15
57 26 46
57 29 17
57 30 31
57 34 34
57 35 54
57 36 47
57 37 63
57 39 26
57 40 25
57 42 38
57 44 1
57 47 13
57 48 67
57 49 42
57 50 41
57 51 44
57 53 22
57 54 14
57 55 31
58 0 10
58 1 21
58 2 34
58 4 46
58 10 17
58 15 36
58 16 25
58 17 9
58 18 34
58 20 42
58 21 57
58 23 1
58 24 16
58 26 3
58 27 15
58 29 11
58 33 60
58 34 6
58 35 20
58 36 44
58 38 38
58 39 12
58 40 57
58 41 9
58 44 60
58 45 33
58 46 4
58 48 6
58 50 12
58 51 63
58 52 62
58 53 20
58 55 50
58 57 3
59 1 24
59 2 30
59 5 41
59 11 12
59 14 7
59 16 24
59 18 60
59 19 63
59 20 50
59 25 3
59 27 59
59 30 59
59 35 24
59 39 42
59 40 16
59 41 49
59 42 37
59 43 62
59 46 48
59 47 22
59 48 57
59 49 14
59 50 54
59 54 14
59 57 44
59 58 28
60 0 26
60 1 50
60 2 37
60 4 20
60 6 17
60 7 13
60 10 7
60 11 55
60 12 3
60 15 25
60 16 29
60 18 42
60 22 39
60 24 23
60 25 21
60 28 25
60 30 28
60 31 21
60 32 54
60 37 5
60 38 13
60 39 20
60 40 66
60 41 47
60 44 10
60 45 21
60 47 8
60 50 27
60 51 61
60 53 15
60 56 38
60 59 2
61 2 61
61 3 52
61 7 30
61 10 22
61 12 10
61 13 42
61 15 43
61 18 27
61 19 21
61 22 25
61 23 39
61 25 31
61 26 31
61 27 8
61 32 12
61 33 36
61 39 47
61 40 58
61 41 36
61 42 66
61 43 58
61 44 26
61 46 16
61 50 46
61 51 38
61 55 38
61 58 50
61 59 67
62 2 52
62 4 19
62 5 21
62 6 10
62 7 30
62 13 47
62 15 56
62 16 6
62 23 66
62 25 34
62 27 24
62 32 21
62 35 29
62 37 9
62 39 57
62 40 12
62 44 39
62 46 51
62 47 39
62 48 50
62 51 32
62 52 50
62 54 18
62 55 25
62 58 44
62 59 30
62 60 25
