25
1 0 42
2 0 35
2 1 26
3 0 41
3 1 14
4 0 12
4 2 3
5 4 35
6 1 21
6 2 24
6 3 19
6 5 1
7 2 23
7 3 22
7 4 27
7 6 39
8 1 38
8 3 25
8 4 44
8 5 8
8 6 12
9 1 17
9 4 27
9 5 15
9 6 41
10 1 12
10 2 5
10 5 6
10 6 27
10 7 18
10 8 43
10 9 31
11 1 16
11 2 32
11 3 41
11 6 5
11 7 1
12 0 6
12 3 15
12 5 14
12 7 27
12 8 9
12 9 23
13 0 6
13 2 35
13 3 19
13 6 35
13 8 1
13 9 14
13 11 40
13 12 11
14 1 21
14 2 22
14 3 30
14 8 39
14 9 21
14 10 3
14 12 10
15 2 9
15 3 10
15 9 32
15 10 24
15 11 37
15 12 20
15 14 15
16 0 34
16 4 44
16 5 24
16 8 9
16 9 30
16 10 43
16 12 25
16 13 29
16 14 8
17 0 36
17 1 19
17 4 2
17 5 13
17 7 27
17 10 30
17 12 29
17 13 17
17 15 11
18 3 42
18 7 28
18 9 16
18 10 31
18 13 18
18 14 12
18 15 31
18 16 31
19 1 28
19 3 1
19 4 10
19 7 41
19 11 25
19 13 34
19 14 12
19 15 18
19 16 43
20 3 39
20 5 25
20 6 35
20 8 24
20 10 6
20 13 44
20 15 37
20 18 3
20 19 30
21 0 32
21 1 43
21 5 29
21 6 3
21 7 34
21 8 9
21 10 23
21 13 4
21 14 30
21 16 3
21 19 11
21 20 41
22 4 33
22 6 9
22 9 34
22 11 10
22 12 41
22 15 6
22 16 5
22 17 13
22 19 39
22 20 4
22 21 27
23 0 22
23 5 22
23 6 18
23 7 9
23 8 4
23 11 23
23 12 4
23 13 1
23 14 24
23 15 43
23 16 42
23 17 37
23 19 17
23 21 23
23 22 14
24 0 10
24 1 12
24 4 5
24 5 43
24 7 43
24 8 28
24 9 42
24 10 21
24 11 38
24 13 24
24 15 21
24 17 41
24 18 22
24 19 30
24 20 25
24 21 38
24 23 25
