38
2 1 46
3 2 40
4 0 28
4 1 20
4 2 40
5 1 35
6 4 31
7 2 53
8 0 11
8 1 29
8 5 31
8 6 27
9 1 50
9 2 46
9 5 35
9 7 24
9 8 7
10 1 44
10 3 53
10 5 31
10 6 12
10 7 23
10 8 33
10 9 7
11 0 29
11 2 31
11 3 13
11 4 40
11 6 22
11 7 11
11 10 46
12 0 36
12 2 4
12 4 45
12 6 22
12 7 11
12 9 20
12 11 15
13 0 50
13 5 19
13 6 42
13 7 26
13 8 39
13 10 44
13 12 13
14 0 34
14 4 42
14 5 38
14 8 35
14 10 13
14 12 12
14 13 24
15 0 8
15 2 7
15 3 36
15 4 8
15 6 40
15 9 38
15 10 48
16 1 27
16 2 35
16 8 15
16 10 48
16 11 51
16 13 47
16 14 34
17 0 22
17 2 33
17 3 47
17 4 8
17 7 40
17 8 54
17 10 41
17 13 49
17 14 20
17 15 27
18 1 29
18 3 6
18 7 53
18 10 3
18 13 4
18 14 18
18 16 3
18 17 22
19 3 29
19 4 7
19 5 22
19 8 1
19 13 27
19 15 7
19 18 21
20 1 46
20 2 5
20 5 43
20 7 14
20 9 50
20 10 47
20 11 33
20 13 53
20 14 42
20 16 29
20 17 22
20 18 22
21 0 5
21 2 41
21 6 21
21 8 42
21 9 25
21 12 14
21 13 48
21 14 46
21 18 6
22 0 32
22 1 1
22 2 26
22 3 47
22 8 38
22 13 7
22 14 38
22 16 12
22 17 9
22 19 15
22 20 16
22 21 12
23 0 12
23 3 48
23 4 30
23 7 14
23 8 42
23 9 51
23 10 5
23 12 52
23 13 25
23 15 9
23 16 11
23 17 50
23 18 23
23 19 53
24 2 35
24 3 10
24 8 15
24 9 38
24 10 46
24 12 29
24 13 54
24 14 40
24 15 7
24 16 54
24 17 32
24 19 37
24 20 14
25 0 36
25 2 24
25 4 6
25 9 37
25 10 19
25 12 36
25 14 3
25 15 22
25 22 38
26 1 31
26 2 19
26 4 50
26 7 48
26 11 41
26 12 14
26 14 54
26 15 34
26 19 34
26 20 31
26 23 21
26 24 52
27 1 40
27 6 14
27 8 20
27 10 30
27 12 33
27 13 19
27 14 54
27 21 28
27 22 49
27 25 11
27 26 37
28 1 30
28 8 39
28 9 34
28 10 35
28 12 30
28 16 48
28 17 26
28 18 15
28 19 17
28 21 18
28 23 15
28 25 4
29 0 24
29 1 20
29 3 43
29 4 32
29 6 10
29 10 12
29 11 48
29 12 21
29 14 49
29 15 45
29 16 45
29 18 36
29 23 46
29 25 37
29 26 1
29 27 27
30 0 26
30 7 38
30 8 32
30 9 32
30 13 4
30 14 10
30 18 54
30 20 30
30 22 7
30 23 38
30 24 50
30 28 2
31 1 10
31 2 26
31 4 54
31 6 33
31 7 12
31 8 54
31 10 38
31 11 35
31 20 27
31 23 45
31 24 25
31 25 40
31 26 12
31 30 18
32 2 36
32 4 54
32 6 27
32 9 3
32 11 51
32 13 25
32 15 49
32 17 24
32 25 18
32 28 41
32 30 23
33 0 3
33 2 30
33 3 54
33 4 30
33 5 16
33 7 24
33 9 2
33 10 48
33 12 49
33 14 42
33 15 26
33 18 46
33 19 12
33 20 40
33 21 47
33 22 53
33 23 37
33 27 29
33 30 19
33 31 45
33 32 33
34 1 7
34 5 47
34 9 51
34 10 1
34 14 33
34 15 4
34 16 35
34 17 44
34 18 37
34 19 39
34 20 47
34 22 40
35 0 3
35 1 36
35 10 39
35 12 31
35 17 46
35 22 28
35 23 49
35 27 42
35 29 27
35 30 44
35 31 7
36 0 11
36 3 36
36 11 27
36 12 16
36 13 6
36 18 22
36 21 16
36 22 22
36 23 11
36 24 37
36 27 24
36 29 46
36 30 34
36 32 44
36 33 27
36 35 31
37 1 46
37 2 12
37 3 53
37 7 13
37 8 15
37 9 35
37 13 44
37 14 35
37 19 16
37 21 30
37 22 18
37 23 28
37 25 21
37 28 39
37 31 32
37 32 37
37 33 27
37 34 27
