44
3 0 24
4 0 6
4 1 24
4 2 13
4 3 15
6 0 10
6 1 17
6 3 2
6 4 29
7 0 10
7 2 5
7 6 21
8 0 10
8 1 28
8 3 10
8 5 22
9 0 12
9 1 5
9 5 22
9 7 9
9 8 3
10 3 22
10 4 12
10 5 29
10 6 3
10 7 20
10 8 16
11 0 25
11 3 10
11 4 6
11 5 23
11 6 8
11 7 23
11 8 3
11 9 23
12 0 20
12 2 15
12 6 10
12 9 12
13 3 21
13 5 3
13 7 26
13 11 2
13 12 25
14 0 26
14 1 19
14 4 22
14 7 8
14 8 13
14 9 18
14 12 3
14 13 11
15 3 22
15 4 12
15 7 1
15 9 2
15 11 2
15 12 11
15 13 15
16 0 29
16 1 10
16 2 15
16 4 1
16 5 17
16 6 22
16 7 25
16 9 24
16 11 12
16 12 22
16 13 9
16 14 13
17 2 14
17 4 1
17 5 12
17 6 29
17 7 19
17 8 21
17 9 9
17 12 29
17 14 22
17 16 16
18 2 13
18 5 10
18 7 30
18 12 1
18 13 17
18 14 12
18 16 12
19 0 6
19 3 5
19 4 3
19 5 16
19 7 12
19 8 23
19 10 27
19 14 22
19 16 9
20 0 3
20 1 11
20 5 6
20 6 27
20 11 10
20 12 13
20 14 28
20 17 4
21 2 1
21 4 29
21 9 11
21 11 9
21 14 24
21 15 15
21 16 6
21 17 14
21 18 11
22 2 30
22 4 5
22 11 2
22 12 5
22 14 7
22 15 19
22 16 5
22 17 14
22 18 15
22 20 10
23 2 7
23 4 27
23 5 30
23 6 29
23 8 26
23 9 16
23 11 22
23 13 22
23 14 14
23 15 1
23 16 13
23 22 10
24 0 10
24 8 2
24 10 8
24 13 20
24 15 29
24 16 10
24 18 2
24 19 29
24 21 16
24 22 11
25 0 17
25 1 15
25 3 9
25 9 7
25 13 10
25 16 13
25 19 8
25 22 1
25 23 25
25 24 10
26 2 27
26 3 13
26 5 15
26 6 28
26 7 15
26 8 28
26 10 23
26 14 17
26 15 20
26 18 17
26 19 25
26 20 11
26 21 5
26 22 24
26 24 24
27 1 5
27 3 28
27 5 3
27 7 6
27 9 28
27 10 6
27 13 17
27 15 16
27 18 18
27 19 8
27 20 29
27 22 22
27 24 21
27 25 4
28 2 2
28 5 4
28 9 23
28 10 25
28 11 28
28 12 19
28 16 29
28 18 9
28 19 27
28 22 2
28 23 6
28 25 19
28 27 28
29 0 23
29 2 28
29 4 13
29 7 13
29 9 24
29 10 2
29 13 14
29 14 14
29 18 15
29 23 4
29 25 24
29 27 24
30 0 6
30 1 11
30 2 17
30 3 24
30 5 17
30 7 25
30 10 11
30 13 4
30 15 16
30 16 25
30 17 22
30 18 22
30 19 14
30 20 10
30 29 28
31 0 25
31 1 21
31 2 14
31 4 15
31 5 16
31 7 11
31 8 23
31 12 15
31 18 4
31 19 21
31 23 26
31 24 6
31 25 18
31 28 30
31 29 23
31 30 6
32 1 11
32 3 24
32 4 11
32 7 3
32 11 15
32 12 11
32 17 8
32 18 13
32 23 2
32 25 16
32 27 10
32 28 28
33 7 25
33 8 30
33 10 15
33 11 12
33 13 14
33 14 22
33 15 20
33 16 29
33 18 5
33 19 7
33 20 12
33 21 15
33 22 22
33 24 17
33 25 12
33 26 14
33 27 21
33 32 7
34 0 14
34 1 8
34 3 26
34 4 27
34 7 24
34 8 27
34 9 20
34 12 8
34 25 10
34 26 24
34 27 12
34 30 29
34 33 19
35 0 13
35 2 27
35 4 22
35 9 11
35 11 11
35 12 30
35 13 26
35 14 15
35 15 9
35 16 16
35 18 19
35 20 2
35 23 10
35 25 15
35 28 18
35 29 13
35 30 25
35 32 29
36 0 5
36 1 17
36 6 11
36 10 17
36 11 16
36 12 7
36 13 28
36 15 1
36 18 5
36 20 17
36 24 7
36 25 21
36 27 21
36 28 14
36 29 8
36 30 1
36 31 10
36 34 23
37 0 1
37 2 19
37 3 19
37 5 12
37 10 17
37 11 9
37 12 1
37 13 12
37 14 26
37 17 27
37 19 13
37 20 28
37 22 18
37 24 25
37 27 29
37 28 20
37 29 4
37 30 16
37 31 18
37 32 24
37 33 25
37 35 27
37 36 25
38 1 24
38 2 14
38 3 20
38 4 7
38 7 22
38 8 17
38 9 23
38 10 16
38 12 16
38 13 14
38 16 8
38 23 4
38 24 18
38 25 12
38 28 19
38 30 15
38 31 17
38 36 2
38 37 11
39 0 1
39 1 28
39 3 4
39 4 9
39 6 27
39 7 5
39 9 29
39 10 23
39 11 30
39 12 9
39 13 21
39 17 2
39 20 30
39 21 6
39 25 11
39 26 23
39 27 29
39 31 8
39 32 20
39 35 4
39 38 28
40 1 15
40 2 14
40 4 14
40 5 20
40 8 16
40 9 1
40 10 3
40 13 28
40 15 11
40 16 30
40 17 19
40 20 28
40 22 13
40 29 12
40 30 2
40 32 6
40 33 14
40 37 12
40 38 10
40 39 9
41 1 10
41 2 21
41 3 26
41 5 26
41 6 1
41 7 5
41 8 29
41 9 30
41 10 23
41 11 16
41 12 16
41 15 27
41 16 20
41 17 30
41 20 14
41 21 14
41 22 10
41 24 15
41 25 15
41 27 28
41 28 28
41 33 17
41 34 27
41 39 9
41 40 23
42 0 3
42 4 14
42 6 9
42 7 18
42 10 13
42 14 30
42 15 26
42 18 14
42 21 10
42 22 16
42 24 29
42 28 6
42 29 13
42 30 16
42 31 1
42 32 3
42 33 27
42 37 29
42 38 7
42 41 15
43 0 18
43 4 20
43 9 10
43 11 12
43 12 13
43 13 3
43 15 21
43 16 15
43 17 5
43 19 24
43 21 30
43 22 30
43 24 1
43 25 29
43 26 2
43 27 29
43 28 13
43 30 25
43 31 2
43 32 30
43 33 3
43 34 17
43 37 15
43 38 28
43 40 27
