61
3 2 13
4 0 3
4 3 10
5 0 1
5 3 14
5 4 4
6 0 4
6 1 10
6 4 11
7 3 11
7 6 5
8 0 7
8 1 14
8 2 8
8 4 3
8 7 3
9 0 13
9 1 12
9 2 13
9 3 9
9 6 12
9 8 14
10 0 3
10 3 14
10 4 13
10 5 10
10 6 3
10 7 3
10 8 11
10 9 12
11 0 14
11 1 13
11 2 11
11 3 7
11 4 13
11 7 13
11 9 4
11 10 9
12 0 2
12 1 14
12 2 13
12 3 2
12 5 10
12 6 6
13 0 3
13 1 8
13 4 1
13 10 3
13 12 9
14 0 5
14 3 9
14 5 6
14 6 3
14 9 8
14 10 10
14 12 10
15 0 3
15 2 9
15 3 13
15 6 5
15 7 13
15 8 4
15 9 14
16 1 5
16 4 5
16 5 2
16 6 9
16 7 6
16 11 14
16 13 7
16 15 13
17 1 7
17 2 13
17 3 4
17 7 6
17 8 11
17 13 5
17 15 6
18 0 11
18 1 9
18 2 9
18 4 5
18 7 3
18 8 8
18 9 1
18 10 8
18 11 3
18 12 1
18 14 13
18 15 2
18 16 5
18 17 11
19 1 6
19 9 1
19 10 6
19 14 3
19 16 7
19 17 11
19 18 9
20 0 9
20 1 10
20 3 8
20 4 13
20 5 14
20 7 2
20 9 8
20 12 14
20 13 1
20 17 11
20 19 1
21 0 8
21 1 13
21 2 11
21 3 6
21 5 12
21 7 5
21 10 12
21 11 8
21 13 1
21 14 6
21 15 6
21 16 4
21 17 14
21 18 3
21 20 7
22 1 6
22 5 9
22 6 11
22 7 8
22 8 1
22 10 6
22 11 6
22 12 4
22 14 1
22 15 6
22 18 1
22 20 8
22 21 9
23 1 1
23 3 4
23 5 13
23 6 11
23 7 4
23 10 1
23 12 3
23 13 7
23 17 7
23 18 14
23 19 7
23 21 14
24 1 7
24 4 14
24 5 7
24 7 6
24 8 2
24 9 7
24 11 4
24 12 3
24 17 2
24 18 14
24 19 12
24 20 1
24 21 14
25 1 4
25 4 6
25 6 4
25 8 3
25 9 9
25 11 4
25 12 11
25 13 11
25 16 4
25 17 14
25 20 5
25 23 11
25 24 14
26 0 4
26 1 1
26 2 12
26 7 7
26 9 9
26 10 1
26 12 5
26 14 14
26 17 7
26 19 6
26 20 13
26 23 6
26 24 2
27 0 14
27 2 13
27 3 4
27 4 8
27 5 14
27 8 9
27 9 13
27 11 3
27 14 13
27 16 10
27 20 9
27 21 5
27 24 5
27 25 4
28 0 6
28 1 6
28 4 12
28 6 9
28 7 2
28 11 2
28 14 7
28 15 2
28 16 8
28 17 9
28 21 5
28 25 2
29 1 4
29 4 4
29 6 6
29 7 14
29 8 3
29 11 6
29 12 11
29 14 4
29 17 10
29 18 10
29 20 14
29 24 5
29 27 14
30 1 11
30 2 4
30 3 6
30 5 10
30 6 10
30 7 6
30 8 5
30 9 7
30 12 10
30 13 12
30 14 11
30 16 13
30 18 7
30 20 14
30 24 14
30 26 1
30 27 11
30 28 7
31 2 12
31 3 6
31 4 4
31 8 14
31 10 4
31 11 11
31 12 9
31 13 10
31 15 7
31 17 5
31 18 9
31 19 5
31 20 10
31 21 8
31 22 1
31 23 11
31 25 9
31 26 10
31 27 11
31 29 9
32 0 12
32 1 12
32 3 9
32 5 3
32 6 9
32 7 6
32 8 13
32 9 3
32 11 1
32 12 7
32 13 13
32 16 2
32 17 12
32 19 5
32 20 10
32 21 2
32 22 9
32 24 11
32 30 2
32 31 12
33 0 5
33 3 5
33 5 6
33 7 3
33 14 3
33 15 1
33 17 1
33 19 9
33 24 8
33 29 6
33 30 7
34 0 9
34 2 3
34 4 8
34 5 8
34 8 5
34 9 7
34 10 5
34 11 13
34 12 7
34 14 14
34 21 5
34 30 1
34 32 12
35 3 11
35 4 4
35 6 10
35 10 10
35 13 2
35 15 4
35 16 12
35 21 6
35 29 7
35 30 6
35 31 3
35 33 1
35 34 12
36 0 4
36 2 7
36 3 10
36 5 5
36 6 2
36 8 8
36 14 6
36 15 2
36 19 8
36 22 2
36 23 4
36 24 8
36 26 3
36 28 5
36 29 3
36 30 6
36 32 10
36 33 4
36 35 7
37 0 7
37 3 4
37 4 14
37 6 9
37 7 10
37 10 5
37 11 4
37 12 11
37 14 5
37 16 13
37 18 7
37 20 13
37 21 8
37 22 6
37 25 7
37 26 9
37 30 9
37 31 14
37 32 5
37 33 7
37 34 2
37 36 5
38 0 6
38 1 10
38 2 2
38 3 13
38 5 12
38 6 3
38 8 13
38 11 3
38 19 9
38 20 2
38 21 5
38 22 3
38 23 3
38 24 10
38 25 8
38 28 2
38 29 1
38 31 7
38 33 14
38 34 12
38 35 10
39 1 3
39 4 5
39 5 11
39 7 4
39 8 8
39 9 4
39 10 4
39 11 9
39 16 8
39 19 2
39 20 10
39 21 12
39 22 7
39 23 8
39 30 4
39 34 10
39 35 6
39 38 4
40 1 9
40 3 4
40 4 8
40 6 8
40 7 5
40 9 4
40 13 6
40 14 11
40 16 11
40 17 1
40 21 5
40 22 9
40 23 11
40 25 10
40 26 5
40 28 13
40 32 11
40 33 7
40 34 4
40 35 3
40 37 3
40 38 2
41 6 13
41 11 8
41 12 5
41 15 10
41 16 12
41 17 13
41 20 4
41 26 14
41 27 4
41 28 12
41 30 6
41 35 10
41 38 6
41 39 3
41 40 10
42 1 6
42 2 6
42 5 12
42 6 14
42 11 1
42 12 13
42 15 2
42 16 5
42 17 2
42 18 12
42 19 13
42 20 4
42 21 12
42 22 7
42 24 8
42 27 6
42 29 6
42 31 2
42 32 4
42 33 6
42 37 4
42 39 9
42 40 13
43 0 6
43 1 5
43 2 3
43 6 7
43 8 13
43 9 5
43 10 3
43 11 8
43 14 2
43 15 12
43 16 4
43 17 11
43 20 13
43 21 9
43 22 10
43 26 8
43 27 4
43 28 1
43 31 1
43 32 14
43 33 10
43 34 14
43 36 2
43 38 11
43 40 5
43 42 1
44 0 11
44 3 6
44 4 12
44 9 3
44 11 13
44 12 14
44 14 9
44 15 5
44 16 8
44 18 14
44 20 9
44 21 5
44 24 3
44 25 1
44 28 7
44 32 6
44 33 4
44 36 6
44 43 5
45 0 6
45 2 4
45 3 12
45 6 9
45 7 9
45 8 14
45 10 9
45 11 13
45 12 2
45 13 8
45 20 6
45 24 11
45 30 5
45 32 10
45 33 9
45 34 2
45 35 4
45 36 1
45 40 3
45 41 14
45 42 3
46 1 13
46 3 3
46 4 11
46 5 6
46 9 3
46 13 11
46 15 12
46 16 11
46 18 7
46 19 6
46 21 10
46 23 11
46 26 4
46 29 11
46 30 13
46 34 1
46 35 14
46 36 1
46 40 9
46 42 8
46 43 7
46 44 9
47 8 13
47 10 1
47 15 6
47 16 6
47 21 13
47 24 8
47 25 13
47 26 14
47 27 3
47 32 11
47 33 3
47 36 7
47 38 14
47 40 8
47 41 10
47 42 1
47 43 3
47 44 12
47 45 7
48 0 12
48 1 7
48 2 14
48 7 14
48 8 1
48 9 8
48 11 10
48 12 1
48 13 12
48 17 3
48 18 9
48 20 10
48 24 2
48 25 8
48 27 11
48 29 5
48 30 6
48 33 5
48 36 8
48 37 13
48 43 8
48 45 4
49 0 11
49 2 3
49 3 13
49 4 4
49 5 10
49 7 5
49 8 12
49 10 2
49 13 7
49 14 3
49 19 12
49 21 1
49 22 5
49 23 5
49 25 11
49 26 8
49 27 6
49 29 1
49 30 4
49 33 5
49 34 4
49 35 2
49 36 7
49 37 10
49 39 9
49 41 4
49 42 12
49 46 7
50 0 10
50 1 10
50 2 13
50 3 4
50 4 8
50 5 12
50 6 8
50 7 14
50 10 7
50 13 8
50 14 3
50 18 1
50 19 14
50 21 3
50 23 13
50 24 7
50 25 5
50 28 3
50 29 2
50 30 5
50 31 2
50 33 11
50 34 6
50 35 2
50 36 1
50 37 11
50 39 12
50 40 3
50 41 1
50 44 11
50 49 10
51 2 3
51 5 3
51 6 8
51 7 13
51 8 6
51 9 3
51 11 6
51 13 6
51 16 8
51 17 12
51 18 12
51 19 14
51 20 13
51 23 12
51 24 8
51 26 10
51 29 7
51 30 9
51 34 3
51 36 3
51 38 1
51 41 14
51 43 11
51 44 14
51 45 9
51 46 9
52 6 11
52 7 4
52 8 11
52 10 13
52 11 13
52 12 10
52 16 7
52 17 3
52 20 10
52 21 3
52 22 13
52 25 14
52 26 6
52 27 12
52 29 9
52 30 6
52 33 13
52 34 2
52 43 10
52 44 4
52 46 1
52 51 2
53 0 5
53 3 12
53 4 1
53 8 2
53 9 10
53 17 1
53 22 10
53 24 3
53 27 4
53 29 10
53 30 9
53 33 4
53 36 10
53 37 2
53 38 8
53 40 10
53 41 5
53 42 6
53 43 13
53 44 12
53 49 5
54 0 7
54 1 10
54 2 7
54 3 7
54 4 13
54 8 5
54 9 11
54 10 14
54 16 14
54 17 2
54 20 11
54 21 1
54 22 11
54 23 9
54 26 9
54 27 6
54 28 1
54 29 14
54 30 12
54 32 12
54 33 6
54 35 14
54 36 14
54 37 3
54 41 5
54 42 1
54 43 12
54 45 2
54 46 4
54 53 2
55 2 13
55 4 12
55 11 12
55 12 9
55 22 2
55 23 12
55 24 14
55 28 7
55 29 14
55 30 6
55 32 13
55 34 14
55 35 7
55 36 9
55 38 9
55 41 3
55 43 14
55 44 8
55 45 13
55 46 6
55 47 6
55 48 6
55 50 9
55 53 6
55 54 4
56 0 6
56 1 5
56 3 6
56 6 6
56 8 3
56 10 13
56 11 2
56 13 10
56 21 6
56 30 12
56 32 14
56 37 13
56 40 14
56 41 3
56 44 7
56 46 14
56 49 3
56 50 4
56 51 7
56 52 8
56 54 1
57 1 2
57 2 14
57 4 12
57 7 7
57 8 4
57 9 4
57 10 12
57 11 7
57 12 14
57 17 5
57 19 1
57 21 12
57 23 7
57 25 1
57 26 10
57 27 8
57 30 9
57 31 2
57 33 8
57 34 3
57 36 3
57 38 8
57 39 7
57 43 13
57 45 3
57 51 12
57 55 5
58 0 10
58 2 11
58 3 7
58 4 9
58 7 12
58 8 9
58 9 6
58 10 10
58 11 14
58 15 1
58 17 1
58 18 4
58 23 11
58 24 9
58 26 4
58 27 4
58 28 9
58 30 6
58 33 2
58 35 3
58 36 5
58 37 12
58 38 9
58 39 11
58 40 3
58 42 3
58 46 12
58 48 14
58 49 14
58 51 13
58 53 6
58 55 11
59 0 8
59 2 14
59 3 10
59 5 14
59 6 14
59 9 14
59 11 13
59 12 9
59 13 5
59 14 2
59 15 8
59 18 7
59 21 6
59 22 14
59 23 6
59 25 1
59 29 4
59 30 6
59 31 11
59 32 5
59 33 11
59 35 11
59 44 3
59 45 1
59 48 14
59 50 1
59 51 8
59 52 2
59 54 9
59 55 5
59 56 12
59 57 3
59 58 14
60 3 2
60 6 12
60 7 12
60 9 4
60 10 2
60 12 6
60 13 13
60 14 13
60 15 6
60 16 11
60 19 12
60 20 14
60 22 6
60 24 12
60 25 1
60 27 2
60 30 13
60 31 3
60 32 2
60 34 13
60 35 7
60 37 11
60 43 5
60 46 8
60 48 7
60 49 2
60 50 10
60 52 8
60 53 10
60 56 4
60 59 12
