25
1 0 1
2 0 3
2 1 1
3 0 2
3 1 4
3 2 1
4 0 2
4 1 2
4 2 4
4 3 2
5 0 1
5 1 5
5 2 2
5 3 5
5 4 4
6 0 4
6 1 4
6 2 3
6 3 5
6 4 1
6 5 5
7 0 2
7 1 2
7 2 4
7 3 1
7 4 1
7 5 5
7 6 5
8 0 2
8 1 4
8 2 3
8 3 1
8 4 5
8 5 5
8 6 5
8 7 1
9 0 2
9 1 5
9 2 5
9 3 1
9 4 5
9 5 1
9 6 4
9 7 5
9 8 4
10 0 4
10 1 2
10 2 2
10 3 2
10 4 4
10 5 5
10 6 2
10 7 3
10 8 1
10 9 3
11 0 1
11 1 5
11 2 2
11 3 3
11 4 5
11 5 1
11 6 5
11 7 3
11 8 2
11 9 3
11 10 3
12 0 5
12 1 5
12 2 5
12 3 3
12 4 2
12 5 3
12 6 1
12 7 2
12 8 1
12 9 2
12 10 3
12 11 1
13 0 3
13 1 3
13 2 4
13 3 4
13 4 4
13 5 4
13 6 5
13 7 5
13 8 5
13 9 5
13 10 5
13 11 3
13 12 4
14 0 2
14 1 3
14 2 1
14 3 3
14 4 5
14 5 3
14 6 3
14 7 2
14 8 5
14 9 5
14 10 4
14 11 1
14 12 3
14 13 5
15 0 1
15 1 2
15 2 5
15 3 1
15 4 1
15 5 4
15 6 1
15 7 3
15 8 2
15 9 3
15 10 1
15 11 4
15 12 3
15 13 2
15 14 3
16 0 5
16 1 2
16 2 3
16 3 4
16 4 3
16 5 4
16 6 3
16 7 1
16 8 5
16 9 4
16 10 4
16 11 3
16 12 1
16 13 2
16 14 1
16 15 1
17 0 2
17 1 3
17 2 1
17 3 2
17 4 4
17 5 1
17 6 2
17 7 2
17 8 5
17 9 1
17 10 4
17 11 5
17 12 4
17 13 1
17 14 3
17 15 1
17 16 2
18 0 3
18 1 2
18 2 1
18 3 1
18 4 4
18 5 2
18 6 3
18 7 4
18 8 4
18 9 4
18 10 1
18 11 4
18 12 2
18 13 2
18 14 2
18 15 1
18 16 1
18 17 2
19 0 2
19 1 3
19 2 2
19 3 2
19 4 3
19 5 3
19 6 1
19 7 1
19 8 2
19 9 5
19 10 4
19 11 4
19 12 3
19 13 3
19 14 3
19 15 1
19 16 5
19 17 3
19 18 1
20 0 4
20 1 1
20 2 5
20 3 2
20 4 4
20 5 2
20 6 1
20 7 1
20 8 3
20 9 4
20 10 5
20 11 2
20 12 4
20 13 4
20 14 1
20 15 1
20 16 5
20 17 2
20 18 2
20 19 3
21 0 4
21 1 2
21 2 4
21 3 1
21 4 2
21 5 5
21 6 5
21 7 4
21 8 4
21 9 5
21 10 1
21 11 2
21 12 4
21 13 4
21 14 1
21 15 3
21 16 4
21 17 4
21 18 5
21 19 2
21 20 2
22 0 4
22 1 4
22 2 2
22 3 1
22 4 1
22 5 5
22 6 1
22 7 1
22 8 3
22 9 4
22 10 1
22 11 2
22 12 1
22 13 1
22 14 3
22 15 1
22 16 5
22 17 1
22 18 4
22 19 2
22 20 1
22 21 2
23 0 2
23 1 2
23 2 4
23 3 1
23 4 2
23 5 4
23 6 3
23 7 4
23 8 1
23 9 2
23 10 3
23 11 4
23 12 2
23 13 4
23 14 4
23 15 5
23 16 1
23 17 1
23 18 3
23 19 4
23 20 3
23 21 1
23 22 2
24 0 4
24 1 1
24 2 3
24 3 3
24 4 2
24 5 5
24 6 1
24 7 3
24 8 4
24 9 4
24 10 4
24 11 5
24 12 2
24 13 5
24 14 1
24 15 1
24 16 1
24 17 5
24 18 3
24 19 3
24 20 1
24 21 4
24 22 3
24 23 2
