41
1 0 3
2 0 1
2 1 2
3 0 3
3 1 5
3 2 5
4 0 3
4 1 1
4 2 2
4 3 3
5 0 2
5 1 5
5 2 2
5 3 6
5 4 3
6 0 3
6 1 3
6 2 6
6 3 5
6 4 5
6 5 6
7 0 5
7 1 6
7 2 1
7 3 1
7 4 2
7 5 3
7 6 5
8 0 4
8 1 1
8 2 4
8 3 1
8 4 6
8 5 4
8 6 1
8 7 2
9 0 4
9 1 4
9 2 2
9 3 2
9 4 2
9 5 2
9 6 4
9 7 5
9 8 2
10 0 2
10 1 2
10 2 4
10 3 5
10 4 6
10 5 5
10 6 4
10 7 6
10 8 2
10 9 6
11 0 6
11 1 5
11 2 3
11 3 1
11 4 1
11 5 4
11 6 4
11 7 3
11 8 6
11 9 5
11 10 5
12 0 2
12 1 6
12 2 3
12 3 3
12 4 2
12 5 6
12 6 4
12 7 6
12 8 2
12 9 1
12 10 2
12 11 6
13 0 1
13 1 2
13 2 2
13 3 5
13 4 5
13 5 3
13 6 2
13 7 5
13 8 2
13 9 3
13 10 4
13 11 1
13 12 1
14 0 6
14 1 4
14 2 3
14 3 2
14 4 4
14 5 3
14 6 2
14 7 6
14 8 4
14 9 6
14 10 1
14 11 3
14 12 3
14 13 4
15 0 3
15 1 1
15 2 1
15 3 3
15 4 3
15 5 3
15 6 3
15 7 6
15 8 3
15 9 2
15 10 1
15 11 3
15 12 2
15 13 2
15 14 4
16 0 2
16 1 3
16 2 1
16 3 1
16 4 3
16 5 1
16 6 3
16 7 5
16 8 5
16 9 5
16 10 6
16 11 3
16 12 3
16 13 6
16 14 1
16 15 2
17 0 3
17 1 1
17 2 3
17 3 6
17 4 1
17 5 5
17 6 1
17 7 3
17 8 3
17 9 3
17 10 3
17 11 6
17 12 3
17 13 4
17 14 4
17 15 3
17 16 6
18 0 6
18 1 5
18 2 1
18 3 3
18 4 4
18 5 3
18 6 2
18 7 1
18 8 5
18 9 5
18 10 6
18 11 6
18 12 2
18 13 2
18 14 3
18 15 1
18 16 5
18 17 2
19 0 2
19 1 4
19 2 4
19 3 3
19 4 4
19 5 3
19 6 5
19 7 2
19 8 5
19 9 6
19 10 5
19 11 3
19 12 1
19 13 2
19 14 1
19 15 4
19 16 2
19 17 3
19 18 1
20 0 2
20 1 1
20 2 3
20 3 6
20 4 1
20 5 2
20 6 6
20 7 6
20 8 2
20 9 1
20 10 1
20 11 3
20 12 6
20 13 2
20 14 1
20 15 1
20 16 1
20 17 3
20 18 6
20 19 6
21 0 2
21 1 4
21 2 3
21 3 5
21 4 3
21 5 6
21 6 2
21 7 5
21 8 2
21 9 4
21 10 3
21 11 1
21 12 3
21 13 2
21 14 2
21 15 2
21 16 6
21 17 3
21 18 4
21 19 6
21 20 3
22 0 6
22 1 3
22 2 5
22 3 5
22 4 1
22 5 3
22 6 4
22 7 3
22 8 4
22 9 6
22 10 6
22 11 6
22 12 4
22 13 6
22 14 6
22 15 4
22 16 5
22 17 6
22 18 3
22 19 1
22 20 2
22 21 3
23 0 4
23 1 6
23 2 2
23 3 2
23 4 5
23 5 4
23 6 6
23 7 3
23 8 5
23 9 5
23 10 6
23 11 6
23 12 4
23 13 4
23 14 1
23 15 5
23 16 5
23 17 4
23 18 2
23 19 2
23 20 3
23 21 6
23 22 2
24 0 1
24 1 2
24 2 2
24 3 5
24 4 1
24 5 1
24 6 3
24 7 5
24 8 2
24 9 5
24 10 1
24 11 3
24 12 6
24 13 2
24 14 5
24 15 5
24 16 1
24 17 2
24 18 6
24 19 2
24 20 4
24 21 4
24 22 4
24 23 3
25 0 4
25 1 4
25 2 4
25 3 2
25 4 6
25 5 1
25 6 3
25 7 5
25 8 4
25 9 2
25 10 2
25 11 2
25 12 6
25 13 3
25 14 6
25 15 4
25 16 2
25 17 1
25 18 6
25 19 4
25 20 1
25 21 4
25 22 6
25 23 6
25 24 2
26 0 4
26 1 6
26 2 4
26 3 4
26 4 2
26 5 2
26 6 1
26 7 3
26 8 2
26 9 5
26 10 5
26 11 2
26 12 2
26 13 3
26 14 5
26 15 1
26 16 5
26 17 2
26 18 5
26 19 2
26 20 3
26 21 1
26 22 6
26 23 1
26 24 3
26 25 5
27 0 1
27 1 4
27 2 6
27 3 3
27 4 3
27 5 1
27 6 2
27 7 6
27 8 5
27 9 1
27 10 4
27 11 2
27 12 3
27 13 5
27 14 2
27 15 3
27 16 3
27 17 1
27 18 1
27 19 4
27 20 6
27 21 3
27 22 6
27 23 4
27 24 5
27 25 1
27 26 6
28 0 2
28 1 6
28 2 4
28 3 4
28 4 3
28 5 2
28 6 4
28 7 5
28 8 4
28 9 2
28 10 6
28 11 5
28 12 3
28 13 5
28 14 3
28 15 1
28 16 5
28 17 5
28 18 1
28 19 4
28 20 4
28 21 2
28 22 5
28 23 5
28 24 5
28 25 5
28 26 4
28 27 2
29 0 3
29 1 2
29 2 1
29 3 1
29 4 2
29 5 6
29 6 3
29 7 1
29 8 6
29 9 6
29 10 6
29 11 4
29 12 5
29 13 6
29 14 4
29 15 6
29 16 3
29 17 3
29 18 4
29 19 6
29 20 6
29 21 3
29 22 6
29 23 2
29 24 4
29 25 6
29 26 2
29 27 5
29 28 5
30 0 6
30 1 5
30 2 4
30 3 1
30 4 5
30 5 2
30 6 3
30 7 5
30 8 5
30 9 2
30 10 5
30 11 1
30 12 1
30 13 6
30 14 3
30 15 5
30 16 1
30 17 4
30 18 3
30 19 6
30 20 6
30 21 5
30 22 6
30 23 2
30 24 6
30 25 4
30 26 4
30 27 6
30 28 1
30 29 3
31 0 4
31 1 4
31 2 3
31 3 6
31 4 2
31 5 3
31 6 1
31 7 3
31 8 2
31 9 2
31 10 2
31 11 2
31 12 5
31 13 4
31 14 5
31 15 4
31 16 5
31 17 6
31 18 5
31 19 2
31 20 4
31 21 2
31 22 4
31 23 6
31 24 3
31 25 6
31 26 5
31 27 3
31 28 1
31 29 3
31 30 3
32 0 4
32 1 3
32 2 6
32 3 6
32 4 4
32 5 3
32 6 3
32 7 3
32 8 1
32 9 2
32 10 2
32 11 3
32 12 3
32 13 5
32 14 1
32 15 4
32 16 3
32 17 5
32 18 5
32 19 6
32 20 2
32 21 2
32 22 2
32 23 3
32 24 4
32 25 4
32 26 4
32 27 3
32 28 5
32 29 5
32 30 3
32 31 5
33 0 5
33 1 3
33 2 4
33 3 2
33 4 5
33 5 3
33 6 5
33 7 6
33 8 6
33 9 3
33 10 4
33 11 5
33 12 1
33 13 6
33 14 3
33 15 4
33 16 5
33 17 2
33 18 2
33 19 6
33 20 1
33 21 3
33 22 4
33 23 5
33 24 4
33 25 2
33 26 3
33 27 3
33 28 6
33 29 2
33 30 2
33 31 6
33 32 5
34 0 1
34 1 6
34 2 4
34 3 1
34 4 6
34 5 1
34 6 3
34 7 5
34 8 3
34 9 4
34 10 4
34 11 6
34 12 4
34 13 3
34 14 2
34 15 5
34 16 1
34 17 4
34 18 1
34 19 1
34 20 5
34 21 4
34 22 3
34 23 6
34 24 5
34 25 3
34 26 5
34 27 1
34 28 3
34 29 4
34 30 5
34 31 5
34 32 4
34 33 5
35 0 2
35 1 1
35 2 4
35 3 4
35 4 2
35 5 5
35 6 4
35 7 1
35 8 4
35 9 4
35 10 3
35 11 4
35 12 1
35 13 5
35 14 2
35 15 5
35 16 1
35 17 6
35 18 4
35 19 4
35 20 1
35 21 2
35 22 1
35 23 6
35 24 2
35 25 3
35 26 6
35 27 5
35 28 2
35 29 3
35 30 3
35 31 4
35 32 4
35 33 5
35 34 1
36 0 5
36 1 4
36 2 3
36 3 6
36 4 3
36 5 3
36 6 5
36 7 5
36 8 2
36 9 2
36 10 3
36 11 1
36 12 3
36 13 6
36 14 5
36 15 2
36 16 1
36 17 1
36 18 3
36 19 5
36 20 6
36 21 6
36 22 5
36 23 6
36 24 5
36 25 3
36 26 4
36 27 5
36 28 4
36 29 3
36 30 1
36 31 3
36 32 2
36 33 4
36 34 5
36 35 6
37 0 6
37 1 3
37 2 5
37 3 1
37 4 6
37 5 4
37 6 6
37 7 1
37 8 5
37 9 2
37 10 6
37 11 5
37 12 1
37 13 2
37 14 6
37 15 1
37 16 3
37 17 2
37 18 1
37 19 2
37 20 1
37 21 2
37 22 5
37 23 3
37 24 1
37 25 2
37 26 3
37 27 4
37 28 6
37 29 4
37 30 1
37 31 4
37 32 6
37 33 3
37 34 3
37 35 2
37 36 3
38 0 2
38 1 5
38 2 5
38 3 4
38 4 2
38 5 6
38 6 4
38 7 3
38 8 3
38 9 5
38 10 6
38 11 5
38 12 5
38 13 2
38 14 3
38 15 6
38 16 4
38 17 1
38 18 4
38 19 4
38 20 2
38 21 1
38 22 4
38 23 2
38 24 6
38 25 1
38 26 6
38 27 1
38 28 5
38 29 3
38 30 2
38 31 5
38 32 1
38 33 1
38 34 1
38 35 5
38 36 2
38 37 5
39 0 2
39 1 2
39 2 5
39 3 2
39 4 3
39 5 3
39 6 5
39 7 6
39 8 6
39 9 5
39 10 5
39 11 3
39 12 5
39 13 5
39 14 6
39 15 6
39 16 3
39 17 5
39 18 3
39 19 6
39 20 5
39 21 1
39 22 5
39 23 6
39 24 5
39 25 5
39 26 2
39 27 4
39 28 6
39 29 2
39 30 3
39 31 1
39 32 3
39 33 1
39 34 3
39 35 2
39 36 5
39 37 6
39 38 6
40 0 3
40 1 1
40 2 6
40 3 2
40 4 3
40 5 3
40 6 4
40 7 2
40 8 2
40 9 4
40 10 1
40 11 6
40 12 6
40 13 2
40 14 3
40 15 6
40 16 4
40 17 3
40 18 5
40 19 4
40 20 1
40 21 2
40 22 5
40 23 1
40 24 4
40 25 2
40 26 4
40 27 1
40 28 5
40 29 2
40 30 6
40 31 3
40 32 3
40 33 1
40 34 2
40 35 4
40 36 4
40 37 4
40 38 1
40 39 5
