45
1 0 34
2 0 15
2 1 14
3 0 17
3 1 37
3 2 4
4 0 20
4 1 8
4 2 18
4 3 11
5 0 22
5 1 6
5 2 11
5 3 20
5 4 47
6 0 44
6 1 7
6 2 9
6 3 2
6 4 24
6 5 43
7 0 15
7 1 36
7 2 36
7 3 11
7 4 2
7 5 31
7 6 38
8 0 19
8 1 42
8 2 37
8 3 2
8 4 14
8 5 24
8 6 3
8 7 22
9 0 30
9 1 46
9 2 11
9 3 22
9 4 28
9 5 47
9 6 14
9 7 37
9 8 17
10 0 38
10 1 25
10 2 21
10 3 8
10 4 28
10 5 15
10 6 32
10 7 36
10 8 5
10 9 15
11 0 29
11 1 28
11 2 4
11 3 44
11 4 33
11 5 42
11 6 22
11 7 39
11 8 14
11 9 32
11 10 5
12 0 11
12 1 13
12 2 14
12 3 9
12 4 6
12 5 44
12 6 37
12 7 15
12 8 17
12 9 8
12 10 26
12 11 9
13 0 38
13 1 14
13 2 46
13 3 38
13 4 30
13 5 4
13 6 41
13 7 25
13 8 24
13 9 46
13 10 45
13 11 15
13 12 7
14 0 26
14 1 35
14 2 3
14 3 41
14 4 24
14 5 35
14 6 39
14 7 35
14 8 45
14 9 25
14 10 26
14 11 20
14 12 34
14 13 7
15 0 2
15 1 13
15 2 39
15 3 6
15 4 1
15 5 35
15 6 34
15 7 46
15 8 1
15 9 24
15 10 14
15 11 33
15 12 26
15 13 32
15 14 16
16 0 1
16 1 40
16 2 5
16 3 38
16 4 12
16 5 10
16 6 36
16 7 41
16 8 42
16 9 25
16 10 14
16 11 42
16 12 23
16 13 30
16 14 35
16 15 21
17 0 19
17 1 33
17 2 32
17 3 21
17 4 18
17 5 25
17 6 16
17 7 36
17 8 4
17 9 36
17 10 31
17 11 40
17 12 5
17 13 45
17 14 46
17 15 16
17 16 2
18 0 33
18 1 4
18 2 30
18 3 30
18 4 23
18 5 39
18 6 6
18 7 47
18 8 20
18 9 20
18 10 3
18 11 32
18 12 6
18 13 45
18 14 32
18 15 34
18 16 39
18 17 10
19 0 5
19 1 17
19 2 10
19 3 24
19 4 35
19 5 28
19 6 4
19 7 2
19 8 26
19 9 9
19 10 43
19 11 9
19 12 13
19 13 28
19 14 1
19 15 35
19 16 22
19 17 36
19 18 39
20 0 39
20 1 1
20 2 15
20 3 28
20 4 9
20 5 22
20 6 37
20 7 10
20 8 1
20 9 14
20 10 29
20 11 17
20 12 16
20 13 37
20 14 38
20 15 4
20 16 1
20 17 30
20 18 8
20 19 7
21 0 31
21 1 45
21 2 11
21 3 11
21 4 34
21 5 23
21 6 26
21 7 31
21 8 4
21 9 9
21 10 11
21 11 1
21 12 38
21 13 29
21 14 16
21 15 15
21 16 15
21 17 27
21 18 32
21 19 46
21 20 45
22 0 42
22 1 39
22 2 6
22 3 14
22 4 36
22 5 4
22 6 12
22 7 20
22 8 24
22 9 31
22 10 25
22 11 26
22 12 35
22 13 30
22 14 42
22 15 20
22 16 32
22 17 47
22 18 23
22 19 18
22 20 36
22 21 8
23 0 3
23 1 47
23 2 39
23 3 35
23 4 28
23 5 41
23 6 29
23 7 11
23 8 41
23 9 35
23 10 9
23 11 11
23 12 9
23 13 3
23 14 47
23 15 3
23 16 10
23 17 44
23 18 43
23 19 1
23 20 32
23 21 31
23 22 4
24 0 35
24 1 19
24 2 27
24 3 20
24 4 6
24 5 41
24 6 44
24 7 23
24 8 8
24 9 28
24 10 38
24 11 34
24 12 14
24 13 20
24 14 16
24 15 5
24 16 14
24 17 2
24 18 7
24 19 23
24 20 38
24 21 12
24 22 6
24 23 22
25 0 4
25 1 16
25 2 14
25 3 12
25 4 15
25 5 13
25 6 33
25 7 7
25 8 40
25 9 8
25 10 34
25 11 27
25 12 8
25 13 47
25 14 9
25 15 22
25 16 10
25 17 11
25 18 28
25 19 44
25 20 36
25 21 12
25 22 22
25 23 8
25 24 24
26 0 38
26 1 34
26 2 46
26 3 22
26 4 5
26 5 22
26 6 34
26 7 34
26 8 9
26 9 37
26 10 15
26 11 22
26 12 33
26 13 6
26 14 21
26 15 46
26 16 45
26 17 30
26 18 26
26 19 9
26 20 15
26 21 21
26 22 46
26 23 27
26 24 6
26 25 35
27 0 6
27 1 36
27 2 23
27 3 6
27 4 47
27 5 16
27 6 46
27 7 32
27 8 10
27 9 47
27 10 47
27 11 24
27 12 9
27 13 42
27 14 47
27 15 2
27 16 23
27 17 13
27 18 17
27 19 2
27 20 8
27 21 45
27 22 14
27 23 9
27 24 42
27 25 7
27 26 47
28 0 43
28 1 44
28 2 31
28 3 10
28 4 18
28 5 17
28 6 36
28 7 33
28 8 15
28 9 13
28 10 41
28 11 18
28 12 37
28 13 25
28 14 46
28 15 3
28 16 45
28 17 28
28 18 26
28 19 3
28 20 46
28 21 15
28 22 16
28 23 9
28 24 1
28 25 36
28 26 8
28 27 41
29 0 13
29 1 26
29 2 35
29 3 11
29 4 24
29 5 11
29 6 1
29 7 32
29 8 20
29 9 24
29 10 43
29 11 9
29 12 47
29 13 22
29 14 37
29 15 6
29 16 13
29 17 19
29 18 30
29 19 32
29 20 33
29 21 18
29 22 36
29 23 4
29 24 34
29 25 41
29 26 40
29 27 45
29 28 6
30 0 8
30 1 25
30 2 41
30 3 33
30 4 19
30 5 11
30 6 33
30 7 40
30 8 11
30 9 10
30 10 20
30 11 22
30 12 30
30 13 45
30 14 17
30 15 47
30 16 17
30 17 11
30 18 6
30 19 36
30 20 41
30 21 40
30 22 46
30 23 36
30 24 5
30 25 25
30 26 32
30 27 23
30 28 5
30 29 28
31 0 35
31 1 34
31 2 16
31 3 17
31 4 23
31 5 5
31 6 24
31 7 24
31 8 2
31 9 6
31 10 3
31 11 31
31 12 17
31 13 28
31 14 23
31 15 9
31 16 3
31 17 46
31 18 20
31 19 34
31 20 23
31 21 8
31 22 45
31 23 43
31 24 6
31 25 10
31 26 41
31 27 34
31 28 33
31 29 25
31 30 15
32 0 39
32 1 15
32 2 21
32 3 27
32 4 19
32 5 15
32 6 41
32 7 33
32 8 39
32 9 5
32 10 44
32 11 5
32 12 29
32 13 43
32 14 18
32 15 37
32 16 15
32 17 5
32 18 13
32 19 8
32 20 4
32 21 39
32 22 26
32 23 4
32 24 27
32 25 38
32 26 47
32 27 32
32 28 44
32 29 34
32 30 47
32 31 27
33 0 10
33 1 27
33 2 3
33 3 46
33 4 25
33 5 32
33 6 2
33 7 38
33 8 42
33 9 23
33 10 17
33 11 18
33 12 2
33 13 16
33 14 38
33 15 34
33 16 17
33 17 26
33 18 40
33 19 28
33 20 15
33 21 37
33 22 5
33 23 20
33 24 42
33 25 30
33 26 44
33 27 42
33 28 23
33 29 17
33 30 40
33 31 47
33 32 29
34 0 42
34 1 21
34 2 40
34 3 40
34 4 4
34 5 7
34 6 12
34 7 26
34 8 43
34 9 31
34 10 43
34 11 26
34 12 11
34 13 3
34 14 14
34 15 30
34 16 9
34 17 6
34 18 31
34 19 26
34 20 19
34 21 1
34 22 19
34 23 6
34 24 23
34 25 27
34 26 29
34 27 11
34 28 35
34 29 37
34 30 17
34 31 9
34 32 27
34 33 18
35 0 3
35 1 21
35 2 32
35 3 12
35 4 11
35 5 45
35 6 27
35 7 17
35 8 12
35 9 12
35 10 40
35 11 27
35 12 37
35 13 25
35 14 43
35 15 1
35 16 26
35 17 42
35 18 22
35 19 18
35 20 45
35 21 29
35 22 2
35 23 4
35 24 6
35 25 25
35 26 40
35 27 8
35 28 13
35 29 6
35 30 11
35 31 26
35 32 24
35 33 22
35 34 26
36 0 33
36 1 17
36 2 10
36 3 28
36 4 3
36 5 34
36 6 35
36 7 26
36 8 39
36 9 5
36 10 25
36 11 9
36 12 34
36 13 8
36 14 17
36 15 46
36 16 5
36 17 4
36 18 38
36 19 47
36 20 10
36 21 9
36 22 7
36 23 47
36 24 40
36 25 38
36 26 29
36 27 10
36 28 20
36 29 23
36 30 38
36 31 10
36 32 9
36 33 42
36 34 21
36 35 23
37 0 18
37 1 44
37 2 41
37 3 10
37 4 15
37 5 11
37 6 2
37 7 18
37 8 32
37 9 26
37 10 40
37 11 28
37 12 37
37 13 11
37 14 2
37 15 31
37 16 8
37 17 29
37 18 6
37 19 11
37 20 7
37 21 34
37 22 39
37 23 47
37 24 6
37 25 4
37 26 12
37 27 47
37 28 24
37 29 9
37 30 34
37 31 20
37 32 39
37 33 10
37 34 40
37 35 28
37 36 19
38 0 29
38 1 17
38 2 7
38 3 22
38 4 11
38 5 42
38 6 43
38 7 32
38 8 27
38 9 22
38 10 12
38 11 24
38 12 25
38 13 32
38 14 32
38 15 35
38 16 47
38 17 30
38 18 29
38 19 20
38 20 30
38 21 7
38 22 21
38 23 26
38 24 10
38 25 39
38 26 35
38 27 34
38 28 41
38 29 45
38 30 37
38 31 13
38 32 29
38 33 27
38 34 46
38 35 33
38 36 33
38 37 33
39 0 46
39 1 29
39 2 28
39 3 1
39 4 16
39 5 4
39 6 41
39 7 8
39 8 46
39 9 27
39 10 8
39 11 35
39 12 1
39 13 24
39 14 6
39 15 25
39 16 33
39 17 12
39 18 36
39 19 12
39 20 17
39 21 8
39 22 35
39 23 27
39 24 28
39 25 41
39 26 37
39 27 18
39 28 20
39 29 45
39 30 35
39 31 3
39 32 32
39 33 36
39 34 16
39 35 13
39 36 12
39 37 42
39 38 33
40 0 46
40 1 34
40 2 34
40 3 35
40 4 20
40 5 25
40 6 2
40 7 25
40 8 40
40 9 46
40 10 17
40 11 1
40 12 7
40 13 5
40 14 39
40 15 27
40 16 1
40 17 47
40 18 32
40 19 20
40 20 5
40 21 30
40 22 31
40 23 42
40 24 7
40 25 6
40 26 33
40 27 46
40 28 17
40 29 20
40 30 1
40 31 36
40 32 19
40 33 38
40 34 18
40 35 30
40 36 24
40 37 11
40 38 46
40 39 12
41 0 47
41 1 40
41 2 22
41 3 42
41 4 6
41 5 8
41 6 43
41 7 17
41 8 26
41 9 22
41 10 36
41 11 44
41 12 26
41 13 35
41 14 47
41 15 39
41 16 23
41 17 1
41 18 13
41 19 1
41 20 42
41 21 44
41 22 27
41 23 32
41 24 25
41 25 42
41 26 32
41 27 26
41 28 10
41 29 17
41 30 21
41 31 29
41 32 9
41 33 38
41 34 40
41 35 21
41 36 11
41 37 25
41 38 6
41 39 39
41 40 6
42 0 19
42 1 28
42 2 9
42 3 43
42 4 10
42 5 39
42 6 37
42 7 43
42 8 9
42 9 20
42 10 41
42 11 39
42 12 35
42 13 25
42 14 28
42 15 11
42 16 36
42 17 31
42 18 18
42 19 9
42 20 34
42 21 36
42 22 6
42 23 36
42 24 27
42 25 19
42 26 15
42 27 39
42 28 16
42 29 23
42 30 36
42 31 22
42 32 27
42 33 46
42 34 44
42 35 33
42 36 13
42 37 28
42 38 44
42 39 17
42 40 39
42 41 10
43 0 12
43 1 18
43 2 13
43 3 32
43 4 17
43 5 47
43 6 37
43 7 7
43 8 31
43 9 14
43 10 4
43 11 11
43 12 46
43 13 13
43 14 22
43 15 25
43 16 2
43 17 24
43 18 14
43 19 11
43 20 23
43 21 38
43 22 25
43 23 46
43 24 15
43 25 28
43 26 18
43 27 10
43 28 39
43 29 41
43 30 2
43 31 31
43 32 21
43 33 1
43 34 31
43 35 23
43 36 5
43 37 41
43 38 12
43 39 30
43 40 43
43 41 25
43 42 31
44 0 5
44 1 19
44 2 11
44 3 44
44 4 5
44 5 27
44 6 47
44 7 6
44 8 40
44 9 12
44 10 44
44 11 44
44 12 38
44 13 6
44 14 20
44 15 24
44 16 47
44 17 37
44 18 21
44 19 9
44 20 29
44 21 41
44 22 12
44 23 12
44 24 4
44 25 25
44 26 15
44 27 38
44 28 13
44 29 3
44 30 47
44 31 18
44 32 21
44 33 8
44 34 5
44 35 40
44 36 12
44 37 29
44 38 5
44 39 43
44 40 37
44 41 30
44 42 2
44 43 3
