60
1 0 16
2 0 28
2 1 21
3 0 1
3 1 27
3 2 27
4 0 17
4 1 29
4 2 27
4 3 1
5 0 17
5 1 3
5 2 28
5 3 23
5 4 17
6 0 6
6 1 17
6 2 16
6 3 23
6 4 28
6 5 27
7 0 22
7 1 11
7 2 25
7 3 5
7 4 24
7 5 4
7 6 10
8 0 17
8 1 30
8 2 19
8 3 4
8 4 2
8 5 22
8 6 12
8 7 17
9 0 27
9 1 30
9 2 6
9 3 9
9 4 14
9 5 10
9 6 12
9 7 14
9 8 11
10 0 5
10 1 15
10 2 16
10 3 15
10 4 13
10 5 2
10 6 1
10 7 12
10 8 7
10 9 8
11 0 4
11 1 17
11 2 2
11 3 25
11 4 19
11 5 6
11 6 8
11 7 24
11 8 3
11 9 16
11 10 30
12 0 30
12 1 22
12 2 28
12 3 12
12 4 22
12 5 23
12 6 9
12 7 24
12 8 27
12 9 30
12 10 11
12 11 28
13 0 4
13 1 30
13 2 4
13 3 7
13 4 9
13 5 4
13 6 14
13 7 12
13 8 7
13 9 9
13 10 12
13 11 4
13 12 3
14 0 1
14 1 25
14 2 4
14 3 11
14 4 15
14 5 28
14 6 16
14 7 8
14 8 16
14 9 28
14 10 14
14 11 19
14 12 16
14 13 5
15 0 12
15 1 25
15 2 26
15 3 5
15 4 17
15 5 25
15 6 18
15 7 16
15 8 13
15 9 8
15 10 7
15 11 28
15 12 30
15 13 30
15 14 15
16 0 23
16 1 21
16 2 24
16 3 8
16 4 5
16 5 27
16 6 3
16 7 9
16 8 14
16 9 7
16 10 13
16 11 25
16 12 2
16 13 19
16 14 22
16 15 5
17 0 16
17 1 10
17 2 14
17 3 13
17 4 13
17 5 13
17 6 20
17 7 22
17 8 1
17 9 30
17 10 30
17 11 30
17 12 30
17 13 10
17 14 8
17 15 9
17 16 19
18 0 6
18 1 27
18 2 12
18 3 13
18 4 2
18 5 6
18 6 25
18 7 22
18 8 25
18 9 19
18 10 7
18 11 7
18 12 6
18 13 18
18 14 22
18 15 30
18 16 27
18 17 24
19 0 12
19 1 17
19 2 13
19 3 23
19 4 5
19 5 21
19 6 8
19 7 5
19 8 29
19 9 24
19 10 1
19 11 9
19 12 19
19 13 10
19 14 18
19 15 23
19 16 20
19 17 25
19 18 8
20 0 18
20 1 24
20 2 10
20 3 29
20 4 12
20 5 30
20 6 13
20 7 11
20 8 27
20 9 14
20 10 20
20 11 15
20 12 29
20 13 16
20 14 7
20 15 3
20 16 23
20 17 28
20 18 19
20 19 24
21 0 13
21 1 5
21 2 22
21 3 28
21 4 4
21 5 19
21 6 26
21 7 12
21 8 22
21 9 14
21 10 29
21 11 4
21 12 14
21 13 2
21 14 4
21 15 29
21 16 29
21 17 1
21 18 1
21 19 30
21 20 26
22 0 26
22 1 16
22 2 15
22 3 24
22 4 23
22 5 17
22 6 11
22 7 7
22 8 6
22 9 17
22 10 14
22 11 30
22 12 7
22 13 28
22 14 6
22 15 1
22 16 16
22 17 9
22 18 17
22 19 12
22 20 4
22 21 8
23 0 4
23 1 17
23 2 18
23 3 20
23 4 25
23 5 23
23 6 20
23 7 14
23 8 18
23 9 22
23 10 14
23 11 29
23 12 5
23 13 1
23 14 26
23 15 23
23 16 17
23 17 28
23 18 8
23 19 3
23 20 3
23 21 26
23 22 6
24 0 16
24 1 28
24 2 28
24 3 22
24 4 9
24 5 10
24 6 2
24 7 28
24 8 8
24 9 19
24 10 20
24 11 13
24 12 21
24 13 3
24 14 22
24 15 18
24 16 9
24 17 6
24 18 1
24 19 27
24 20 29
24 21 13
24 22 27
24 23 17
25 0 15
25 1 7
25 2 14
25 3 12
25 4 3
25 5 21
25 6 7
25 7 15
25 8 7
25 9 10
25 10 26
25 11 15
25 12 14
25 13 6
25 14 5
25 15 29
25 16 7
25 17 20
25 18 29
25 19 16
25 20 13
25 21 23
25 22 23
25 23 27
25 24 29
26 0 10
26 1 1
26 2 19
26 3 22
26 4 3
26 5 12
26 6 10
26 7 2
26 8 5
26 9 15
26 10 21
26 11 9
26 12 30
26 13 3
26 14 23
26 15 21
26 16 13
26 17 8
26 18 30
26 19 20
26 20 25
26 21 20
26 22 1
26 23 10
26 24 28
26 25 12
27 0 20
27 1 3
27 2 6
27 3 5
27 4 25
27 5 26
27 6 24
27 7 8
27 8 29
27 9 1
27 10 11
27 11 22
27 12 8
27 13 6
27 14 6
27 15 5
27 16 3
27 17 14
27 18 21
27 19 13
27 20 23
27 21 25
27 22 4
27 23 16
27 24 4
27 25 17
27 26 25
28 0 11
28 1 19
28 2 7
28 3 19
28 4 7
28 5 12
28 6 5
28 7 2
28 8 1
28 9 20
28 10 1
28 11 24
28 12 23
28 13 27
28 14 15
28 15 1
28 16 23
28 17 5
28 18 2
28 19 3
28 20 19
28 21 6
28 22 28
28 23 3
28 24 22
28 25 13
28 26 8
28 27 30
29 0 7
29 1 15
29 2 29
29 3 27
29 4 15
29 5 21
29 6 10
29 7 13
29 8 8
29 9 27
29 10 28
29 11 4
29 12 17
29 13 24
29 14 10
29 15 16
29 16 17
29 17 3
29 18 5
29 19 10
29 20 13
29 21 6
29 22 28
29 23 18
29 24 8
29 25 9
29 26 1
29 27 9
29 28 10
30 0 16
30 1 24
30 2 7
30 3 21
30 4 9
30 5 7
30 6 13
30 7 1
30 8 20
30 9 11
30 10 8
30 11 14
30 12 27
30 13 25
30 14 11
30 15 19
30 16 16
30 17 1
30 18 11
30 19 4
30 20 22
30 21 25
30 22 22
30 23 29
30 24 30
30 25 17
30 26 7
30 27 10
30 28 3
30 29 13
31 0 22
31 1 28
31 2 23
31 3 21
31 4 17
31 5 11
31 6 5
31 7 20
31 8 23
31 9 29
31 10 11
31 11 20
31 12 14
31 13 3
31 14 20
31 15 26
31 16 17
31 17 2
31 18 28
31 19 4
31 20 19
31 21 20
31 22 14
31 23 13
31 24 28
31 25 19
31 26 16
31 27 13
31 28 6
31 29 3
31 30 22
32 0 16
32 1 12
32 2 26
32 3 20
32 4 9
32 5 4
32 6 2
32 7 6
32 8 28
32 9 22
32 10 29
32 11 24
32 12 17
32 13 12
32 14 11
32 15 22
32 16 29
32 17 18
32 18 2
32 19 27
32 20 23
32 21 16
32 22 17
32 23 7
32 24 15
32 25 24
32 26 24
32 27 26
32 28 12
32 29 9
32 30 15
32 31 22
33 0 28
33 1 19
33 2 17
33 3 12
33 4 4
33 5 13
33 6 20
33 7 22
33 8 16
33 9 26
33 10 18
33 11 5
33 12 27
33 13 15
33 14 22
33 15 30
33 16 15
33 17 1
33 18 21
33 19 25
33 20 18
33 21 3
33 22 28
33 23 9
33 24 15
33 25 6
33 26 17
33 27 9
33 28 26
33 29 27
33 30 11
33 31 24
33 32 25
34 0 30
34 1 1
34 2 21
34 3 18
34 4 6
34 5 7
34 6 11
34 7 2
34 8 3
34 9 25
34 10 23
34 11 10
34 12 7
34 13 8
34 14 14
34 15 18
34 16 4
34 17 6
34 18 24
34 19 7
34 20 29
34 21 23
34 22 30
34 23 11
34 24 28
34 25 3
34 26 2
34 27 10
34 28 22
34 29 26
34 30 23
34 31 11
34 32 8
34 33 4
35 0 26
35 1 7
35 2 10
35 3 19
35 4 23
35 5 23
35 6 25
35 7 11
35 8 26
35 9 24
35 10 28
35 11 5
35 12 9
35 13 17
35 14 24
35 15 14
35 16 9
35 17 21
35 18 15
35 19 16
35 20 25
35 21 22
35 22 18
35 23 30
35 24 13
35 25 23
35 26 28
35 27 1
35 28 15
35 29 4
35 30 5
35 31 3
35 32 16
35 33 1
35 34 23
36 0 24
36 1 18
36 2 26
36 3 21
36 4 2
36 5 16
36 6 27
36 7 20
36 8 1
36 9 18
36 10 8
36 11 15
36 12 10
36 13 5
36 14 24
36 15 14
36 16 17
36 17 6
36 18 13
36 19 19
36 20 23
36 21 11
36 22 1
36 23 23
36 24 30
36 25 27
36 26 13
36 27 17
36 28 26
36 29 21
36 30 5
36 31 11
36 32 7
36 33 16
36 34 28
36 35 17
37 0 11
37 1 23
37 2 9
37 3 8
37 4 12
37 5 12
37 6 19
37 7 3
37 8 6
37 9 14
37 10 13
37 11 3
37 12 11
37 13 12
37 14 30
37 15 2
37 16 6
37 17 21
37 18 7
37 19 23
37 20 16
37 21 18
37 22 26
37 23 3
37 24 14
37 25 17
37 26 29
37 27 29
37 28 11
37 29 30
37 30 14
37 31 11
37 32 24
37 33 3
37 34 6
37 35 1
37 36 3
38 0 16
38 1 29
38 2 22
38 3 6
38 4 15
38 5 5
38 6 29
38 7 2
38 8 16
38 9 26
38 10 15
38 11 22
38 12 25
38 13 5
38 14 13
38 15 9
38 16 3
38 17 17
38 18 6
38 19 17
38 20 15
38 21 22
38 22 2
38 23 28
38 24 6
38 25 30
38 26 2
38 27 4
38 28 25
38 29 18
38 30 27
38 31 20
38 32 18
38 33 12
38 34 26
38 35 22
38 36 18
38 37 14
39 0 24
39 1 28
39 2 10
39 3 27
39 4 30
39 5 28
39 6 22
39 7 21
39 8 6
39 9 16
39 10 15
39 11 22
39 12 30
39 13 20
39 14 23
39 15 26
39 16 28
39 17 14
39 18 28
39 19 26
39 20 18
39 21 2
39 22 19
39 23 26
39 24 5
39 25 19
39 26 21
39 27 8
39 28 3
39 29 26
39 30 4
39 31 9
39 32 16
39 33 19
39 34 7
39 35 26
39 36 30
39 37 28
39 38 27
40 0 8
40 1 13
40 2 2
40 3 15
40 4 29
40 5 7
40 6 22
40 7 22
40 8 11
40 9 10
40 10 19
40 11 20
40 12 8
40 13 20
40 14 11
40 15 19
40 16 1
40 17 12
40 18 6
40 19 16
40 20 16
40 21 30
40 22 23
40 23 9
40 24 11
40 25 4
40 26 19
40 27 3
40 28 20
40 29 7
40 30 19
40 31 2
40 32 4
40 33 7
40 34 3
40 35 9
40 36 21
40 37 5
40 38 12
40 39 15
41 0 7
41 1 19
41 2 20
41 3 6
41 4 29
41 5 21
41 6 18
41 7 10
41 8 6
41 9 13
41 10 9
41 11 9
41 12 6
41 13 7
41 14 28
41 15 5
41 16 16
41 17 14
41 18 23
41 19 5
41 20 26
41 21 18
41 22 11
41 23 12
41 24 28
41 25 11
41 26 12
41 27 12
41 28 17
41 29 14
41 30 16
41 31 29
41 32 27
41 33 14
41 34 22
41 35 21
41 36 14
41 37 24
41 38 4
41 39 11
41 40 3
42 0 7
42 1 10
42 2 12
42 3 20
42 4 5
42 5 26
42 6 11
42 7 12
42 8 8
42 9 15
42 10 3
42 11 3
42 12 3
42 13 4
42 14 2
42 15 27
42 16 6
42 17 22
42 18 22
42 19 28
42 20 2
42 21 17
42 22 20
42 23 19
42 24 27
42 25 12
42 26 21
42 27 16
42 28 18
42 29 29
42 30 18
42 31 7
42 32 23
42 33 11
42 34 18
42 35 8
42 36 2
42 37 8
42 38 10
42 39 16
42 40 2
42 41 9
43 0 21
43 1 12
43 2 22
43 3 3
43 4 14
43 5 16
43 6 16
43 7 8
43 8 9
43 9 3
43 10 5
43 11 25
43 12 21
43 13 26
43 14 5
43 15 1
43 16 25
43 17 19
43 18 5
43 19 23
43 20 25
43 21 17
43 22 29
43 23 18
43 24 22
43 25 15
43 26 24
43 27 18
43 28 25
43 29 25
43 30 1
43 31 7
43 32 27
43 33 20
43 34 11
43 35 27
43 36 29
43 37 23
43 38 19
43 39 3
43 40 7
43 41 26
43 42 4
44 0 4
44 1 20
44 2 22
44 3 17
44 4 6
44 5 25
44 6 8
44 7 28
44 8 15
44 9 28
44 10 20
44 11 17
44 12 22
44 13 21
44 14 17
44 15 27
44 16 8
44 17 6
44 18 5
44 19 27
44 20 6
44 21 21
44 22 2
44 23 22
44 24 5
44 25 22
44 26 15
44 27 30
44 28 14
44 29 23
44 30 29
44 31 9
44 32 2
44 33 13
44 34 10
44 35 15
44 36 29
44 37 12
44 38 9
44 39 19
44 40 25
44 41 14
44 42 10
44 43 4
45 0 14
45 1 14
45 2 22
45 3 9
45 4 11
45 5 30
45 6 18
45 7 27
45 8 11
45 9 1
45 10 14
45 11 8
45 12 26
45 13 25
45 14 30
45 15 12
45 16 11
45 17 29
45 18 8
45 19 30
45 20 11
45 21 10
45 22 8
45 23 8
45 24 14
45 25 6
45 26 18
45 27 4
45 28 11
45 29 26
45 30 26
45 31 24
45 32 26
45 33 22
45 34 20
45 35 11
45 36 21
45 37 2
45 38 24
45 39 19
45 40 20
45 41 21
45 42 21
45 43 29
45 44 21
46 0 30
46 1 7
46 2 19
46 3 21
46 4 22
46 5 13
46 6 10
46 7 13
46 8 20
46 9 28
46 10 30
46 11 7
46 12 17
46 13 8
46 14 10
46 15 7
46 16 7
46 17 15
46 18 10
46 19 20
46 20 1
46 21 29
46 22 24
46 23 16
46 24 10
46 25 15
46 26 30
46 27 3
46 28 5
46 29 6
46 30 13
46 31 16
46 32 19
46 33 9
46 34 18
46 35 29
46 36 20
46 37 2
46 38 8
46 39 18
46 40 1
46 41 1
46 42 17
46 43 19
46 44 20
46 45 1
47 0 7
47 1 13
47 2 5
47 3 27
47 4 27
47 5 26
47 6 19
47 7 17
47 8 13
47 9 22
47 10 27
47 11 28
47 12 3
47 13 5
47 14 20
47 15 6
47 16 21
47 17 24
47 18 19
47 19 29
47 20 2
47 21 14
47 22 4
47 23 13
47 24 10
47 25 21
47 26 26
47 27 26
47 28 16
47 29 6
47 30 6
47 31 23
47 32 17
47 33 6
47 34 25
47 35 13
47 36 4
47 37 28
47 38 8
47 39 29
47 40 9
47 41 11
47 42 19
47 43 5
47 44 3
47 45 10
47 46 28
48 0 8
48 1 2
48 2 28
48 3 7
48 4 25
48 5 19
48 6 23
48 7 26
48 8 15
48 9 20
48 10 10
48 11 19
48 12 25
48 13 28
48 14 4
48 15 14
48 16 24
48 17 1
48 18 13
48 19 20
48 20 18
48 21 26
48 22 12
48 23 10
48 24 26
48 25 12
48 26 28
48 27 14
48 28 16
48 29 6
48 30 11
48 31 6
48 32 18
48 33 5
48 34 21
48 35 5
48 36 28
48 37 20
48 38 3
48 39 5
48 40 20
48 41 28
48 42 10
48 43 16
48 44 26
48 45 11
48 46 18
48 47 4
49 0 12
49 1 26
49 2 4
49 3 14
49 4 17
49 5 6
49 6 3
49 7 13
49 8 12
49 9 19
49 10 30
49 11 27
49 12 1
49 13 17
49 14 23
49 15 3
49 16 18
49 17 23
49 18 19
49 19 10
49 20 3
49 21 4
49 22 26
49 23 19
49 24 1
49 25 3
49 26 7
49 27 14
49 28 20
49 29 21
49 30 9
49 31 5
49 32 4
49 33 1
49 34 25
49 35 8
49 36 12
49 37 6
49 38 22
49 39 20
49 40 20
49 41 25
49 42 10
49 43 8
49 44 23
49 45 4
49 46 5
49 47 13
49 48 2
50 0 19
50 1 17
50 2 21
50 3 10
50 4 19
50 5 25
50 6 6
50 7 21
50 8 12
50 9 16
50 10 2
50 11 8
50 12 5
50 13 20
50 14 26
50 15 6
50 16 28
50 17 25
50 18 2
50 19 19
50 20 3
50 21 4
50 22 6
50 23 29
50 24 15
50 25 16
50 26 11
50 27 11
50 28 16
50 29 23
50 30 11
50 31 24
50 32 16
50 33 23
50 34 12
50 35 5
50 36 2
50 37 24
50 38 26
50 39 11
50 40 11
50 41 5
50 42 11
50 43 13
50 44 4
50 45 14
50 46 17
50 47 30
50 48 13
50 49 26
51 0 1
51 1 14
51 2 28
51 3 23
51 4 13
51 5 14
51 6 22
51 7 9
51 8 16
51 9 7
51 10 2
51 11 21
51 12 2
51 13 27
51 14 5
51 15 20
51 16 16
51 17 8
51 18 26
51 19 22
51 20 23
51 21 20
51 22 17
51 23 30
51 24 29
51 25 30
51 26 1
51 27 2
51 28 22
51 29 14
51 30 21
51 31 10
51 32 3
51 33 14
51 34 17
51 35 3
51 36 21
51 37 11
51 38 10
51 39 28
51 40 14
51 41 6
51 42 19
51 43 13
51 44 20
51 45 5
51 46 29
51 47 29
51 48 29
51 49 16
51 50 18
52 0 12
52 1 30
52 2 16
52 3 16
52 4 3
52 5 20
52 6 8
52 7 10
52 8 29
52 9 22
52 10 12
52 11 4
52 12 20
52 13 4
52 14 20
52 15 18
52 16 29
52 17 10
52 18 12
52 19 12
52 20 21
52 21 7
52 22 22
52 23 14
52 24 8
52 25 8
52 26 17
52 27 29
52 28 8
52 29 12
52 30 23
52 31 2
52 32 20
52 33 17
52 34 18
52 35 24
52 36 8
52 37 19
52 38 15
52 39 12
52 40 1
52 41 27
52 42 29
52 43 9
52 44 28
52 45 19
52 46 6
52 47 7
52 48 3
52 49 13
52 50 9
52 51 15
53 0 5
53 1 29
53 2 13
53 3 7
53 4 18
53 5 24
53 6 16
53 7 29
53 8 11
53 9 7
53 10 1
53 11 5
53 12 28
53 13 7
53 14 22
53 15 20
53 16 7
53 17 4
53 18 7
53 19 12
53 20 2
53 21 5
53 22 3
53 23 24
53 24 1
53 25 25
53 26 16
53 27 8
53 28 13
53 29 29
53 30 1
53 31 13
53 32 22
53 33 2
53 34 13
53 35 25
53 36 13
53 37 26
53 38 17
53 39 3
53 40 22
53 41 12
53 42 27
53 43 23
53 44 13
53 45 16
53 46 7
53 47 4
53 48 11
53 49 15
53 50 24
53 51 5
53 52 5
54 0 9
54 1 25
54 2 4
54 3 8
54 4 12
54 5 2
54 6 25
54 7 14
54 8 12
54 9 14
54 10 6
54 11 29
54 12 24
54 13 24
54 14 10
54 15 24
54 16 22
54 17 13
54 18 30
54 19 22
54 20 11
54 21 1
54 22 17
54 23 27
54 24 14
54 25 14
54 26 26
54 27 26
54 28 2
54 29 17
54 30 7
54 31 2
54 32 17
54 33 24
54 34 21
54 35 19
54 36 17
54 37 10
54 38 15
54 39 24
54 40 27
54 41 14
54 42 24
54 43 1
54 44 15
54 45 26
54 46 26
54 47 1
54 48 5
54 49 19
54 50 17
54 51 11
54 52 30
54 53 17
55 0 5
55 1 19
55 2 20
55 3 3
55 4 3
55 5 5
55 6 30
55 7 15
55 8 18
55 9 18
55 10 22
55 11 17
55 12 21
55 13 7
55 14 23
55 15 16
55 16 1
55 17 14
55 18 30
55 19 18
55 20 11
55 21 3
55 22 5
55 23 24
55 24 17
55 25 9
55 26 13
55 27 28
55 28 28
55 29 9
55 30 12
55 31 11
55 32 23
55 33 6
55 34 5
55 35 16
55 36 12
55 37 14
55 38 8
55 39 15
55 40 20
55 41 5
55 42 29
55 43 2
55 44 27
55 45 24
55 46 24
55 47 28
55 48 13
55 49 10
55 50 18
55 51 9
55 52 24
55 53 20
55 54 21
56 0 25
56 1 13
56 2 30
56 3 3
56 4 18
56 5 11
56 6 18
56 7 30
56 8 19
56 9 8
56 10 21
56 11 8
56 12 11
56 13 25
56 14 1
56 15 16
56 16 24
56 17 8
56 18 29
56 19 21
56 20 1
56 21 23
56 22 30
56 23 18
56 24 7
56 25 19
56 26 17
56 27 30
56 28 13
56 29 26
56 30 5
56 31 15
56 32 24
56 33 6
56 34 4
56 35 29
56 36 25
56 37 5
56 38 26
56 39 7
56 40 6
56 41 2
56 42 4
56 43 16
56 44 26
56 45 18
56 46 21
56 47 1
56 48 11
56 49 13
56 50 18
56 51 20
56 52 11
56 53 5
56 54 25
56 55 6
57 0 1
57 1 20
57 2 28
57 3 16
57 4 18
57 5 1
57 6 4
57 7 18
57 8 13
57 9 13
57 10 19
57 11 1
57 12 11
57 13 15
57 14 26
57 15 18
57 16 29
57 17 27
57 18 28
57 19 22
57 20 4
57 21 4
57 22 3
57 23 14
57 24 12
57 25 9
57 26 9
57 27 18
57 28 16
57 29 11
57 30 2
57 31 15
57 32 2
57 33 11
57 34 10
57 35 20
57 36 20
57 37 10
57 38 22
57 39 14
57 40 27
57 41 6
57 42 30
57 43 11
57 44 17
57 45 13
57 46 22
57 47 16
57 48 8
57 49 29
57 50 8
57 51 15
57 52 23
57 53 26
57 54 10
57 55 2
57 56 18
58 0 4
58 1 16
58 2 10
58 3 1
58 4 28
58 5 20
58 6 14
58 7 26
58 8 11
58 9 3
58 10 29
58 11 30
58 12 13
58 13 8
58 14 27
58 15 4
58 16 2
58 17 12
58 18 30
58 19 1
58 20 25
58 21 18
58 22 10
58 23 10
58 24 19
58 25 14
58 26 19
58 27 3
58 28 8
58 29 4
58 30 7
58 31 19
58 32 4
58 33 5
58 34 17
58 35 21
58 36 19
58 37 5
58 38 20
58 39 1
58 40 1
58 41 12
58 42 21
58 43 1
58 44 9
58 45 9
58 46 29
58 47 4
58 48 3
58 49 10
58 50 25
58 51 2
58 52 2
58 53 23
58 54 29
58 55 19
58 56 11
58 57 16
59 0 19
59 1 21
59 2 20
59 3 11
59 4 20
59 5 17
59 6 10
59 7 4
59 8 26
59 9 8
59 10 10
59 11 2
59 12 14
59 13 16
59 14 7
59 15 25
59 16 5
59 17 18
59 18 10
59 19 10
59 20 29
59 21 20
59 22 18
59 23 28
59 24 16
59 25 26
59 26 7
59 27 10
59 28 3
59 29 12
59 30 22
59 31 11
59 32 24
59 33 24
59 34 5
59 35 16
59 36 5
59 37 10
59 38 17
59 39 18
59 40 16
59 41 17
59 42 28
59 43 10
59 44 25
59 45 10
59 46 12
59 47 16
59 48 6
59 49 9
59 50 3
59 51 4
59 52 5
59 53 9
59 54 4
59 55 9
59 56 16
59 57 1
59 58 23
