58
1 0 12
2 1 13
3 0 11
3 1 9
3 2 12
4 0 15
4 1 10
5 2 9
5 4 16
6 3 9
6 4 13
6 5 9
7 0 13
7 3 12
7 4 8
7 5 6
8 0 9
8 2 16
8 7 11
9 1 15
9 2 2
9 4 5
10 0 8
11 0 1
11 1 4
11 2 7
11 6 6
11 7 2
11 8 16
11 9 1
12 1 12
12 3 16
12 5 13
12 6 15
12 7 9
12 11 2
13 1 4
13 5 7
13 8 11
13 10 13
13 12 2
14 0 12
14 1 16
14 2 9
14 3 14
14 5 2
14 6 15
14 11 9
14 13 16
15 0 3
15 2 14
15 3 8
15 6 13
15 8 8
15 11 10
15 12 5
15 13 12
15 14 9
16 0 10
16 1 3
16 3 16
16 4 6
16 5 12
16 8 10
16 9 5
16 14 13
17 0 4
17 1 16
17 5 16
17 6 16
17 7 4
17 9 8
17 10 11
17 14 13
17 15 7
18 1 13
18 4 8
18 7 2
18 9 11
18 10 7
18 15 15
18 16 14
19 1 6
19 3 2
19 4 3
19 5 10
19 6 5
19 7 13
19 8 13
19 10 7
19 11 10
19 12 15
19 13 10
19 16 7
20 2 8
20 6 13
20 7 12
20 8 15
20 11 16
20 12 15
20 17 4
20 18 1
21 1 13
21 2 7
21 3 10
21 5 4
21 9 3
21 11 2
21 12 12
21 13 10
21 14 12
21 15 11
21 16 9
21 17 6
21 18 15
22 3 7
22 4 12
22 5 5
22 6 10
22 14 2
22 16 5
22 18 13
23 0 3
23 6 1
23 8 10
23 10 11
23 12 3
23 13 11
23 15 13
23 19 11
23 20 6
23 22 8
24 1 3
24 3 3
24 6 13
24 9 5
24 10 7
24 11 9
24 12 16
24 15 16
24 18 12
24 19 8
24 20 10
24 21 9
24 22 1
24 23 5
25 0 13
25 2 8
25 3 16
25 6 6
25 7 9
25 9 14
25 10 16
25 11 14
25 13 7
25 20 14
25 22 7
25 24 14
26 0 4
26 1 2
26 2 9
26 5 11
26 6 16
26 8 1
26 9 3
26 12 13
26 13 12
26 15 10
26 18 1
26 20 13
26 21 8
26 22 14
26 23 5
26 24 8
27 3 14
27 9 7
27 10 5
27 12 1
27 13 10
27 14 4
27 15 15
27 16 10
27 18 3
27 19 4
27 20 12
27 21 8
27 23 3
27 24 11
27 25 2
28 2 10
28 3 11
28 8 5
28 12 3
28 13 14
28 16 12
28 17 15
28 22 14
28 23 4
28 26 15
28 27 7
29 0 6
29 7 3
29 8 1
29 13 9
29 15 16
29 17 11
29 19 12
29 20 11
29 24 16
29 25 5
29 27 5
29 28 13
30 0 4
30 1 4
30 4 3
30 5 8
30 6 12
30 7 4
30 10 11
30 11 12
30 12 12
30 13 13
30 15 7
30 16 8
30 18 10
30 19 5
30 20 11
30 21 7
30 22 12
30 23 6
30 25 2
30 26 4
30 27 5
30 29 12
31 0 15
31 1 9
31 2 10
31 3 16
31 4 5
31 7 11
31 9 9
31 11 7
31 15 15
31 16 12
31 17 11
31 21 4
31 24 6
31 26 2
31 28 9
31 29 10
31 30 13
32 1 9
32 2 10
32 3 12
32 4 11
32 6 8
32 7 9
32 9 5
32 10 16
32 11 1
32 12 4
32 14 1
32 15 8
32 16 9
32 20 2
32 21 13
32 23 7
32 25 7
32 26 11
32 27 9
32 28 14
32 30 14
33 1 10
33 3 14
33 6 3
33 7 10
33 8 13
33 9 4
33 10 1
33 11 12
33 12 9
33 13 11
33 17 6
33 18 5
33 23 11
33 24 9
33 26 8
33 28 13
33 30 4
34 0 8
34 1 8
34 2 6
34 3 14
34 5 2
34 9 13
34 13 5
34 14 4
34 18 9
34 19 9
34 24 6
34 25 8
34 27 3
34 31 4
34 33 15
35 0 7
35 2 6
35 5 9
35 7 2
35 8 2
35 11 7
35 12 5
35 14 9
35 15 14
35 21 11
35 22 9
35 25 6
35 29 12
35 30 4
35 31 4
35 33 7
35 34 12
36 0 5
36 2 2
36 3 9
36 4 7
36 5 6
36 6 11
36 12 15
36 13 10
36 16 5
36 17 16
36 19 15
36 22 3
36 23 13
36 24 6
36 25 11
36 28 7
36 29 9
36 30 5
36 31 1
36 32 8
36 33 11
36 34 14
36 35 11
37 0 5
37 3 13
37 4 15
37 6 4
37 7 10
37 11 3
37 12 1
37 14 15
37 16 1
37 18 15
37 19 11
37 24 3
37 28 3
37 29 13
37 30 8
37 34 2
37 35 4
37 36 4
38 0 14
38 1 13
38 2 6
38 3 11
38 5 11
38 8 1
38 9 15
38 10 1
38 11 7
38 13 11
38 16 5
38 17 7
38 20 3
38 22 10
38 23 10
38 24 16
38 27 14
38 29 16
38 34 10
38 36 16
38 37 11
39 0 2
39 1 8
39 3 13
39 7 8
39 8 5
39 9 15
39 14 2
39 16 4
39 17 6
39 18 13
39 19 9
39 20 8
39 23 11
39 26 11
39 27 6
39 29 13
39 31 15
39 32 1
39 33 1
39 35 3
39 36 10
39 37 8
40 0 6
40 1 12
40 2 5
40 7 14
40 8 4
40 9 16
40 10 14
40 11 12
40 12 6
40 13 6
40 15 10
40 16 1
40 20 5
40 23 4
40 25 3
40 26 4
40 27 12
40 28 3
40 29 11
40 30 11
40 33 8
40 34 2
40 38 14
40 39 5
41 0 14
41 3 4
41 5 2
41 7 4
41 8 8
41 15 11
41 16 6
41 18 1
41 19 16
41 20 12
41 21 5
41 22 10
41 24 9
41 27 2
41 28 8
41 29 12
41 30 6
41 31 3
41 32 3
41 34 12
41 35 4
41 39 7
41 40 12
42 2 5
42 3 16
42 5 4
42 6 5
42 8 10
42 9 5
42 11 5
42 15 16
42 16 16
42 17 7
42 18 16
42 20 16
42 31 16
42 32 14
42 33 6
42 36 15
42 37 15
42 38 9
42 40 1
42 41 5
43 0 1
43 2 5
43 4 13
43 7 14
43 8 8
43 10 6
43 12 15
43 13 13
43 14 15
43 15 9
43 19 6
43 20 6
43 24 13
43 25 9
43 26 13
43 27 7
43 29 13
43 30 8
43 32 4
43 33 6
43 35 9
43 36 10
43 38 2
43 40 15
43 42 1
44 8 16
44 10 9
44 13 13
44 16 6
44 18 1
44 20 11
44 21 3
44 23 3
44 24 12
44 26 8
44 32 15
44 34 15
44 36 14
44 37 9
44 38 9
44 42 4
45 2 11
45 4 12
45 6 8
45 7 7
45 8 8
45 9 3
45 10 13
45 11 7
45 13 8
45 14 12
45 21 16
45 26 12
45 28 3
45 30 9
45 33 16
45 35 10
45 36 3
45 37 15
45 40 4
45 41 14
45 43 2
45 44 6
46 1 8
46 7 11
46 10 8
46 11 7
46 12 5
46 13 15
46 14 16
46 15 12
46 17 4
46 21 1
46 22 12
46 23 10
46 24 9
46 25 6
46 26 5
46 27 2
46 28 6
46 29 14
46 30 12
46 32 6
46 33 7
46 34 2
46 35 1
46 36 15
46 37 11
46 40 12
46 41 2
46 42 4
46 44 3
46 45 16
47 0 12
47 3 1
47 4 2
47 7 8
47 13 12
47 14 8
47 15 6
47 17 14
47 18 3
47 19 13
47 21 8
47 22 7
47 23 6
47 25 11
47 26 13
47 27 14
47 28 6
47 29 10
47 30 1
47 33 10
47 39 16
47 40 9
47 43 13
48 2 7
48 3 7
48 6 11
48 7 8
48 9 5
48 10 11
48 11 1
48 12 11
48 17 8
48 18 15
48 22 16
48 24 10
48 28 6
48 30 4
48 31 13
48 32 9
48 33 4
48 35 10
48 37 6
48 38 5
48 39 12
48 42 14
48 45 13
48 46 9
49 0 13
49 1 4
49 2 8
49 3 6
49 6 5
49 8 11
49 11 15
49 12 15
49 13 4
49 14 15
49 16 3
49 17 12
49 21 9
49 23 1
49 28 14
49 29 3
49 31 5
49 35 11
49 36 11
49 38 2
49 40 12
49 41 16
49 43 2
49 44 10
49 45 3
49 48 14
50 0 5
50 3 7
50 5 3
50 6 3
50 9 1
50 10 4
50 11 2
50 12 14
50 13 4
50 14 4
50 15 11
50 21 10
50 22 9
50 25 8
50 29 10
50 30 10
50 34 16
50 36 10
50 37 16
50 39 11
50 41 1
50 45 9
50 46 15
50 48 12
50 49 1
51 6 6
51 7 12
51 9 9
51 10 12
51 11 6
51 12 10
51 13 13
51 16 1
51 17 4
51 19 6
51 23 2
51 25 14
51 27 8
51 28 3
51 30 13
51 31 7
51 32 3
51 34 7
51 35 2
51 38 16
51 39 2
51 41 4
51 42 4
51 44 5
51 45 9
51 49 16
51 50 16
52 1 13
52 3 4
52 4 8
52 5 12
52 8 12
52 10 2
52 11 9
52 12 3
52 14 8
52 15 5
52 18 11
52 23 5
52 24 7
52 26 3
52 31 7
52 32 12
52 35 14
52 36 13
52 37 10
52 38 10
52 39 13
52 41 4
52 44 3
52 47 1
52 48 4
52 51 11
53 0 14
53 1 10
53 2 9
53 3 15
53 5 6
53 10 10
53 16 8
53 17 16
53 19 3
53 22 14
53 24 14
53 25 3
53 28 14
53 30 10
53 31 4
53 35 4
53 45 2
53 46 9
53 49 9
53 50 14
53 51 5
54 3 8
54 6 3
54 9 10
54 11 3
54 12 8
54 14 8
54 19 14
54 25 1
54 26 8
54 29 15
54 32 1
54 35 8
54 37 11
54 38 5
54 39 5
54 44 7
54 46 11
54 49 2
54 51 4
55 1 14
55 2 7
55 4 16
55 11 7
55 12 11
55 16 12
55 18 7
55 20 15
55 22 14
55 23 14
55 24 8
55 26 1
55 27 12
55 29 5
55 30 16
55 31 11
55 32 10
55 33 13
55 34 12
55 35 14
55 36 16
55 38 7
55 39 13
55 40 7
55 41 16
55 42 8
55 43 7
55 44 3
55 48 3
55 49 15
55 52 8
55 54 7
56 0 10
56 1 8
56 2 11
56 5 1
56 6 12
56 7 11
56 13 13
56 14 7
56 16 5
56 18 9
56 19 1
56 21 3
56 23 1
56 24 5
56 26 6
56 29 10
56 30 3
56 31 1
56 33 14
56 38 1
56 41 12
56 42 13
56 44 11
56 45 7
56 46 8
56 48 14
56 49 6
56 50 3
56 52 8
56 53 14
56 54 9
56 55 7
57 1 14
57 2 1
57 3 14
57 7 4
57 8 15
57 9 13
57 10 16
57 12 5
57 14 11
57 16 7
57 19 8
57 22 5
57 24 6
57 25 16
57 26 14
57 30 14
57 33 9
57 35 10
57 36 7
57 41 13
57 42 7
57 43 10
57 46 4
57 47 5
57 50 9
57 54 3
57 55 6
57 56 15
