39
1 0 30
2 0 40
3 0 17
4 0 2
4 1 1
4 2 28
5 0 16
5 2 19
5 3 9
6 1 4
6 2 8
6 5 26
7 1 32
7 3 14
7 6 7
8 1 23
8 2 30
8 3 28
8 6 4
9 1 2
9 7 30
9 8 28
10 0 37
10 3 6
10 4 2
10 5 19
10 6 30
10 7 11
10 8 1
11 1 25
11 4 19
11 5 42
11 8 21
11 10 6
12 0 11
12 2 35
12 3 10
12 4 20
12 5 6
12 6 28
12 7 31
12 8 33
12 9 32
13 1 3
13 2 24
13 6 39
13 7 40
13 8 34
13 9 35
13 10 2
13 11 21
13 12 40
14 0 29
14 3 14
14 5 7
14 6 20
14 7 30
14 9 10
14 10 19
15 2 21
15 4 37
15 5 13
15 9 5
15 11 39
15 12 40
16 3 5
16 5 40
16 9 28
16 11 9
16 12 15
16 13 7
16 14 40
17 0 16
17 7 8
17 8 19
17 12 38
17 15 16
17 16 21
18 1 26
18 4 2
18 8 34
18 10 28
18 14 20
18 16 35
19 1 31
19 3 12
19 5 3
19 6 42
19 8 40
19 9 32
19 10 21
19 11 20
19 13 30
19 14 34
19 15 38
19 17 17
20 1 5
20 2 20
20 4 23
20 5 3
20 6 30
20 7 44
20 9 23
20 12 5
20 14 32
20 16 39
20 19 2
21 0 3
21 1 39
21 2 22
21 3 6
21 4 32
21 6 38
21 8 17
21 10 31
21 13 36
21 15 26
21 18 13
21 19 2
22 2 37
22 3 31
22 4 33
22 8 15
22 13 20
22 14 40
22 15 6
22 18 22
22 19 4
23 4 26
23 6 8
23 7 40
23 8 35
23 10 24
23 11 41
23 13 24
23 14 2
23 15 29
23 16 4
23 22 42
24 0 7
24 2 30
24 3 19
24 6 32
24 7 3
24 8 29
24 9 27
24 10 19
24 13 30
24 15 23
24 17 4
24 21 11
24 23 10
25 0 43
25 1 42
25 5 16
25 6 36
25 7 7
25 10 11
25 11 33
25 13 16
25 14 42
25 16 43
25 17 11
25 21 31
25 23 24
25 24 28
26 2 23
26 4 29
26 9 44
26 10 3
26 11 25
26 12 26
26 14 33
26 16 22
26 17 12
26 18 13
26 19 23
26 20 21
26 22 12
27 0 36
27 3 44
27 4 42
27 6 34
27 7 25
27 8 21
27 14 26
27 15 2
27 16 17
27 17 43
27 19 11
27 22 37
27 23 27
27 25 25
27 26 12
28 0 35
28 3 4
28 5 10
28 7 17
28 8 35
28 11 13
28 12 31
28 15 40
28 16 34
28 20 7
28 25 9
29 1 17
29 2 37
29 4 13
29 5 5
29 6 3
29 12 28
29 13 18
29 17 2
29 19 27
29 20 36
29 22 8
29 25 1
29 26 25
29 27 38
30 0 42
30 1 32
30 4 35
30 9 2
30 14 42
30 15 40
30 16 18
30 17 30
30 18 6
30 23 37
30 24 19
30 25 32
30 26 11
30 27 14
30 29 13
31 1 19
31 2 20
31 4 15
31 5 7
31 8 18
31 10 19
31 15 28
31 17 44
31 21 9
31 22 27
31 23 37
31 24 16
31 25 19
31 26 41
31 28 27
31 29 1
31 30 40
32 4 15
32 5 41
32 6 36
32 8 30
32 9 7
32 10 29
32 12 10
32 14 24
32 15 35
32 17 31
32 18 17
32 21 24
32 22 31
32 25 43
32 29 6
32 30 5
32 31 9
33 3 39
33 4 44
33 5 40
33 6 8
33 7 37
33 8 10
33 10 30
33 11 35
33 12 16
33 14 22
33 19 2
33 22 38
33 25 15
33 27 20
33 31 31
33 32 19
34 1 28
34 3 43
34 4 15
34 7 11
34 8 35
34 9 38
34 10 7
34 11 37
34 15 17
34 17 36
34 20 38
34 21 31
34 22 43
34 23 6
34 25 44
34 26 2
34 30 2
34 32 30
35 0 24
35 1 44
35 2 26
35 3 21
35 4 13
35 6 38
35 8 16
35 11 31
35 12 29
35 13 16
35 14 34
35 16 27
35 17 40
35 18 20
35 20 9
35 21 35
35 23 32
35 28 9
35 30 27
35 32 39
35 33 34
35 34 29
36 1 41
36 2 33
36 5 40
36 6 7
36 9 18
36 10 23
36 11 2
36 13 38
36 15 1
36 16 44
36 17 10
36 18 17
36 19 3
36 21 21
36 22 4
36 23 34
36 26 44
36 27 40
36 28 39
36 30 31
36 34 8
36 35 23
37 0 23
37 1 30
37 4 22
37 6 4
37 7 43
37 8 39
37 11 10
37 13 42
37 16 23
37 17 7
37 18 30
37 21 6
37 22 17
37 24 18
37 26 32
37 32 24
37 34 9
37 36 10
38 4 25
38 5 1
38 6 4
38 7 37
38 8 25
38 9 16
38 11 33
38 12 34
38 13 4
38 15 32
38 18 24
38 19 20
38 22 21
38 25 9
38 27 13
38 28 34
38 33 16
38 34 30
38 35 10
38 36 25
38 37 40
