25
1 0 20
2 0 20
2 1 38
3 0 31
3 1 35
3 2 39
4 0 11
4 1 29
4 2 31
4 3 16
5 0 34
5 1 34
5 2 16
5 3 32
5 4 16
6 0 7
6 1 23
6 2 3
6 3 8
6 4 11
6 5 14
7 0 23
7 1 12
7 2 30
7 3 10
7 4 3
7 5 25
7 6 39
8 0 35
8 1 19
8 2 7
8 3 32
8 4 20
8 5 32
8 6 24
8 7 1
9 0 21
9 1 37
9 2 5
9 3 30
9 4 13
9 5 21
9 6 6
9 7 5
9 8 2
10 0 2
10 1 16
10 2 35
10 3 30
10 4 23
10 5 13
10 6 39
10 7 4
10 8 33
10 9 41
11 0 24
11 1 24
11 2 6
11 3 32
11 4 24
11 5 9
11 6 31
11 7 31
11 8 4
11 9 2
11 10 22
12 0 12
12 1 12
12 2 39
12 3 21
12 4 12
12 5 18
12 6 12
12 7 33
12 8 26
12 9 6
12 10 11
12 11 6
13 0 28
13 1 25
13 2 32
13 3 39
13 4 39
13 5 36
13 6 36
13 7 2
13 8 3
13 9 23
13 10 29
13 11 29
13 12 33
14 0 30
14 1 37
14 2 30
14 3 36
14 4 35
14 5 8
14 6 19
14 7 25
14 8 23
14 9 26
14 10 5
14 11 37
14 12 14
14 13 24
15 0 40
15 1 28
15 2 36
15 3 22
15 4 35
15 5 8
15 6 31
15 7 12
15 8 17
15 9 34
15 10 2
15 11 7
15 12 1
15 13 33
15 14 29
16 0 3
16 1 40
16 2 18
16 3 26
16 4 30
16 5 35
16 6 39
16 7 9
16 8 26
16 9 30
16 10 8
16 11 31
16 12 5
16 13 38
16 14 25
16 15 20
17 0 29
17 1 13
17 2 3
17 3 26
17 4 35
17 5 17
17 6 7
17 7 33
17 8 24
17 9 31
17 10 11
17 11 6
17 12 23
17 13 21
17 14 20
17 15 13
17 16 33
18 0 38
18 1 11
18 2 21
18 3 40
18 4 11
18 5 12
18 6 23
18 7 30
18 8 20
18 9 33
18 10 6
18 11 41
18 12 22
18 13 28
18 14 31
18 15 39
18 16 10
18 17 39
19 0 19
19 1 37
19 2 3
19 3 6
19 4 10
19 5 25
19 6 1
19 7 9
19 8 39
19 9 27
19 10 1
19 11 25
19 12 16
19 13 33
19 14 40
19 15 30
19 16 6
19 17 25
19 18 20
20 0 1
20 1 31
20 2 25
20 3 13
20 4 13
20 5 39
20 6 39
20 7 18
20 8 2
20 9 25
20 10 11
20 11 31
20 12 34
20 13 31
20 14 36
20 15 28
20 16 6
20 17 34
20 18 6
20 19 2
21 0 11
21 1 40
21 2 11
21 3 10
21 4 32
21 5 8
21 6 28
21 7 15
21 8 6
21 9 16
21 10 6
21 11 34
21 12 10
21 13 37
21 14 6
21 15 36
21 16 33
21 17 34
21 18 36
21 19 26
21 20 13
22 0 21
22 1 18
22 2 40
22 3 27
22 4 29
22 5 28
22 6 6
22 7 24
22 8 12
22 9 28
22 10 36
22 11 28
22 12 39
22 13 12
22 14 23
22 15 35
22 16 31
22 17 34
22 18 32
22 19 36
22 20 29
22 21 35
23 0 39
23 1 40
23 2 28
23 3 41
23 4 12
23 5 21
23 6 19
23 7 31
23 8 3
23 9 30
23 10 20
23 11 1
23 12 31
23 13 35
23 14 38
23 15 37
23 16 3
23 17 14
23 18 32
23 19 23
23 20 18
23 21 21
23 22 14
24 0 37
24 1 28
24 2 34
24 3 19
24 4 19
24 5 34
24 6 6
24 7 28
24 8 26
24 9 18
24 10 9
24 11 4
24 12 27
24 13 36
24 14 38
24 15 41
24 16 34
24 17 11
24 18 15
24 19 26
24 20 16
24 21 6
24 22 12
24 23 35
