50
3 1 42
3 2 30
4 2 66
4 3 26
5 0 29
5 1 12
5 2 18
6 2 31
6 3 50
6 4 19
6 5 31
7 0 60
7 1 20
7 4 65
7 6 6
8 2 50
8 3 44
8 6 16
8 7 51
9 1 33
9 2 7
9 3 24
9 4 58
9 5 52
9 6 53
9 7 62
10 3 38
10 5 14
10 6 5
10 8 23
10 9 65
11 6 54
11 9 43
12 0 37
12 5 55
12 6 28
12 8 20
12 9 31
13 5 58
13 6 18
13 8 23
13 11 49
13 12 60
14 0 62
14 1 2
14 2 13
14 3 34
14 6 22
14 8 6
14 9 42
14 10 43
14 11 38
14 13 21
15 0 27
15 4 15
15 6 49
15 7 25
15 8 33
16 3 37
16 6 32
16 7 27
16 9 23
16 10 34
16 13 9
16 14 40
17 1 67
17 3 19
17 4 13
17 10 62
17 11 3
17 12 2
17 15 18
18 1 41
18 7 35
18 10 47
18 12 65
18 13 37
18 14 13
18 16 33
19 0 10
19 3 37
19 5 19
19 6 26
19 8 8
19 10 44
19 11 49
19 12 19
19 14 2
19 16 14
19 18 46
20 0 40
20 3 4
20 4 29
20 5 27
20 6 62
20 7 26
20 8 5
20 9 21
20 11 36
20 12 35
20 13 29
20 14 58
20 15 49
20 18 36
21 1 27
21 2 32
21 4 64
21 5 9
21 7 24
21 9 10
21 11 27
21 12 66
21 15 31
21 16 12
21 18 7
22 1 64
22 2 6
22 3 60
22 5 44
22 6 49
22 11 43
22 14 43
22 16 18
22 18 63
23 1 51
23 2 42
23 4 22
23 6 51
23 7 51
23 8 29
23 9 23
23 11 16
23 12 34
23 13 32
23 15 54
23 16 57
23 19 64
24 1 26
24 3 19
24 5 56
24 6 44
24 10 20
24 11 44
24 14 15
24 17 32
24 20 21
25 4 46
25 5 10
25 8 15
25 9 60
25 10 63
25 18 31
25 20 52
25 21 43
25 23 65
26 1 17
26 4 23
26 6 35
26 13 58
26 19 29
26 22 49
26 25 51
27 4 53
27 5 56
27 7 59
27 8 2
27 9 43
27 10 64
27 12 22
27 15 41
27 17 66
27 19 55
27 22 48
27 26 6
28 1 6
28 3 34
28 4 67
28 5 56
28 8 36
28 10 49
28 15 21
28 17 5
28 18 16
28 19 35
28 20 36
28 23 21
28 24 9
29 2 11
29 3 8
29 4 1
29 5 59
29 10 46
29 12 49
29 16 10
29 17 10
29 18 9
29 19 51
29 21 2
29 23 14
29 27 39
30 0 55
30 5 31
30 8 2
30 10 30
30 14 24
30 16 33
30 17 19
30 18 14
30 21 19
30 23 26
30 24 3
30 26 67
30 27 53
31 0 2
31 2 45
31 3 7
31 7 64
31 12 65
31 13 36
31 14 60
31 15 60
31 16 13
31 19 25
31 24 19
31 27 36
31 29 57
31 30 58
32 2 52
32 6 16
32 8 50
32 11 28
32 17 25
32 18 65
32 19 13
32 21 53
32 22 8
32 24 49
32 27 67
32 28 47
32 29 31
32 31 28
33 0 24
33 3 5
33 7 59
33 8 63
33 9 14
33 10 18
33 14 47
33 15 25
33 16 35
33 17 21
33 21 64
33 22 22
33 24 30
33 25 7
33 26 9
33 29 49
34 0 21
34 7 49
34 10 30
34 13 17
34 14 21
34 16 61
34 17 61
34 18 42
34 21 65
34 22 34
34 23 25
34 28 21
34 30 32
34 31 6
34 33 2
35 2 1
35 3 23
35 7 64
35 8 28
35 10 61
35 12 41
35 16 28
35 19 43
35 22 26
35 24 15
35 25 46
35 26 52
35 28 64
35 32 57
35 33 50
35 34 54
36 0 10
36 2 16
36 4 34
36 5 22
36 8 38
36 9 52
36 12 9
36 18 32
36 19 50
36 20 52
36 22 45
36 23 58
36 24 42
36 25 45
36 26 1
36 27 27
36 31 48
36 33 18
36 35 52
37 2 56
37 3 40
37 5 1
37 7 24
37 10 34
37 11 28
37 12 22
37 14 45
37 15 10
37 17 55
37 18 33
37 19 12
37 21 10
37 22 52
37 27 17
37 28 48
37 31 63
37 32 26
37 34 26
37 35 13
38 1 64
38 6 29
38 10 34
38 11 35
38 12 28
38 13 13
38 16 58
38 20 1
38 23 7
38 24 17
38 25 38
38 29 41
38 32 5
39 1 27
39 2 50
39 3 21
39 5 2
39 7 61
39 8 43
39 9 39
39 10 48
39 11 6
39 12 8
39 13 36
39 14 51
39 16 13
39 17 48
39 18 12
39 19 27
39 21 38
39 22 46
39 23 33
39 24 35
39 25 35
39 26 5
39 27 30
39 35 28
39 36 11
40 0 5
40 1 39
40 2 66
40 6 21
40 10 58
40 12 30
40 13 24
40 15 44
40 17 38
40 18 49
40 20 62
40 22 67
40 24 14
40 26 63
40 28 27
40 29 17
40 30 37
40 36 4
40 37 25
40 38 29
40 39 9
41 0 14
41 1 62
41 3 47
41 4 61
41 6 10
41 7 49
41 8 34
41 10 42
41 12 30
41 15 63
41 16 5
41 20 49
41 21 14
41 23 47
41 24 30
41 27 40
41 33 13
41 37 41
41 38 64
41 39 36
41 40 15
42 2 3
42 9 13
42 11 38
42 12 16
42 13 59
42 16 43
42 17 55
42 18 10
42 23 12
42 24 20
42 25 34
42 26 56
42 27 37
42 28 49
42 31 28
42 32 11
42 33 48
42 34 12
42 36 65
42 41 2
43 0 57
43 4 21
43 5 35
43 6 15
43 12 64
43 13 19
43 14 42
43 20 32
43 24 20
43 26 45
43 27 29
43 28 53
43 38 20
43 39 35
43 40 31
43 41 58
43 42 55
44 1 18
44 3 28
44 4 7
44 5 11
44 6 18
44 7 40
44 8 17
44 12 17
44 17 23
44 19 9
44 23 23
44 24 24
44 26 49
44 28 56
44 29 42
44 31 62
44 33 11
44 35 20
44 36 50
44 38 17
44 39 33
44 41 24
44 42 49
45 0 14
45 3 36
45 5 45
45 10 66
45 11 4
45 12 36
45 14 58
45 22 20
45 23 45
45 24 23
45 28 5
45 29 55
45 31 48
45 33 46
45 34 48
45 35 29
45 36 57
45 39 59
46 0 24
46 4 28
46 5 48
46 7 2
46 9 66
46 10 66
46 14 60
46 15 63
46 16 64
46 18 61
46 19 35
46 22 34
46 23 45
46 24 56
46 25 35
46 30 34
46 32 10
46 34 3
46 37 6
46 38 42
46 39 59
46 40 28
46 43 2
46 45 27
47 0 32
47 1 49
47 3 63
47 6 53
47 9 19
47 10 14
47 11 22
47 15 50
47 16 2
47 17 52
47 18 11
47 19 11
47 20 37
47 22 51
47 23 31
47 24 58
47 25 47
47 27 45
47 28 6
47 32 26
47 34 3
47 37 21
47 38 53
47 39 45
47 42 5
47 43 13
48 2 18
48 5 26
48 6 7
48 7 63
48 8 60
48 10 30
48 11 33
48 13 2
48 14 67
48 20 58
48 21 42
48 23 53
48 24 36
48 25 30
48 27 61
48 28 6
48 32 5
48 33 60
48 34 32
48 35 24
48 37 20
48 40 61
48 42 61
48 43 12
48 44 40
48 45 32
48 46 55
49 1 40
49 3 16
49 5 37
49 6 33
49 9 43
49 13 8
49 14 58
49 15 14
49 16 18
49 17 45
49 18 50
49 20 62
49 21 64
49 22 25
49 24 9
49 26 35
49 29 7
49 30 6
49 31 65
49 34 11
49 37 61
49 41 37
49 43 49
49 45 14
49 46 58
49 47 63
