46
1 0 45
2 0 37
2 1 29
3 0 13
3 1 36
3 2 22
4 0 12
4 1 35
4 2 8
4 3 15
5 0 38
5 1 51
5 2 32
5 3 20
5 4 52
6 0 54
6 1 10
6 2 17
6 3 21
6 4 17
6 5 59
7 0 9
7 1 30
7 2 30
7 3 3
7 4 58
7 5 33
7 6 24
8 0 50
8 1 20
8 2 54
8 3 2
8 4 2
8 5 33
8 6 38
8 7 60
9 0 45
9 1 30
9 2 63
9 3 18
9 4 12
9 5 63
9 6 20
9 7 47
9 8 39
10 0 4
10 1 6
10 2 4
10 3 5
10 4 44
10 5 62
10 6 26
10 7 13
10 8 40
10 9 26
11 0 5
11 1 8
11 2 26
11 3 63
11 4 20
11 5 35
11 6 43
11 7 26
11 8 7
11 9 43
11 10 62
12 0 57
12 1 18
12 2 44
12 3 6
12 4 60
12 5 17
12 6 63
12 7 56
12 8 38
12 9 27
12 10 13
12 11 5
13 0 37
13 1 40
13 2 48
13 3 32
13 4 8
13 5 45
13 6 41
13 7 48
13 8 3
13 9 50
13 10 35
13 11 18
13 12 45
14 0 42
14 1 23
14 2 14
14 3 56
14 4 54
14 5 62
14 6 43
14 7 22
14 8 52
14 9 53
14 10 18
14 11 7
14 12 31
14 13 35
15 0 62
15 1 29
15 2 21
15 3 29
15 4 41
15 5 7
15 6 15
15 7 19
15 8 52
15 9 20
15 10 18
15 11 61
15 12 50
15 13 37
15 14 58
16 0 17
16 1 43
16 2 31
16 3 13
16 4 9
16 5 18
16 6 44
16 7 23
16 8 36
16 9 62
16 10 63
16 11 17
16 12 23
16 13 49
16 14 16
16 15 11
17 0 26
17 1 20
17 2 30
17 3 38
17 4 14
17 5 31
17 6 11
17 7 58
17 8 39
17 9 5
17 10 7
17 11 32
17 12 6
17 13 18
17 14 52
17 15 12
17 16 12
18 0 21
18 1 39
18 2 35
18 3 50
18 4 21
18 5 53
18 6 10
18 7 22
18 8 12
18 9 53
18 10 46
18 11 10
18 12 19
18 13 43
18 14 7
18 15 37
18 16 9
18 17 36
19 0 24
19 1 42
19 2 8
19 3 44
19 4 21
19 5 15
19 6 13
19 7 53
19 8 17
19 9 2
19 10 25
19 11 61
19 12 2
19 13 2
19 14 54
19 15 35
19 16 27
19 17 60
19 18 14
20 0 39
20 1 37
20 2 7
20 3 45
20 4 32
20 5 62
20 6 33
20 7 46
20 8 58
20 9 57
20 10 11
20 11 15
20 12 47
20 13 2
20 14 4
20 15 5
20 16 51
20 17 2
20 18 63
20 19 63
21 0 27
21 1 20
21 2 40
21 3 8
21 4 22
21 5 51
21 6 2
21 7 62
21 8 53
21 9 56
21 10 48
21 11 32
21 12 29
21 13 1
21 14 28
21 15 32
21 16 7
21 17 48
21 18 63
21 19 33
21 20 35
22 0 19
22 1 17
22 2 10
22 3 60
22 4 29
22 5 41
22 6 16
22 7 42
22 8 47
22 9 57
22 10 22
22 11 5
22 12 28
22 13 20
22 14 39
22 15 17
22 16 12
22 17 50
22 18 58
22 19 48
22 20 46
22 21 45
23 0 45
23 1 41
23 2 7
23 3 30
23 4 16
23 5 62
23 6 3
23 7 9
23 8 54
23 9 2
23 10 27
23 11 41
23 12 33
23 13 51
23 14 21
23 15 21
23 16 6
23 17 10
23 18 45
23 19 55
23 20 34
23 21 12
23 22 55
24 0 59
24 1 29
24 2 45
24 3 22
24 4 3
24 5 34
24 6 11
24 7 41
24 8 22
24 9 37
24 10 10
24 11 13
24 12 39
24 13 40
24 14 30
24 15 20
24 16 18
24 17 63
24 18 23
24 19 6
24 20 42
24 21 20
24 22 22
24 23 29
25 0 33
25 1 61
25 2 48
25 3 55
25 4 33
25 5 33
25 6 3
25 7 28
25 8 31
25 9 59
25 10 14
25 11 19
25 12 22
25 13 47
25 14 20
25 15 37
25 16 7
25 17 26
25 18 26
25 19 29
25 20 24
25 21 44
25 22 46
25 23 55
25 24 20
26 0 38
26 1 1
26 2 4
26 3 56
26 4 10
26 5 59
26 6 62
26 7 55
26 8 27
26 9 19
26 10 14
26 11 60
26 12 13
26 13 37
26 14 60
26 15 61
26 16 20
26 17 37
26 18 8
26 19 2
26 20 42
26 21 34
26 22 61
26 23 5
26 24 18
26 25 5
27 0 15
27 1 9
27 2 3
27 3 31
27 4 5
27 5 29
27 6 55
27 7 38
27 8 21
27 9 61
27 10 35
27 11 54
27 12 46
27 13 4
27 14 28
27 15 45
27 16 3
27 17 33
27 18 46
27 19 17
27 20 25
27 21 4
27 22 9
27 23 43
27 24 20
27 25 51
27 26 3
28 0 7
28 1 4
28 2 48
28 3 25
28 4 50
28 5 23
28 6 61
28 7 11
28 8 52
28 9 41
28 10 7
28 11 63
28 12 43
28 13 29
28 14 29
28 15 16
28 16 19
28 17 27
28 18 40
28 19 45
28 20 53
28 21 16
28 22 43
28 23 47
28 24 48
28 25 19
28 26 63
28 27 32
29 0 14
29 1 2
29 2 43
29 3 26
29 4 62
29 5 10
29 6 55
29 7 19
29 8 3
29 9 23
29 10 21
29 11 45
29 12 62
29 13 61
29 14 33
29 15 20
29 16 35
29 17 47
29 18 31
29 19 26
29 20 62
29 21 2
29 22 45
29 23 61
29 24 12
29 25 38
29 26 40
29 27 46
29 28 51
30 0 62
30 1 19
30 2 22
30 3 35
30 4 22
30 5 41
30 6 28
30 7 39
30 8 59
30 9 9
30 10 13
30 11 53
30 12 51
30 13 59
30 14 48
30 15 8
30 16 21
30 17 42
30 18 41
30 19 5
30 20 39
30 21 39
30 22 2
30 23 63
30 24 62
30 25 51
30 26 14
30 27 48
30 28 63
30 29 16
31 0 12
31 1 58
31 2 49
31 3 37
31 4 43
31 5 29
31 6 36
31 7 33
31 8 13
31 9 45
31 10 43
31 11 5
31 12 16
31 13 38
31 14 34
31 15 29
31 16 8
31 17 5
31 18 15
31 19 63
31 20 37
31 21 23
31 22 54
31 23 38
31 24 5
31 25 38
31 26 32
31 27 37
31 28 4
31 29 50
31 30 51
32 0 48
32 1 2
32 2 16
32 3 27
32 4 20
32 5 60
32 6 54
32 7 33
32 8 45
32 9 28
32 10 63
32 11 38
32 12 47
32 13 50
32 14 52
32 15 62
32 16 25
32 17 37
32 18 13
32 19 43
32 20 13
32 21 45
32 22 41
32 23 56
32 24 12
32 25 55
32 26 62
32 27 55
32 28 44
32 29 60
32 30 35
32 31 6
33 0 37
33 1 49
33 2 17
33 3 14
33 4 37
33 5 17
33 6 44
33 7 52
33 8 61
33 9 54
33 10 4
33 11 8
33 12 32
33 13 44
33 14 62
33 15 26
33 16 50
33 17 16
33 18 7
33 19 26
33 20 63
33 21 61
33 22 63
33 23 5
33 24 54
33 25 21
33 26 1
33 27 45
33 28 31
33 29 28
33 30 8
33 31 59
33 32 6
34 0 57
34 1 42
34 2 28
34 3 61
34 4 45
34 5 41
34 6 8
34 7 13
34 8 25
34 9 3
34 10 9
34 11 57
34 12 37
34 13 14
34 14 17
34 15 63
34 16 47
34 17 29
34 18 15
34 19 58
34 20 56
34 21 9
34 22 62
34 23 40
34 24 16
34 25 6
34 26 15
34 27 52
34 28 35
34 29 10
34 30 43
34 31 22
34 32 2
34 33 2
35 0 33
35 1 11
35 2 35
35 3 59
35 4 30
35 5 16
35 6 33
35 7 32
35 8 19
35 9 21
35 10 9
35 11 10
35 12 25
35 13 35
35 14 36
35 15 47
35 16 18
35 17 9
35 18 54
35 19 15
35 20 41
35 21 55
35 22 39
35 23 56
35 24 39
35 25 55
35 26 62
35 27 44
35 28 14
35 29 63
35 30 22
35 31 43
35 32 22
35 33 60
35 34 41
36 0 6
36 1 32
36 2 42
36 3 34
36 4 11
36 5 17
36 6 57
36 7 26
36 8 43
36 9 21
36 10 53
36 11 22
36 12 2
36 13 19
36 14 9
36 15 29
36 16 41
36 17 58
36 18 63
36 19 51
36 20 6
36 21 8
36 22 54
36 23 26
36 24 58
36 25 21
36 26 58
36 27 46
36 28 28
36 29 37
36 30 49
36 31 39
36 32 48
36 33 51
36 34 31
36 35 49
37 0 44
37 1 6
37 2 12
37 3 1
37 4 47
37 5 38
37 6 62
37 7 6
37 8 54
37 9 58
37 10 39
37 11 44
37 12 46
37 13 42
37 14 23
37 15 62
37 16 18
37 17 37
37 18 55
37 19 49
37 20 62
37 21 55
37 22 8
37 23 9
37 24 26
37 25 58
37 26 46
37 27 10
37 28 27
37 29 9
37 30 3
37 31 62
37 32 30
37 33 24
37 34 62
37 35 34
37 36 7
38 0 63
38 1 34
38 2 32
38 3 53
38 4 61
38 5 12
38 6 18
38 7 37
38 8 6
38 9 61
38 10 17
38 11 39
38 12 32
38 13 41
38 14 35
38 15 45
38 16 7
38 17 28
38 18 55
38 19 48
38 20 23
38 21 11
38 22 22
38 23 19
38 24 45
38 25 43
38 26 34
38 27 24
38 28 39
38 29 8
38 30 45
38 31 8
38 32 54
38 33 20
38 34 18
38 35 39
38 36 45
38 37 12
39 0 61
39 1 56
39 2 2
39 3 14
39 4 7
39 5 42
39 6 27
39 7 20
39 8 5
39 9 28
39 10 1
39 11 22
39 12 50
39 13 32
39 14 33
39 15 38
39 16 56
39 17 61
39 18 34
39 19 39
39 20 46
39 21 40
39 22 31
39 23 17
39 24 46
39 25 36
39 26 21
39 27 10
39 28 21
39 29 34
39 30 8
39 31 28
39 32 48
39 33 42
39 34 13
39 35 50
39 36 32
39 37 12
39 38 13
40 0 13
40 1 47
40 2 50
40 3 34
40 4 48
40 5 45
40 6 17
40 7 53
40 8 25
40 9 27
40 10 18
40 11 41
40 12 41
40 13 7
40 14 30
40 15 7
40 16 40
40 17 34
40 18 23
40 19 44
40 20 47
40 21 7
40 22 29
40 23 17
40 24 6
40 25 16
40 26 2
40 27 34
40 28 23
40 29 19
40 30 56
40 31 19
40 32 42
40 33 22
40 34 28
40 35 52
40 36 49
40 37 37
40 38 6
40 39 63
41 0 40
41 1 52
41 2 6
41 3 23
41 4 1
41 5 41
41 6 2
41 7 20
41 8 51
41 9 7
41 10 23
41 11 40
41 12 18
41 13 58
41 14 36
41 15 28
41 16 21
41 17 55
41 18 62
41 19 23
41 20 24
41 21 31
41 22 14
41 23 1
41 24 47
41 25 24
41 26 58
41 27 39
41 28 30
41 29 50
41 30 15
41 31 2
41 32 51
41 33 26
41 34 3
41 35 42
41 36 6
41 37 11
41 38 2
41 39 61
41 40 36
42 0 46
42 1 12
42 2 27
42 3 28
42 4 6
42 5 7
42 6 35
42 7 13
42 8 11
42 9 15
42 10 50
42 11 55
42 12 31
42 13 11
42 14 52
42 15 6
42 16 15
42 17 23
42 18 26
42 19 46
42 20 32
42 21 55
42 22 49
42 23 44
42 24 18
42 25 19
42 26 23
42 27 15
42 28 31
42 29 40
42 30 13
42 31 37
42 32 18
42 33 61
42 34 25
42 35 62
42 36 25
42 37 10
42 38 22
42 39 22
42 40 9
42 41 59
43 0 61
43 1 15
43 2 24
43 3 2
43 4 39
43 5 40
43 6 37
43 7 19
43 8 51
43 9 59
43 10 55
43 11 62
43 12 62
43 13 4
43 14 39
43 15 28
43 16 28
43 17 35
43 18 49
43 19 14
43 20 47
43 21 17
43 22 32
43 23 7
43 24 1
43 25 38
43 26 13
43 27 31
43 28 48
43 29 54
43 30 27
43 31 30
43 32 18
43 33 60
43 34 15
43 35 11
43 36 62
43 37 27
43 38 36
43 39 30
43 40 52
43 41 51
43 42 22
44 0 2
44 1 49
44 2 29
44 3 55
44 4 8
44 5 22
44 6 42
44 7 54
44 8 7
44 9 11
44 10 32
44 11 18
44 12 5
44 13 22
44 14 48
44 15 54
44 16 17
44 17 5
44 18 63
44 19 43
44 20 15
44 21 48
44 22 28
44 23 24
44 24 53
44 25 35
44 26 25
44 27 10
44 28 36
44 29 4
44 30 12
44 31 61
44 32 52
44 33 49
44 34 5
44 35 11
44 36 60
44 37 14
44 38 31
44 39 24
44 40 25
44 41 11
44 42 30
44 43 61
45 0 16
45 1 12
45 2 24
45 3 58
45 4 55
45 5 23
45 6 1
45 7 48
45 8 30
45 9 19
45 10 54
45 11 45
45 12 57
45 13 13
45 14 10
45 15 23
45 16 3
45 17 8
45 18 51
45 19 39
45 20 16
45 21 30
45 22 25
45 23 33
45 24 12
45 25 15
45 26 2
45 27 16
45 28 45
45 29 55
45 30 26
45 31 38
45 32 39
45 33 27
45 34 43
45 35 28
45 36 41
45 37 40
45 38 55
45 39 8
45 40 61
45 41 56
45 42 48
45 43 57
45 44 45
