62
1 0 8
2 0 1
2 1 4
3 0 4
3 1 5
3 2 12
4 0 8
4 1 10
4 2 10
4 3 9
5 0 10
5 1 11
5 2 7
5 3 3
5 4 9
6 0 11
6 1 11
6 2 8
6 3 2
6 4 4
6 5 13
7 0 3
7 1 5
7 2 1
7 3 14
7 4 7
7 5 11
7 6 8
8 0 13
8 1 14
8 2 8
8 3 3
8 4 14
8 5 13
8 6 13
8 7 10
9 0 10
9 1 11
9 2 3
9 3 14
9 4 13
9 5 2
9 6 7
9 7 7
9 8 1
10 0 2
10 1 8
10 2 8
10 3 6
10 4 9
10 5 11
10 6 6
10 7 9
10 8 6
10 9 9
11 0 2
11 1 7
11 2 12
11 3 3
11 4 7
11 5 7
11 6 2
11 7 5
11 8 7
11 9 3
11 10 4
12 0 14
12 1 4
12 2 9
12 3 2
12 4 4
12 5 12
12 6 2
12 7 2
12 8 4
12 9 5
12 10 8
12 11 2
13 0 4
13 1 12
13 2 3
13 3 1
13 4 7
13 5 9
13 6 7
13 7 10
13 8 13
13 9 2
13 10 12
13 11 5
13 12 9
14 0 12
14 1 2
14 2 7
14 3 9
14 4 7
14 5 5
14 6 14
14 7 13
14 8 7
14 9 7
14 10 7
14 11 9
14 12 3
14 13 4
15 0 14
15 1 7
15 2 13
15 3 14
15 4 12
15 5 9
15 6 8
15 7 1
15 8 7
15 9 9
15 10 11
15 11 4
15 12 5
15 13 3
15 14 11
16 0 10
16 1 13
16 2 7
16 3 1
16 4 10
16 5 13
16 6 4
16 7 14
16 8 13
16 9 8
16 10 1
16 11 2
16 12 10
16 13 13
16 14 11
16 15 10
17 0 7
17 1 10
17 2 4
17 3 3
17 4 2
17 5 1
17 6 12
17 7 2
17 8 8
17 9 12
17 10 8
17 11 5
17 12 4
17 13 14
17 14 13
17 15 1
17 16 8
18 0 10
18 1 6
18 2 6
18 3 6
18 4 10
18 5 7
18 6 4
18 7 3
18 8 12
18 9 13
18 10 13
18 11 11
18 12 7
18 13 10
18 14 7
18 15 5
18 16 14
18 17 1
19 0 5
19 1 12
19 2 7
19 3 12
19 4 12
19 5 12
19 6 14
19 7 10
19 8 12
19 9 8
19 10 14
19 11 3
19 12 3
19 13 12
19 14 9
19 15 9
19 16 5
19 17 9
19 18 2
20 0 3
20 1 10
20 2 12
20 3 2
20 4 9
20 5 11
20 6 3
20 7 7
20 8 14
20 9 4
20 10 11
20 11 2
20 12 10
20 13 10
20 14 7
20 15 13
20 16 12
20 17 6
20 18 6
20 19 14
21 0 2
21 1 4
21 2 6
21 3 8
21 4 6
21 5 7
21 6 8
21 7 8
21 8 8
21 9 13
21 10 2
21 11 14
21 12 9
21 13 4
21 14 3
21 15 7
21 16 4
21 17 5
21 18 9
21 19 2
21 20 7
22 0 14
22 1 10
22 2 3
22 3 5
22 4 6
22 5 2
22 6 12
22 7 9
22 8 1
22 9 5
22 10 6
22 11 11
22 12 7
22 13 10
22 14 6
22 15 7
22 16 8
22 17 4
22 18 1
22 19 13
22 20 14
22 21 10
23 0 10
23 1 6
23 2 11
23 3 8
23 4 7
23 5 7
23 6 7
23 7 4
23 8 7
23 9 7
23 10 14
23 11 2
23 12 5
23 13 1
23 14 14
23 15 8
23 16 8
23 17 1
23 18 5
23 19 11
23 20 2
23 21 1
23 22 11
24 0 7
24 1 2
24 2 5
24 3 9
24 4 5
24 5 5
24 6 6
24 7 14
24 8 13
24 9 1
24 10 3
24 11 5
24 12 13
24 13 6
24 14 9
24 15 4
24 16 2
24 17 5
24 18 3
24 19 7
24 20 2
24 21 5
24 22 3
24 23 5
25 0 10
25 1 14
25 2 4
25 3 1
25 4 5
25 5 4
25 6 14
25 7 14
25 8 13
25 9 8
25 10 4
25 11 2
25 12 2
25 13 2
25 14 11
25 15 2
25 16 9
25 17 2
25 18 14
25 19 11
25 20 12
25 21 10
25 22 4
25 23 14
25 24 12
26 0 7
26 1 2
26 2 2
26 3 8
26 4 2
26 5 13
26 6 7
26 7 3
26 8 9
26 9 5
26 10 3
26 11 6
26 12 12
26 13 2
26 14 14
26 15 5
26 16 2
26 17 6
26 18 13
26 19 10
26 20 9
26 21 11
26 22 11
26 23 4
26 24 6
26 25 9
27 0 3
27 1 8
27 2 5
27 3 10
27 4 13
27 5 10
27 6 13
27 7 12
27 8 4
27 9 1
27 10 11
27 11 6
27 12 10
27 13 9
27 14 7
27 15 8
27 16 13
27 17 10
27 18 2
27 19 2
27 20 5
27 21 1
27 22 5
27 23 14
27 24 12
27 25 2
27 26 6
28 0 11
28 1 12
28 2 14
28 3 7
28 4 14
28 5 1
28 6 11
28 7 4
28 8 5
28 9 3
28 10 4
28 11 7
28 12 10
28 13 5
28 14 14
28 15 5
28 16 7
28 17 3
28 18 13
28 19 10
28 20 12
28 21 3
28 22 8
28 23 1
28 24 2
28 25 6
28 26 5
28 27 3
29 0 2
29 1 2
29 2 11
29 3 6
29 4 1
29 5 5
29 6 9
29 7 13
29 8 11
29 9 11
29 10 7
29 11 11
29 12 11
29 13 2
29 14 9
29 15 3
29 16 12
29 17 4
29 18 5
29 19 2
29 20 9
29 21 6
29 22 2
29 23 1
29 24 1
29 25 14
29 26 5
29 27 10
29 28 4
30 0 13
30 1 2
30 2 9
30 3 7
30 4 10
30 5 11
30 6 8
30 7 7
30 8 10
30 9 9
30 10 6
30 11 6
30 12 2
30 13 13
30 14 13
30 15 10
30 16 6
30 17 14
30 18 9
30 19 3
30 20 3
30 21 7
30 22 14
30 23 2
30 24 5
30 25 2
30 26 1
30 27 10
30 28 1
30 29 14
31 0 8
31 1 12
31 2 4
31 3 3
31 4 10
31 5 10
31 6 8
31 7 9
31 8 13
31 9 6
31 10 2
31 11 9
31 12 6
31 13 14
31 14 11
31 15 8
31 16 1
31 17 13
31 18 11
31 19 11
31 20 5
31 21 6
31 22 3
31 23 3
31 24 12
31 25 6
31 26 14
31 27 13
31 28 12
31 29 13
31 30 13
32 0 4
32 1 1
32 2 1
32 3 14
32 4 12
32 5 4
32 6 12
32 7 6
32 8 4
32 9 9
32 10 10
32 11 2
32 12 14
32 13 4
32 14 3
32 15 5
32 16 1
32 17 14
32 18 2
32 19 4
32 20 7
32 21 5
32 22 6
32 23 8
32 24 11
32 25 14
32 26 9
32 27 13
32 28 14
32 29 14
32 30 5
32 31 6
33 0 4
33 1 11
33 2 14
33 3 2
33 4 14
33 5 5
33 6 6
33 7 12
33 8 10
33 9 9
33 10 8
33 11 11
33 12 13
33 13 12
33 14 1
33 15 2
33 16 12
33 17 8
33 18 12
33 19 8
33 20 8
33 21 5
33 22 12
33 23 4
33 24 7
33 25 10
33 26 2
33 27 5
33 28 11
33 29 6
33 30 2
33 31 6
33 32 9
34 0 2
34 1 9
34 2 12
34 3 14
34 4 3
34 5 5
34 6 11
34 7 6
34 8 10
34 9 4
34 10 2
34 11 14
34 12 12
34 13 2
34 14 5
34 15 5
34 16 1
34 17 4
34 18 9
34 19 7
34 20 4
34 21 8
34 22 4
34 23 12
34 24 6
34 25 4
34 26 13
34 27 3
34 28 8
34 29 7
34 30 10
34 31 4
34 32 9
34 33 7
35 0 5
35 1 5
35 2 4
35 3 1
35 4 13
35 5 9
35 6 5
35 7 9
35 8 13
35 9 13
35 10 4
35 11 3
35 12 9
35 13 12
35 14 7
35 15 5
35 16 12
35 17 4
35 18 11
35 19 9
35 20 5
35 21 5
35 22 3
35 23 13
35 24 11
35 25 12
35 26 10
35 27 2
35 28 11
35 29 8
35 30 4
35 31 10
35 32 13
35 33 1
35 34 3
36 0 12
36 1 3
36 2 13
36 3 8
36 4 3
36 5 6
36 6 3
36 7 10
36 8 1
36 9 5
36 10 3
36 11 4
36 12 6
36 13 10
36 14 11
36 15 4
36 16 6
36 17 8
36 18 6
36 19 3
36 20 8
36 21 4
36 22 8
36 23 9
36 24 12
36 25 14
36 26 10
36 27 13
36 28 13
36 29 12
36 30 1
36 31 4
36 32 5
36 33 3
36 34 5
36 35 2
37 0 10
37 1 8
37 2 6
37 3 12
37 4 12
37 5 1
37 6 2
37 7 2
37 8 5
37 9 14
37 10 7
37 11 12
37 12 2
37 13 13
37 14 6
37 15 3
37 16 13
37 17 2
37 18 8
37 19 11
37 20 4
37 21 3
37 22 4
37 23 12
37 24 4
37 25 12
37 26 8
37 27 14
37 28 3
37 29 4
37 30 1
37 31 12
37 32 9
37 33 7
37 34 9
37 35 13
37 36 9
38 0 1
38 1 8
38 2 1
38 3 7
38 4 2
38 5 6
38 6 5
38 7 4
38 8 7
38 9 5
38 10 8
38 11 6
38 12 13
38 13 6
38 14 13
38 15 5
38 16 2
38 17 10
38 18 14
38 19 2
38 20 12
38 21 7
38 22 6
38 23 12
38 24 6
38 25 10
38 26 5
38 27 4
38 28 12
38 29 13
38 30 12
38 31 3
38 32 5
38 33 1
38 34 6
38 35 3
38 36 14
38 37 12
39 0 11
39 1 14
39 2 1
39 3 13
39 4 2
39 5 2
39 6 9
39 7 9
39 8 4
39 9 7
39 10 7
39 11 3
39 12 7
39 13 2
39 14 1
39 15 12
39 16 7
39 17 10
39 18 4
39 19 12
39 20 14
39 21 9
39 22 6
39 23 11
39 24 1
39 25 6
39 26 9
39 27 7
39 28 6
39 29 4
39 30 10
39 31 7
39 32 11
39 33 2
39 34 5
39 35 5
39 36 6
39 37 1
39 38 10
40 0 14
40 1 2
40 2 2
40 3 10
40 4 14
40 5 12
40 6 12
40 7 7
40 8 5
40 9 6
40 10 13
40 11 10
40 12 2
40 13 9
40 14 6
40 15 1
40 16 3
40 17 8
40 18 10
40 19 4
40 20 13
40 21 6
40 22 6
40 23 11
40 24 4
40 25 3
40 26 8
40 27 9
40 28 5
40 29 1
40 30 6
40 31 12
40 32 14
40 33 2
40 34 4
40 35 5
40 36 11
40 37 12
40 38 3
40 39 5
41 0 4
41 1 4
41 2 1
41 3 5
41 4 1
41 5 14
41 6 10
41 7 14
41 8 9
41 9 7
41 10 1
41 11 13
41 12 7
41 13 7
41 14 5
41 15 10
41 16 4
41 17 3
41 18 6
41 19 10
41 20 14
41 21 2
41 22 2
41 23 4
41 24 2
41 25 9
41 26 7
41 27 3
41 28 14
41 29 4
41 30 11
41 31 4
41 32 9
41 33 4
41 34 8
41 35 9
41 36 14
41 37 14
41 38 14
41 39 13
41 40 12
42 0 7
42 1 2
42 2 11
42 3 8
42 4 13
42 5 10
42 6 1
42 7 8
42 8 10
42 9 8
42 10 13
42 11 10
42 12 8
42 13 5
42 14 14
42 15 11
42 16 7
42 17 13
42 18 14
42 19 7
42 20 12
42 21 2
42 22 3
42 23 13
42 24 3
42 25 1
42 26 8
42 27 1
42 28 14
42 29 2
42 30 10
42 31 12
42 32 2
42 33 13
42 34 1
42 35 5
42 36 2
42 37 13
42 38 7
42 39 3
42 40 3
42 41 2
43 0 1
43 1 1
43 2 10
43 3 9
43 4 5
43 5 11
43 6 12
43 7 14
43 8 10
43 9 8
43 10 7
43 11 8
43 12 5
43 13 14
43 14 9
43 15 11
43 16 1
43 17 13
43 18 8
43 19 4
43 20 13
43 21 10
43 22 3
43 23 12
43 24 8
43 25 14
43 26 11
43 27 2
43 28 6
43 29 2
43 30 8
43 31 9
43 32 1
43 33 9
43 34 8
43 35 9
43 36 8
43 37 8
43 38 1
43 39 7
43 40 12
43 41 12
43 42 9
44 0 1
44 1 9
44 2 13
44 3 12
44 4 14
44 5 14
44 6 14
44 7 9
44 8 8
44 9 12
44 10 7
44 11 5
44 12 7
44 13 12
44 14 4
44 15 7
44 16 14
44 17 1
44 18 13
44 19 12
44 20 11
44 21 3
44 22 1
44 23 6
44 24 14
44 25 10
44 26 3
44 27 12
44 28 4
44 29 1
44 30 3
44 31 9
44 32 1
44 33 4
44 34 2
44 35 8
44 36 4
44 37 3
44 38 13
44 39 14
44 40 4
44 41 2
44 42 5
44 43 4
45 0 9
45 1 9
45 2 11
45 3 10
45 4 11
45 5 2
45 6 12
45 7 8
45 8 6
45 9 9
45 10 14
45 11 12
45 12 8
45 13 8
45 14 2
45 15 11
45 16 7
45 17 7
45 18 9
45 19 5
45 20 7
45 21 4
45 22 2
45 23 13
45 24 4
45 25 5
45 26 10
45 27 7
45 28 9
45 29 3
45 30 2
45 31 4
45 32 1
45 33 6
45 34 10
45 35 14
45 36 3
45 37 5
45 38 14
45 39 3
45 40 7
45 41 12
45 42 9
45 43 8
45 44 13
46 0 11
46 1 12
46 2 9
46 3 2
46 4 14
46 5 2
46 6 4
46 7 11
46 8 6
46 9 7
46 10 7
46 11 8
46 12 11
46 13 13
46 14 13
46 15 9
46 16 8
46 17 8
46 18 7
46 19 8
46 20 11
46 21 8
46 22 5
46 23 4
46 24 7
46 25 8
46 26 7
46 27 11
46 28 13
46 29 3
46 30 7
46 31 7
46 32 6
46 33 6
46 34 12
46 35 4
46 36 12
46 37 8
46 38 5
46 39 7
46 40 2
46 41 8
46 42 14
46 43 11
46 44 6
46 45 12
47 0 12
47 1 2
47 2 6
47 3 13
47 4 8
47 5 13
47 6 9
47 7 6
47 8 9
47 9 2
47 10 14
47 11 5
47 12 12
47 13 14
47 14 1
47 15 4
47 16 6
47 17 7
47 18 4
47 19 10
47 20 1
47 21 9
47 22 13
47 23 12
47 24 12
47 25 7
47 26 8
47 27 9
47 28 7
47 29 1
47 30 11
47 31 4
47 32 7
47 33 8
47 34 9
47 35 2
47 36 10
47 37 5
47 38 13
47 39 8
47 40 2
47 41 3
47 42 5
47 43 6
47 44 11
47 45 7
47 46 12
48 0 2
48 1 3
48 2 8
48 3 2
48 4 11
48 5 1
48 6 11
48 7 1
48 8 7
48 9 3
48 10 9
48 11 3
48 12 11
48 13 11
48 14 7
48 15 11
48 16 9
48 17 12
48 18 14
48 19 10
48 20 8
48 21 7
48 22 2
48 23 10
48 24 9
48 25 11
48 26 13
48 27 9
48 28 14
48 29 4
48 30 6
48 31 12
48 32 6
48 33 5
48 34 2
48 35 7
48 36 8
48 37 12
48 38 13
48 39 12
48 40 11
48 41 4
48 42 12
48 43 2
48 44 10
48 45 14
48 46 11
48 47 9
49 0 7
49 1 2
49 2 13
49 3 10
49 4 12
49 5 12
49 6 13
49 7 12
49 8 1
49 9 9
49 10 9
49 11 9
49 12 6
49 13 6
49 14 6
49 15 13
49 16 2
49 17 3
49 18 11
49 19 12
49 20 11
49 21 5
49 22 10
49 23 8
49 24 5
49 25 9
49 26 13
49 27 7
49 28 8
49 29 12
49 30 13
49 31 13
49 32 14
49 33 4
49 34 3
49 35 1
49 36 2
49 37 13
49 38 14
49 39 4
49 40 10
49 41 4
49 42 7
49 43 6
49 44 1
49 45 6
49 46 8
49 47 8
49 48 7
50 0 8
50 1 9
50 2 13
50 3 14
50 4 7
50 5 5
50 6 11
50 7 9
50 8 3
50 9 8
50 10 14
50 11 1
50 12 14
50 13 9
50 14 2
50 15 3
50 16 6
50 17 1
50 18 8
50 19 8
50 20 14
50 21 11
50 22 7
50 23 1
50 24 2
50 25 9
50 26 12
50 27 3
50 28 5
50 29 5
50 30 5
50 31 14
50 32 2
50 33 14
50 34 6
50 35 4
50 36 1
50 37 5
50 38 14
50 39 2
50 40 7
50 41 13
50 42 1
50 43 5
50 44 9
50 45 11
50 46 3
50 47 10
50 48 13
50 49 12
51 0 2
51 1 6
51 2 4
51 3 5
51 4 11
51 5 9
51 6 3
51 7 8
51 8 11
51 9 13
51 10 5
51 11 10
51 12 7
51 13 14
51 14 9
51 15 5
51 16 14
51 17 5
51 18 7
51 19 7
51 20 6
51 21 13
51 22 14
51 23 2
51 24 10
51 25 10
51 26 12
51 27 7
51 28 7
51 29 7
51 30 4
51 31 1
51 32 14
51 33 14
51 34 3
51 35 11
51 36 11
51 37 6
51 38 13
51 39 9
51 40 8
51 41 14
51 42 2
51 43 6
51 44 13
51 45 13
51 46 7
51 47 1
51 48 1
51 49 5
51 50 13
52 0 11
52 1 3
52 2 14
52 3 11
52 4 9
52 5 3
52 6 10
52 7 12
52 8 1
52 9 12
52 10 1
52 11 3
52 12 3
52 13 4
52 14 7
52 15 10
52 16 4
52 17 12
52 18 6
52 19 2
52 20 8
52 21 6
52 22 13
52 23 5
52 24 10
52 25 2
52 26 2
52 27 14
52 28 9
52 29 13
52 30 11
52 31 14
52 32 2
52 33 2
52 34 9
52 35 9
52 36 5
52 37 5
52 38 12
52 39 7
52 40 11
52 41 4
52 42 4
52 43 14
52 44 9
52 45 2
52 46 14
52 47 11
52 48 2
52 49 7
52 50 12
52 51 2
53 0 6
53 1 13
53 2 9
53 3 1
53 4 9
53 5 1
53 6 9
53 7 13
53 8 6
53 9 5
53 10 6
53 11 13
53 12 9
53 13 7
53 14 14
53 15 10
53 16 8
53 17 1
53 18 12
53 19 12
53 20 14
53 21 13
53 22 3
53 23 4
53 24 9
53 25 8
53 26 4
53 27 12
53 28 9
53 29 11
53 30 8
53 31 3
53 32 8
53 33 5
53 34 9
53 35 13
53 36 1
53 37 1
53 38 4
53 39 14
53 40 7
53 41 14
53 42 3
53 43 2
53 44 2
53 45 2
53 46 4
53 47 11
53 48 11
53 49 8
53 50 2
53 51 4
53 52 13
54 0 4
54 1 1
54 2 1
54 3 1
54 4 4
54 5 8
54 6 1
54 7 10
54 8 9
54 9 11
54 10 13
54 11 10
54 12 1
54 13 10
54 14 1
54 15 13
54 16 12
54 17 5
54 18 13
54 19 10
54 20 7
54 21 2
54 22 7
54 23 4
54 24 3
54 25 7
54 26 9
54 27 9
54 28 14
54 29 1
54 30 2
54 31 5
54 32 8
54 33 14
54 34 5
54 35 9
54 36 9
54 37 12
54 38 13
54 39 3
54 40 5
54 41 12
54 42 11
54 43 8
54 44 14
54 45 13
54 46 13
54 47 10
54 48 2
54 49 10
54 50 3
54 51 4
54 52 5
54 53 3
55 0 12
55 1 7
55 2 4
55 3 3
55 4 9
55 5 14
55 6 8
55 7 8
55 8 14
55 9 13
55 10 14
55 11 3
55 12 5
55 13 4
55 14 11
55 15 6
55 16 7
55 17 8
55 18 1
55 19 8
55 20 4
55 21 12
55 22 13
55 23 6
55 24 14
55 25 7
55 26 13
55 27 9
55 28 5
55 29 2
55 30 14
55 31 5
55 32 6
55 33 11
55 34 1
55 35 10
55 36 1
55 37 7
55 38 6
55 39 6
55 40 3
55 41 12
55 42 7
55 43 12
55 44 1
55 45 10
55 46 1
55 47 1
55 48 11
55 49 11
55 50 12
55 51 8
55 52 9
55 53 2
55 54 14
56 0 7
56 1 2
56 2 1
56 3 2
56 4 10
56 5 3
56 6 7
56 7 3
56 8 4
56 9 14
56 10 8
56 11 5
56 12 14
56 13 4
56 14 9
56 15 3
56 16 9
56 17 1
56 18 12
56 19 13
56 20 9
56 21 11
56 22 10
56 23 6
56 24 9
56 25 7
56 26 4
56 27 9
56 28 7
56 29 1
56 30 1
56 31 1
56 32 7
56 33 3
56 34 8
56 35 9
56 36 8
56 37 8
56 38 13
56 39 11
56 40 5
56 41 10
56 42 12
56 43 13
56 44 3
56 45 9
56 46 13
56 47 9
56 48 14
56 49 6
56 50 12
56 51 8
56 52 1
56 53 2
56 54 8
56 55 12
57 0 3
57 1 14
57 2 14
57 3 1
57 4 14
57 5 1
57 6 10
57 7 4
57 8 7
57 9 14
57 10 5
57 11 1
57 12 4
57 13 7
57 14 3
57 15 8
57 16 9
57 17 1
57 18 11
57 19 10
57 20 1
57 21 4
57 22 5
57 23 11
57 24 3
57 25 2
57 26 5
57 27 5
57 28 2
57 29 12
57 30 8
57 31 13
57 32 14
57 33 12
57 34 13
57 35 5
57 36 7
57 37 2
57 38 14
57 39 2
57 40 7
57 41 14
57 42 4
57 43 13
57 44 10
57 45 9
57 46 3
57 47 3
57 48 8
57 49 11
57 50 12
57 51 1
57 52 7
57 53 3
57 54 7
57 55 5
57 56 9
58 0 4
58 1 12
58 2 6
58 3 7
58 4 13
58 5 1
58 6 12
58 7 1
58 8 7
58 9 7
58 10 4
58 11 1
58 12 11
58 13 5
58 14 4
58 15 1
58 16 10
58 17 2
58 18 2
58 19 11
58 20 11
58 21 11
58 22 6
58 23 3
58 24 10
58 25 10
58 26 8
58 27 6
58 28 14
58 29 8
58 30 3
58 31 7
58 32 8
58 33 1
58 34 7
58 35 14
58 36 3
58 37 8
58 38 4
58 39 7
58 40 4
58 41 13
58 42 14
58 43 7
58 44 3
58 45 8
58 46 7
58 47 7
58 48 2
58 49 13
58 50 6
58 51 1
58 52 1
58 53 12
58 54 5
58 55 11
58 56 8
58 57 12
59 0 13
59 1 14
59 2 10
59 3 2
59 4 14
59 5 3
59 6 14
59 7 9
59 8 7
59 9 12
59 10 9
59 11 2
59 12 8
59 13 1
59 14 14
59 15 10
59 16 4
59 17 13
59 18 10
59 19 13
59 20 7
59 21 7
59 22 1
59 23 8
59 24 8
59 25 2
59 26 10
59 27 14
59 28 12
59 29 11
59 30 2
59 31 1
59 32 12
59 33 6
59 34 3
59 35 1
59 36 1
59 37 1
59 38 1
59 39 4
59 40 6
59 41 8
59 42 11
59 43 14
59 44 13
59 45 3
59 46 7
59 47 1
59 48 9
59 49 1
59 50 13
59 51 12
59 52 3
59 53 3
59 54 6
59 55 12
59 56 3
59 57 14
59 58 13
60 0 9
60 1 4
60 2 12
60 3 1
60 4 10
60 5 2
60 6 8
60 7 6
60 8 4
60 9 4
60 10 5
60 11 1
60 12 5
60 13 4
60 14 7
60 15 2
60 16 12
60 17 2
60 18 13
60 19 11
60 20 2
60 21 4
60 22 14
60 23 5
60 24 1
60 25 14
60 26 3
60 27 12
60 28 5
60 29 12
60 30 6
60 31 12
60 32 13
60 33 9
60 34 11
60 35 9
60 36 13
60 37 5
60 38 3
60 39 10
60 40 3
60 41 4
60 42 1
60 43 12
60 44 2
60 45 2
60 46 5
60 47 11
60 48 13
60 49 1
60 50 13
60 51 8
60 52 9
60 53 2
60 54 12
60 55 12
60 56 3
60 57 5
60 58 3
60 59 1
61 0 6
61 1 4
61 2 8
61 3 10
61 4 4
61 5 13
61 6 3
61 7 11
61 8 10
61 9 11
61 10 12
61 11 7
61 12 13
61 13 13
61 14 11
61 15 11
61 16 6
61 17 13
61 18 6
61 19 4
61 20 3
61 21 8
61 22 2
61 23 9
61 24 2
61 25 3
61 26 1
61 27 10
61 28 14
61 29 14
61 30 13
61 31 3
61 32 12
61 33 5
61 34 11
61 35 1
61 36 14
61 37 10
61 38 9
61 39 2
61 40 5
61 41 6
61 42 7
61 43 9
61 44 9
61 45 8
61 46 11
61 47 7
61 48 8
61 49 6
61 50 2
61 51 10
61 52 13
61 53 5
61 54 12
61 55 5
61 56 7
61 57 5
61 58 2
61 59 6
61 60 2
