69
3 1 2
4 0 32
4 2 29
5 0 53
5 2 53
5 3 34
5 4 17
6 0 20
6 1 56
7 4 61
8 4 12
9 1 37
9 2 6
9 3 1
9 5 64
9 8 64
10 0 7
10 1 56
10 2 41
10 6 56
11 0 17
11 2 13
11 4 43
11 6 27
11 8 43
11 10 13
12 0 12
12 2 16
12 4 11
12 5 61
12 7 20
12 11 32
13 6 8
13 8 39
13 9 41
13 10 54
14 0 45
14 2 54
14 3 52
14 4 6
14 5 11
14 6 17
14 8 27
14 9 32
14 12 15
14 13 58
15 1 1
15 3 13
15 11 41
15 12 37
15 13 60
16 4 12
16 6 48
16 7 42
16 8 64
16 10 14
16 15 1
17 0 8
17 1 24
17 2 57
17 4 2
17 6 6
17 12 43
17 14 13
18 0 15
18 3 52
18 7 29
18 8 34
18 10 18
18 15 47
18 16 54
18 17 2
19 1 42
19 2 61
19 4 23
19 6 57
19 8 18
19 15 62
19 18 32
20 6 9
20 7 3
20 8 20
20 10 18
20 11 41
20 12 14
20 15 21
20 18 4
20 19 29
21 0 3
21 2 26
21 4 8
21 7 53
21 8 26
21 10 32
21 11 17
21 14 37
21 15 63
21 16 51
21 18 59
21 19 18
22 0 17
22 1 3
22 2 15
22 3 58
22 4 42
22 5 3
22 6 52
22 9 15
22 10 56
22 12 65
22 15 11
22 17 51
22 18 33
22 19 33
23 0 39
23 1 9
23 3 64
23 4 4
23 8 62
23 14 31
23 15 19
23 17 30
23 18 1
23 19 64
23 20 21
23 21 24
24 2 21
24 4 24
24 5 3
24 6 46
24 7 38
24 8 21
24 9 30
24 10 47
24 11 24
24 16 43
24 18 35
24 19 1
25 0 66
25 1 9
25 3 34
25 9 38
25 10 32
25 11 44
25 12 53
25 16 56
25 17 49
25 21 35
25 23 13
26 0 44
26 4 5
26 7 66
26 11 28
26 12 56
26 13 2
26 14 28
26 18 44
26 20 52
26 21 21
26 22 14
26 24 1
26 25 64
27 2 18
27 3 28
27 6 22
27 8 24
27 12 64
27 14 33
27 15 4
27 17 49
27 19 47
27 20 55
27 22 32
27 23 22
27 24 50
27 25 27
27 26 22
28 0 64
28 2 26
28 4 62
28 6 22
28 7 36
28 8 66
28 10 13
28 13 12
28 15 44
28 17 32
28 19 10
28 20 20
28 21 37
28 25 46
29 0 55
29 2 48
29 3 60
29 4 65
29 7 13
29 8 28
29 10 55
29 12 25
29 13 17
29 15 33
29 19 14
29 24 49
29 27 5
29 28 62
30 0 54
30 1 1
30 6 55
30 9 61
30 11 5
30 13 25
30 14 30
30 16 59
30 17 53
30 18 66
30 20 15
30 22 39
30 24 61
30 25 48
30 29 8
31 0 53
31 1 36
31 2 64
31 4 54
31 5 6
31 6 40
31 8 33
31 10 4
31 11 42
31 12 64
31 14 63
31 15 17
31 17 58
31 19 23
31 21 56
31 22 43
31 23 13
31 26 49
31 27 4
31 28 55
31 29 41
32 2 6
32 4 44
32 5 46
32 7 28
32 8 6
32 12 50
32 13 4
32 18 37
32 20 50
32 22 22
32 23 3
32 24 7
32 26 56
32 27 22
33 1 60
33 2 13
33 3 18
33 4 33
33 7 7
33 8 13
33 9 9
33 10 21
33 13 38
33 14 29
33 17 1
33 20 9
33 21 20
33 22 30
33 24 18
33 25 5
33 27 64
33 28 62
33 29 41
33 30 34
33 31 50
33 32 29
34 0 13
34 5 3
34 6 51
34 7 9
34 8 33
34 12 50
34 13 56
34 14 7
34 15 16
34 18 40
34 19 63
34 20 29
34 21 9
34 22 44
34 24 62
34 25 43
34 28 25
34 32 26
34 33 11
35 0 7
35 1 62
35 5 41
35 6 14
35 7 57
35 8 49
35 14 56
35 16 66
35 23 19
35 25 46
35 27 39
35 29 38
35 30 6
35 33 66
36 0 27
36 1 61
36 3 66
36 4 46
36 7 29
36 9 5
36 12 42
36 13 11
36 14 16
36 17 44
36 19 46
36 21 37
36 23 46
36 24 9
36 25 57
36 28 8
36 33 14
36 34 58
36 35 23
37 3 2
37 5 29
37 7 30
37 12 64
37 14 7
37 15 28
37 16 39
37 17 2
37 18 42
37 19 44
37 22 8
37 25 17
37 28 66
37 30 13
37 35 16
37 36 33
38 0 20
38 2 45
38 7 4
38 8 56
38 13 32
38 14 30
38 18 54
38 19 28
38 20 62
38 21 6
38 22 1
38 23 47
38 25 48
38 26 7
38 27 49
38 29 62
38 32 60
38 34 14
38 35 39
39 0 59
39 10 11
39 12 24
39 15 33
39 16 64
39 17 8
39 19 30
39 21 59
39 23 2
39 28 7
39 30 31
39 34 18
39 35 15
39 38 25
40 1 35
40 2 19
40 4 20
40 5 64
40 6 11
40 9 60
40 10 27
40 15 5
40 16 23
40 19 62
40 22 17
40 23 57
40 24 19
40 25 29
40 26 25
40 27 21
40 28 9
40 29 4
40 30 33
40 32 46
40 34 27
40 36 51
40 37 50
40 39 46
41 1 35
41 4 18
41 5 39
41 9 47
41 10 13
41 11 58
41 12 42
41 14 26
41 16 25
41 17 37
41 21 40
41 23 33
41 24 36
41 25 35
41 28 61
41 29 9
41 31 6
41 32 61
41 34 40
41 37 9
41 39 60
42 0 27
42 2 7
42 5 2
42 6 48
42 7 49
42 8 59
42 9 51
42 10 64
42 17 2
42 18 18
42 24 39
42 31 27
42 32 9
42 33 27
43 0 54
43 1 34
43 3 56
43 4 50
43 5 33
43 7 27
43 8 7
43 11 56
43 13 37
43 14 27
43 15 1
43 16 48
43 17 48
43 20 66
43 30 58
43 31 29
43 33 61
43 34 25
43 41 29
44 0 58
44 2 44
44 6 58
44 9 61
44 10 53
44 11 47
44 14 5
44 19 29
44 23 1
44 25 48
44 30 61
44 31 42
44 34 64
44 37 14
44 39 54
44 40 43
44 42 35
45 0 55
45 3 4
45 6 30
45 7 53
45 9 12
45 17 36
45 18 58
45 19 19
45 22 65
45 23 5
45 25 45
45 26 50
45 28 2
45 30 39
45 31 50
46 0 32
46 1 20
46 3 32
46 4 59
46 6 28
46 7 51
46 8 46
46 9 45
46 11 52
46 12 54
46 13 20
46 14 61
46 15 12
46 16 27
46 18 56
46 21 59
46 23 18
46 26 48
46 27 28
46 29 56
46 32 55
46 34 61
46 35 66
46 41 44
46 44 6
46 45 49
47 0 29
47 1 5
47 4 50
47 5 40
47 7 12
47 9 20
47 10 10
47 12 17
47 13 40
47 14 7
47 15 54
47 17 18
47 18 21
47 20 10
47 22 58
47 24 57
47 27 54
47 29 39
47 31 48
47 32 18
47 34 53
47 36 12
47 37 13
47 41 35
47 42 58
47 44 46
48 0 22
48 2 46
48 3 25
48 5 39
48 6 32
48 7 49
48 8 4
48 9 25
48 10 43
48 13 2
48 17 6
48 18 41
48 20 9
48 21 11
48 23 56
48 24 66
48 25 34
48 27 13
48 28 56
48 31 13
48 32 58
48 33 51
48 36 58
48 38 21
48 39 30
48 43 63
48 44 1
48 47 34
49 2 43
49 4 65
49 6 61
49 7 62
49 9 10
49 13 40
49 14 13
49 15 57
49 16 20
49 17 19
49 18 40
49 19 49
49 23 27
49 26 8
49 29 50
49 30 53
49 35 60
49 36 53
49 41 47
49 43 57
49 44 28
49 45 6
49 46 38
50 0 8
50 1 61
50 2 1
50 5 66
50 6 52
50 7 13
50 8 8
50 11 51
50 14 2
50 16 2
50 18 6
50 19 30
50 20 6
50 22 35
50 24 45
50 29 32
50 32 49
50 34 25
50 39 30
50 40 51
50 46 47
50 47 42
50 49 24
51 0 8
51 1 7
51 2 51
51 3 30
51 5 50
51 8 38
51 9 24
51 11 59
51 12 16
51 16 5
51 17 2
51 28 18
51 31 66
51 32 11
51 35 61
51 36 32
51 37 30
51 38 34
51 39 31
51 40 20
51 44 2
51 46 55
51 49 42
51 50 26
52 0 36
52 5 21
52 7 11
52 8 29
52 9 10
52 10 54
52 11 44
52 17 42
52 18 47
52 22 15
52 26 37
52 28 24
52 29 36
52 30 28
52 34 65
52 37 19
52 39 49
52 40 41
52 42 57
52 43 51
52 49 54
52 51 58
53 0 61
53 3 29
53 6 44
53 9 42
53 14 29
53 18 7
53 19 59
53 20 27
53 22 55
53 23 47
53 24 62
53 27 54
53 31 15
53 33 55
53 34 8
53 36 58
53 39 18
53 40 49
53 41 26
53 44 45
53 52 32
54 1 65
54 9 15
54 11 40
54 13 63
54 18 3
54 21 11
54 22 41
54 23 66
54 25 58
54 26 33
54 27 64
54 30 41
54 31 24
54 32 2
54 33 36
54 34 8
54 37 52
54 47 2
54 49 43
54 52 8
55 3 38
55 5 59
55 6 60
55 8 25
55 9 41
55 10 60
55 13 3
55 14 8
55 16 17
55 22 9
55 23 62
55 26 4
55 27 39
55 28 38
55 29 28
55 30 60
55 33 43
55 37 42
55 38 14
55 39 51
55 40 40
55 41 23
55 43 56
55 46 8
55 49 22
55 50 16
55 51 60
56 0 17
56 1 32
56 4 1
56 7 21
56 9 13
56 12 19
56 14 14
56 16 39
56 18 20
56 19 18
56 20 43
56 22 49
56 25 45
56 26 46
56 27 64
56 30 6
56 34 12
56 36 65
56 37 7
56 38 5
56 42 48
56 43 2
56 46 53
56 48 45
56 49 55
56 53 52
56 55 64
57 2 49
57 3 11
57 4 30
57 7 35
57 9 12
57 10 18
57 12 50
57 15 35
57 16 17
57 18 64
57 21 44
57 23 22
57 24 59
57 27 66
57 30 49
57 32 32
57 33 61
57 34 48
57 37 6
57 39 23
57 41 22
57 42 52
57 43 65
57 49 53
57 50 33
57 53 53
57 55 41
57 56 42
58 0 62
58 1 32
58 3 3
58 5 52
58 6 45
58 10 37
58 11 66
58 14 8
58 15 42
58 18 50
58 19 17
58 20 19
58 24 36
58 25 45
58 26 53
58 27 7
58 29 63
58 30 28
58 32 57
58 33 45
58 34 14
58 39 17
58 40 31
58 41 48
58 43 16
58 44 58
58 46 48
58 48 38
58 51 25
58 52 58
58 56 57
59 0 50
59 2 66
59 4 37
59 5 59
59 11 16
59 12 27
59 13 24
59 14 41
59 17 49
59 18 28
59 19 49
59 22 29
59 25 24
59 26 4
59 27 50
59 29 27
59 30 6
59 31 34
59 32 64
59 34 35
59 35 11
59 37 23
59 39 30
59 41 52
59 42 16
59 45 34
59 49 32
59 50 55
59 51 5
59 53 22
59 56 15
60 2 53
60 3 9
60 4 4
60 5 12
60 7 23
60 8 20
60 9 66
60 14 5
60 15 10
60 16 30
60 17 48
60 18 56
60 19 33
60 21 43
60 24 55
60 26 2
60 28 54
60 29 57
60 30 34
60 35 46
60 37 24
60 39 41
60 42 60
60 43 47
60 45 66
60 49 10
60 50 12
60 51 17
60 52 16
60 54 63
60 57 62
60 58 17
61 2 59
61 4 51
61 5 60
61 8 22
61 12 13
61 14 38
61 16 60
61 18 10
61 19 57
61 20 44
61 21 32
61 22 65
61 25 17
61 26 55
61 28 64
61 29 6
61 32 13
61 34 41
61 35 37
61 38 39
61 39 4
61 42 34
61 43 65
61 45 45
61 46 18
61 48 41
61 49 1
61 50 29
61 51 58
61 54 44
61 60 48
62 1 25
62 2 62
62 6 37
62 7 56
62 8 57
62 9 39
62 11 30
62 12 42
62 13 52
62 14 19
62 15 26
62 17 51
62 18 57
62 19 61
62 20 38
62 21 30
62 23 30
62 25 36
62 26 37
62 27 31
62 30 28
62 31 59
62 33 64
62 34 11
62 36 15
62 39 15
62 41 38
62 42 22
62 44 59
62 45 30
62 46 41
62 47 43
62 49 51
62 50 38
62 54 18
62 59 15
62 61 59
63 1 9
63 3 39
63 6 23
63 7 44
63 10 58
63 13 64
63 16 10
63 18 40
63 19 32
63 20 31
63 21 37
63 22 29
63 24 23
63 28 51
63 31 6
63 33 52
63 35 54
63 36 5
63 37 46
63 38 30
63 39 35
63 40 22
63 41 42
63 44 8
63 49 51
63 51 40
63 52 29
63 53 7
63 56 62
63 57 11
64 0 53
64 1 32
64 2 65
64 3 59
64 9 27
64 10 31
64 14 17
64 15 12
64 16 21
64 18 37
64 19 50
64 22 22
64 23 55
64 24 30
64 30 7
64 33 22
64 34 4
64 35 24
64 37 8
64 38 33
64 40 8
64 43 9
64 45 23
64 46 50
64 49 28
64 52 52
64 53 14
64 54 51
64 58 32
64 59 13
64 63 58
65 0 39
65 1 22
65 2 4
65 5 12
65 7 10
65 8 46
65 12 50
65 14 59
65 15 29
65 19 8
65 20 10
65 21 21
65 26 50
65 27 16
65 28 30
65 29 40
65 32 29
65 35 33
65 39 45
65 40 41
65 42 31
65 44 58
65 48 14
65 52 27
65 53 28
65 55 27
65 56 53
65 57 66
65 58 24
65 60 59
65 61 63
65 63 5
65 64 49
66 0 66
66 2 66
66 5 37
66 7 56
66 9 45
66 10 32
66 17 49
66 19 44
66 21 51
66 22 35
66 25 36
66 28 23
66 31 58
66 34 53
66 35 26
66 36 48
66 37 18
66 38 59
66 39 21
66 40 47
66 43 46
66 44 47
66 45 25
66 47 36
66 48 21
66 49 40
66 52 60
66 59 44
66 61 66
66 63 31
66 64 40
66 65 39
67 1 53
67 2 55
67 3 21
67 4 38
67 9 48
67 11 28
67 15 37
67 17 60
67 20 50
67 23 26
67 27 36
67 29 60
67 31 58
67 40 15
67 41 57
67 42 56
67 43 28
67 51 26
67 52 43
67 53 42
67 54 9
67 55 39
67 56 9
67 57 2
67 62 26
67 65 14
68 0 21
68 1 50
68 8 65
68 10 17
68 17 3
68 19 12
68 20 6
68 23 52
68 26 21
68 28 29
68 29 36
68 31 62
68 33 35
68 34 17
68 35 20
68 38 37
68 39 40
68 45 47
68 46 65
68 49 62
68 51 62
68 53 39
68 54 14
68 55 52
68 56 16
68 58 20
68 60 16
68 61 24
68 62 7
68 63 32
68 65 51
68 66 2
