31
1 0 10
2 0 48
2 1 4
3 0 24
3 1 40
3 2 10
4 0 41
4 1 3
4 2 42
4 3 17
5 0 20
5 1 43
5 2 8
5 3 43
5 4 59
6 0 45
6 1 7
6 2 34
6 3 62
6 4 36
6 5 59
7 0 32
7 1 40
7 2 36
7 3 60
7 4 9
7 5 8
7 6 46
8 0 21
8 1 24
8 2 11
8 3 34
8 4 29
8 5 29
8 6 24
8 7 7
9 0 3
9 1 60
9 2 13
9 3 1
9 4 39
9 5 19
9 6 49
9 7 13
9 8 61
10 0 14
10 1 29
10 2 35
10 3 22
10 4 52
10 5 18
10 6 54
10 7 57
10 8 21
10 9 23
11 0 33
11 1 20
11 2 52
11 3 4
11 4 14
11 5 58
11 6 10
11 7 40
11 8 10
11 9 29
11 10 17
12 0 10
12 1 44
12 2 38
12 3 19
12 4 41
12 5 43
12 6 41
12 7 23
12 8 4
12 9 43
12 10 59
12 11 55
13 0 59
13 1 46
13 2 16
13 3 41
13 4 47
13 5 29
13 6 2
13 7 33
13 8 14
13 9 56
13 10 61
13 11 46
13 12 28
14 0 59
14 1 40
14 2 34
14 3 51
14 4 35
14 5 17
14 6 5
14 7 2
14 8 15
14 9 25
14 10 62
14 11 19
14 12 55
14 13 24
15 0 28
15 1 8
15 2 38
15 3 54
15 4 57
15 5 53
15 6 1
15 7 47
15 8 18
15 9 40
15 10 50
15 11 16
15 12 44
15 13 40
15 14 34
16 0 62
16 1 51
16 2 15
16 3 50
16 4 8
16 5 28
16 6 58
16 7 1
16 8 31
16 9 9
16 10 13
16 11 18
16 12 40
16 13 34
16 14 24
16 15 59
17 0 22
17 1 1
17 2 13
17 3 17
17 4 37
17 5 64
17 6 50
17 7 39
17 8 3
17 9 36
17 10 20
17 11 22
17 12 31
17 13 27
17 14 16
17 15 36
17 16 21
18 0 43
18 1 13
18 2 18
18 3 62
18 4 28
18 5 43
18 6 60
18 7 2
18 8 32
18 9 27
18 10 14
18 11 27
18 12 45
18 13 51
18 14 2
18 15 63
18 16 29
18 17 51
19 0 12
19 1 62
19 2 44
19 3 22
19 4 24
19 5 49
19 6 21
19 7 8
19 8 15
19 9 37
19 10 47
19 11 64
19 12 42
19 13 53
19 14 2
19 15 52
19 16 49
19 17 45
19 18 3
20 0 16
20 1 3
20 2 9
20 3 23
20 4 51
20 5 40
20 6 53
20 7 55
20 8 9
20 9 42
20 10 25
20 11 23
20 12 34
20 13 26
20 14 42
20 15 40
20 16 63
20 17 22
20 18 46
20 19 48
21 0 15
21 1 27
21 2 14
21 3 28
21 4 55
21 5 27
21 6 58
21 7 2
21 8 6
21 9 55
21 10 40
21 11 13
21 12 6
21 13 62
21 14 11
21 15 32
21 16 51
21 17 48
21 18 42
21 19 22
21 20 35
22 0 64
22 1 22
22 2 3
22 3 7
22 4 63
22 5 6
22 6 9
22 7 60
22 8 4
22 9 53
22 10 53
22 11 39
22 12 16
22 13 53
22 14 34
22 15 55
22 16 59
22 17 42
22 18 47
22 19 38
22 20 59
22 21 48
23 0 44
23 1 61
23 2 37
23 3 37
23 4 46
23 5 8
23 6 55
23 7 27
23 8 60
23 9 41
23 10 19
23 11 14
23 12 59
23 13 9
23 14 24
23 15 24
23 16 33
23 17 7
23 18 3
23 19 2
23 20 47
23 21 58
23 22 51
24 0 31
24 1 41
24 2 59
24 3 64
24 4 41
24 5 30
24 6 18
24 7 22
24 8 49
24 9 29
24 10 43
24 11 24
24 12 52
24 13 10
24 14 39
24 15 46
24 16 13
24 17 15
24 18 25
24 19 20
24 20 49
24 21 57
24 22 10
24 23 54
25 0 11
25 1 32
25 2 4
25 3 9
25 4 16
25 5 15
25 6 21
25 7 20
25 8 50
25 9 28
25 10 52
25 11 43
25 12 55
25 13 20
25 14 27
25 15 6
25 16 52
25 17 7
25 18 12
25 19 59
25 20 13
25 21 52
25 22 6
25 23 58
25 24 40
26 0 3
26 1 4
26 2 47
26 3 11
26 4 47
26 5 26
26 6 54
26 7 42
26 8 43
26 9 52
26 10 63
26 11 13
26 12 7
26 13 39
26 14 37
26 15 51
26 16 64
26 17 1
26 18 40
26 19 40
26 20 26
26 21 32
26 22 63
26 23 33
26 24 18
26 25 23
27 0 16
27 1 55
27 2 55
27 3 25
27 4 18
27 5 45
27 6 54
27 7 6
27 8 35
27 9 55
27 10 36
27 11 53
27 12 28
27 13 22
27 14 52
27 15 52
27 16 23
27 17 25
27 18 35
27 19 57
27 20 24
27 21 63
27 22 17
27 23 43
27 24 34
27 25 30
27 26 26
28 0 9
28 1 14
28 2 52
28 3 4
28 4 60
28 5 16
28 6 39
28 7 5
28 8 11
28 9 23
28 10 48
28 11 6
28 12 2
28 13 30
28 14 29
28 15 14
28 16 61
28 17 49
28 18 5
28 19 24
28 20 52
28 21 41
28 22 62
28 23 35
28 24 37
28 25 54
28 26 1
28 27 24
29 0 28
29 1 30
29 2 3
29 3 58
29 4 62
29 5 42
29 6 58
29 7 22
29 8 28
29 9 6
29 10 59
29 11 20
29 12 55
29 13 49
29 14 22
29 15 49
29 16 27
29 17 20
29 18 42
29 19 40
29 20 49
29 21 22
29 22 58
29 23 54
29 24 52
29 25 9
29 26 39
29 27 21
29 28 22
30 0 58
30 1 51
30 2 11
30 3 28
30 4 23
30 5 6
30 6 51
30 7 38
30 8 21
30 9 9
30 10 19
30 11 4
30 12 42
30 13 45
30 14 49
30 15 34
30 16 37
30 17 9
30 18 41
30 19 43
30 20 31
30 21 8
30 22 17
30 23 42
30 24 34
30 25 60
30 26 11
30 27 60
30 28 38
30 29 33
