56
2 0 7
2 1 3
3 2 7
4 0 5
4 1 3
4 2 4
5 1 5
6 1 5
6 2 4
7 0 2
7 2 3
7 3 6
7 4 4
7 5 6
7 6 1
8 0 7
8 2 4
8 3 6
8 4 2
8 6 4
8 7 4
9 3 5
9 4 7
9 5 5
9 6 6
9 7 2
10 2 5
10 5 5
10 6 6
10 8 6
10 9 1
11 0 2
11 1 7
11 2 1
11 4 1
11 5 5
11 6 2
11 7 2
11 8 1
11 9 2
12 0 4
12 4 4
12 5 3
12 8 1
12 9 4
12 10 1
12 11 1
13 2 5
13 3 7
13 4 5
13 5 3
13 8 7
13 11 3
14 1 6
14 2 4
14 3 7
14 7 4
14 8 1
14 9 2
14 10 1
14 11 5
15 2 2
15 4 1
15 5 6
15 9 4
15 11 1
15 12 1
15 14 6
16 0 3
16 3 7
16 4 6
16 6 3
16 9 3
16 10 3
16 11 6
16 12 5
17 1 2
17 6 3
17 9 6
17 12 7
17 13 6
17 14 6
17 16 3
18 1 2
18 2 1
18 6 7
18 7 2
18 8 5
18 9 7
18 10 3
18 11 1
18 12 3
18 13 1
18 15 1
18 16 1
18 17 4
19 0 3
19 5 3
19 6 7
19 7 6
19 13 3
19 15 6
19 17 5
20 0 5
20 1 6
20 2 1
20 4 5
20 6 7
20 7 4
20 9 2
20 10 6
20 11 2
20 15 4
20 18 5
21 0 4
21 1 7
21 3 1
21 4 1
21 5 6
21 7 4
21 8 7
21 9 2
21 10 5
21 11 5
21 13 5
21 19 5
22 0 1
22 5 2
22 6 4
22 7 1
22 10 3
22 11 1
22 12 5
22 14 1
22 15 7
22 16 7
22 17 2
23 0 4
23 1 5
23 2 5
23 4 7
23 5 2
23 6 5
23 7 3
23 8 1
23 9 5
23 12 4
23 13 6
23 16 6
23 18 4
23 19 2
23 20 5
23 21 5
23 22 6
24 0 5
24 2 4
24 3 2
24 5 3
24 13 5
24 15 5
24 19 5
24 22 7
24 23 2
25 0 3
25 1 4
25 5 1
25 6 4
25 7 4
25 8 6
25 11 5
25 13 3
25 14 2
25 15 6
25 16 3
25 18 1
25 19 1
25 20 2
25 21 4
25 22 5
25 24 5
26 4 6
26 5 6
26 6 2
26 7 7
26 12 3
26 16 3
26 18 6
26 20 1
26 22 3
26 25 4
27 0 1
27 2 1
27 4 1
27 7 6
27 8 7
27 9 5
27 10 7
27 12 4
27 13 7
27 14 4
27 18 4
27 19 2
27 21 3
27 22 1
27 23 5
27 25 7
27 26 4
28 0 5
28 2 6
28 3 7
28 5 3
28 6 2
28 9 2
28 10 5
28 14 2
28 18 3
28 20 6
28 22 7
28 24 7
28 26 2
29 1 1
29 2 2
29 3 4
29 5 7
29 11 2
29 12 7
29 13 5
29 15 1
29 16 1
29 18 5
29 19 2
29 21 7
29 22 1
29 24 4
29 26 1
29 28 5
30 0 2
30 2 2
30 3 4
30 4 1
30 5 1
30 11 5
30 12 6
30 14 2
30 17 3
30 20 5
30 24 3
30 26 4
30 27 5
31 0 3
31 1 4
31 2 4
31 5 3
31 8 5
31 9 2
31 10 5
31 11 2
31 15 6
31 19 5
31 22 2
31 25 4
31 26 6
31 27 4
32 0 7
32 4 6
32 5 4
32 6 6
32 8 4
32 13 7
32 14 6
32 15 7
32 19 4
32 20 6
32 23 5
32 24 6
32 25 3
32 28 7
32 31 6
33 1 6
33 2 2
33 4 4
33 5 4
33 6 6
33 10 7
33 11 5
33 13 7
33 14 4
33 17 6
33 18 1
33 22 5
33 24 1
33 28 5
33 30 2
33 31 7
34 0 5
34 3 3
34 8 7
34 9 7
34 10 5
34 11 4
34 12 2
34 15 1
34 16 3
34 18 6
34 19 3
34 20 1
34 22 7
34 23 2
34 24 7
34 25 7
34 26 1
34 29 4
34 32 4
34 33 2
35 3 4
35 8 7
35 9 2
35 10 1
35 12 2
35 16 6
35 18 5
35 19 5
35 20 2
35 23 7
35 25 2
35 28 6
35 30 6
35 33 4
35 34 3
36 0 5
36 1 2
36 2 1
36 4 6
36 7 3
36 9 5
36 11 3
36 12 2
36 13 1
36 14 5
36 16 1
36 17 7
36 20 7
36 23 4
36 24 5
36 27 7
36 29 5
36 30 3
36 31 4
36 33 1
36 34 7
37 0 5
37 1 3
37 2 4
37 4 5
37 5 5
37 9 5
37 11 3
37 12 4
37 17 1
37 18 3
37 20 3
37 22 3
37 23 5
37 26 5
37 31 4
37 34 1
37 35 3
37 36 5
38 4 4
38 5 3
38 6 5
38 8 2
38 10 4
38 12 4
38 15 7
38 16 4
38 18 6
38 21 4
38 23 5
38 26 1
38 28 4
38 32 5
38 33 4
38 35 1
38 36 1
39 1 6
39 3 2
39 4 7
39 6 2
39 7 3
39 8 2
39 9 2
39 10 7
39 15 1
39 17 2
39 20 2
39 22 7
39 23 5
39 24 3
39 26 1
39 27 4
39 32 3
39 36 7
40 0 3
40 1 3
40 3 7
40 7 2
40 8 6
40 12 6
40 14 4
40 15 2
40 20 1
40 21 5
40 23 5
40 24 3
40 26 7
40 31 3
40 32 5
40 34 4
40 38 4
41 1 4
41 6 1
41 7 6
41 10 3
41 11 5
41 12 4
41 13 7
41 14 4
41 15 3
41 16 2
41 17 5
41 18 5
41 21 5
41 23 7
41 25 6
41 26 6
41 28 4
41 29 1
41 30 3
41 31 6
41 36 4
41 37 2
41 38 6
41 39 7
42 0 6
42 2 1
42 3 3
42 4 2
42 7 2
42 8 7
42 10 2
42 13 1
42 18 1
42 21 5
42 27 1
42 28 7
42 32 6
42 33 5
42 35 5
42 38 3
43 0 2
43 2 4
43 3 4
43 4 1
43 5 6
43 6 4
43 10 2
43 11 5
43 12 3
43 13 7
43 14 7
43 16 7
43 18 5
43 19 3
43 20 3
43 21 7
43 22 4
43 23 1
43 25 4
43 26 1
43 28 6
43 29 4
43 30 3
43 32 4
43 33 5
43 34 5
43 36 2
43 37 2
43 38 2
43 39 7
43 41 2
43 42 3
44 0 2
44 2 7
44 3 6
44 4 6
44 5 2
44 9 1
44 12 2
44 14 7
44 15 5
44 16 6
44 17 5
44 18 5
44 19 2
44 20 6
44 23 4
44 26 7
44 28 4
44 29 6
44 30 1
44 31 2
44 37 2
44 41 2
44 43 2
45 0 7
45 1 6
45 2 7
45 3 6
45 5 2
45 6 3
45 7 1
45 10 1
45 11 1
45 14 4
45 15 7
45 17 5
45 19 7
45 20 4
45 22 1
45 23 6
45 24 4
45 26 4
45 27 5
45 29 6
45 34 7
45 35 7
45 36 5
45 37 4
45 39 2
46 1 7
46 2 7
46 3 6
46 6 3
46 7 6
46 10 2
46 11 4
46 13 2
46 14 6
46 15 7
46 16 6
46 17 5
46 18 4
46 19 2
46 20 4
46 24 2
46 27 5
46 29 3
46 37 2
46 40 6
46 41 7
46 43 2
46 45 4
47 0 3
47 1 6
47 2 6
47 3 2
47 7 1
47 10 1
47 13 7
47 15 1
47 20 5
47 21 4
47 24 6
47 25 3
47 26 3
47 27 2
47 29 3
47 31 6
47 32 2
47 35 2
47 36 3
47 37 6
47 38 6
47 42 7
47 43 1
47 44 6
47 45 3
47 46 1
48 1 7
48 2 3
48 3 4
48 4 3
48 5 2
48 8 7
48 9 3
48 12 6
48 15 3
48 16 1
48 21 1
48 22 5
48 23 3
48 25 5
48 29 5
48 34 2
48 35 6
48 36 7
48 41 2
48 42 4
48 45 7
48 46 2
49 0 4
49 1 7
49 3 4
49 4 6
49 5 5
49 14 2
49 15 4
49 17 1
49 18 6
49 20 1
49 24 6
49 25 4
49 26 7
49 28 3
49 30 7
49 31 5
49 34 2
49 36 2
49 37 4
49 38 2
49 39 6
49 42 5
49 43 3
49 44 4
49 46 2
49 48 6
50 0 3
50 1 4
50 2 6
50 8 5
50 9 4
50 10 2
50 11 1
50 13 5
50 14 3
50 15 7
50 16 7
50 17 4
50 18 2
50 21 7
50 23 2
50 25 5
50 26 5
50 27 5
50 32 3
50 33 5
50 36 5
50 39 1
50 43 7
50 44 7
50 45 6
50 47 4
50 49 2
51 1 7
51 2 7
51 3 3
51 4 6
51 5 1
51 6 5
51 8 4
51 10 6
51 11 2
51 12 2
51 13 2
51 14 1
51 21 5
51 22 7
51 24 2
51 25 7
51 27 6
51 31 5
51 34 2
51 36 6
51 38 5
51 41 5
51 44 1
51 45 3
51 46 4
51 47 4
51 48 5
52 4 1
52 5 2
52 7 1
52 9 1
52 11 2
52 13 4
52 17 1
52 18 7
52 21 1
52 22 1
52 25 6
52 27 5
52 29 1
52 32 2
52 33 2
52 34 7
52 35 7
52 36 4
52 37 1
52 40 1
52 43 6
52 49 4
53 2 5
53 4 3
53 6 6
53 7 2
53 13 2
53 14 6
53 16 6
53 17 4
53 22 3
53 23 2
53 25 1
53 27 1
53 29 3
53 30 3
53 33 6
53 34 5
53 35 3
53 36 4
53 38 5
53 44 6
54 1 3
54 2 5
54 4 2
54 6 2
54 7 3
54 10 7
54 11 4
54 14 1
54 15 4
54 17 5
54 18 7
54 20 2
54 22 4
54 23 5
54 27 4
54 29 1
54 30 2
54 31 7
54 32 7
54 33 2
54 36 3
54 39 4
54 40 4
54 42 5
54 43 6
54 46 5
54 48 6
54 49 6
55 0 6
55 3 7
55 5 7
55 8 3
55 9 7
55 10 7
55 12 2
55 17 1
55 19 2
55 22 5
55 23 3
55 24 3
55 25 3
55 27 7
55 28 7
55 29 3
55 32 3
55 33 5
55 38 1
55 40 7
55 41 1
55 47 5
55 49 7
55 51 4
55 52 6
55 54 1
