63
3 1 27
3 2 1
4 0 1
4 2 25
4 3 30
5 0 24
5 1 26
5 2 5
5 3 21
6 5 19
7 0 33
7 2 3
7 6 17
8 0 27
9 0 3
9 2 7
9 4 7
9 5 20
9 6 1
9 7 28
9 8 22
10 0 24
10 3 1
10 4 15
11 3 16
11 4 21
11 5 9
11 7 3
12 1 17
12 2 24
12 3 18
12 5 23
12 7 22
12 10 22
12 11 15
13 3 7
13 7 1
14 0 31
14 2 24
14 3 10
14 4 13
14 6 30
14 8 4
14 9 21
14 10 22
14 11 33
14 13 21
15 0 11
15 1 11
15 3 10
15 6 6
15 7 31
15 9 17
15 10 33
15 11 2
15 12 9
15 13 4
16 2 7
16 5 29
16 6 5
16 8 20
16 10 28
16 11 32
16 12 18
16 15 2
17 0 14
17 3 21
17 4 5
17 6 23
17 7 31
17 8 15
17 9 2
17 10 11
17 11 15
17 12 18
17 14 8
17 15 27
17 16 30
18 0 32
18 1 27
18 3 3
18 5 5
18 6 14
18 7 19
18 13 2
18 15 32
18 17 28
19 0 24
19 5 33
19 6 25
19 7 28
19 8 12
19 9 5
19 11 21
19 12 14
19 13 1
19 16 24
19 18 5
20 0 19
20 2 20
20 4 15
20 7 6
20 8 15
20 10 29
20 12 27
20 14 30
20 15 8
20 18 24
20 19 17
21 0 6
21 2 22
21 3 23
21 5 7
21 7 4
21 8 8
21 11 20
21 12 24
21 13 19
21 15 18
21 20 11
22 1 9
22 4 17
22 7 13
22 10 26
22 12 15
22 14 3
22 15 27
22 16 2
22 20 27
23 0 4
23 2 18
23 3 33
23 4 23
23 9 5
23 10 23
23 11 22
23 14 21
23 15 1
23 16 2
23 19 15
23 20 7
24 0 8
24 2 5
24 4 4
24 7 4
24 8 9
24 10 27
24 11 32
24 15 31
24 19 33
24 22 26
24 23 30
25 0 12
25 1 22
25 2 1
25 3 4
25 4 9
25 9 6
25 10 4
25 11 27
25 13 17
25 14 7
25 17 21
25 18 9
25 19 9
25 20 21
25 22 19
25 23 29
25 24 30
26 1 8
26 2 5
26 3 26
26 4 10
26 5 11
26 6 23
26 9 23
26 10 13
26 11 12
26 12 23
26 13 11
26 15 25
26 16 16
26 17 5
26 18 33
26 19 8
26 20 25
26 23 13
26 24 19
26 25 29
27 0 13
27 1 28
27 4 21
27 6 16
27 7 2
27 8 14
27 17 1
27 21 21
27 22 13
27 24 15
27 26 9
28 0 11
28 1 25
28 2 1
28 6 8
28 8 25
28 10 13
28 11 26
28 12 27
28 14 15
28 15 12
28 16 5
28 19 16
28 21 29
28 25 33
29 0 26
29 2 26
29 3 14
29 6 32
29 7 3
29 9 9
29 11 5
29 12 19
29 13 3
29 14 15
29 22 23
29 23 20
29 28 19
30 4 3
30 5 5
30 6 24
30 7 6
30 8 6
30 9 5
30 10 12
30 11 30
30 12 27
30 14 2
30 15 12
30 17 21
30 19 27
30 20 18
30 21 2
30 23 2
30 24 16
30 26 25
30 27 10
30 28 6
31 0 19
31 4 31
31 8 20
31 9 15
31 10 10
31 13 24
31 14 8
31 16 30
31 18 19
31 19 27
31 20 27
31 21 9
31 22 7
31 29 30
31 30 18
32 1 8
32 2 22
32 3 31
32 8 11
32 9 17
32 10 20
32 11 11
32 12 24
32 13 21
32 16 29
32 17 22
32 19 30
32 20 26
32 22 8
32 24 15
32 28 12
32 29 27
32 30 26
33 3 4
33 4 32
33 5 30
33 6 1
33 7 17
33 8 15
33 10 15
33 13 1
33 14 2
33 15 31
33 17 11
33 18 32
33 19 23
33 22 13
33 23 11
33 24 1
33 25 25
33 27 14
33 31 1
34 0 5
34 1 3
34 5 25
34 6 17
34 9 29
34 10 2
34 11 2
34 12 28
34 17 14
34 20 8
34 23 5
34 26 30
34 29 3
34 30 27
34 33 17
35 0 13
35 1 26
35 2 18
35 4 4
35 5 16
35 6 17
35 7 18
35 9 25
35 14 9
35 15 24
35 17 31
35 18 18
35 20 30
35 22 31
35 23 10
35 24 25
35 25 18
35 29 20
35 30 25
35 32 17
36 0 15
36 3 3
36 5 15
36 7 4
36 8 33
36 11 25
36 14 18
36 15 14
36 16 3
36 18 1
36 20 10
36 27 28
36 29 14
36 31 13
36 32 18
36 33 2
36 34 3
37 0 24
37 1 7
37 3 6
37 4 7
37 6 21
37 8 30
37 10 1
37 15 20
37 16 15
37 17 15
37 18 23
37 19 15
37 20 23
37 22 5
37 23 7
37 24 22
37 28 5
37 30 19
37 33 15
37 35 5
37 36 4
38 1 10
38 2 16
38 10 26
38 11 27
38 13 23
38 14 14
38 17 23
38 20 11
38 21 14
38 22 27
38 24 5
38 26 32
38 27 14
38 28 20
38 33 19
38 34 10
38 35 11
39 3 11
39 5 4
39 6 29
39 9 18
39 12 8
39 14 6
39 15 8
39 16 29
39 17 16
39 19 15
39 21 7
39 22 17
39 25 12
39 26 10
39 29 13
39 30 33
39 31 6
39 35 7
39 37 21
39 38 10
40 0 18
40 1 32
40 3 16
40 4 25
40 5 22
40 6 2
40 9 21
40 12 15
40 13 7
40 14 19
40 16 3
40 17 4
40 20 7
40 21 15
40 22 9
40 24 18
40 25 16
40 27 32
40 28 17
40 30 3
40 31 31
40 32 4
40 34 2
40 35 26
40 36 26
40 38 30
41 0 26
41 1 21
41 4 33
41 5 27
41 7 2
41 8 33
41 10 28
41 11 8
41 12 16
41 14 3
41 18 7
41 19 24
41 20 13
41 22 1
41 24 12
41 25 28
41 26 27
41 28 3
41 30 6
41 31 24
41 35 6
41 37 12
41 38 7
41 39 18
42 2 12
42 4 3
42 5 24
42 6 25
42 7 29
42 8 29
42 9 17
42 11 26
42 13 8
42 14 22
42 15 2
42 16 14
42 19 16
42 20 30
42 23 11
42 25 2
42 27 28
42 32 28
42 33 19
42 35 30
42 36 15
42 37 20
42 39 21
42 40 7
42 41 14
43 1 30
43 2 33
43 10 24
43 12 19
43 13 10
43 14 32
43 16 18
43 17 15
43 20 32
43 21 2
43 24 29
43 25 17
43 26 15
43 27 33
43 28 11
43 29 21
43 36 10
43 37 5
43 38 17
43 39 8
43 41 4
44 0 24
44 5 4
44 6 29
44 8 20
44 10 5
44 16 16
44 18 7
44 19 7
44 20 15
44 24 31
44 27 20
44 28 21
44 30 22
44 33 17
44 34 22
44 35 10
44 36 8
44 42 31
44 43 22
45 1 24
45 3 10
45 4 18
45 6 18
45 7 30
45 9 23
45 10 13
45 11 6
45 12 29
45 13 16
45 14 21
45 15 8
45 19 6
45 20 17
45 21 30
45 22 17
45 24 19
45 25 16
45 26 29
45 27 10
45 28 24
45 31 19
45 35 6
45 36 31
45 38 10
45 39 7
45 40 14
45 43 3
46 0 16
46 1 25
46 2 4
46 4 1
46 7 32
46 9 1
46 12 3
46 13 7
46 16 19
46 17 33
46 19 15
46 23 9
46 26 23
46 27 31
46 28 2
46 29 7
46 31 1
46 32 28
46 35 10
46 40 2
46 42 23
46 43 17
46 44 16
46 45 18
47 0 18
47 2 9
47 3 11
47 5 30
47 7 25
47 13 4
47 14 26
47 18 27
47 19 24
47 20 22
47 21 21
47 23 18
47 24 11
47 29 33
47 30 12
47 33 24
47 34 31
47 37 22
47 38 25
47 39 15
47 40 1
47 42 5
47 43 28
47 44 33
47 45 11
47 46 33
48 1 29
48 3 26
48 4 23
48 6 21
48 8 24
48 9 20
48 10 16
48 11 11
48 12 30
48 14 22
48 19 28
48 20 25
48 22 32
48 25 3
48 27 28
48 31 27
48 35 18
48 37 7
48 41 29
48 44 4
48 45 22
49 1 30
49 5 26
49 8 28
49 11 16
49 13 20
49 14 32
49 15 31
49 18 15
49 19 1
49 20 26
49 21 11
49 22 20
49 24 28
49 27 19
49 34 4
49 36 7
49 37 3
49 38 21
49 39 23
49 41 6
49 43 18
49 45 16
50 0 21
50 2 11
50 3 5
50 10 13
50 14 7
50 16 33
50 18 24
50 19 4
50 20 2
50 21 8
50 24 33
50 25 31
50 27 15
50 28 26
50 29 25
50 31 12
50 32 25
50 33 30
50 40 21
50 41 19
50 43 2
50 45 11
50 48 33
51 1 1
51 2 11
51 3 26
51 4 23
51 5 30
51 6 6
51 11 1
51 12 11
51 13 3
51 19 12
51 20 20
51 26 1
51 28 13
51 29 11
51 30 12
51 32 1
51 36 22
51 37 31
51 41 21
51 43 13
51 44 29
51 45 17
51 46 7
51 49 10
51 50 10
52 2 9
52 3 32
52 5 27
52 11 18
52 14 2
52 16 20
52 17 28
52 19 2
52 22 29
52 24 19
52 25 21
52 26 33
52 27 31
52 28 7
52 31 30
52 35 23
52 37 30
52 42 18
52 43 27
52 44 2
52 47 29
52 50 12
52 51 4
53 3 24
53 4 22
53 5 28
53 7 15
53 9 17
53 11 25
53 12 9
53 14 6
53 15 7
53 16 30
53 17 11
53 18 25
53 19 15
53 20 17
53 21 23
53 23 4
53 25 6
53 27 33
53 29 19
53 31 23
53 32 17
53 34 24
53 37 6
53 39 24
53 40 13
53 43 30
53 48 25
53 50 9
54 1 4
54 2 28
54 5 18
54 6 24
54 7 16
54 8 13
54 9 20
54 11 15
54 13 28
54 14 19
54 16 15
54 17 12
54 18 30
54 19 11
54 20 23
54 24 20
54 25 6
54 26 11
54 27 27
54 28 18
54 29 7
54 35 11
54 38 7
54 39 8
54 45 28
54 46 15
54 47 2
54 51 18
54 52 17
55 1 26
55 2 25
55 3 13
55 4 10
55 6 28
55 7 31
55 11 15
55 13 2
55 15 11
55 18 11
55 19 18
55 20 32
55 24 20
55 25 8
55 26 20
55 32 27
55 36 11
55 38 29
55 40 1
55 42 32
55 45 32
55 46 24
55 47 16
55 49 2
55 50 16
55 51 2
55 54 16
56 0 10
56 1 13
56 5 15
56 7 8
56 9 6
56 10 33
56 13 7
56 19 6
56 20 17
56 21 10
56 22 3
56 23 11
56 30 20
56 33 3
56 34 11
56 35 8
56 36 15
56 38 2
56 39 22
56 40 30
56 43 13
56 44 32
56 45 30
56 46 16
56 49 10
56 50 19
56 52 2
56 54 16
56 55 23
57 2 18
57 3 17
57 5 7
57 7 8
57 8 20
57 9 5
57 13 21
57 14 5
57 16 10
57 20 20
57 22 13
57 26 14
57 30 12
57 38 8
57 39 18
57 40 13
57 42 18
57 44 10
57 46 32
57 47 22
57 48 9
57 49 5
57 50 32
57 51 31
57 52 17
57 54 28
57 55 4
58 0 10
58 1 15
58 2 13
58 3 23
58 10 8
58 11 21
58 14 23
58 15 20
58 16 6
58 17 8
58 19 12
58 21 21
58 22 6
58 25 4
58 26 12
58 31 13
58 37 32
58 39 6
58 44 31
58 46 10
58 48 26
58 52 19
58 54 17
58 55 14
58 57 30
59 2 31
59 3 7
59 5 31
59 6 7
59 8 4
59 9 8
59 10 5
59 14 4
59 19 16
59 20 13
59 22 20
59 24 26
59 25 11
59 26 6
59 29 4
59 31 24
59 32 33
59 34 9
59 37 8
59 39 31
59 40 3
59 41 16
59 46 12
59 47 20
59 51 24
59 52 18
59 54 28
59 55 6
59 56 30
59 58 28
60 0 21
60 1 10
60 4 10
60 5 14
60 6 23
60 7 30
60 9 24
60 10 21
60 11 27
60 12 8
60 15 28
60 19 33
60 20 3
60 21 30
60 22 6
60 24 22
60 27 22
60 29 5
60 30 32
60 31 15
60 33 8
60 36 32
60 38 25
60 40 12
60 44 19
60 46 13
60 50 10
60 53 5
60 57 10
60 58 14
60 59 8
61 0 19
61 2 1
61 3 6
61 4 15
61 5 19
61 6 13
61 8 10
61 10 29
61 11 24
61 12 28
61 13 15
61 17 9
61 20 6
61 22 19
61 24 30
61 28 31
61 30 8
61 31 16
61 33 29
61 34 22
61 36 11
61 42 16
61 43 18
61 47 6
61 49 26
61 50 2
61 51 4
61 53 1
61 55 18
61 56 31
61 57 4
61 59 21
62 1 21
62 3 17
62 7 32
62 9 28
62 10 17
62 11 4
62 14 7
62 18 11
62 21 31
62 26 10
62 29 15
62 31 3
62 33 32
62 35 19
62 36 21
62 37 23
62 39 13
62 41 33
62 43 21
62 44 14
62 45 24
62 46 25
62 47 21
62 48 1
62 50 27
62 51 19
62 52 10
62 55 5
62 56 31
62 59 16
62 60 32
