19
1 0 49
2 0 4
2 1 12
3 0 36
3 1 18
3 2 3
4 0 31
4 1 52
4 2 30
4 3 42
5 0 3
5 1 32
5 2 31
5 3 16
5 4 3
6 0 46
6 1 48
6 2 21
6 3 23
6 4 21
6 5 7
7 0 31
7 1 37
7 2 49
7 3 2
7 4 24
7 5 52
7 6 36
8 0 29
8 1 27
8 2 38
8 3 48
8 4 7
8 5 18
8 6 10
8 7 15
9 0 47
9 1 44
9 2 22
9 3 18
9 4 19
9 5 29
9 6 47
9 7 42
9 8 42
10 0 3
10 1 22
10 2 40
10 3 47
10 4 4
10 5 6
10 6 16
10 7 18
10 8 2
10 9 44
11 0 21
11 1 52
11 2 45
11 3 51
11 4 28
11 5 34
11 6 13
11 7 18
11 8 23
11 9 52
11 10 24
12 0 44
12 1 53
12 2 12
12 3 51
12 4 13
12 5 37
12 6 31
12 7 34
12 8 25
12 9 29
12 10 14
12 11 22
13 0 16
13 1 34
13 2 43
13 3 16
13 4 39
13 5 2
13 6 31
13 7 30
13 8 32
13 9 12
13 10 17
13 11 9
13 12 39
14 0 12
14 1 18
14 2 50
14 3 10
14 4 45
14 5 30
14 6 50
14 7 1
14 8 54
14 9 37
14 10 6
14 11 47
14 12 50
14 13 3
15 0 12
15 1 7
15 2 32
15 3 53
15 4 18
15 5 33
15 6 50
15 7 36
15 8 45
15 9 51
15 10 20
15 11 2
15 12 28
15 13 4
15 14 54
16 0 53
16 1 53
16 2 32
16 3 23
16 4 48
16 5 39
16 6 49
16 7 41
16 8 30
16 9 36
16 10 13
16 11 43
16 12 33
16 13 44
16 14 9
16 15 51
17 0 24
17 1 8
17 2 9
17 3 33
17 4 39
17 5 27
17 6 16
17 7 11
17 8 28
17 9 28
17 10 51
17 11 35
17 12 25
17 13 51
17 14 25
17 15 30
17 16 4
18 0 17
18 1 48
18 2 50
18 3 44
18 4 15
18 5 17
18 6 14
18 7 7
18 8 19
18 9 22
18 10 40
18 11 22
18 12 50
18 13 7
18 14 11
18 15 7
18 16 28
18 17 49
