67
1 0 5
2 0 1
2 1 30
3 2 13
4 1 23
4 2 18
4 3 53
5 1 15
5 2 17
5 3 9
5 4 46
6 1 17
6 2 24
7 2 27
7 3 40
7 5 44
7 6 37
8 1 19
8 2 41
8 3 27
8 4 50
8 7 31
9 1 29
9 2 10
9 3 3
9 5 51
9 6 52
10 0 13
10 3 47
10 9 20
11 0 11
11 2 12
11 6 19
11 9 11
12 2 7
12 7 25
12 8 2
12 10 52
12 11 21
13 0 22
13 3 50
13 4 9
13 6 41
13 10 10
13 12 35
14 1 55
14 2 32
14 3 45
14 5 15
14 7 17
14 8 20
14 9 56
14 11 41
14 13 21
15 1 47
15 3 37
15 7 31
15 10 27
15 11 29
15 13 12
16 0 17
16 5 35
16 6 58
16 8 59
16 9 58
16 10 48
16 12 29
16 13 58
16 15 46
17 1 33
17 5 35
17 7 48
17 8 1
17 9 46
17 11 38
17 12 7
17 16 26
18 1 32
18 3 30
18 5 31
18 8 36
18 9 22
18 14 19
18 16 30
19 0 52
19 2 12
19 3 30
19 5 42
19 7 17
19 9 5
19 11 2
19 12 27
19 13 3
19 15 52
19 16 23
19 18 36
20 1 24
20 2 51
20 4 48
20 5 56
20 7 20
20 8 55
20 13 42
20 15 44
20 16 33
20 17 6
21 0 9
21 1 3
21 2 30
21 4 11
21 5 44
21 7 49
21 9 58
21 12 50
21 13 50
21 16 28
21 17 43
21 18 36
21 19 1
21 20 52
22 2 22
22 6 34
22 8 24
22 10 18
22 11 7
22 13 3
22 14 18
22 15 37
22 16 13
22 17 32
22 18 19
22 19 43
22 21 55
23 1 10
23 2 32
23 3 23
23 5 9
23 7 36
23 8 37
23 10 9
23 14 51
23 15 59
23 17 42
23 18 6
23 20 5
24 1 35
24 3 39
24 4 17
24 5 2
24 8 40
24 9 10
24 10 26
24 12 33
24 13 10
24 14 50
24 15 10
24 17 58
24 22 57
25 1 50
25 11 17
25 13 39
25 15 32
25 16 20
25 17 29
25 18 15
25 19 29
25 20 36
25 21 33
26 2 5
26 3 50
26 4 44
26 5 52
26 7 33
26 11 44
26 17 42
26 18 11
26 21 42
27 0 58
27 1 19
27 6 39
27 9 8
27 11 41
27 16 39
27 17 54
27 18 21
27 21 21
27 23 12
27 26 50
28 5 56
28 12 52
28 20 41
28 24 52
28 26 19
28 27 10
29 2 56
29 4 23
29 6 52
29 8 32
29 12 20
29 13 21
29 15 27
29 17 46
29 21 51
29 22 42
29 23 16
29 24 42
30 3 17
30 5 14
30 7 52
30 9 39
30 12 31
30 15 23
30 16 53
30 17 57
30 19 33
30 21 31
30 22 36
30 23 53
30 25 59
30 28 30
31 0 52
31 1 2
31 4 36
31 6 32
31 7 23
31 9 50
31 10 12
31 11 1
31 21 23
31 24 6
31 28 21
31 30 12
32 3 16
32 6 6
32 7 34
32 10 58
32 11 23
32 17 23
32 20 35
32 23 49
32 24 39
32 25 21
32 26 25
32 28 35
32 31 4
33 1 42
33 2 59
33 3 45
33 4 10
33 11 12
33 12 11
33 13 56
33 15 14
33 16 53
33 17 37
33 21 54
33 22 17
33 24 41
33 25 18
33 26 22
34 2 16
34 4 55
34 6 21
34 8 10
34 10 4
34 13 8
34 16 49
34 18 5
34 19 53
34 21 25
34 22 25
34 27 56
34 33 30
35 0 19
35 2 52
35 6 6
35 7 43
35 10 59
35 13 56
35 14 32
35 15 26
35 16 41
35 18 21
35 19 13
35 20 54
35 24 46
35 26 4
35 27 38
35 28 9
35 29 39
35 31 51
35 32 17
35 34 34
36 0 23
36 3 20
36 5 47
36 7 16
36 9 19
36 11 30
36 12 4
36 13 1
36 14 15
36 18 38
36 20 56
36 21 42
36 22 18
36 23 21
36 25 53
36 26 22
36 27 16
36 29 26
36 32 3
36 33 38
37 5 57
37 6 20
37 8 9
37 9 43
37 10 10
37 11 31
37 13 49
37 14 51
37 15 31
37 20 21
37 22 4
37 23 59
37 26 42
37 29 34
37 31 7
37 32 52
37 33 31
37 34 43
38 0 25
38 2 19
38 3 55
38 4 58
38 5 36
38 6 23
38 7 29
38 8 1
38 12 44
38 14 39
38 15 10
38 16 36
38 17 30
38 20 28
38 27 23
38 28 34
38 32 58
38 33 57
38 34 26
38 36 39
39 1 23
39 4 30
39 5 30
39 6 45
39 10 7
39 11 44
39 16 51
39 19 57
39 20 30
39 21 11
39 22 41
39 26 5
39 28 36
39 30 53
39 32 16
39 33 28
39 34 16
39 35 1
39 36 27
40 3 36
40 4 52
40 6 22
40 8 39
40 10 33
40 11 35
40 13 58
40 15 45
40 16 45
40 21 33
40 22 30
40 24 54
40 27 1
40 30 36
40 31 59
40 32 11
40 33 30
40 35 27
40 36 25
40 37 1
41 2 15
41 3 41
41 4 3
41 5 29
41 6 42
41 7 51
41 8 42
41 11 17
41 12 8
41 13 18
41 15 53
41 16 47
41 18 42
41 23 48
41 24 27
41 26 20
41 27 23
41 29 47
41 31 30
41 33 26
41 36 16
41 37 32
41 38 32
41 40 8
42 0 29
42 1 22
42 2 7
42 6 47
42 10 28
42 18 37
42 19 54
42 20 1
42 21 34
42 22 6
42 23 41
42 24 59
42 25 9
42 27 9
42 30 20
42 32 1
42 35 24
42 38 29
42 40 3
42 41 25
43 0 57
43 2 11
43 5 9
43 6 5
43 7 18
43 8 45
43 9 16
43 11 39
43 12 8
43 13 9
43 14 58
43 15 4
43 16 19
43 18 39
43 19 53
43 20 15
43 21 53
43 23 17
43 24 34
43 25 48
43 27 16
43 31 55
43 32 7
43 35 20
43 37 22
43 39 43
43 41 4
43 42 3
44 0 2
44 2 39
44 3 37
44 4 27
44 5 44
44 9 7
44 10 33
44 13 38
44 15 44
44 16 16
44 18 43
44 21 16
44 23 47
44 26 10
44 32 6
44 34 32
44 36 59
44 37 10
44 38 14
44 40 35
44 41 53
44 42 25
45 3 12
45 4 24
45 6 7
45 7 16
45 9 51
45 10 48
45 12 5
45 15 49
45 16 2
45 18 48
45 24 26
45 27 4
45 29 33
45 30 50
45 31 11
45 40 27
45 42 22
45 43 48
46 0 15
46 1 27
46 3 14
46 4 15
46 8 8
46 11 32
46 12 9
46 13 36
46 15 12
46 20 59
46 23 56
46 25 40
46 26 14
46 27 55
46 29 44
46 31 39
46 33 50
46 35 8
46 37 47
46 38 33
46 39 27
46 40 4
46 42 6
46 43 48
46 45 56
47 0 24
47 1 16
47 2 39
47 4 25
47 5 5
47 12 41
47 13 4
47 14 2
47 19 2
47 20 45
47 22 20
47 23 18
47 26 32
47 28 17
47 32 44
47 35 42
47 36 44
47 38 35
47 40 23
47 43 17
47 44 38
47 45 55
47 46 17
48 2 6
48 6 3
48 7 35
48 8 21
48 11 17
48 12 43
48 13 15
48 14 55
48 15 1
48 16 23
48 17 56
48 19 52
48 21 37
48 22 18
48 23 14
48 24 13
48 27 10
48 35 25
48 37 58
48 39 22
48 40 19
48 43 2
48 44 39
48 45 4
49 1 24
49 3 53
49 5 7
49 6 45
49 8 43
49 13 46
49 14 2
49 15 19
49 20 32
49 23 59
49 24 16
49 25 21
49 26 41
49 28 37
49 30 59
49 35 45
49 37 17
49 39 26
49 43 16
49 45 16
49 46 10
49 48 55
50 3 40
50 7 23
50 8 33
50 10 7
50 12 44
50 13 26
50 15 40
50 16 58
50 19 57
50 22 18
50 26 4
50 27 59
50 29 7
50 30 1
50 31 40
50 32 5
50 33 59
50 34 6
50 36 55
50 38 16
50 40 39
50 42 6
50 45 53
50 47 49
51 1 35
51 2 30
51 3 38
51 4 6
51 8 32
51 10 14
51 14 32
51 17 53
51 18 48
51 21 41
51 23 47
51 25 11
51 26 41
51 27 15
51 28 11
51 29 43
51 30 12
51 32 2
51 33 16
51 36 11
51 37 14
51 40 55
51 42 45
51 44 44
51 45 59
51 46 23
51 47 22
51 48 28
51 50 49
52 0 6
52 1 6
52 2 51
52 4 4
52 5 19
52 6 55
52 7 43
52 9 1
52 11 22
52 12 36
52 15 8
52 20 59
52 21 13
52 26 23
52 27 50
52 29 43
52 33 34
52 35 49
52 38 20
52 39 2
52 41 54
52 43 58
52 44 4
52 45 25
52 47 27
52 48 45
52 49 55
53 0 51
53 1 39
53 2 4
53 3 19
53 4 35
53 5 11
53 8 54
53 9 13
53 11 2
53 13 40
53 15 23
53 17 11
53 21 6
53 22 5
53 23 14
53 27 27
53 28 24
53 29 44
53 31 6
53 32 29
53 34 21
53 35 29
53 36 47
53 39 20
53 40 29
53 42 42
53 43 36
53 46 42
53 47 10
53 48 33
53 49 15
53 50 7
53 52 4
54 0 24
54 3 33
54 4 26
54 5 32
54 10 26
54 11 2
54 12 38
54 13 34
54 17 53
54 19 39
54 20 24
54 21 9
54 22 17
54 23 46
54 29 56
54 30 57
54 32 35
54 33 48
54 35 51
54 36 45
54 37 24
54 39 49
54 40 22
54 41 34
54 42 10
54 43 20
54 47 38
54 48 46
54 49 52
54 50 1
54 51 53
54 53 45
55 1 42
55 2 18
55 3 46
55 6 47
55 8 50
55 11 17
55 12 58
55 14 54
55 15 50
55 20 1
55 22 10
55 23 47
55 24 33
55 27 6
55 29 28
55 30 6
55 32 38
55 33 13
55 35 2
55 37 54
55 40 34
55 41 51
55 42 44
55 43 56
55 44 49
55 48 45
55 50 56
55 52 37
55 53 4
55 54 32
56 0 47
56 1 54
56 3 15
56 4 52
56 7 13
56 8 6
56 9 53
56 10 8
56 13 29
56 15 7
56 16 46
56 18 20
56 21 7
56 22 31
56 23 22
56 24 24
56 27 16
56 31 25
56 32 32
56 34 18
56 35 7
56 37 59
56 38 52
56 39 34
56 43 58
56 44 30
56 45 44
56 46 27
56 47 49
56 48 57
56 49 10
56 53 22
56 54 4
57 0 55
57 1 6
57 2 1
57 5 5
57 7 14
57 10 40
57 11 51
57 13 51
57 14 26
57 15 35
57 16 50
57 19 30
57 24 18
57 25 9
57 27 43
57 29 11
57 32 24
57 36 4
57 39 28
57 40 52
57 43 2
57 44 54
57 45 51
57 46 12
57 47 27
57 50 15
57 53 39
57 54 23
57 55 29
57 56 18
58 0 1
58 1 17
58 2 44
58 3 18
58 5 11
58 6 7
58 7 50
58 10 30
58 13 20
58 14 21
58 17 41
58 18 1
58 19 16
58 20 59
58 21 26
58 22 27
58 27 57
58 30 29
58 31 1
58 33 7
58 34 44
58 35 12
58 36 3
58 37 32
58 38 47
58 39 7
58 40 58
58 42 40
58 43 57
58 45 37
58 47 33
58 48 1
58 50 52
58 51 54
58 52 12
58 53 3
58 55 59
58 57 24
59 1 1
59 3 17
59 4 44
59 5 40
59 6 18
59 8 52
59 10 18
59 11 22
59 12 59
59 13 5
59 14 19
59 15 38
59 16 12
59 19 15
59 20 26
59 24 33
59 32 26
59 34 52
59 35 45
59 36 7
59 37 38
59 40 21
59 41 50
59 42 24
59 46 27
59 47 59
59 50 47
59 52 22
59 53 56
59 58 34
60 2 54
60 5 27
60 6 52
60 7 10
60 11 9
60 13 57
60 17 31
60 20 26
60 22 23
60 23 34
60 25 51
60 29 26
60 31 49
60 32 33
60 34 2
60 35 16
60 37 45
60 38 12
60 39 12
60 41 34
60 42 19
60 43 52
60 44 28
60 48 36
60 50 9
60 52 28
60 54 6
60 57 7
61 2 34
61 4 1
61 6 38
61 8 50
61 9 59
61 12 11
61 14 17
61 17 51
61 20 7
61 22 54
61 26 38
61 27 44
61 28 8
61 35 8
61 36 3
61 37 41
61 38 58
61 39 11
61 42 23
61 43 13
61 45 29
61 46 7
61 47 43
61 49 38
61 50 46
61 51 44
61 52 5
61 53 5
61 54 27
61 56 51
61 59 51
62 2 54
62 5 24
62 9 13
62 10 15
62 12 29
62 13 41
62 14 54
62 15 21
62 17 22
62 19 56
62 20 35
62 22 35
62 24 17
62 25 59
62 28 45
62 30 56
62 31 32
62 32 48
62 34 57
62 35 28
62 37 38
62 38 7
62 40 3
62 41 32
62 44 18
62 46 48
62 47 50
62 49 52
62 50 52
62 52 23
62 53 24
62 61 11
63 0 8
63 1 47
63 3 47
63 5 3
63 8 33
63 9 28
63 10 21
63 11 11
63 12 44
63 19 39
63 21 30
63 22 5
63 25 55
63 26 42
63 28 24
63 29 40
63 31 8
63 33 26
63 37 30
63 38 43
63 39 24
63 42 13
63 44 40
63 47 40
63 48 6
63 51 32
63 52 54
63 53 10
63 58 16
63 60 8
63 61 56
63 62 4
64 4 18
64 5 14
64 6 57
64 7 18
64 9 47
64 10 57
64 11 23
64 12 16
64 13 56
64 14 56
64 16 26
64 18 47
64 19 36
64 21 42
64 24 49
64 27 51
64 31 22
64 33 52
64 34 8
64 36 13
64 42 29
64 43 20
64 44 54
64 47 19
64 49 19
64 50 43
64 55 36
64 56 27
64 57 14
64 58 14
64 63 22
65 0 44
65 1 2
65 9 38
65 11 14
65 13 40
65 14 39
65 15 13
65 19 57
65 20 14
65 21 36
65 26 23
65 30 46
65 31 58
65 32 21
65 33 17
65 35 5
65 38 3
65 39 15
65 44 51
65 46 4
65 47 50
65 48 10
65 49 46
65 53 12
65 54 45
65 56 33
65 58 56
65 60 2
65 63 1
66 3 32
66 5 16
66 6 11
66 8 56
66 11 35
66 12 54
66 14 57
66 16 9
66 17 30
66 18 50
66 19 11
66 20 5
66 23 26
66 24 20
66 27 4
66 30 30
66 31 18
66 34 25
66 36 41
66 37 39
66 38 34
66 39 58
66 40 42
66 41 10
66 44 42
66 45 18
66 46 24
66 50 22
66 52 26
66 53 47
66 54 43
66 55 55
66 56 21
66 59 32
66 60 11
66 61 32
66 62 39
66 65 39
