48
3 0 16
3 1 34
3 2 15
4 0 11
4 1 27
5 0 11
6 1 6
6 3 20
7 1 23
7 2 36
7 3 19
7 4 17
7 5 16
8 0 19
8 2 9
8 7 48
9 0 13
9 1 44
9 3 11
9 5 49
9 8 19
10 1 42
10 4 22
10 6 40
10 8 49
10 9 22
11 0 40
11 3 7
11 6 15
11 8 32
11 9 35
12 0 6
12 1 7
12 3 44
12 4 29
12 5 39
12 6 14
12 9 15
12 11 23
13 2 39
13 3 49
13 6 12
13 7 23
13 10 51
13 11 41
13 12 31
14 1 29
14 2 6
14 3 39
14 4 25
14 5 39
14 6 6
14 7 47
14 10 35
14 11 24
14 12 13
15 0 20
15 1 33
15 2 21
15 3 48
15 4 41
15 7 17
15 8 38
15 11 49
15 12 29
15 13 4
16 2 47
16 4 37
16 8 8
16 11 25
16 13 48
16 14 20
16 15 11
17 0 14
17 2 9
17 6 31
17 8 14
17 9 29
17 13 34
17 14 6
17 16 1
18 0 19
18 1 51
18 2 14
18 4 3
18 5 14
18 7 22
18 9 49
18 12 5
18 14 13
18 15 45
19 0 9
19 7 16
19 10 26
19 15 22
19 16 15
19 18 4
20 1 48
20 2 25
20 4 7
20 7 4
20 9 15
20 11 30
20 12 18
20 13 30
20 14 5
20 15 1
20 19 37
21 0 46
21 1 5
21 4 48
21 10 43
21 11 32
21 12 7
21 13 13
21 14 44
21 17 24
22 1 31
22 2 25
22 3 17
22 9 18
22 10 2
22 16 2
22 17 43
22 18 39
22 19 25
22 20 22
23 2 15
23 3 30
23 4 34
23 6 16
23 10 37
23 12 48
23 15 22
23 16 26
23 19 3
24 1 17
24 3 49
24 4 33
24 5 28
24 7 30
24 11 11
24 14 9
24 15 13
24 16 27
24 17 10
24 20 23
24 21 1
25 0 37
25 2 8
25 3 5
25 7 12
25 10 31
25 11 25
25 12 28
25 13 26
25 14 43
25 17 34
25 18 6
25 19 46
25 21 23
25 23 30
25 24 35
26 2 31
26 3 1
26 5 48
26 7 2
26 8 40
26 9 23
26 13 38
26 16 27
26 18 6
26 20 40
26 23 20
26 25 25
27 1 24
27 3 13
27 4 40
27 5 13
27 6 20
27 7 6
27 10 43
27 11 11
27 12 4
27 13 49
27 16 14
27 18 34
27 20 16
27 21 37
27 25 15
27 26 24
28 2 37
28 3 34
28 6 5
28 7 36
28 8 15
28 10 21
28 14 41
28 15 15
28 17 23
28 19 35
28 21 38
28 22 19
28 23 8
28 25 49
28 26 42
29 5 12
29 7 10
29 9 47
29 11 31
29 12 15
29 13 27
29 14 24
29 17 2
29 18 3
29 20 3
29 21 43
29 22 4
29 25 49
29 26 47
29 27 46
30 0 36
30 6 39
30 8 34
30 10 26
30 14 8
30 15 14
30 18 45
30 19 41
30 23 11
30 24 27
31 1 24
31 2 26
31 3 43
31 4 24
31 7 3
31 10 19
31 12 43
31 13 41
31 14 17
31 16 9
31 19 10
31 20 17
31 21 45
31 25 1
31 27 43
31 30 15
32 1 51
32 3 11
32 5 13
32 6 30
32 9 36
32 10 27
32 11 51
32 12 49
32 13 43
32 16 11
32 21 48
32 25 13
33 4 20
33 8 11
33 9 14
33 10 27
33 12 2
33 14 43
33 15 32
33 18 51
33 23 9
33 24 21
33 28 24
33 29 17
33 31 50
33 32 15
34 1 19
34 3 34
34 6 33
34 7 10
34 9 49
34 10 18
34 12 29
34 13 31
34 16 42
34 17 6
34 21 25
34 22 11
34 23 47
34 25 8
34 26 48
34 28 7
34 30 24
34 31 27
35 1 19
35 2 29
35 3 4
35 4 27
35 6 13
35 7 20
35 8 20
35 11 39
35 12 37
35 13 3
35 14 21
35 18 9
35 22 45
35 26 10
35 30 21
35 32 41
36 4 7
36 5 19
36 7 36
36 8 42
36 9 3
36 10 51
36 11 49
36 12 29
36 13 31
36 14 45
36 18 11
36 20 27
36 21 14
36 22 14
36 26 16
36 28 1
36 31 1
37 2 24
37 3 11
37 4 10
37 5 33
37 6 15
37 7 1
37 8 4
37 9 7
37 12 49
37 14 46
37 16 3
37 17 22
37 18 9
37 19 39
37 20 33
37 23 1
37 24 37
37 25 23
37 28 13
37 29 3
37 33 48
37 34 42
38 0 33
38 1 15
38 2 21
38 3 16
38 4 20
38 5 51
38 6 15
38 10 32
38 11 20
38 12 15
38 14 26
38 16 4
38 17 39
38 20 39
38 22 48
38 23 12
38 25 29
38 28 26
38 31 21
38 34 46
39 2 27
39 5 42
39 6 49
39 9 39
39 11 14
39 12 41
39 15 19
39 16 5
39 21 44
39 23 25
39 25 38
39 26 17
39 27 12
39 32 19
39 34 7
39 38 23
40 2 20
40 4 20
40 8 20
40 12 36
40 14 48
40 15 4
40 16 24
40 19 26
40 20 40
40 22 28
40 23 43
40 25 12
40 26 46
40 28 2
40 32 29
40 36 2
40 37 18
40 38 39
41 3 28
41 6 16
41 8 5
41 9 42
41 10 19
41 13 11
41 14 14
41 15 20
41 16 10
41 17 32
41 18 4
41 19 33
41 23 5
41 25 20
41 28 16
41 29 51
41 30 40
41 31 22
41 33 31
41 38 23
41 39 10
41 40 50
42 1 29
42 3 1
42 4 28
42 5 32
42 6 47
42 9 27
42 18 41
42 23 2
42 25 34
42 27 25
42 28 25
42 29 51
42 31 4
42 32 34
42 33 29
42 36 38
43 1 17
43 4 37
43 5 16
43 6 20
43 9 22
43 10 15
43 18 3
43 21 17
43 23 32
43 25 19
43 26 4
43 27 29
43 28 35
43 31 26
43 34 46
43 36 14
43 39 21
43 40 11
43 42 39
44 1 43
44 4 40
44 6 14
44 7 5
44 9 35
44 18 48
44 19 46
44 21 36
44 22 25
44 23 21
44 24 22
44 27 19
44 28 13
44 30 36
44 31 51
44 36 16
44 37 7
44 38 28
44 40 51
44 41 1
44 42 48
44 43 36
45 1 20
45 3 16
45 5 18
45 6 32
45 10 39
45 11 46
45 16 6
45 17 46
45 19 15
45 26 3
45 29 6
45 34 3
45 35 35
45 37 40
45 39 28
45 43 26
46 0 42
46 1 1
46 4 20
46 6 5
46 7 4
46 8 50
46 9 29
46 14 18
46 17 4
46 21 5
46 22 36
46 23 38
46 30 5
46 31 43
46 32 11
46 33 38
46 34 42
46 35 33
46 36 47
46 39 20
46 41 37
46 45 25
47 0 22
47 2 35
47 4 6
47 6 12
47 8 44
47 9 32
47 11 31
47 12 13
47 13 45
47 15 19
47 16 8
47 17 27
47 19 41
47 20 16
47 21 44
47 23 4
47 27 36
47 28 10
47 30 26
47 35 27
47 36 20
47 38 7
47 39 44
47 44 36
47 46 3
