19
1 0 8
2 0 9
2 1 3
3 0 20
3 1 8
3 2 24
4 0 11
4 1 9
4 2 31
4 3 6
5 0 11
5 1 12
5 2 1
5 3 17
5 4 31
6 0 27
6 1 20
6 2 9
6 3 8
6 4 7
6 5 7
7 0 6
7 1 13
7 2 24
7 3 26
7 4 5
7 5 13
7 6 16
8 0 27
8 1 23
8 2 26
8 3 31
8 4 12
8 5 29
8 6 4
8 7 12
9 0 14
9 1 16
9 2 8
9 3 17
9 4 11
9 5 12
9 6 4
9 7 4
9 8 15
10 0 2
10 1 7
10 2 28
10 3 20
10 4 21
10 5 11
10 6 14
10 7 18
10 8 32
10 9 18
11 0 23
11 1 18
11 2 19
11 3 24
11 4 10
11 5 14
11 6 22
11 7 17
11 8 20
11 9 17
11 10 20
12 0 4
12 1 28
12 2 11
12 3 1
12 4 3
12 5 25
12 6 4
12 7 25
12 8 24
12 9 28
12 10 3
12 11 30
13 0 13
13 1 23
13 2 15
13 3 22
13 4 5
13 5 8
13 6 24
13 7 1
13 8 27
13 9 10
13 10 7
13 11 1
13 12 27
14 0 2
14 1 32
14 2 31
14 3 22
14 4 17
14 5 13
14 6 32
14 7 3
14 8 24
14 9 32
14 10 28
14 11 24
14 12 14
14 13 16
15 0 25
15 1 16
15 2 20
15 3 30
15 4 23
15 5 20
15 6 5
15 7 20
15 8 22
15 9 27
15 10 23
15 11 6
15 12 12
15 13 20
15 14 32
16 0 16
16 1 30
16 2 18
16 3 31
16 4 32
16 5 2
16 6 17
16 7 15
16 8 16
16 9 29
16 10 23
16 11 19
16 12 29
16 13 3
16 14 4
16 15 16
17 0 2
17 1 19
17 2 8
17 3 27
17 4 23
17 5 6
17 6 12
17 7 17
17 8 22
17 9 32
17 10 2
17 11 32
17 12 5
17 13 8
17 14 9
17 15 29
17 16 2
18 0 29
18 1 8
18 2 28
18 3 30
18 4 10
18 5 24
18 6 1
18 7 20
18 8 29
18 9 2
18 10 5
18 11 22
18 12 7
18 13 28
18 14 27
18 15 17
18 16 6
18 17 6
