56
1 0 26
2 1 33
3 0 15
4 0 35
4 2 20
4 3 5
5 1 35
5 2 23
5 3 18
5 4 36
6 0 9
6 2 21
6 3 18
7 1 12
7 4 18
7 6 5
8 1 14
8 5 22
8 6 35
8 7 23
9 0 21
9 2 2
9 4 4
9 5 9
9 6 3
10 1 3
10 2 32
10 3 17
10 5 31
10 7 32
11 1 4
11 3 6
11 4 12
11 8 13
12 1 36
12 3 22
12 4 9
12 5 30
12 6 35
12 8 15
12 11 7
13 0 30
13 3 27
13 4 20
13 9 2
14 0 28
14 4 33
14 6 21
14 9 37
15 6 24
15 7 29
15 9 21
15 12 29
15 14 20
16 0 23
16 2 13
16 3 7
16 7 33
16 8 2
16 9 12
16 11 2
16 12 14
16 13 34
16 14 37
17 2 18
17 3 6
17 5 11
17 7 32
17 9 2
17 11 4
17 12 15
17 13 15
17 14 19
17 16 30
18 2 18
18 3 5
18 4 6
18 5 16
18 6 28
18 15 4
18 16 8
19 0 7
19 1 33
19 2 27
19 4 33
19 7 23
19 10 10
19 14 3
19 16 14
19 17 34
20 0 18
20 2 11
20 4 18
20 5 19
20 6 2
20 9 19
20 12 36
20 13 37
20 14 26
20 18 32
20 19 15
21 0 26
21 1 7
21 3 21
21 4 29
21 12 4
21 13 9
21 17 29
21 18 15
22 0 16
22 2 22
22 4 19
22 5 32
22 7 14
22 13 7
23 3 26
23 6 34
23 7 4
23 8 23
23 13 37
23 16 23
23 17 4
23 19 37
23 20 35
23 21 27
23 22 3
24 5 25
24 6 21
24 7 30
24 9 36
24 10 34
24 12 7
24 14 29
24 15 1
24 16 22
24 17 12
24 19 27
24 21 29
24 22 36
25 0 32
25 1 36
25 2 20
25 4 9
25 7 11
25 10 7
25 12 15
25 13 21
25 16 1
25 17 26
25 18 13
25 19 15
25 20 26
25 21 1
25 22 6
25 24 10
26 0 23
26 2 25
26 3 20
26 10 26
26 12 3
26 13 29
26 14 37
26 15 13
26 16 16
26 18 5
26 24 34
26 25 5
27 1 22
27 2 21
27 3 18
27 4 15
27 11 8
27 12 37
27 15 26
27 19 23
27 20 13
27 21 37
27 24 1
27 25 34
27 26 13
28 1 8
28 2 12
28 4 26
28 7 34
28 13 18
28 14 19
28 17 5
28 18 18
28 19 26
28 20 17
28 22 28
28 24 7
28 25 8
29 0 8
29 1 10
29 2 12
29 5 9
29 6 36
29 7 4
29 9 16
29 10 31
29 12 28
29 13 17
29 14 26
29 15 15
29 16 15
29 20 1
29 23 12
29 26 19
29 28 5
30 1 25
30 2 28
30 3 37
30 7 33
30 8 36
30 11 17
30 13 14
30 14 23
30 16 8
30 17 5
30 22 28
30 25 14
31 1 16
31 2 21
31 3 31
31 5 13
31 6 29
31 7 32
31 8 25
31 12 18
31 13 17
31 19 21
31 20 18
31 21 16
31 22 17
31 23 35
31 24 20
31 29 30
32 3 19
32 5 31
32 7 1
32 12 22
32 13 33
32 14 14
32 15 3
32 17 37
32 20 8
32 21 11
32 22 7
32 23 6
32 27 16
32 28 13
32 30 19
33 1 10
33 2 35
33 5 23
33 6 9
33 7 23
33 9 12
33 10 10
33 11 27
33 14 17
33 16 32
33 20 3
33 21 31
33 24 15
33 27 13
33 29 8
33 30 29
33 32 16
34 0 6
34 5 28
34 6 28
34 7 7
34 9 8
34 10 30
34 15 13
34 16 18
34 18 20
34 20 8
34 22 22
34 23 3
34 25 20
34 26 21
34 29 25
34 30 22
34 33 13
35 2 26
35 4 25
35 5 34
35 8 26
35 10 29
35 11 26
35 14 5
35 15 11
35 20 2
35 22 31
35 23 1
35 25 15
35 28 6
35 30 28
35 31 36
35 34 36
36 0 21
36 2 32
36 3 28
36 6 19
36 7 13
36 11 31
36 12 32
36 13 27
36 17 29
36 18 5
36 19 7
36 20 16
36 22 11
36 23 9
36 24 23
36 34 15
37 0 27
37 7 32
37 9 31
37 10 3
37 11 19
37 12 20
37 15 29
37 16 27
37 17 35
37 18 5
37 19 26
37 20 31
37 21 17
37 25 33
37 26 8
37 27 13
37 28 17
37 29 2
37 32 1
37 35 28
38 0 10
38 1 8
38 2 18
38 4 25
38 7 10
38 10 18
38 12 21
38 13 9
38 15 4
38 18 27
38 19 15
38 22 32
38 24 31
38 25 7
38 26 1
38 27 8
38 33 4
38 35 14
39 0 11
39 2 23
39 3 16
39 4 18
39 9 9
39 13 20
39 14 21
39 16 28
39 17 17
39 18 26
39 19 15
39 20 32
39 21 6
39 22 9
39 25 36
39 26 2
39 27 14
39 29 28
39 30 5
39 34 20
39 37 21
40 0 31
40 1 27
40 2 10
40 4 9
40 6 14
40 8 3
40 9 17
40 10 16
40 12 20
40 15 21
40 17 20
40 18 17
40 23 28
40 26 17
40 30 27
40 37 5
41 1 28
41 2 34
41 3 23
41 4 18
41 5 26
41 6 14
41 7 3
41 8 10
41 9 34
41 11 5
41 13 20
41 14 2
41 18 7
41 19 7
41 20 22
41 21 37
41 22 33
41 23 7
41 25 9
41 26 3
41 28 37
41 29 14
41 30 17
41 31 8
41 32 4
41 35 26
41 36 27
41 39 8
42 0 4
42 1 29
42 3 7
42 4 37
42 5 23
42 11 13
42 12 1
42 13 31
42 14 16
42 16 21
42 19 36
42 20 10
42 22 6
42 28 23
42 31 23
42 35 16
42 36 24
42 37 1
42 39 24
42 40 10
42 41 1
43 1 5
43 3 32
43 4 4
43 5 37
43 6 14
43 9 28
43 11 20
43 12 30
43 13 23
43 16 5
43 17 12
43 18 29
43 20 12
43 21 11
43 23 2
43 26 9
43 27 36
43 28 2
43 29 23
43 30 7
43 31 21
43 32 22
43 37 10
43 42 3
44 0 25
44 1 10
44 4 4
44 7 17
44 8 4
44 11 3
44 15 7
44 17 29
44 19 36
44 20 24
44 22 5
44 24 2
44 25 33
44 27 20
44 29 17
44 30 31
44 36 9
44 37 33
44 40 2
44 43 29
45 0 22
45 1 34
45 2 22
45 4 31
45 7 31
45 8 16
45 9 10
45 12 5
45 19 1
45 24 13
45 25 29
45 27 30
45 28 28
45 29 36
45 34 3
45 35 2
45 41 36
45 43 9
45 44 31
46 1 10
46 8 3
46 9 14
46 10 32
46 12 17
46 14 1
46 17 30
46 20 3
46 21 29
46 23 1
46 25 19
46 26 6
46 28 12
46 31 30
46 33 17
46 36 6
46 37 19
46 40 11
46 41 29
46 42 19
47 0 36
47 1 13
47 2 19
47 5 17
47 8 30
47 15 2
47 16 21
47 19 24
47 21 29
47 28 20
47 31 22
47 35 36
47 36 33
47 38 2
47 39 3
47 46 3
48 3 37
48 4 34
48 6 14
48 7 23
48 11 27
48 12 1
48 13 36
48 14 25
48 15 18
48 16 6
48 17 32
48 19 35
48 23 28
48 24 26
48 26 36
48 27 26
48 29 36
48 30 18
48 32 37
48 33 1
48 34 3
48 36 1
48 37 13
48 38 2
48 39 22
48 40 20
48 42 24
48 43 21
49 1 19
49 5 33
49 6 7
49 8 29
49 9 1
49 10 3
49 11 14
49 12 8
49 13 10
49 15 28
49 17 8
49 19 18
49 21 9
49 22 19
49 25 27
49 26 23
49 28 13
49 29 36
49 41 23
49 43 3
49 44 15
49 47 35
49 48 9
50 0 4
50 4 20
50 7 3
50 8 10
50 9 3
50 10 23
50 17 9
50 18 3
50 21 3
50 22 28
50 23 33
50 32 16
50 33 4
50 35 33
50 36 23
50 37 20
50 39 12
50 40 23
50 41 16
50 43 17
50 48 30
50 49 28
51 0 4
51 1 29
51 2 3
51 4 3
51 5 1
51 7 24
51 10 32
51 11 32
51 12 28
51 14 5
51 15 36
51 16 34
51 17 20
51 19 8
51 23 32
51 24 34
51 26 29
51 28 1
51 31 19
51 33 15
51 34 10
51 35 34
51 38 26
51 39 34
51 40 14
51 41 6
51 42 35
51 47 10
51 50 16
52 0 4
52 2 5
52 4 7
52 10 4
52 12 27
52 18 24
52 19 21
52 23 6
52 28 19
52 29 31
52 31 29
52 35 1
52 37 30
52 39 34
52 40 19
52 41 17
52 42 25
52 45 35
52 46 32
52 51 25
53 0 7
53 1 25
53 3 24
53 7 29
53 10 24
53 12 19
53 13 3
53 15 32
53 17 28
53 21 36
53 22 13
53 23 8
53 24 1
53 26 3
53 29 27
53 30 14
53 31 22
53 34 19
53 36 37
53 37 4
53 39 21
53 40 33
53 45 32
53 46 6
53 48 31
53 49 8
53 50 7
54 2 35
54 7 21
54 11 17
54 13 9
54 14 21
54 15 31
54 16 17
54 17 36
54 18 8
54 19 2
54 20 3
54 22 4
54 24 31
54 25 33
54 27 4
54 28 25
54 29 32
54 30 10
54 33 35
54 34 14
54 40 3
54 41 3
54 42 15
54 43 25
54 46 3
54 48 27
54 49 22
54 51 11
54 52 35
54 53 15
55 1 35
55 2 25
55 3 36
55 5 27
55 6 37
55 7 1
55 12 4
55 13 35
55 16 27
55 17 18
55 21 11
55 22 4
55 24 15
55 26 12
55 30 26
55 31 33
55 32 26
55 34 29
55 36 24
55 37 16
55 39 25
55 40 32
55 41 1
55 42 18
55 43 22
55 46 23
55 47 23
55 49 30
55 50 24
55 52 10
55 54 2
