37
1 0 7
2 0 6
2 1 6
3 0 3
3 1 5
3 2 6
4 0 3
4 1 8
4 2 3
4 3 4
5 0 5
5 1 6
5 2 7
5 3 7
5 4 8
6 0 1
6 1 1
6 2 7
6 3 7
6 4 3
6 5 3
7 0 2
7 1 2
7 2 4
7 3 1
7 4 4
7 5 7
7 6 1
8 0 7
8 1 3
8 2 1
8 3 1
8 4 8
8 5 8
8 6 5
8 7 5
9 0 4
9 1 8
9 2 5
9 3 5
9 4 3
9 5 8
9 6 3
9 7 8
9 8 6
10 0 1
10 1 1
10 2 6
10 3 3
10 4 3
10 5 5
10 6 1
10 7 6
10 8 5
10 9 1
11 0 8
11 1 2
11 2 5
11 3 5
11 4 6
11 5 1
11 6 2
11 7 3
11 8 7
11 9 6
11 10 4
12 0 2
12 1 8
12 2 6
12 3 5
12 4 4
12 5 3
12 6 6
12 7 2
12 8 5
12 9 1
12 10 6
12 11 3
13 0 6
13 1 8
13 2 5
13 3 1
13 4 7
13 5 8
13 6 1
13 7 4
13 8 7
13 9 8
13 10 3
13 11 2
13 12 4
14 0 1
14 1 3
14 2 1
14 3 6
14 4 7
14 5 5
14 6 7
14 7 2
14 8 6
14 9 4
14 10 1
14 11 7
14 12 7
14 13 2
15 0 5
15 1 3
15 2 2
15 3 5
15 4 7
15 5 4
15 6 6
15 7 2
15 8 8
15 9 7
15 10 2
15 11 2
15 12 3
15 13 1
15 14 3
16 0 5
16 1 6
16 2 6
16 3 1
16 4 8
16 5 4
16 6 5
16 7 8
16 8 7
16 9 1
16 10 5
16 11 3
16 12 1
16 13 4
16 14 7
16 15 5
17 0 3
17 1 7
17 2 3
17 3 7
17 4 8
17 5 8
17 6 4
17 7 7
17 8 7
17 9 6
17 10 7
17 11 5
17 12 4
17 13 4
17 14 2
17 15 2
17 16 4
18 0 3
18 1 2
18 2 6
18 3 2
18 4 6
18 5 7
18 6 3
18 7 2
18 8 5
18 9 2
18 10 3
18 11 8
18 12 4
18 13 3
18 14 5
18 15 4
18 16 5
18 17 4
19 0 4
19 1 8
19 2 6
19 3 5
19 4 5
19 5 1
19 6 3
19 7 8
19 8 7
19 9 7
19 10 7
19 11 5
19 12 5
19 13 4
19 14 8
19 15 4
19 16 1
19 17 3
19 18 1
20 0 1
20 1 1
20 2 4
20 3 3
20 4 6
20 5 2
20 6 6
20 7 4
20 8 4
20 9 2
20 10 2
20 11 3
20 12 5
20 13 8
20 14 6
20 15 4
20 16 2
20 17 5
20 18 6
20 19 4
21 0 3
21 1 3
21 2 4
21 3 3
21 4 1
21 5 5
21 6 1
21 7 1
21 8 3
21 9 4
21 10 4
21 11 6
21 12 3
21 13 8
21 14 2
21 15 7
21 16 5
21 17 4
21 18 1
21 19 7
21 20 4
22 0 1
22 1 1
22 2 5
22 3 4
22 4 4
22 5 4
22 6 3
22 7 5
22 8 7
22 9 3
22 10 3
22 11 3
22 12 2
22 13 2
22 14 1
22 15 7
22 16 3
22 17 8
22 18 1
22 19 3
22 20 2
22 21 4
23 0 3
23 1 1
23 2 4
23 3 1
23 4 6
23 5 1
23 6 1
23 7 5
23 8 5
23 9 8
23 10 5
23 11 4
23 12 3
23 13 8
23 14 3
23 15 6
23 16 4
23 17 5
23 18 1
23 19 5
23 20 3
23 21 6
23 22 6
24 0 5
24 1 7
24 2 1
24 3 5
24 4 2
24 5 1
24 6 3
24 7 2
24 8 1
24 9 3
24 10 2
24 11 1
24 12 4
24 13 5
24 14 7
24 15 2
24 16 2
24 17 7
24 18 4
24 19 6
24 20 3
24 21 3
24 22 5
24 23 7
25 0 1
25 1 7
25 2 3
25 3 3
25 4 5
25 5 7
25 6 8
25 7 1
25 8 6
25 9 1
25 10 7
25 11 1
25 12 7
25 13 1
25 14 4
25 15 2
25 16 2
25 17 5
25 18 7
25 19 4
25 20 5
25 21 6
25 22 1
25 23 1
25 24 6
26 0 5
26 1 5
26 2 5
26 3 7
26 4 8
26 5 6
26 6 3
26 7 3
26 8 2
26 9 1
26 10 6
26 11 4
26 12 1
26 13 5
26 14 3
26 15 3
26 16 8
26 17 4
26 18 6
26 19 4
26 20 1
26 21 6
26 22 6
26 23 7
26 24 3
26 25 1
27 0 8
27 1 1
27 2 7
27 3 3
27 4 1
27 5 4
27 6 1
27 7 6
27 8 1
27 9 1
27 10 6
27 11 1
27 12 2
27 13 8
27 14 6
27 15 1
27 16 7
27 17 5
27 18 4
27 19 8
27 20 8
27 21 5
27 22 5
27 23 6
27 24 3
27 25 4
27 26 4
28 0 5
28 1 7
28 2 8
28 3 3
28 4 4
28 5 2
28 6 2
28 7 7
28 8 5
28 9 3
28 10 5
28 11 5
28 12 8
28 13 7
28 14 2
28 15 7
28 16 2
28 17 2
28 18 7
28 19 2
28 20 2
28 21 8
28 22 8
28 23 7
28 24 3
28 25 5
28 26 8
28 27 5
29 0 3
29 1 1
29 2 2
29 3 1
29 4 1
29 5 1
29 6 7
29 7 1
29 8 8
29 9 2
29 10 5
29 11 5
29 12 7
29 13 7
29 14 4
29 15 1
29 16 2
29 17 8
29 18 4
29 19 4
29 20 8
29 21 1
29 22 6
29 23 7
29 24 3
29 25 7
29 26 7
29 27 8
29 28 3
30 0 6
30 1 8
30 2 8
30 3 5
30 4 2
30 5 7
30 6 4
30 7 6
30 8 2
30 9 2
30 10 8
30 11 8
30 12 8
30 13 3
30 14 2
30 15 3
30 16 5
30 17 5
30 18 8
30 19 2
30 20 3
30 21 5
30 22 2
30 23 4
30 24 8
30 25 1
30 26 2
30 27 7
30 28 5
30 29 8
31 0 1
31 1 4
31 2 7
31 3 7
31 4 3
31 5 4
31 6 5
31 7 5
31 8 4
31 9 1
31 10 5
31 11 7
31 12 5
31 13 3
31 14 6
31 15 5
31 16 6
31 17 3
31 18 6
31 19 4
31 20 6
31 21 5
31 22 8
31 23 2
31 24 3
31 25 1
31 26 6
31 27 8
31 28 8
31 29 4
31 30 5
32 0 1
32 1 2
32 2 3
32 3 6
32 4 8
32 5 4
32 6 2
32 7 1
32 8 8
32 9 1
32 10 1
32 11 3
32 12 4
32 13 1
32 14 4
32 15 6
32 16 6
32 17 8
32 18 7
32 19 3
32 20 8
32 21 1
32 22 1
32 23 6
32 24 4
32 25 4
32 26 3
32 27 5
32 28 6
32 29 2
32 30 8
32 31 4
33 0 2
33 1 8
33 2 1
33 3 8
33 4 6
33 5 7
33 6 6
33 7 3
33 8 2
33 9 5
33 10 6
33 11 3
33 12 7
33 13 1
33 14 6
33 15 1
33 16 3
33 17 5
33 18 7
33 19 7
33 20 4
33 21 5
33 22 2
33 23 1
33 24 2
33 25 1
33 26 1
33 27 6
33 28 4
33 29 7
33 30 1
33 31 8
33 32 1
34 0 4
34 1 4
34 2 7
34 3 3
34 4 4
34 5 5
34 6 3
34 7 1
34 8 3
34 9 6
34 10 6
34 11 4
34 12 3
34 13 6
34 14 7
34 15 5
34 16 1
34 17 8
34 18 1
34 19 5
34 20 6
34 21 8
34 22 4
34 23 6
34 24 1
34 25 5
34 26 8
34 27 3
34 28 7
34 29 5
34 30 6
34 31 7
34 32 1
34 33 7
35 0 3
35 1 6
35 2 7
35 3 2
35 4 7
35 5 5
35 6 5
35 7 3
35 8 1
35 9 5
35 10 7
35 11 4
35 12 4
35 13 7
35 14 2
35 15 6
35 16 1
35 17 2
35 18 3
35 19 2
35 20 3
35 21 2
35 22 3
35 23 4
35 24 8
35 25 5
35 26 8
35 27 1
35 28 5
35 29 7
35 30 5
35 31 1
35 32 6
35 33 7
35 34 2
36 0 6
36 1 3
36 2 3
36 3 4
36 4 8
36 5 5
36 6 3
36 7 3
36 8 4
36 9 2
36 10 1
36 11 4
36 12 6
36 13 1
36 14 1
36 15 6
36 16 3
36 17 2
36 18 5
36 19 4
36 20 8
36 21 7
36 22 7
36 23 6
36 24 8
36 25 7
36 26 5
36 27 8
36 28 7
36 29 7
36 30 5
36 31 7
36 32 3
36 33 7
36 34 6
36 35 2
