69
1 0 19
2 0 8
2 1 2
3 0 18
3 1 7
3 2 8
4 0 17
4 1 21
4 2 8
4 3 23
5 0 8
5 1 21
5 2 14
5 3 8
5 4 16
6 0 10
6 1 5
6 2 7
6 3 10
6 4 7
6 5 22
7 0 16
7 1 2
7 2 1
7 3 23
7 4 20
7 5 9
7 6 5
8 0 12
8 1 9
8 2 24
8 3 21
8 4 14
8 5 21
8 6 11
8 7 12
9 0 21
9 1 17
9 2 16
9 3 4
9 4 14
9 5 4
9 6 24
9 7 18
9 8 16
10 0 23
10 1 22
10 2 22
10 3 24
10 4 2
10 5 1
10 6 13
10 7 8
10 8 4
10 9 18
11 0 5
11 1 12
11 2 14
11 3 13
11 4 19
11 5 9
11 6 5
11 7 9
11 8 12
11 9 9
11 10 5
12 0 3
12 1 12
12 2 15
12 3 7
12 4 21
12 5 2
12 6 15
12 7 11
12 8 14
12 9 11
12 10 22
12 11 16
13 0 19
13 1 2
13 2 3
13 3 20
13 4 23
13 5 9
13 6 2
13 7 18
13 8 13
13 9 21
13 10 14
13 11 5
13 12 7
14 0 22
14 1 21
14 2 13
14 3 19
14 4 23
14 5 14
14 6 4
14 7 23
14 8 10
14 9 13
14 10 4
14 11 17
14 12 3
14 13 19
15 0 11
15 1 14
15 2 23
15 3 8
15 4 3
15 5 23
15 6 14
15 7 2
15 8 12
15 9 16
15 10 17
15 11 14
15 12 11
15 13 22
15 14 14
16 0 8
16 1 22
16 2 20
16 3 11
16 4 13
16 5 14
16 6 4
16 7 15
16 8 20
16 9 5
16 10 17
16 11 1
16 12 5
16 13 1
16 14 13
16 15 24
17 0 7
17 1 7
17 2 9
17 3 13
17 4 15
17 5 23
17 6 15
17 7 17
17 8 19
17 9 13
17 10 11
17 11 22
17 12 1
17 13 13
17 14 6
17 15 4
17 16 3
18 0 7
18 1 23
18 2 16
18 3 21
18 4 5
18 5 21
18 6 19
18 7 17
18 8 2
18 9 14
18 10 19
18 11 7
18 12 12
18 13 18
18 14 15
18 15 20
18 16 5
18 17 16
19 0 1
19 1 19
19 2 24
19 3 7
19 4 18
19 5 16
19 6 4
19 7 24
19 8 22
19 9 8
19 10 19
19 11 19
19 12 22
19 13 10
19 14 11
19 15 21
19 16 10
19 17 2
19 18 2
20 0 13
20 1 21
20 2 14
20 3 20
20 4 2
20 5 18
20 6 9
20 7 10
20 8 10
20 9 17
20 10 18
20 11 13
20 12 13
20 13 1
20 14 1
20 15 15
20 16 16
20 17 5
20 18 4
20 19 16
21 0 4
21 1 12
21 2 13
21 3 19
21 4 8
21 5 22
21 6 12
21 7 8
21 8 22
21 9 17
21 10 1
21 11 2
21 12 20
21 13 13
21 14 5
21 15 6
21 16 24
21 17 2
21 18 22
21 19 24
21 20 22
22 0 23
22 1 12
22 2 5
22 3 2
22 4 9
22 5 13
22 6 24
22 7 6
22 8 4
22 9 17
22 10 15
22 11 21
22 12 19
22 13 2
22 14 9
22 15 24
22 16 11
22 17 6
22 18 1
22 19 8
22 20 17
22 21 21
23 0 12
23 1 3
23 2 7
23 3 19
23 4 1
23 5 18
23 6 5
23 7 20
23 8 8
23 9 1
23 10 4
23 11 14
23 12 21
23 13 6
23 14 4
23 15 2
23 16 8
23 17 7
23 18 11
23 19 10
23 20 5
23 21 18
23 22 5
24 0 3
24 1 14
24 2 23
24 3 2
24 4 22
24 5 4
24 6 5
24 7 3
24 8 21
24 9 6
24 10 12
24 11 11
24 12 15
24 13 6
24 14 16
24 15 6
24 16 8
24 17 10
24 18 12
24 19 19
24 20 6
24 21 6
24 22 12
24 23 7
25 0 2
25 1 5
25 2 12
25 3 1
25 4 21
25 5 13
25 6 1
25 7 24
25 8 15
25 9 6
25 10 11
25 11 3
25 12 23
25 13 23
25 14 1
25 15 12
25 16 5
25 17 9
25 18 5
25 19 15
25 20 18
25 21 8
25 22 9
25 23 4
25 24 18
26 0 15
26 1 20
26 2 24
26 3 8
26 4 12
26 5 21
26 6 13
26 7 5
26 8 20
26 9 20
26 10 5
26 11 21
26 12 20
26 13 8
26 14 12
26 15 23
26 16 4
26 17 8
26 18 17
26 19 19
26 20 16
26 21 15
26 22 11
26 23 17
26 24 2
26 25 18
27 0 21
27 1 24
27 2 14
27 3 18
27 4 3
27 5 7
27 6 23
27 7 3
27 8 2
27 9 24
27 10 6
27 11 10
27 12 22
27 13 5
27 14 8
27 15 6
27 16 24
27 17 9
27 18 20
27 19 7
27 20 5
27 21 21
27 22 6
27 23 20
27 24 8
27 25 14
27 26 18
28 0 20
28 1 24
28 2 17
28 3 6
28 4 14
28 5 4
28 6 12
28 7 11
28 8 19
28 9 16
28 10 19
28 11 5
28 12 20
28 13 17
28 14 15
28 15 5
28 16 5
28 17 1
28 18 15
28 19 24
28 20 12
28 21 5
28 22 1
28 23 23
28 24 13
28 25 8
28 26 1
28 27 1
29 0 14
29 1 20
29 2 23
29 3 9
29 4 9
29 5 20
29 6 18
29 7 11
29 8 18
29 9 10
29 10 18
29 11 18
29 12 3
29 13 4
29 14 15
29 15 9
29 16 14
29 17 2
29 18 8
29 19 4
29 20 3
29 21 5
29 22 16
29 23 16
29 24 23
29 25 24
29 26 5
29 27 16
29 28 7
30 0 22
30 1 2
30 2 20
30 3 4
30 4 24
30 5 22
30 6 8
30 7 15
30 8 14
30 9 9
30 10 12
30 11 20
30 12 23
30 13 3
30 14 19
30 15 2
30 16 23
30 17 5
30 18 21
30 19 21
30 20 11
30 21 2
30 22 9
30 23 10
30 24 23
30 25 24
30 26 20
30 27 9
30 28 24
30 29 14
31 0 15
31 1 8
31 2 5
31 3 2
31 4 24
31 5 23
31 6 13
31 7 11
31 8 17
31 9 7
31 10 2
31 11 24
31 12 13
31 13 15
31 14 19
31 15 20
31 16 1
31 17 7
31 18 15
31 19 3
31 20 21
31 21 24
31 22 5
31 23 5
31 24 23
31 25 19
31 26 24
31 27 10
31 28 3
31 29 14
31 30 13
32 0 24
32 1 5
32 2 15
32 3 18
32 4 16
32 5 6
32 6 24
32 7 15
32 8 13
32 9 20
32 10 10
32 11 16
32 12 14
32 13 10
32 14 2
32 15 17
32 16 14
32 17 1
32 18 13
32 19 10
32 20 15
32 21 13
32 22 15
32 23 7
32 24 10
32 25 22
32 26 22
32 27 21
32 28 18
32 29 11
32 30 10
32 31 2
33 0 8
33 1 13
33 2 5
33 3 23
33 4 12
33 5 1
33 6 16
33 7 23
33 8 17
33 9 21
33 10 21
33 11 12
33 12 10
33 13 22
33 14 19
33 15 21
33 16 11
33 17 21
33 18 13
33 19 10
33 20 14
33 21 7
33 22 18
33 23 7
33 24 8
33 25 18
33 26 10
33 27 23
33 28 12
33 29 8
33 30 9
33 31 9
33 32 2
34 0 24
34 1 22
34 2 5
34 3 8
34 4 15
34 5 11
34 6 6
34 7 22
34 8 19
34 9 8
34 10 19
34 11 24
34 12 2
34 13 3
34 14 18
34 15 17
34 16 9
34 17 16
34 18 20
34 19 4
34 20 3
34 21 11
34 22 24
34 23 10
34 24 8
34 25 11
34 26 20
34 27 19
34 28 3
34 29 12
34 30 21
34 31 8
34 32 5
34 33 4
35 0 2
35 1 12
35 2 12
35 3 22
35 4 6
35 5 8
35 6 22
35 7 2
35 8 2
35 9 18
35 10 12
35 11 18
35 12 17
35 13 10
35 14 11
35 15 20
35 16 6
35 17 18
35 18 20
35 19 13
35 20 10
35 21 19
35 22 15
35 23 19
35 24 13
35 25 1
35 26 11
35 27 1
35 28 19
35 29 10
35 30 16
35 31 18
35 32 19
35 33 23
35 34 17
36 0 5
36 1 8
36 2 4
36 3 24
36 4 14
36 5 14
36 6 18
36 7 12
36 8 11
36 9 1
36 10 9
36 11 10
36 12 3
36 13 24
36 14 12
36 15 10
36 16 12
36 17 5
36 18 21
36 19 16
36 20 4
36 21 1
36 22 18
36 23 6
36 24 9
36 25 16
36 26 18
36 27 17
36 28 14
36 29 8
36 30 22
36 31 22
36 32 1
36 33 14
36 34 8
36 35 16
37 0 12
37 1 9
37 2 15
37 3 15
37 4 2
37 5 11
37 6 19
37 7 1
37 8 19
37 9 11
37 10 8
37 11 5
37 12 5
37 13 22
37 14 8
37 15 21
37 16 12
37 17 4
37 18 7
37 19 7
37 20 16
37 21 10
37 22 16
37 23 1
37 24 13
37 25 22
37 26 17
37 27 23
37 28 8
37 29 1
37 30 8
37 31 14
37 32 8
37 33 18
37 34 6
37 35 14
37 36 3
38 0 6
38 1 5
38 2 4
38 3 20
38 4 3
38 5 17
38 6 7
38 7 17
38 8 6
38 9 15
38 10 12
38 11 11
38 12 4
38 13 18
38 14 8
38 15 17
38 16 17
38 17 24
38 18 21
38 19 7
38 20 2
38 21 12
38 22 24
38 23 5
38 24 4
38 25 24
38 26 19
38 27 7
38 28 11
38 29 14
38 30 23
38 31 15
38 32 13
38 33 4
38 34 18
38 35 21
38 36 3
38 37 4
39 0 17
39 1 24
39 2 9
39 3 3
39 4 17
39 5 3
39 6 23
39 7 15
39 8 8
39 9 18
39 10 6
39 11 3
39 12 5
39 13 20
39 14 2
39 15 24
39 16 18
39 17 13
39 18 22
39 19 5
39 20 24
39 21 23
39 22 2
39 23 8
39 24 3
39 25 21
39 26 16
39 27 23
39 28 4
39 29 21
39 30 10
39 31 9
39 32 17
39 33 19
39 34 6
39 35 14
39 36 24
39 37 1
39 38 6
40 0 15
40 1 23
40 2 2
40 3 2
40 4 13
40 5 4
40 6 14
40 7 3
40 8 13
40 9 20
40 10 19
40 11 6
40 12 20
40 13 18
40 14 5
40 15 3
40 16 22
40 17 15
40 18 6
40 19 10
40 20 13
40 21 15
40 22 1
40 23 2
40 24 21
40 25 2
40 26 8
40 27 18
40 28 2
40 29 11
40 30 21
40 31 24
40 32 12
40 33 14
40 34 2
40 35 19
40 36 20
40 37 8
40 38 23
40 39 16
41 0 11
41 1 1
41 2 23
41 3 3
41 4 9
41 5 23
41 6 21
41 7 12
41 8 3
41 9 16
41 10 1
41 11 7
41 12 4
41 13 7
41 14 13
41 15 13
41 16 16
41 17 12
41 18 4
41 19 3
41 20 17
41 21 23
41 22 2
41 23 14
41 24 19
41 25 22
41 26 21
41 27 21
41 28 4
41 29 20
41 30 6
41 31 17
41 32 4
41 33 16
41 34 2
41 35 2
41 36 19
41 37 21
41 38 15
41 39 17
41 40 21
42 0 1
42 1 2
42 2 18
42 3 8
42 4 17
42 5 5
42 6 22
42 7 4
42 8 14
42 9 23
42 10 5
42 11 11
42 12 13
42 13 21
42 14 4
42 15 13
42 16 20
42 17 24
42 18 21
42 19 10
42 20 20
42 21 7
42 22 2
42 23 21
42 24 16
42 25 7
42 26 8
42 27 5
42 28 14
42 29 14
42 30 1
42 31 3
42 32 18
42 33 17
42 34 16
42 35 8
42 36 23
42 37 9
42 38 6
42 39 1
42 40 12
42 41 2
43 0 16
43 1 23
43 2 15
43 3 23
43 4 22
43 5 5
43 6 2
43 7 10
43 8 23
43 9 17
43 10 18
43 11 11
43 12 14
43 13 6
43 14 1
43 15 9
43 16 1
43 17 23
43 18 5
43 19 8
43 20 2
43 21 12
43 22 1
43 23 8
43 24 9
43 25 7
43 26 24
43 27 18
43 28 20
43 29 19
43 30 23
43 31 19
43 32 7
43 33 5
43 34 9
43 35 3
43 36 5
43 37 9
43 38 8
43 39 3
43 40 20
43 41 7
43 42 9
44 0 5
44 1 14
44 2 9
44 3 3
44 4 17
44 5 18
44 6 22
44 7 5
44 8 14
44 9 19
44 10 6
44 11 19
44 12 10
44 13 4
44 14 20
44 15 23
44 16 1
44 17 11
44 18 16
44 19 15
44 20 13
44 21 7
44 22 9
44 23 21
44 24 9
44 25 4
44 26 13
44 27 12
44 28 23
44 29 6
44 30 6
44 31 10
44 32 23
44 33 23
44 34 9
44 35 19
44 36 24
44 37 11
44 38 19
44 39 16
44 40 22
44 41 20
44 42 19
44 43 19
45 0 6
45 1 7
45 2 19
45 3 8
45 4 21
45 5 19
45 6 10
45 7 11
45 8 3
45 9 16
45 10 17
45 11 12
45 12 9
45 13 16
45 14 21
45 15 1
45 16 12
45 17 6
45 18 9
45 19 16
45 20 22
45 21 13
45 22 7
45 23 18
45 24 24
45 25 2
45 26 12
45 27 14
45 28 15
45 29 22
45 30 17
45 31 1
45 32 14
45 33 15
45 34 2
45 35 12
45 36 12
45 37 11
45 38 1
45 39 19
45 40 6
45 41 7
45 42 2
45 43 4
45 44 11
46 0 19
46 1 1
46 2 6
46 3 15
46 4 11
46 5 24
46 6 4
46 7 19
46 8 11
46 9 21
46 10 21
46 11 9
46 12 15
46 13 3
46 14 24
46 15 10
46 16 24
46 17 11
46 18 22
46 19 11
46 20 15
46 21 11
46 22 15
46 23 12
46 24 13
46 25 15
46 26 20
46 27 11
46 28 10
46 29 24
46 30 13
46 31 6
46 32 24
46 33 22
46 34 13
46 35 13
46 36 7
46 37 11
46 38 17
46 39 16
46 40 6
46 41 5
46 42 12
46 43 9
46 44 14
46 45 16
47 0 15
47 1 8
47 2 17
47 3 3
47 4 15
47 5 1
47 6 17
47 7 7
47 8 6
47 9 19
47 10 16
47 11 4
47 12 19
47 13 19
47 14 18
47 15 5
47 16 11
47 17 14
47 18 12
47 19 12
47 20 16
47 21 9
47 22 7
47 23 8
47 24 22
47 25 14
47 26 6
47 27 18
47 28 15
47 29 19
47 30 1
47 31 22
47 32 18
47 33 10
47 34 9
47 35 5
47 36 8
47 37 11
47 38 16
47 39 9
47 40 13
47 41 5
47 42 11
47 43 3
47 44 8
47 45 15
47 46 21
48 0 15
48 1 3
48 2 5
48 3 10
48 4 13
48 5 1
48 6 1
48 7 9
48 8 21
48 9 16
48 10 14
48 11 22
48 12 21
48 13 6
48 14 14
48 15 3
48 16 2
48 17 18
48 18 13
48 19 13
48 20 11
48 21 13
48 22 11
48 23 16
48 24 16
48 25 9
48 26 8
48 27 16
48 28 14
48 29 14
48 30 10
48 31 11
48 32 22
48 33 8
48 34 12
48 35 7
48 36 10
48 37 1
48 38 2
48 39 6
48 40 21
48 41 7
48 42 8
48 43 24
48 44 20
48 45 14
48 46 17
48 47 3
49 0 15
49 1 6
49 2 5
49 3 4
49 4 14
49 5 9
49 6 3
49 7 20
49 8 2
49 9 21
49 10 8
49 11 16
49 12 14
49 13 17
49 14 14
49 15 14
49 16 15
49 17 22
49 18 11
49 19 2
49 20 22
49 21 8
49 22 7
49 23 11
49 24 15
49 25 22
49 26 21
49 27 19
49 28 9
49 29 11
49 30 21
49 31 24
49 32 2
49 33 12
49 34 4
49 35 22
49 36 24
49 37 17
49 38 23
49 39 8
49 40 7
49 41 10
49 42 15
49 43 11
49 44 6
49 45 24
49 46 5
49 47 1
49 48 12
50 0 21
50 1 7
50 2 15
50 3 21
50 4 24
50 5 15
50 6 21
50 7 9
50 8 15
50 9 13
50 10 17
50 11 15
50 12 12
50 13 11
50 14 9
50 15 19
50 16 16
50 17 12
50 18 9
50 19 21
50 20 18
50 21 8
50 22 19
50 23 13
50 24 5
50 25 19
50 26 2
50 27 12
50 28 6
50 29 18
50 30 13
50 31 15
50 32 18
50 33 4
50 34 22
50 35 5
50 36 23
50 37 21
50 38 20
50 39 10
50 40 23
50 41 15
50 42 2
50 43 22
50 44 11
50 45 2
50 46 1
50 47 20
50 48 22
50 49 4
51 0 10
51 1 12
51 2 22
51 3 12
51 4 9
51 5 6
51 6 9
51 7 9
51 8 24
51 9 17
51 10 23
51 11 23
51 12 23
51 13 4
51 14 19
51 15 6
51 16 6
51 17 12
51 18 3
51 19 14
51 20 12
51 21 17
51 22 22
51 23 3
51 24 23
51 25 10
51 26 11
51 27 13
51 28 5
51 29 11
51 30 23
51 31 19
51 32 10
51 33 9
51 34 12
51 35 4
51 36 6
51 37 2
51 38 5
51 39 9
51 40 6
51 41 14
51 42 17
51 43 15
51 44 20
51 45 21
51 46 10
51 47 6
51 48 17
51 49 20
51 50 21
52 0 18
52 1 4
52 2 16
52 3 13
52 4 19
52 5 22
52 6 2
52 7 7
52 8 12
52 9 16
52 10 7
52 11 5
52 12 13
52 13 16
52 14 22
52 15 18
52 16 12
52 17 22
52 18 11
52 19 15
52 20 12
52 21 16
52 22 22
52 23 8
52 24 6
52 25 9
52 26 6
52 27 8
52 28 5
52 29 6
52 30 15
52 31 4
52 32 14
52 33 11
52 34 24
52 35 21
52 36 13
52 37 18
52 38 5
52 39 17
52 40 8
52 41 6
52 42 20
52 43 23
52 44 22
52 45 10
52 46 4
52 47 3
52 48 18
52 49 5
52 50 13
52 51 9
53 0 11
53 1 10
53 2 9
53 3 8
53 4 2
53 5 22
53 6 1
53 7 21
53 8 10
53 9 3
53 10 6
53 11 21
53 12 8
53 13 15
53 14 10
53 15 13
53 16 11
53 17 11
53 18 13
53 19 18
53 20 22
53 21 20
53 22 7
53 23 22
53 24 11
53 25 10
53 26 16
53 27 18
53 28 3
53 29 21
53 30 20
53 31 3
53 32 4
53 33 24
53 34 7
53 35 24
53 36 12
53 37 5
53 38 4
53 39 6
53 40 4
53 41 2
53 42 2
53 43 2
53 44 1
53 45 22
53 46 12
53 47 21
53 48 13
53 49 15
53 50 17
53 51 20
53 52 7
54 0 24
54 1 11
54 2 6
54 3 12
54 4 1
54 5 5
54 6 11
54 7 12
54 8 17
54 9 3
54 10 3
54 11 5
54 12 17
54 13 11
54 14 21
54 15 5
54 16 13
54 17 11
54 18 24
54 19 8
54 20 16
54 21 1
54 22 7
54 23 9
54 24 17
54 25 10
54 26 4
54 27 12
54 28 19
54 29 7
54 30 8
54 31 16
54 32 24
54 33 9
54 34 24
54 35 2
54 36 14
54 37 14
54 38 7
54 39 5
54 40 19
54 41 3
54 42 3
54 43 17
54 44 18
54 45 19
54 46 21
54 47 19
54 48 6
54 49 9
54 50 24
54 51 11
54 52 12
54 53 11
55 0 19
55 1 9
55 2 24
55 3 16
55 4 24
55 5 11
55 6 13
55 7 9
55 8 14
55 9 23
55 10 3
55 11 5
55 12 7
55 13 15
55 14 14
55 15 8
55 16 17
55 17 21
55 18 23
55 19 10
55 20 22
55 21 8
55 22 18
55 23 9
55 24 15
55 25 11
55 26 18
55 27 21
55 28 22
55 29 8
55 30 15
55 31 22
55 32 24
55 33 3
55 34 10
55 35 1
55 36 15
55 37 21
55 38 23
55 39 13
55 40 9
55 41 16
55 42 2
55 43 22
55 44 15
55 45 18
55 46 2
55 47 17
55 48 17
55 49 3
55 50 21
55 51 2
55 52 10
55 53 17
55 54 20
56 0 21
56 1 19
56 2 24
56 3 24
56 4 6
56 5 12
56 6 20
56 7 16
56 8 20
56 9 13
56 10 18
56 11 17
56 12 3
56 13 1
56 14 2
56 15 21
56 16 11
56 17 1
56 18 18
56 19 5
56 20 4
56 21 6
56 22 24
56 23 21
56 24 5
56 25 10
56 26 11
56 27 9
56 28 14
56 29 2
56 30 11
56 31 1
56 32 16
56 33 7
56 34 11
56 35 19
56 36 17
56 37 17
56 38 17
56 39 5
56 40 14
56 41 16
56 42 2
56 43 24
56 44 8
56 45 10
56 46 10
56 47 1
56 48 18
56 49 22
56 50 5
56 51 17
56 52 1
56 53 7
56 54 18
56 55 22
57 0 13
57 1 2
57 2 23
57 3 22
57 4 9
57 5 3
57 6 21
57 7 11
57 8 10
57 9 16
57 10 20
57 11 20
57 12 9
57 13 4
57 14 8
57 15 1
57 16 23
57 17 13
57 18 9
57 19 23
57 20 14
57 21 9
57 22 15
57 23 14
57 24 20
57 25 12
57 26 4
57 27 23
57 28 20
57 29 5
57 30 21
57 31 11
57 32 8
57 33 13
57 34 2
57 35 13
57 36 24
57 37 21
57 38 19
57 39 18
57 40 21
57 41 5
57 42 2
57 43 6
57 44 21
57 45 11
57 46 13
57 47 10
57 48 1
57 49 11
57 50 5
57 51 5
57 52 2
57 53 5
57 54 22
57 55 1
57 56 14
58 0 18
58 1 6
58 2 20
58 3 19
58 4 21
58 5 13
58 6 8
58 7 23
58 8 11
58 9 10
58 10 11
58 11 13
58 12 22
58 13 5
58 14 2
58 15 19
58 16 9
58 17 16
58 18 19
58 19 7
58 20 4
58 21 7
58 22 10
58 23 3
58 24 5
58 25 5
58 26 14
58 27 2
58 28 5
58 29 17
58 30 24
58 31 5
58 32 11
58 33 18
58 34 1
58 35 22
58 36 24
58 37 2
58 38 8
58 39 4
58 40 11
58 41 14
58 42 3
58 43 16
58 44 13
58 45 5
58 46 18
58 47 12
58 48 2
58 49 12
58 50 24
58 51 21
58 52 10
58 53 17
58 54 4
58 55 7
58 56 6
58 57 21
59 0 7
59 1 17
59 2 22
59 3 5
59 4 23
59 5 23
59 6 10
59 7 4
59 8 4
59 9 20
59 10 11
59 11 16
59 12 11
59 13 3
59 14 17
59 15 21
59 16 16
59 17 3
59 18 21
59 19 19
59 20 7
59 21 22
59 22 20
59 23 17
59 24 18
59 25 16
59 26 2
59 27 11
59 28 24
59 29 8
59 30 2
59 31 6
59 32 8
59 33 18
59 34 9
59 35 10
59 36 23
59 37 23
59 38 18
59 39 2
59 40 5
59 41 10
59 42 8
59 43 2
59 44 4
59 45 22
59 46 21
59 47 2
59 48 1
59 49 20
59 50 5
59 51 10
59 52 17
59 53 2
59 54 4
59 55 5
59 56 6
59 57 15
59 58 22
60 0 22
60 1 2
60 2 11
60 3 11
60 4 19
60 5 18
60 6 7
60 7 12
60 8 22
60 9 16
60 10 1
60 11 5
60 12 21
60 13 17
60 14 18
60 15 13
60 16 16
60 17 16
60 18 15
60 19 15
60 20 7
60 21 9
60 22 11
60 23 10
60 24 1
60 25 22
60 26 4
60 27 22
60 28 21
60 29 10
60 30 3
60 31 2
60 32 19
60 33 7
60 34 3
60 35 18
60 36 5
60 37 20
60 38 20
60 39 8
60 40 10
60 41 19
60 42 7
60 43 10
60 44 16
60 45 4
60 46 18
60 47 17
60 48 22
60 49 5
60 50 18
60 51 20
60 52 17
60 53 6
60 54 7
60 55 1
60 56 18
60 57 22
60 58 2
60 59 7
61 0 22
61 1 7
61 2 19
61 3 6
61 4 19
61 5 19
61 6 18
61 7 4
61 8 3
61 9 13
61 10 15
61 11 7
61 12 19
61 13 4
61 14 5
61 15 4
61 16 20
61 17 5
61 18 23
61 19 20
61 20 7
61 21 9
61 22 9
61 23 21
61 24 7
61 25 24
61 26 23
61 27 14
61 28 13
61 29 2
61 30 8
61 31 12
61 32 23
61 33 5
61 34 9
61 35 23
61 36 16
61 37 3
61 38 16
61 39 1
61 40 21
61 41 15
61 42 20
61 43 9
61 44 16
61 45 6
61 46 2
61 47 18
61 48 1
61 49 19
61 50 11
61 51 9
61 52 3
61 53 7
61 54 15
61 55 21
61 56 19
61 57 24
61 58 5
61 59 24
61 60 5
62 0 11
62 1 22
62 2 17
62 3 15
62 4 23
62 5 10
62 6 20
62 7 17
62 8 16
62 9 14
62 10 3
62 11 9
62 12 1
62 13 2
62 14 15
62 15 10
62 16 7
62 17 1
62 18 3
62 19 23
62 20 19
62 21 14
62 22 12
62 23 6
62 24 2
62 25 16
62 26 23
62 27 5
62 28 19
62 29 20
62 30 17
62 31 24
62 32 1
62 33 20
62 34 12
62 35 10
62 36 8
62 37 4
62 38 24
62 39 18
62 40 17
62 41 17
62 42 20
62 43 19
62 44 4
62 45 9
62 46 7
62 47 16
62 48 15
62 49 21
62 50 7
62 51 21
62 52 21
62 53 13
62 54 11
62 55 21
62 56 22
62 57 9
62 58 18
62 59 20
62 60 14
62 61 5
63 0 2
63 1 13
63 2 2
63 3 3
63 4 4
63 5 12
63 6 4
63 7 5
63 8 4
63 9 20
63 10 22
63 11 8
63 12 15
63 13 10
63 14 2
63 15 19
63 16 4
63 17 9
63 18 23
63 19 12
63 20 14
63 21 18
63 22 4
63 23 13
63 24 21
63 25 9
63 26 11
63 27 3
63 28 7
63 29 22
63 30 10
63 31 7
63 32 15
63 33 11
63 34 7
63 35 11
63 36 20
63 37 12
63 38 20
63 39 8
63 40 2
63 41 2
63 42 14
63 43 17
63 44 4
63 45 11
63 46 20
63 47 8
63 48 18
63 49 8
63 50 15
63 51 1
63 52 21
63 53 17
63 54 7
63 55 4
63 56 22
63 57 23
63 58 1
63 59 16
63 60 17
63 61 11
63 62 12
64 0 7
64 1 6
64 2 6
64 3 6
64 4 2
64 5 22
64 6 3
64 7 6
64 8 9
64 9 18
64 10 7
64 11 17
64 12 16
64 13 17
64 14 16
64 15 20
64 16 14
64 17 17
64 18 5
64 19 22
64 20 14
64 21 22
64 22 4
64 23 16
64 24 14
64 25 17
64 26 14
64 27 3
64 28 19
64 29 4
64 30 24
64 31 9
64 32 11
64 33 13
64 34 2
64 35 14
64 36 12
64 37 8
64 38 5
64 39 11
64 40 18
64 41 17
64 42 23
64 43 15
64 44 15
64 45 5
64 46 6
64 47 22
64 48 16
64 49 24
64 50 2
64 51 10
64 52 17
64 53 13
64 54 5
64 55 21
64 56 22
64 57 12
64 58 16
64 59 9
64 60 3
64 61 8
64 62 10
64 63 10
65 0 21
65 1 6
65 2 11
65 3 6
65 4 6
65 5 19
65 6 7
65 7 17
65 8 15
65 9 5
65 10 22
65 11 23
65 12 4
65 13 21
65 14 17
65 15 20
65 16 21
65 17 6
65 18 10
65 19 1
65 20 15
65 21 2
65 22 18
65 23 23
65 24 7
65 25 24
65 26 21
65 27 24
65 28 24
65 29 16
65 30 16
65 31 19
65 32 8
65 33 5
65 34 5
65 35 20
65 36 18
65 37 23
65 38 10
65 39 20
65 40 7
65 41 19
65 42 2
65 43 2
65 44 1
65 45 5
65 46 11
65 47 13
65 48 14
65 49 23
65 50 18
65 51 16
65 52 17
65 53 13
65 54 24
65 55 15
65 56 14
65 57 17
65 58 22
65 59 2
65 60 3
65 61 15
65 62 14
65 63 3
65 64 21
66 0 23
66 1 1
66 2 22
66 3 1
66 4 23
66 5 24
66 6 10
66 7 6
66 8 5
66 9 10
66 10 10
66 11 17
66 12 9
66 13 16
66 14 5
66 15 20
66 16 23
66 17 11
66 18 2
66 19 6
66 20 22
66 21 12
66 22 11
66 23 1
66 24 2
66 25 7
66 26 21
66 27 12
66 28 22
66 29 17
66 30 11
66 31 21
66 32 18
66 33 12
66 34 6
66 35 12
66 36 13
66 37 14
66 38 6
66 39 21
66 40 23
66 41 11
66 42 13
66 43 6
66 44 14
66 45 4
66 46 19
66 47 8
66 48 8
66 49 14
66 50 12
66 51 12
66 52 12
66 53 17
66 54 11
66 55 6
66 56 22
66 57 4
66 58 24
66 59 24
66 60 21
66 61 24
66 62 15
66 63 14
66 64 2
66 65 14
67 0 24
67 1 19
67 2 7
67 3 14
67 4 11
67 5 4
67 6 11
67 7 7
67 8 17
67 9 4
67 10 2
67 11 1
67 12 6
67 13 5
67 14 4
67 15 16
67 16 18
67 17 5
67 18 1
67 19 23
67 20 24
67 21 21
67 22 14
67 23 1
67 24 18
67 25 8
67 26 18
67 27 15
67 28 17
67 29 23
67 30 17
67 31 16
67 32 4
67 33 13
67 34 1
67 35 1
67 36 21
67 37 14
67 38 9
67 39 9
67 40 21
67 41 1
67 42 20
67 43 13
67 44 17
67 45 13
67 46 11
67 47 9
67 48 12
67 49 12
67 50 4
67 51 1
67 52 8
67 53 9
67 54 8
67 55 13
67 56 12
67 57 19
67 58 21
67 59 20
67 60 1
67 61 15
67 62 6
67 63 7
67 64 20
67 65 24
67 66 1
68 0 14
68 1 6
68 2 18
68 3 19
68 4 24
68 5 7
68 6 12
68 7 11
68 8 17
68 9 21
68 10 12
68 11 13
68 12 11
68 13 18
68 14 13
68 15 16
68 16 4
68 17 21
68 18 20
68 19 12
68 20 7
68 21 19
68 22 24
68 23 24
68 24 14
68 25 16
68 26 10
68 27 3
68 28 19
68 29 6
68 30 1
68 31 7
68 32 23
68 33 15
68 34 9
68 35 16
68 36 12
68 37 10
68 38 21
68 39 16
68 40 10
68 41 4
68 42 20
68 43 8
68 44 8
68 45 19
68 46 15
68 47 15
68 48 15
68 49 8
68 50 17
68 51 23
68 52 15
68 53 16
68 54 15
68 55 15
68 56 10
68 57 15
68 58 6
68 59 2
68 60 4
68 61 11
68 62 22
68 63 22
68 64 23
68 65 13
68 66 22
68 67 24
