22
2 1 1
3 0 2
4 1 6
4 3 6
5 3 1
6 2 4
6 4 2
7 0 1
7 4 3
7 6 5
8 1 2
8 2 2
8 3 6
8 6 6
8 7 6
9 0 6
9 2 4
9 3 1
9 5 5
9 6 4
9 8 3
10 1 6
10 2 3
10 5 2
10 6 4
11 0 3
11 1 3
11 2 2
11 5 1
11 8 4
11 10 1
12 4 6
12 6 3
12 7 6
12 8 5
12 9 4
13 0 6
13 2 1
13 3 5
13 4 4
13 8 4
13 10 1
13 11 3
14 0 2
14 1 4
14 8 2
14 11 4
14 12 2
14 13 3
15 0 4
15 1 2
15 5 3
15 7 3
15 8 4
15 14 6
16 1 2
16 2 3
16 3 4
17 0 3
17 1 4
17 4 6
17 5 3
17 7 3
17 8 2
17 9 2
17 11 6
17 16 3
18 0 4
18 2 2
18 4 2
18 6 5
18 10 3
18 12 2
18 13 3
18 15 1
19 0 4
19 3 5
19 4 3
19 5 1
19 10 2
19 11 5
19 12 5
19 13 2
19 14 5
19 17 4
19 18 6
20 0 6
20 2 6
20 4 2
20 5 5
20 7 2
20 8 1
20 9 1
20 10 2
20 11 3
20 12 2
20 14 1
20 15 2
20 16 4
20 18 3
21 1 3
21 2 5
21 4 6
21 5 5
21 6 5
21 7 5
21 8 4
21 11 4
21 12 4
21 13 1
21 14 4
21 16 5
21 18 5
21 19 2
21 20 1
