67
1 0 45
2 0 41
2 1 18
3 0 22
3 2 52
4 2 53
4 3 50
5 0 60
5 3 34
6 0 6
6 1 24
6 2 62
6 3 32
6 4 8
7 0 20
7 1 37
7 2 6
7 3 24
7 5 21
8 4 53
9 0 46
9 2 12
9 3 5
9 5 21
9 6 34
9 7 11
10 0 15
10 1 6
10 2 50
10 3 54
10 7 9
10 8 35
10 9 39
11 5 6
11 6 20
11 7 39
11 8 58
11 9 58
12 2 43
12 3 21
12 6 37
12 8 2
12 9 5
12 11 4
13 0 33
13 4 7
13 7 50
13 9 26
13 10 40
13 11 36
14 0 23
14 4 8
14 5 61
14 6 52
14 7 32
14 8 57
14 10 53
14 12 57
15 0 36
15 5 56
15 7 26
15 11 42
15 12 11
15 14 25
16 2 33
16 3 17
16 6 53
16 7 51
16 8 24
16 11 30
16 12 38
16 15 62
17 0 8
17 1 4
17 2 10
17 6 42
17 9 41
17 11 43
17 12 25
17 15 47
17 16 58
18 2 27
18 3 31
18 4 20
18 8 14
18 10 15
18 12 27
18 13 34
18 15 57
18 17 10
19 0 33
19 3 29
19 6 53
19 7 30
19 10 21
19 12 38
19 13 62
19 17 16
20 1 63
20 2 41
20 3 59
20 5 7
20 6 1
20 7 6
20 11 24
20 12 43
20 13 47
20 16 35
20 17 26
20 18 46
20 19 57
21 1 22
21 3 35
21 4 34
21 9 55
21 11 12
21 13 53
21 20 3
22 0 38
22 1 46
22 6 23
22 7 39
22 8 27
22 12 62
22 13 26
22 14 5
22 16 2
22 17 54
22 19 18
22 20 16
23 1 54
23 2 62
23 4 22
23 6 63
23 7 56
23 8 17
23 9 33
23 14 1
23 15 12
23 16 49
23 17 58
23 21 6
23 22 50
24 1 26
24 5 26
24 6 11
24 7 26
24 9 7
24 10 60
24 14 14
24 16 9
24 17 55
24 18 51
24 21 27
24 22 5
25 1 1
25 9 50
25 11 5
25 16 62
25 17 24
25 19 18
25 20 33
25 23 21
26 0 23
26 4 1
26 8 64
26 9 3
26 11 29
26 14 12
26 16 36
26 22 62
26 23 57
26 25 33
27 2 42
27 3 50
27 4 64
27 5 19
27 6 11
27 8 20
27 12 19
27 13 53
27 14 44
27 15 31
27 16 2
27 17 41
27 19 46
27 23 1
27 24 55
28 0 41
28 1 53
28 3 53
28 4 63
28 6 51
28 10 58
28 11 24
28 14 4
28 15 56
28 20 49
28 21 50
28 22 26
28 23 62
29 1 49
29 2 47
29 3 41
29 4 21
29 6 20
29 8 21
29 12 3
29 15 19
29 16 55
29 17 37
29 18 12
29 21 36
29 24 42
29 27 29
29 28 37
30 0 34
30 3 8
30 5 12
30 6 54
30 9 15
30 11 37
30 12 10
30 15 26
30 16 54
30 17 3
30 19 15
30 20 18
30 21 45
30 23 18
30 27 8
30 28 47
31 1 55
31 6 40
31 8 12
31 12 50
31 15 33
31 16 29
31 17 54
31 18 59
31 20 55
31 27 53
31 29 47
31 30 3
32 3 52
32 4 28
32 5 17
32 6 11
32 9 37
32 10 22
32 12 30
32 15 33
32 16 57
32 19 57
32 22 9
32 23 28
32 24 5
32 26 46
33 0 15
33 1 61
33 5 26
33 7 21
33 10 64
33 11 33
33 12 23
33 13 53
33 14 24
33 16 32
33 17 35
33 18 55
33 19 56
33 21 64
33 25 32
33 27 8
33 28 32
33 31 7
34 1 47
34 4 22
34 6 50
34 7 37
34 8 38
34 12 26
34 13 48
34 16 5
34 19 20
34 20 50
34 23 42
34 24 15
34 25 55
34 30 2
34 32 7
35 0 22
35 1 61
35 2 55
35 9 4
35 11 30
35 14 43
35 17 55
35 18 57
35 20 1
35 21 59
35 22 52
35 23 64
35 25 40
35 26 22
35 27 21
35 28 26
35 32 18
35 33 3
35 34 12
36 0 47
36 2 8
36 4 54
36 5 20
36 8 27
36 12 13
36 13 45
36 15 54
36 18 63
36 19 4
36 20 44
36 25 57
36 27 31
36 29 51
36 30 35
37 0 28
37 2 64
37 6 51
37 11 29
37 16 44
37 18 20
37 19 37
37 20 26
37 21 61
37 22 62
37 24 46
37 30 9
37 34 10
38 1 14
38 2 2
38 5 44
38 9 1
38 13 56
38 16 24
38 17 61
38 18 22
38 19 34
38 24 42
38 26 49
38 28 36
38 29 26
38 30 39
38 33 55
38 34 9
38 35 30
38 36 28
39 2 51
39 3 19
39 4 41
39 5 42
39 6 12
39 7 54
39 8 64
39 9 6
39 13 47
39 14 7
39 18 23
39 19 58
39 22 2
39 29 34
39 33 14
39 34 62
39 37 20
39 38 16
40 2 32
40 3 48
40 5 53
40 8 64
40 10 59
40 12 42
40 13 4
40 15 23
40 16 42
40 17 60
40 19 38
40 20 63
40 21 16
40 25 38
40 26 41
40 32 33
40 36 50
40 37 43
40 39 19
41 0 48
41 2 56
41 4 17
41 6 27
41 8 8
41 14 9
41 16 52
41 17 15
41 18 1
41 23 7
41 29 8
41 32 29
41 33 14
41 34 33
41 35 7
41 36 56
41 39 32
42 0 10
42 1 4
42 2 24
42 5 64
42 7 61
42 9 35
42 10 40
42 11 38
42 19 35
42 22 39
42 23 16
42 25 39
42 27 62
42 29 62
42 30 22
42 32 45
42 33 13
42 34 27
42 36 1
42 37 10
42 38 52
42 39 2
42 40 53
43 1 35
43 3 12
43 4 46
43 5 28
43 8 42
43 9 36
43 10 36
43 11 32
43 12 33
43 15 33
43 18 22
43 19 28
43 20 9
43 21 24
43 22 31
43 23 3
43 25 56
43 27 8
43 30 1
43 34 7
43 35 35
43 36 24
43 37 52
43 39 2
43 40 26
43 41 38
43 42 35
44 0 61
44 1 25
44 2 51
44 6 24
44 8 12
44 10 51
44 12 23
44 16 33
44 17 21
44 20 30
44 24 64
44 27 54
44 29 37
44 31 51
44 32 47
44 34 10
44 35 16
44 36 2
44 37 12
44 38 10
44 39 12
45 4 39
45 8 27
45 9 41
45 10 25
45 11 51
45 12 40
45 13 23
45 14 17
45 16 19
45 18 64
45 23 1
45 24 27
45 25 58
45 29 20
45 30 33
45 37 5
45 38 38
45 41 2
45 42 25
46 5 23
46 6 11
46 7 38
46 8 32
46 9 1
46 10 39
46 11 59
46 13 9
46 14 10
46 15 9
46 16 5
46 18 3
46 22 5
46 23 40
46 24 36
46 26 12
46 27 37
46 28 21
46 29 53
46 30 14
46 31 57
46 32 45
46 36 31
46 37 56
46 41 11
46 43 11
47 0 39
47 1 46
47 2 26
47 3 10
47 4 64
47 6 4
47 7 6
47 10 6
47 12 35
47 14 43
47 18 11
47 19 50
47 20 54
47 22 10
47 24 23
47 29 16
47 30 26
47 31 29
47 32 58
47 34 31
47 37 37
47 42 37
47 44 21
47 46 24
48 1 33
48 2 54
48 3 52
48 4 28
48 10 54
48 11 38
48 14 25
48 16 53
48 17 32
48 20 11
48 21 47
48 31 60
48 32 12
48 33 57
48 34 45
48 36 38
48 38 51
48 39 6
48 40 9
49 2 49
49 3 3
49 5 24
49 6 32
49 7 63
49 8 25
49 9 59
49 10 21
49 12 36
49 13 2
49 15 48
49 20 4
49 22 43
49 23 13
49 24 46
49 25 11
49 26 11
49 27 14
49 28 50
49 29 4
49 30 35
49 31 36
49 33 45
49 35 14
49 36 40
49 38 64
49 41 53
49 42 2
49 44 15
49 47 17
50 0 32
50 4 7
50 7 59
50 8 20
50 10 36
50 12 59
50 13 60
50 15 11
50 16 10
50 22 12
50 26 49
50 27 33
50 28 33
50 29 64
50 32 28
50 34 18
50 36 8
50 40 52
50 41 55
50 45 50
50 47 46
51 1 34
51 3 18
51 4 14
51 5 59
51 7 12
51 9 40
51 11 27
51 14 20
51 16 20
51 17 47
51 20 8
51 22 43
51 24 18
51 26 43
51 27 46
51 29 21
51 31 59
51 34 46
51 35 56
51 36 7
51 37 8
51 39 42
51 41 28
51 42 4
51 43 11
51 44 49
51 49 43
52 1 30
52 7 2
52 12 11
52 13 12
52 15 40
52 17 30
52 18 4
52 19 33
52 22 44
52 26 16
52 28 38
52 31 64
52 32 1
52 35 35
52 38 53
52 39 48
52 40 16
52 47 40
52 49 56
53 0 11
53 3 50
53 4 62
53 5 33
53 6 59
53 7 60
53 8 44
53 9 18
53 12 45
53 13 1
53 14 12
53 16 46
53 17 5
53 19 4
53 22 34
53 25 4
53 28 31
53 32 21
53 33 19
53 34 12
53 35 2
53 36 29
53 38 6
53 40 50
53 41 10
53 45 55
53 52 40
54 3 46
54 5 42
54 6 33
54 9 17
54 10 31
54 12 64
54 15 8
54 17 45
54 18 13
54 20 36
54 22 38
54 23 16
54 26 18
54 29 52
54 31 6
54 35 2
54 38 28
54 41 9
54 42 44
54 43 13
54 46 21
54 47 9
54 49 48
54 50 27
54 53 42
55 2 18
55 3 13
55 4 64
55 5 7
55 6 1
55 12 13
55 14 19
55 15 37
55 16 31
55 17 62
55 18 23
55 20 59
55 22 61
55 23 43
55 25 5
55 26 53
55 27 9
55 28 15
55 29 57
55 31 21
55 32 57
55 33 44
55 37 46
55 38 64
55 40 59
55 42 54
55 51 8
55 52 36
55 54 2
56 0 24
56 2 31
56 9 28
56 11 36
56 13 14
56 15 1
56 16 26
56 20 39
56 22 6
56 23 1
56 24 51
56 25 59
56 26 38
56 27 16
56 31 25
56 32 21
56 36 8
56 37 10
56 39 58
56 41 53
56 42 44
56 43 29
56 44 11
56 45 55
56 46 62
56 51 23
56 52 64
56 53 9
57 1 33
57 2 53
57 3 23
57 6 62
57 7 15
57 8 25
57 12 60
57 13 48
57 16 52
57 22 1
57 24 38
57 25 13
57 27 62
57 33 17
57 34 54
57 36 29
57 37 51
57 40 21
57 42 54
57 43 46
57 44 26
57 45 58
57 50 31
57 51 24
57 53 7
57 54 61
57 55 4
58 0 60
58 1 7
58 3 16
58 4 28
58 5 55
58 7 30
58 9 13
58 11 44
58 15 9
58 19 14
58 20 22
58 21 57
58 22 27
58 27 44
58 28 53
58 29 2
58 32 52
58 33 32
58 34 18
58 35 38
58 36 63
58 37 37
58 39 22
58 40 33
58 42 60
58 43 18
58 48 30
58 49 53
58 52 35
58 54 14
58 56 32
58 57 4
59 0 52
59 1 36
59 2 13
59 5 32
59 6 15
59 8 10
59 12 53
59 13 55
59 16 12
59 17 44
59 20 30
59 21 1
59 25 13
59 28 49
59 29 57
59 30 31
59 31 3
59 34 59
59 38 20
59 40 63
59 42 31
59 44 47
59 45 62
59 47 36
59 49 7
59 50 2
59 51 47
59 52 34
59 56 63
59 57 23
60 0 14
60 1 47
60 5 38
60 6 4
60 7 31
60 12 50
60 14 4
60 15 59
60 16 32
60 17 20
60 18 20
60 19 5
60 20 38
60 21 36
60 22 39
60 23 26
60 24 12
60 25 29
60 26 53
60 30 23
60 34 60
60 35 38
60 38 16
60 39 8
60 41 56
60 44 24
60 45 50
60 48 53
60 51 2
60 52 50
60 53 39
60 58 37
61 1 25
61 2 35
61 6 54
61 7 60
61 8 10
61 12 33
61 14 39
61 16 58
61 17 2
61 18 45
61 19 58
61 21 17
61 22 6
61 23 64
61 25 27
61 26 55
61 28 28
61 29 25
61 31 2
61 34 24
61 35 42
61 36 28
61 37 5
61 38 54
61 40 64
61 45 32
61 49 26
61 50 55
61 51 38
61 53 30
61 55 8
61 56 51
61 60 6
62 2 24
62 5 43
62 6 56
62 7 31
62 9 30
62 10 29
62 12 24
62 14 37
62 15 41
62 16 54
62 17 19
62 18 52
62 21 11
62 23 36
62 26 3
62 27 19
62 31 3
62 32 42
62 33 44
62 34 46
62 38 56
62 42 62
62 44 2
62 46 64
62 47 48
62 48 7
62 49 20
62 50 17
62 52 28
62 54 14
62 55 27
62 56 39
62 61 21
63 0 6
63 1 10
63 5 58
63 7 28
63 8 2
63 9 8
63 15 36
63 16 37
63 18 48
63 19 37
63 20 34
63 23 37
63 25 7
63 27 56
63 29 28
63 32 11
63 34 55
63 36 61
63 43 40
63 45 52
63 46 48
63 48 36
63 50 46
63 51 19
63 52 29
63 53 36
63 57 32
63 58 13
63 59 31
63 61 6
64 1 63
64 4 31
64 5 31
64 6 5
64 7 49
64 8 17
64 11 14
64 16 15
64 17 23
64 18 37
64 24 42
64 28 21
64 30 29
64 32 42
64 34 64
64 36 51
64 37 15
64 42 13
64 44 26
64 46 47
64 47 26
64 48 5
64 49 8
64 50 2
64 51 5
64 53 4
64 55 53
64 56 54
64 57 30
64 59 2
64 61 33
64 63 46
65 1 7
65 3 36
65 4 20
65 6 11
65 7 35
65 8 64
65 10 46
65 15 60
65 17 6
65 20 43
65 21 26
65 22 29
65 24 8
65 26 36
65 30 16
65 33 61
65 37 40
65 38 42
65 39 8
65 40 57
65 43 1
65 44 30
65 47 14
65 49 33
65 50 24
65 52 20
65 54 39
65 55 63
65 56 5
65 57 13
65 58 19
65 60 54
65 62 60
65 64 51
66 2 33
66 4 62
66 5 55
66 6 13
66 7 21
66 8 48
66 9 7
66 10 29
66 13 44
66 16 24
66 18 51
66 19 50
66 20 10
66 29 11
66 32 14
66 33 55
66 34 22
66 37 29
66 39 29
66 42 53
66 43 24
66 44 11
66 45 26
66 46 24
66 47 63
66 50 45
66 55 23
66 56 46
66 60 47
66 61 42
66 62 26
66 63 55
