57
1 0 16
2 0 22
2 1 28
3 0 15
3 1 37
3 2 28
4 0 9
4 1 25
4 2 30
4 3 30
5 0 16
5 1 20
5 2 15
5 3 1
5 4 43
6 0 9
6 1 41
6 2 33
6 3 13
6 4 3
6 5 39
7 0 1
7 1 21
7 2 35
7 3 16
7 4 2
7 5 31
7 6 34
8 0 11
8 1 20
8 2 30
8 3 14
8 4 39
8 5 17
8 6 39
8 7 7
9 0 17
9 1 19
9 2 12
9 3 33
9 4 32
9 5 15
9 6 13
9 7 2
9 8 3
10 0 40
10 1 15
10 2 31
10 3 14
10 4 41
10 5 29
10 6 15
10 7 26
10 8 26
10 9 5
11 0 28
11 1 34
11 2 1
11 3 30
11 4 38
11 5 5
11 6 41
11 7 19
11 8 10
11 9 5
11 10 9
12 0 17
12 1 22
12 2 32
12 3 3
12 4 16
12 5 25
12 6 30
12 7 19
12 8 1
12 9 17
12 10 22
12 11 14
13 0 20
13 1 26
13 2 25
13 3 6
13 4 41
13 5 34
13 6 9
13 7 37
13 8 9
13 9 9
13 10 39
13 11 43
13 12 30
14 0 22
14 1 29
14 2 41
14 3 6
14 4 22
14 5 19
14 6 9
14 7 8
14 8 10
14 9 10
14 10 10
14 11 1
14 12 41
14 13 1
15 0 22
15 1 8
15 2 23
15 3 32
15 4 31
15 5 37
15 6 28
15 7 3
15 8 32
15 9 34
15 10 22
15 11 22
15 12 31
15 13 40
15 14 11
16 0 11
16 1 37
16 2 8
16 3 9
16 4 33
16 5 27
16 6 19
16 7 14
16 8 40
16 9 34
16 10 24
16 11 38
16 12 15
16 13 18
16 14 24
16 15 8
17 0 43
17 1 31
17 2 1
17 3 31
17 4 28
17 5 11
17 6 39
17 7 4
17 8 15
17 9 1
17 10 40
17 11 24
17 12 39
17 13 25
17 14 9
17 15 10
17 16 30
18 0 36
18 1 9
18 2 6
18 3 29
18 4 19
18 5 34
18 6 29
18 7 15
18 8 2
18 9 34
18 10 6
18 11 30
18 12 15
18 13 2
18 14 18
18 15 38
18 16 10
18 17 17
19 0 2
19 1 3
19 2 8
19 3 26
19 4 10
19 5 3
19 6 34
19 7 14
19 8 19
19 9 21
19 10 37
19 11 33
19 12 28
19 13 25
19 14 41
19 15 20
19 16 20
19 17 1
19 18 37
20 0 18
20 1 34
20 2 2
20 3 13
20 4 17
20 5 20
20 6 5
20 7 23
20 8 14
20 9 10
20 10 37
20 11 37
20 12 37
20 13 41
20 14 33
20 15 22
20 16 37
20 17 39
20 18 5
20 19 32
21 0 1
21 1 29
21 2 1
21 3 25
21 4 3
21 5 33
21 6 30
21 7 29
21 8 13
21 9 1
21 10 42
21 11 31
21 12 12
21 13 30
21 14 8
21 15 27
21 16 2
21 17 24
21 18 27
21 19 35
21 20 1
22 0 7
22 1 2
22 2 22
22 3 26
22 4 33
22 5 21
22 6 15
22 7 13
22 8 43
22 9 26
22 10 9
22 11 13
22 12 12
22 13 4
22 14 33
22 15 19
22 16 1
22 17 12
22 18 14
22 19 36
22 20 35
22 21 5
23 0 37
23 1 12
23 2 36
23 3 26
23 4 16
23 5 28
23 6 37
23 7 21
23 8 38
23 9 28
23 10 10
23 11 27
23 12 36
23 13 27
23 14 13
23 15 41
23 16 27
23 17 20
23 18 3
23 19 40
23 20 21
23 21 29
23 22 14
24 0 41
24 1 6
24 2 3
24 3 28
24 4 5
24 5 28
24 6 38
24 7 21
24 8 27
24 9 27
24 10 4
24 11 19
24 12 40
24 13 31
24 14 14
24 15 9
24 16 11
24 17 35
24 18 25
24 19 18
24 20 31
24 21 26
24 22 26
24 23 10
25 0 43
25 1 19
25 2 34
25 3 32
25 4 31
25 5 20
25 6 41
25 7 19
25 8 29
25 9 22
25 10 1
25 11 5
25 12 25
25 13 16
25 14 1
25 15 41
25 16 7
25 17 16
25 18 14
25 19 11
25 20 28
25 21 7
25 22 22
25 23 11
25 24 36
26 0 24
26 1 5
26 2 14
26 3 28
26 4 15
26 5 1
26 6 32
26 7 20
26 8 35
26 9 25
26 10 18
26 11 43
26 12 8
26 13 6
26 14 20
26 15 8
26 16 18
26 17 14
26 18 28
26 19 24
26 20 32
26 21 29
26 22 36
26 23 1
26 24 43
26 25 25
27 0 37
27 1 1
27 2 6
27 3 39
27 4 1
27 5 18
27 6 25
27 7 19
27 8 25
27 9 31
27 10 39
27 11 9
27 12 4
27 13 14
27 14 42
27 15 4
27 16 25
27 17 4
27 18 14
27 19 29
27 20 33
27 21 12
27 22 25
27 23 39
27 24 40
27 25 25
27 26 43
28 0 3
28 1 2
28 2 5
28 3 25
28 4 13
28 5 16
28 6 9
28 7 20
28 8 25
28 9 19
28 10 26
28 11 13
28 12 34
28 13 17
28 14 17
28 15 36
28 16 13
28 17 43
28 18 28
28 19 3
28 20 27
28 21 24
28 22 31
28 23 30
28 24 14
28 25 41
28 26 26
28 27 21
29 0 31
29 1 18
29 2 37
29 3 41
29 4 12
29 5 15
29 6 43
29 7 31
29 8 1
29 9 39
29 10 12
29 11 37
29 12 43
29 13 40
29 14 17
29 15 26
29 16 14
29 17 8
29 18 14
29 19 2
29 20 16
29 21 13
29 22 31
29 23 29
29 24 18
29 25 38
29 26 2
29 27 38
29 28 7
30 0 16
30 1 32
30 2 36
30 3 30
30 4 43
30 5 8
30 6 22
30 7 13
30 8 33
30 9 37
30 10 10
30 11 12
30 12 3
30 13 9
30 14 24
30 15 43
30 16 35
30 17 8
30 18 19
30 19 12
30 20 40
30 21 15
30 22 15
30 23 15
30 24 19
30 25 42
30 26 9
30 27 32
30 28 39
30 29 28
31 0 27
31 1 35
31 2 23
31 3 10
31 4 10
31 5 37
31 6 22
31 7 7
31 8 9
31 9 3
31 10 12
31 11 29
31 12 26
31 13 28
31 14 25
31 15 42
31 16 35
31 17 37
31 18 1
31 19 39
31 20 17
31 21 41
31 22 39
31 23 22
31 24 37
31 25 6
31 26 1
31 27 5
31 28 25
31 29 1
31 30 13
32 0 27
32 1 22
32 2 11
32 3 34
32 4 25
32 5 23
32 6 13
32 7 10
32 8 3
32 9 31
32 10 20
32 11 9
32 12 4
32 13 24
32 14 34
32 15 31
32 16 22
32 17 17
32 18 14
32 19 17
32 20 41
32 21 1
32 22 31
32 23 4
32 24 3
32 25 30
32 26 25
32 27 11
32 28 2
32 29 30
32 30 30
32 31 28
33 0 25
33 1 18
33 2 43
33 3 31
33 4 16
33 5 21
33 6 8
33 7 19
33 8 42
33 9 16
33 10 14
33 11 37
33 12 24
33 13 23
33 14 22
33 15 41
33 16 35
33 17 4
33 18 27
33 19 20
33 20 12
33 21 27
33 22 4
33 23 29
33 24 29
33 25 15
33 26 26
33 27 27
33 28 43
33 29 41
33 30 17
33 31 36
33 32 25
34 0 43
34 1 1
34 2 37
34 3 5
34 4 12
34 5 38
34 6 40
34 7 32
34 8 34
34 9 25
34 10 42
34 11 16
34 12 13
34 13 32
34 14 13
34 15 40
34 16 17
34 17 24
34 18 33
34 19 14
34 20 28
34 21 33
34 22 30
34 23 8
34 24 15
34 25 3
34 26 13
34 27 23
34 28 36
34 29 39
34 30 33
34 31 17
34 32 14
34 33 38
35 0 42
35 1 24
35 2 41
35 3 38
35 4 25
35 5 3
35 6 11
35 7 5
35 8 14
35 9 25
35 10 17
35 11 25
35 12 4
35 13 41
35 14 35
35 15 20
35 16 24
35 17 10
35 18 8
35 19 24
35 20 21
35 21 36
35 22 30
35 23 41
35 24 32
35 25 23
35 26 15
35 27 7
35 28 32
35 29 12
35 30 15
35 31 31
35 32 34
35 33 17
35 34 4
36 0 39
36 1 36
36 2 22
36 3 18
36 4 1
36 5 7
36 6 8
36 7 32
36 8 18
36 9 12
36 10 7
36 11 26
36 12 10
36 13 7
36 14 29
36 15 25
36 16 25
36 17 10
36 18 13
36 19 21
36 20 16
36 21 8
36 22 13
36 23 29
36 24 18
36 25 2
36 26 10
36 27 20
36 28 11
36 29 22
36 30 24
36 31 9
36 32 39
36 33 12
36 34 23
36 35 27
37 0 16
37 1 36
37 2 43
37 3 3
37 4 33
37 5 5
37 6 41
37 7 8
37 8 19
37 9 28
37 10 1
37 11 42
37 12 7
37 13 24
37 14 26
37 15 15
37 16 22
37 17 9
37 18 21
37 19 24
37 20 4
37 21 23
37 22 36
37 23 42
37 24 38
37 25 8
37 26 7
37 27 16
37 28 5
37 29 4
37 30 21
37 31 30
37 32 22
37 33 13
37 34 36
37 35 26
37 36 23
38 0 29
38 1 38
38 2 29
38 3 12
38 4 15
38 5 15
38 6 31
38 7 38
38 8 39
38 9 8
38 10 1
38 11 32
38 12 10
38 13 11
38 14 43
38 15 40
38 16 2
38 17 17
38 18 31
38 19 26
38 20 19
38 21 20
38 22 30
38 23 43
38 24 32
38 25 31
38 26 9
38 27 37
38 28 26
38 29 18
38 30 20
38 31 37
38 32 10
38 33 34
38 34 20
38 35 28
38 36 12
38 37 18
39 0 4
39 1 30
39 2 11
39 3 2
39 4 38
39 5 27
39 6 4
39 7 9
39 8 27
39 9 2
39 10 2
39 11 42
39 12 23
39 13 8
39 14 40
39 15 42
39 16 39
39 17 20
39 18 13
39 19 24
39 20 8
39 21 4
39 22 19
39 23 22
39 24 9
39 25 9
39 26 2
39 27 30
39 28 32
39 29 5
39 30 33
39 31 32
39 32 27
39 33 38
39 34 22
39 35 26
39 36 21
39 37 41
39 38 22
40 0 20
40 1 16
40 2 37
40 3 5
40 4 15
40 5 36
40 6 3
40 7 34
40 8 21
40 9 34
40 10 30
40 11 6
40 12 15
40 13 26
40 14 6
40 15 31
40 16 37
40 17 19
40 18 21
40 19 27
40 20 39
40 21 43
40 22 3
40 23 43
40 24 27
40 25 34
40 26 4
40 27 5
40 28 38
40 29 5
40 30 33
40 31 29
40 32 31
40 33 37
40 34 6
40 35 19
40 36 6
40 37 4
40 38 23
40 39 13
41 0 3
41 1 36
41 2 12
41 3 17
41 4 21
41 5 39
41 6 7
41 7 3
41 8 12
41 9 13
41 10 41
41 11 21
41 12 4
41 13 25
41 14 27
41 15 19
41 16 8
41 17 18
41 18 15
41 19 23
41 20 17
41 21 8
41 22 16
41 23 33
41 24 6
41 25 4
41 26 7
41 27 18
41 28 33
41 29 16
41 30 26
41 31 14
41 32 6
41 33 30
41 34 11
41 35 23
41 36 19
41 37 21
41 38 29
41 39 14
41 40 29
42 0 41
42 1 12
42 2 24
42 3 7
42 4 8
42 5 30
42 6 22
42 7 17
42 8 17
42 9 8
42 10 36
42 11 13
42 12 43
42 13 20
42 14 21
42 15 26
42 16 37
42 17 24
42 18 5
42 19 21
42 20 41
42 21 4
42 22 39
42 23 21
42 24 32
42 25 4
42 26 35
42 27 34
42 28 12
42 29 20
42 30 8
42 31 2
42 32 9
42 33 28
42 34 30
42 35 22
42 36 22
42 37 5
42 38 42
42 39 3
42 40 41
42 41 24
43 0 7
43 1 17
43 2 3
43 3 43
43 4 25
43 5 24
43 6 12
43 7 22
43 8 37
43 9 20
43 10 30
43 11 33
43 12 32
43 13 10
43 14 24
43 15 33
43 16 38
43 17 11
43 18 15
43 19 31
43 20 24
43 21 25
43 22 40
43 23 30
43 24 12
43 25 37
43 26 24
43 27 22
43 28 25
43 29 41
43 30 18
43 31 39
43 32 13
43 33 6
43 34 33
43 35 16
43 36 13
43 37 5
43 38 18
43 39 29
43 40 33
43 41 34
43 42 33
44 0 9
44 1 33
44 2 42
44 3 23
44 4 31
44 5 14
44 6 34
44 7 10
44 8 1
44 9 11
44 10 27
44 11 29
44 12 26
44 13 34
44 14 16
44 15 18
44 16 18
44 17 24
44 18 31
44 19 26
44 20 12
44 21 8
44 22 26
44 23 34
44 24 16
44 25 5
44 26 6
44 27 31
44 28 11
44 29 9
44 30 21
44 31 43
44 32 39
44 33 25
44 34 31
44 35 16
44 36 1
44 37 5
44 38 19
44 39 30
44 40 16
44 41 19
44 42 31
44 43 11
45 0 5
45 1 8
45 2 30
45 3 27
45 4 16
45 5 6
45 6 1
45 7 20
45 8 9
45 9 22
45 10 30
45 11 33
45 12 9
45 13 4
45 14 5
45 15 27
45 16 43
45 17 17
45 18 23
45 19 23
45 20 17
45 21 7
45 22 43
45 23 24
45 24 12
45 25 9
45 26 27
45 27 4
45 28 11
45 29 9
45 30 28
45 31 3
45 32 23
45 33 23
45 34 41
45 35 34
45 36 34
45 37 3
45 38 21
45 39 21
45 40 37
45 41 5
45 42 43
45 43 31
45 44 26
46 0 18
46 1 17
46 2 1
46 3 13
46 4 40
46 5 43
46 6 13
46 7 3
46 8 8
46 9 37
46 10 42
46 11 30
46 12 1
46 13 39
46 14 42
46 15 26
46 16 3
46 17 22
46 18 38
46 19 36
46 20 25
46 21 36
46 22 2
46 23 7
46 24 8
46 25 34
46 26 14
46 27 1
46 28 29
46 29 39
46 30 27
46 31 34
46 32 1
46 33 2
46 34 37
46 35 7
46 36 12
46 37 39
46 38 25
46 39 18
46 40 33
46 41 37
46 42 20
46 43 5
46 44 2
46 45 11
47 0 27
47 1 39
47 2 21
47 3 29
47 4 8
47 5 24
47 6 7
47 7 22
47 8 29
47 9 41
47 10 38
47 11 29
47 12 12
47 13 6
47 14 4
47 15 26
47 16 40
47 17 20
47 18 5
47 19 43
47 20 24
47 21 12
47 22 15
47 23 18
47 24 19
47 25 42
47 26 35
47 27 6
47 28 8
47 29 5
47 30 14
47 31 38
47 32 24
47 33 8
47 34 19
47 35 36
47 36 33
47 37 43
47 38 39
47 39 36
47 40 22
47 41 30
47 42 34
47 43 42
47 44 38
47 45 15
47 46 6
48 0 8
48 1 4
48 2 42
48 3 25
48 4 43
48 5 30
48 6 1
48 7 43
48 8 32
48 9 20
48 10 12
48 11 29
48 12 21
48 13 15
48 14 39
48 15 41
48 16 18
48 17 4
48 18 2
48 19 42
48 20 4
48 21 14
48 22 6
48 23 22
48 24 10
48 25 28
48 26 3
48 27 3
48 28 27
48 29 14
48 30 21
48 31 39
48 32 25
48 33 6
48 34 10
48 35 28
48 36 31
48 37 17
48 38 20
48 39 25
48 40 12
48 41 4
48 42 3
48 43 24
48 44 12
48 45 27
48 46 20
48 47 28
49 0 37
49 1 35
49 2 31
49 3 26
49 4 38
49 5 38
49 6 30
49 7 25
49 8 32
49 9 34
49 10 35
49 11 7
49 12 33
49 13 6
49 14 8
49 15 18
49 16 26
49 17 6
49 18 34
49 19 17
49 20 30
49 21 43
49 22 21
49 23 19
49 24 24
49 25 9
49 26 7
49 27 9
49 28 27
49 29 31
49 30 24
49 31 15
49 32 29
49 33 7
49 34 3
49 35 2
49 36 6
49 37 16
49 38 8
49 39 40
49 40 7
49 41 40
49 42 35
49 43 10
49 44 29
49 45 25
49 46 35
49 47 4
49 48 2
50 0 35
50 1 36
50 2 9
50 3 19
50 4 19
50 5 32
50 6 21
50 7 14
50 8 30
50 9 25
50 10 14
50 11 12
50 12 37
50 13 30
50 14 25
50 15 31
50 16 42
50 17 29
50 18 23
50 19 10
50 20 7
50 21 40
50 22 6
50 23 42
50 24 31
50 25 9
50 26 27
50 27 38
50 28 12
50 29 26
50 30 11
50 31 29
50 32 41
50 33 12
50 34 16
50 35 18
50 36 39
50 37 31
50 38 31
50 39 24
50 40 1
50 41 20
50 42 6
50 43 33
50 44 17
50 45 11
50 46 7
50 47 16
50 48 42
50 49 32
51 0 24
51 1 43
51 2 27
51 3 2
51 4 11
51 5 17
51 6 10
51 7 13
51 8 26
51 9 5
51 10 29
51 11 24
51 12 32
51 13 11
51 14 4
51 15 32
51 16 27
51 17 7
51 18 13
51 19 30
51 20 32
51 21 21
51 22 26
51 23 14
51 24 39
51 25 14
51 26 11
51 27 21
51 28 25
51 29 24
51 30 13
51 31 14
51 32 8
51 33 35
51 34 26
51 35 23
51 36 4
51 37 19
51 38 10
51 39 28
51 40 26
51 41 20
51 42 26
51 43 26
51 44 19
51 45 24
51 46 39
51 47 27
51 48 27
51 49 7
51 50 35
52 0 39
52 1 13
52 2 28
52 3 22
52 4 35
52 5 23
52 6 3
52 7 26
52 8 22
52 9 29
52 10 31
52 11 4
52 12 6
52 13 35
52 14 27
52 15 42
52 16 15
52 17 40
52 18 38
52 19 39
52 20 3
52 21 43
52 22 11
52 23 36
52 24 27
52 25 31
52 26 19
52 27 35
52 28 2
52 29 22
52 30 1
52 31 16
52 32 22
52 33 35
52 34 38
52 35 39
52 36 40
52 37 42
52 38 39
52 39 7
52 40 15
52 41 1
52 42 37
52 43 40
52 44 34
52 45 23
52 46 41
52 47 7
52 48 14
52 49 43
52 50 17
52 51 12
53 0 33
53 1 24
53 2 9
53 3 23
53 4 14
53 5 1
53 6 39
53 7 23
53 8 1
53 9 21
53 10 19
53 11 14
53 12 23
53 13 40
53 14 16
53 15 25
53 16 43
53 17 37
53 18 24
53 19 42
53 20 1
53 21 25
53 22 28
53 23 22
53 24 30
53 25 29
53 26 39
53 27 32
53 28 11
53 29 41
53 30 21
53 31 36
53 32 8
53 33 39
53 34 17
53 35 39
53 36 21
53 37 20
53 38 42
53 39 23
53 40 17
53 41 9
53 42 11
53 43 34
53 44 1
53 45 42
53 46 32
53 47 23
53 48 29
53 49 43
53 50 30
53 51 32
53 52 22
54 0 8
54 1 16
54 2 1
54 3 3
54 4 19
54 5 13
54 6 37
54 7 41
54 8 20
54 9 26
54 10 41
54 11 10
54 12 6
54 13 13
54 14 27
54 15 37
54 16 9
54 17 41
54 18 27
54 19 37
54 20 23
54 21 19
54 22 15
54 23 4
54 24 26
54 25 43
54 26 20
54 27 3
54 28 39
54 29 38
54 30 22
54 31 36
54 32 3
54 33 41
54 34 32
54 35 6
54 36 16
54 37 25
54 38 36
54 39 10
54 40 33
54 41 3
54 42 21
54 43 6
54 44 14
54 45 36
54 46 18
54 47 8
54 48 5
54 49 10
54 50 20
54 51 1
54 52 34
54 53 10
55 0 20
55 1 34
55 2 11
55 3 26
55 4 13
55 5 27
55 6 14
55 7 28
55 8 3
55 9 1
55 10 14
55 11 5
55 12 26
55 13 41
55 14 37
55 15 40
55 16 29
55 17 43
55 18 7
55 19 9
55 20 15
55 21 27
55 22 2
55 23 17
55 24 25
55 25 13
55 26 13
55 27 22
55 28 5
55 29 22
55 30 24
55 31 42
55 32 3
55 33 13
55 34 29
55 35 20
55 36 31
55 37 12
55 38 34
55 39 22
55 40 25
55 41 10
55 42 27
55 43 10
55 44 29
55 45 25
55 46 30
55 47 11
55 48 27
55 49 8
55 50 20
55 51 15
55 52 40
55 53 38
55 54 40
56 0 36
56 1 22
56 2 8
56 3 22
56 4 28
56 5 24
56 6 34
56 7 1
56 8 18
56 9 3
56 10 40
56 11 21
56 12 2
56 13 33
56 14 20
56 15 7
56 16 41
56 17 4
56 18 30
56 19 24
56 20 21
56 21 30
56 22 3
56 23 28
56 24 11
56 25 27
56 26 40
56 27 32
56 28 36
56 29 30
56 30 23
56 31 5
56 32 27
56 33 9
56 34 37
56 35 36
56 36 39
56 37 8
56 38 21
56 39 26
56 40 20
56 41 38
56 42 2
56 43 31
56 44 15
56 45 10
56 46 4
56 47 3
56 48 26
56 49 42
56 50 35
56 51 11
56 52 37
56 53 29
56 54 20
56 55 38
