53
1 0 44
2 0 39
2 1 46
3 0 27
3 1 58
3 2 22
4 0 30
4 1 46
4 2 22
4 3 38
5 0 9
5 1 32
5 2 56
5 3 28
5 4 33
6 0 58
6 1 34
6 2 39
6 3 55
6 4 36
6 5 48
7 0 59
7 1 10
7 2 3
7 3 35
7 4 46
7 5 50
7 6 38
8 0 27
8 1 6
8 2 25
8 3 32
8 4 30
8 5 15
8 6 37
8 7 23
9 0 34
9 1 6
9 2 43
9 3 1
9 4 5
9 5 10
9 6 16
9 7 34
9 8 38
10 0 50
10 1 33
10 2 3
10 3 26
10 4 56
10 5 46
10 6 14
10 7 49
10 8 40
10 9 45
11 0 30
11 1 50
11 2 32
11 3 39
11 4 46
11 5 24
11 6 46
11 7 59
11 8 54
11 9 24
11 10 28
12 0 56
12 1 9
12 2 9
12 3 18
12 4 45
12 5 12
12 6 44
12 7 44
12 8 49
12 9 41
12 10 14
12 11 52
13 0 31
13 1 17
13 2 45
13 3 27
13 4 56
13 5 16
13 6 6
13 7 43
13 8 28
13 9 13
13 10 15
13 11 13
13 12 17
14 0 55
14 1 49
14 2 18
14 3 29
14 4 7
14 5 36
14 6 27
14 7 38
14 8 52
14 9 29
14 10 35
14 11 32
14 12 40
14 13 31
15 0 29
15 1 46
15 2 57
15 3 59
15 4 43
15 5 19
15 6 30
15 7 31
15 8 16
15 9 4
15 10 31
15 11 52
15 12 32
15 13 25
15 14 50
16 0 44
16 1 10
16 2 56
16 3 45
16 4 41
16 5 9
16 6 47
16 7 20
16 8 24
16 9 19
16 10 43
16 11 23
16 12 16
16 13 35
16 14 31
16 15 12
17 0 34
17 1 59
17 2 18
17 3 54
17 4 30
17 5 42
17 6 1
17 7 9
17 8 39
17 9 32
17 10 11
17 11 3
17 12 10
17 13 39
17 14 35
17 15 1
17 16 5
18 0 18
18 1 25
18 2 53
18 3 8
18 4 58
18 5 18
18 6 7
18 7 43
18 8 17
18 9 54
18 10 16
18 11 42
18 12 19
18 13 21
18 14 4
18 15 40
18 16 34
18 17 27
19 0 37
19 1 20
19 2 24
19 3 32
19 4 33
19 5 36
19 6 37
19 7 21
19 8 16
19 9 19
19 10 58
19 11 26
19 12 32
19 13 29
19 14 20
19 15 44
19 16 11
19 17 3
19 18 53
20 0 37
20 1 23
20 2 56
20 3 50
20 4 19
20 5 3
20 6 16
20 7 7
20 8 30
20 9 20
20 10 54
20 11 19
20 12 52
20 13 55
20 14 41
20 15 54
20 16 19
20 17 4
20 18 3
20 19 13
21 0 25
21 1 8
21 2 46
21 3 54
21 4 38
21 5 29
21 6 20
21 7 48
21 8 49
21 9 45
21 10 49
21 11 31
21 12 11
21 13 39
21 14 27
21 15 58
21 16 7
21 17 24
21 18 13
21 19 59
21 20 1
22 0 55
22 1 19
22 2 19
22 3 26
22 4 35
22 5 2
22 6 55
22 7 56
22 8 11
22 9 30
22 10 35
22 11 34
22 12 18
22 13 38
22 14 32
22 15 42
22 16 24
22 17 45
22 18 23
22 19 7
22 20 14
22 21 56
23 0 10
23 1 56
23 2 13
23 3 20
23 4 14
23 5 10
23 6 14
23 7 26
23 8 38
23 9 1
23 10 46
23 11 32
23 12 48
23 13 48
23 14 22
23 15 45
23 16 57
23 17 53
23 18 43
23 19 2
23 20 37
23 21 59
23 22 13
24 0 24
24 1 45
24 2 38
24 3 26
24 4 18
24 5 54
24 6 14
24 7 50
24 8 41
24 9 2
24 10 57
24 11 13
24 12 2
24 13 54
24 14 43
24 15 51
24 16 55
24 17 40
24 18 29
24 19 2
24 20 29
24 21 18
24 22 16
24 23 15
25 0 54
25 1 26
25 2 2
25 3 1
25 4 51
25 5 4
25 6 37
25 7 23
25 8 31
25 9 27
25 10 32
25 11 29
25 12 39
25 13 36
25 14 41
25 15 38
25 16 42
25 17 19
25 18 9
25 19 54
25 20 59
25 21 14
25 22 1
25 23 12
25 24 32
26 0 47
26 1 54
26 2 11
26 3 1
26 4 45
26 5 12
26 6 36
26 7 44
26 8 50
26 9 25
26 10 58
26 11 4
26 12 38
26 13 42
26 14 25
26 15 10
26 16 36
26 17 21
26 18 25
26 19 13
26 20 14
26 21 30
26 22 34
26 23 46
26 24 24
26 25 52
27 0 42
27 1 19
27 2 29
27 3 57
27 4 53
27 5 38
27 6 50
27 7 49
27 8 12
27 9 28
27 10 45
27 11 51
27 12 19
27 13 25
27 14 59
27 15 53
27 16 20
27 17 13
27 18 14
27 19 29
27 20 17
27 21 47
27 22 31
27 23 28
27 24 8
27 25 47
27 26 13
28 0 48
28 1 44
28 2 23
28 3 58
28 4 37
28 5 26
28 6 26
28 7 9
28 8 49
28 9 29
28 10 43
28 11 5
28 12 38
28 13 43
28 14 33
28 15 39
28 16 1
28 17 56
28 18 41
28 19 2
28 20 45
28 21 46
28 22 59
28 23 1
28 24 53
28 25 21
28 26 51
28 27 55
29 0 24
29 1 47
29 2 17
29 3 49
29 4 36
29 5 28
29 6 26
29 7 15
29 8 38
29 9 25
29 10 44
29 11 8
29 12 50
29 13 31
29 14 7
29 15 16
29 16 9
29 17 14
29 18 45
29 19 40
29 20 33
29 21 51
29 22 31
29 23 42
29 24 24
29 25 5
29 26 55
29 27 36
29 28 8
30 0 40
30 1 27
30 2 11
30 3 26
30 4 57
30 5 16
30 6 20
30 7 23
30 8 29
30 9 51
30 10 2
30 11 37
30 12 41
30 13 16
30 14 50
30 15 52
30 16 48
30 17 35
30 18 52
30 19 15
30 20 9
30 21 11
30 22 9
30 23 10
30 24 28
30 25 43
30 26 28
30 27 59
30 28 17
30 29 59
31 0 16
31 1 24
31 2 3
31 3 57
31 4 22
31 5 16
31 6 42
31 7 43
31 8 10
31 9 42
31 10 6
31 11 19
31 12 56
31 13 23
31 14 5
31 15 21
31 16 23
31 17 6
31 18 27
31 19 1
31 20 11
31 21 36
31 22 1
31 23 5
31 24 39
31 25 2
31 26 17
31 27 41
31 28 38
31 29 7
31 30 50
32 0 16
32 1 1
32 2 30
32 3 14
32 4 41
32 5 30
32 6 40
32 7 51
32 8 38
32 9 4
32 10 59
32 11 22
32 12 49
32 13 35
32 14 27
32 15 27
32 16 15
32 17 44
32 18 38
32 19 8
32 20 6
32 21 27
32 22 19
32 23 41
32 24 36
32 25 7
32 26 24
32 27 9
32 28 58
32 29 37
32 30 24
32 31 47
33 0 36
33 1 45
33 2 34
33 3 4
33 4 35
33 5 39
33 6 12
33 7 4
33 8 42
33 9 12
33 10 5
33 11 11
33 12 23
33 13 37
33 14 44
33 15 47
33 16 49
33 17 50
33 18 15
33 19 7
33 20 55
33 21 7
33 22 29
33 23 26
33 24 23
33 25 1
33 26 22
33 27 19
33 28 1
33 29 54
33 30 15
33 31 51
33 32 18
34 0 33
34 1 37
34 2 37
34 3 50
34 4 10
34 5 44
34 6 1
34 7 57
34 8 24
34 9 52
34 10 30
34 11 43
34 12 59
34 13 16
34 14 24
34 15 12
34 16 48
34 17 55
34 18 35
34 19 41
34 20 54
34 21 1
34 22 8
34 23 16
34 24 32
34 25 24
34 26 44
34 27 40
34 28 26
34 29 26
34 30 43
34 31 42
34 32 38
34 33 17
35 0 23
35 1 33
35 2 42
35 3 18
35 4 33
35 5 25
35 6 16
35 7 7
35 8 28
35 9 51
35 10 7
35 11 45
35 12 4
35 13 25
35 14 7
35 15 34
35 16 39
35 17 20
35 18 1
35 19 8
35 20 23
35 21 52
35 22 44
35 23 4
35 24 4
35 25 3
35 26 35
35 27 47
35 28 2
35 29 58
35 30 40
35 31 27
35 32 25
35 33 24
35 34 29
36 0 32
36 1 52
36 2 45
36 3 19
36 4 52
36 5 36
36 6 49
36 7 53
36 8 16
36 9 9
36 10 4
36 11 37
36 12 44
36 13 34
36 14 12
36 15 15
36 16 7
36 17 45
36 18 22
36 19 40
36 20 41
36 21 54
36 22 1
36 23 24
36 24 47
36 25 41
36 26 34
36 27 52
36 28 55
36 29 28
36 30 19
36 31 28
36 32 29
36 33 39
36 34 59
36 35 11
37 0 22
37 1 51
37 2 16
37 3 3
37 4 54
37 5 49
37 6 59
37 7 54
37 8 8
37 9 54
37 10 40
37 11 11
37 12 55
37 13 50
37 14 59
37 15 32
37 16 58
37 17 56
37 18 56
37 19 44
37 20 21
37 21 54
37 22 6
37 23 8
37 24 3
37 25 12
37 26 5
37 27 24
37 28 15
37 29 12
37 30 4
37 31 41
37 32 29
37 33 56
37 34 11
37 35 8
37 36 31
38 0 10
38 1 54
38 2 16
38 3 23
38 4 40
38 5 52
38 6 21
38 7 55
38 8 26
38 9 48
38 10 53
38 11 42
38 12 6
38 13 19
38 14 26
38 15 20
38 16 27
38 17 48
38 18 14
38 19 24
38 20 16
38 21 2
38 22 5
38 23 32
38 24 36
38 25 33
38 26 9
38 27 31
38 28 19
38 29 27
38 30 46
38 31 12
38 32 23
38 33 3
38 34 59
38 35 42
38 36 28
38 37 17
39 0 19
39 1 23
39 2 45
39 3 22
39 4 46
39 5 21
39 6 42
39 7 23
39 8 27
39 9 17
39 10 42
39 11 20
39 12 57
39 13 25
39 14 30
39 15 42
39 16 27
39 17 25
39 18 57
39 19 21
39 20 21
39 21 49
39 22 25
39 23 38
39 24 48
39 25 5
39 26 52
39 27 51
39 28 25
39 29 26
39 30 41
39 31 24
39 32 55
39 33 20
39 34 31
39 35 15
39 36 48
39 37 46
39 38 38
40 0 52
40 1 1
40 2 7
40 3 53
40 4 22
40 5 18
40 6 6
40 7 8
40 8 30
40 9 46
40 10 59
40 11 26
40 12 14
40 13 50
40 14 25
40 15 51
40 16 31
40 17 24
40 18 59
40 19 28
40 20 39
40 21 11
40 22 51
40 23 38
40 24 25
40 25 26
40 26 4
40 27 9
40 28 53
40 29 28
40 30 50
40 31 28
40 32 35
40 33 48
40 34 40
40 35 15
40 36 13
40 37 32
40 38 35
40 39 50
41 0 18
41 1 48
41 2 55
41 3 28
41 4 36
41 5 2
41 6 40
41 7 30
41 8 50
41 9 17
41 10 59
41 11 33
41 12 12
41 13 17
41 14 43
41 15 40
41 16 50
41 17 36
41 18 50
41 19 53
41 20 4
41 21 10
41 22 6
41 23 40
41 24 6
41 25 5
41 26 26
41 27 6
41 28 34
41 29 28
41 30 55
41 31 57
41 32 12
41 33 54
41 34 16
41 35 56
41 36 6
41 37 21
41 38 59
41 39 40
41 40 53
42 0 47
42 1 9
42 2 13
42 3 30
42 4 20
42 5 56
42 6 24
42 7 14
42 8 58
42 9 35
42 10 2
42 11 41
42 12 24
42 13 27
42 14 41
42 15 20
42 16 50
42 17 13
42 18 5
42 19 6
42 20 32
42 21 37
42 22 39
42 23 4
42 24 16
42 25 57
42 26 18
42 27 17
42 28 25
42 29 26
42 30 15
42 31 13
42 32 9
42 33 10
42 34 25
42 35 19
42 36 38
42 37 18
42 38 49
42 39 44
42 40 52
42 41 29
43 0 57
43 1 22
43 2 55
43 3 46
43 4 12
43 5 22
43 6 3
43 7 45
43 8 16
43 9 6
43 10 57
43 11 21
43 12 3
43 13 17
43 14 58
43 15 35
43 16 43
43 17 15
43 18 13
43 19 22
43 20 56
43 21 16
43 22 32
43 23 59
43 24 9
43 25 53
43 26 25
43 27 3
43 28 29
43 29 51
43 30 43
43 31 40
43 32 27
43 33 7
43 34 57
43 35 36
43 36 9
43 37 55
43 38 40
43 39 24
43 40 20
43 41 13
43 42 55
44 0 36
44 1 24
44 2 21
44 3 16
44 4 1
44 5 17
44 6 19
44 7 10
44 8 9
44 9 20
44 10 1
44 11 16
44 12 31
44 13 34
44 14 38
44 15 51
44 16 33
44 17 37
44 18 1
44 19 5
44 20 52
44 21 42
44 22 58
44 23 14
44 24 47
44 25 2
44 26 10
44 27 53
44 28 45
44 29 45
44 30 59
44 31 45
44 32 19
44 33 13
44 34 33
44 35 35
44 36 59
44 37 7
44 38 42
44 39 23
44 40 45
44 41 3
44 42 39
44 43 58
45 0 16
45 1 12
45 2 44
45 3 24
45 4 1
45 5 20
45 6 17
45 7 51
45 8 7
45 9 32
45 10 44
45 11 15
45 12 7
45 13 58
45 14 14
45 15 19
45 16 21
45 17 51
45 18 39
45 19 1
45 20 34
45 21 27
45 22 39
45 23 49
45 24 55
45 25 33
45 26 9
45 27 47
45 28 29
45 29 58
45 30 14
45 31 44
45 32 55
45 33 2
45 34 47
45 35 48
45 36 4
45 37 43
45 38 1
45 39 27
45 40 15
45 41 34
45 42 29
45 43 24
45 44 1
46 0 52
46 1 58
46 2 3
46 3 18
46 4 5
46 5 38
46 6 42
46 7 15
46 8 41
46 9 31
46 10 26
46 11 23
46 12 16
46 13 33
46 14 17
46 15 33
46 16 22
46 17 20
46 18 13
46 19 10
46 20 42
46 21 32
46 22 21
46 23 27
46 24 6
46 25 27
46 26 55
46 27 45
46 28 22
46 29 23
46 30 6
46 31 10
46 32 37
46 33 37
46 34 51
46 35 55
46 36 6
46 37 22
46 38 24
46 39 38
46 40 12
46 41 43
46 42 36
46 43 52
46 44 30
46 45 39
47 0 49
47 1 46
47 2 2
47 3 42
47 4 52
47 5 11
47 6 41
47 7 27
47 8 57
47 9 43
47 10 3
47 11 29
47 12 6
47 13 21
47 14 34
47 15 12
47 16 56
47 17 12
47 18 14
47 19 22
47 20 25
47 21 28
47 22 56
47 23 47
47 24 25
47 25 9
47 26 12
47 27 18
47 28 24
47 29 26
47 30 7
47 31 45
47 32 43
47 33 15
47 34 26
47 35 54
47 36 5
47 37 22
47 38 25
47 39 25
47 40 24
47 41 46
47 42 39
47 43 13
47 44 48
47 45 34
47 46 6
48 0 5
48 1 55
48 2 19
48 3 56
48 4 4
48 5 21
48 6 41
48 7 11
48 8 8
48 9 59
48 10 54
48 11 57
48 12 22
48 13 54
48 14 20
48 15 49
48 16 15
48 17 40
48 18 58
48 19 54
48 20 2
48 21 17
48 22 2
48 23 24
48 24 24
48 25 21
48 26 39
48 27 39
48 28 39
48 29 58
48 30 32
48 31 14
48 32 9
48 33 32
48 34 59
48 35 27
48 36 54
48 37 28
48 38 32
48 39 8
48 40 32
48 41 22
48 42 29
48 43 56
48 44 45
48 45 26
48 46 41
48 47 20
49 0 21
49 1 59
49 2 31
49 3 49
49 4 16
49 5 11
49 6 57
49 7 28
49 8 6
49 9 41
49 10 7
49 11 34
49 12 21
49 13 48
49 14 33
49 15 53
49 16 8
49 17 56
49 18 34
49 19 3
49 20 3
49 21 51
49 22 51
49 23 53
49 24 38
49 25 1
49 26 30
49 27 2
49 28 39
49 29 38
49 30 8
49 31 28
49 32 45
49 33 42
49 34 40
49 35 39
49 36 37
49 37 48
49 38 10
49 39 51
49 40 33
49 41 32
49 42 17
49 43 53
49 44 6
49 45 55
49 46 44
49 47 38
49 48 6
50 0 5
50 1 56
50 2 44
50 3 15
50 4 7
50 5 58
50 6 38
50 7 20
50 8 46
50 9 16
50 10 34
50 11 21
50 12 39
50 13 28
50 14 24
50 15 18
50 16 46
50 17 8
50 18 14
50 19 34
50 20 49
50 21 30
50 22 25
50 23 54
50 24 29
50 25 21
50 26 11
50 27 32
50 28 34
50 29 46
50 30 57
50 31 1
50 32 57
50 33 15
50 34 26
50 35 34
50 36 25
50 37 24
50 38 40
50 39 22
50 40 59
50 41 31
50 42 39
50 43 46
50 44 18
50 45 23
50 46 41
50 47 34
50 48 12
50 49 7
51 0 50
51 1 40
51 2 31
51 3 17
51 4 42
51 5 55
51 6 40
51 7 14
51 8 17
51 9 51
51 10 40
51 11 28
51 12 21
51 13 32
51 14 38
51 15 27
51 16 8
51 17 3
51 18 46
51 19 28
51 20 36
51 21 1
51 22 42
51 23 59
51 24 12
51 25 15
51 26 15
51 27 59
51 28 34
51 29 35
51 30 13
51 31 2
51 32 26
51 33 18
51 34 7
51 35 1
51 36 13
51 37 46
51 38 4
51 39 11
51 40 28
51 41 24
51 42 8
51 43 26
51 44 31
51 45 29
51 46 30
51 47 6
51 48 57
51 49 16
51 50 6
52 0 58
52 1 34
52 2 42
52 3 46
52 4 8
52 5 6
52 6 6
52 7 5
52 8 35
52 9 59
52 10 28
52 11 25
52 12 9
52 13 42
52 14 11
52 15 45
52 16 57
52 17 28
52 18 37
52 19 27
52 20 28
52 21 34
52 22 22
52 23 48
52 24 46
52 25 30
52 26 42
52 27 25
52 28 50
52 29 30
52 30 4
52 31 24
52 32 52
52 33 18
52 34 44
52 35 2
52 36 42
52 37 25
52 38 18
52 39 33
52 40 14
52 41 52
52 42 8
52 43 54
52 44 15
52 45 19
52 46 13
52 47 51
52 48 55
52 49 13
52 50 16
52 51 46
