34
1 0 12
2 0 23
2 1 21
3 0 9
3 1 18
3 2 18
4 0 19
4 1 8
4 2 10
4 3 13
5 0 1
5 1 1
5 2 5
5 3 18
5 4 4
6 0 16
6 1 3
6 2 10
6 3 20
6 4 16
6 5 4
7 0 24
7 1 11
7 2 17
7 3 13
7 4 14
7 5 6
7 6 14
8 0 6
8 1 15
8 2 16
8 3 22
8 4 12
8 5 10
8 6 4
8 7 17
9 0 20
9 1 3
9 2 25
9 3 4
9 4 17
9 5 9
9 6 7
9 7 19
9 8 26
10 0 22
10 1 3
10 2 6
10 3 9
10 4 25
10 5 9
10 6 15
10 7 24
10 8 6
10 9 24
11 0 6
11 1 18
11 2 16
11 3 21
11 4 7
11 5 25
11 6 22
11 7 27
11 8 26
11 9 8
11 10 4
12 0 20
12 1 25
12 2 22
12 3 6
12 4 8
12 5 24
12 6 8
12 7 3
12 8 13
12 9 13
12 10 17
12 11 20
13 0 1
13 1 9
13 2 16
13 3 9
13 4 17
13 5 3
13 6 22
13 7 13
13 8 11
13 9 17
13 10 20
13 11 22
13 12 10
14 0 11
14 1 11
14 2 14
14 3 13
14 4 11
14 5 22
14 6 17
14 7 22
14 8 20
14 9 11
14 10 3
14 11 4
14 12 24
14 13 2
15 0 1
15 1 7
15 2 21
15 3 6
15 4 17
15 5 14
15 6 4
15 7 16
15 8 24
15 9 4
15 10 13
15 11 3
15 12 17
15 13 8
15 14 16
16 0 14
16 1 24
16 2 18
16 3 11
16 4 27
16 5 16
16 6 20
16 7 11
16 8 16
16 9 19
16 10 17
16 11 1
16 12 3
16 13 24
16 14 16
16 15 26
17 0 3
17 1 4
17 2 23
17 3 25
17 4 27
17 5 11
17 6 8
17 7 13
17 8 26
17 9 24
17 10 7
17 11 11
17 12 11
17 13 7
17 14 11
17 15 15
17 16 16
18 0 27
18 1 2
18 2 14
18 3 14
18 4 10
18 5 16
18 6 23
18 7 18
18 8 25
18 9 26
18 10 9
18 11 4
18 12 26
18 13 7
18 14 18
18 15 17
18 16 13
18 17 6
19 0 8
19 1 26
19 2 2
19 3 1
19 4 25
19 5 8
19 6 26
19 7 20
19 8 5
19 9 5
19 10 22
19 11 26
19 12 20
19 13 1
19 14 21
19 15 12
19 16 8
19 17 24
19 18 19
20 0 12
20 1 12
20 2 4
20 3 21
20 4 2
20 5 22
20 6 26
20 7 1
20 8 23
20 9 10
20 10 17
20 11 3
20 12 12
20 13 14
20 14 17
20 15 18
20 16 26
20 17 23
20 18 12
20 19 5
21 0 15
21 1 25
21 2 15
21 3 15
21 4 4
21 5 5
21 6 26
21 7 17
21 8 16
21 9 15
21 10 23
21 11 7
21 12 5
21 13 24
21 14 24
21 15 17
21 16 26
21 17 14
21 18 1
21 19 8
21 20 24
22 0 11
22 1 14
22 2 14
22 3 14
22 4 18
22 5 16
22 6 18
22 7 13
22 8 18
22 9 11
22 10 3
22 11 9
22 12 18
22 13 27
22 14 24
22 15 19
22 16 2
22 17 5
22 18 20
22 19 26
22 20 13
22 21 14
23 0 12
23 1 18
23 2 24
23 3 4
23 4 3
23 5 10
23 6 13
23 7 13
23 8 17
23 9 8
23 10 7
23 11 21
23 12 15
23 13 23
23 14 8
23 15 6
23 16 25
23 17 21
23 18 2
23 19 23
23 20 3
23 21 5
23 22 13
24 0 24
24 1 15
24 2 18
24 3 22
24 4 27
24 5 12
24 6 14
24 7 2
24 8 4
24 9 24
24 10 10
24 11 13
24 12 8
24 13 3
24 14 6
24 15 25
24 16 15
24 17 22
24 18 2
24 19 21
24 20 16
24 21 16
24 22 5
24 23 18
25 0 10
25 1 24
25 2 18
25 3 26
25 4 26
25 5 11
25 6 10
25 7 19
25 8 4
25 9 15
25 10 25
25 11 3
25 12 18
25 13 4
25 14 27
25 15 26
25 16 23
25 17 7
25 18 6
25 19 4
25 20 8
25 21 24
25 22 11
25 23 8
25 24 15
26 0 14
26 1 27
26 2 7
26 3 13
26 4 25
26 5 25
26 6 23
26 7 25
26 8 22
26 9 26
26 10 23
26 11 22
26 12 6
26 13 21
26 14 2
26 15 27
26 16 14
26 17 1
26 18 9
26 19 6
26 20 16
26 21 1
26 22 20
26 23 27
26 24 17
26 25 1
27 0 24
27 1 17
27 2 14
27 3 10
27 4 17
27 5 8
27 6 16
27 7 8
27 8 13
27 9 4
27 10 17
27 11 2
27 12 27
27 13 14
27 14 25
27 15 12
27 16 24
27 17 8
27 18 2
27 19 21
27 20 23
27 21 15
27 22 22
27 23 19
27 24 12
27 25 1
27 26 1
28 0 10
28 1 4
28 2 3
28 3 15
28 4 9
28 5 13
28 6 19
28 7 17
28 8 19
28 9 15
28 10 24
28 11 4
28 12 3
28 13 6
28 14 22
28 15 24
28 16 19
28 17 12
28 18 5
28 19 12
28 20 7
28 21 26
28 22 15
28 23 19
28 24 20
28 25 2
28 26 15
28 27 17
29 0 16
29 1 8
29 2 13
29 3 10
29 4 21
29 5 1
29 6 12
29 7 9
29 8 24
29 9 16
29 10 18
29 11 27
29 12 1
29 13 13
29 14 7
29 15 22
29 16 11
29 17 27
29 18 4
29 19 2
29 20 19
29 21 22
29 22 1
29 23 25
29 24 19
29 25 27
29 26 24
29 27 12
29 28 20
30 0 15
30 1 22
30 2 7
30 3 22
30 4 22
30 5 17
30 6 8
30 7 20
30 8 23
30 9 16
30 10 27
30 11 12
30 12 25
30 13 26
30 14 8
30 15 10
30 16 18
30 17 24
30 18 20
30 19 13
30 20 13
30 21 23
30 22 26
30 23 12
30 24 4
30 25 24
30 26 5
30 27 25
30 28 1
30 29 2
31 0 9
31 1 9
31 2 4
31 3 4
31 4 3
31 5 21
31 6 26
31 7 24
31 8 13
31 9 24
31 10 11
31 11 7
31 12 16
31 13 10
31 14 9
31 15 2
31 16 15
31 17 27
31 18 18
31 19 15
31 20 24
31 21 19
31 22 17
31 23 5
31 24 24
31 25 9
31 26 6
31 27 24
31 28 21
31 29 12
31 30 10
32 0 11
32 1 3
32 2 25
32 3 26
32 4 24
32 5 25
32 6 19
32 7 2
32 8 18
32 9 16
32 10 24
32 11 10
32 12 21
32 13 6
32 14 7
32 15 4
32 16 3
32 17 5
32 18 2
32 19 2
32 20 21
32 21 5
32 22 2
32 23 20
32 24 21
32 25 23
32 26 18
32 27 15
32 28 8
32 29 22
32 30 24
32 31 21
33 0 2
33 1 16
33 2 19
33 3 10
33 4 14
33 5 27
33 6 8
33 7 1
33 8 27
33 9 21
33 10 26
33 11 6
33 12 23
33 13 12
33 14 19
33 15 3
33 16 14
33 17 4
33 18 5
33 19 2
33 20 17
33 21 14
33 22 25
33 23 18
33 24 7
33 25 17
33 26 27
33 27 18
33 28 25
33 29 8
33 30 18
33 31 16
33 32 22
