46
2 0 8
3 2 14
5 0 43
5 2 31
5 3 5
5 4 31
6 3 37
6 5 3
7 0 30
7 1 43
7 3 2
8 2 23
8 3 2
8 5 11
8 7 29
9 0 17
9 1 31
9 2 19
9 4 22
9 6 7
10 2 14
10 7 46
10 8 8
10 9 43
11 0 37
11 1 45
11 3 7
11 4 10
11 6 28
11 7 13
12 0 40
12 4 41
12 5 43
12 8 16
12 9 8
12 10 35
12 11 37
13 1 8
13 5 12
13 9 33
13 11 43
14 0 27
14 2 14
14 3 10
14 4 22
14 7 29
14 9 35
14 10 7
14 11 33
15 1 38
15 4 10
15 7 19
15 10 15
15 13 1
16 1 33
16 5 22
16 6 33
16 7 26
16 10 36
16 13 24
16 14 34
17 0 11
17 2 29
17 4 16
17 5 31
17 6 1
17 7 18
17 8 5
17 10 8
17 11 20
17 14 44
17 16 2
18 1 4
18 2 22
18 3 27
18 6 30
18 7 36
18 11 27
18 12 24
18 15 43
19 0 26
19 2 43
19 3 32
19 4 40
19 5 2
19 8 40
19 9 5
19 11 7
19 13 11
19 14 31
19 17 20
20 0 19
20 3 1
20 4 10
20 5 4
20 13 20
20 14 10
20 18 5
21 1 17
21 2 38
21 3 1
21 6 27
21 10 31
21 11 32
21 12 7
21 18 42
21 19 4
21 20 35
22 1 4
22 3 36
22 4 17
22 5 23
22 6 7
22 11 32
22 12 39
22 13 7
22 15 12
22 16 44
22 18 36
22 19 14
22 21 40
23 0 12
23 1 14
23 3 31
23 4 26
23 5 19
23 7 2
23 12 27
23 14 32
23 16 13
23 17 16
23 18 44
23 20 1
23 22 8
24 0 17
24 1 17
24 5 9
24 7 43
24 14 27
24 16 36
24 17 13
24 18 6
24 19 45
24 20 26
24 23 39
25 1 17
25 8 35
25 9 27
25 13 19
25 14 24
25 15 7
25 16 39
25 18 14
25 19 34
25 22 31
25 23 25
25 24 28
26 0 18
26 3 30
26 5 29
26 6 24
26 9 27
26 10 35
26 12 1
26 15 38
26 17 43
26 18 27
26 20 4
26 21 25
26 24 26
27 1 12
27 2 21
27 6 9
27 7 19
27 8 3
27 11 4
27 15 17
27 18 45
27 19 40
27 20 4
27 22 24
27 24 46
27 26 44
28 0 40
28 1 42
28 4 38
28 6 37
28 8 27
28 13 39
28 17 33
28 18 38
28 19 25
28 21 34
28 22 34
28 26 10
29 0 36
29 2 19
29 5 33
29 6 21
29 7 42
29 9 7
29 11 6
29 12 37
29 13 6
29 17 18
29 20 16
29 25 45
29 27 45
30 0 43
30 10 19
30 11 34
30 13 38
30 14 11
30 16 30
30 17 39
30 23 27
30 28 6
31 0 29
31 1 26
31 2 29
31 5 12
31 9 8
31 12 43
31 13 3
31 15 22
31 19 37
31 23 36
31 25 9
31 26 44
31 27 34
31 29 32
31 30 9
32 1 6
32 2 7
32 3 30
32 7 1
32 8 41
32 11 45
32 16 30
32 17 11
32 18 37
32 20 8
32 23 35
32 25 12
32 26 19
32 27 5
32 31 25
33 2 39
33 3 35
33 5 21
33 7 8
33 10 19
33 15 11
33 16 13
33 18 1
33 19 12
33 20 26
33 21 40
33 22 11
33 23 11
33 24 11
33 28 26
33 30 8
33 31 30
33 32 4
34 6 20
34 7 32
34 8 19
34 9 11
34 10 14
34 14 6
34 15 11
34 18 39
34 19 27
34 20 33
34 22 12
34 23 41
34 32 30
34 33 19
35 2 17
35 4 18
35 7 7
35 11 10
35 12 28
35 13 30
35 15 31
35 16 5
35 17 11
35 20 1
35 23 15
35 24 42
35 26 25
35 27 45
35 28 45
35 29 45
35 32 20
36 1 12
36 2 13
36 4 33
36 6 29
36 7 30
36 8 8
36 10 23
36 12 27
36 13 6
36 17 13
36 19 2
36 25 3
36 29 31
36 32 8
36 33 25
36 34 25
37 1 1
37 2 6
37 5 12
37 7 29
37 8 5
37 9 15
37 10 26
37 12 9
37 15 16
37 17 46
37 18 25
37 19 8
37 22 36
37 24 4
37 25 38
37 26 43
37 30 24
37 31 9
37 32 22
38 0 14
38 3 46
38 4 1
38 5 14
38 7 46
38 15 10
38 18 41
38 19 16
38 20 22
38 21 25
38 22 15
38 26 24
38 30 27
38 31 12
38 34 1
38 35 11
39 0 19
39 1 20
39 2 19
39 3 23
39 6 41
39 7 22
39 8 45
39 10 30
39 11 38
39 12 21
39 14 16
39 16 38
39 17 44
39 18 5
39 23 14
39 25 1
39 26 29
39 27 43
39 30 11
39 31 9
39 32 36
39 34 6
39 37 16
40 0 27
40 4 28
40 6 31
40 10 6
40 12 2
40 15 19
40 17 31
40 18 30
40 19 39
40 20 22
40 21 8
40 23 2
40 24 33
40 25 15
40 26 13
40 29 16
40 33 10
40 37 37
40 38 23
41 0 44
41 3 9
41 4 23
41 6 11
41 7 12
41 9 35
41 10 27
41 11 15
41 13 20
41 14 8
41 15 14
41 17 21
41 19 24
41 21 32
41 25 9
41 27 23
41 29 35
41 30 27
41 32 26
41 35 44
41 36 2
41 37 5
42 0 6
42 1 46
42 5 6
42 6 13
42 7 28
42 9 41
42 18 14
42 21 20
42 23 3
42 24 27
42 27 3
42 29 21
42 32 13
42 33 17
42 34 10
42 35 1
42 36 5
42 37 28
42 38 26
42 39 11
42 40 46
42 41 36
43 3 1
43 4 11
43 5 28
43 6 32
43 12 28
43 15 7
43 18 12
43 19 32
43 21 20
43 22 13
43 25 20
43 29 42
43 30 27
43 31 39
43 35 2
43 37 18
43 38 30
43 39 40
43 41 17
44 0 10
44 1 26
44 3 29
44 5 33
44 6 40
44 9 7
44 11 12
44 12 27
44 13 42
44 15 42
44 17 21
44 19 21
44 20 1
44 21 38
44 25 39
44 26 45
44 27 26
44 29 33
44 33 36
44 36 15
44 37 9
44 43 27
45 1 16
45 2 6
45 5 4
45 6 20
45 9 26
45 10 8
45 11 8
45 13 25
45 14 38
45 16 24
45 19 3
45 22 1
45 25 13
45 26 9
45 31 10
45 34 3
45 37 15
45 41 27
45 42 17
45 43 14
