21
2 0 11
3 0 9
3 1 2
3 2 5
4 1 15
4 2 11
5 0 15
5 1 10
5 3 11
6 0 15
6 1 4
6 2 1
6 3 7
6 4 14
6 5 4
7 0 10
7 1 8
7 5 4
8 0 5
8 1 10
8 3 1
8 5 2
8 6 5
9 3 10
9 4 14
9 5 14
9 6 11
10 4 12
10 5 9
10 9 4
11 2 8
11 4 4
11 7 5
11 10 15
12 1 12
12 4 12
12 5 15
12 6 10
13 1 15
13 2 7
13 3 10
13 4 6
13 11 15
13 12 3
14 1 6
14 2 10
14 3 16
14 5 2
14 7 6
14 10 3
14 11 1
15 5 13
15 6 5
15 7 13
15 8 7
15 9 16
15 10 4
15 14 16
16 0 12
16 1 6
16 6 12
16 7 14
16 14 7
16 15 13
17 0 8
17 1 9
17 2 6
17 5 15
17 6 13
17 8 14
17 10 13
17 11 11
17 12 13
17 14 3
17 15 6
18 0 15
18 3 7
18 4 4
18 5 3
18 6 8
18 9 13
18 15 4
18 16 13
19 0 16
19 1 14
19 7 9
19 10 12
19 12 7
19 14 6
19 15 10
19 17 1
19 18 8
20 0 10
20 6 16
20 7 6
20 11 15
20 12 10
20 13 16
20 14 8
20 15 12
20 16 9
20 18 6
20 19 14
