30
2 1 15
3 0 19
3 1 23
3 2 2
4 2 14
5 0 17
5 1 19
5 2 8
5 3 12
5 4 17
6 0 8
7 0 16
7 3 17
7 4 19
7 6 20
8 0 17
8 2 19
8 3 8
8 5 12
8 6 7
8 7 2
9 5 2
10 3 17
10 4 3
10 5 16
10 6 22
10 8 11
11 2 9
11 3 11
11 4 8
11 5 5
11 9 4
12 0 11
12 1 5
12 5 7
12 7 21
12 8 18
12 9 11
12 10 5
12 11 16
13 0 21
13 1 3
13 3 12
13 5 6
13 6 6
13 7 10
13 12 23
14 4 14
14 5 20
14 6 11
14 8 11
14 10 4
14 11 5
15 0 22
15 3 16
15 4 4
15 5 6
15 7 9
15 8 1
15 12 12
15 13 5
16 0 8
16 3 11
16 5 12
16 6 8
16 8 9
16 10 13
16 11 9
16 12 4
17 0 7
17 1 18
17 2 17
17 4 22
17 6 10
17 10 1
17 11 20
17 13 13
17 14 8
17 15 8
18 2 3
18 4 16
18 6 3
18 7 8
18 9 8
18 11 2
18 13 21
18 16 23
18 17 5
19 3 6
19 6 3
19 7 2
19 9 17
19 10 1
19 13 1
19 18 20
20 3 14
20 6 17
20 9 1
20 11 23
20 12 14
20 14 17
20 15 4
20 18 4
21 1 20
21 3 11
21 5 19
21 7 16
21 8 23
21 9 18
21 10 21
21 15 2
21 16 18
21 19 6
21 20 7
22 0 16
22 1 22
22 2 14
22 3 5
22 4 1
22 9 15
22 10 16
22 14 14
22 15 5
22 17 6
22 19 13
22 20 19
22 21 11
23 1 16
23 4 18
23 5 17
23 6 3
23 7 22
23 9 16
23 13 3
23 14 20
23 15 18
23 18 5
23 20 8
23 21 11
23 22 23
24 0 21
24 1 7
24 3 9
24 4 18
24 5 3
24 6 19
24 7 4
24 8 13
24 10 14
24 11 5
24 14 20
24 15 16
24 16 8
24 17 6
24 18 22
25 0 20
25 1 21
25 2 12
25 3 17
25 5 21
25 6 13
25 11 18
25 13 3
25 14 13
25 17 16
25 18 5
25 20 4
25 24 7
26 5 11
26 8 20
26 9 17
26 11 10
26 14 20
26 15 13
26 16 5
26 17 16
26 18 2
26 20 23
26 21 20
26 22 9
26 24 15
27 0 14
27 7 20
27 10 4
27 11 1
27 13 22
27 14 17
27 16 23
27 17 12
27 19 11
27 20 23
27 22 17
27 24 20
27 25 5
28 1 4
28 3 19
28 5 16
28 6 21
28 7 23
28 8 21
28 9 19
28 10 10
28 11 21
28 12 13
28 13 5
28 15 1
28 16 9
28 18 8
28 19 21
28 20 14
28 21 5
28 22 23
28 23 6
28 25 23
28 27 6
29 0 7
29 1 7
29 2 13
29 3 4
29 7 3
29 9 12
29 12 21
29 13 20
29 14 8
29 15 8
29 17 6
29 18 5
29 20 21
29 24 19
29 26 23
29 27 16
