17
1 0 7
2 0 12
2 1 3
3 0 15
3 1 10
3 2 16
4 0 13
4 1 13
4 2 11
4 3 2
5 0 16
5 1 6
5 2 13
5 3 6
5 4 15
6 0 12
6 1 18
6 2 14
6 3 4
6 4 18
6 5 15
7 0 7
7 1 6
7 2 10
7 3 18
7 4 12
7 5 16
7 6 1
8 0 14
8 1 7
8 2 15
8 3 19
8 4 12
8 5 6
8 6 12
8 7 16
9 0 17
9 1 10
9 2 19
9 3 5
9 4 7
9 5 10
9 6 17
9 7 5
9 8 16
10 0 14
10 1 3
10 2 11
10 3 11
10 4 11
10 5 18
10 6 18
10 7 15
10 8 5
10 9 8
11 0 7
11 1 1
11 2 9
11 3 10
11 4 8
11 5 13
11 6 4
11 7 10
11 8 2
11 9 14
11 10 15
12 0 2
12 1 5
12 2 16
12 3 12
12 4 19
12 5 2
12 6 15
12 7 1
12 8 13
12 9 11
12 10 11
12 11 7
13 0 8
13 1 8
13 2 5
13 3 11
13 4 19
13 5 5
13 6 1
13 7 15
13 8 1
13 9 4
13 10 19
13 11 10
13 12 7
14 0 10
14 1 4
14 2 14
14 3 14
14 4 3
14 5 18
14 6 17
14 7 2
14 8 12
14 9 14
14 10 2
14 11 2
14 12 16
14 13 17
15 0 8
15 1 6
15 2 11
15 3 15
15 4 19
15 5 1
15 6 9
15 7 16
15 8 12
15 9 9
15 10 14
15 11 1
15 12 17
15 13 7
15 14 5
16 0 10
16 1 13
16 2 5
16 3 2
16 4 9
16 5 1
16 6 1
16 7 15
16 8 4
16 9 5
16 10 2
16 11 18
16 12 1
16 13 2
16 14 8
16 15 18
