23
2 1 19
3 0 18
3 1 25
4 0 20
4 1 25
5 3 28
6 0 10
6 2 24
6 4 25
6 5 27
7 1 3
7 4 5
7 5 10
8 0 17
8 2 16
8 3 12
8 4 32
8 5 13
8 7 32
9 1 13
9 2 4
9 6 17
9 7 25
9 8 11
10 1 21
10 2 15
10 4 8
10 5 15
10 6 3
10 7 8
11 2 9
11 3 22
11 5 25
11 6 7
11 10 12
12 1 29
12 2 31
12 4 12
12 5 21
12 9 17
13 2 13
13 3 1
13 4 26
13 5 32
13 7 10
13 9 13
13 10 12
14 0 24
14 1 14
14 2 26
14 3 26
14 5 1
14 8 18
14 9 21
14 11 16
14 13 4
15 0 3
15 1 19
15 3 30
15 7 6
15 11 8
15 12 31
15 13 19
16 3 18
16 5 20
16 9 31
16 10 23
16 11 20
17 0 12
17 4 25
17 5 8
17 6 3
17 7 31
17 12 32
17 13 14
17 16 19
18 1 13
18 3 14
18 7 15
18 9 22
18 10 32
18 14 16
18 15 25
19 0 19
19 1 6
19 4 19
19 5 6
19 7 17
19 10 26
19 11 8
19 12 5
19 13 30
19 14 31
19 16 11
19 17 9
20 1 1
20 5 30
20 6 3
20 7 25
20 11 9
20 13 2
20 15 29
20 16 11
20 18 15
21 0 13
21 1 16
21 2 21
21 6 3
21 7 26
21 9 1
21 10 20
21 13 20
21 16 4
21 17 5
22 0 1
22 1 22
22 2 10
22 3 31
22 8 23
22 12 1
22 13 32
22 15 28
22 16 12
22 17 29
22 20 6
22 21 3
