33
1 0 1
2 0 13
4 1 11
4 3 15
5 0 13
5 3 1
5 4 2
6 0 14
6 1 16
6 2 14
6 4 3
6 5 13
7 0 14
7 1 18
7 3 5
7 4 7
7 6 7
8 0 5
8 4 10
8 5 3
8 6 12
8 7 14
9 0 13
9 2 8
9 3 16
9 5 6
9 6 6
9 8 15
10 4 11
10 5 10
10 7 10
11 0 10
11 2 10
11 3 14
11 4 9
11 5 9
11 6 7
11 7 6
12 0 6
12 2 13
12 3 10
12 4 18
12 5 1
12 7 17
12 8 12
12 9 6
12 10 11
13 2 9
13 4 7
13 8 12
13 12 14
14 2 6
14 5 9
14 6 11
14 10 10
14 13 3
15 1 1
15 2 14
15 3 11
15 4 13
15 6 4
15 11 4
15 13 3
15 14 14
16 0 17
16 1 3
16 3 8
16 8 16
16 9 11
16 10 13
16 13 11
17 2 1
17 5 1
17 6 14
17 8 12
17 10 14
17 12 17
17 13 5
18 0 15
18 1 18
18 4 7
18 5 12
18 6 6
18 7 5
18 9 2
18 10 8
18 11 9
18 12 14
18 13 18
18 17 10
19 2 3
19 4 9
19 6 18
19 10 2
19 11 12
19 12 12
19 15 6
19 16 8
19 17 18
19 18 16
20 0 13
20 1 17
20 2 10
20 3 1
20 5 1
20 6 18
20 7 1
20 14 9
20 17 10
21 0 6
21 2 9
21 3 13
21 4 14
21 6 2
21 7 10
21 13 5
21 15 14
21 16 3
21 17 14
21 19 12
22 1 14
22 3 9
22 5 3
22 7 18
22 8 14
22 10 11
22 11 15
22 12 7
22 14 13
22 15 3
22 16 3
22 17 5
22 19 12
22 21 3
23 1 1
23 5 13
23 6 13
23 7 11
23 9 13
23 11 13
23 12 6
23 14 14
23 16 16
23 20 18
23 21 6
24 0 15
24 3 7
24 6 17
24 7 16
24 8 18
24 9 16
24 12 18
24 13 14
24 14 7
24 16 10
24 18 8
24 19 13
24 21 9
24 22 14
24 23 5
25 1 8
25 3 16
25 4 13
25 5 16
25 9 5
25 10 17
25 11 16
25 12 7
25 13 5
25 16 7
25 19 17
25 24 6
26 4 4
26 9 16
26 12 17
26 14 15
26 18 18
26 19 13
26 20 11
26 21 4
27 0 4
27 3 7
27 6 6
27 8 10
27 9 15
27 10 13
27 12 15
27 13 15
27 14 15
27 17 15
27 22 9
27 24 5
27 26 7
28 1 3
28 2 6
28 3 17
28 4 15
28 7 18
28 8 17
28 9 8
28 10 5
28 11 17
28 15 8
28 16 7
28 23 9
28 25 12
29 7 6
29 8 16
29 9 1
29 12 10
29 14 18
29 15 2
29 20 4
29 21 11
29 22 7
29 23 1
29 24 8
29 27 4
29 28 5
30 2 10
30 4 18
30 15 7
30 16 1
30 19 6
30 20 3
30 22 1
30 23 14
30 25 18
30 28 15
31 3 12
31 5 12
31 6 11
31 8 18
31 10 18
31 11 9
31 12 6
31 13 7
31 14 1
31 18 12
31 19 2
31 21 7
31 22 17
31 23 2
31 29 18
31 30 7
32 1 5
32 2 15
32 3 1
32 6 6
32 7 10
32 8 3
32 10 11
32 11 17
32 13 18
32 14 10
32 16 4
32 23 1
32 26 1
32 27 11
32 28 9
32 29 3
32 30 18
32 31 4
