15
1 0 3
2 0 45
2 1 48
3 0 24
3 1 2
3 2 7
4 0 6
4 1 62
4 2 50
4 3 63
5 0 56
5 1 24
5 2 33
5 3 38
5 4 28
6 0 23
6 1 54
6 2 52
6 3 22
6 4 8
6 5 40
7 0 2
7 1 4
7 2 48
7 3 28
7 4 40
7 5 44
7 6 10
8 0 43
8 1 49
8 2 1
8 3 2
8 4 25
8 5 47
8 6 14
8 7 27
9 0 42
9 1 47
9 2 8
9 3 11
9 4 63
9 5 37
9 6 30
9 7 54
9 8 58
10 0 58
10 1 51
10 2 28
10 3 8
10 4 17
10 5 62
10 6 43
10 7 23
10 8 20
10 9 13
11 0 39
11 1 20
11 2 37
11 3 25
11 4 13
11 5 60
11 6 59
11 7 61
11 8 45
11 9 9
11 10 24
12 0 37
12 1 17
12 2 39
12 3 3
12 4 19
12 5 57
12 6 28
12 7 32
12 8 17
12 9 63
12 10 32
12 11 31
13 0 52
13 1 50
13 2 63
13 3 1
13 4 40
13 5 29
13 6 39
13 7 18
13 8 31
13 9 58
13 10 62
13 11 57
13 12 26
14 0 31
14 1 44
14 2 19
14 3 33
14 4 45
14 5 52
14 6 16
14 7 59
14 8 26
14 9 48
14 10 17
14 11 16
14 12 32
14 13 57
