26
1 0 45
2 1 32
3 1 45
3 2 39
4 1 19
4 2 11
5 4 47
6 1 28
6 3 4
6 4 7
6 5 40
7 1 21
7 5 7
8 0 33
8 1 33
8 2 6
8 3 27
8 7 18
9 0 20
9 2 39
9 3 22
9 6 21
9 7 44
10 1 12
10 2 22
10 3 25
10 8 29
11 3 48
11 6 48
11 7 17
12 0 20
12 3 19
12 4 4
12 8 38
12 9 24
12 10 31
13 0 6
13 1 37
13 3 31
13 10 5
13 11 10
13 12 20
14 0 34
14 1 7
14 2 6
14 3 35
14 5 22
14 7 5
14 9 8
14 10 47
14 12 25
15 0 22
15 3 10
15 4 1
15 7 30
15 12 21
15 13 46
15 14 4
16 0 33
16 4 1
16 5 32
16 6 13
16 7 6
16 9 44
16 10 9
16 13 41
16 14 4
17 0 14
17 2 10
17 3 4
17 6 23
17 7 30
17 9 17
17 12 4
17 13 23
17 14 36
17 15 38
17 16 45
18 1 42
18 2 9
18 4 43
18 8 34
18 10 24
18 13 4
18 15 5
19 0 29
19 2 46
19 3 11
19 5 35
19 8 8
19 10 41
19 12 37
19 15 36
19 17 32
20 0 11
20 1 11
20 2 4
20 5 32
20 6 36
20 7 4
20 8 11
20 9 43
20 10 45
20 11 46
20 15 30
20 16 31
21 1 21
21 2 11
21 4 16
21 9 22
21 10 22
21 11 39
21 12 4
21 16 17
21 18 22
21 19 36
21 20 46
22 0 42
22 2 15
22 6 8
22 8 28
22 10 7
22 12 36
22 14 11
22 17 2
22 18 26
23 0 32
23 1 28
23 2 31
23 3 10
23 4 29
23 6 28
23 7 27
23 10 10
23 11 21
23 12 13
23 18 34
23 19 48
23 22 5
24 0 42
24 1 8
24 2 21
24 4 18
24 5 19
24 6 1
24 8 22
24 10 7
24 11 38
24 13 34
24 14 20
24 18 31
25 2 33
25 4 20
25 5 31
25 7 40
25 9 14
25 10 1
25 11 41
25 12 27
25 13 16
25 14 4
25 15 30
25 17 11
25 18 11
25 20 9
25 22 37
