33
1 0 5
2 0 26
2 1 30
3 0 16
3 1 22
3 2 28
4 0 3
4 1 8
4 2 19
4 3 6
5 0 10
5 1 28
5 2 31
5 3 5
5 4 23
6 0 22
6 1 31
6 2 20
6 3 3
6 4 31
6 5 1
7 0 4
7 1 9
7 2 5
7 3 23
7 4 29
7 5 9
7 6 13
8 0 26
8 1 21
8 2 8
8 3 7
8 4 13
8 5 7
8 6 23
8 7 7
9 0 3
9 1 28
9 2 9
9 3 12
9 4 9
9 5 10
9 6 1
9 7 22
9 8 8
10 0 11
10 1 1
10 2 16
10 3 4
10 4 14
10 5 17
10 6 3
10 7 12
10 8 13
10 9 29
11 0 19
11 1 5
11 2 1
11 3 26
11 4 5
11 5 3
11 6 16
11 7 1
11 8 17
11 9 8
11 10 18
12 0 10
12 1 9
12 2 3
12 3 6
12 4 21
12 5 21
12 6 27
12 7 30
12 8 1
12 9 27
12 10 1
12 11 10
13 0 18
13 1 27
13 2 22
13 3 26
13 4 25
13 5 2
13 6 17
13 7 30
13 8 9
13 9 9
13 10 26
13 11 3
13 12 22
14 0 19
14 1 2
14 2 18
14 3 10
14 4 17
14 5 18
14 6 23
14 7 17
14 8 13
14 9 18
14 10 24
14 11 26
14 12 15
14 13 28
15 0 22
15 1 28
15 2 29
15 3 2
15 4 6
15 5 15
15 6 15
15 7 21
15 8 6
15 9 5
15 10 12
15 11 9
15 12 12
15 13 6
15 14 20
16 0 7
16 1 24
16 2 29
16 3 25
16 4 22
16 5 17
16 6 2
16 7 30
16 8 21
16 9 4
16 10 25
16 11 23
16 12 3
16 13 1
16 14 7
16 15 19
17 0 5
17 1 22
17 2 30
17 3 6
17 4 13
17 5 7
17 6 20
17 7 13
17 8 5
17 9 16
17 10 25
17 11 23
17 12 29
17 13 31
17 14 29
17 15 8
17 16 27
18 0 10
18 1 25
18 2 4
18 3 30
18 4 7
18 5 8
18 6 16
18 7 2
18 8 2
18 9 22
18 10 7
18 11 24
18 12 4
18 13 4
18 14 24
18 15 18
18 16 1
18 17 2
19 0 30
19 1 29
19 2 29
19 3 13
19 4 11
19 5 12
19 6 27
19 7 17
19 8 3
19 9 9
19 10 29
19 11 30
19 12 3
19 13 15
19 14 6
19 15 12
19 16 23
19 17 21
19 18 28
20 0 22
20 1 4
20 2 3
20 3 26
20 4 3
20 5 24
20 6 29
20 7 10
20 8 11
20 9 19
20 10 27
20 11 30
20 12 7
20 13 1
20 14 11
20 15 14
20 16 10
20 17 26
20 18 11
20 19 18
21 0 24
21 1 6
21 2 7
21 3 15
21 4 21
21 5 30
21 6 11
21 7 3
21 8 14
21 9 25
21 10 9
21 11 21
21 12 30
21 13 10
21 14 27
21 15 10
21 16 16
21 17 23
21 18 1
21 19 3
21 20 1
22 0 8
22 1 16
22 2 8
22 3 19
22 4 24
22 5 24
22 6 24
22 7 31
22 8 18
22 9 22
22 10 15
22 11 1
22 12 24
22 13 20
22 14 15
22 15 6
22 16 18
22 17 16
22 18 12
22 19 5
22 20 25
22 21 20
23 0 17
23 1 28
23 2 12
23 3 1
23 4 31
23 5 7
23 6 1
23 7 12
23 8 17
23 9 13
23 10 14
23 11 12
23 12 14
23 13 5
23 14 17
23 15 21
23 16 4
23 17 26
23 18 27
23 19 14
23 20 8
23 21 29
23 22 22
24 0 5
24 1 13
24 2 2
24 3 30
24 4 6
24 5 9
24 6 31
24 7 21
24 8 23
24 9 29
24 10 20
24 11 25
24 12 13
24 13 8
24 14 28
24 15 13
24 16 25
24 17 22
24 18 21
24 19 25
24 20 18
24 21 1
24 22 15
24 23 27
25 0 18
25 1 3
25 2 26
25 3 20
25 4 25
25 5 22
25 6 29
25 7 17
25 8 28
25 9 26
25 10 7
25 11 23
25 12 23
25 13 8
25 14 10
25 15 11
25 16 17
25 17 24
25 18 8
25 19 11
25 20 31
25 21 25
25 22 13
25 23 28
25 24 21
26 0 22
26 1 20
26 2 7
26 3 8
26 4 28
26 5 18
26 6 23
26 7 26
26 8 2
26 9 12
26 10 28
26 11 28
26 12 30
26 13 1
26 14 16
26 15 11
26 16 18
26 17 19
26 18 11
26 19 16
26 20 4
26 21 14
26 22 26
26 23 25
26 24 28
26 25 18
27 0 16
27 1 17
27 2 28
27 3 20
27 4 27
27 5 15
27 6 5
27 7 18
27 8 2
27 9 8
27 10 16
27 11 17
27 12 31
27 13 16
27 14 12
27 15 30
27 16 28
27 17 19
27 18 29
27 19 19
27 20 1
27 21 29
27 22 2
27 23 1
27 24 12
27 25 13
27 26 16
28 0 3
28 1 16
28 2 24
28 3 9
28 4 1
28 5 23
28 6 15
28 7 18
28 8 5
28 9 15
28 10 21
28 11 11
28 12 1
28 13 12
28 14 2
28 15 6
28 16 18
28 17 14
28 18 1
28 19 23
28 20 2
28 21 18
28 22 10
28 23 11
28 24 6
28 25 26
28 26 3
28 27 17
29 0 29
29 1 26
29 2 27
29 3 3
29 4 14
29 5 16
29 6 30
29 7 11
29 8 9
29 9 22
29 10 19
29 11 29
29 12 5
29 13 30
29 14 15
29 15 19
29 16 16
29 17 13
29 18 16
29 19 15
29 20 15
29 21 11
29 22 30
29 23 11
29 24 25
29 25 21
29 26 22
29 27 9
29 28 10
30 0 11
30 1 26
30 2 14
30 3 4
30 4 10
30 5 17
30 6 24
30 7 24
30 8 29
30 9 1
30 10 7
30 11 6
30 12 18
30 13 29
30 14 14
30 15 4
30 16 23
30 17 21
30 18 16
30 19 11
30 20 21
30 21 16
30 22 9
30 23 20
30 24 14
30 25 29
30 26 10
30 27 28
30 28 3
30 29 17
31 0 8
31 1 4
31 2 29
31 3 17
31 4 20
31 5 21
31 6 18
31 7 4
31 8 3
31 9 8
31 10 4
31 11 16
31 12 31
31 13 13
31 14 10
31 15 12
31 16 11
31 17 21
31 18 27
31 19 9
31 20 8
31 21 16
31 22 7
31 23 29
31 24 10
31 25 25
31 26 16
31 27 10
31 28 26
31 29 7
31 30 6
32 0 12
32 1 18
32 2 10
32 3 4
32 4 28
32 5 21
32 6 18
32 7 13
32 8 3
32 9 14
32 10 24
32 11 30
32 12 16
32 13 3
32 14 11
32 15 30
32 16 21
32 17 20
32 18 8
32 19 9
32 20 15
32 21 25
32 22 8
32 23 4
32 24 11
32 25 7
32 26 21
32 27 11
32 28 31
32 29 18
32 30 26
32 31 2
