34
1 0 5
2 0 4
2 1 2
3 0 4
3 1 2
3 2 3
4 0 1
4 1 1
4 2 2
4 3 1
5 0 1
5 1 5
5 2 4
5 3 3
5 4 3
6 0 2
6 1 2
6 2 6
6 3 3
6 4 6
6 5 3
7 0 5
7 1 2
7 2 5
7 3 1
7 4 4
7 5 3
7 6 5
8 0 4
8 1 4
8 2 3
8 3 4
8 4 1
8 5 5
8 6 4
8 7 6
9 0 5
9 1 1
9 2 6
9 3 6
9 4 4
9 5 3
9 6 5
9 7 6
9 8 5
10 0 6
10 1 2
10 2 3
10 3 5
10 4 1
10 5 3
10 6 3
10 7 5
10 8 1
10 9 4
11 0 1
11 1 4
11 2 2
11 3 3
11 4 5
11 5 3
11 6 5
11 7 5
11 8 3
11 9 6
11 10 3
12 0 6
12 1 1
12 2 5
12 3 4
12 4 5
12 5 4
12 6 6
12 7 5
12 8 4
12 9 6
12 10 2
12 11 1
13 0 5
13 1 3
13 2 1
13 3 2
13 4 6
13 5 2
13 6 2
13 7 3
13 8 4
13 9 4
13 10 6
13 11 3
13 12 5
14 0 2
14 1 4
14 2 5
14 3 2
14 4 2
14 5 6
14 6 2
14 7 4
14 8 6
14 9 2
14 10 2
14 11 4
14 12 1
14 13 3
15 0 5
15 1 5
15 2 1
15 3 2
15 4 5
15 5 6
15 6 2
15 7 1
15 8 2
15 9 1
15 10 6
15 11 5
15 12 5
15 13 2
15 14 6
16 0 4
16 1 1
16 2 4
16 3 2
16 4 1
16 5 4
16 6 4
16 7 3
16 8 2
16 9 1
16 10 1
16 11 2
16 12 1
16 13 4
16 14 3
16 15 6
17 0 4
17 1 6
17 2 5
17 3 1
17 4 6
17 5 3
17 6 2
17 7 4
17 8 5
17 9 4
17 10 1
17 11 5
17 12 2
17 13 3
17 14 3
17 15 5
17 16 6
18 0 3
18 1 2
18 2 2
18 3 1
18 4 5
18 5 4
18 6 5
18 7 6
18 8 6
18 9 3
18 10 4
18 11 2
18 12 1
18 13 2
18 14 6
18 15 6
18 16 4
18 17 3
19 0 1
19 1 6
19 2 1
19 3 5
19 4 4
19 5 5
19 6 3
19 7 4
19 8 4
19 9 2
19 10 2
19 11 3
19 12 6
19 13 5
19 14 4
19 15 3
19 16 4
19 17 2
19 18 6
20 0 3
20 1 1
20 2 3
20 3 1
20 4 6
20 5 6
20 6 2
20 7 3
20 8 4
20 9 1
20 10 1
20 11 2
20 12 3
20 13 1
20 14 4
20 15 1
20 16 1
20 17 3
20 18 2
20 19 4
21 0 5
21 1 4
21 2 5
21 3 5
21 4 6
21 5 1
21 6 5
21 7 3
21 8 2
21 9 5
21 10 4
21 11 6
21 12 1
21 13 5
21 14 5
21 15 6
21 16 5
21 17 6
21 18 5
21 19 3
21 20 1
22 0 4
22 1 6
22 2 4
22 3 5
22 4 2
22 5 2
22 6 5
22 7 4
22 8 2
22 9 4
22 10 1
22 11 4
22 12 1
22 13 5
22 14 6
22 15 3
22 16 6
22 17 4
22 18 3
22 19 2
22 20 1
22 21 5
23 0 1
23 1 5
23 2 6
23 3 5
23 4 6
23 5 5
23 6 6
23 7 3
23 8 5
23 9 3
23 10 6
23 11 3
23 12 2
23 13 6
23 14 2
23 15 5
23 16 4
23 17 6
23 18 3
23 19 1
23 20 1
23 21 3
23 22 4
24 0 3
24 1 1
24 2 2
24 3 6
24 4 3
24 5 5
24 6 6
24 7 6
24 8 3
24 9 2
24 10 5
24 11 6
24 12 6
24 13 2
24 14 1
24 15 1
24 16 3
24 17 4
24 18 3
24 19 5
24 20 3
24 21 3
24 22 6
24 23 5
25 0 4
25 1 6
25 2 4
25 3 3
25 4 5
25 5 6
25 6 4
25 7 6
25 8 3
25 9 5
25 10 2
25 11 6
25 12 2
25 13 3
25 14 4
25 15 2
25 16 6
25 17 5
25 18 2
25 19 4
25 20 1
25 21 1
25 22 4
25 23 6
25 24 6
26 0 1
26 1 3
26 2 3
26 3 6
26 4 6
26 5 5
26 6 4
26 7 4
26 8 3
26 9 5
26 10 2
26 11 4
26 12 4
26 13 2
26 14 5
26 15 3
26 16 5
26 17 6
26 18 1
26 19 1
26 20 1
26 21 4
26 22 3
26 23 5
26 24 2
26 25 6
27 0 3
27 1 4
27 2 1
27 3 1
27 4 4
27 5 4
27 6 1
27 7 4
27 8 3
27 9 3
27 10 4
27 11 5
27 12 5
27 13 2
27 14 4
27 15 5
27 16 5
27 17 4
27 18 4
27 19 1
27 20 3
27 21 2
27 22 3
27 23 4
27 24 1
27 25 1
27 26 6
28 0 4
28 1 2
28 2 1
28 3 1
28 4 1
28 5 2
28 6 5
28 7 6
28 8 5
28 9 1
28 10 5
28 11 1
28 12 6
28 13 5
28 14 5
28 15 6
28 16 6
28 17 3
28 18 3
28 19 5
28 20 6
28 21 3
28 22 5
28 23 2
28 24 3
28 25 3
28 26 6
28 27 2
29 0 6
29 1 1
29 2 5
29 3 5
29 4 4
29 5 5
29 6 6
29 7 5
29 8 1
29 9 3
29 10 6
29 11 1
29 12 6
29 13 5
29 14 4
29 15 1
29 16 3
29 17 3
29 18 3
29 19 1
29 20 1
29 21 5
29 22 5
29 23 4
29 24 5
29 25 4
29 26 4
29 27 5
29 28 5
30 0 6
30 1 6
30 2 5
30 3 1
30 4 2
30 5 1
30 6 3
30 7 1
30 8 5
30 9 2
30 10 3
30 11 5
30 12 3
30 13 4
30 14 6
30 15 3
30 16 4
30 17 5
30 18 2
30 19 2
30 20 2
30 21 4
30 22 2
30 23 3
30 24 1
30 25 1
30 26 6
30 27 4
30 28 6
30 29 6
31 0 5
31 1 4
31 2 5
31 3 2
31 4 4
31 5 5
31 6 6
31 7 3
31 8 6
31 9 3
31 10 4
31 11 5
31 12 1
31 13 4
31 14 5
31 15 2
31 16 5
31 17 4
31 18 1
31 19 5
31 20 1
31 21 4
31 22 4
31 23 4
31 24 5
31 25 6
31 26 1
31 27 6
31 28 6
31 29 5
31 30 1
32 0 1
32 1 3
32 2 4
32 3 4
32 4 1
32 5 4
32 6 6
32 7 5
32 8 2
32 9 6
32 10 4
32 11 6
32 12 6
32 13 1
32 14 6
32 15 4
32 16 1
32 17 1
32 18 4
32 19 3
32 20 4
32 21 1
32 22 5
32 23 5
32 24 5
32 25 2
32 26 1
32 27 2
32 28 6
32 29 1
32 30 6
32 31 2
33 0 2
33 1 1
33 2 1
33 3 3
33 4 4
33 5 5
33 6 1
33 7 4
33 8 6
33 9 3
33 10 3
33 11 2
33 12 1
33 13 3
33 14 4
33 15 2
33 16 5
33 17 4
33 18 3
33 19 3
33 20 6
33 21 1
33 22 5
33 23 2
33 24 4
33 25 4
33 26 1
33 27 2
33 28 2
33 29 1
33 30 3
33 31 3
33 32 4
