38
1 0 30
2 0 37
2 1 14
3 0 30
3 1 37
3 2 23
4 0 24
4 1 14
4 2 34
4 3 24
5 0 32
5 1 6
5 2 34
5 3 36
5 4 21
6 0 21
6 1 19
6 2 6
6 3 19
6 4 17
6 5 15
7 0 12
7 1 30
7 2 21
7 3 33
7 4 18
7 5 29
7 6 16
8 0 23
8 1 31
8 2 4
8 3 25
8 4 12
8 5 27
8 6 3
8 7 21
9 0 8
9 1 27
9 2 9
9 3 10
9 4 1
9 5 28
9 6 28
9 7 33
9 8 24
10 0 9
10 1 12
10 2 21
10 3 15
10 4 29
10 5 2
10 6 34
10 7 33
10 8 29
10 9 14
11 0 30
11 1 34
11 2 2
11 3 10
11 4 2
11 5 19
11 6 15
11 7 19
11 8 32
11 9 23
11 10 18
12 0 37
12 1 26
12 2 23
12 3 23
12 4 4
12 5 6
12 6 30
12 7 21
12 8 22
12 9 37
12 10 21
12 11 26
13 0 28
13 1 12
13 2 25
13 3 4
13 4 22
13 5 22
13 6 16
13 7 31
13 8 12
13 9 37
13 10 34
13 11 11
13 12 19
14 0 19
14 1 4
14 2 7
14 3 20
14 4 10
14 5 13
14 6 22
14 7 16
14 8 14
14 9 17
14 10 30
14 11 32
14 12 14
14 13 25
15 0 29
15 1 7
15 2 26
15 3 32
15 4 5
15 5 30
15 6 3
15 7 37
15 8 6
15 9 4
15 10 19
15 11 27
15 12 22
15 13 22
15 14 12
16 0 20
16 1 25
16 2 16
16 3 34
16 4 26
16 5 30
16 6 8
16 7 11
16 8 11
16 9 8
16 10 18
16 11 5
16 12 27
16 13 30
16 14 29
16 15 1
17 0 27
17 1 33
17 2 4
17 3 23
17 4 23
17 5 28
17 6 20
17 7 18
17 8 13
17 9 18
17 10 9
17 11 10
17 12 26
17 13 33
17 14 28
17 15 34
17 16 18
18 0 32
18 1 27
18 2 35
18 3 33
18 4 34
18 5 20
18 6 31
18 7 33
18 8 19
18 9 30
18 10 8
18 11 32
18 12 20
18 13 24
18 14 11
18 15 18
18 16 4
18 17 18
19 0 4
19 1 23
19 2 16
19 3 32
19 4 28
19 5 34
19 6 9
19 7 9
19 8 11
19 9 3
19 10 18
19 11 25
19 12 4
19 13 14
19 14 2
19 15 16
19 16 10
19 17 13
19 18 15
20 0 13
20 1 24
20 2 10
20 3 1
20 4 21
20 5 29
20 6 25
20 7 19
20 8 15
20 9 31
20 10 30
20 11 35
20 12 31
20 13 22
20 14 5
20 15 1
20 16 16
20 17 5
20 18 31
20 19 25
21 0 19
21 1 5
21 2 14
21 3 19
21 4 14
21 5 30
21 6 18
21 7 10
21 8 34
21 9 24
21 10 24
21 11 31
21 12 1
21 13 17
21 14 29
21 15 35
21 16 2
21 17 12
21 18 35
21 19 7
21 20 2
22 0 30
22 1 21
22 2 9
22 3 27
22 4 30
22 5 27
22 6 20
22 7 14
22 8 3
22 9 1
22 10 8
22 11 23
22 12 25
22 13 18
22 14 21
22 15 31
22 16 25
22 17 17
22 18 23
22 19 18
22 20 11
22 21 1
23 0 24
23 1 13
23 2 18
23 3 37
23 4 12
23 5 17
23 6 27
23 7 16
23 8 7
23 9 17
23 10 15
23 11 17
23 12 25
23 13 27
23 14 2
23 15 36
23 16 23
23 17 1
23 18 18
23 19 31
23 20 32
23 21 37
23 22 18
24 0 21
24 1 6
24 2 24
24 3 15
24 4 7
24 5 22
24 6 10
24 7 7
24 8 3
24 9 13
24 10 9
24 11 18
24 12 14
24 13 18
24 14 30
24 15 29
24 16 15
24 17 25
24 18 36
24 19 36
24 20 29
24 21 33
24 22 37
24 23 18
25 0 10
25 1 23
25 2 29
25 3 4
25 4 36
25 5 20
25 6 22
25 7 3
25 8 29
25 9 31
25 10 35
25 11 4
25 12 23
25 13 11
25 14 1
25 15 11
25 16 27
25 17 37
25 18 18
25 19 6
25 20 2
25 21 4
25 22 22
25 23 12
25 24 24
26 0 19
26 1 15
26 2 15
26 3 8
26 4 30
26 5 7
26 6 18
26 7 25
26 8 36
26 9 31
26 10 26
26 11 8
26 12 4
26 13 34
26 14 7
26 15 5
26 16 23
26 17 4
26 18 18
26 19 14
26 20 31
26 21 28
26 22 34
26 23 30
26 24 11
26 25 23
27 0 17
27 1 22
27 2 27
27 3 22
27 4 20
27 5 1
27 6 22
27 7 25
27 8 13
27 9 22
27 10 34
27 11 9
27 12 31
27 13 21
27 14 20
27 15 37
27 16 16
27 17 9
27 18 37
27 19 20
27 20 2
27 21 7
27 22 6
27 23 21
27 24 8
27 25 26
27 26 16
28 0 26
28 1 32
28 2 36
28 3 36
28 4 26
28 5 29
28 6 35
28 7 32
28 8 28
28 9 10
28 10 18
28 11 7
28 12 23
28 13 18
28 14 27
28 15 23
28 16 3
28 17 36
28 18 20
28 19 26
28 20 17
28 21 1
28 22 11
28 23 8
28 24 2
28 25 26
28 26 33
28 27 3
29 0 19
29 1 3
29 2 6
29 3 34
29 4 36
29 5 32
29 6 17
29 7 1
29 8 35
29 9 12
29 10 34
29 11 14
29 12 29
29 13 12
29 14 26
29 15 4
29 16 29
29 17 32
29 18 6
29 19 16
29 20 17
29 21 17
29 22 5
29 23 34
29 24 20
29 25 6
29 26 3
29 27 28
29 28 32
30 0 9
30 1 10
30 2 9
30 3 31
30 4 16
30 5 16
30 6 30
30 7 13
30 8 28
30 9 30
30 10 1
30 11 27
30 12 11
30 13 11
30 14 26
30 15 4
30 16 25
30 17 30
30 18 3
30 19 11
30 20 5
30 21 35
30 22 9
30 23 25
30 24 37
30 25 22
30 26 26
30 27 19
30 28 27
30 29 19
31 0 30
31 1 30
31 2 4
31 3 15
31 4 2
31 5 26
31 6 11
31 7 5
31 8 27
31 9 8
31 10 31
31 11 26
31 12 14
31 13 8
31 14 9
31 15 13
31 16 7
31 17 19
31 18 29
31 19 15
31 20 37
31 21 15
31 22 31
31 23 13
31 24 25
31 25 18
31 26 36
31 27 28
31 28 6
31 29 14
31 30 37
32 0 20
32 1 6
32 2 4
32 3 14
32 4 37
32 5 27
32 6 20
32 7 32
32 8 19
32 9 23
32 10 2
32 11 37
32 12 26
32 13 24
32 14 5
32 15 13
32 16 29
32 17 11
32 18 3
32 19 34
32 20 2
32 21 7
32 22 20
32 23 28
32 24 32
32 25 13
32 26 28
32 27 19
32 28 23
32 29 3
32 30 22
32 31 2
33 0 29
33 1 13
33 2 3
33 3 1
33 4 8
33 5 20
33 6 25
33 7 18
33 8 11
33 9 3
33 10 19
33 11 10
33 12 3
33 13 27
33 14 25
33 15 24
33 16 17
33 17 35
33 18 30
33 19 13
33 20 10
33 21 26
33 22 35
33 23 2
33 24 25
33 25 4
33 26 9
33 27 35
33 28 16
33 29 15
33 30 36
33 31 2
33 32 18
34 0 1
34 1 34
34 2 10
34 3 23
34 4 4
34 5 6
34 6 9
34 7 18
34 8 20
34 9 1
34 10 30
34 11 22
34 12 12
34 13 6
34 14 16
34 15 5
34 16 31
34 17 18
34 18 28
34 19 8
34 20 23
34 21 16
34 22 26
34 23 27
34 24 14
34 25 19
34 26 35
34 27 5
34 28 10
34 29 13
34 30 14
34 31 7
34 32 5
34 33 16
35 0 27
35 1 25
35 2 28
35 3 21
35 4 3
35 5 3
35 6 26
35 7 23
35 8 15
35 9 9
35 10 35
35 11 33
35 12 12
35 13 12
35 14 21
35 15 17
35 16 14
35 17 19
35 18 10
35 19 9
35 20 24
35 21 11
35 22 14
35 23 20
35 24 34
35 25 15
35 26 20
35 27 14
35 28 3
35 29 21
35 30 12
35 31 35
35 32 32
35 33 30
35 34 27
36 0 29
36 1 1
36 2 33
36 3 25
36 4 28
36 5 23
36 6 37
36 7 19
36 8 33
36 9 29
36 10 2
36 11 4
36 12 15
36 13 12
36 14 37
36 15 23
36 16 29
36 17 7
36 18 35
36 19 17
36 20 23
36 21 8
36 22 12
36 23 33
36 24 15
36 25 2
36 26 6
36 27 7
36 28 35
36 29 3
36 30 36
36 31 17
36 32 25
36 33 25
36 34 12
36 35 12
37 0 36
37 1 6
37 2 27
37 3 14
37 4 25
37 5 10
37 6 24
37 7 36
37 8 5
37 9 36
37 10 18
37 11 15
37 12 19
37 13 7
37 14 4
37 15 12
37 16 4
37 17 16
37 18 6
37 19 8
37 20 4
37 21 12
37 22 8
37 23 18
37 24 36
37 25 6
37 26 22
37 27 32
37 28 4
37 29 10
37 30 5
37 31 20
37 32 32
37 33 4
37 34 31
37 35 28
37 36 4
