68
1 0 2
2 0 2
2 1 6
3 0 12
3 1 5
3 2 5
4 0 7
4 1 11
4 2 13
4 3 12
5 0 11
5 1 10
5 2 2
5 3 13
5 4 1
6 0 8
6 1 5
6 2 13
6 3 11
6 4 3
6 5 2
7 0 6
7 1 6
7 2 2
7 3 13
7 4 3
7 5 9
7 6 1
8 0 8
8 1 12
8 2 4
8 3 9
8 4 11
8 5 8
8 6 9
8 7 2
9 0 12
9 1 13
9 2 5
9 3 13
9 4 9
9 5 1
9 6 6
9 7 1
9 8 3
10 0 1
10 1 5
10 2 6
10 3 3
10 4 1
10 5 6
10 6 13
10 7 3
10 8 11
10 9 8
11 0 2
11 1 12
11 2 13
11 3 8
11 4 4
11 5 1
11 6 7
11 7 4
11 8 7
11 9 13
11 10 10
12 0 6
12 1 11
12 2 13
12 3 5
12 4 6
12 5 2
12 6 7
12 7 13
12 8 10
12 9 4
12 10 3
12 11 10
13 0 8
13 1 13
13 2 12
13 3 5
13 4 7
13 5 4
13 6 9
13 7 11
13 8 8
13 9 7
13 10 7
13 11 5
13 12 3
14 0 7
14 1 3
14 2 4
14 3 3
14 4 9
14 5 1
14 6 1
14 7 4
14 8 8
14 9 11
14 10 6
14 11 7
14 12 9
14 13 3
15 0 2
15 1 13
15 2 6
15 3 1
15 4 8
15 5 10
15 6 3
15 7 7
15 8 5
15 9 9
15 10 9
15 11 6
15 12 4
15 13 3
15 14 3
16 0 3
16 1 4
16 2 9
16 3 2
16 4 9
16 5 9
16 6 9
16 7 5
16 8 12
16 9 8
16 10 4
16 11 1
16 12 2
16 13 5
16 14 4
16 15 2
17 0 1
17 1 11
17 2 12
17 3 7
17 4 7
17 5 4
17 6 13
17 7 6
17 8 9
17 9 12
17 10 10
17 11 3
17 12 7
17 13 5
17 14 5
17 15 3
17 16 10
18 0 7
18 1 11
18 2 9
18 3 12
18 4 2
18 5 13
18 6 11
18 7 6
18 8 1
18 9 9
18 10 10
18 11 12
18 12 6
18 13 1
18 14 2
18 15 8
18 16 5
18 17 11
19 0 9
19 1 13
19 2 6
19 3 13
19 4 3
19 5 1
19 6 3
19 7 3
19 8 13
19 9 13
19 10 10
19 11 7
19 12 6
19 13 8
19 14 10
19 15 12
19 16 5
19 17 3
19 18 10
20 0 8
20 1 8
20 2 1
20 3 2
20 4 8
20 5 10
20 6 13
20 7 7
20 8 8
20 9 12
20 10 7
20 11 6
20 12 8
20 13 6
20 14 1
20 15 1
20 16 9
20 17 11
20 18 2
20 19 4
21 0 4
21 1 12
21 2 2
21 3 11
21 4 12
21 5 1
21 6 13
21 7 9
21 8 13
21 9 13
21 10 2
21 11 1
21 12 13
21 13 5
21 14 10
21 15 13
21 16 12
21 17 13
21 18 1
21 19 9
21 20 5
22 0 1
22 1 12
22 2 12
22 3 1
22 4 13
22 5 3
22 6 9
22 7 4
22 8 2
22 9 8
22 10 9
22 11 13
22 12 5
22 13 9
22 14 13
22 15 3
22 16 10
22 17 1
22 18 1
22 19 1
22 20 3
22 21 13
23 0 10
23 1 13
23 2 9
23 3 4
23 4 6
23 5 5
23 6 3
23 7 9
23 8 13
23 9 9
23 10 1
23 11 3
23 12 6
23 13 11
23 14 10
23 15 5
23 16 5
23 17 4
23 18 13
23 19 6
23 20 2
23 21 5
23 22 11
24 0 1
24 1 4
24 2 5
24 3 7
24 4 13
24 5 4
24 6 2
24 7 9
24 8 13
24 9 12
24 10 11
24 11 7
24 12 2
24 13 3
24 14 11
24 15 10
24 16 8
24 17 3
24 18 11
24 19 1
24 20 9
24 21 13
24 22 11
24 23 6
25 0 11
25 1 12
25 2 12
25 3 1
25 4 2
25 5 4
25 6 9
25 7 4
25 8 2
25 9 6
25 10 2
25 11 3
25 12 5
25 13 1
25 14 8
25 15 4
25 16 5
25 17 3
25 18 7
25 19 13
25 20 12
25 21 8
25 22 8
25 23 10
25 24 13
26 0 3
26 1 3
26 2 5
26 3 6
26 4 9
26 5 5
26 6 7
26 7 7
26 8 1
26 9 9
26 10 7
26 11 9
26 12 3
26 13 9
26 14 4
26 15 13
26 16 2
26 17 9
26 18 6
26 19 1
26 20 12
26 21 13
26 22 13
26 23 7
26 24 4
26 25 9
27 0 11
27 1 6
27 2 6
27 3 2
27 4 2
27 5 5
27 6 12
27 7 10
27 8 5
27 9 6
27 10 6
27 11 13
27 12 9
27 13 2
27 14 9
27 15 6
27 16 7
27 17 12
27 18 2
27 19 5
27 20 7
27 21 6
27 22 11
27 23 7
27 24 11
27 25 7
27 26 12
28 0 8
28 1 6
28 2 1
28 3 4
28 4 13
28 5 4
28 6 12
28 7 5
28 8 9
28 9 5
28 10 12
28 11 9
28 12 8
28 13 12
28 14 12
28 15 8
28 16 1
28 17 8
28 18 2
28 19 12
28 20 11
28 21 1
28 22 9
28 23 3
28 24 6
28 25 3
28 26 10
28 27 3
29 0 8
29 1 2
29 2 13
29 3 6
29 4 4
29 5 10
29 6 5
29 7 12
29 8 1
29 9 10
29 10 13
29 11 11
29 12 2
29 13 11
29 14 7
29 15 2
29 16 8
29 17 2
29 18 4
29 19 5
29 20 8
29 21 11
29 22 2
29 23 2
29 24 7
29 25 5
29 26 10
29 27 12
29 28 9
30 0 12
30 1 6
30 2 3
30 3 11
30 4 8
30 5 5
30 6 9
30 7 10
30 8 13
30 9 2
30 10 7
30 11 12
30 12 3
30 13 12
30 14 5
30 15 4
30 16 5
30 17 2
30 18 11
30 19 7
30 20 13
30 21 6
30 22 11
30 23 7
30 24 4
30 25 2
30 26 5
30 27 11
30 28 13
30 29 3
31 0 12
31 1 7
31 2 4
31 3 7
31 4 6
31 5 9
31 6 9
31 7 11
31 8 6
31 9 11
31 10 10
31 11 1
31 12 4
31 13 13
31 14 1
31 15 11
31 16 8
31 17 1
31 18 7
31 19 9
31 20 12
31 21 13
31 22 1
31 23 13
31 24 6
31 25 13
31 26 9
31 27 4
31 28 4
31 29 3
31 30 12
32 0 8
32 1 9
32 2 8
32 3 9
32 4 8
32 5 12
32 6 12
32 7 9
32 8 8
32 9 10
32 10 6
32 11 4
32 12 10
32 13 10
32 14 1
32 15 10
32 16 12
32 17 11
32 18 4
32 19 10
32 20 5
32 21 6
32 22 8
32 23 2
32 24 2
32 25 9
32 26 4
32 27 7
32 28 5
32 29 7
32 30 1
32 31 9
33 0 11
33 1 3
33 2 12
33 3 9
33 4 4
33 5 7
33 6 3
33 7 5
33 8 5
33 9 5
33 10 10
33 11 9
33 12 13
33 13 3
33 14 11
33 15 7
33 16 5
33 17 6
33 18 8
33 19 12
33 20 11
33 21 10
33 22 5
33 23 11
33 24 2
33 25 8
33 26 1
33 27 8
33 28 10
33 29 8
33 30 4
33 31 10
33 32 11
34 0 5
34 1 12
34 2 12
34 3 1
34 4 13
34 5 12
34 6 13
34 7 1
34 8 9
34 9 7
34 10 6
34 11 8
34 12 9
34 13 11
34 14 11
34 15 10
34 16 13
34 17 11
34 18 6
34 19 3
34 20 4
34 21 9
34 22 4
34 23 4
34 24 10
34 25 9
34 26 10
34 27 10
34 28 5
34 29 13
34 30 4
34 31 1
34 32 13
34 33 6
35 0 8
35 1 7
35 2 3
35 3 6
35 4 3
35 5 8
35 6 2
35 7 1
35 8 10
35 9 1
35 10 3
35 11 8
35 12 2
35 13 1
35 14 4
35 15 8
35 16 9
35 17 5
35 18 12
35 19 7
35 20 10
35 21 1
35 22 7
35 23 13
35 24 5
35 25 10
35 26 9
35 27 4
35 28 12
35 29 2
35 30 2
35 31 5
35 32 5
35 33 7
35 34 3
36 0 3
36 1 8
36 2 6
36 3 2
36 4 7
36 5 8
36 6 6
36 7 2
36 8 10
36 9 10
36 10 10
36 11 10
36 12 3
36 13 7
36 14 13
36 15 3
36 16 6
36 17 6
36 18 6
36 19 1
36 20 12
36 21 1
36 22 3
36 23 5
36 24 6
36 25 1
36 26 13
36 27 2
36 28 5
36 29 9
36 30 8
36 31 8
36 32 3
36 33 8
36 34 3
36 35 7
37 0 1
37 1 6
37 2 4
37 3 12
37 4 6
37 5 1
37 6 4
37 7 6
37 8 3
37 9 3
37 10 13
37 11 3
37 12 13
37 13 12
37 14 10
37 15 9
37 16 5
37 17 8
37 18 10
37 19 6
37 20 5
37 21 12
37 22 9
37 23 11
37 24 13
37 25 8
37 26 7
37 27 6
37 28 8
37 29 9
37 30 7
37 31 1
37 32 10
37 33 2
37 34 5
37 35 8
37 36 2
38 0 8
38 1 11
38 2 12
38 3 1
38 4 12
38 5 3
38 6 3
38 7 11
38 8 13
38 9 3
38 10 13
38 11 3
38 12 2
38 13 10
38 14 1
38 15 5
38 16 12
38 17 12
38 18 9
38 19 4
38 20 7
38 21 2
38 22 6
38 23 6
38 24 7
38 25 4
38 26 9
38 27 2
38 28 8
38 29 3
38 30 11
38 31 1
38 32 7
38 33 10
38 34 3
38 35 9
38 36 4
38 37 1
39 0 2
39 1 10
39 2 3
39 3 11
39 4 10
39 5 1
39 6 3
39 7 1
39 8 13
39 9 6
39 10 7
39 11 11
39 12 12
39 13 6
39 14 9
39 15 1
39 16 3
39 17 2
39 18 3
39 19 11
39 20 6
39 21 13
39 22 2
39 23 11
39 24 1
39 25 5
39 26 2
39 27 7
39 28 1
39 29 4
39 30 5
39 31 2
39 32 5
39 33 9
39 34 8
39 35 8
39 36 6
39 37 8
39 38 2
40 0 4
40 1 6
40 2 9
40 3 10
40 4 8
40 5 8
40 6 6
40 7 13
40 8 13
40 9 6
40 10 8
40 11 6
40 12 3
40 13 10
40 14 10
40 15 4
40 16 4
40 17 8
40 18 11
40 19 11
40 20 1
40 21 8
40 22 11
40 23 2
40 24 1
40 25 8
40 26 6
40 27 4
40 28 10
40 29 2
40 30 5
40 31 13
40 32 1
40 33 8
40 34 1
40 35 12
40 36 3
40 37 2
40 38 9
40 39 7
41 0 12
41 1 13
41 2 3
41 3 6
41 4 2
41 5 7
41 6 8
41 7 8
41 8 6
41 9 11
41 10 8
41 11 8
41 12 12
41 13 5
41 14 13
41 15 12
41 16 12
41 17 13
41 18 2
41 19 2
41 20 10
41 21 9
41 22 10
41 23 12
41 24 13
41 25 5
41 26 10
41 27 4
41 28 12
41 29 13
41 30 7
41 31 3
41 32 1
41 33 13
41 34 2
41 35 6
41 36 2
41 37 4
41 38 7
41 39 2
41 40 8
42 0 9
42 1 2
42 2 9
42 3 1
42 4 9
42 5 3
42 6 5
42 7 13
42 8 3
42 9 13
42 10 6
42 11 9
42 12 2
42 13 1
42 14 13
42 15 1
42 16 11
42 17 6
42 18 9
42 19 13
42 20 2
42 21 5
42 22 9
42 23 6
42 24 1
42 25 6
42 26 5
42 27 12
42 28 9
42 29 8
42 30 1
42 31 2
42 32 12
42 33 3
42 34 1
42 35 8
42 36 2
42 37 5
42 38 1
42 39 8
42 40 3
42 41 13
43 0 9
43 1 1
43 2 7
43 3 8
43 4 10
43 5 9
43 6 4
43 7 1
43 8 4
43 9 6
43 10 12
43 11 10
43 12 7
43 13 6
43 14 9
43 15 4
43 16 11
43 17 6
43 18 10
43 19 2
43 20 9
43 21 3
43 22 7
43 23 2
43 24 8
43 25 8
43 26 10
43 27 4
43 28 2
43 29 5
43 30 5
43 31 5
43 32 13
43 33 6
43 34 2
43 35 1
43 36 2
43 37 9
43 38 7
43 39 6
43 40 12
43 41 8
43 42 10
44 0 7
44 1 5
44 2 9
44 3 10
44 4 12
44 5 3
44 6 11
44 7 5
44 8 10
44 9 6
44 10 3
44 11 9
44 12 2
44 13 2
44 14 1
44 15 2
44 16 4
44 17 10
44 18 4
44 19 8
44 20 8
44 21 11
44 22 1
44 23 12
44 24 8
44 25 9
44 26 9
44 27 8
44 28 3
44 29 3
44 30 9
44 31 8
44 32 12
44 33 5
44 34 6
44 35 6
44 36 13
44 37 10
44 38 13
44 39 2
44 40 8
44 41 4
44 42 11
44 43 10
45 0 3
45 1 6
45 2 7
45 3 8
45 4 2
45 5 1
45 6 12
45 7 11
45 8 7
45 9 10
45 10 8
45 11 4
45 12 12
45 13 8
45 14 3
45 15 9
45 16 11
45 17 11
45 18 9
45 19 9
45 20 11
45 21 9
45 22 5
45 23 12
45 24 10
45 25 1
45 26 5
45 27 6
45 28 5
45 29 11
45 30 2
45 31 13
45 32 7
45 33 12
45 34 13
45 35 3
45 36 5
45 37 8
45 38 10
45 39 8
45 40 11
45 41 1
45 42 8
45 43 7
45 44 5
46 0 2
46 1 11
46 2 4
46 3 1
46 4 7
46 5 12
46 6 2
46 7 13
46 8 5
46 9 5
46 10 9
46 11 2
46 12 10
46 13 3
46 14 13
46 15 10
46 16 3
46 17 12
46 18 11
46 19 5
46 20 2
46 21 13
46 22 2
46 23 7
46 24 1
46 25 12
46 26 13
46 27 8
46 28 6
46 29 6
46 30 10
46 31 4
46 32 7
46 33 3
46 34 7
46 35 11
46 36 5
46 37 7
46 38 11
46 39 1
46 40 2
46 41 11
46 42 7
46 43 10
46 44 1
46 45 13
47 0 9
47 1 4
47 2 9
47 3 9
47 4 2
47 5 6
47 6 6
47 7 12
47 8 11
47 9 11
47 10 2
47 11 11
47 12 12
47 13 3
47 14 6
47 15 9
47 16 4
47 17 2
47 18 4
47 19 7
47 20 2
47 21 7
47 22 8
47 23 3
47 24 11
47 25 11
47 26 8
47 27 10
47 28 13
47 29 5
47 30 10
47 31 13
47 32 11
47 33 9
47 34 5
47 35 11
47 36 3
47 37 12
47 38 10
47 39 2
47 40 10
47 41 1
47 42 10
47 43 12
47 44 13
47 45 9
47 46 6
48 0 12
48 1 8
48 2 6
48 3 3
48 4 3
48 5 7
48 6 5
48 7 6
48 8 5
48 9 1
48 10 3
48 11 2
48 12 1
48 13 3
48 14 10
48 15 6
48 16 2
48 17 3
48 18 1
48 19 11
48 20 12
48 21 13
48 22 9
48 23 3
48 24 12
48 25 3
48 26 13
48 27 1
48 28 2
48 29 3
48 30 9
48 31 2
48 32 7
48 33 7
48 34 3
48 35 10
48 36 9
48 37 7
48 38 12
48 39 8
48 40 10
48 41 13
48 42 7
48 43 12
48 44 5
48 45 7
48 46 1
48 47 6
49 0 9
49 1 7
49 2 10
49 3 10
49 4 9
49 5 4
49 6 7
49 7 8
49 8 1
49 9 12
49 10 2
49 11 12
49 12 13
49 13 6
49 14 12
49 15 2
49 16 11
49 17 9
49 18 12
49 19 12
49 20 11
49 21 7
49 22 2
49 23 10
49 24 2
49 25 5
49 26 12
49 27 11
49 28 9
49 29 10
49 30 12
49 31 4
49 32 5
49 33 3
49 34 11
49 35 6
49 36 2
49 37 10
49 38 3
49 39 4
49 40 9
49 41 7
49 42 6
49 43 10
49 44 6
49 45 5
49 46 12
49 47 8
49 48 7
50 0 1
50 1 9
50 2 10
50 3 10
50 4 9
50 5 8
50 6 8
50 7 3
50 8 11
50 9 12
50 10 10
50 11 2
50 12 8
50 13 7
50 14 10
50 15 12
50 16 11
50 17 3
50 18 11
50 19 3
50 20 7
50 21 7
50 22 12
50 23 4
50 24 7
50 25 11
50 26 13
50 27 7
50 28 9
50 29 8
50 30 4
50 31 8
50 32 12
50 33 8
50 34 1
50 35 7
50 36 4
50 37 6
50 38 3
50 39 11
50 40 8
50 41 1
50 42 12
50 43 2
50 44 7
50 45 12
50 46 12
50 47 12
50 48 1
50 49 7
51 0 12
51 1 1
51 2 5
51 3 10
51 4 8
51 5 4
51 6 9
51 7 1
51 8 11
51 9 2
51 10 4
51 11 13
51 12 8
51 13 6
51 14 2
51 15 7
51 16 2
51 17 9
51 18 8
51 19 1
51 20 9
51 21 4
51 22 11
51 23 13
51 24 8
51 25 12
51 26 13
51 27 11
51 28 5
51 29 1
51 30 2
51 31 7
51 32 4
51 33 2
51 34 3
51 35 7
51 36 2
51 37 1
51 38 11
51 39 13
51 40 11
51 41 6
51 42 7
51 43 13
51 44 10
51 45 4
51 46 2
51 47 9
51 48 3
51 49 13
51 50 3
52 0 6
52 1 1
52 2 1
52 3 12
52 4 6
52 5 12
52 6 3
52 7 10
52 8 6
52 9 6
52 10 3
52 11 5
52 12 5
52 13 1
52 14 7
52 15 1
52 16 2
52 17 6
52 18 10
52 19 5
52 20 10
52 21 8
52 22 9
52 23 1
52 24 8
52 25 2
52 26 2
52 27 6
52 28 7
52 29 4
52 30 12
52 31 12
52 32 2
52 33 9
52 34 7
52 35 5
52 36 7
52 37 2
52 38 12
52 39 11
52 40 11
52 41 4
52 42 10
52 43 5
52 44 5
52 45 5
52 46 11
52 47 12
52 48 8
52 49 2
52 50 12
52 51 2
53 0 2
53 1 8
53 2 11
53 3 7
53 4 5
53 5 13
53 6 12
53 7 2
53 8 12
53 9 11
53 10 10
53 11 7
53 12 10
53 13 13
53 14 7
53 15 3
53 16 11
53 17 11
53 18 9
53 19 10
53 20 10
53 21 2
53 22 8
53 23 12
53 24 6
53 25 13
53 26 9
53 27 7
53 28 12
53 29 1
53 30 5
53 31 13
53 32 1
53 33 7
53 34 5
53 35 12
53 36 2
53 37 5
53 38 9
53 39 12
53 40 6
53 41 3
53 42 8
53 43 1
53 44 10
53 45 4
53 46 2
53 47 12
53 48 9
53 49 3
53 50 6
53 51 7
53 52 3
54 0 2
54 1 4
54 2 3
54 3 4
54 4 2
54 5 6
54 6 12
54 7 3
54 8 6
54 9 7
54 10 4
54 11 8
54 12 2
54 13 6
54 14 9
54 15 4
54 16 4
54 17 12
54 18 5
54 19 4
54 20 8
54 21 8
54 22 12
54 23 11
54 24 2
54 25 5
54 26 10
54 27 1
54 28 10
54 29 9
54 30 5
54 31 3
54 32 2
54 33 4
54 34 6
54 35 6
54 36 1
54 37 13
54 38 1
54 39 11
54 40 13
54 41 3
54 42 11
54 43 7
54 44 12
54 45 4
54 46 13
54 47 3
54 48 12
54 49 5
54 50 1
54 51 11
54 52 6
54 53 3
55 0 2
55 1 12
55 2 3
55 3 7
55 4 13
55 5 1
55 6 13
55 7 1
55 8 1
55 9 7
55 10 1
55 11 3
55 12 2
55 13 4
55 14 9
55 15 1
55 16 8
55 17 5
55 18 1
55 19 6
55 20 4
55 21 8
55 22 8
55 23 4
55 24 10
55 25 3
55 26 9
55 27 7
55 28 8
55 29 4
55 30 3
55 31 3
55 32 4
55 33 9
55 34 13
55 35 2
55 36 7
55 37 12
55 38 1
55 39 3
55 40 9
55 41 10
55 42 11
55 43 9
55 44 2
55 45 8
55 46 2
55 47 3
55 48 5
55 49 4
55 50 10
55 51 11
55 52 13
55 53 11
55 54 13
56 0 10
56 1 10
56 2 6
56 3 6
56 4 10
56 5 10
56 6 2
56 7 1
56 8 12
56 9 1
56 10 1
56 11 1
56 12 7
56 13 1
56 14 13
56 15 9
56 16 5
56 17 6
56 18 12
56 19 10
56 20 9
56 21 2
56 22 4
56 23 9
56 24 5
56 25 3
56 26 6
56 27 13
56 28 7
56 29 7
56 30 10
56 31 7
56 32 10
56 33 13
56 34 7
56 35 12
56 36 13
56 37 2
56 38 7
56 39 6
56 40 3
56 41 10
56 42 2
56 43 4
56 44 8
56 45 13
56 46 2
56 47 3
56 48 11
56 49 4
56 50 4
56 51 5
56 52 11
56 53 3
56 54 11
56 55 3
57 0 5
57 1 7
57 2 11
57 3 2
57 4 7
57 5 5
57 6 3
57 7 13
57 8 9
57 9 9
57 10 8
57 11 2
57 12 7
57 13 5
57 14 10
57 15 10
57 16 2
57 17 5
57 18 9
57 19 2
57 20 2
57 21 10
57 22 13
57 23 11
57 24 1
57 25 4
57 26 9
57 27 3
57 28 3
57 29 11
57 30 4
57 31 11
57 32 11
57 33 1
57 34 4
57 35 6
57 36 8
57 37 8
57 38 10
57 39 1
57 40 10
57 41 5
57 42 1
57 43 7
57 44 11
57 45 6
57 46 3
57 47 2
57 48 6
57 49 9
57 50 8
57 51 5
57 52 13
57 53 1
57 54 8
57 55 13
57 56 10
58 0 11
58 1 5
58 2 1
58 3 13
58 4 2
58 5 8
58 6 10
58 7 9
58 8 5
58 9 11
58 10 12
58 11 12
58 12 8
58 13 12
58 14 1
58 15 1
58 16 4
58 17 3
58 18 3
58 19 9
58 20 9
58 21 12
58 22 11
58 23 2
58 24 5
58 25 4
58 26 11
58 27 1
58 28 9
58 29 4
58 30 1
58 31 1
58 32 7
58 33 8
58 34 2
58 35 13
58 36 9
58 37 8
58 38 8
58 39 11
58 40 8
58 41 1
58 42 10
58 43 8
58 44 6
58 45 13
58 46 9
58 47 8
58 48 5
58 49 3
58 50 11
58 51 7
58 52 11
58 53 12
58 54 3
58 55 8
58 56 7
58 57 4
59 0 12
59 1 10
59 2 3
59 3 1
59 4 2
59 5 11
59 6 9
59 7 8
59 8 3
59 9 4
59 10 4
59 11 2
59 12 6
59 13 10
59 14 13
59 15 9
59 16 4
59 17 7
59 18 1
59 19 6
59 20 6
59 21 8
59 22 5
59 23 5
59 24 4
59 25 6
59 26 9
59 27 7
59 28 2
59 29 9
59 30 3
59 31 12
59 32 4
59 33 10
59 34 8
59 35 7
59 36 5
59 37 8
59 38 5
59 39 7
59 40 10
59 41 5
59 42 9
59 43 5
59 44 3
59 45 5
59 46 12
59 47 6
59 48 5
59 49 8
59 50 4
59 51 4
59 52 6
59 53 10
59 54 2
59 55 12
59 56 13
59 57 5
59 58 7
60 0 6
60 1 10
60 2 8
60 3 3
60 4 1
60 5 11
60 6 9
60 7 9
60 8 4
60 9 13
60 10 9
60 11 4
60 12 13
60 13 1
60 14 12
60 15 9
60 16 1
60 17 5
60 18 6
60 19 1
60 20 8
60 21 3
60 22 3
60 23 13
60 24 10
60 25 1
60 26 2
60 27 9
60 28 9
60 29 1
60 30 2
60 31 1
60 32 9
60 33 1
60 34 10
60 35 8
60 36 7
60 37 9
60 38 10
60 39 2
60 40 11
60 41 11
60 42 10
60 43 6
60 44 12
60 45 8
60 46 5
60 47 6
60 48 4
60 49 10
60 50 5
60 51 5
60 52 8
60 53 12
60 54 10
60 55 8
60 56 10
60 57 9
60 58 6
60 59 5
61 0 11
61 1 10
61 2 1
61 3 10
61 4 1
61 5 10
61 6 3
61 7 9
61 8 4
61 9 7
61 10 2
61 11 13
61 12 2
61 13 10
61 14 6
61 15 10
61 16 11
61 17 13
61 18 12
61 19 13
61 20 12
61 21 13
61 22 11
61 23 8
61 24 12
61 25 2
61 26 7
61 27 7
61 28 11
61 29 1
61 30 3
61 31 2
61 32 5
61 33 11
61 34 5
61 35 10
61 36 2
61 37 8
61 38 3
61 39 2
61 40 5
61 41 12
61 42 2
61 43 2
61 44 12
61 45 9
61 46 13
61 47 9
61 48 1
61 49 1
61 50 6
61 51 7
61 52 10
61 53 2
61 54 6
61 55 2
61 56 2
61 57 13
61 58 4
61 59 3
61 60 9
62 0 4
62 1 1
62 2 6
62 3 11
62 4 10
62 5 3
62 6 6
62 7 6
62 8 5
62 9 3
62 10 3
62 11 3
62 12 12
62 13 6
62 14 4
62 15 3
62 16 13
62 17 13
62 18 1
62 19 11
62 20 4
62 21 4
62 22 6
62 23 8
62 24 11
62 25 5
62 26 5
62 27 8
62 28 4
62 29 10
62 30 6
62 31 13
62 32 5
62 33 7
62 34 10
62 35 1
62 36 11
62 37 1
62 38 2
62 39 9
62 40 4
62 41 3
62 42 1
62 43 10
62 44 12
62 45 1
62 46 6
62 47 12
62 48 5
62 49 12
62 50 6
62 51 4
62 52 9
62 53 7
62 54 11
62 55 6
62 56 3
62 57 13
62 58 6
62 59 13
62 60 8
62 61 7
63 0 4
63 1 8
63 2 8
63 3 6
63 4 3
63 5 11
63 6 4
63 7 3
63 8 9
63 9 8
63 10 12
63 11 9
63 12 5
63 13 10
63 14 2
63 15 9
63 16 5
63 17 6
63 18 4
63 19 11
63 20 1
63 21 12
63 22 3
63 23 1
63 24 3
63 25 10
63 26 1
63 27 10
63 28 4
63 29 11
63 30 7
63 31 6
63 32 5
63 33 10
63 34 11
63 35 4
63 36 8
63 37 3
63 38 9
63 39 1
63 40 2
63 41 9
63 42 5
63 43 9
63 44 4
63 45 6
63 46 5
63 47 6
63 48 10
63 49 6
63 50 10
63 51 1
63 52 5
63 53 6
63 54 10
63 55 13
63 56 2
63 57 4
63 58 5
63 59 3
63 60 8
63 61 7
63 62 9
64 0 11
64 1 2
64 2 5
64 3 6
64 4 12
64 5 5
64 6 10
64 7 8
64 8 1
64 9 5
64 10 11
64 11 8
64 12 5
64 13 11
64 14 5
64 15 9
64 16 11
64 17 5
64 18 7
64 19 11
64 20 13
64 21 8
64 22 4
64 23 4
64 24 4
64 25 10
64 26 8
64 27 13
64 28 11
64 29 1
64 30 8
64 31 3
64 32 2
64 33 10
64 34 13
64 35 6
64 36 13
64 37 12
64 38 7
64 39 4
64 40 11
64 41 11
64 42 10
64 43 7
64 44 10
64 45 8
64 46 2
64 47 12
64 48 1
64 49 1
64 50 10
64 51 8
64 52 5
64 53 7
64 54 5
64 55 13
64 56 8
64 57 10
64 58 2
64 59 2
64 60 2
64 61 9
64 62 9
64 63 6
65 0 9
65 1 6
65 2 12
65 3 13
65 4 2
65 5 13
65 6 7
65 7 6
65 8 6
65 9 4
65 10 13
65 11 12
65 12 4
65 13 7
65 14 6
65 15 8
65 16 9
65 17 2
65 18 3
65 19 6
65 20 5
65 21 2
65 22 8
65 23 9
65 24 11
65 25 9
65 26 1
65 27 4
65 28 12
65 29 8
65 30 12
65 31 6
65 32 7
65 33 10
65 34 9
65 35 13
65 36 12
65 37 2
65 38 7
65 39 10
65 40 9
65 41 1
65 42 2
65 43 13
65 44 6
65 45 5
65 46 10
65 47 3
65 48 6
65 49 4
65 50 4
65 51 13
65 52 12
65 53 4
65 54 9
65 55 8
65 56 10
65 57 10
65 58 13
65 59 9
65 60 6
65 61 11
65 62 10
65 63 1
65 64 9
66 0 4
66 1 10
66 2 12
66 3 2
66 4 10
66 5 5
66 6 8
66 7 11
66 8 3
66 9 1
66 10 3
66 11 5
66 12 8
66 13 12
66 14 3
66 15 12
66 16 1
66 17 5
66 18 9
66 19 6
66 20 3
66 21 8
66 22 11
66 23 9
66 24 9
66 25 9
66 26 13
66 27 6
66 28 8
66 29 7
66 30 1
66 31 4
66 32 5
66 33 2
66 34 3
66 35 1
66 36 8
66 37 2
66 38 7
66 39 5
66 40 11
66 41 13
66 42 10
66 43 13
66 44 12
66 45 7
66 46 7
66 47 2
66 48 6
66 49 5
66 50 4
66 51 9
66 52 5
66 53 9
66 54 5
66 55 3
66 56 13
66 57 3
66 58 1
66 59 9
66 60 3
66 61 6
66 62 1
66 63 8
66 64 11
66 65 2
67 0 4
67 1 6
67 2 3
67 3 5
67 4 5
67 5 6
67 6 12
67 7 8
67 8 2
67 9 10
67 10 9
67 11 4
67 12 3
67 13 12
67 14 12
67 15 9
67 16 11
67 17 4
67 18 1
67 19 7
67 20 3
67 21 8
67 22 10
67 23 6
67 24 6
67 25 5
67 26 12
67 27 6
67 28 3
67 29 6
67 30 6
67 31 12
67 32 12
67 33 9
67 34 11
67 35 12
67 36 4
67 37 10
67 38 9
67 39 5
67 40 2
67 41 4
67 42 13
67 43 10
67 44 2
67 45 4
67 46 8
67 47 7
67 48 13
67 49 2
67 50 13
67 51 8
67 52 7
67 53 1
67 54 8
67 55 12
67 56 2
67 57 2
67 58 13
67 59 11
67 60 12
67 61 2
67 62 10
67 63 3
67 64 11
67 65 12
67 66 2
