42
2 0 15
4 0 14
4 1 27
4 2 5
5 2 37
5 3 41
5 4 5
6 0 29
6 3 5
6 4 17
6 5 30
7 0 8
7 1 14
7 2 13
7 3 13
7 4 17
7 6 36
8 1 35
8 2 33
8 7 47
9 0 23
9 1 38
9 4 13
9 6 29
10 6 30
10 8 6
11 3 30
11 7 43
11 10 39
12 3 19
12 4 4
12 7 13
12 9 14
13 1 17
13 3 38
13 7 31
13 8 36
13 9 13
13 10 44
13 11 7
13 12 39
14 0 12
14 1 10
14 3 3
14 4 27
14 6 27
14 8 43
14 9 33
14 12 6
14 13 48
15 0 3
15 1 19
15 4 47
15 5 10
15 8 12
15 9 47
15 11 28
15 13 12
15 14 47
16 0 25
16 3 38
16 5 26
16 6 45
16 7 39
16 9 24
16 10 47
16 11 43
16 14 42
16 15 8
17 1 33
17 3 14
17 4 46
17 5 43
17 6 41
17 11 6
17 13 18
17 16 27
18 0 10
18 1 27
18 2 2
18 3 4
18 9 18
18 10 9
18 12 7
18 14 38
18 15 17
19 0 8
19 1 29
19 2 25
19 3 31
19 10 37
19 12 11
19 14 13
19 15 36
19 16 4
19 17 4
20 0 21
20 1 15
20 2 27
20 5 36
20 6 25
20 10 18
20 12 31
20 19 23
21 0 28
21 1 27
21 2 16
21 4 30
21 14 16
21 15 4
21 18 43
22 1 24
22 4 28
22 6 48
22 7 40
22 9 2
22 10 45
22 15 19
22 16 11
22 18 24
22 19 13
23 0 6
23 1 18
23 2 39
23 4 18
23 5 45
23 6 25
23 7 16
23 8 28
23 10 25
23 11 2
23 19 45
23 22 32
24 0 18
24 3 13
24 4 38
24 6 24
24 7 23
24 10 10
24 11 13
24 12 30
24 13 29
24 18 24
24 22 9
24 23 1
25 0 40
25 1 34
25 3 4
25 7 35
25 8 9
25 11 2
25 12 38
25 13 40
25 14 31
25 18 23
25 19 24
25 20 27
26 1 21
26 2 23
26 3 38
26 8 44
26 10 13
26 11 26
26 14 31
26 17 14
26 18 2
26 19 35
26 20 3
26 21 38
26 22 6
27 2 1
27 3 32
27 7 28
27 8 6
27 12 38
27 14 11
27 19 41
27 20 38
28 0 39
28 1 30
28 2 30
28 4 41
28 5 32
28 6 9
28 8 41
28 10 40
28 12 35
28 13 27
28 15 43
28 16 48
28 17 15
28 18 4
28 19 7
28 20 22
28 22 17
28 23 22
28 24 32
28 25 47
29 0 5
29 1 41
29 3 45
29 10 16
29 11 13
29 13 48
29 15 25
29 16 35
29 17 45
29 19 2
29 21 37
29 24 44
29 25 27
29 27 27
30 0 41
30 1 11
30 3 26
30 6 20
30 7 27
30 10 16
30 11 26
30 12 18
30 13 25
30 17 8
30 19 1
30 20 34
30 23 38
30 25 36
30 26 10
30 27 3
30 28 22
31 1 16
31 4 3
31 5 43
31 6 28
31 7 17
31 8 31
31 10 46
31 11 8
31 12 23
31 13 8
31 15 33
31 16 7
31 17 6
31 18 48
31 19 20
31 20 22
31 21 38
31 22 9
31 24 34
32 0 27
32 1 38
32 8 8
32 9 33
32 10 35
32 11 43
32 14 36
32 15 6
32 16 41
32 18 13
32 19 13
32 20 25
32 23 31
32 24 7
32 26 29
32 27 14
32 28 41
32 31 24
33 0 18
33 2 37
33 10 2
33 12 22
33 15 38
33 16 42
33 18 47
33 21 29
33 22 39
33 27 48
33 31 46
33 32 8
34 0 38
34 2 7
34 4 17
34 5 2
34 6 36
34 11 43
34 12 22
34 18 22
34 20 48
34 22 15
34 24 32
34 26 42
34 27 8
34 28 8
34 29 37
34 30 43
34 31 36
34 32 13
34 33 25
35 1 22
35 3 2
35 8 11
35 9 10
35 11 47
35 12 42
35 13 39
35 15 40
35 17 23
35 18 25
35 19 33
35 20 27
35 22 34
35 23 3
35 24 23
35 25 12
35 26 29
35 30 29
35 31 31
35 33 19
35 34 21
36 0 39
36 2 7
36 3 45
36 4 48
36 5 17
36 6 6
36 9 47
36 10 18
36 13 4
36 17 31
36 21 19
36 24 31
36 25 44
36 27 22
36 29 32
36 30 4
36 31 7
36 35 2
37 1 1
37 6 9
37 7 18
37 8 16
37 11 34
37 12 11
37 14 28
37 16 9
37 20 48
37 23 1
37 24 7
37 28 20
37 29 19
37 31 6
37 34 1
37 36 43
38 4 2
38 7 47
38 8 44
38 9 29
38 11 20
38 14 9
38 16 45
38 19 1
38 21 42
38 23 26
38 25 30
38 28 39
38 30 24
38 31 24
38 32 38
38 34 41
38 35 25
38 37 31
39 1 47
39 3 40
39 4 31
39 6 4
39 7 43
39 8 34
39 9 27
39 11 13
39 15 29
39 16 31
39 18 9
39 19 16
39 22 23
39 24 30
39 25 38
39 26 30
39 27 27
39 28 5
39 34 8
39 36 15
39 37 18
40 0 3
40 1 13
40 3 10
40 5 46
40 7 16
40 8 21
40 9 16
40 10 2
40 16 11
40 19 16
40 20 15
40 21 20
40 24 17
40 26 35
40 27 1
40 28 10
40 29 24
40 30 45
40 31 5
40 32 2
40 33 33
40 35 4
40 38 14
41 0 19
41 1 36
41 2 25
41 3 15
41 12 9
41 14 9
41 15 24
41 16 46
41 17 43
41 19 47
41 21 45
41 22 23
41 24 41
41 25 39
41 27 21
41 29 48
41 33 38
41 35 9
41 40 23
