64
1 0 6
2 0 8
2 1 5
3 0 2
3 1 7
3 2 4
4 0 3
4 1 7
4 2 6
4 3 7
5 0 3
5 1 5
5 2 8
5 3 5
5 4 4
6 0 3
6 1 6
6 2 3
6 3 6
6 4 2
6 5 1
7 0 5
7 1 1
7 2 8
7 3 3
7 4 7
7 5 8
7 6 7
8 0 5
8 1 8
8 2 5
8 3 7
8 4 8
8 5 6
8 6 7
8 7 8
9 0 1
9 1 3
9 2 8
9 3 7
9 4 4
9 5 8
9 6 3
9 7 5
9 8 8
10 0 2
10 1 5
10 2 8
10 3 2
10 4 8
10 5 4
10 6 8
10 7 8
10 8 6
10 9 8
11 0 6
11 1 7
11 2 1
11 3 8
11 4 3
11 5 7
11 6 8
11 7 7
11 8 2
11 9 7
11 10 3
12 0 6
12 1 8
12 2 5
12 3 8
12 4 2
12 5 8
12 6 7
12 7 5
12 8 4
12 9 3
12 10 7
12 11 1
13 0 6
13 1 7
13 2 2
13 3 4
13 4 1
13 5 8
13 6 4
13 7 6
13 8 8
13 9 8
13 10 3
13 11 4
13 12 1
14 0 2
14 1 1
14 2 7
14 3 1
14 4 5
14 5 7
14 6 4
14 7 7
14 8 2
14 9 1
14 10 7
14 11 3
14 12 3
14 13 7
15 0 7
15 1 5
15 2 8
15 3 5
15 4 3
15 5 1
15 6 7
15 7 2
15 8 8
15 9 7
15 10 1
15 11 7
15 12 2
15 13 3
15 14 4
16 0 2
16 1 6
16 2 6
16 3 1
16 4 3
16 5 3
16 6 4
16 7 1
16 8 8
16 9 5
16 10 3
16 11 1
16 12 8
16 13 5
16 14 8
16 15 3
17 0 1
17 1 6
17 2 7
17 3 3
17 4 7
17 5 5
17 6 6
17 7 4
17 8 5
17 9 5
17 10 4
17 11 5
17 12 3
17 13 5
17 14 5
17 15 1
17 16 3
18 0 3
18 1 6
18 2 2
18 3 2
18 4 4
18 5 3
18 6 4
18 7 4
18 8 1
18 9 1
18 10 3
18 11 4
18 12 2
18 13 6
18 14 7
18 15 8
18 16 4
18 17 2
19 0 8
19 1 6
19 2 3
19 3 1
19 4 6
19 5 2
19 6 5
19 7 5
19 8 3
19 9 8
19 10 8
19 11 8
19 12 1
19 13 5
19 14 3
19 15 7
19 16 7
19 17 5
19 18 8
20 0 8
20 1 4
20 2 5
20 3 3
20 4 8
20 5 8
20 6 7
20 7 7
20 8 5
20 9 3
20 10 2
20 11 8
20 12 8
20 13 7
20 14 3
20 15 3
20 16 7
20 17 5
20 18 6
20 19 5
21 0 5
21 1 1
21 2 6
21 3 3
21 4 4
21 5 3
21 6 6
21 7 4
21 8 6
21 9 7
21 10 5
21 11 4
21 12 2
21 13 1
21 14 1
21 15 8
21 16 6
21 17 5
21 18 1
21 19 6
21 20 7
22 0 1
22 1 8
22 2 5
22 3 7
22 4 1
22 5 8
22 6 4
22 7 8
22 8 8
22 9 3
22 10 8
22 11 3
22 12 2
22 13 7
22 14 1
22 15 4
22 16 7
22 17 6
22 18 3
22 19 4
22 20 3
22 21 7
23 0 6
23 1 6
23 2 4
23 3 7
23 4 1
23 5 4
23 6 5
23 7 6
23 8 4
23 9 5
23 10 4
23 11 3
23 12 5
23 13 4
23 14 1
23 15 6
23 16 7
23 17 3
23 18 6
23 19 8
23 20 3
23 21 6
23 22 5
24 0 7
24 1 6
24 2 1
24 3 1
24 4 1
24 5 7
24 6 2
24 7 5
24 8 4
24 9 5
24 10 4
24 11 3
24 12 8
24 13 8
24 14 6
24 15 3
24 16 6
24 17 6
24 18 3
24 19 7
24 20 3
24 21 8
24 22 3
24 23 7
25 0 3
25 1 2
25 2 5
25 3 3
25 4 1
25 5 7
25 6 2
25 7 7
25 8 6
25 9 8
25 10 2
25 11 7
25 12 5
25 13 2
25 14 6
25 15 3
25 16 6
25 17 3
25 18 4
25 19 8
25 20 6
25 21 1
25 22 2
25 23 2
25 24 4
26 0 3
26 1 7
26 2 7
26 3 8
26 4 2
26 5 7
26 6 3
26 7 3
26 8 7
26 9 8
26 10 2
26 11 8
26 12 7
26 13 6
26 14 3
26 15 1
26 16 4
26 17 6
26 18 4
26 19 6
26 20 7
26 21 3
26 22 8
26 23 1
26 24 4
26 25 6
27 0 4
27 1 6
27 2 1
27 3 6
27 4 5
27 5 8
27 6 6
27 7 7
27 8 4
27 9 4
27 10 5
27 11 7
27 12 1
27 13 3
27 14 1
27 15 3
27 16 7
27 17 1
27 18 5
27 19 8
27 20 7
27 21 3
27 22 3
27 23 5
27 24 1
27 25 7
27 26 8
28 0 1
28 1 3
28 2 8
28 3 6
28 4 5
28 5 5
28 6 4
28 7 1
28 8 5
28 9 5
28 10 4
28 11 5
28 12 2
28 13 4
28 14 5
28 15 1
28 16 2
28 17 8
28 18 8
28 19 1
28 20 4
28 21 2
28 22 1
28 23 1
28 24 6
28 25 1
28 26 8
28 27 7
29 0 3
29 1 8
29 2 2
29 3 1
29 4 3
29 5 3
29 6 3
29 7 7
29 8 5
29 9 4
29 10 7
29 11 3
29 12 2
29 13 5
29 14 6
29 15 4
29 16 1
29 17 1
29 18 3
29 19 8
29 20 8
29 21 5
29 22 3
29 23 2
29 24 6
29 25 1
29 26 6
29 27 2
29 28 6
30 0 1
30 1 2
30 2 2
30 3 4
30 4 7
30 5 3
30 6 2
30 7 8
30 8 7
30 9 8
30 10 3
30 11 6
30 12 2
30 13 1
30 14 2
30 15 2
30 16 8
30 17 1
30 18 8
30 19 5
30 20 6
30 21 7
30 22 5
30 23 1
30 24 4
30 25 7
30 26 1
30 27 7
30 28 6
30 29 3
31 0 1
31 1 5
31 2 4
31 3 2
31 4 5
31 5 6
31 6 4
31 7 6
31 8 8
31 9 6
31 10 6
31 11 8
31 12 3
31 13 6
31 14 6
31 15 1
31 16 5
31 17 3
31 18 3
31 19 2
31 20 4
31 21 8
31 22 5
31 23 7
31 24 6
31 25 7
31 26 2
31 27 6
31 28 6
31 29 4
31 30 8
32 0 2
32 1 8
32 2 1
32 3 5
32 4 5
32 5 8
32 6 8
32 7 2
32 8 6
32 9 3
32 10 2
32 11 5
32 12 2
32 13 3
32 14 1
32 15 7
32 16 2
32 17 8
32 18 1
32 19 1
32 20 8
32 21 6
32 22 8
32 23 4
32 24 8
32 25 6
32 26 2
32 27 3
32 28 7
32 29 7
32 30 1
32 31 5
33 0 8
33 1 7
33 2 6
33 3 4
33 4 5
33 5 5
33 6 5
33 7 5
33 8 7
33 9 4
33 10 8
33 11 2
33 12 3
33 13 4
33 14 3
33 15 5
33 16 1
33 17 4
33 18 1
33 19 1
33 20 1
33 21 7
33 22 4
33 23 7
33 24 2
33 25 3
33 26 6
33 27 8
33 28 8
33 29 8
33 30 2
33 31 6
33 32 4
34 0 8
34 1 1
34 2 2
34 3 2
34 4 3
34 5 5
34 6 4
34 7 6
34 8 4
34 9 2
34 10 1
34 11 2
34 12 2
34 13 1
34 14 5
34 15 8
34 16 5
34 17 2
34 18 8
34 19 1
34 20 3
34 21 3
34 22 4
34 23 8
34 24 6
34 25 6
34 26 2
34 27 2
34 28 2
34 29 5
34 30 8
34 31 5
34 32 5
34 33 5
35 0 2
35 1 2
35 2 1
35 3 4
35 4 4
35 5 6
35 6 4
35 7 8
35 8 4
35 9 6
35 10 7
35 11 2
35 12 6
35 13 6
35 14 4
35 15 1
35 16 4
35 17 3
35 18 2
35 19 3
35 20 2
35 21 7
35 22 3
35 23 4
35 24 5
35 25 5
35 26 4
35 27 3
35 28 7
35 29 5
35 30 6
35 31 5
35 32 7
35 33 5
35 34 6
36 0 7
36 1 5
36 2 1
36 3 8
36 4 2
36 5 6
36 6 1
36 7 7
36 8 8
36 9 7
36 10 1
36 11 4
36 12 2
36 13 3
36 14 5
36 15 7
36 16 7
36 17 1
36 18 4
36 19 3
36 20 3
36 21 6
36 22 7
36 23 1
36 24 1
36 25 2
36 26 8
36 27 4
36 28 5
36 29 8
36 30 1
36 31 8
36 32 4
36 33 6
36 34 5
36 35 2
37 0 2
37 1 2
37 2 1
37 3 1
37 4 3
37 5 8
37 6 7
37 7 6
37 8 6
37 9 7
37 10 5
37 11 1
37 12 6
37 13 8
37 14 6
37 15 1
37 16 1
37 17 5
37 18 8
37 19 2
37 20 7
37 21 5
37 22 1
37 23 2
37 24 4
37 25 4
37 26 5
37 27 2
37 28 1
37 29 7
37 30 3
37 31 6
37 32 6
37 33 4
37 34 2
37 35 5
37 36 8
38 0 8
38 1 8
38 2 5
38 3 6
38 4 1
38 5 6
38 6 8
38 7 6
38 8 7
38 9 8
38 10 8
38 11 6
38 12 7
38 13 1
38 14 5
38 15 8
38 16 2
38 17 6
38 18 6
38 19 4
38 20 5
38 21 6
38 22 1
38 23 7
38 24 1
38 25 6
38 26 8
38 27 7
38 28 6
38 29 3
38 30 7
38 31 3
38 32 1
38 33 5
38 34 1
38 35 1
38 36 5
38 37 5
39 0 1
39 1 4
39 2 8
39 3 2
39 4 5
39 5 8
39 6 6
39 7 6
39 8 3
39 9 4
39 10 3
39 11 6
39 12 1
39 13 5
39 14 4
39 15 3
39 16 8
39 17 4
39 18 5
39 19 8
39 20 2
39 21 3
39 22 5
39 23 8
39 24 4
39 25 1
39 26 3
39 27 5
39 28 5
39 29 4
39 30 8
39 31 2
39 32 2
39 33 8
39 34 3
39 35 3
39 36 1
39 37 3
39 38 8
40 0 7
40 1 6
40 2 3
40 3 3
40 4 8
40 5 5
40 6 5
40 7 4
40 8 4
40 9 7
40 10 3
40 11 4
40 12 3
40 13 2
40 14 7
40 15 3
40 16 1
40 17 4
40 18 1
40 19 8
40 20 1
40 21 6
40 22 2
40 23 8
40 24 7
40 25 8
40 26 8
40 27 1
40 28 8
40 29 3
40 30 2
40 31 5
40 32 4
40 33 1
40 34 3
40 35 7
40 36 6
40 37 5
40 38 8
40 39 3
41 0 7
41 1 8
41 2 6
41 3 7
41 4 6
41 5 5
41 6 8
41 7 4
41 8 3
41 9 8
41 10 4
41 11 1
41 12 3
41 13 1
41 14 6
41 15 4
41 16 1
41 17 3
41 18 2
41 19 5
41 20 6
41 21 5
41 22 7
41 23 3
41 24 6
41 25 4
41 26 2
41 27 8
41 28 2
41 29 3
41 30 5
41 31 6
41 32 7
41 33 1
41 34 6
41 35 7
41 36 4
41 37 5
41 38 4
41 39 2
41 40 5
42 0 5
42 1 8
42 2 8
42 3 3
42 4 7
42 5 6
42 6 4
42 7 6
42 8 5
42 9 3
42 10 6
42 11 7
42 12 3
42 13 7
42 14 2
42 15 5
42 16 8
42 17 5
42 18 3
42 19 4
42 20 3
42 21 3
42 22 4
42 23 5
42 24 7
42 25 6
42 26 8
42 27 1
42 28 7
42 29 2
42 30 1
42 31 4
42 32 7
42 33 1
42 34 5
42 35 4
42 36 4
42 37 8
42 38 3
42 39 8
42 40 1
42 41 3
43 0 8
43 1 3
43 2 2
43 3 2
43 4 7
43 5 4
43 6 3
43 7 7
43 8 4
43 9 2
43 10 2
43 11 6
43 12 5
43 13 7
43 14 7
43 15 4
43 16 7
43 17 5
43 18 8
43 19 6
43 20 1
43 21 8
43 22 7
43 23 8
43 24 2
43 25 7
43 26 2
43 27 8
43 28 2
43 29 4
43 30 8
43 31 6
43 32 3
43 33 5
43 34 5
43 35 5
43 36 2
43 37 7
43 38 6
43 39 1
43 40 4
43 41 8
43 42 5
44 0 5
44 1 2
44 2 8
44 3 5
44 4 8
44 5 1
44 6 4
44 7 3
44 8 2
44 9 6
44 10 5
44 11 4
44 12 7
44 13 1
44 14 4
44 15 7
44 16 7
44 17 3
44 18 5
44 19 3
44 20 2
44 21 7
44 22 7
44 23 5
44 24 7
44 25 5
44 26 7
44 27 5
44 28 5
44 29 7
44 30 2
44 31 7
44 32 6
44 33 3
44 34 2
44 35 6
44 36 8
44 37 6
44 38 3
44 39 3
44 40 3
44 41 7
44 42 2
44 43 3
45 0 2
45 1 2
45 2 7
45 3 5
45 4 2
45 5 3
45 6 5
45 7 3
45 8 4
45 9 6
45 10 7
45 11 1
45 12 2
45 13 7
45 14 7
45 15 4
45 16 1
45 17 2
45 18 3
45 19 1
45 20 5
45 21 2
45 22 4
45 23 4
45 24 7
45 25 5
45 26 4
45 27 4
45 28 8
45 29 5
45 30 4
45 31 7
45 32 6
45 33 5
45 34 8
45 35 2
45 36 1
45 37 6
45 38 5
45 39 1
45 40 8
45 41 2
45 42 7
45 43 8
45 44 6
46 0 4
46 1 5
46 2 1
46 3 2
46 4 3
46 5 5
46 6 4
46 7 7
46 8 4
46 9 8
46 10 3
46 11 2
46 12 7
46 13 2
46 14 8
46 15 6
46 16 8
46 17 8
46 18 8
46 19 4
46 20 4
46 21 7
46 22 3
46 23 3
46 24 8
46 25 8
46 26 4
46 27 8
46 28 7
46 29 6
46 30 5
46 31 3
46 32 7
46 33 3
46 34 4
46 35 6
46 36 7
46 37 1
46 38 2
46 39 3
46 40 1
46 41 1
46 42 7
46 43 4
46 44 5
46 45 3
47 0 8
47 1 6
47 2 7
47 3 2
47 4 1
47 5 3
47 6 4
47 7 5
47 8 3
47 9 8
47 10 1
47 11 3
47 12 5
47 13 2
47 14 7
47 15 3
47 16 2
47 17 6
47 18 1
47 19 4
47 20 7
47 21 4
47 22 6
47 23 1
47 24 6
47 25 8
47 26 6
47 27 5
47 28 1
47 29 2
47 30 5
47 31 7
47 32 7
47 33 4
47 34 6
47 35 7
47 36 7
47 37 7
47 38 6
47 39 4
47 40 8
47 41 7
47 42 3
47 43 7
47 44 2
47 45 5
47 46 2
48 0 2
48 1 8
48 2 5
48 3 6
48 4 7
48 5 1
48 6 6
48 7 2
48 8 1
48 9 7
48 10 4
48 11 8
48 12 4
48 13 1
48 14 7
48 15 5
48 16 4
48 17 5
48 18 6
48 19 5
48 20 7
48 21 2
48 22 5
48 23 7
48 24 1
48 25 7
48 26 8
48 27 7
48 28 2
48 29 7
48 30 4
48 31 3
48 32 3
48 33 3
48 34 4
48 35 3
48 36 5
48 37 1
48 38 3
48 39 8
48 40 1
48 41 8
48 42 1
48 43 2
48 44 2
48 45 2
48 46 7
48 47 4
49 0 4
49 1 8
49 2 3
49 3 5
49 4 7
49 5 5
49 6 8
49 7 6
49 8 3
49 9 2
49 10 2
49 11 3
49 12 8
49 13 4
49 14 7
49 15 2
49 16 8
49 17 7
49 18 7
49 19 2
49 20 2
49 21 2
49 22 6
49 23 4
49 24 5
49 25 2
49 26 8
49 27 8
49 28 1
49 29 1
49 30 5
49 31 6
49 32 3
49 33 1
49 34 6
49 35 2
49 36 8
49 37 3
49 38 8
49 39 5
49 40 2
49 41 7
49 42 5
49 43 4
49 44 4
49 45 4
49 46 5
49 47 2
49 48 4
50 0 7
50 1 8
50 2 8
50 3 3
50 4 8
50 5 1
50 6 6
50 7 7
50 8 7
50 9 1
50 10 8
50 11 4
50 12 7
50 13 4
50 14 6
50 15 8
50 16 5
50 17 3
50 18 3
50 19 2
50 20 5
50 21 7
50 22 4
50 23 2
50 24 2
50 25 6
50 26 1
50 27 3
50 28 1
50 29 3
50 30 6
50 31 2
50 32 8
50 33 7
50 34 1
50 35 2
50 36 4
50 37 6
50 38 8
50 39 1
50 40 5
50 41 6
50 42 4
50 43 7
50 44 1
50 45 5
50 46 2
50 47 1
50 48 8
50 49 8
51 0 4
51 1 3
51 2 4
51 3 3
51 4 1
51 5 7
51 6 5
51 7 6
51 8 2
51 9 3
51 10 5
51 11 7
51 12 2
51 13 1
51 14 7
51 15 3
51 16 8
51 17 1
51 18 6
51 19 8
51 20 5
51 21 4
51 22 8
51 23 2
51 24 3
51 25 8
51 26 2
51 27 4
51 28 1
51 29 3
51 30 7
51 31 4
51 32 8
51 33 5
51 34 2
51 35 7
51 36 1
51 37 6
51 38 4
51 39 8
51 40 3
51 41 5
51 42 3
51 43 4
51 44 7
51 45 1
51 46 6
51 47 3
51 48 2
51 49 4
51 50 3
52 0 4
52 1 7
52 2 4
52 3 3
52 4 4
52 5 8
52 6 3
52 7 5
52 8 8
52 9 5
52 10 2
52 11 2
52 12 4
52 13 7
52 14 1
52 15 5
52 16 8
52 17 3
52 18 1
52 19 1
52 20 4
52 21 3
52 22 8
52 23 1
52 24 4
52 25 4
52 26 1
52 27 4
52 28 3
52 29 2
52 30 4
52 31 6
52 32 5
52 33 1
52 34 7
52 35 8
52 36 1
52 37 7
52 38 6
52 39 7
52 40 2
52 41 7
52 42 3
52 43 4
52 44 7
52 45 2
52 46 6
52 47 6
52 48 7
52 49 6
52 50 1
52 51 4
53 0 7
53 1 1
53 2 6
53 3 4
53 4 1
53 5 1
53 6 4
53 7 6
53 8 4
53 9 3
53 10 1
53 11 1
53 12 6
53 13 4
53 14 8
53 15 4
53 16 2
53 17 4
53 18 8
53 19 4
53 20 1
53 21 2
53 22 6
53 23 4
53 24 6
53 25 3
53 26 5
53 27 5
53 28 3
53 29 8
53 30 8
53 31 7
53 32 3
53 33 1
53 34 2
53 35 3
53 36 8
53 37 4
53 38 5
53 39 6
53 40 8
53 41 8
53 42 5
53 43 4
53 44 6
53 45 4
53 46 7
53 47 5
53 48 8
53 49 4
53 50 5
53 51 6
53 52 4
54 0 4
54 1 1
54 2 7
54 3 6
54 4 3
54 5 7
54 6 6
54 7 3
54 8 8
54 9 2
54 10 3
54 11 5
54 12 1
54 13 6
54 14 6
54 15 7
54 16 7
54 17 6
54 18 2
54 19 7
54 20 6
54 21 5
54 22 3
54 23 5
54 24 2
54 25 2
54 26 5
54 27 6
54 28 6
54 29 4
54 30 1
54 31 7
54 32 2
54 33 1
54 34 2
54 35 8
54 36 2
54 37 3
54 38 6
54 39 1
54 40 4
54 41 6
54 42 5
54 43 8
54 44 7
54 45 8
54 46 1
54 47 4
54 48 5
54 49 5
54 50 6
54 51 3
54 52 3
54 53 2
55 0 1
55 1 1
55 2 1
55 3 7
55 4 4
55 5 6
55 6 7
55 7 6
55 8 1
55 9 1
55 10 3
55 11 8
55 12 2
55 13 4
55 14 8
55 15 2
55 16 3
55 17 7
55 18 1
55 19 2
55 20 3
55 21 3
55 22 4
55 23 5
55 24 5
55 25 5
55 26 1
55 27 1
55 28 5
55 29 3
55 30 2
55 31 1
55 32 8
55 33 7
55 34 4
55 35 1
55 36 8
55 37 6
55 38 1
55 39 6
55 40 7
55 41 2
55 42 8
55 43 3
55 44 4
55 45 8
55 46 2
55 47 4
55 48 5
55 49 3
55 50 6
55 51 5
55 52 4
55 53 1
55 54 4
56 0 1
56 1 4
56 2 4
56 3 8
56 4 7
56 5 2
56 6 6
56 7 4
56 8 5
56 9 3
56 10 1
56 11 2
56 12 5
56 13 4
56 14 3
56 15 3
56 16 3
56 17 6
56 18 6
56 19 1
56 20 2
56 21 2
56 22 5
56 23 8
56 24 5
56 25 7
56 26 5
56 27 8
56 28 2
56 29 1
56 30 8
56 31 3
56 32 4
56 33 5
56 34 8
56 35 8
56 36 5
56 37 8
56 38 3
56 39 8
56 40 3
56 41 8
56 42 2
56 43 4
56 44 6
56 45 1
56 46 3
56 47 6
56 48 6
56 49 8
56 50 5
56 51 8
56 52 5
56 53 1
56 54 3
56 55 8
57 0 7
57 1 3
57 2 4
57 3 2
57 4 8
57 5 6
57 6 7
57 7 2
57 8 3
57 9 2
57 10 4
57 11 6
57 12 6
57 13 1
57 14 7
57 15 6
57 16 5
57 17 8
57 18 6
57 19 5
57 20 3
57 21 4
57 22 5
57 23 3
57 24 2
57 25 5
57 26 6
57 27 1
57 28 2
57 29 3
57 30 7
57 31 5
57 32 7
57 33 7
57 34 2
57 35 2
57 36 5
57 37 4
57 38 2
57 39 8
57 40 5
57 41 3
57 42 1
57 43 1
57 44 7
57 45 5
57 46 5
57 47 3
57 48 3
57 49 7
57 50 7
57 51 3
57 52 7
57 53 2
57 54 2
57 55 5
57 56 5
58 0 5
58 1 6
58 2 5
58 3 1
58 4 1
58 5 8
58 6 2
58 7 2
58 8 7
58 9 6
58 10 4
58 11 2
58 12 1
58 13 6
58 14 8
58 15 1
58 16 5
58 17 1
58 18 1
58 19 3
58 20 7
58 21 4
58 22 4
58 23 4
58 24 2
58 25 6
58 26 4
58 27 1
58 28 2
58 29 7
58 30 2
58 31 5
58 32 1
58 33 3
58 34 1
58 35 1
58 36 5
58 37 7
58 38 4
58 39 3
58 40 2
58 41 8
58 42 8
58 43 5
58 44 4
58 45 3
58 46 6
58 47 1
58 48 5
58 49 6
58 50 6
58 51 2
58 52 4
58 53 1
58 54 5
58 55 8
58 56 1
58 57 6
59 0 1
59 1 3
59 2 2
59 3 1
59 4 8
59 5 6
59 6 5
59 7 5
59 8 2
59 9 6
59 10 1
59 11 6
59 12 1
59 13 1
59 14 1
59 15 1
59 16 1
59 17 2
59 18 3
59 19 3
59 20 8
59 21 1
59 22 5
59 23 6
59 24 8
59 25 6
59 26 4
59 27 1
59 28 2
59 29 1
59 30 1
59 31 5
59 32 4
59 33 7
59 34 6
59 35 6
59 36 7
59 37 3
59 38 8
59 39 5
59 40 3
59 41 1
59 42 8
59 43 4
59 44 2
59 45 3
59 46 5
59 47 8
59 48 1
59 49 7
59 50 6
59 51 4
59 52 2
59 53 3
59 54 2
59 55 1
59 56 2
59 57 7
59 58 5
60 0 3
60 1 1
60 2 2
60 3 5
60 4 4
60 5 4
60 6 4
60 7 3
60 8 1
60 9 2
60 10 3
60 11 7
60 12 4
60 13 2
60 14 6
60 15 3
60 16 6
60 17 8
60 18 6
60 19 6
60 20 6
60 21 5
60 22 1
60 23 7
60 24 3
60 25 7
60 26 6
60 27 5
60 28 3
60 29 2
60 30 1
60 31 1
60 32 4
60 33 4
60 34 6
60 35 4
60 36 2
60 37 4
60 38 4
60 39 7
60 40 3
60 41 2
60 42 4
60 43 3
60 44 4
60 45 6
60 46 2
60 47 6
60 48 6
60 49 4
60 50 8
60 51 8
60 52 3
60 53 7
60 54 7
60 55 7
60 56 4
60 57 8
60 58 8
60 59 3
61 0 1
61 1 3
61 2 3
61 3 6
61 4 1
61 5 2
61 6 1
61 7 1
61 8 3
61 9 4
61 10 8
61 11 4
61 12 7
61 13 3
61 14 3
61 15 8
61 16 8
61 17 1
61 18 8
61 19 4
61 20 8
61 21 4
61 22 2
61 23 8
61 24 5
61 25 3
61 26 8
61 27 1
61 28 1
61 29 6
61 30 1
61 31 8
61 32 4
61 33 8
61 34 1
61 35 5
61 36 7
61 37 6
61 38 3
61 39 6
61 40 5
61 41 7
61 42 5
61 43 6
61 44 5
61 45 3
61 46 8
61 47 6
61 48 3
61 49 3
61 50 6
61 51 8
61 52 6
61 53 3
61 54 8
61 55 6
61 56 4
61 57 5
61 58 3
61 59 1
61 60 8
62 0 5
62 1 1
62 2 7
62 3 8
62 4 1
62 5 3
62 6 7
62 7 4
62 8 5
62 9 6
62 10 1
62 11 4
62 12 4
62 13 5
62 14 8
62 15 2
62 16 7
62 17 3
62 18 3
62 19 1
62 20 2
62 21 4
62 22 4
62 23 8
62 24 8
62 25 2
62 26 2
62 27 7
62 28 8
62 29 4
62 30 1
62 31 7
62 32 3
62 33 5
62 34 2
62 35 1
62 36 7
62 37 3
62 38 1
62 39 3
62 40 8
62 41 3
62 42 2
62 43 8
62 44 1
62 45 6
62 46 2
62 47 4
62 48 6
62 49 1
62 50 6
62 51 8
62 52 1
62 53 6
62 54 5
62 55 7
62 56 1
62 57 8
62 58 8
62 59 1
62 60 7
62 61 7
63 0 5
63 1 3
63 2 3
63 3 3
63 4 8
63 5 7
63 6 6
63 7 2
63 8 4
63 9 1
63 10 5
63 11 1
63 12 8
63 13 3
63 14 3
63 15 6
63 16 6
63 17 8
63 18 1
63 19 3
63 20 4
63 21 1
63 22 8
63 23 2
63 24 2
63 25 1
63 26 5
63 27 5
63 28 5
63 29 1
63 30 8
63 31 6
63 32 5
63 33 2
63 34 5
63 35 2
63 36 8
63 37 6
63 38 4
63 39 1
63 40 2
63 41 2
63 42 5
63 43 7
63 44 7
63 45 6
63 46 6
63 47 3
63 48 5
63 49 7
63 50 7
63 51 2
63 52 6
63 53 3
63 54 4
63 55 1
63 56 8
63 57 2
63 58 4
63 59 2
63 60 8
63 61 4
63 62 2
