57
1 0 15
2 0 23
2 1 3
3 0 23
3 1 7
3 2 2
4 0 7
4 1 15
4 2 26
4 3 11
5 0 18
5 1 14
5 2 12
5 3 2
5 4 22
6 0 17
6 1 14
6 2 11
6 3 23
6 4 6
6 5 11
7 0 8
7 1 21
7 2 7
7 3 4
7 4 5
7 5 8
7 6 18
8 0 24
8 1 3
8 2 2
8 3 12
8 4 7
8 5 13
8 6 3
8 7 11
9 0 9
9 1 13
9 2 23
9 3 25
9 4 23
9 5 9
9 6 7
9 7 15
9 8 14
10 0 2
10 1 26
10 2 8
10 3 16
10 4 8
10 5 6
10 6 17
10 7 26
10 8 25
10 9 9
11 0 8
11 1 26
11 2 22
11 3 7
11 4 15
11 5 3
11 6 1
11 7 23
11 8 18
11 9 4
11 10 21
12 0 4
12 1 12
12 2 13
12 3 4
12 4 11
12 5 10
12 6 14
12 7 18
12 8 9
12 9 21
12 10 17
12 11 26
13 0 5
13 1 13
13 2 17
13 3 18
13 4 24
13 5 13
13 6 11
13 7 14
13 8 9
13 9 14
13 10 18
13 11 5
13 12 16
14 0 2
14 1 25
14 2 4
14 3 17
14 4 24
14 5 16
14 6 12
14 7 21
14 8 23
14 9 11
14 10 21
14 11 18
14 12 20
14 13 19
15 0 2
15 1 15
15 2 9
15 3 6
15 4 4
15 5 7
15 6 2
15 7 19
15 8 19
15 9 15
15 10 11
15 11 26
15 12 10
15 13 18
15 14 3
16 0 19
16 1 3
16 2 9
16 3 1
16 4 1
16 5 16
16 6 26
16 7 9
16 8 5
16 9 25
16 10 26
16 11 12
16 12 15
16 13 2
16 14 17
16 15 9
17 0 19
17 1 19
17 2 13
17 3 1
17 4 12
17 5 26
17 6 8
17 7 10
17 8 20
17 9 10
17 10 16
17 11 17
17 12 19
17 13 1
17 14 25
17 15 26
17 16 3
18 0 4
18 1 23
18 2 15
18 3 13
18 4 19
18 5 5
18 6 5
18 7 8
18 8 26
18 9 20
18 10 4
18 11 22
18 12 26
18 13 2
18 14 17
18 15 4
18 16 13
18 17 17
19 0 17
19 1 22
19 2 8
19 3 12
19 4 13
19 5 15
19 6 1
19 7 24
19 8 4
19 9 22
19 10 14
19 11 23
19 12 7
19 13 26
19 14 13
19 15 24
19 16 13
19 17 19
19 18 6
20 0 2
20 1 7
20 2 2
20 3 15
20 4 3
20 5 9
20 6 10
20 7 2
20 8 8
20 9 2
20 10 18
20 11 4
20 12 3
20 13 9
20 14 5
20 15 13
20 16 22
20 17 16
20 18 13
20 19 13
21 0 20
21 1 2
21 2 23
21 3 13
21 4 5
21 5 10
21 6 16
21 7 17
21 8 4
21 9 13
21 10 8
21 11 20
21 12 14
21 13 25
21 14 26
21 15 12
21 16 18
21 17 5
21 18 10
21 19 18
21 20 7
22 0 24
22 1 25
22 2 21
22 3 9
22 4 18
22 5 5
22 6 22
22 7 25
22 8 6
22 9 4
22 10 12
22 11 12
22 12 23
22 13 4
22 14 17
22 15 15
22 16 10
22 17 22
22 18 10
22 19 1
22 20 14
22 21 15
23 0 1
23 1 15
23 2 17
23 3 21
23 4 9
23 5 19
23 6 23
23 7 23
23 8 11
23 9 26
23 10 25
23 11 5
23 12 1
23 13 1
23 14 7
23 15 9
23 16 25
23 17 25
23 18 13
23 19 9
23 20 20
23 21 6
23 22 19
24 0 21
24 1 23
24 2 5
24 3 11
24 4 7
24 5 5
24 6 17
24 7 24
24 8 16
24 9 24
24 10 1
24 11 3
24 12 5
24 13 5
24 14 16
24 15 21
24 16 12
24 17 4
24 18 14
24 19 10
24 20 3
24 21 9
24 22 20
24 23 16
25 0 18
25 1 22
25 2 2
25 3 12
25 4 17
25 5 14
25 6 24
25 7 19
25 8 10
25 9 19
25 10 17
25 11 19
25 12 17
25 13 15
25 14 10
25 15 23
25 16 22
25 17 3
25 18 7
25 19 13
25 20 19
25 21 14
25 22 24
25 23 2
25 24 4
26 0 13
26 1 19
26 2 9
26 3 16
26 4 7
26 5 26
26 6 20
26 7 16
26 8 7
26 9 11
26 10 8
26 11 13
26 12 19
26 13 24
26 14 5
26 15 19
26 16 13
26 17 17
26 18 3
26 19 26
26 20 5
26 21 21
26 22 16
26 23 1
26 24 4
26 25 25
27 0 24
27 1 13
27 2 16
27 3 23
27 4 14
27 5 1
27 6 4
27 7 24
27 8 4
27 9 17
27 10 19
27 11 16
27 12 12
27 13 15
27 14 2
27 15 26
27 16 21
27 17 15
27 18 2
27 19 18
27 20 25
27 21 20
27 22 17
27 23 25
27 24 5
27 25 4
27 26 8
28 0 10
28 1 15
28 2 22
28 3 17
28 4 26
28 5 14
28 6 23
28 7 23
28 8 13
28 9 8
28 10 8
28 11 23
28 12 22
28 13 11
28 14 25
28 15 8
28 16 21
28 17 8
28 18 24
28 19 11
28 20 8
28 21 11
28 22 25
28 23 19
28 24 20
28 25 15
28 26 6
28 27 1
29 0 25
29 1 14
29 2 18
29 3 25
29 4 6
29 5 25
29 6 18
29 7 23
29 8 5
29 9 22
29 10 12
29 11 4
29 12 3
29 13 22
29 14 18
29 15 3
29 16 8
29 17 18
29 18 22
29 19 15
29 20 22
29 21 6
29 22 18
29 23 1
29 24 3
29 25 14
29 26 18
29 27 5
29 28 14
30 0 20
30 1 11
30 2 4
30 3 15
30 4 5
30 5 15
30 6 6
30 7 1
30 8 19
30 9 18
30 10 19
30 11 1
30 12 4
30 13 18
30 14 20
30 15 4
30 16 8
30 17 15
30 18 2
30 19 1
30 20 7
30 21 24
30 22 8
30 23 26
30 24 18
30 25 9
30 26 16
30 27 7
30 28 1
30 29 14
31 0 22
31 1 22
31 2 14
31 3 4
31 4 13
31 5 2
31 6 21
31 7 2
31 8 17
31 9 18
31 10 3
31 11 5
31 12 3
31 13 12
31 14 15
31 15 19
31 16 6
31 17 5
31 18 23
31 19 14
31 20 2
31 21 12
31 22 23
31 23 1
31 24 20
31 25 26
31 26 24
31 27 16
31 28 24
31 29 16
31 30 8
32 0 25
32 1 5
32 2 24
32 3 13
32 4 8
32 5 21
32 6 17
32 7 25
32 8 12
32 9 9
32 10 3
32 11 18
32 12 17
32 13 9
32 14 19
32 15 15
32 16 5
32 17 1
32 18 8
32 19 26
32 20 7
32 21 21
32 22 10
32 23 20
32 24 22
32 25 1
32 26 4
32 27 7
32 28 5
32 29 8
32 30 12
32 31 15
33 0 19
33 1 26
33 2 3
33 3 7
33 4 20
33 5 7
33 6 13
33 7 8
33 8 21
33 9 11
33 10 2
33 11 22
33 12 12
33 13 7
33 14 3
33 15 3
33 16 24
33 17 9
33 18 9
33 19 18
33 20 7
33 21 16
33 22 26
33 23 26
33 24 19
33 25 7
33 26 24
33 27 10
33 28 17
33 29 19
33 30 19
33 31 7
33 32 19
34 0 20
34 1 19
34 2 14
34 3 3
34 4 26
34 5 10
34 6 5
34 7 19
34 8 4
34 9 26
34 10 25
34 11 20
34 12 15
34 13 19
34 14 22
34 15 22
34 16 1
34 17 6
34 18 19
34 19 18
34 20 22
34 21 10
34 22 21
34 23 16
34 24 26
34 25 19
34 26 18
34 27 1
34 28 5
34 29 12
34 30 7
34 31 22
34 32 22
34 33 19
35 0 16
35 1 15
35 2 1
35 3 13
35 4 12
35 5 9
35 6 8
35 7 15
35 8 18
35 9 2
35 10 5
35 11 8
35 12 16
35 13 18
35 14 1
35 15 2
35 16 3
35 17 4
35 18 25
35 19 11
35 20 18
35 21 16
35 22 8
35 23 24
35 24 12
35 25 20
35 26 1
35 27 20
35 28 3
35 29 14
35 30 23
35 31 13
35 32 10
35 33 13
35 34 25
36 0 5
36 1 6
36 2 21
36 3 12
36 4 19
36 5 8
36 6 4
36 7 10
36 8 25
36 9 15
36 10 19
36 11 18
36 12 24
36 13 4
36 14 10
36 15 1
36 16 19
36 17 26
36 18 24
36 19 7
36 20 5
36 21 5
36 22 14
36 23 4
36 24 11
36 25 11
36 26 24
36 27 23
36 28 21
36 29 23
36 30 13
36 31 23
36 32 21
36 33 22
36 34 5
36 35 6
37 0 10
37 1 22
37 2 23
37 3 6
37 4 24
37 5 15
37 6 17
37 7 23
37 8 7
37 9 22
37 10 3
37 11 23
37 12 3
37 13 24
37 14 13
37 15 3
37 16 19
37 17 24
37 18 19
37 19 7
37 20 22
37 21 1
37 22 5
37 23 18
37 24 8
37 25 12
37 26 23
37 27 22
37 28 13
37 29 5
37 30 9
37 31 15
37 32 3
37 33 15
37 34 22
37 35 20
37 36 13
38 0 8
38 1 9
38 2 12
38 3 5
38 4 4
38 5 21
38 6 10
38 7 17
38 8 25
38 9 24
38 10 16
38 11 20
38 12 10
38 13 16
38 14 7
38 15 22
38 16 10
38 17 20
38 18 7
38 19 14
38 20 1
38 21 18
38 22 4
38 23 22
38 24 3
38 25 15
38 26 1
38 27 1
38 28 4
38 29 8
38 30 7
38 31 15
38 32 19
38 33 14
38 34 11
38 35 25
38 36 8
38 37 14
39 0 20
39 1 6
39 2 2
39 3 6
39 4 6
39 5 14
39 6 11
39 7 22
39 8 13
39 9 6
39 10 19
39 11 21
39 12 20
39 13 17
39 14 11
39 15 11
39 16 14
39 17 23
39 18 15
39 19 13
39 20 3
39 21 14
39 22 23
39 23 21
39 24 16
39 25 18
39 26 6
39 27 20
39 28 8
39 29 20
39 30 26
39 31 16
39 32 24
39 33 16
39 34 3
39 35 14
39 36 13
39 37 20
39 38 7
40 0 11
40 1 24
40 2 22
40 3 12
40 4 1
40 5 2
40 6 5
40 7 14
40 8 19
40 9 16
40 10 17
40 11 2
40 12 19
40 13 12
40 14 3
40 15 5
40 16 4
40 17 14
40 18 16
40 19 26
40 20 1
40 21 8
40 22 15
40 23 20
40 24 13
40 25 16
40 26 23
40 27 25
40 28 25
40 29 7
40 30 23
40 31 17
40 32 8
40 33 14
40 34 3
40 35 9
40 36 18
40 37 22
40 38 20
40 39 22
41 0 7
41 1 23
41 2 2
41 3 19
41 4 20
41 5 5
41 6 3
41 7 14
41 8 26
41 9 22
41 10 4
41 11 8
41 12 15
41 13 19
41 14 26
41 15 6
41 16 12
41 17 22
41 18 14
41 19 21
41 20 8
41 21 26
41 22 9
41 23 9
41 24 8
41 25 17
41 26 25
41 27 24
41 28 2
41 29 2
41 30 26
41 31 12
41 32 13
41 33 9
41 34 21
41 35 19
41 36 20
41 37 5
41 38 12
41 39 5
41 40 19
42 0 21
42 1 2
42 2 17
42 3 21
42 4 5
42 5 22
42 6 10
42 7 14
42 8 26
42 9 26
42 10 16
42 11 24
42 12 1
42 13 20
42 14 5
42 15 22
42 16 25
42 17 16
42 18 16
42 19 13
42 20 1
42 21 7
42 22 13
42 23 9
42 24 13
42 25 23
42 26 14
42 27 3
42 28 8
42 29 14
42 30 26
42 31 7
42 32 8
42 33 19
42 34 7
42 35 23
42 36 22
42 37 4
42 38 20
42 39 4
42 40 9
42 41 16
43 0 6
43 1 10
43 2 22
43 3 14
43 4 14
43 5 20
43 6 5
43 7 7
43 8 4
43 9 25
43 10 23
43 11 10
43 12 11
43 13 3
43 14 21
43 15 14
43 16 4
43 17 16
43 18 19
43 19 26
43 20 2
43 21 20
43 22 8
43 23 22
43 24 4
43 25 16
43 26 19
43 27 20
43 28 26
43 29 23
43 30 2
43 31 8
43 32 17
43 33 11
43 34 11
43 35 17
43 36 14
43 37 26
43 38 26
43 39 24
43 40 19
43 41 2
43 42 17
44 0 11
44 1 3
44 2 8
44 3 22
44 4 4
44 5 12
44 6 22
44 7 8
44 8 9
44 9 24
44 10 13
44 11 23
44 12 11
44 13 15
44 14 6
44 15 3
44 16 7
44 17 21
44 18 13
44 19 21
44 20 12
44 21 11
44 22 14
44 23 12
44 24 11
44 25 6
44 26 14
44 27 15
44 28 6
44 29 10
44 30 17
44 31 21
44 32 17
44 33 14
44 34 5
44 35 19
44 36 19
44 37 12
44 38 5
44 39 17
44 40 23
44 41 15
44 42 12
44 43 20
45 0 11
45 1 5
45 2 5
45 3 17
45 4 16
45 5 10
45 6 8
45 7 16
45 8 14
45 9 22
45 10 25
45 11 16
45 12 10
45 13 4
45 14 1
45 15 17
45 16 5
45 17 9
45 18 16
45 19 9
45 20 1
45 21 14
45 22 20
45 23 6
45 24 25
45 25 16
45 26 15
45 27 14
45 28 14
45 29 3
45 30 12
45 31 10
45 32 14
45 33 11
45 34 21
45 35 20
45 36 3
45 37 21
45 38 11
45 39 17
45 40 1
45 41 9
45 42 7
45 43 22
45 44 23
46 0 6
46 1 16
46 2 25
46 3 24
46 4 26
46 5 20
46 6 2
46 7 7
46 8 15
46 9 13
46 10 6
46 11 21
46 12 2
46 13 6
46 14 6
46 15 13
46 16 23
46 17 13
46 18 8
46 19 2
46 20 19
46 21 8
46 22 19
46 23 1
46 24 2
46 25 4
46 26 26
46 27 5
46 28 15
46 29 6
46 30 20
46 31 5
46 32 11
46 33 21
46 34 14
46 35 13
46 36 16
46 37 14
46 38 26
46 39 11
46 40 18
46 41 3
46 42 23
46 43 11
46 44 22
46 45 12
47 0 17
47 1 26
47 2 17
47 3 24
47 4 14
47 5 17
47 6 21
47 7 7
47 8 9
47 9 10
47 10 16
47 11 25
47 12 11
47 13 18
47 14 22
47 15 17
47 16 20
47 17 22
47 18 19
47 19 3
47 20 22
47 21 20
47 22 8
47 23 20
47 24 14
47 25 19
47 26 23
47 27 7
47 28 22
47 29 22
47 30 9
47 31 11
47 32 21
47 33 7
47 34 2
47 35 24
47 36 17
47 37 23
47 38 1
47 39 18
47 40 19
47 41 23
47 42 10
47 43 7
47 44 5
47 45 15
47 46 10
48 0 26
48 1 10
48 2 20
48 3 18
48 4 25
48 5 4
48 6 26
48 7 9
48 8 14
48 9 22
48 10 11
48 11 12
48 12 14
48 13 19
48 14 20
48 15 12
48 16 25
48 17 21
48 18 3
48 19 20
48 20 15
48 21 4
48 22 12
48 23 13
48 24 18
48 25 2
48 26 12
48 27 9
48 28 5
48 29 19
48 30 1
48 31 15
48 32 10
48 33 15
48 34 26
48 35 12
48 36 9
48 37 21
48 38 21
48 39 15
48 40 22
48 41 25
48 42 13
48 43 6
48 44 26
48 45 8
48 46 12
48 47 24
49 0 8
49 1 14
49 2 23
49 3 21
49 4 9
49 5 21
49 6 15
49 7 14
49 8 6
49 9 12
49 10 9
49 11 13
49 12 6
49 13 19
49 14 26
49 15 8
49 16 5
49 17 1
49 18 7
49 19 6
49 20 21
49 21 15
49 22 20
49 23 16
49 24 14
49 25 8
49 26 13
49 27 23
49 28 4
49 29 19
49 30 10
49 31 14
49 32 24
49 33 14
49 34 2
49 35 23
49 36 3
49 37 24
49 38 26
49 39 23
49 40 22
49 41 16
49 42 16
49 43 11
49 44 6
49 45 9
49 46 3
49 47 4
49 48 23
50 0 9
50 1 2
50 2 13
50 3 25
50 4 21
50 5 12
50 6 4
50 7 24
50 8 21
50 9 6
50 10 4
50 11 14
50 12 21
50 13 1
50 14 13
50 15 8
50 16 14
50 17 5
50 18 13
50 19 20
50 20 12
50 21 18
50 22 26
50 23 17
50 24 21
50 25 25
50 26 10
50 27 2
50 28 19
50 29 13
50 30 20
50 31 23
50 32 10
50 33 6
50 34 7
50 35 11
50 36 18
50 37 24
50 38 4
50 39 19
50 40 6
50 41 16
50 42 3
50 43 20
50 44 13
50 45 19
50 46 17
50 47 17
50 48 19
50 49 16
51 0 14
51 1 3
51 2 14
51 3 14
51 4 6
51 5 23
51 6 7
51 7 20
51 8 17
51 9 10
51 10 1
51 11 10
51 12 1
51 13 4
51 14 18
51 15 19
51 16 11
51 17 16
51 18 21
51 19 18
51 20 9
51 21 20
51 22 10
51 23 13
51 24 15
51 25 1
51 26 22
51 27 10
51 28 22
51 29 20
51 30 22
51 31 5
51 32 6
51 33 16
51 34 15
51 35 9
51 36 9
51 37 21
51 38 15
51 39 14
51 40 22
51 41 13
51 42 25
51 43 1
51 44 13
51 45 6
51 46 11
51 47 15
51 48 24
51 49 13
51 50 2
52 0 13
52 1 5
52 2 18
52 3 15
52 4 9
52 5 6
52 6 3
52 7 15
52 8 9
52 9 3
52 10 19
52 11 18
52 12 6
52 13 15
52 14 5
52 15 17
52 16 13
52 17 14
52 18 12
52 19 19
52 20 21
52 21 2
52 22 25
52 23 20
52 24 14
52 25 13
52 26 22
52 27 25
52 28 13
52 29 5
52 30 9
52 31 6
52 32 25
52 33 13
52 34 22
52 35 19
52 36 26
52 37 2
52 38 26
52 39 6
52 40 1
52 41 26
52 42 23
52 43 9
52 44 2
52 45 18
52 46 23
52 47 18
52 48 16
52 49 22
52 50 14
52 51 18
53 0 2
53 1 12
53 2 17
53 3 20
53 4 12
53 5 16
53 6 17
53 7 3
53 8 19
53 9 8
53 10 14
53 11 1
53 12 14
53 13 10
53 14 2
53 15 19
53 16 17
53 17 13
53 18 19
53 19 12
53 20 24
53 21 21
53 22 8
53 23 7
53 24 2
53 25 25
53 26 21
53 27 23
53 28 15
53 29 12
53 30 24
53 31 10
53 32 9
53 33 3
53 34 9
53 35 13
53 36 19
53 37 21
53 38 6
53 39 6
53 40 22
53 41 7
53 42 8
53 43 14
53 44 4
53 45 23
53 46 11
53 47 18
53 48 11
53 49 20
53 50 6
53 51 5
53 52 4
54 0 25
54 1 21
54 2 22
54 3 5
54 4 10
54 5 23
54 6 22
54 7 4
54 8 25
54 9 18
54 10 4
54 11 1
54 12 17
54 13 12
54 14 2
54 15 11
54 16 18
54 17 17
54 18 18
54 19 13
54 20 11
54 21 16
54 22 13
54 23 3
54 24 25
54 25 26
54 26 6
54 27 7
54 28 4
54 29 26
54 30 7
54 31 8
54 32 5
54 33 18
54 34 13
54 35 25
54 36 22
54 37 13
54 38 23
54 39 20
54 40 15
54 41 23
54 42 26
54 43 20
54 44 11
54 45 26
54 46 9
54 47 12
54 48 26
54 49 8
54 50 2
54 51 5
54 52 13
54 53 22
55 0 13
55 1 19
55 2 23
55 3 15
55 4 22
55 5 15
55 6 8
55 7 25
55 8 7
55 9 10
55 10 25
55 11 14
55 12 2
55 13 2
55 14 11
55 15 12
55 16 11
55 17 10
55 18 12
55 19 5
55 20 23
55 21 2
55 22 18
55 23 7
55 24 10
55 25 12
55 26 16
55 27 21
55 28 13
55 29 2
55 30 6
55 31 16
55 32 8
55 33 6
55 34 15
55 35 17
55 36 1
55 37 7
55 38 14
55 39 3
55 40 3
55 41 9
55 42 13
55 43 21
55 44 1
55 45 10
55 46 16
55 47 18
55 48 4
55 49 5
55 50 1
55 51 18
55 52 25
55 53 7
55 54 26
56 0 14
56 1 14
56 2 13
56 3 1
56 4 16
56 5 22
56 6 20
56 7 6
56 8 14
56 9 3
56 10 13
56 11 20
56 12 1
56 13 17
56 14 6
56 15 26
56 16 15
56 17 8
56 18 2
56 19 9
56 20 24
56 21 19
56 22 12
56 23 17
56 24 24
56 25 10
56 26 13
56 27 6
56 28 22
56 29 23
56 30 5
56 31 14
56 32 26
56 33 22
56 34 25
56 35 15
56 36 24
56 37 2
56 38 3
56 39 17
56 40 2
56 41 22
56 42 23
56 43 12
56 44 17
56 45 7
56 46 11
56 47 2
56 48 2
56 49 25
56 50 2
56 51 11
56 52 22
56 53 20
56 54 13
56 55 21
