63
1 0 16
2 0 2
2 1 17
3 0 20
3 1 20
3 2 4
4 0 20
4 1 14
4 2 17
4 3 11
5 0 10
5 1 14
5 2 14
5 3 19
5 4 7
6 0 6
6 1 4
6 2 14
6 3 6
6 4 7
6 5 15
7 0 1
7 1 18
7 2 9
7 3 14
7 4 4
7 5 14
7 6 17
8 0 8
8 1 16
8 2 7
8 3 15
8 4 1
8 5 8
8 6 20
8 7 11
9 0 19
9 1 7
9 2 10
9 3 16
9 4 11
9 5 13
9 6 20
9 7 15
9 8 4
10 0 5
10 1 2
10 2 1
10 3 17
10 4 10
10 5 15
10 6 3
10 7 4
10 8 13
10 9 3
11 0 19
11 1 15
11 2 16
11 3 17
11 4 16
11 5 3
11 6 6
11 7 14
11 8 11
11 9 11
11 10 16
12 0 19
12 1 15
12 2 12
12 3 4
12 4 15
12 5 16
12 6 7
12 7 12
12 8 15
12 9 8
12 10 6
12 11 9
13 0 2
13 1 11
13 2 13
13 3 4
13 4 2
13 5 8
13 6 11
13 7 2
13 8 2
13 9 18
13 10 3
13 11 14
13 12 15
14 0 5
14 1 16
14 2 14
14 3 19
14 4 18
14 5 18
14 6 16
14 7 18
14 8 12
14 9 17
14 10 15
14 11 12
14 12 12
14 13 4
15 0 18
15 1 16
15 2 18
15 3 10
15 4 11
15 5 4
15 6 15
15 7 8
15 8 10
15 9 1
15 10 4
15 11 15
15 12 8
15 13 20
15 14 6
16 0 4
16 1 10
16 2 10
16 3 1
16 4 1
16 5 2
16 6 3
16 7 6
16 8 13
16 9 10
16 10 13
16 11 12
16 12 12
16 13 7
16 14 14
16 15 20
17 0 4
17 1 5
17 2 19
17 3 14
17 4 13
17 5 19
17 6 14
17 7 7
17 8 19
17 9 1
17 10 16
17 11 9
17 12 9
17 13 17
17 14 1
17 15 4
17 16 19
18 0 1
18 1 19
18 2 8
18 3 13
18 4 14
18 5 18
18 6 10
18 7 2
18 8 15
18 9 11
18 10 8
18 11 2
18 12 13
18 13 20
18 14 2
18 15 16
18 16 10
18 17 12
19 0 6
19 1 3
19 2 5
19 3 14
19 4 20
19 5 6
19 6 17
19 7 15
19 8 19
19 9 7
19 10 16
19 11 18
19 12 15
19 13 13
19 14 3
19 15 19
19 16 3
19 17 14
19 18 19
20 0 20
20 1 12
20 2 8
20 3 19
20 4 9
20 5 19
20 6 8
20 7 9
20 8 19
20 9 14
20 10 6
20 11 11
20 12 16
20 13 20
20 14 13
20 15 5
20 16 14
20 17 18
20 18 4
20 19 12
21 0 11
21 1 1
21 2 13
21 3 19
21 4 2
21 5 18
21 6 19
21 7 15
21 8 1
21 9 10
21 10 5
21 11 9
21 12 11
21 13 15
21 14 3
21 15 17
21 16 12
21 17 7
21 18 14
21 19 12
21 20 5
22 0 15
22 1 4
22 2 3
22 3 2
22 4 2
22 5 8
22 6 15
22 7 14
22 8 18
22 9 8
22 10 6
22 11 16
22 12 14
22 13 9
22 14 19
22 15 9
22 16 9
22 17 13
22 18 10
22 19 12
22 20 18
22 21 9
23 0 14
23 1 14
23 2 3
23 3 15
23 4 16
23 5 8
23 6 14
23 7 16
23 8 20
23 9 18
23 10 12
23 11 14
23 12 1
23 13 6
23 14 11
23 15 8
23 16 12
23 17 17
23 18 6
23 19 5
23 20 7
23 21 6
23 22 7
24 0 3
24 1 7
24 2 8
24 3 19
24 4 13
24 5 1
24 6 6
24 7 3
24 8 4
24 9 6
24 10 14
24 11 18
24 12 15
24 13 5
24 14 14
24 15 19
24 16 10
24 17 9
24 18 17
24 19 13
24 20 19
24 21 13
24 22 13
24 23 19
25 0 5
25 1 8
25 2 15
25 3 16
25 4 18
25 5 7
25 6 9
25 7 17
25 8 16
25 9 11
25 10 9
25 11 9
25 12 16
25 13 14
25 14 14
25 15 19
25 16 8
25 17 9
25 18 10
25 19 2
25 20 7
25 21 17
25 22 3
25 23 20
25 24 2
26 0 9
26 1 8
26 2 9
26 3 15
26 4 1
26 5 9
26 6 12
26 7 1
26 8 12
26 9 16
26 10 9
26 11 19
26 12 1
26 13 16
26 14 6
26 15 12
26 16 16
26 17 13
26 18 14
26 19 19
26 20 5
26 21 8
26 22 4
26 23 9
26 24 5
26 25 4
27 0 9
27 1 14
27 2 9
27 3 13
27 4 9
27 5 10
27 6 7
27 7 6
27 8 11
27 9 10
27 10 19
27 11 6
27 12 3
27 13 5
27 14 6
27 15 16
27 16 8
27 17 11
27 18 5
27 19 6
27 20 19
27 21 6
27 22 18
27 23 16
27 24 16
27 25 14
27 26 4
28 0 12
28 1 12
28 2 11
28 3 8
28 4 6
28 5 7
28 6 9
28 7 17
28 8 17
28 9 10
28 10 1
28 11 19
28 12 13
28 13 7
28 14 2
28 15 10
28 16 11
28 17 12
28 18 16
28 19 6
28 20 4
28 21 1
28 22 1
28 23 14
28 24 14
28 25 6
28 26 9
28 27 5
29 0 3
29 1 3
29 2 9
29 3 7
29 4 9
29 5 16
29 6 5
29 7 1
29 8 6
29 9 15
29 10 1
29 11 13
29 12 6
29 13 1
29 14 11
29 15 15
29 16 17
29 17 1
29 18 20
29 19 3
29 20 17
29 21 6
29 22 12
29 23 15
29 24 10
29 25 15
29 26 6
29 27 20
29 28 3
30 0 15
30 1 2
30 2 15
30 3 11
30 4 9
30 5 2
30 6 19
30 7 9
30 8 1
30 9 15
30 10 19
30 11 17
30 12 4
30 13 1
30 14 8
30 15 4
30 16 5
30 17 19
30 18 10
30 19 5
30 20 11
30 21 16
30 22 16
30 23 3
30 24 16
30 25 20
30 26 5
30 27 14
30 28 14
30 29 4
31 0 10
31 1 8
31 2 12
31 3 17
31 4 12
31 5 18
31 6 10
31 7 4
31 8 6
31 9 20
31 10 6
31 11 7
31 12 1
31 13 8
31 14 9
31 15 18
31 16 6
31 17 11
31 18 16
31 19 10
31 20 8
31 21 11
31 22 7
31 23 9
31 24 8
31 25 14
31 26 14
31 27 2
31 28 14
31 29 17
31 30 2
32 0 15
32 1 6
32 2 6
32 3 20
32 4 12
32 5 9
32 6 15
32 7 6
32 8 12
32 9 2
32 10 10
32 11 2
32 12 15
32 13 14
32 14 11
32 15 14
32 16 16
32 17 5
32 18 12
32 19 12
32 20 9
32 21 17
32 22 3
32 23 10
32 24 20
32 25 1
32 26 18
32 27 12
32 28 2
32 29 6
32 30 2
32 31 16
33 0 19
33 1 19
33 2 4
33 3 18
33 4 13
33 5 20
33 6 10
33 7 13
33 8 14
33 9 18
33 10 1
33 11 7
33 12 13
33 13 7
33 14 6
33 15 3
33 16 12
33 17 11
33 18 7
33 19 15
33 20 3
33 21 7
33 22 11
33 23 8
33 24 12
33 25 19
33 26 1
33 27 1
33 28 20
33 29 6
33 30 8
33 31 5
33 32 15
34 0 13
34 1 5
34 2 15
34 3 8
34 4 20
34 5 16
34 6 6
34 7 19
34 8 6
34 9 15
34 10 9
34 11 20
34 12 10
34 13 14
34 14 7
34 15 18
34 16 1
34 17 18
34 18 8
34 19 15
34 20 11
34 21 15
34 22 17
34 23 5
34 24 1
34 25 13
34 26 8
34 27 13
34 28 18
34 29 19
34 30 11
34 31 15
34 32 15
34 33 1
35 0 13
35 1 9
35 2 7
35 3 2
35 4 16
35 5 4
35 6 15
35 7 2
35 8 19
35 9 10
35 10 13
35 11 19
35 12 12
35 13 13
35 14 18
35 15 16
35 16 15
35 17 7
35 18 19
35 19 15
35 20 16
35 21 20
35 22 5
35 23 15
35 24 14
35 25 7
35 26 7
35 27 5
35 28 4
35 29 11
35 30 4
35 31 16
35 32 2
35 33 6
35 34 16
36 0 1
36 1 7
36 2 20
36 3 10
36 4 6
36 5 12
36 6 19
36 7 4
36 8 3
36 9 6
36 10 7
36 11 11
36 12 11
36 13 16
36 14 11
36 15 1
36 16 15
36 17 9
36 18 8
36 19 1
36 20 9
36 21 13
36 22 5
36 23 14
36 24 20
36 25 2
36 26 1
36 27 18
36 28 17
36 29 19
36 30 10
36 31 17
36 32 13
36 33 14
36 34 5
36 35 9
37 0 19
37 1 5
37 2 13
37 3 7
37 4 11
37 5 11
37 6 13
37 7 9
37 8 19
37 9 11
37 10 16
37 11 18
37 12 17
37 13 19
37 14 19
37 15 16
37 16 6
37 17 9
37 18 13
37 19 15
37 20 20
37 21 6
37 22 19
37 23 19
37 24 3
37 25 7
37 26 7
37 27 17
37 28 1
37 29 3
37 30 9
37 31 1
37 32 3
37 33 14
37 34 16
37 35 19
37 36 15
38 0 6
38 1 14
38 2 6
38 3 10
38 4 9
38 5 19
38 6 9
38 7 5
38 8 9
38 9 9
38 10 2
38 11 11
38 12 15
38 13 13
38 14 19
38 15 18
38 16 4
38 17 3
38 18 10
38 19 7
38 20 11
38 21 19
38 22 14
38 23 12
38 24 9
38 25 3
38 26 6
38 27 20
38 28 14
38 29 1
38 30 11
38 31 11
38 32 19
38 33 10
38 34 13
38 35 19
38 36 16
38 37 6
39 0 3
39 1 13
39 2 19
39 3 11
39 4 4
39 5 18
39 6 11
39 7 3
39 8 7
39 9 12
39 10 5
39 11 1
39 12 11
39 13 14
39 14 18
39 15 17
39 16 16
39 17 10
39 18 11
39 19 4
39 20 12
39 21 3
39 22 15
39 23 14
39 24 2
39 25 19
39 26 12
39 27 5
39 28 1
39 29 9
39 30 7
39 31 11
39 32 17
39 33 15
39 34 3
39 35 18
39 36 13
39 37 9
39 38 3
40 0 13
40 1 6
40 2 9
40 3 15
40 4 3
40 5 20
40 6 1
40 7 16
40 8 9
40 9 1
40 10 1
40 11 14
40 12 11
40 13 12
40 14 1
40 15 1
40 16 4
40 17 20
40 18 15
40 19 15
40 20 1
40 21 12
40 22 3
40 23 3
40 24 12
40 25 19
40 26 12
40 27 9
40 28 15
40 29 5
40 30 10
40 31 18
40 32 10
40 33 16
40 34 15
40 35 20
40 36 7
40 37 9
40 38 7
40 39 8
41 0 5
41 1 14
41 2 4
41 3 5
41 4 3
41 5 4
41 6 5
41 7 10
41 8 11
41 9 1
41 10 18
41 11 3
41 12 18
41 13 7
41 14 10
41 15 16
41 16 9
41 17 19
41 18 2
41 19 19
41 20 6
41 21 19
41 22 14
41 23 6
41 24 4
41 25 16
41 26 5
41 27 4
41 28 6
41 29 2
41 30 4
41 31 14
41 32 10
41 33 4
41 34 16
41 35 11
41 36 15
41 37 8
41 38 4
41 39 7
41 40 14
42 0 4
42 1 1
42 2 19
42 3 10
42 4 15
42 5 15
42 6 20
42 7 6
42 8 16
42 9 4
42 10 1
42 11 4
42 12 15
42 13 14
42 14 16
42 15 2
42 16 15
42 17 10
42 18 20
42 19 17
42 20 16
42 21 2
42 22 9
42 23 7
42 24 4
42 25 2
42 26 19
42 27 3
42 28 6
42 29 5
42 30 9
42 31 2
42 32 11
42 33 14
42 34 8
42 35 5
42 36 18
42 37 7
42 38 13
42 39 4
42 40 8
42 41 11
43 0 13
43 1 14
43 2 15
43 3 4
43 4 15
43 5 8
43 6 18
43 7 2
43 8 19
43 9 11
43 10 14
43 11 20
43 12 18
43 13 7
43 14 9
43 15 3
43 16 11
43 17 11
43 18 16
43 19 5
43 20 18
43 21 15
43 22 4
43 23 16
43 24 16
43 25 2
43 26 3
43 27 4
43 28 14
43 29 3
43 30 14
43 31 15
43 32 18
43 33 7
43 34 15
43 35 16
43 36 4
43 37 18
43 38 15
43 39 8
43 40 19
43 41 17
43 42 10
44 0 10
44 1 19
44 2 20
44 3 12
44 4 4
44 5 5
44 6 3
44 7 13
44 8 17
44 9 19
44 10 1
44 11 6
44 12 1
44 13 8
44 14 11
44 15 5
44 16 6
44 17 2
44 18 16
44 19 11
44 20 16
44 21 3
44 22 6
44 23 9
44 24 19
44 25 20
44 26 5
44 27 11
44 28 13
44 29 6
44 30 17
44 31 19
44 32 8
44 33 15
44 34 18
44 35 4
44 36 3
44 37 13
44 38 7
44 39 10
44 40 4
44 41 3
44 42 15
44 43 16
45 0 8
45 1 8
45 2 6
45 3 4
45 4 18
45 5 11
45 6 15
45 7 14
45 8 9
45 9 17
45 10 11
45 11 5
45 12 16
45 13 10
45 14 9
45 15 7
45 16 11
45 17 15
45 18 4
45 19 3
45 20 3
45 21 18
45 22 8
45 23 12
45 24 15
45 25 17
45 26 5
45 27 9
45 28 17
45 29 20
45 30 16
45 31 9
45 32 9
45 33 15
45 34 13
45 35 2
45 36 4
45 37 13
45 38 17
45 39 12
45 40 15
45 41 11
45 42 12
45 43 3
45 44 3
46 0 12
46 1 2
46 2 20
46 3 13
46 4 5
46 5 1
46 6 5
46 7 4
46 8 4
46 9 16
46 10 17
46 11 8
46 12 8
46 13 20
46 14 6
46 15 12
46 16 20
46 17 9
46 18 10
46 19 14
46 20 2
46 21 15
46 22 20
46 23 8
46 24 13
46 25 15
46 26 7
46 27 7
46 28 11
46 29 16
46 30 11
46 31 7
46 32 11
46 33 18
46 34 19
46 35 12
46 36 18
46 37 20
46 38 5
46 39 5
46 40 10
46 41 19
46 42 12
46 43 2
46 44 4
46 45 6
47 0 4
47 1 15
47 2 10
47 3 16
47 4 1
47 5 3
47 6 15
47 7 3
47 8 19
47 9 9
47 10 6
47 11 5
47 12 11
47 13 17
47 14 3
47 15 10
47 16 8
47 17 5
47 18 1
47 19 3
47 20 2
47 21 16
47 22 15
47 23 18
47 24 3
47 25 18
47 26 17
47 27 9
47 28 18
47 29 4
47 30 12
47 31 17
47 32 14
47 33 10
47 34 11
47 35 1
47 36 9
47 37 12
47 38 7
47 39 4
47 40 18
47 41 5
47 42 20
47 43 14
47 44 7
47 45 8
47 46 6
48 0 17
48 1 17
48 2 17
48 3 17
48 4 20
48 5 17
48 6 13
48 7 19
48 8 19
48 9 15
48 10 1
48 11 1
48 12 5
48 13 8
48 14 13
48 15 18
48 16 10
48 17 14
48 18 5
48 19 20
48 20 2
48 21 11
48 22 3
48 23 2
48 24 6
48 25 9
48 26 2
48 27 9
48 28 8
48 29 4
48 30 17
48 31 11
48 32 20
48 33 9
48 34 16
48 35 20
48 36 19
48 37 20
48 38 17
48 39 10
48 40 3
48 41 11
48 42 1
48 43 18
48 44 19
48 45 18
48 46 9
48 47 14
49 0 19
49 1 4
49 2 5
49 3 3
49 4 19
49 5 9
49 6 9
49 7 10
49 8 11
49 9 18
49 10 3
49 11 13
49 12 3
49 13 17
49 14 9
49 15 2
49 16 9
49 17 14
49 18 8
49 19 8
49 20 3
49 21 8
49 22 4
49 23 1
49 24 18
49 25 13
49 26 7
49 27 18
49 28 3
49 29 10
49 30 20
49 31 8
49 32 18
49 33 5
49 34 16
49 35 17
49 36 17
49 37 10
49 38 5
49 39 5
49 40 20
49 41 3
49 42 14
49 43 17
49 44 7
49 45 3
49 46 18
49 47 10
49 48 11
50 0 4
50 1 12
50 2 20
50 3 19
50 4 6
50 5 11
50 6 1
50 7 6
50 8 12
50 9 16
50 10 5
50 11 2
50 12 8
50 13 12
50 14 10
50 15 14
50 16 1
50 17 16
50 18 8
50 19 20
50 20 1
50 21 14
50 22 4
50 23 19
50 24 9
50 25 15
50 26 7
50 27 14
50 28 3
50 29 4
50 30 14
50 31 18
50 32 10
50 33 15
50 34 11
50 35 4
50 36 15
50 37 10
50 38 9
50 39 8
50 40 10
50 41 2
50 42 14
50 43 15
50 44 16
50 45 17
50 46 3
50 47 12
50 48 10
50 49 19
51 0 6
51 1 17
51 2 11
51 3 19
51 4 4
51 5 14
51 6 12
51 7 6
51 8 12
51 9 8
51 10 16
51 11 12
51 12 19
51 13 16
51 14 2
51 15 12
51 16 13
51 17 15
51 18 1
51 19 13
51 20 16
51 21 18
51 22 12
51 23 4
51 24 10
51 25 9
51 26 20
51 27 19
51 28 6
51 29 4
51 30 8
51 31 8
51 32 5
51 33 8
51 34 7
51 35 4
51 36 1
51 37 13
51 38 10
51 39 17
51 40 17
51 41 16
51 42 20
51 43 5
51 44 11
51 45 9
51 46 1
51 47 7
51 48 9
51 49 15
51 50 1
52 0 1
52 1 18
52 2 5
52 3 12
52 4 13
52 5 4
52 6 4
52 7 19
52 8 2
52 9 10
52 10 16
52 11 6
52 12 20
52 13 3
52 14 17
52 15 12
52 16 10
52 17 9
52 18 15
52 19 7
52 20 13
52 21 6
52 22 10
52 23 7
52 24 14
52 25 20
52 26 14
52 27 5
52 28 2
52 29 13
52 30 2
52 31 14
52 32 16
52 33 20
52 34 6
52 35 3
52 36 2
52 37 15
52 38 5
52 39 9
52 40 2
52 41 17
52 42 19
52 43 6
52 44 16
52 45 17
52 46 14
52 47 5
52 48 18
52 49 15
52 50 20
52 51 8
53 0 6
53 1 16
53 2 19
53 3 6
53 4 2
53 5 15
53 6 2
53 7 1
53 8 6
53 9 11
53 10 19
53 11 8
53 12 2
53 13 8
53 14 13
53 15 1
53 16 13
53 17 5
53 18 3
53 19 18
53 20 13
53 21 16
53 22 14
53 23 2
53 24 8
53 25 3
53 26 8
53 27 15
53 28 19
53 29 2
53 30 18
53 31 20
53 32 20
53 33 18
53 34 18
53 35 16
53 36 13
53 37 2
53 38 10
53 39 7
53 40 6
53 41 13
53 42 17
53 43 4
53 44 17
53 45 14
53 46 18
53 47 1
53 48 5
53 49 18
53 50 11
53 51 8
53 52 13
54 0 6
54 1 2
54 2 14
54 3 5
54 4 14
54 5 14
54 6 5
54 7 3
54 8 3
54 9 13
54 10 3
54 11 1
54 12 13
54 13 13
54 14 8
54 15 1
54 16 3
54 17 10
54 18 8
54 19 10
54 20 18
54 21 10
54 22 13
54 23 3
54 24 7
54 25 5
54 26 14
54 27 1
54 28 18
54 29 6
54 30 8
54 31 13
54 32 9
54 33 11
54 34 10
54 35 7
54 36 15
54 37 19
54 38 5
54 39 3
54 40 19
54 41 15
54 42 20
54 43 4
54 44 14
54 45 10
54 46 20
54 47 20
54 48 15
54 49 15
54 50 15
54 51 18
54 52 6
54 53 18
55 0 16
55 1 10
55 2 16
55 3 17
55 4 7
55 5 1
55 6 7
55 7 1
55 8 15
55 9 10
55 10 8
55 11 5
55 12 4
55 13 7
55 14 8
55 15 13
55 16 13
55 17 8
55 18 1
55 19 7
55 20 3
55 21 1
55 22 18
55 23 5
55 24 17
55 25 8
55 26 7
55 27 6
55 28 2
55 29 10
55 30 2
55 31 16
55 32 17
55 33 8
55 34 7
55 35 3
55 36 1
55 37 4
55 38 5
55 39 11
55 40 12
55 41 7
55 42 12
55 43 12
55 44 13
55 45 4
55 46 4
55 47 16
55 48 10
55 49 10
55 50 5
55 51 10
55 52 18
55 53 11
55 54 10
56 0 11
56 1 9
56 2 18
56 3 17
56 4 4
56 5 7
56 6 12
56 7 7
56 8 5
56 9 6
56 10 11
56 11 20
56 12 7
56 13 8
56 14 18
56 15 6
56 16 3
56 17 5
56 18 8
56 19 5
56 20 11
56 21 12
56 22 5
56 23 1
56 24 4
56 25 4
56 26 11
56 27 11
56 28 18
56 29 4
56 30 7
56 31 16
56 32 5
56 33 10
56 34 4
56 35 12
56 36 16
56 37 6
56 38 8
56 39 3
56 40 15
56 41 15
56 42 9
56 43 9
56 44 16
56 45 9
56 46 12
56 47 14
56 48 2
56 49 4
56 50 1
56 51 11
56 52 3
56 53 18
56 54 20
56 55 8
57 0 20
57 1 2
57 2 9
57 3 19
57 4 20
57 5 5
57 6 2
57 7 7
57 8 17
57 9 14
57 10 14
57 11 6
57 12 1
57 13 14
57 14 7
57 15 9
57 16 20
57 17 17
57 18 15
57 19 18
57 20 8
57 21 14
57 22 18
57 23 8
57 24 1
57 25 17
57 26 12
57 27 8
57 28 15
57 29 5
57 30 7
57 31 18
57 32 3
57 33 11
57 34 11
57 35 11
57 36 9
57 37 15
57 38 2
57 39 12
57 40 18
57 41 12
57 42 10
57 43 17
57 44 2
57 45 3
57 46 5
57 47 15
57 48 18
57 49 3
57 50 10
57 51 1
57 52 1
57 53 18
57 54 4
57 55 14
57 56 8
58 0 11
58 1 7
58 2 9
58 3 12
58 4 1
58 5 20
58 6 5
58 7 11
58 8 17
58 9 18
58 10 8
58 11 14
58 12 10
58 13 8
58 14 17
58 15 11
58 16 17
58 17 4
58 18 6
58 19 12
58 20 19
58 21 5
58 22 8
58 23 7
58 24 1
58 25 17
58 26 18
58 27 20
58 28 20
58 29 20
58 30 4
58 31 13
58 32 9
58 33 2
58 34 18
58 35 2
58 36 11
58 37 15
58 38 8
58 39 16
58 40 19
58 41 15
58 42 6
58 43 4
58 44 13
58 45 9
58 46 7
58 47 14
58 48 12
58 49 2
58 50 16
58 51 3
58 52 1
58 53 13
58 54 20
58 55 8
58 56 14
58 57 3
59 0 15
59 1 5
59 2 3
59 3 5
59 4 16
59 5 20
59 6 9
59 7 15
59 8 9
59 9 6
59 10 6
59 11 3
59 12 4
59 13 6
59 14 13
59 15 15
59 16 15
59 17 17
59 18 4
59 19 9
59 20 18
59 21 10
59 22 19
59 23 13
59 24 7
59 25 12
59 26 18
59 27 13
59 28 18
59 29 14
59 30 18
59 31 12
59 32 3
59 33 20
59 34 8
59 35 19
59 36 12
59 37 11
59 38 1
59 39 8
59 40 4
59 41 6
59 42 13
59 43 15
59 44 8
59 45 17
59 46 5
59 47 14
59 48 19
59 49 10
59 50 5
59 51 13
59 52 2
59 53 17
59 54 6
59 55 16
59 56 17
59 57 12
59 58 9
60 0 16
60 1 11
60 2 19
60 3 1
60 4 11
60 5 13
60 6 1
60 7 15
60 8 7
60 9 16
60 10 16
60 11 7
60 12 1
60 13 13
60 14 13
60 15 3
60 16 11
60 17 12
60 18 18
60 19 13
60 20 11
60 21 11
60 22 6
60 23 15
60 24 19
60 25 17
60 26 16
60 27 16
60 28 11
60 29 20
60 30 18
60 31 19
60 32 3
60 33 16
60 34 7
60 35 19
60 36 17
60 37 16
60 38 4
60 39 1
60 40 8
60 41 9
60 42 1
60 43 15
60 44 15
60 45 7
60 46 15
60 47 15
60 48 6
60 49 20
60 50 3
60 51 2
60 52 4
60 53 16
60 54 19
60 55 8
60 56 2
60 57 14
60 58 15
60 59 16
61 0 5
61 1 2
61 2 19
61 3 19
61 4 16
61 5 11
61 6 18
61 7 15
61 8 8
61 9 1
61 10 13
61 11 18
61 12 5
61 13 11
61 14 17
61 15 2
61 16 3
61 17 2
61 18 3
61 19 10
61 20 2
61 21 9
61 22 17
61 23 4
61 24 12
61 25 2
61 26 9
61 27 13
61 28 3
61 29 7
61 30 2
61 31 1
61 32 18
61 33 2
61 34 18
61 35 2
61 36 7
61 37 18
61 38 18
61 39 19
61 40 7
61 41 14
61 42 6
61 43 11
61 44 13
61 45 20
61 46 6
61 47 11
61 48 19
61 49 13
61 50 5
61 51 13
61 52 12
61 53 9
61 54 2
61 55 15
61 56 6
61 57 5
61 58 5
61 59 9
61 60 2
62 0 18
62 1 11
62 2 10
62 3 18
62 4 7
62 5 9
62 6 3
62 7 5
62 8 15
62 9 4
62 10 5
62 11 16
62 12 13
62 13 9
62 14 14
62 15 5
62 16 4
62 17 10
62 18 6
62 19 2
62 20 16
62 21 6
62 22 11
62 23 13
62 24 15
62 25 10
62 26 14
62 27 19
62 28 3
62 29 12
62 30 7
62 31 17
62 32 11
62 33 11
62 34 2
62 35 1
62 36 13
62 37 20
62 38 18
62 39 4
62 40 19
62 41 18
62 42 7
62 43 18
62 44 12
62 45 18
62 46 11
62 47 1
62 48 5
62 49 20
62 50 14
62 51 8
62 52 2
62 53 3
62 54 5
62 55 9
62 56 9
62 57 7
62 58 2
62 59 8
62 60 16
62 61 4
