51
1 0 44
2 0 25
2 1 22
3 0 3
3 1 10
3 2 29
4 0 48
4 1 43
4 2 41
4 3 6
5 0 8
5 1 17
5 2 50
5 3 28
5 4 6
6 0 15
6 1 25
6 2 32
6 3 25
6 4 38
6 5 17
7 0 49
7 1 23
7 2 19
7 3 17
7 4 4
7 5 30
7 6 12
8 0 41
8 1 43
8 2 20
8 3 13
8 4 7
8 5 41
8 6 18
8 7 18
9 0 40
9 1 45
9 2 46
9 3 28
9 4 50
9 5 1
9 6 17
9 7 20
9 8 48
10 0 8
10 1 5
10 2 22
10 3 15
10 4 30
10 5 15
10 6 4
10 7 35
10 8 41
10 9 29
11 0 13
11 1 44
11 2 2
11 3 9
11 4 37
11 5 44
11 6 32
11 7 26
11 8 40
11 9 17
11 10 37
12 0 47
12 1 9
12 2 22
12 3 40
12 4 28
12 5 44
12 6 8
12 7 11
12 8 9
12 9 51
12 10 24
12 11 13
13 0 34
13 1 50
13 2 53
13 3 45
13 4 18
13 5 43
13 6 15
13 7 23
13 8 11
13 9 2
13 10 10
13 11 38
13 12 20
14 0 15
14 1 26
14 2 33
14 3 32
14 4 9
14 5 8
14 6 21
14 7 36
14 8 11
14 9 28
14 10 16
14 11 45
14 12 26
14 13 32
15 0 26
15 1 53
15 2 43
15 3 2
15 4 40
15 5 35
15 6 7
15 7 38
15 8 38
15 9 25
15 10 48
15 11 35
15 12 10
15 13 35
15 14 17
16 0 6
16 1 50
16 2 26
16 3 35
16 4 35
16 5 11
16 6 49
16 7 19
16 8 46
16 9 30
16 10 37
16 11 21
16 12 53
16 13 50
16 14 44
16 15 1
17 0 14
17 1 2
17 2 5
17 3 5
17 4 18
17 5 21
17 6 5
17 7 33
17 8 30
17 9 38
17 10 46
17 11 47
17 12 19
17 13 24
17 14 5
17 15 32
17 16 30
18 0 33
18 1 33
18 2 4
18 3 53
18 4 11
18 5 29
18 6 42
18 7 11
18 8 47
18 9 17
18 10 22
18 11 9
18 12 46
18 13 18
18 14 2
18 15 44
18 16 47
18 17 22
19 0 42
19 1 9
19 2 48
19 3 37
19 4 40
19 5 32
19 6 52
19 7 50
19 8 8
19 9 39
19 10 3
19 11 31
19 12 40
19 13 36
19 14 11
19 15 33
19 16 43
19 17 42
19 18 12
20 0 24
20 1 42
20 2 13
20 3 21
20 4 53
20 5 2
20 6 39
20 7 21
20 8 6
20 9 37
20 10 28
20 11 12
20 12 35
20 13 5
20 14 25
20 15 34
20 16 4
20 17 1
20 18 37
20 19 42
21 0 15
21 1 25
21 2 1
21 3 38
21 4 51
21 5 18
21 6 30
21 7 4
21 8 52
21 9 30
21 10 44
21 11 5
21 12 16
21 13 6
21 14 18
21 15 49
21 16 22
21 17 30
21 18 34
21 19 27
21 20 30
22 0 6
22 1 7
22 2 50
22 3 5
22 4 42
22 5 9
22 6 43
22 7 28
22 8 24
22 9 21
22 10 46
22 11 29
22 12 16
22 13 8
22 14 24
22 15 38
22 16 5
22 17 17
22 18 48
22 19 39
22 20 46
22 21 20
23 0 17
23 1 24
23 2 11
23 3 3
23 4 24
23 5 10
23 6 12
23 7 2
23 8 6
23 9 40
23 10 41
23 11 42
23 12 48
23 13 24
23 14 38
23 15 3
23 16 52
23 17 48
23 18 2
23 19 51
23 20 45
23 21 18
23 22 12
24 0 35
24 1 50
24 2 51
24 3 17
24 4 48
24 5 7
24 6 17
24 7 25
24 8 53
24 9 22
24 10 44
24 11 37
24 12 51
24 13 30
24 14 46
24 15 31
24 16 6
24 17 27
24 18 15
24 19 48
24 20 53
24 21 24
24 22 48
24 23 9
25 0 39
25 1 25
25 2 33
25 3 8
25 4 5
25 5 33
25 6 8
25 7 20
25 8 33
25 9 51
25 10 13
25 11 15
25 12 2
25 13 18
25 14 30
25 15 39
25 16 29
25 17 17
25 18 41
25 19 40
25 20 38
25 21 46
25 22 46
25 23 50
25 24 1
26 0 41
26 1 10
26 2 45
26 3 22
26 4 41
26 5 49
26 6 11
26 7 28
26 8 40
26 9 28
26 10 47
26 11 2
26 12 42
26 13 13
26 14 44
26 15 28
26 16 41
26 17 30
26 18 32
26 19 4
26 20 35
26 21 30
26 22 7
26 23 2
26 24 45
26 25 2
27 0 29
27 1 42
27 2 18
27 3 16
27 4 39
27 5 43
27 6 14
27 7 44
27 8 33
27 9 45
27 10 15
27 11 8
27 12 13
27 13 18
27 14 43
27 15 38
27 16 29
27 17 16
27 18 5
27 19 30
27 20 52
27 21 12
27 22 31
27 23 10
27 24 35
27 25 1
27 26 8
28 0 28
28 1 27
28 2 27
28 3 4
28 4 35
28 5 32
28 6 28
28 7 39
28 8 49
28 9 51
28 10 19
28 11 45
28 12 46
28 13 6
28 14 9
28 15 3
28 16 20
28 17 13
28 18 32
28 19 34
28 20 31
28 21 52
28 22 36
28 23 38
28 24 37
28 25 2
28 26 42
28 27 47
29 0 29
29 1 3
29 2 15
29 3 15
29 4 42
29 5 32
29 6 1
29 7 38
29 8 43
29 9 11
29 10 47
29 11 6
29 12 4
29 13 30
29 14 10
29 15 25
29 16 4
29 17 36
29 18 5
29 19 13
29 20 21
29 21 15
29 22 10
29 23 29
29 24 33
29 25 4
29 26 8
29 27 44
29 28 35
30 0 16
30 1 24
30 2 46
30 3 15
30 4 49
30 5 37
30 6 13
30 7 32
30 8 23
30 9 24
30 10 30
30 11 42
30 12 47
30 13 29
30 14 2
30 15 25
30 16 47
30 17 23
30 18 25
30 19 17
30 20 21
30 21 15
30 22 27
30 23 52
30 24 48
30 25 14
30 26 36
30 27 21
30 28 2
30 29 39
31 0 46
31 1 49
31 2 37
31 3 27
31 4 46
31 5 52
31 6 23
31 7 20
31 8 24
31 9 8
31 10 35
31 11 28
31 12 48
31 13 48
31 14 38
31 15 34
31 16 11
31 17 15
31 18 52
31 19 41
31 20 1
31 21 23
31 22 31
31 23 4
31 24 16
31 25 36
31 26 27
31 27 14
31 28 15
31 29 22
31 30 50
32 0 23
32 1 1
32 2 13
32 3 4
32 4 11
32 5 41
32 6 9
32 7 7
32 8 35
32 9 44
32 10 21
32 11 2
32 12 31
32 13 48
32 14 16
32 15 43
32 16 40
32 17 36
32 18 46
32 19 6
32 20 14
32 21 28
32 22 7
32 23 7
32 24 25
32 25 22
32 26 43
32 27 41
32 28 41
32 29 14
32 30 52
32 31 53
33 0 7
33 1 33
33 2 32
33 3 37
33 4 34
33 5 19
33 6 12
33 7 21
33 8 52
33 9 19
33 10 51
33 11 40
33 12 35
33 13 51
33 14 53
33 15 33
33 16 41
33 17 19
33 18 41
33 19 7
33 20 16
33 21 2
33 22 48
33 23 52
33 24 4
33 25 18
33 26 17
33 27 4
33 28 19
33 29 24
33 30 14
33 31 5
33 32 26
34 0 29
34 1 6
34 2 32
34 3 39
34 4 40
34 5 12
34 6 41
34 7 40
34 8 19
34 9 6
34 10 50
34 11 9
34 12 12
34 13 37
34 14 27
34 15 47
34 16 23
34 17 36
34 18 46
34 19 27
34 20 34
34 21 50
34 22 23
34 23 48
34 24 34
34 25 40
34 26 45
34 27 34
34 28 7
34 29 53
34 30 5
34 31 46
34 32 30
34 33 49
35 0 1
35 1 2
35 2 46
35 3 50
35 4 25
35 5 20
35 6 53
35 7 33
35 8 53
35 9 2
35 10 50
35 11 38
35 12 52
35 13 19
35 14 37
35 15 8
35 16 30
35 17 33
35 18 46
35 19 1
35 20 35
35 21 20
35 22 20
35 23 3
35 24 2
35 25 1
35 26 18
35 27 30
35 28 14
35 29 12
35 30 48
35 31 5
35 32 40
35 33 38
35 34 40
36 0 35
36 1 36
36 2 1
36 3 33
36 4 33
36 5 1
36 6 24
36 7 45
36 8 50
36 9 10
36 10 29
36 11 2
36 12 39
36 13 12
36 14 24
36 15 6
36 16 22
36 17 1
36 18 10
36 19 28
36 20 31
36 21 28
36 22 36
36 23 19
36 24 42
36 25 39
36 26 2
36 27 23
36 28 28
36 29 36
36 30 23
36 31 53
36 32 7
36 33 3
36 34 33
36 35 9
37 0 34
37 1 12
37 2 44
37 3 31
37 4 34
37 5 18
37 6 41
37 7 41
37 8 38
37 9 5
37 10 39
37 11 3
37 12 44
37 13 28
37 14 11
37 15 21
37 16 50
37 17 25
37 18 27
37 19 4
37 20 48
37 21 47
37 22 9
37 23 14
37 24 50
37 25 53
37 26 12
37 27 9
37 28 25
37 29 4
37 30 37
37 31 34
37 32 19
37 33 18
37 34 38
37 35 7
37 36 24
38 0 2
38 1 10
38 2 6
38 3 6
38 4 1
38 5 3
38 6 1
38 7 14
38 8 12
38 9 22
38 10 52
38 11 49
38 12 40
38 13 51
38 14 20
38 15 22
38 16 36
38 17 43
38 18 4
38 19 32
38 20 41
38 21 25
38 22 12
38 23 3
38 24 24
38 25 20
38 26 23
38 27 34
38 28 52
38 29 36
38 30 10
38 31 13
38 32 40
38 33 39
38 34 28
38 35 29
38 36 47
38 37 41
39 0 22
39 1 52
39 2 32
39 3 39
39 4 24
39 5 23
39 6 18
39 7 50
39 8 33
39 9 1
39 10 10
39 11 20
39 12 27
39 13 23
39 14 16
39 15 38
39 16 46
39 17 24
39 18 29
39 19 12
39 20 42
39 21 20
39 22 7
39 23 14
39 24 30
39 25 1
39 26 12
39 27 3
39 28 10
39 29 7
39 30 51
39 31 48
39 32 7
39 33 17
39 34 2
39 35 4
39 36 25
39 37 16
39 38 42
40 0 42
40 1 52
40 2 28
40 3 47
40 4 23
40 5 31
40 6 42
40 7 26
40 8 36
40 9 2
40 10 16
40 11 43
40 12 7
40 13 8
40 14 21
40 15 24
40 16 42
40 17 33
40 18 47
40 19 42
40 20 17
40 21 19
40 22 22
40 23 21
40 24 3
40 25 50
40 26 35
40 27 5
40 28 6
40 29 34
40 30 17
40 31 30
40 32 8
40 33 45
40 34 43
40 35 8
40 36 29
40 37 6
40 38 20
40 39 15
41 0 3
41 1 12
41 2 11
41 3 5
41 4 14
41 5 35
41 6 20
41 7 44
41 8 21
41 9 37
41 10 48
41 11 50
41 12 13
41 13 39
41 14 16
41 15 28
41 16 14
41 17 50
41 18 20
41 19 2
41 20 11
41 21 50
41 22 3
41 23 24
41 24 44
41 25 15
41 26 30
41 27 31
41 28 14
41 29 7
41 30 11
41 31 3
41 32 27
41 33 49
41 34 39
41 35 10
41 36 52
41 37 25
41 38 41
41 39 31
41 40 46
42 0 22
42 1 51
42 2 29
42 3 48
42 4 1
42 5 47
42 6 21
42 7 52
42 8 48
42 9 33
42 10 13
42 11 22
42 12 4
42 13 42
42 14 53
42 15 40
42 16 22
42 17 20
42 18 25
42 19 49
42 20 13
42 21 26
42 22 3
42 23 26
42 24 2
42 25 8
42 26 4
42 27 37
42 28 10
42 29 34
42 30 3
42 31 26
42 32 11
42 33 40
42 34 21
42 35 37
42 36 6
42 37 23
42 38 3
42 39 52
42 40 36
42 41 18
43 0 27
43 1 13
43 2 49
43 3 23
43 4 48
43 5 48
43 6 41
43 7 29
43 8 12
43 9 37
43 10 5
43 11 26
43 12 41
43 13 14
43 14 16
43 15 28
43 16 26
43 17 42
43 18 16
43 19 38
43 20 50
43 21 6
43 22 35
43 23 36
43 24 30
43 25 12
43 26 37
43 27 12
43 28 53
43 29 9
43 30 38
43 31 7
43 32 28
43 33 37
43 34 48
43 35 21
43 36 24
43 37 8
43 38 44
43 39 53
43 40 36
43 41 19
43 42 38
44 0 28
44 1 18
44 2 37
44 3 33
44 4 26
44 5 12
44 6 31
44 7 30
44 8 5
44 9 35
44 10 48
44 11 47
44 12 37
44 13 42
44 14 10
44 15 30
44 16 29
44 17 35
44 18 32
44 19 16
44 20 8
44 21 15
44 22 5
44 23 24
44 24 28
44 25 45
44 26 11
44 27 15
44 28 11
44 29 31
44 30 14
44 31 53
44 32 41
44 33 53
44 34 10
44 35 31
44 36 11
44 37 30
44 38 6
44 39 20
44 40 17
44 41 44
44 42 17
44 43 2
45 0 13
45 1 50
45 2 17
45 3 1
45 4 25
45 5 34
45 6 17
45 7 5
45 8 2
45 9 25
45 10 53
45 11 18
45 12 53
45 13 36
45 14 27
45 15 27
45 16 6
45 17 52
45 18 13
45 19 2
45 20 12
45 21 22
45 22 36
45 23 40
45 24 13
45 25 35
45 26 11
45 27 14
45 28 12
45 29 33
45 30 53
45 31 31
45 32 12
45 33 18
45 34 16
45 35 16
45 36 47
45 37 16
45 38 16
45 39 25
45 40 42
45 41 46
45 42 7
45 43 7
45 44 14
46 0 17
46 1 7
46 2 52
46 3 52
46 4 33
46 5 28
46 6 30
46 7 33
46 8 10
46 9 21
46 10 8
46 11 27
46 12 3
46 13 11
46 14 11
46 15 43
46 16 12
46 17 38
46 18 45
46 19 41
46 20 13
46 21 31
46 22 52
46 23 19
46 24 2
46 25 17
46 26 50
46 27 38
46 28 41
46 29 14
46 30 31
46 31 47
46 32 19
46 33 39
46 34 35
46 35 19
46 36 20
46 37 32
46 38 18
46 39 17
46 40 8
46 41 47
46 42 35
46 43 10
46 44 48
46 45 3
47 0 4
47 1 10
47 2 10
47 3 11
47 4 15
47 5 16
47 6 12
47 7 24
47 8 21
47 9 52
47 10 40
47 11 48
47 12 30
47 13 17
47 14 21
47 15 8
47 16 4
47 17 27
47 18 48
47 19 20
47 20 20
47 21 50
47 22 32
47 23 10
47 24 32
47 25 9
47 26 45
47 27 47
47 28 19
47 29 30
47 30 29
47 31 3
47 32 2
47 33 26
47 34 44
47 35 6
47 36 52
47 37 16
47 38 31
47 39 40
47 40 1
47 41 21
47 42 13
47 43 10
47 44 20
47 45 8
47 46 14
48 0 23
48 1 49
48 2 37
48 3 6
48 4 28
48 5 18
48 6 27
48 7 32
48 8 2
48 9 24
48 10 26
48 11 49
48 12 10
48 13 3
48 14 51
48 15 43
48 16 44
48 17 1
48 18 39
48 19 38
48 20 49
48 21 2
48 22 16
48 23 38
48 24 50
48 25 46
48 26 30
48 27 31
48 28 46
48 29 39
48 30 43
48 31 33
48 32 25
48 33 50
48 34 48
48 35 29
48 36 48
48 37 20
48 38 45
48 39 1
48 40 51
48 41 9
48 42 51
48 43 28
48 44 31
48 45 29
48 46 38
48 47 25
49 0 16
49 1 52
49 2 42
49 3 53
49 4 43
49 5 50
49 6 42
49 7 29
49 8 47
49 9 51
49 10 43
49 11 33
49 12 4
49 13 41
49 14 42
49 15 46
49 16 20
49 17 35
49 18 21
49 19 29
49 20 20
49 21 26
49 22 31
49 23 10
49 24 36
49 25 43
49 26 25
49 27 38
49 28 41
49 29 8
49 30 52
49 31 35
49 32 24
49 33 24
49 34 13
49 35 43
49 36 32
49 37 1
49 38 2
49 39 52
49 40 44
49 41 34
49 42 32
49 43 12
49 44 16
49 45 42
49 46 22
49 47 49
49 48 43
50 0 48
50 1 2
50 2 36
50 3 50
50 4 9
50 5 8
50 6 33
50 7 38
50 8 22
50 9 5
50 10 47
50 11 14
50 12 1
50 13 37
50 14 10
50 15 19
50 16 47
50 17 15
50 18 41
50 19 34
50 20 43
50 21 7
50 22 12
50 23 18
50 24 3
50 25 31
50 26 46
50 27 16
50 28 37
50 29 37
50 30 36
50 31 51
50 32 6
50 33 18
50 34 8
50 35 28
50 36 46
50 37 38
50 38 19
50 39 17
50 40 30
50 41 51
50 42 6
50 43 16
50 44 33
50 45 24
50 46 4
50 47 1
50 48 1
50 49 36
