65
1 0 8
2 0 31
2 1 26
3 0 36
3 1 12
3 2 9
4 0 55
4 1 41
4 2 55
4 3 40
5 0 45
5 1 29
5 2 10
5 3 38
5 4 22
6 0 38
6 1 5
6 2 20
6 3 48
6 4 10
6 5 52
7 0 48
7 1 24
7 2 49
7 3 17
7 4 5
7 5 44
7 6 5
8 0 19
8 1 44
8 2 42
8 3 47
8 4 44
8 5 35
8 6 12
8 7 56
9 0 12
9 1 16
9 2 21
9 3 56
9 4 55
9 5 8
9 6 44
9 7 8
9 8 45
10 0 33
10 1 52
10 2 49
10 3 35
10 4 35
10 5 44
10 6 49
10 7 25
10 8 38
10 9 23
11 0 17
11 1 2
11 2 35
11 3 41
11 4 23
11 5 38
11 6 24
11 7 58
11 8 12
11 9 56
11 10 22
12 0 57
12 1 36
12 2 47
12 3 21
12 4 10
12 5 15
12 6 10
12 7 41
12 8 57
12 9 59
12 10 8
12 11 46
13 0 44
13 1 5
13 2 10
13 3 19
13 4 51
13 5 5
13 6 46
13 7 48
13 8 32
13 9 32
13 10 32
13 11 47
13 12 34
14 0 41
14 1 49
14 2 53
14 3 43
14 4 29
14 5 57
14 6 43
14 7 20
14 8 15
14 9 26
14 10 6
14 11 57
14 12 25
14 13 27
15 0 13
15 1 39
15 2 9
15 3 10
15 4 45
15 5 59
15 6 49
15 7 57
15 8 57
15 9 46
15 10 54
15 11 5
15 12 8
15 13 16
15 14 21
16 0 8
16 1 23
16 2 21
16 3 40
16 4 18
16 5 15
16 6 51
16 7 34
16 8 37
16 9 34
16 10 57
16 11 22
16 12 12
16 13 52
16 14 31
16 15 48
17 0 31
17 1 8
17 2 39
17 3 7
17 4 7
17 5 34
17 6 58
17 7 15
17 8 17
17 9 51
17 10 15
17 11 30
17 12 39
17 13 56
17 14 19
17 15 22
17 16 41
18 0 24
18 1 47
18 2 57
18 3 31
18 4 58
18 5 41
18 6 34
18 7 33
18 8 37
18 9 50
18 10 3
18 11 2
18 12 27
18 13 8
18 14 4
18 15 14
18 16 5
18 17 41
19 0 47
19 1 58
19 2 38
19 3 34
19 4 1
19 5 54
19 6 7
19 7 32
19 8 3
19 9 21
19 10 56
19 11 4
19 12 56
19 13 56
19 14 6
19 15 41
19 16 51
19 17 19
19 18 50
20 0 15
20 1 26
20 2 33
20 3 16
20 4 33
20 5 43
20 6 1
20 7 49
20 8 48
20 9 56
20 10 53
20 11 47
20 12 40
20 13 4
20 14 44
20 15 30
20 16 29
20 17 6
20 18 27
20 19 17
21 0 39
21 1 27
21 2 51
21 3 51
21 4 48
21 5 56
21 6 37
21 7 36
21 8 10
21 9 6
21 10 8
21 11 41
21 12 31
21 13 50
21 14 47
21 15 15
21 16 35
21 17 3
21 18 42
21 19 58
21 20 42
22 0 8
22 1 34
22 2 49
22 3 58
22 4 44
22 5 36
22 6 41
22 7 34
22 8 33
22 9 30
22 10 14
22 11 38
22 12 15
22 13 54
22 14 21
22 15 3
22 16 31
22 17 53
22 18 49
22 19 54
22 20 40
22 21 17
23 0 8
23 1 45
23 2 54
23 3 10
23 4 27
23 5 36
23 6 33
23 7 22
23 8 40
23 9 13
23 10 54
23 11 20
23 12 22
23 13 44
23 14 15
23 15 21
23 16 25
23 17 6
23 18 18
23 19 2
23 20 52
23 21 51
23 22 14
24 0 36
24 1 43
24 2 42
24 3 50
24 4 32
24 5 11
24 6 32
24 7 39
24 8 19
24 9 25
24 10 48
24 11 3
24 12 28
24 13 47
24 14 44
24 15 33
24 16 16
24 17 12
24 18 26
24 19 2
24 20 29
24 21 57
24 22 7
24 23 23
25 0 35
25 1 24
25 2 58
25 3 52
25 4 33
25 5 58
25 6 14
25 7 21
25 8 42
25 9 43
25 10 31
25 11 55
25 12 16
25 13 22
25 14 49
25 15 50
25 16 14
25 17 12
25 18 18
25 19 38
25 20 50
25 21 50
25 22 49
25 23 47
25 24 57
26 0 12
26 1 16
26 2 29
26 3 58
26 4 24
26 5 33
26 6 13
26 7 1
26 8 39
26 9 9
26 10 16
26 11 32
26 12 56
26 13 37
26 14 25
26 15 52
26 16 19
26 17 16
26 18 24
26 19 2
26 20 7
26 21 58
26 22 40
26 23 43
26 24 17
26 25 56
27 0 56
27 1 52
27 2 44
27 3 44
27 4 23
27 5 33
27 6 25
27 7 52
27 8 17
27 9 34
27 10 23
27 11 6
27 12 44
27 13 41
27 14 14
27 15 43
27 16 37
27 17 36
27 18 34
27 19 58
27 20 58
27 21 1
27 22 30
27 23 58
27 24 19
27 25 15
27 26 5
28 0 56
28 1 56
28 2 35
28 3 25
28 4 54
28 5 44
28 6 59
28 7 54
28 8 39
28 9 25
28 10 4
28 11 31
28 12 49
28 13 10
28 14 9
28 15 24
28 16 39
28 17 43
28 18 25
28 19 1
28 20 25
28 21 8
28 22 49
28 23 51
28 24 45
28 25 56
28 26 29
28 27 1
29 0 20
29 1 53
29 2 6
29 3 30
29 4 40
29 5 35
29 6 52
29 7 6
29 8 59
29 9 15
29 10 45
29 11 51
29 12 19
29 13 54
29 14 32
29 15 48
29 16 27
29 17 29
29 18 3
29 19 24
29 20 17
29 21 29
29 22 51
29 23 33
29 24 43
29 25 41
29 26 59
29 27 44
29 28 5
30 0 32
30 1 27
30 2 12
30 3 54
30 4 17
30 5 51
30 6 2
30 7 24
30 8 30
30 9 16
30 10 18
30 11 55
30 12 49
30 13 3
30 14 55
30 15 20
30 16 28
30 17 30
30 18 6
30 19 7
30 20 56
30 21 15
30 22 41
30 23 30
30 24 40
30 25 58
30 26 44
30 27 12
30 28 46
30 29 55
31 0 56
31 1 6
31 2 57
31 3 6
31 4 43
31 5 24
31 6 25
31 7 5
31 8 33
31 9 57
31 10 16
31 11 16
31 12 21
31 13 43
31 14 43
31 15 26
31 16 8
31 17 28
31 18 5
31 19 10
31 20 22
31 21 26
31 22 22
31 23 45
31 24 39
31 25 31
31 26 2
31 27 13
31 28 42
31 29 49
31 30 12
32 0 46
32 1 42
32 2 16
32 3 15
32 4 55
32 5 24
32 6 57
32 7 42
32 8 1
32 9 54
32 10 2
32 11 58
32 12 35
32 13 36
32 14 51
32 15 57
32 16 24
32 17 54
32 18 53
32 19 58
32 20 41
32 21 40
32 22 40
32 23 29
32 24 49
32 25 32
32 26 30
32 27 11
32 28 48
32 29 32
32 30 13
32 31 50
33 0 12
33 1 34
33 2 32
33 3 58
33 4 7
33 5 57
33 6 29
33 7 55
33 8 43
33 9 40
33 10 23
33 11 59
33 12 20
33 13 18
33 14 38
33 15 2
33 16 40
33 17 51
33 18 29
33 19 21
33 20 31
33 21 52
33 22 54
33 23 45
33 24 13
33 25 14
33 26 58
33 27 25
33 28 5
33 29 2
33 30 53
33 31 30
33 32 45
34 0 13
34 1 47
34 2 8
34 3 39
34 4 49
34 5 50
34 6 52
34 7 30
34 8 1
34 9 16
34 10 44
34 11 20
34 12 17
34 13 27
34 14 43
34 15 28
34 16 38
34 17 8
34 18 7
34 19 35
34 20 23
34 21 25
34 22 5
34 23 32
34 24 5
34 25 55
34 26 28
34 27 41
34 28 32
34 29 39
34 30 38
34 31 10
34 32 9
34 33 58
35 0 47
35 1 47
35 2 50
35 3 15
35 4 15
35 5 7
35 6 23
35 7 35
35 8 28
35 9 25
35 10 50
35 11 59
35 12 52
35 13 46
35 14 35
35 15 57
35 16 44
35 17 41
35 18 59
35 19 51
35 20 37
35 21 29
35 22 36
35 23 17
35 24 21
35 25 56
35 26 43
35 27 44
35 28 12
35 29 31
35 30 33
35 31 29
35 32 1
35 33 11
35 34 11
36 0 24
36 1 24
36 2 2
36 3 20
36 4 15
36 5 5
36 6 42
36 7 27
36 8 39
36 9 12
36 10 39
36 11 40
36 12 38
36 13 1
36 14 41
36 15 39
36 16 36
36 17 35
36 18 11
36 19 21
36 20 58
36 21 59
36 22 6
36 23 22
36 24 12
36 25 18
36 26 39
36 27 4
36 28 21
36 29 29
36 30 14
36 31 2
36 32 55
36 33 6
36 34 44
36 35 19
37 0 24
37 1 50
37 2 50
37 3 36
37 4 43
37 5 57
37 6 31
37 7 8
37 8 43
37 9 48
37 10 51
37 11 12
37 12 2
37 13 1
37 14 20
37 15 37
37 16 27
37 17 14
37 18 32
37 19 3
37 20 8
37 21 7
37 22 22
37 23 30
37 24 39
37 25 29
37 26 22
37 27 21
37 28 31
37 29 18
37 30 6
37 31 28
37 32 45
37 33 14
37 34 21
37 35 30
37 36 40
38 0 53
38 1 22
38 2 20
38 3 47
38 4 54
38 5 7
38 6 14
38 7 48
38 8 31
38 9 40
38 10 17
38 11 44
38 12 22
38 13 11
38 14 5
38 15 59
38 16 36
38 17 45
38 18 43
38 19 38
38 20 27
38 21 18
38 22 45
38 23 21
38 24 58
38 25 28
38 26 19
38 27 49
38 28 40
38 29 51
38 30 55
38 31 29
38 32 54
38 33 11
38 34 33
38 35 54
38 36 42
38 37 18
39 0 47
39 1 6
39 2 6
39 3 7
39 4 31
39 5 54
39 6 8
39 7 42
39 8 9
39 9 50
39 10 19
39 11 24
39 12 22
39 13 10
39 14 57
39 15 21
39 16 13
39 17 13
39 18 53
39 19 9
39 20 40
39 21 14
39 22 20
39 23 23
39 24 57
39 25 53
39 26 51
39 27 3
39 28 42
39 29 44
39 30 4
39 31 29
39 32 13
39 33 58
39 34 55
39 35 4
39 36 40
39 37 15
39 38 21
40 0 49
40 1 11
40 2 39
40 3 8
40 4 45
40 5 35
40 6 50
40 7 22
40 8 41
40 9 51
40 10 56
40 11 20
40 12 31
40 13 19
40 14 58
40 15 54
40 16 37
40 17 49
40 18 40
40 19 23
40 20 33
40 21 13
40 22 56
40 23 3
40 24 17
40 25 53
40 26 33
40 27 9
40 28 47
40 29 57
40 30 31
40 31 47
40 32 33
40 33 7
40 34 35
40 35 6
40 36 24
40 37 56
40 38 25
40 39 38
41 0 37
41 1 46
41 2 36
41 3 55
41 4 28
41 5 49
41 6 45
41 7 26
41 8 17
41 9 36
41 10 56
41 11 37
41 12 4
41 13 39
41 14 24
41 15 46
41 16 2
41 17 2
41 18 23
41 19 34
41 20 32
41 21 16
41 22 23
41 23 53
41 24 32
41 25 39
41 26 16
41 27 10
41 28 16
41 29 6
41 30 59
41 31 12
41 32 54
41 33 45
41 34 45
41 35 25
41 36 31
41 37 23
41 38 10
41 39 58
41 40 17
42 0 4
42 1 24
42 2 2
42 3 56
42 4 42
42 5 31
42 6 5
42 7 12
42 8 28
42 9 41
42 10 33
42 11 58
42 12 56
42 13 30
42 14 37
42 15 19
42 16 4
42 17 4
42 18 59
42 19 57
42 20 36
42 21 20
42 22 33
42 23 59
42 24 7
42 25 51
42 26 26
42 27 14
42 28 29
42 29 5
42 30 32
42 31 4
42 32 25
42 33 39
42 34 9
42 35 52
42 36 48
42 37 31
42 38 25
42 39 31
42 40 25
42 41 39
43 0 43
43 1 23
43 2 37
43 3 58
43 4 9
43 5 34
43 6 55
43 7 23
43 8 44
43 9 5
43 10 43
43 11 9
43 12 14
43 13 18
43 14 26
43 15 24
43 16 20
43 17 26
43 18 45
43 19 51
43 20 42
43 21 52
43 22 5
43 23 29
43 24 26
43 25 8
43 26 56
43 27 38
43 28 33
43 29 27
43 30 18
43 31 42
43 32 48
43 33 55
43 34 54
43 35 31
43 36 42
43 37 27
43 38 58
43 39 55
43 40 47
43 41 24
43 42 11
44 0 22
44 1 29
44 2 32
44 3 23
44 4 17
44 5 53
44 6 30
44 7 47
44 8 38
44 9 32
44 10 5
44 11 32
44 12 7
44 13 57
44 14 52
44 15 31
44 16 33
44 17 24
44 18 19
44 19 28
44 20 46
44 21 21
44 22 1
44 23 15
44 24 46
44 25 22
44 26 50
44 27 51
44 28 1
44 29 37
44 30 16
44 31 57
44 32 26
44 33 4
44 34 58
44 35 27
44 36 4
44 37 7
44 38 39
44 39 49
44 40 38
44 41 19
44 42 24
44 43 1
45 0 29
45 1 14
45 2 24
45 3 4
45 4 33
45 5 47
45 6 35
45 7 2
45 8 37
45 9 32
45 10 29
45 11 40
45 12 36
45 13 48
45 14 36
45 15 52
45 16 48
45 17 29
45 18 47
45 19 3
45 20 32
45 21 2
45 22 41
45 23 48
45 24 16
45 25 4
45 26 12
45 27 36
45 28 28
45 29 17
45 30 12
45 31 21
45 32 34
45 33 59
45 34 28
45 35 58
45 36 49
45 37 12
45 38 17
45 39 35
45 40 4
45 41 58
45 42 59
45 43 32
45 44 24
46 0 4
46 1 56
46 2 47
46 3 39
46 4 18
46 5 10
46 6 17
46 7 57
46 8 33
46 9 54
46 10 57
46 11 35
46 12 34
46 13 52
46 14 6
46 15 18
46 16 29
46 17 47
46 18 42
46 19 38
46 20 59
46 21 33
46 22 27
46 23 48
46 24 36
46 25 8
46 26 5
46 27 18
46 28 27
46 29 10
46 30 25
46 31 16
46 32 21
46 33 35
46 34 39
46 35 19
46 36 19
46 37 56
46 38 5
46 39 20
46 40 36
46 41 12
46 42 41
46 43 17
46 44 6
46 45 7
47 0 20
47 1 18
47 2 31
47 3 42
47 4 26
47 5 32
47 6 44
47 7 7
47 8 6
47 9 23
47 10 16
47 11 54
47 12 30
47 13 10
47 14 44
47 15 59
47 16 45
47 17 24
47 18 51
47 19 10
47 20 31
47 21 17
47 22 59
47 23 20
47 24 15
47 25 54
47 26 51
47 27 50
47 28 41
47 29 21
47 30 26
47 31 15
47 32 12
47 33 45
47 34 20
47 35 56
47 36 44
47 37 57
47 38 18
47 39 52
47 40 49
47 41 14
47 42 26
47 43 42
47 44 43
47 45 26
47 46 23
48 0 3
48 1 45
48 2 20
48 3 27
48 4 26
48 5 14
48 6 1
48 7 45
48 8 27
48 9 42
48 10 49
48 11 23
48 12 5
48 13 26
48 14 53
48 15 32
48 16 55
48 17 8
48 18 31
48 19 56
48 20 18
48 21 34
48 22 44
48 23 7
48 24 11
48 25 33
48 26 5
48 27 12
48 28 14
48 29 17
48 30 5
48 31 25
48 32 48
48 33 4
48 34 13
48 35 34
48 36 31
48 37 16
48 38 18
48 39 42
48 40 37
48 41 21
48 42 27
48 43 29
48 44 22
48 45 55
48 46 22
48 47 16
49 0 15
49 1 57
49 2 7
49 3 20
49 4 38
49 5 21
49 6 8
49 7 42
49 8 11
49 9 6
49 10 56
49 11 14
49 12 1
49 13 6
49 14 35
49 15 16
49 16 53
49 17 39
49 18 6
49 19 53
49 20 19
49 21 26
49 22 27
49 23 31
49 24 38
49 25 48
49 26 36
49 27 23
49 28 42
49 29 30
49 30 48
49 31 14
49 32 11
49 33 41
49 34 9
49 35 9
49 36 9
49 37 45
49 38 7
49 39 33
49 40 8
49 41 48
49 42 31
49 43 35
49 44 49
49 45 19
49 46 11
49 47 23
49 48 23
50 0 32
50 1 13
50 2 11
50 3 40
50 4 43
50 5 38
50 6 8
50 7 6
50 8 11
50 9 51
50 10 10
50 11 52
50 12 34
50 13 13
50 14 29
50 15 44
50 16 17
50 17 34
50 18 27
50 19 38
50 20 31
50 21 36
50 22 46
50 23 44
50 24 29
50 25 20
50 26 28
50 27 48
50 28 6
50 29 10
50 30 9
50 31 4
50 32 31
50 33 16
50 34 6
50 35 39
50 36 4
50 37 9
50 38 34
50 39 35
50 40 51
50 41 47
50 42 23
50 43 44
50 44 27
50 45 45
50 46 25
50 47 20
50 48 25
50 49 54
51 0 38
51 1 50
51 2 11
51 3 48
51 4 57
51 5 22
51 6 6
51 7 8
51 8 4
51 9 51
51 10 20
51 11 9
51 12 36
51 13 45
51 14 6
51 15 40
51 16 52
51 17 57
51 18 4
51 19 39
51 20 42
51 21 5
51 22 17
51 23 21
51 24 58
51 25 33
51 26 6
51 27 6
51 28 24
51 29 58
51 30 17
51 31 34
51 32 3
51 33 39
51 34 53
51 35 30
51 36 59
51 37 21
51 38 30
51 39 5
51 40 14
51 41 52
51 42 30
51 43 24
51 44 13
51 45 33
51 46 7
51 47 54
51 48 12
51 49 2
51 50 51
52 0 33
52 1 4
52 2 7
52 3 46
52 4 3
52 5 58
52 6 12
52 7 53
52 8 37
52 9 42
52 10 39
52 11 21
52 12 8
52 13 52
52 14 25
52 15 13
52 16 14
52 17 45
52 18 18
52 19 22
52 20 6
52 21 20
52 22 4
52 23 24
52 24 2
52 25 40
52 26 7
52 27 37
52 28 45
52 29 57
52 30 27
52 31 51
52 32 11
52 33 35
52 34 8
52 35 15
52 36 15
52 37 18
52 38 27
52 39 30
52 40 46
52 41 9
52 42 33
52 43 10
52 44 38
52 45 53
52 46 17
52 47 51
52 48 41
52 49 55
52 50 20
52 51 51
53 0 8
53 1 4
53 2 8
53 3 55
53 4 22
53 5 42
53 6 57
53 7 36
53 8 33
53 9 1
53 10 11
53 11 31
53 12 9
53 13 26
53 14 47
53 15 3
53 16 32
53 17 33
53 18 20
53 19 33
53 20 20
53 21 2
53 22 21
53 23 7
53 24 50
53 25 14
53 26 21
53 27 29
53 28 56
53 29 47
53 30 23
53 31 25
53 32 24
53 33 9
53 34 42
53 35 52
53 36 12
53 37 47
53 38 45
53 39 48
53 40 31
53 41 57
53 42 52
53 43 11
53 44 33
53 45 42
53 46 7
53 47 41
53 48 52
53 49 46
53 50 22
53 51 27
53 52 39
54 0 45
54 1 29
54 2 16
54 3 30
54 4 12
54 5 6
54 6 29
54 7 45
54 8 3
54 9 28
54 10 34
54 11 43
54 12 9
54 13 29
54 14 45
54 15 2
54 16 1
54 17 33
54 18 31
54 19 5
54 20 58
54 21 6
54 22 44
54 23 20
54 24 19
54 25 57
54 26 39
54 27 58
54 28 17
54 29 48
54 30 12
54 31 57
54 32 43
54 33 28
54 34 4
54 35 41
54 36 1
54 37 32
54 38 47
54 39 48
54 40 28
54 41 1
54 42 44
54 43 47
54 44 17
54 45 38
54 46 29
54 47 23
54 48 47
54 49 8
54 50 18
54 51 59
54 52 33
54 53 39
55 0 32
55 1 31
55 2 42
55 3 6
55 4 13
55 5 34
55 6 23
55 7 58
55 8 8
55 9 41
55 10 4
55 11 8
55 12 8
55 13 2
55 14 36
55 15 36
55 16 34
55 17 1
55 18 50
55 19 4
55 20 55
55 21 24
55 22 10
55 23 57
55 24 16
55 25 8
55 26 38
55 27 12
55 28 49
55 29 48
55 30 16
55 31 53
55 32 6
55 33 31
55 34 38
55 35 41
55 36 7
55 37 38
55 38 11
55 39 31
55 40 42
55 41 39
55 42 27
55 43 56
55 44 7
55 45 1
55 46 25
55 47 20
55 48 7
55 49 49
55 50 37
55 51 37
55 52 37
55 53 48
55 54 36
56 0 16
56 1 16
56 2 41
56 3 4
56 4 46
56 5 36
56 6 2
56 7 35
56 8 55
56 9 53
56 10 21
56 11 58
56 12 25
56 13 27
56 14 44
56 15 21
56 16 42
56 17 18
56 18 26
56 19 49
56 20 14
56 21 23
56 22 15
56 23 9
56 24 15
56 25 34
56 26 28
56 27 46
56 28 54
56 29 29
56 30 57
56 31 21
56 32 37
56 33 31
56 34 19
56 35 11
56 36 23
56 37 50
56 38 28
56 39 40
56 40 56
56 41 10
56 42 3
56 43 29
56 44 49
56 45 25
56 46 18
56 47 59
56 48 42
56 49 1
56 50 37
56 51 15
56 52 34
56 53 52
56 54 46
56 55 34
57 0 32
57 1 42
57 2 16
57 3 35
57 4 38
57 5 9
57 6 47
57 7 57
57 8 35
57 9 35
57 10 29
57 11 39
57 12 23
57 13 9
57 14 28
57 15 6
57 16 28
57 17 40
57 18 46
57 19 36
57 20 38
57 21 5
57 22 48
57 23 16
57 24 51
57 25 21
57 26 5
57 27 37
57 28 55
57 29 48
57 30 20
57 31 19
57 32 24
57 33 41
57 34 52
57 35 20
57 36 19
57 37 2
57 38 29
57 39 29
57 40 35
57 41 26
57 42 3
57 43 21
57 44 14
57 45 20
57 46 12
57 47 40
57 48 43
57 49 28
57 50 15
57 51 14
57 52 57
57 53 8
57 54 15
57 55 19
57 56 56
58 0 8
58 1 14
58 2 31
58 3 3
58 4 34
58 5 38
58 6 34
58 7 21
58 8 56
58 9 37
58 10 12
58 11 30
58 12 6
58 13 48
58 14 19
58 15 7
58 16 9
58 17 34
58 18 12
58 19 46
58 20 12
58 21 59
58 22 16
58 23 47
58 24 43
58 25 56
58 26 28
58 27 36
58 28 44
58 29 14
58 30 57
58 31 30
58 32 12
58 33 22
58 34 54
58 35 42
58 36 21
58 37 38
58 38 59
58 39 24
58 40 49
58 41 42
58 42 56
58 43 5
58 44 39
58 45 20
58 46 54
58 47 4
58 48 45
58 49 37
58 50 57
58 51 30
58 52 22
58 53 32
58 54 27
58 55 58
58 56 29
58 57 25
59 0 28
59 1 24
59 2 16
59 3 21
59 4 31
59 5 5
59 6 11
59 7 53
59 8 2
59 9 56
59 10 4
59 11 52
59 12 23
59 13 27
59 14 28
59 15 34
59 16 45
59 17 36
59 18 5
59 19 46
59 20 38
59 21 57
59 22 58
59 23 3
59 24 58
59 25 52
59 26 58
59 27 13
59 28 28
59 29 4
59 30 25
59 31 33
59 32 10
59 33 24
59 34 7
59 35 29
59 36 35
59 37 32
59 38 21
59 39 38
59 40 1
59 41 26
59 42 4
59 43 39
59 44 31
59 45 30
59 46 33
59 47 7
59 48 1
59 49 31
59 50 41
59 51 11
59 52 30
59 53 19
59 54 3
59 55 13
59 56 57
59 57 33
59 58 30
60 0 24
60 1 50
60 2 35
60 3 38
60 4 51
60 5 3
60 6 15
60 7 26
60 8 59
60 9 47
60 10 18
60 11 20
60 12 7
60 13 51
60 14 40
60 15 53
60 16 27
60 17 54
60 18 57
60 19 6
60 20 3
60 21 4
60 22 25
60 23 27
60 24 20
60 25 57
60 26 48
60 27 26
60 28 21
60 29 49
60 30 44
60 31 33
60 32 40
60 33 16
60 34 9
60 35 29
60 36 43
60 37 58
60 38 22
60 39 55
60 40 5
60 41 36
60 42 40
60 43 55
60 44 50
60 45 5
60 46 22
60 47 10
60 48 4
60 49 37
60 50 53
60 51 12
60 52 3
60 53 58
60 54 25
60 55 46
60 56 56
60 57 41
60 58 39
60 59 41
61 0 48
61 1 23
61 2 23
61 3 37
61 4 10
61 5 20
61 6 39
61 7 18
61 8 45
61 9 59
61 10 20
61 11 41
61 12 4
61 13 6
61 14 6
61 15 51
61 16 33
61 17 32
61 18 34
61 19 13
61 20 58
61 21 59
61 22 23
61 23 51
61 24 10
61 25 24
61 26 20
61 27 20
61 28 57
61 29 22
61 30 50
61 31 11
61 32 18
61 33 14
61 34 33
61 35 53
61 36 48
61 37 21
61 38 37
61 39 12
61 40 3
61 41 59
61 42 6
61 43 53
61 44 36
61 45 45
61 46 26
61 47 35
61 48 31
61 49 10
61 50 7
61 51 59
61 52 38
61 53 28
61 54 43
61 55 44
61 56 5
61 57 14
61 58 5
61 59 46
61 60 50
62 0 28
62 1 27
62 2 55
62 3 15
62 4 24
62 5 38
62 6 2
62 7 35
62 8 6
62 9 26
62 10 50
62 11 22
62 12 38
62 13 15
62 14 38
62 15 2
62 16 13
62 17 16
62 18 5
62 19 52
62 20 51
62 21 48
62 22 48
62 23 42
62 24 22
62 25 43
62 26 58
62 27 18
62 28 31
62 29 48
62 30 36
62 31 52
62 32 59
62 33 53
62 34 16
62 35 2
62 36 16
62 37 39
62 38 52
62 39 55
62 40 38
62 41 42
62 42 14
62 43 35
62 44 1
62 45 23
62 46 44
62 47 36
62 48 5
62 49 10
62 50 35
62 51 49
62 52 9
62 53 42
62 54 4
62 55 22
62 56 39
62 57 3
62 58 54
62 59 34
62 60 10
62 61 20
63 0 50
63 1 23
63 2 20
63 3 12
63 4 47
63 5 15
63 6 15
63 7 33
63 8 23
63 9 49
63 10 1
63 11 25
63 12 30
63 13 50
63 14 30
63 15 20
63 16 25
63 17 50
63 18 41
63 19 57
63 20 25
63 21 55
63 22 3
63 23 27
63 24 8
63 25 34
63 26 43
63 27 23
63 28 53
63 29 2
63 30 42
63 31 17
63 32 54
63 33 5
63 34 59
63 35 18
63 36 2
63 37 2
63 38 38
63 39 27
63 40 15
63 41 17
63 42 10
63 43 21
63 44 43
63 45 53
63 46 32
63 47 22
63 48 12
63 49 43
63 50 55
63 51 2
63 52 45
63 53 27
63 54 47
63 55 30
63 56 1
63 57 23
63 58 12
63 59 52
63 60 7
63 61 35
63 62 8
64 0 28
64 1 22
64 2 20
64 3 22
64 4 22
64 5 12
64 6 19
64 7 19
64 8 59
64 9 47
64 10 28
64 11 35
64 12 15
64 13 35
64 14 20
64 15 22
64 16 39
64 17 38
64 18 2
64 19 54
64 20 35
64 21 23
64 22 35
64 23 39
64 24 27
64 25 15
64 26 10
64 27 40
64 28 15
64 29 16
64 30 9
64 31 39
64 32 9
64 33 41
64 34 23
64 35 35
64 36 59
64 37 7
64 38 8
64 39 38
64 40 32
64 41 40
64 42 3
64 43 12
64 44 10
64 45 17
64 46 57
64 47 51
64 48 22
64 49 5
64 50 35
64 51 55
64 52 58
64 53 31
64 54 45
64 55 42
64 56 16
64 57 36
64 58 57
64 59 31
64 60 11
64 61 27
64 62 55
64 63 29
