13
1 0 3
2 0 3
2 1 3
3 0 2
3 1 3
3 2 1
4 0 3
4 1 3
4 2 2
4 3 3
5 0 1
5 1 1
5 2 1
5 3 2
5 4 3
6 0 2
6 1 1
6 2 2
6 3 3
6 4 2
6 5 1
7 0 1
7 1 2
7 2 3
7 3 1
7 4 3
7 5 2
7 6 3
8 0 1
8 1 2
8 2 2
8 3 2
8 4 3
8 5 2
8 6 2
8 7 1
9 0 3
9 1 1
9 2 1
9 3 3
9 4 3
9 5 3
9 6 3
9 7 3
9 8 1
10 0 3
10 1 2
10 2 1
10 3 2
10 4 1
10 5 2
10 6 1
10 7 2
10 8 2
10 9 1
11 0 3
11 1 3
11 2 1
11 3 3
11 4 2
11 5 3
11 6 3
11 7 1
11 8 2
11 9 2
11 10 3
12 0 1
12 1 1
12 2 1
12 3 2
12 4 3
12 5 3
12 6 2
12 7 2
12 8 1
12 9 2
12 10 3
12 11 3
