17
1 0 14
2 0 14
2 1 16
3 0 1
3 1 12
3 2 21
4 0 9
4 1 17
4 2 19
4 3 23
5 0 1
5 1 13
5 2 16
5 3 11
5 4 12
6 0 10
6 1 11
6 2 4
6 3 8
6 4 10
6 5 8
7 0 11
7 1 21
7 2 20
7 3 4
7 4 7
7 5 23
7 6 15
8 0 13
8 1 17
8 2 14
8 3 18
8 4 9
8 5 17
8 6 18
8 7 8
9 0 10
9 1 9
9 2 3
9 3 16
9 4 14
9 5 6
9 6 23
9 7 20
9 8 10
10 0 3
10 1 11
10 2 6
10 3 4
10 4 5
10 5 24
10 6 21
10 7 22
10 8 16
10 9 6
11 0 23
11 1 9
11 2 16
11 3 7
11 4 21
11 5 12
11 6 12
11 7 23
11 8 24
11 9 15
11 10 19
12 0 22
12 1 24
12 2 14
12 3 8
12 4 12
12 5 16
12 6 1
12 7 9
12 8 7
12 9 21
12 10 21
12 11 8
13 0 20
13 1 3
13 2 11
13 3 8
13 4 17
13 5 20
13 6 4
13 7 14
13 8 17
13 9 1
13 10 14
13 11 12
13 12 20
14 0 9
14 1 20
14 2 22
14 3 22
14 4 2
14 5 11
14 6 10
14 7 2
14 8 21
14 9 15
14 10 22
14 11 4
14 12 16
14 13 8
15 0 6
15 1 24
15 2 8
15 3 9
15 4 19
15 5 18
15 6 12
15 7 18
15 8 17
15 9 12
15 10 18
15 11 1
15 12 21
15 13 20
15 14 1
16 0 24
16 1 11
16 2 1
16 3 5
16 4 5
16 5 7
16 6 7
16 7 7
16 8 15
16 9 3
16 10 17
16 11 21
16 12 8
16 13 8
16 14 14
16 15 4
