19
1 0 28
2 0 10
2 1 27
3 0 38
3 2 36
4 1 22
4 2 9
5 1 7
5 2 23
5 4 31
6 0 38
6 2 33
6 4 37
6 5 16
7 1 37
7 2 7
7 3 19
7 4 25
7 5 29
7 6 1
8 0 7
8 3 32
8 4 28
8 5 32
8 7 22
9 6 5
9 8 8
10 0 32
10 3 32
10 6 7
10 7 33
10 8 20
10 9 11
11 0 27
11 1 23
11 2 13
11 3 9
11 10 18
12 2 20
12 3 10
12 8 2
12 9 17
12 10 20
12 11 23
13 2 2
13 3 32
13 4 37
13 7 17
13 8 9
14 1 22
14 2 35
14 3 28
14 7 36
14 8 5
14 9 11
14 10 33
14 12 32
15 2 4
15 4 34
15 5 15
15 7 13
15 8 21
15 9 35
15 14 4
16 0 28
16 1 14
16 2 29
16 4 14
16 5 19
16 6 25
16 8 36
16 9 5
16 10 5
16 11 7
16 12 20
16 13 21
17 1 37
17 2 38
17 5 12
17 8 4
17 9 2
17 10 34
17 12 22
17 13 8
18 1 5
18 8 37
18 9 7
18 10 14
18 11 5
18 13 38
18 14 32
18 15 2
18 16 36
18 17 10
