58
1 0 30
2 0 21
2 1 63
3 0 35
3 1 25
3 2 42
4 0 9
4 1 57
4 2 14
4 3 4
5 0 1
5 1 60
5 2 24
5 3 26
5 4 61
6 0 48
6 1 41
6 2 46
6 3 8
6 4 33
6 5 44
7 0 41
7 1 49
7 2 56
7 3 64
7 4 55
7 5 61
7 6 55
8 0 58
8 1 63
8 2 7
8 3 24
8 4 8
8 5 21
8 6 40
8 7 8
9 0 57
9 1 5
9 2 10
9 3 21
9 4 30
9 5 63
9 6 62
9 7 51
9 8 51
10 0 31
10 1 26
10 2 11
10 3 35
10 4 9
10 5 34
10 6 31
10 7 43
10 8 30
10 9 57
11 0 58
11 1 29
11 2 34
11 3 22
11 4 62
11 5 27
11 6 25
11 7 4
11 8 16
11 9 52
11 10 43
12 0 43
12 1 21
12 2 20
12 3 4
12 4 10
12 5 40
12 6 33
12 7 50
12 8 29
12 9 14
12 10 54
12 11 47
13 0 16
13 1 11
13 2 16
13 3 27
13 4 49
13 5 24
13 6 10
13 7 54
13 8 42
13 9 28
13 10 44
13 11 20
13 12 52
14 0 65
14 1 55
14 2 42
14 3 17
14 4 16
14 5 10
14 6 62
14 7 7
14 8 50
14 9 21
14 10 38
14 11 13
14 12 8
14 13 36
15 0 38
15 1 13
15 2 27
15 3 28
15 4 18
15 5 8
15 6 63
15 7 19
15 8 55
15 9 26
15 10 62
15 11 50
15 12 31
15 13 8
15 14 21
16 0 38
16 1 46
16 2 13
16 3 45
16 4 17
16 5 44
16 6 16
16 7 49
16 8 60
16 9 12
16 10 47
16 11 40
16 12 26
16 13 39
16 14 32
16 15 61
17 0 41
17 1 23
17 2 52
17 3 51
17 4 43
17 5 17
17 6 34
17 7 55
17 8 59
17 9 5
17 10 65
17 11 65
17 12 43
17 13 2
17 14 53
17 15 42
17 16 46
18 0 4
18 1 27
18 2 24
18 3 39
18 4 17
18 5 35
18 6 39
18 7 13
18 8 40
18 9 29
18 10 27
18 11 15
18 12 59
18 13 57
18 14 53
18 15 6
18 16 48
18 17 6
19 0 58
19 1 12
19 2 41
19 3 7
19 4 59
19 5 30
19 6 61
19 7 31
19 8 5
19 9 63
19 10 63
19 11 63
19 12 35
19 13 36
19 14 24
19 15 57
19 16 1
19 17 8
19 18 1
20 0 2
20 1 60
20 2 64
20 3 43
20 4 50
20 5 3
20 6 11
20 7 9
20 8 13
20 9 3
20 10 61
20 11 4
20 12 40
20 13 20
20 14 44
20 15 9
20 16 9
20 17 3
20 18 56
20 19 27
21 0 37
21 1 38
21 2 6
21 3 34
21 4 8
21 5 14
21 6 64
21 7 17
21 8 55
21 9 6
21 10 48
21 11 17
21 12 32
21 13 8
21 14 30
21 15 53
21 16 15
21 17 41
21 18 39
21 19 37
21 20 45
22 0 28
22 1 20
22 2 14
22 3 1
22 4 40
22 5 12
22 6 9
22 7 61
22 8 57
22 9 64
22 10 33
22 11 10
22 12 38
22 13 15
22 14 35
22 15 23
22 16 49
22 17 48
22 18 54
22 19 60
22 20 31
22 21 32
23 0 61
23 1 57
23 2 46
23 3 33
23 4 37
23 5 47
23 6 25
23 7 24
23 8 7
23 9 29
23 10 8
23 11 53
23 12 35
23 13 27
23 14 15
23 15 38
23 16 41
23 17 14
23 18 38
23 19 3
23 20 9
23 21 48
23 22 47
24 0 48
24 1 27
24 2 54
24 3 5
24 4 44
24 5 41
24 6 24
24 7 22
24 8 61
24 9 34
24 10 48
24 11 19
24 12 3
24 13 18
24 14 61
24 15 39
24 16 11
24 17 10
24 18 50
24 19 35
24 20 65
24 21 47
24 22 54
24 23 20
25 0 61
25 1 4
25 2 33
25 3 57
25 4 1
25 5 7
25 6 55
25 7 8
25 8 34
25 9 3
25 10 6
25 11 56
25 12 22
25 13 33
25 14 37
25 15 6
25 16 32
25 17 59
25 18 46
25 19 26
25 20 30
25 21 9
25 22 52
25 23 33
25 24 63
26 0 33
26 1 37
26 2 19
26 3 44
26 4 49
26 5 41
26 6 48
26 7 60
26 8 16
26 9 40
26 10 57
26 11 3
26 12 61
26 13 24
26 14 23
26 15 29
26 16 41
26 17 36
26 18 26
26 19 15
26 20 35
26 21 27
26 22 19
26 23 63
26 24 22
26 25 55
27 0 30
27 1 65
27 2 64
27 3 55
27 4 13
27 5 25
27 6 19
27 7 55
27 8 5
27 9 29
27 10 51
27 11 54
27 12 61
27 13 17
27 14 21
27 15 61
27 16 65
27 17 54
27 18 53
27 19 4
27 20 17
27 21 49
27 22 44
27 23 56
27 24 34
27 25 21
27 26 61
28 0 48
28 1 30
28 2 54
28 3 19
28 4 2
28 5 42
28 6 13
28 7 21
28 8 38
28 9 32
28 10 10
28 11 56
28 12 1
28 13 41
28 14 64
28 15 3
28 16 41
28 17 55
28 18 5
28 19 39
28 20 62
28 21 59
28 22 6
28 23 32
28 24 57
28 25 57
28 26 30
28 27 56
29 0 20
29 1 35
29 2 26
29 3 62
29 4 43
29 5 10
29 6 48
29 7 27
29 8 27
29 9 52
29 10 17
29 11 10
29 12 1
29 13 60
29 14 30
29 15 45
29 16 21
29 17 34
29 18 34
29 19 52
29 20 48
29 21 49
29 22 22
29 23 34
29 24 38
29 25 25
29 26 58
29 27 12
29 28 26
30 0 27
30 1 53
30 2 60
30 3 16
30 4 4
30 5 31
30 6 51
30 7 3
30 8 44
30 9 53
30 10 26
30 11 52
30 12 25
30 13 33
30 14 56
30 15 60
30 16 35
30 17 24
30 18 18
30 19 21
30 20 12
30 21 14
30 22 10
30 23 50
30 24 19
30 25 18
30 26 34
30 27 40
30 28 17
30 29 8
31 0 31
31 1 16
31 2 3
31 3 38
31 4 40
31 5 31
31 6 2
31 7 14
31 8 30
31 9 60
31 10 10
31 11 13
31 12 60
31 13 3
31 14 21
31 15 46
31 16 13
31 17 24
31 18 59
31 19 18
31 20 5
31 21 14
31 22 48
31 23 38
31 24 3
31 25 46
31 26 17
31 27 48
31 28 63
31 29 6
31 30 19
32 0 53
32 1 16
32 2 31
32 3 61
32 4 38
32 5 37
32 6 45
32 7 34
32 8 22
32 9 52
32 10 54
32 11 22
32 12 22
32 13 32
32 14 32
32 15 61
32 16 36
32 17 11
32 18 1
32 19 62
32 20 16
32 21 25
32 22 15
32 23 63
32 24 59
32 25 9
32 26 19
32 27 39
32 28 41
32 29 2
32 30 48
32 31 6
33 0 44
33 1 36
33 2 1
33 3 2
33 4 1
33 5 14
33 6 55
33 7 44
33 8 64
33 9 17
33 10 17
33 11 36
33 12 30
33 13 27
33 14 22
33 15 56
33 16 4
33 17 56
33 18 40
33 19 61
33 20 31
33 21 17
33 22 9
33 23 8
33 24 38
33 25 44
33 26 25
33 27 16
33 28 21
33 29 40
33 30 22
33 31 3
33 32 25
34 0 36
34 1 65
34 2 3
34 3 59
34 4 46
34 5 35
34 6 42
34 7 15
34 8 58
34 9 6
34 10 38
34 11 60
34 12 46
34 13 5
34 14 60
34 15 62
34 16 29
34 17 24
34 18 18
34 19 42
34 20 25
34 21 37
34 22 60
34 23 40
34 24 29
34 25 27
34 26 5
34 27 3
34 28 18
34 29 13
34 30 10
34 31 1
34 32 25
34 33 19
35 0 24
35 1 31
35 2 50
35 3 34
35 4 29
35 5 21
35 6 11
35 7 59
35 8 40
35 9 44
35 10 60
35 11 59
35 12 5
35 13 3
35 14 3
35 15 21
35 16 31
35 17 26
35 18 4
35 19 26
35 20 29
35 21 62
35 22 43
35 23 52
35 24 50
35 25 21
35 26 6
35 27 31
35 28 3
35 29 33
35 30 7
35 31 50
35 32 58
35 33 38
35 34 46
36 0 65
36 1 59
36 2 18
36 3 1
36 4 33
36 5 5
36 6 42
36 7 10
36 8 5
36 9 19
36 10 46
36 11 40
36 12 53
36 13 6
36 14 43
36 15 2
36 16 18
36 17 64
36 18 61
36 19 57
36 20 20
36 21 50
36 22 21
36 23 41
36 24 43
36 25 51
36 26 1
36 27 38
36 28 52
36 29 1
36 30 9
36 31 13
36 32 4
36 33 35
36 34 8
36 35 40
37 0 17
37 1 41
37 2 8
37 3 56
37 4 23
37 5 31
37 6 15
37 7 59
37 8 54
37 9 38
37 10 9
37 11 26
37 12 58
37 13 1
37 14 44
37 15 57
37 16 31
37 17 10
37 18 21
37 19 49
37 20 59
37 21 52
37 22 20
37 23 28
37 24 40
37 25 32
37 26 28
37 27 18
37 28 10
37 29 31
37 30 26
37 31 21
37 32 32
37 33 64
37 34 14
37 35 54
37 36 29
38 0 23
38 1 15
38 2 22
38 3 31
38 4 14
38 5 40
38 6 39
38 7 31
38 8 2
38 9 33
38 10 40
38 11 2
38 12 35
38 13 5
38 14 40
38 15 33
38 16 56
38 17 14
38 18 53
38 19 49
38 20 21
38 21 42
38 22 14
38 23 24
38 24 22
38 25 35
38 26 41
38 27 61
38 28 59
38 29 13
38 30 5
38 31 20
38 32 27
38 33 7
38 34 57
38 35 21
38 36 64
38 37 32
39 0 15
39 1 9
39 2 35
39 3 21
39 4 4
39 5 21
39 6 65
39 7 17
39 8 36
39 9 17
39 10 58
39 11 2
39 12 33
39 13 29
39 14 49
39 15 12
39 16 27
39 17 64
39 18 14
39 19 18
39 20 1
39 21 8
39 22 1
39 23 62
39 24 46
39 25 45
39 26 49
39 27 24
39 28 1
39 29 54
39 30 36
39 31 3
39 32 63
39 33 24
39 34 57
39 35 1
39 36 11
39 37 43
39 38 64
40 0 53
40 1 62
40 2 58
40 3 59
40 4 56
40 5 44
40 6 65
40 7 3
40 8 8
40 9 22
40 10 48
40 11 30
40 12 3
40 13 58
40 14 49
40 15 50
40 16 23
40 17 57
40 18 26
40 19 2
40 20 6
40 21 39
40 22 51
40 23 5
40 24 63
40 25 34
40 26 21
40 27 13
40 28 59
40 29 51
40 30 50
40 31 12
40 32 27
40 33 12
40 34 30
40 35 63
40 36 7
40 37 55
40 38 15
40 39 32
41 0 39
41 1 26
41 2 22
41 3 46
41 4 26
41 5 29
41 6 11
41 7 23
41 8 47
41 9 42
41 10 53
41 11 27
41 12 23
41 13 52
41 14 42
41 15 12
41 16 46
41 17 33
41 18 21
41 19 22
41 20 9
41 21 30
41 22 11
41 23 31
41 24 54
41 25 33
41 26 48
41 27 64
41 28 53
41 29 51
41 30 58
41 31 19
41 32 12
41 33 58
41 34 53
41 35 47
41 36 26
41 37 42
41 38 45
41 39 38
41 40 11
42 0 62
42 1 16
42 2 24
42 3 34
42 4 63
42 5 2
42 6 55
42 7 55
42 8 23
42 9 14
42 10 44
42 11 4
42 12 33
42 13 39
42 14 53
42 15 26
42 16 64
42 17 43
42 18 49
42 19 8
42 20 27
42 21 3
42 22 29
42 23 24
42 24 55
42 25 61
42 26 17
42 27 2
42 28 4
42 29 6
42 30 50
42 31 3
42 32 29
42 33 22
42 34 43
42 35 54
42 36 37
42 37 1
42 38 20
42 39 38
42 40 13
42 41 52
43 0 9
43 1 42
43 2 49
43 3 29
43 4 10
43 5 22
43 6 23
43 7 45
43 8 50
43 9 40
43 10 48
43 11 28
43 12 41
43 13 58
43 14 64
43 15 42
43 16 8
43 17 40
43 18 52
43 19 62
43 20 46
43 21 20
43 22 29
43 23 31
43 24 15
43 25 40
43 26 6
43 27 44
43 28 63
43 29 5
43 30 53
43 31 16
43 32 3
43 33 60
43 34 37
43 35 7
43 36 21
43 37 13
43 38 64
43 39 18
43 40 7
43 41 52
43 42 45
44 0 63
44 1 12
44 2 13
44 3 41
44 4 27
44 5 57
44 6 14
44 7 27
44 8 5
44 9 33
44 10 65
44 11 53
44 12 16
44 13 7
44 14 56
44 15 61
44 16 24
44 17 20
44 18 57
44 19 34
44 20 29
44 21 1
44 22 21
44 23 44
44 24 26
44 25 63
44 26 21
44 27 47
44 28 12
44 29 30
44 30 30
44 31 7
44 32 7
44 33 62
44 34 52
44 35 37
44 36 45
44 37 59
44 38 1
44 39 54
44 40 60
44 41 35
44 42 36
44 43 60
45 0 48
45 1 19
45 2 34
45 3 22
45 4 12
45 5 50
45 6 23
45 7 5
45 8 31
45 9 57
45 10 9
45 11 8
45 12 65
45 13 26
45 14 10
45 15 57
45 16 63
45 17 60
45 18 4
45 19 40
45 20 13
45 21 15
45 22 47
45 23 63
45 24 17
45 25 16
45 26 52
45 27 14
45 28 63
45 29 22
45 30 19
45 31 28
45 32 4
45 33 46
45 34 62
45 35 17
45 36 26
45 37 44
45 38 3
45 39 36
45 40 64
45 41 39
45 42 62
45 43 13
45 44 53
46 0 37
46 1 45
46 2 3
46 3 24
46 4 61
46 5 13
46 6 32
46 7 65
46 8 40
46 9 59
46 10 22
46 11 47
46 12 33
46 13 15
46 14 57
46 15 10
46 16 33
46 17 50
46 18 24
46 19 44
46 20 4
46 21 20
46 22 21
46 23 53
46 24 12
46 25 7
46 26 21
46 27 38
46 28 12
46 29 61
46 30 16
46 31 27
46 32 62
46 33 60
46 34 4
46 35 45
46 36 13
46 37 62
46 38 42
46 39 64
46 40 64
46 41 38
46 42 24
46 43 54
46 44 51
46 45 25
47 0 15
47 1 19
47 2 38
47 3 14
47 4 56
47 5 54
47 6 51
47 7 62
47 8 42
47 9 12
47 10 5
47 11 47
47 12 58
47 13 18
47 14 36
47 15 26
47 16 45
47 17 29
47 18 29
47 19 11
47 20 58
47 21 13
47 22 37
47 23 23
47 24 29
47 25 52
47 26 21
47 27 47
47 28 55
47 29 61
47 30 37
47 31 8
47 32 43
47 33 29
47 34 1
47 35 59
47 36 13
47 37 61
47 38 57
47 39 59
47 40 57
47 41 41
47 42 53
47 43 31
47 44 54
47 45 57
47 46 30
48 0 4
48 1 55
48 2 64
48 3 16
48 4 34
48 5 37
48 6 39
48 7 65
48 8 47
48 9 46
48 10 42
48 11 47
48 12 26
48 13 40
48 14 25
48 15 41
48 16 27
48 17 26
48 18 21
48 19 2
48 20 42
48 21 40
48 22 2
48 23 60
48 24 12
48 25 61
48 26 5
48 27 20
48 28 51
48 29 46
48 30 23
48 31 29
48 32 37
48 33 57
48 34 64
48 35 53
48 36 20
48 37 3
48 38 23
48 39 24
48 40 8
48 41 34
48 42 46
48 43 13
48 44 15
48 45 26
48 46 59
48 47 61
49 0 57
49 1 33
49 2 47
49 3 35
49 4 4
49 5 17
49 6 10
49 7 59
49 8 15
49 9 6
49 10 36
49 11 59
49 12 21
49 13 60
49 14 19
49 15 42
49 16 52
49 17 45
49 18 46
49 19 48
49 20 23
49 21 9
49 22 9
49 23 31
49 24 48
49 25 15
49 26 36
49 27 42
49 28 48
49 29 53
49 30 3
49 31 39
49 32 5
49 33 47
49 34 62
49 35 2
49 36 6
49 37 7
49 38 48
49 39 8
49 40 22
49 41 47
49 42 49
49 43 19
49 44 24
49 45 45
49 46 21
49 47 52
49 48 23
50 0 54
50 1 4
50 2 44
50 3 34
50 4 29
50 5 16
50 6 58
50 7 22
50 8 17
50 9 35
50 10 48
50 11 54
50 12 10
50 13 37
50 14 45
50 15 63
50 16 26
50 17 11
50 18 35
50 19 24
50 20 54
50 21 1
50 22 9
50 23 4
50 24 19
50 25 19
50 26 23
50 27 16
50 28 61
50 29 28
50 30 7
50 31 62
50 32 28
50 33 5
50 34 14
50 35 6
50 36 12
50 37 64
50 38 58
50 39 37
50 40 8
50 41 11
50 42 54
50 43 9
50 44 25
50 45 54
50 46 16
50 47 22
50 48 23
50 49 53
51 0 30
51 1 40
51 2 47
51 3 30
51 4 42
51 5 36
51 6 19
51 7 14
51 8 9
51 9 49
51 10 9
51 11 29
51 12 8
51 13 49
51 14 1
51 15 17
51 16 53
51 17 7
51 18 14
51 19 6
51 20 21
51 21 32
51 22 14
51 23 40
51 24 56
51 25 31
51 26 2
51 27 17
51 28 7
51 29 9
51 30 57
51 31 6
51 32 34
51 33 6
51 34 39
51 35 11
51 36 27
51 37 5
51 38 3
51 39 23
51 40 45
51 41 36
51 42 19
51 43 30
51 44 47
51 45 57
51 46 36
51 47 2
51 48 45
51 49 54
51 50 52
52 0 7
52 1 36
52 2 59
52 3 52
52 4 65
52 5 17
52 6 10
52 7 2
52 8 42
52 9 53
52 10 64
52 11 35
52 12 16
52 13 44
52 14 61
52 15 47
52 16 16
52 17 9
52 18 23
52 19 46
52 20 50
52 21 4
52 22 35
52 23 54
52 24 9
52 25 58
52 26 48
52 27 15
52 28 7
52 29 49
52 30 11
52 31 42
52 32 54
52 33 24
52 34 50
52 35 57
52 36 58
52 37 56
52 38 34
52 39 49
52 40 44
52 41 41
52 42 28
52 43 10
52 44 4
52 45 65
52 46 40
52 47 45
52 48 18
52 49 26
52 50 60
52 51 9
53 0 8
53 1 7
53 2 18
53 3 31
53 4 15
53 5 51
53 6 30
53 7 29
53 8 60
53 9 30
53 10 65
53 11 47
53 12 45
53 13 57
53 14 41
53 15 9
53 16 41
53 17 53
53 18 17
53 19 50
53 20 15
53 21 17
53 22 36
53 23 43
53 24 15
53 25 38
53 26 20
53 27 22
53 28 42
53 29 36
53 30 43
53 31 50
53 32 5
53 33 31
53 34 30
53 35 11
53 36 59
53 37 32
53 38 22
53 39 43
53 40 3
53 41 52
53 42 43
53 43 14
53 44 11
53 45 24
53 46 64
53 47 51
53 48 55
53 49 29
53 50 56
53 51 57
53 52 59
54 0 62
54 1 11
54 2 1
54 3 51
54 4 32
54 5 24
54 6 43
54 7 1
54 8 40
54 9 7
54 10 40
54 11 48
54 12 28
54 13 13
54 14 64
54 15 13
54 16 4
54 17 9
54 18 23
54 19 36
54 20 8
54 21 22
54 22 26
54 23 12
54 24 22
54 25 49
54 26 34
54 27 47
54 28 16
54 29 62
54 30 59
54 31 17
54 32 17
54 33 25
54 34 11
54 35 31
54 36 40
54 37 42
54 38 45
54 39 45
54 40 12
54 41 56
54 42 2
54 43 4
54 44 56
54 45 34
54 46 3
54 47 26
54 48 21
54 49 41
54 50 55
54 51 32
54 52 4
54 53 27
55 0 38
55 1 36
55 2 16
55 3 41
55 4 28
55 5 36
55 6 46
55 7 52
55 8 47
55 9 27
55 10 64
55 11 62
55 12 57
55 13 13
55 14 38
55 15 61
55 16 31
55 17 4
55 18 23
55 19 3
55 20 49
55 21 13
55 22 8
55 23 51
55 24 26
55 25 30
55 26 52
55 27 57
55 28 22
55 29 13
55 30 32
55 31 63
55 32 63
55 33 21
55 34 34
55 35 32
55 36 55
55 37 65
55 38 16
55 39 42
55 40 4
55 41 17
55 42 10
55 43 41
55 44 45
55 45 25
55 46 46
55 47 27
55 48 57
55 49 62
55 50 41
55 51 45
55 52 48
55 53 64
55 54 61
56 0 63
56 1 61
56 2 27
56 3 45
56 4 47
56 5 45
56 6 51
56 7 25
56 8 6
56 9 37
56 10 13
56 11 30
56 12 55
56 13 20
56 14 41
56 15 8
56 16 11
56 17 29
56 18 3
56 19 54
56 20 44
56 21 50
56 22 27
56 23 55
56 24 63
56 25 36
56 26 7
56 27 53
56 28 7
56 29 5
56 30 20
56 31 20
56 32 16
56 33 21
56 34 48
56 35 44
56 36 10
56 37 26
56 38 34
56 39 46
56 40 24
56 41 12
56 42 2
56 43 5
56 44 13
56 45 28
56 46 15
56 47 23
56 48 52
56 49 9
56 50 42
56 51 3
56 52 12
56 53 59
56 54 2
56 55 21
57 0 45
57 1 55
57 2 32
57 3 58
57 4 22
57 5 60
57 6 30
57 7 31
57 8 15
57 9 57
57 10 55
57 11 58
57 12 49
57 13 31
57 14 14
57 15 25
57 16 14
57 17 13
57 18 6
57 19 6
57 20 30
57 21 57
57 22 18
57 23 38
57 24 15
57 25 63
57 26 2
57 27 50
57 28 35
57 29 22
57 30 47
57 31 56
57 32 14
57 33 46
57 34 53
57 35 64
57 36 35
57 37 23
57 38 44
57 39 49
57 40 33
57 41 30
57 42 25
57 43 53
57 44 1
57 45 23
57 46 44
57 47 9
57 48 21
57 49 36
57 50 37
57 51 49
57 52 24
57 53 11
57 54 18
57 55 2
57 56 51
