38
1 0 23
2 0 14
2 1 32
3 0 16
3 1 13
3 2 14
4 0 17
4 1 34
4 2 35
4 3 10
5 0 20
5 1 34
5 2 30
5 3 9
5 4 14
6 0 16
6 1 28
6 2 9
6 3 12
6 4 33
6 5 35
7 0 26
7 1 1
7 2 22
7 3 35
7 4 29
7 5 26
7 6 25
8 0 23
8 1 15
8 2 21
8 3 10
8 4 9
8 5 26
8 6 4
8 7 32
9 0 5
9 1 17
9 2 14
9 3 18
9 4 7
9 5 12
9 6 34
9 7 5
9 8 19
10 0 31
10 1 25
10 2 1
10 3 29
10 4 30
10 5 24
10 6 29
10 7 10
10 8 6
10 9 1
11 0 30
11 1 12
11 2 21
11 3 21
11 4 34
11 5 16
11 6 29
11 7 17
11 8 3
11 9 8
11 10 1
12 0 19
12 1 35
12 2 20
12 3 16
12 4 17
12 5 5
12 6 27
12 7 24
12 8 2
12 9 16
12 10 5
12 11 14
13 0 19
13 1 32
13 2 23
13 3 34
13 4 21
13 5 1
13 6 14
13 7 1
13 8 6
13 9 19
13 10 6
13 11 33
13 12 24
14 0 1
14 1 2
14 2 29
14 3 6
14 4 10
14 5 15
14 6 27
14 7 1
14 8 17
14 9 6
14 10 28
14 11 35
14 12 21
14 13 8
15 0 11
15 1 17
15 2 29
15 3 1
15 4 29
15 5 10
15 6 17
15 7 34
15 8 11
15 9 6
15 10 27
15 11 9
15 12 12
15 13 22
15 14 6
16 0 33
16 1 26
16 2 10
16 3 35
16 4 22
16 5 35
16 6 19
16 7 2
16 8 4
16 9 30
16 10 34
16 11 7
16 12 15
16 13 19
16 14 22
16 15 25
17 0 31
17 1 2
17 2 7
17 3 26
17 4 16
17 5 25
17 6 30
17 7 15
17 8 18
17 9 32
17 10 13
17 11 20
17 12 12
17 13 18
17 14 6
17 15 24
17 16 25
18 0 26
18 1 4
18 2 34
18 3 30
18 4 6
18 5 3
18 6 10
18 7 14
18 8 12
18 9 35
18 10 20
18 11 9
18 12 30
18 13 27
18 14 10
18 15 6
18 16 13
18 17 28
19 0 1
19 1 28
19 2 26
19 3 33
19 4 18
19 5 20
19 6 28
19 7 12
19 8 34
19 9 7
19 10 1
19 11 13
19 12 12
19 13 5
19 14 1
19 15 25
19 16 27
19 17 6
19 18 13
20 0 7
20 1 12
20 2 19
20 3 8
20 4 31
20 5 18
20 6 5
20 7 1
20 8 26
20 9 24
20 10 35
20 11 3
20 12 27
20 13 26
20 14 34
20 15 21
20 16 8
20 17 17
20 18 4
20 19 31
21 0 25
21 1 15
21 2 22
21 3 13
21 4 34
21 5 16
21 6 4
21 7 4
21 8 21
21 9 27
21 10 5
21 11 16
21 12 18
21 13 32
21 14 3
21 15 10
21 16 5
21 17 5
21 18 17
21 19 7
21 20 9
22 0 31
22 1 31
22 2 7
22 3 27
22 4 28
22 5 17
22 6 28
22 7 28
22 8 21
22 9 5
22 10 24
22 11 30
22 12 1
22 13 33
22 14 27
22 15 2
22 16 8
22 17 25
22 18 16
22 19 22
22 20 26
22 21 24
23 0 32
23 1 4
23 2 24
23 3 8
23 4 24
23 5 4
23 6 23
23 7 30
23 8 3
23 9 15
23 10 35
23 11 13
23 12 24
23 13 32
23 14 32
23 15 33
23 16 10
23 17 11
23 18 24
23 19 33
23 20 4
23 21 7
23 22 8
24 0 10
24 1 30
24 2 17
24 3 16
24 4 24
24 5 16
24 6 8
24 7 18
24 8 13
24 9 24
24 10 27
24 11 7
24 12 6
24 13 1
24 14 10
24 15 2
24 16 11
24 17 26
24 18 10
24 19 9
24 20 8
24 21 9
24 22 1
24 23 10
25 0 7
25 1 16
25 2 12
25 3 25
25 4 11
25 5 9
25 6 13
25 7 25
25 8 33
25 9 22
25 10 34
25 11 15
25 12 22
25 13 2
25 14 26
25 15 27
25 16 24
25 17 1
25 18 15
25 19 23
25 20 9
25 21 31
25 22 22
25 23 32
25 24 21
26 0 16
26 1 34
26 2 22
26 3 27
26 4 2
26 5 1
26 6 12
26 7 24
26 8 27
26 9 22
26 10 26
26 11 35
26 12 6
26 13 26
26 14 5
26 15 19
26 16 3
26 17 20
26 18 19
26 19 14
26 20 23
26 21 21
26 22 33
26 23 10
26 24 2
26 25 9
27 0 20
27 1 11
27 2 24
27 3 29
27 4 5
27 5 21
27 6 16
27 7 32
27 8 25
27 9 3
27 10 23
27 11 1
27 12 23
27 13 24
27 14 20
27 15 13
27 16 19
27 17 28
27 18 24
27 19 14
27 20 33
27 21 13
27 22 3
27 23 30
27 24 10
27 25 7
27 26 29
28 0 27
28 1 32
28 2 13
28 3 28
28 4 1
28 5 25
28 6 1
28 7 20
28 8 21
28 9 31
28 10 14
28 11 24
28 12 13
28 13 17
28 14 13
28 15 22
28 16 27
28 17 21
28 18 20
28 19 32
28 20 19
28 21 16
28 22 35
28 23 3
28 24 25
28 25 4
28 26 26
28 27 5
29 0 5
29 1 29
29 2 1
29 3 5
29 4 31
29 5 26
29 6 32
29 7 28
29 8 15
29 9 27
29 10 35
29 11 1
29 12 32
29 13 5
29 14 26
29 15 22
29 16 14
29 17 2
29 18 9
29 19 15
29 20 32
29 21 6
29 22 7
29 23 10
29 24 4
29 25 10
29 26 18
29 27 35
29 28 12
30 0 31
30 1 4
30 2 4
30 3 33
30 4 32
30 5 32
30 6 31
30 7 20
30 8 20
30 9 30
30 10 31
30 11 10
30 12 7
30 13 11
30 14 27
30 15 12
30 16 24
30 17 7
30 18 35
30 19 14
30 20 17
30 21 34
30 22 4
30 23 5
30 24 27
30 25 3
30 26 15
30 27 11
30 28 28
30 29 8
31 0 7
31 1 29
31 2 25
31 3 18
31 4 3
31 5 35
31 6 22
31 7 4
31 8 30
31 9 27
31 10 11
31 11 21
31 12 5
31 13 31
31 14 32
31 15 21
31 16 16
31 17 10
31 18 24
31 19 19
31 20 24
31 21 8
31 22 20
31 23 23
31 24 9
31 25 23
31 26 2
31 27 23
31 28 3
31 29 35
31 30 28
32 0 14
32 1 8
32 2 20
32 3 28
32 4 25
32 5 3
32 6 31
32 7 4
32 8 19
32 9 9
32 10 34
32 11 16
32 12 2
32 13 17
32 14 7
32 15 8
32 16 13
32 17 18
32 18 10
32 19 26
32 20 31
32 21 11
32 22 18
32 23 21
32 24 27
32 25 18
32 26 12
32 27 21
32 28 24
32 29 28
32 30 33
32 31 27
33 0 23
33 1 11
33 2 10
33 3 6
33 4 22
33 5 32
33 6 34
33 7 17
33 8 33
33 9 10
33 10 17
33 11 30
33 12 2
33 13 19
33 14 10
33 15 16
33 16 12
33 17 33
33 18 12
33 19 13
33 20 6
33 21 9
33 22 2
33 23 2
33 24 5
33 25 22
33 26 2
33 27 24
33 28 14
33 29 26
33 30 33
33 31 22
33 32 21
34 0 6
34 1 10
34 2 6
34 3 15
34 4 31
34 5 30
34 6 15
34 7 5
34 8 2
34 9 28
34 10 19
34 11 23
34 12 14
34 13 14
34 14 30
34 15 25
34 16 1
34 17 4
34 18 1
34 19 9
34 20 8
34 21 32
34 22 23
34 23 18
34 24 2
34 25 32
34 26 8
34 27 33
34 28 14
34 29 13
34 30 19
34 31 28
34 32 21
34 33 23
35 0 15
35 1 35
35 2 21
35 3 26
35 4 7
35 5 16
35 6 12
35 7 26
35 8 15
35 9 10
35 10 15
35 11 15
35 12 9
35 13 13
35 14 6
35 15 7
35 16 24
35 17 11
35 18 7
35 19 29
35 20 27
35 21 20
35 22 29
35 23 22
35 24 14
35 25 16
35 26 15
35 27 5
35 28 27
35 29 12
35 30 19
35 31 22
35 32 21
35 33 5
35 34 27
36 0 18
36 1 6
36 2 33
36 3 13
36 4 33
36 5 5
36 6 6
36 7 35
36 8 3
36 9 34
36 10 10
36 11 24
36 12 19
36 13 29
36 14 3
36 15 4
36 16 16
36 17 19
36 18 16
36 19 10
36 20 23
36 21 17
36 22 18
36 23 14
36 24 11
36 25 12
36 26 31
36 27 21
36 28 30
36 29 4
36 30 29
36 31 1
36 32 5
36 33 29
36 34 18
36 35 19
37 0 31
37 1 28
37 2 19
37 3 12
37 4 6
37 5 17
37 6 24
37 7 17
37 8 20
37 9 2
37 10 3
37 11 21
37 12 23
37 13 16
37 14 29
37 15 31
37 16 24
37 17 23
37 18 11
37 19 20
37 20 4
37 21 33
37 22 2
37 23 35
37 24 24
37 25 33
37 26 18
37 27 20
37 28 32
37 29 13
37 30 16
37 31 11
37 32 12
37 33 29
37 34 33
37 35 9
37 36 34
