29
1 0 12
2 0 16
2 1 12
3 0 7
3 1 16
3 2 5
4 0 4
4 1 13
4 2 15
4 3 2
5 0 14
5 1 12
5 2 9
5 3 10
5 4 14
6 0 4
6 1 10
6 2 9
6 3 1
6 4 3
6 5 6
7 0 13
7 1 16
7 2 5
7 3 9
7 4 9
7 5 12
7 6 9
8 0 2
8 1 15
8 2 7
8 3 7
8 4 7
8 5 16
8 6 11
8 7 9
9 0 2
9 1 11
9 2 7
9 3 10
9 4 8
9 5 6
9 6 12
9 7 4
9 8 9
10 0 15
10 1 13
10 2 5
10 3 16
10 4 13
10 5 16
10 6 5
10 7 11
10 8 12
10 9 11
11 0 3
11 1 5
11 2 5
11 3 10
11 4 9
11 5 13
11 6 4
11 7 1
11 8 7
11 9 13
11 10 1
12 0 1
12 1 15
12 2 1
12 3 3
12 4 13
12 5 10
12 6 4
12 7 3
12 8 11
12 9 10
12 10 7
12 11 5
13 0 7
13 1 10
13 2 9
13 3 13
13 4 11
13 5 6
13 6 6
13 7 3
13 8 15
13 9 10
13 10 4
13 11 7
13 12 16
14 0 6
14 1 5
14 2 3
14 3 9
14 4 6
14 5 3
14 6 8
14 7 12
14 8 1
14 9 10
14 10 11
14 11 3
14 12 16
14 13 14
15 0 7
15 1 1
15 2 2
15 3 8
15 4 4
15 5 11
15 6 15
15 7 2
15 8 13
15 9 13
15 10 2
15 11 10
15 12 11
15 13 3
15 14 7
16 0 10
16 1 14
16 2 15
16 3 5
16 4 7
16 5 9
16 6 4
16 7 1
16 8 8
16 9 9
16 10 1
16 11 6
16 12 4
16 13 3
16 14 11
16 15 1
17 0 9
17 1 6
17 2 1
17 3 8
17 4 16
17 5 5
17 6 7
17 7 11
17 8 1
17 9 2
17 10 2
17 11 9
17 12 15
17 13 3
17 14 6
17 15 9
17 16 16
18 0 6
18 1 8
18 2 13
18 3 11
18 4 7
18 5 9
18 6 7
18 7 14
18 8 11
18 9 11
18 10 13
18 11 6
18 12 1
18 13 1
18 14 1
18 15 10
18 16 1
18 17 5
19 0 3
19 1 10
19 2 9
19 3 14
19 4 4
19 5 11
19 6 6
19 7 13
19 8 3
19 9 10
19 10 16
19 11 3
19 12 1
19 13 15
19 14 4
19 15 8
19 16 8
19 17 12
19 18 3
20 0 9
20 1 15
20 2 5
20 3 11
20 4 2
20 5 9
20 6 4
20 7 16
20 8 7
20 9 12
20 10 5
20 11 6
20 12 9
20 13 4
20 14 3
20 15 6
20 16 2
20 17 1
20 18 4
20 19 8
21 0 8
21 1 15
21 2 12
21 3 14
21 4 6
21 5 5
21 6 9
21 7 15
21 8 4
21 9 4
21 10 9
21 11 15
21 12 12
21 13 12
21 14 8
21 15 13
21 16 10
21 17 12
21 18 7
21 19 8
21 20 15
22 0 14
22 1 3
22 2 3
22 3 5
22 4 12
22 5 5
22 6 15
22 7 2
22 8 10
22 9 2
22 10 1
22 11 9
22 12 10
22 13 6
22 14 6
22 15 12
22 16 3
22 17 7
22 18 13
22 19 16
22 20 9
22 21 7
23 0 7
23 1 9
23 2 11
23 3 4
23 4 14
23 5 9
23 6 16
23 7 10
23 8 9
23 9 8
23 10 4
23 11 1
23 12 8
23 13 5
23 14 13
23 15 3
23 16 3
23 17 3
23 18 14
23 19 16
23 20 6
23 21 16
23 22 12
24 0 10
24 1 13
24 2 5
24 3 4
24 4 16
24 5 11
24 6 13
24 7 9
24 8 3
24 9 5
24 10 5
24 11 9
24 12 5
24 13 9
24 14 2
24 15 3
24 16 3
24 17 7
24 18 6
24 19 14
24 20 9
24 21 13
24 22 9
24 23 14
25 0 16
25 1 1
25 2 8
25 3 6
25 4 3
25 5 7
25 6 1
25 7 16
25 8 2
25 9 8
25 10 11
25 11 12
25 12 7
25 13 9
25 14 3
25 15 3
25 16 8
25 17 4
25 18 7
25 19 4
25 20 16
25 21 8
25 22 3
25 23 15
25 24 14
26 0 4
26 1 11
26 2 3
26 3 11
26 4 13
26 5 10
26 6 11
26 7 13
26 8 9
26 9 2
26 10 1
26 11 4
26 12 7
26 13 14
26 14 3
26 15 11
26 16 2
26 17 14
26 18 16
26 19 1
26 20 2
26 21 9
26 22 5
26 23 10
26 24 4
26 25 8
27 0 15
27 1 10
27 2 5
27 3 13
27 4 9
27 5 7
27 6 6
27 7 5
27 8 1
27 9 9
27 10 2
27 11 9
27 12 9
27 13 3
27 14 16
27 15 4
27 16 1
27 17 15
27 18 10
27 19 15
27 20 7
27 21 14
27 22 6
27 23 13
27 24 6
27 25 4
27 26 12
28 0 2
28 1 16
28 2 3
28 3 7
28 4 12
28 5 1
28 6 11
28 7 16
28 8 14
28 9 6
28 10 7
28 11 11
28 12 9
28 13 3
28 14 2
28 15 16
28 16 6
28 17 10
28 18 9
28 19 3
28 20 3
28 21 2
28 22 10
28 23 11
28 24 3
28 25 7
28 26 15
28 27 11
