63
2 0 27
2 1 8
3 0 19
3 1 15
4 2 18
4 3 18
5 1 1
5 3 5
6 1 15
6 2 7
7 1 22
7 3 23
7 4 8
7 5 4
8 2 3
8 3 25
8 4 28
9 2 24
9 3 28
9 4 13
9 5 16
10 1 24
10 5 21
10 9 20
11 1 6
11 5 15
11 7 24
11 8 24
11 9 5
11 10 18
12 0 13
12 2 9
12 3 25
12 6 8
12 8 17
12 11 11
13 0 2
13 1 26
13 2 18
13 6 24
13 9 12
13 11 17
14 0 10
14 1 21
14 2 2
14 3 23
14 7 8
14 8 19
14 9 4
14 10 18
15 1 3
15 8 11
15 11 11
15 12 1
15 13 21
16 1 9
16 3 18
16 5 14
16 6 28
16 7 14
16 8 27
16 11 17
16 12 14
16 14 23
16 15 25
17 1 28
17 3 14
17 7 10
17 9 2
17 10 17
17 11 4
17 12 3
17 15 11
17 16 13
18 0 21
18 1 1
18 3 1
18 4 28
18 6 8
18 10 13
18 11 17
18 12 19
18 15 25
18 16 7
19 0 3
19 1 25
19 3 19
19 6 19
19 7 17
19 10 6
19 11 6
19 12 15
19 15 5
20 0 23
20 2 2
20 3 18
20 7 13
20 9 9
20 10 19
20 11 4
20 15 24
20 19 22
21 1 20
21 3 20
21 5 7
21 6 9
21 9 14
21 10 8
21 11 14
21 14 1
21 15 22
21 18 15
21 19 13
21 20 25
22 2 25
22 4 6
22 7 13
22 8 12
22 11 2
22 16 23
22 21 15
23 1 10
23 2 2
23 3 15
23 6 2
23 7 5
23 8 19
23 9 15
23 10 22
23 11 9
23 12 17
23 13 12
23 14 3
23 15 4
23 20 26
23 21 20
23 22 2
24 0 6
24 3 24
24 4 5
24 6 18
24 10 18
24 11 8
24 22 9
24 23 15
25 3 23
25 5 10
25 6 18
25 8 8
25 12 5
25 13 11
25 14 3
25 15 20
25 16 17
25 19 7
25 21 24
25 22 18
25 23 10
26 0 2
26 3 21
26 4 2
26 5 15
26 6 12
26 7 9
26 10 23
26 11 2
26 12 26
26 14 26
26 19 21
26 21 11
26 23 19
27 0 3
27 1 17
27 2 18
27 4 2
27 9 15
27 13 19
27 14 12
27 17 1
27 18 19
27 20 2
27 21 16
27 22 1
27 23 22
27 26 4
28 1 19
28 2 24
28 3 25
28 8 2
28 9 26
28 10 21
28 11 13
28 12 12
28 14 4
28 16 6
28 19 4
28 20 14
28 22 25
28 23 27
28 24 26
29 1 25
29 2 6
29 3 2
29 5 23
29 6 9
29 7 24
29 10 23
29 12 22
29 16 8
29 19 23
29 20 20
29 25 10
29 27 14
30 2 3
30 3 2
30 4 21
30 5 18
30 7 9
30 8 27
30 9 24
30 12 26
30 13 5
30 15 10
30 17 19
30 20 1
30 22 14
30 23 8
30 26 15
31 0 24
31 3 23
31 8 14
31 9 4
31 10 19
31 14 26
31 15 6
31 21 10
31 25 2
31 26 22
31 27 10
31 28 11
31 29 19
32 0 9
32 1 3
32 2 26
32 4 18
32 5 16
32 6 21
32 9 18
32 11 15
32 13 21
32 15 24
32 16 24
32 17 7
32 18 21
32 19 15
32 20 11
32 22 18
32 23 20
32 24 11
32 25 14
32 27 5
32 30 21
33 0 11
33 3 26
33 5 21
33 10 12
33 11 27
33 12 20
33 13 26
33 14 23
33 15 21
33 16 16
33 19 7
33 20 25
33 27 15
33 28 21
33 29 2
33 30 7
33 32 8
34 0 25
34 1 9
34 3 22
34 4 24
34 6 26
34 8 11
34 9 1
34 10 5
34 11 12
34 12 3
34 13 28
34 18 7
34 19 1
34 20 11
34 22 23
34 23 17
34 24 10
34 26 21
34 27 21
34 28 12
34 30 10
34 33 5
35 3 11
35 4 23
35 7 6
35 8 20
35 10 26
35 11 18
35 13 8
35 16 13
35 18 1
35 20 21
35 21 9
35 22 5
35 23 10
35 24 3
35 26 28
35 28 4
35 32 14
36 3 2
36 4 9
36 5 16
36 6 10
36 10 9
36 11 11
36 12 27
36 13 24
36 15 17
36 20 9
36 22 11
36 23 15
36 24 3
36 32 24
36 35 17
37 0 10
37 3 21
37 4 16
37 9 26
37 10 20
37 11 16
37 14 12
37 16 6
37 18 12
37 20 19
37 21 27
37 23 5
37 24 28
37 25 4
37 27 13
37 31 4
37 32 8
37 36 17
38 1 22
38 9 17
38 10 7
38 11 12
38 12 14
38 13 9
38 15 27
38 16 9
38 18 15
38 19 18
38 21 20
38 23 20
38 24 11
38 28 12
38 29 22
38 30 3
38 31 18
38 32 1
38 34 20
38 35 11
38 36 22
39 1 10
39 7 28
39 8 13
39 13 20
39 15 13
39 17 23
39 18 11
39 20 10
39 22 25
39 26 9
39 27 25
39 31 27
39 35 20
39 36 27
39 37 14
40 0 3
40 1 14
40 2 17
40 4 7
40 6 15
40 10 11
40 13 24
40 14 19
40 18 16
40 19 20
40 21 4
40 22 4
40 23 17
40 28 11
40 29 11
40 32 12
40 33 10
40 34 22
40 39 15
41 0 28
41 3 13
41 4 1
41 6 5
41 7 5
41 9 11
41 10 24
41 11 21
41 12 11
41 13 19
41 14 7
41 16 4
41 19 18
41 23 14
41 26 16
41 27 27
41 29 9
41 30 1
41 31 14
41 32 18
41 34 16
41 35 3
41 39 4
41 40 13
42 0 1
42 2 17
42 4 21
42 5 18
42 7 25
42 9 23
42 10 20
42 12 14
42 14 15
42 15 6
42 16 25
42 17 2
42 18 27
42 19 25
42 20 13
42 21 25
42 22 10
42 23 9
42 24 22
42 25 9
42 26 12
42 27 24
42 30 18
42 31 3
42 32 8
42 35 8
42 36 5
42 38 8
42 39 8
42 40 3
43 0 26
43 2 3
43 5 11
43 6 28
43 9 28
43 10 18
43 11 14
43 12 1
43 14 1
43 22 18
43 23 5
43 26 6
43 28 21
43 29 18
43 30 4
43 35 26
43 36 15
43 41 6
43 42 14
44 0 24
44 2 21
44 3 20
44 4 23
44 6 27
44 7 3
44 9 2
44 10 19
44 12 22
44 13 4
44 14 11
44 15 15
44 16 5
44 17 4
44 18 26
44 20 2
44 21 6
44 22 23
44 23 16
44 24 10
44 28 14
44 29 26
44 33 20
44 34 11
44 35 28
44 36 26
44 37 23
44 38 13
44 39 10
44 42 6
44 43 3
45 3 25
45 4 3
45 5 10
45 6 14
45 7 27
45 8 22
45 12 25
45 13 11
45 14 4
45 15 12
45 16 11
45 17 17
45 19 24
45 21 14
45 22 20
45 23 8
45 24 21
45 26 14
45 27 3
45 28 14
45 29 5
45 31 11
45 35 25
45 36 23
45 38 4
45 39 21
45 44 1
46 0 16
46 1 14
46 2 14
46 5 2
46 6 22
46 7 17
46 8 1
46 9 22
46 10 6
46 13 21
46 14 26
46 19 22
46 21 11
46 22 1
46 24 19
46 25 11
46 30 14
46 37 9
46 39 19
46 40 17
46 42 23
46 43 17
46 45 28
47 0 13
47 3 11
47 5 26
47 6 13
47 8 6
47 9 19
47 13 17
47 14 14
47 16 13
47 18 27
47 19 9
47 20 21
47 22 26
47 23 19
47 24 13
47 25 15
47 26 15
47 28 26
47 29 15
47 32 10
47 34 10
47 35 24
47 37 11
47 40 15
47 42 22
47 43 18
47 45 9
48 2 7
48 4 2
48 5 24
48 7 15
48 9 25
48 10 6
48 12 4
48 13 5
48 14 28
48 17 4
48 18 23
48 19 12
48 22 21
48 23 2
48 24 28
48 25 4
48 26 2
48 29 10
48 30 1
48 31 17
48 32 24
48 33 3
48 36 18
48 37 7
48 38 26
48 39 16
48 40 9
48 41 24
48 43 11
48 45 12
48 46 20
48 47 6
49 2 25
49 3 12
49 4 7
49 5 22
49 7 1
49 8 24
49 10 1
49 12 5
49 13 27
49 14 8
49 16 23
49 17 13
49 20 1
49 21 26
49 22 8
49 23 6
49 30 6
49 31 16
49 34 26
49 36 25
49 37 10
49 38 5
49 40 28
49 43 3
49 45 23
49 46 4
49 47 21
50 0 6
50 3 21
50 4 10
50 6 12
50 7 21
50 10 23
50 12 25
50 16 8
50 17 20
50 18 8
50 19 4
50 20 6
50 21 4
50 23 2
50 28 11
50 29 26
50 31 20
50 32 28
50 33 10
50 34 4
50 35 17
50 37 7
50 40 19
50 41 8
50 44 11
50 45 8
50 46 18
51 1 6
51 2 9
51 3 7
51 5 28
51 6 17
51 10 8
51 12 5
51 13 8
51 16 22
51 17 27
51 19 28
51 21 22
51 24 26
51 27 14
51 28 3
51 29 8
51 30 19
51 33 12
51 37 16
51 38 6
51 39 4
51 41 27
51 42 26
51 46 26
51 47 6
51 49 13
51 50 26
52 2 23
52 3 22
52 4 24
52 5 3
52 7 28
52 9 19
52 12 27
52 14 25
52 17 18
52 18 3
52 19 14
52 21 17
52 23 28
52 24 13
52 26 15
52 27 14
52 28 13
52 29 4
52 32 15
52 33 1
52 34 24
52 36 7
52 37 19
52 40 8
52 42 5
52 43 15
52 47 15
52 51 9
53 3 13
53 4 21
53 5 3
53 6 6
53 8 25
53 9 2
53 10 21
53 11 5
53 12 12
53 15 6
53 16 26
53 17 16
53 18 10
53 19 20
53 21 21
53 22 22
53 24 19
53 26 23
53 27 20
53 31 25
53 32 18
53 35 15
53 36 27
53 42 13
53 43 6
53 45 14
53 47 3
53 51 21
54 1 11
54 2 2
54 3 14
54 4 17
54 7 28
54 8 1
54 13 27
54 15 17
54 16 8
54 19 2
54 20 23
54 21 11
54 23 4
54 30 24
54 31 26
54 32 23
54 33 13
54 35 18
54 39 20
54 40 17
54 41 3
54 43 14
54 45 9
54 46 17
54 47 17
54 49 11
54 50 7
54 51 20
54 53 8
55 0 9
55 1 8
55 5 18
55 8 1
55 9 4
55 12 10
55 13 1
55 14 26
55 15 21
55 16 7
55 23 23
55 25 14
55 26 4
55 27 9
55 28 7
55 30 16
55 36 27
55 38 9
55 41 1
55 42 23
55 43 17
55 45 21
55 46 19
55 47 19
55 53 9
56 5 15
56 7 28
56 9 1
56 10 3
56 12 17
56 13 24
56 14 3
56 16 10
56 18 24
56 19 5
56 20 5
56 21 6
56 23 15
56 26 13
56 27 21
56 28 3
56 30 8
56 32 5
56 35 17
56 36 28
56 39 14
56 41 17
56 42 22
56 44 3
56 46 7
56 50 22
56 51 14
56 52 21
57 0 23
57 1 4
57 3 13
57 5 26
57 6 10
57 7 18
57 11 19
57 12 18
57 13 13
57 14 21
57 16 4
57 17 12
57 18 22
57 19 15
57 20 1
57 23 17
57 26 22
57 28 22
57 29 6
57 31 4
57 32 27
57 33 27
57 36 25
57 39 14
57 42 20
57 46 2
57 51 5
57 53 18
57 54 10
57 55 12
57 56 16
58 0 23
58 1 3
58 2 6
58 4 22
58 5 5
58 7 23
58 8 6
58 11 5
58 14 21
58 16 21
58 17 27
58 18 3
58 19 14
58 20 15
58 21 11
58 23 19
58 24 9
58 25 4
58 27 22
58 30 22
58 31 16
58 32 20
58 34 13
58 36 9
58 37 14
58 39 20
58 42 12
58 43 17
58 45 22
58 46 24
58 47 3
58 49 12
58 51 12
58 53 2
58 55 15
58 56 1
59 1 7
59 4 3
59 6 2
59 7 6
59 9 11
59 15 26
59 17 23
59 20 11
59 22 24
59 23 25
59 28 6
59 29 11
59 30 6
59 34 25
59 35 3
59 36 16
59 37 23
59 38 26
59 40 19
59 42 18
59 43 5
59 46 11
59 48 27
59 49 3
59 50 19
59 51 13
59 52 6
59 53 19
59 54 23
59 57 20
59 58 6
60 0 19
60 2 7
60 5 20
60 6 20
60 11 2
60 18 23
60 19 24
60 20 26
60 22 2
60 23 10
60 25 8
60 32 9
60 33 1
60 34 23
60 36 2
60 39 13
60 43 16
60 46 25
60 48 16
60 50 24
60 51 4
60 56 7
60 57 6
60 59 24
61 1 15
61 2 5
61 6 16
61 7 13
61 8 27
61 9 6
61 14 28
61 16 17
61 17 23
61 18 18
61 19 19
61 20 23
61 23 12
61 25 17
61 26 9
61 28 7
61 29 21
61 31 5
61 35 4
61 36 15
61 37 21
61 39 19
61 40 6
61 41 11
61 42 5
61 43 17
61 45 3
61 46 27
61 50 24
61 53 28
61 55 23
61 60 19
62 9 11
62 10 14
62 13 3
62 16 11
62 20 14
62 22 21
62 23 24
62 24 14
62 28 25
62 29 9
62 34 11
62 36 23
62 37 21
62 38 26
62 39 21
62 40 23
62 41 11
62 42 8
62 43 10
62 48 17
62 49 17
62 51 12
62 52 13
62 53 19
62 55 8
62 60 15
62 61 16
