28
1 0 13
2 0 7
2 1 17
3 0 34
3 1 26
3 2 30
4 0 35
4 1 13
4 2 14
4 3 15
5 0 23
5 1 12
5 2 11
5 3 21
5 4 2
6 0 29
6 1 27
6 2 1
6 3 38
6 4 7
6 5 32
7 0 21
7 1 20
7 2 7
7 3 30
7 4 23
7 5 32
7 6 5
8 0 13
8 1 7
8 2 19
8 3 38
8 4 29
8 5 28
8 6 10
8 7 27
9 0 17
9 1 1
9 2 31
9 3 34
9 4 17
9 5 13
9 6 1
9 7 23
9 8 32
10 0 15
10 1 19
10 2 23
10 3 29
10 4 4
10 5 20
10 6 36
10 7 13
10 8 18
10 9 30
11 0 11
11 1 4
11 2 37
11 3 17
11 4 3
11 5 14
11 6 24
11 7 4
11 8 14
11 9 22
11 10 35
12 0 19
12 1 10
12 2 7
12 3 12
12 4 9
12 5 29
12 6 33
12 7 23
12 8 1
12 9 1
12 10 18
12 11 1
13 0 28
13 1 33
13 2 1
13 3 11
13 4 21
13 5 13
13 6 24
13 7 1
13 8 20
13 9 23
13 10 3
13 11 30
13 12 5
14 0 12
14 1 18
14 2 37
14 3 21
14 4 17
14 5 12
14 6 27
14 7 36
14 8 1
14 9 25
14 10 14
14 11 33
14 12 19
14 13 18
15 0 17
15 1 18
15 2 20
15 3 14
15 4 34
15 5 18
15 6 15
15 7 29
15 8 30
15 9 28
15 10 10
15 11 1
15 12 24
15 13 33
15 14 15
16 0 21
16 1 4
16 2 20
16 3 21
16 4 37
16 5 7
16 6 7
16 7 12
16 8 36
16 9 4
16 10 18
16 11 14
16 12 8
16 13 17
16 14 6
16 15 20
17 0 6
17 1 13
17 2 38
17 3 17
17 4 15
17 5 22
17 6 21
17 7 34
17 8 28
17 9 6
17 10 17
17 11 17
17 12 18
17 13 20
17 14 17
17 15 28
17 16 17
18 0 18
18 1 26
18 2 21
18 3 30
18 4 24
18 5 5
18 6 28
18 7 2
18 8 33
18 9 6
18 10 7
18 11 1
18 12 35
18 13 25
18 14 36
18 15 35
18 16 22
18 17 15
19 0 36
19 1 7
19 2 19
19 3 4
19 4 23
19 5 14
19 6 37
19 7 32
19 8 33
19 9 29
19 10 16
19 11 18
19 12 4
19 13 33
19 14 25
19 15 12
19 16 34
19 17 30
19 18 35
20 0 14
20 1 31
20 2 36
20 3 3
20 4 21
20 5 21
20 6 2
20 7 2
20 8 3
20 9 3
20 10 1
20 11 2
20 12 22
20 13 33
20 14 13
20 15 21
20 16 30
20 17 36
20 18 35
20 19 20
21 0 5
21 1 22
21 2 26
21 3 8
21 4 38
21 5 4
21 6 13
21 7 9
21 8 35
21 9 21
21 10 31
21 11 17
21 12 36
21 13 26
21 14 34
21 15 33
21 16 30
21 17 14
21 18 14
21 19 20
21 20 19
22 0 7
22 1 8
22 2 29
22 3 33
22 4 11
22 5 18
22 6 30
22 7 34
22 8 6
22 9 24
22 10 15
22 11 25
22 12 11
22 13 5
22 14 20
22 15 35
22 16 3
22 17 32
22 18 14
22 19 35
22 20 23
22 21 34
23 0 1
23 1 7
23 2 5
23 3 7
23 4 38
23 5 27
23 6 2
23 7 10
23 8 5
23 9 19
23 10 4
23 11 32
23 12 22
23 13 5
23 14 6
23 15 21
23 16 2
23 17 16
23 18 37
23 19 35
23 20 9
23 21 2
23 22 1
24 0 12
24 1 22
24 2 9
24 3 28
24 4 5
24 5 12
24 6 32
24 7 31
24 8 14
24 9 26
24 10 26
24 11 10
24 12 12
24 13 23
24 14 3
24 15 6
24 16 15
24 17 20
24 18 11
24 19 35
24 20 1
24 21 34
24 22 32
24 23 1
25 0 32
25 1 22
25 2 17
25 3 10
25 4 18
25 5 11
25 6 16
25 7 30
25 8 31
25 9 21
25 10 8
25 11 36
25 12 27
25 13 8
25 14 19
25 15 16
25 16 3
25 17 5
25 18 25
25 19 6
25 20 9
25 21 30
25 22 25
25 23 2
25 24 34
26 0 27
26 1 34
26 2 21
26 3 30
26 4 7
26 5 15
26 6 26
26 7 11
26 8 30
26 9 2
26 10 29
26 11 17
26 12 6
26 13 20
26 14 8
26 15 36
26 16 18
26 17 17
26 18 7
26 19 6
26 20 22
26 21 3
26 22 25
26 23 19
26 24 22
26 25 34
27 0 19
27 1 15
27 2 11
27 3 16
27 4 21
27 5 24
27 6 32
27 7 14
27 8 20
27 9 7
27 10 30
27 11 4
27 12 28
27 13 17
27 14 32
27 15 24
27 16 22
27 17 23
27 18 16
27 19 34
27 20 9
27 21 24
27 22 30
27 23 6
27 24 13
27 25 5
27 26 7
