53
1 0 24
2 0 22
2 1 38
3 0 18
3 1 45
3 2 33
4 0 28
4 1 8
4 2 10
4 3 40
5 0 9
5 1 45
5 2 3
5 3 16
5 4 15
6 0 33
6 1 26
6 2 52
6 3 10
6 4 5
6 5 24
7 0 30
7 1 45
7 2 35
7 3 43
7 4 46
7 5 35
7 6 20
8 0 24
8 1 23
8 2 39
8 3 36
8 4 2
8 5 13
8 6 13
8 7 41
9 0 16
9 1 10
9 2 20
9 3 11
9 4 14
9 5 16
9 6 30
9 7 5
9 8 28
10 0 52
10 1 3
10 2 1
10 3 26
10 4 45
10 5 15
10 6 33
10 7 26
10 8 38
10 9 24
11 0 14
11 1 39
11 2 41
11 3 7
11 4 21
11 5 45
11 6 20
11 7 50
11 8 24
11 9 18
11 10 32
12 0 36
12 1 24
12 2 11
12 3 35
12 4 23
12 5 31
12 6 36
12 7 48
12 8 14
12 9 25
12 10 30
12 11 41
13 0 48
13 1 51
13 2 51
13 3 8
13 4 23
13 5 23
13 6 3
13 7 47
13 8 33
13 9 14
13 10 25
13 11 18
13 12 39
14 0 37
14 1 18
14 2 28
14 3 45
14 4 18
14 5 48
14 6 47
14 7 50
14 8 4
14 9 26
14 10 39
14 11 22
14 12 6
14 13 9
15 0 22
15 1 32
15 2 17
15 3 21
15 4 5
15 5 39
15 6 15
15 7 15
15 8 52
15 9 7
15 10 32
15 11 32
15 12 28
15 13 36
15 14 13
16 0 33
16 1 44
16 2 1
16 3 20
16 4 49
16 5 4
16 6 41
16 7 31
16 8 23
16 9 47
16 10 43
16 11 21
16 12 7
16 13 12
16 14 24
16 15 50
17 0 36
17 1 36
17 2 5
17 3 46
17 4 37
17 5 27
17 6 29
17 7 29
17 8 50
17 9 49
17 10 12
17 11 48
17 12 33
17 13 21
17 14 42
17 15 44
17 16 47
18 0 38
18 1 9
18 2 9
18 3 53
18 4 28
18 5 35
18 6 46
18 7 38
18 8 10
18 9 50
18 10 32
18 11 1
18 12 20
18 13 1
18 14 4
18 15 9
18 16 47
18 17 14
19 0 36
19 1 33
19 2 6
19 3 22
19 4 24
19 5 26
19 6 34
19 7 46
19 8 18
19 9 21
19 10 44
19 11 52
19 12 8
19 13 52
19 14 4
19 15 45
19 16 42
19 17 19
19 18 11
20 0 49
20 1 39
20 2 26
20 3 30
20 4 38
20 5 44
20 6 48
20 7 18
20 8 44
20 9 33
20 10 28
20 11 4
20 12 36
20 13 1
20 14 30
20 15 53
20 16 19
20 17 10
20 18 19
20 19 8
21 0 23
21 1 26
21 2 3
21 3 18
21 4 47
21 5 11
21 6 25
21 7 50
21 8 9
21 9 23
21 10 3
21 11 31
21 12 24
21 13 50
21 14 19
21 15 22
21 16 10
21 17 23
21 18 13
21 19 25
21 20 40
22 0 15
22 1 29
22 2 23
22 3 39
22 4 17
22 5 10
22 6 36
22 7 16
22 8 47
22 9 42
22 10 15
22 11 20
22 12 46
22 13 22
22 14 45
22 15 41
22 16 16
22 17 41
22 18 43
22 19 32
22 20 6
22 21 16
23 0 40
23 1 22
23 2 45
23 3 38
23 4 5
23 5 53
23 6 27
23 7 8
23 8 48
23 9 35
23 10 42
23 11 38
23 12 44
23 13 35
23 14 29
23 15 13
23 16 20
23 17 49
23 18 3
23 19 45
23 20 5
23 21 10
23 22 23
24 0 46
24 1 11
24 2 21
24 3 21
24 4 1
24 5 51
24 6 43
24 7 5
24 8 20
24 9 40
24 10 10
24 11 49
24 12 37
24 13 22
24 14 9
24 15 10
24 16 17
24 17 42
24 18 21
24 19 12
24 20 13
24 21 3
24 22 17
24 23 32
25 0 29
25 1 30
25 2 29
25 3 50
25 4 7
25 5 12
25 6 13
25 7 50
25 8 19
25 9 27
25 10 49
25 11 30
25 12 49
25 13 48
25 14 33
25 15 15
25 16 31
25 17 1
25 18 18
25 19 2
25 20 51
25 21 1
25 22 10
25 23 8
25 24 47
26 0 43
26 1 38
26 2 28
26 3 47
26 4 21
26 5 12
26 6 41
26 7 44
26 8 14
26 9 9
26 10 49
26 11 48
26 12 19
26 13 42
26 14 16
26 15 10
26 16 32
26 17 46
26 18 21
26 19 41
26 20 40
26 21 50
26 22 34
26 23 4
26 24 44
26 25 23
27 0 50
27 1 39
27 2 38
27 3 40
27 4 52
27 5 18
27 6 28
27 7 4
27 8 43
27 9 48
27 10 51
27 11 20
27 12 2
27 13 35
27 14 30
27 15 9
27 16 50
27 17 41
27 18 32
27 19 41
27 20 6
27 21 53
27 22 21
27 23 48
27 24 22
27 25 14
27 26 36
28 0 32
28 1 32
28 2 44
28 3 33
28 4 53
28 5 34
28 6 31
28 7 1
28 8 43
28 9 30
28 10 24
28 11 46
28 12 32
28 13 41
28 14 48
28 15 4
28 16 9
28 17 34
28 18 19
28 19 48
28 20 23
28 21 50
28 22 43
28 23 50
28 24 41
28 25 50
28 26 38
28 27 20
29 0 47
29 1 22
29 2 22
29 3 14
29 4 16
29 5 26
29 6 26
29 7 26
29 8 23
29 9 43
29 10 24
29 11 22
29 12 17
29 13 28
29 14 9
29 15 21
29 16 4
29 17 11
29 18 44
29 19 36
29 20 19
29 21 16
29 22 50
29 23 30
29 24 5
29 25 10
29 26 15
29 27 29
29 28 50
30 0 40
30 1 15
30 2 45
30 3 34
30 4 51
30 5 29
30 6 51
30 7 28
30 8 45
30 9 19
30 10 26
30 11 44
30 12 12
30 13 26
30 14 48
30 15 16
30 16 32
30 17 30
30 18 44
30 19 37
30 20 15
30 21 41
30 22 44
30 23 46
30 24 41
30 25 49
30 26 4
30 27 27
30 28 41
30 29 35
31 0 13
31 1 45
31 2 23
31 3 43
31 4 28
31 5 53
31 6 37
31 7 3
31 8 24
31 9 23
31 10 51
31 11 12
31 12 9
31 13 2
31 14 6
31 15 50
31 16 16
31 17 35
31 18 3
31 19 34
31 20 24
31 21 4
31 22 53
31 23 53
31 24 51
31 25 43
31 26 10
31 27 18
31 28 28
31 29 7
31 30 50
32 0 26
32 1 51
32 2 25
32 3 1
32 4 12
32 5 45
32 6 32
32 7 45
32 8 24
32 9 6
32 10 40
32 11 8
32 12 15
32 13 45
32 14 21
32 15 32
32 16 7
32 17 35
32 18 5
32 19 5
32 20 17
32 21 22
32 22 6
32 23 34
32 24 38
32 25 22
32 26 14
32 27 25
32 28 30
32 29 7
32 30 26
32 31 29
33 0 17
33 1 2
33 2 53
33 3 11
33 4 23
33 5 17
33 6 45
33 7 31
33 8 10
33 9 17
33 10 38
33 11 14
33 12 5
33 13 8
33 14 41
33 15 6
33 16 16
33 17 40
33 18 3
33 19 16
33 20 19
33 21 14
33 22 49
33 23 5
33 24 5
33 25 42
33 26 18
33 27 39
33 28 14
33 29 25
33 30 53
33 31 24
33 32 30
34 0 37
34 1 42
34 2 42
34 3 52
34 4 3
34 5 41
34 6 21
34 7 32
34 8 52
34 9 50
34 10 3
34 11 22
34 12 16
34 13 22
34 14 41
34 15 29
34 16 19
34 17 31
34 18 52
34 19 10
34 20 14
34 21 39
34 22 18
34 23 6
34 24 19
34 25 48
34 26 36
34 27 17
34 28 53
34 29 50
34 30 47
34 31 26
34 32 23
34 33 17
35 0 51
35 1 8
35 2 7
35 3 1
35 4 29
35 5 42
35 6 45
35 7 19
35 8 30
35 9 8
35 10 30
35 11 43
35 12 44
35 13 37
35 14 41
35 15 13
35 16 31
35 17 45
35 18 44
35 19 43
35 20 40
35 21 24
35 22 23
35 23 34
35 24 2
35 25 34
35 26 24
35 27 16
35 28 49
35 29 52
35 30 23
35 31 1
35 32 42
35 33 42
35 34 48
36 0 36
36 1 24
36 2 29
36 3 49
36 4 5
36 5 30
36 6 16
36 7 37
36 8 39
36 9 53
36 10 15
36 11 9
36 12 4
36 13 8
36 14 51
36 15 50
36 16 14
36 17 35
36 18 26
36 19 47
36 20 48
36 21 52
36 22 10
36 23 10
36 24 41
36 25 45
36 26 34
36 27 52
36 28 11
36 29 34
36 30 9
36 31 30
36 32 10
36 33 7
36 34 12
36 35 52
37 0 21
37 1 49
37 2 39
37 3 15
37 4 52
37 5 51
37 6 20
37 7 1
37 8 22
37 9 38
37 10 27
37 11 30
37 12 7
37 13 32
37 14 4
37 15 23
37 16 29
37 17 24
37 18 44
37 19 34
37 20 29
37 21 30
37 22 27
37 23 42
37 24 53
37 25 28
37 26 1
37 27 23
37 28 17
37 29 27
37 30 39
37 31 43
37 32 29
37 33 2
37 34 13
37 35 13
37 36 20
38 0 39
38 1 26
38 2 25
38 3 46
38 4 33
38 5 44
38 6 53
38 7 7
38 8 42
38 9 31
38 10 4
38 11 50
38 12 35
38 13 12
38 14 39
38 15 17
38 16 53
38 17 5
38 18 30
38 19 11
38 20 29
38 21 16
38 22 23
38 23 53
38 24 52
38 25 16
38 26 40
38 27 39
38 28 15
38 29 19
38 30 4
38 31 37
38 32 53
38 33 31
38 34 41
38 35 11
38 36 3
38 37 28
39 0 19
39 1 33
39 2 30
39 3 35
39 4 28
39 5 46
39 6 23
39 7 40
39 8 14
39 9 7
39 10 28
39 11 11
39 12 12
39 13 13
39 14 15
39 15 9
39 16 22
39 17 14
39 18 34
39 19 29
39 20 53
39 21 52
39 22 15
39 23 16
39 24 24
39 25 27
39 26 35
39 27 44
39 28 38
39 29 12
39 30 20
39 31 18
39 32 48
39 33 28
39 34 38
39 35 16
39 36 34
39 37 18
39 38 35
40 0 22
40 1 15
40 2 16
40 3 19
40 4 48
40 5 25
40 6 5
40 7 12
40 8 49
40 9 37
40 10 8
40 11 45
40 12 14
40 13 6
40 14 3
40 15 27
40 16 44
40 17 25
40 18 5
40 19 6
40 20 34
40 21 51
40 22 38
40 23 28
40 24 3
40 25 27
40 26 12
40 27 51
40 28 31
40 29 40
40 30 31
40 31 33
40 32 40
40 33 31
40 34 19
40 35 51
40 36 22
40 37 4
40 38 3
40 39 7
41 0 45
41 1 17
41 2 31
41 3 27
41 4 18
41 5 19
41 6 21
41 7 27
41 8 12
41 9 9
41 10 22
41 11 38
41 12 27
41 13 27
41 14 19
41 15 25
41 16 22
41 17 3
41 18 24
41 19 16
41 20 39
41 21 8
41 22 50
41 23 28
41 24 40
41 25 2
41 26 45
41 27 23
41 28 53
41 29 19
41 30 45
41 31 26
41 32 6
41 33 30
41 34 18
41 35 31
41 36 39
41 37 5
41 38 50
41 39 22
41 40 8
42 0 45
42 1 49
42 2 9
42 3 50
42 4 5
42 5 29
42 6 30
42 7 1
42 8 42
42 9 11
42 10 24
42 11 47
42 12 22
42 13 39
42 14 43
42 15 38
42 16 52
42 17 21
42 18 51
42 19 45
42 20 30
42 21 19
42 22 48
42 23 39
42 24 15
42 25 47
42 26 21
42 27 18
42 28 14
42 29 6
42 30 17
42 31 29
42 32 29
42 33 29
42 34 53
42 35 18
42 36 30
42 37 22
42 38 53
42 39 16
42 40 44
42 41 36
43 0 13
43 1 7
43 2 46
43 3 11
43 4 30
43 5 12
43 6 39
43 7 24
43 8 10
43 9 3
43 10 15
43 11 34
43 12 25
43 13 25
43 14 21
43 15 16
43 16 7
43 17 44
43 18 37
43 19 39
43 20 36
43 21 32
43 22 21
43 23 29
43 24 44
43 25 48
43 26 18
43 27 36
43 28 8
43 29 15
43 30 22
43 31 4
43 32 1
43 33 16
43 34 1
43 35 23
43 36 51
43 37 52
43 38 46
43 39 18
43 40 34
43 41 24
43 42 44
44 0 43
44 1 13
44 2 37
44 3 9
44 4 13
44 5 10
44 6 38
44 7 32
44 8 44
44 9 39
44 10 28
44 11 3
44 12 26
44 13 48
44 14 33
44 15 40
44 16 28
44 17 3
44 18 34
44 19 26
44 20 36
44 21 5
44 22 50
44 23 45
44 24 9
44 25 34
44 26 42
44 27 38
44 28 2
44 29 5
44 30 31
44 31 35
44 32 48
44 33 32
44 34 16
44 35 40
44 36 41
44 37 30
44 38 3
44 39 49
44 40 35
44 41 49
44 42 35
44 43 5
45 0 2
45 1 23
45 2 1
45 3 27
45 4 32
45 5 41
45 6 28
45 7 53
45 8 32
45 9 3
45 10 11
45 11 19
45 12 46
45 13 9
45 14 22
45 15 38
45 16 10
45 17 1
45 18 28
45 19 43
45 20 44
45 21 32
45 22 35
45 23 26
45 24 17
45 25 17
45 26 30
45 27 40
45 28 28
45 29 12
45 30 9
45 31 24
45 32 51
45 33 53
45 34 13
45 35 3
45 36 42
45 37 43
45 38 25
45 39 17
45 40 42
45 41 14
45 42 40
45 43 46
45 44 24
46 0 19
46 1 24
46 2 46
46 3 48
46 4 2
46 5 46
46 6 15
46 7 12
46 8 29
46 9 24
46 10 21
46 11 28
46 12 52
46 13 19
46 14 41
46 15 40
46 16 35
46 17 4
46 18 42
46 19 2
46 20 2
46 21 43
46 22 1
46 23 13
46 24 26
46 25 16
46 26 34
46 27 46
46 28 12
46 29 37
46 30 26
46 31 17
46 32 39
46 33 17
46 34 6
46 35 42
46 36 9
46 37 32
46 38 22
46 39 24
46 40 10
46 41 35
46 42 26
46 43 13
46 44 47
46 45 50
47 0 33
47 1 29
47 2 33
47 3 9
47 4 47
47 5 47
47 6 6
47 7 33
47 8 32
47 9 13
47 10 24
47 11 6
47 12 24
47 13 3
47 14 52
47 15 21
47 16 25
47 17 13
47 18 49
47 19 6
47 20 36
47 21 40
47 22 23
47 23 1
47 24 18
47 25 22
47 26 15
47 27 22
47 28 14
47 29 19
47 30 35
47 31 4
47 32 15
47 33 48
47 34 17
47 35 45
47 36 6
47 37 49
47 38 23
47 39 45
47 40 50
47 41 2
47 42 48
47 43 3
47 44 46
47 45 8
47 46 31
48 0 27
48 1 37
48 2 10
48 3 5
48 4 28
48 5 34
48 6 50
48 7 5
48 8 31
48 9 19
48 10 26
48 11 52
48 12 48
48 13 4
48 14 38
48 15 29
48 16 40
48 17 31
48 18 30
48 19 9
48 20 3
48 21 40
48 22 14
48 23 13
48 24 41
48 25 33
48 26 46
48 27 11
48 28 17
48 29 4
48 30 17
48 31 20
48 32 43
48 33 52
48 34 17
48 35 14
48 36 39
48 37 9
48 38 35
48 39 8
48 40 49
48 41 21
48 42 26
48 43 6
48 44 16
48 45 27
48 46 4
48 47 49
49 0 2
49 1 25
49 2 44
49 3 13
49 4 9
49 5 26
49 6 34
49 7 8
49 8 41
49 9 51
49 10 42
49 11 6
49 12 3
49 13 35
49 14 4
49 15 28
49 16 5
49 17 30
49 18 47
49 19 44
49 20 18
49 21 1
49 22 15
49 23 39
49 24 35
49 25 16
49 26 24
49 27 40
49 28 35
49 29 46
49 30 49
49 31 31
49 32 49
49 33 29
49 34 30
49 35 31
49 36 53
49 37 42
49 38 15
49 39 35
49 40 11
49 41 26
49 42 34
49 43 17
49 44 10
49 45 10
49 46 10
49 47 20
49 48 7
50 0 24
50 1 4
50 2 49
50 3 14
50 4 49
50 5 8
50 6 28
50 7 17
50 8 20
50 9 36
50 10 30
50 11 44
50 12 25
50 13 25
50 14 12
50 15 22
50 16 19
50 17 3
50 18 36
50 19 28
50 20 13
50 21 44
50 22 24
50 23 15
50 24 20
50 25 45
50 26 41
50 27 24
50 28 23
50 29 28
50 30 43
50 31 29
50 32 47
50 33 52
50 34 39
50 35 31
50 36 53
50 37 22
50 38 5
50 39 15
50 40 38
50 41 28
50 42 7
50 43 18
50 44 9
50 45 29
50 46 44
50 47 13
50 48 48
50 49 48
51 0 48
51 1 51
51 2 3
51 3 13
51 4 45
51 5 1
51 6 40
51 7 25
51 8 7
51 9 10
51 10 45
51 11 1
51 12 41
51 13 37
51 14 36
51 15 23
51 16 5
51 17 31
51 18 7
51 19 4
51 20 20
51 21 36
51 22 33
51 23 22
51 24 25
51 25 17
51 26 35
51 27 24
51 28 5
51 29 48
51 30 52
51 31 51
51 32 43
51 33 31
51 34 22
51 35 39
51 36 13
51 37 6
51 38 9
51 39 51
51 40 5
51 41 15
51 42 1
51 43 31
51 44 28
51 45 34
51 46 38
51 47 3
51 48 38
51 49 28
51 50 21
52 0 41
52 1 3
52 2 13
52 3 53
52 4 34
52 5 22
52 6 23
52 7 52
52 8 46
52 9 41
52 10 24
52 11 32
52 12 12
52 13 34
52 14 35
52 15 49
52 16 32
52 17 27
52 18 45
52 19 53
52 20 12
52 21 50
52 22 6
52 23 53
52 24 52
52 25 11
52 26 53
52 27 13
52 28 50
52 29 37
52 30 33
52 31 27
52 32 39
52 33 52
52 34 17
52 35 44
52 36 19
52 37 52
52 38 39
52 39 44
52 40 45
52 41 9
52 42 29
52 43 21
52 44 40
52 45 37
52 46 16
52 47 50
52 48 14
52 49 15
52 50 2
52 51 47
