43
1 0 1
3 1 24
3 2 25
4 0 37
4 1 20
4 2 12
5 1 15
5 3 40
6 0 13
6 1 8
6 2 23
6 3 43
7 0 35
7 2 21
7 3 25
7 5 14
8 0 39
8 2 51
8 4 38
10 0 9
10 1 47
10 3 18
10 9 47
11 2 43
11 3 7
11 8 43
11 10 28
12 1 48
12 5 22
12 8 2
12 9 48
12 10 21
12 11 17
13 1 20
13 4 14
13 5 23
13 6 3
13 7 40
13 8 1
13 10 3
14 2 28
14 4 14
14 5 22
14 7 7
14 8 21
14 11 3
14 12 41
15 0 35
15 1 10
15 6 31
15 7 6
15 9 38
15 10 34
15 12 22
16 2 27
16 4 3
16 8 22
16 10 22
16 11 13
16 13 43
16 14 51
16 15 33
17 1 40
17 2 29
17 4 4
17 6 4
17 7 45
17 10 18
17 11 48
17 12 3
17 15 37
17 16 10
18 0 40
18 1 34
18 4 15
18 5 20
18 6 31
18 11 48
18 12 51
18 14 3
18 15 15
19 2 29
19 3 20
19 4 7
19 6 16
19 10 43
19 12 19
19 13 6
19 15 14
19 16 6
19 17 14
20 0 13
20 1 18
20 3 13
20 6 35
20 8 16
20 9 39
20 10 41
20 12 27
20 16 9
20 18 36
20 19 40
21 0 26
21 4 25
21 5 18
21 6 20
21 7 2
21 10 23
21 12 6
21 13 50
21 14 37
21 16 35
21 20 39
22 0 31
22 1 2
22 2 4
22 3 2
22 6 10
22 7 18
22 9 6
22 11 33
22 14 35
22 15 7
22 16 33
22 17 41
22 19 11
22 21 30
23 1 2
23 2 19
23 4 32
23 5 17
23 6 25
23 7 41
23 11 34
23 12 27
23 13 39
23 14 9
23 17 45
23 18 45
23 22 16
24 3 40
24 4 1
24 6 11
24 7 44
24 10 51
24 12 35
24 15 27
24 16 39
24 18 50
24 19 24
24 21 25
25 0 37
25 2 15
25 4 37
25 5 2
25 7 1
25 10 28
25 11 46
25 13 51
25 16 45
25 18 20
25 19 35
25 20 33
26 1 14
26 2 17
26 3 14
26 4 1
26 5 29
26 10 32
26 12 4
26 13 47
26 14 26
26 15 43
26 16 46
26 20 14
26 23 10
26 24 2
27 0 6
27 2 24
27 3 8
27 4 7
27 6 22
27 7 28
27 12 2
27 13 38
27 14 23
27 15 33
27 16 50
27 17 16
27 18 50
27 19 16
27 22 26
27 25 30
27 26 7
28 1 28
28 2 9
28 3 30
28 5 42
28 7 3
28 9 48
28 10 43
28 11 4
28 13 18
28 17 44
28 18 48
28 19 28
28 23 35
28 27 45
29 0 47
29 1 16
29 2 25
29 3 19
29 4 10
29 7 9
29 8 10
29 11 51
29 12 11
29 15 16
29 16 12
29 17 40
29 18 51
29 19 35
29 22 24
29 26 36
30 0 51
30 3 50
30 5 5
30 6 11
30 7 22
30 8 4
30 10 9
30 11 11
30 13 37
30 14 39
30 15 31
30 17 3
30 18 25
30 19 22
30 20 45
30 23 44
30 26 50
30 27 18
31 1 24
31 7 41
31 9 47
31 12 35
31 15 2
31 16 13
31 17 17
31 21 16
31 25 41
31 26 27
31 27 16
31 30 23
32 0 48
32 1 25
32 3 36
32 4 6
32 5 28
32 7 32
32 8 10
32 9 17
32 10 18
32 12 14
32 13 31
32 19 11
32 20 4
32 21 24
32 22 1
32 26 10
32 30 27
32 31 38
33 2 8
33 5 24
33 10 41
33 11 9
33 13 44
33 15 37
33 16 6
33 17 4
33 18 50
33 19 37
33 20 2
33 22 32
33 24 38
33 25 26
33 26 27
33 27 31
34 1 50
34 6 14
34 7 33
34 10 31
34 11 26
34 13 27
34 14 40
34 15 15
34 17 11
34 18 19
34 19 38
34 21 35
34 22 30
34 25 34
34 30 22
35 0 45
35 2 1
35 4 38
35 5 50
35 6 6
35 8 33
35 9 2
35 11 20
35 15 11
35 17 3
35 20 6
35 21 20
35 22 16
35 25 40
35 27 46
36 0 6
36 1 19
36 6 2
36 7 16
36 9 26
36 12 8
36 14 9
36 15 12
36 16 47
36 18 28
36 19 16
36 20 12
36 21 37
36 24 32
36 26 15
36 27 33
36 28 23
36 29 41
36 33 33
37 1 51
37 6 32
37 8 40
37 9 10
37 11 31
37 15 9
37 17 6
37 18 51
37 19 18
37 20 4
37 23 51
37 24 2
37 25 15
37 26 25
37 32 10
37 33 43
37 34 34
37 36 31
38 0 39
38 6 45
38 8 12
38 9 14
38 11 1
38 14 41
38 17 1
38 18 25
38 21 13
38 27 8
38 29 41
38 32 28
38 36 24
38 37 16
39 1 50
39 2 10
39 3 36
39 6 23
39 7 29
39 12 15
39 14 29
39 15 14
39 17 40
39 18 4
39 22 12
39 24 1
39 25 46
39 27 40
39 28 33
39 29 45
39 31 5
39 33 27
39 34 24
39 35 33
39 36 35
40 2 18
40 5 39
40 7 51
40 8 10
40 12 20
40 16 43
40 20 31
40 22 35
40 23 26
40 26 22
40 27 20
40 35 7
40 38 1
40 39 25
41 1 21
41 3 20
41 7 26
41 10 33
41 11 27
41 14 13
41 15 41
41 22 15
41 25 25
41 26 28
41 27 24
41 29 18
41 30 5
41 33 14
41 36 18
41 37 39
41 38 22
41 40 19
42 0 51
42 1 30
42 3 20
42 4 32
42 6 47
42 7 15
42 8 47
42 10 38
42 12 4
42 14 6
42 15 24
42 18 49
42 23 45
42 24 27
42 25 28
42 26 10
42 27 38
42 28 32
42 29 26
42 31 31
42 33 22
42 34 46
42 37 42
42 40 16
