24
1 0 33
2 0 4
3 0 25
3 1 15
3 2 44
4 1 15
4 2 33
4 3 11
5 0 18
5 1 23
5 2 42
5 3 11
6 2 53
6 3 52
6 4 48
6 5 35
7 0 15
7 1 35
7 2 43
7 3 28
7 4 33
7 5 42
8 2 30
8 3 1
8 4 1
8 6 52
8 7 12
9 1 13
9 2 7
9 5 23
10 0 42
10 1 32
10 2 29
10 3 36
10 5 45
10 8 11
10 9 14
11 1 24
11 2 18
11 4 39
11 5 40
11 6 24
11 8 28
11 10 36
12 0 49
12 1 52
12 3 35
12 7 13
12 8 30
12 10 46
13 3 53
13 4 30
13 5 19
13 8 23
13 9 52
13 10 10
14 0 6
14 1 32
14 2 1
14 4 33
14 5 9
14 6 33
14 7 23
14 8 43
14 9 27
14 10 44
14 11 29
14 12 31
15 2 25
15 5 7
15 6 51
15 9 28
15 10 36
15 13 22
16 0 25
16 5 17
16 6 24
16 7 29
16 8 17
16 9 25
16 11 38
16 12 15
16 13 44
16 14 28
17 2 2
17 3 7
17 4 27
17 8 17
17 10 14
17 14 1
18 1 22
18 2 42
18 6 21
18 8 26
18 14 31
18 15 17
18 17 52
19 0 46
19 1 40
19 2 48
19 4 13
19 5 25
19 6 49
19 8 43
19 9 4
19 10 25
19 11 26
19 12 2
19 15 23
19 16 42
19 17 8
20 5 47
20 6 36
20 9 22
20 11 3
20 12 32
20 15 49
20 19 16
21 0 8
21 1 48
21 3 51
21 9 9
21 10 48
21 12 33
21 15 7
21 19 36
21 20 11
22 1 26
22 2 20
22 3 44
22 6 10
22 7 14
22 10 23
22 12 51
22 15 48
22 17 6
22 18 39
22 21 2
23 1 18
23 3 29
23 6 48
23 7 18
23 8 52
23 9 13
23 13 11
23 16 43
23 17 12
23 21 14
