54
1 0 9
2 0 2
2 1 11
3 0 2
3 1 3
3 2 1
4 0 3
4 1 11
4 2 1
4 3 9
5 0 10
5 1 11
5 2 9
5 3 11
5 4 2
6 0 9
6 1 7
6 2 8
6 3 11
6 4 11
6 5 4
7 0 2
7 1 1
7 2 8
7 3 4
7 4 8
7 5 7
7 6 8
8 0 5
8 1 9
8 2 12
8 3 6
8 4 10
8 5 8
8 6 2
8 7 12
9 0 10
9 1 10
9 2 10
9 3 5
9 4 3
9 5 3
9 6 11
9 7 9
9 8 12
10 0 5
10 1 7
10 2 5
10 3 12
10 4 8
10 5 3
10 6 1
10 7 10
10 8 9
10 9 7
11 0 12
11 1 9
11 2 6
11 3 7
11 4 3
11 5 1
11 6 1
11 7 7
11 8 10
11 9 6
11 10 7
12 0 1
12 1 8
12 2 1
12 3 3
12 4 3
12 5 9
12 6 5
12 7 8
12 8 9
12 9 7
12 10 8
12 11 8
13 0 10
13 1 1
13 2 10
13 3 6
13 4 10
13 5 6
13 6 6
13 7 11
13 8 2
13 9 12
13 10 3
13 11 6
13 12 6
14 0 4
14 1 1
14 2 2
14 3 12
14 4 4
14 5 9
14 6 7
14 7 4
14 8 2
14 9 4
14 10 10
14 11 11
14 12 12
14 13 6
15 0 4
15 1 11
15 2 1
15 3 8
15 4 3
15 5 10
15 6 1
15 7 9
15 8 8
15 9 8
15 10 9
15 11 7
15 12 8
15 13 11
15 14 12
16 0 10
16 1 8
16 2 7
16 3 10
16 4 11
16 5 8
16 6 3
16 7 1
16 8 1
16 9 8
16 10 5
16 11 9
16 12 3
16 13 10
16 14 10
16 15 9
17 0 10
17 1 4
17 2 12
17 3 4
17 4 5
17 5 2
17 6 4
17 7 7
17 8 4
17 9 3
17 10 12
17 11 9
17 12 1
17 13 10
17 14 10
17 15 11
17 16 5
18 0 2
18 1 10
18 2 10
18 3 12
18 4 12
18 5 9
18 6 11
18 7 5
18 8 11
18 9 4
18 10 1
18 11 11
18 12 8
18 13 9
18 14 5
18 15 12
18 16 5
18 17 11
19 0 10
19 1 1
19 2 9
19 3 1
19 4 9
19 5 4
19 6 8
19 7 3
19 8 5
19 9 9
19 10 11
19 11 1
19 12 12
19 13 6
19 14 9
19 15 11
19 16 10
19 17 9
19 18 3
20 0 1
20 1 3
20 2 7
20 3 11
20 4 1
20 5 3
20 6 10
20 7 10
20 8 10
20 9 1
20 10 12
20 11 8
20 12 8
20 13 10
20 14 5
20 15 11
20 16 4
20 17 8
20 18 8
20 19 9
21 0 5
21 1 7
21 2 5
21 3 7
21 4 11
21 5 3
21 6 11
21 7 4
21 8 5
21 9 3
21 10 1
21 11 1
21 12 8
21 13 12
21 14 11
21 15 12
21 16 2
21 17 7
21 18 9
21 19 10
21 20 12
22 0 1
22 1 5
22 2 1
22 3 10
22 4 9
22 5 11
22 6 10
22 7 1
22 8 3
22 9 6
22 10 3
22 11 1
22 12 8
22 13 10
22 14 10
22 15 12
22 16 3
22 17 2
22 18 5
22 19 7
22 20 4
22 21 10
23 0 12
23 1 3
23 2 4
23 3 7
23 4 6
23 5 12
23 6 12
23 7 1
23 8 4
23 9 8
23 10 1
23 11 1
23 12 2
23 13 10
23 14 11
23 15 8
23 16 5
23 17 8
23 18 10
23 19 2
23 20 12
23 21 12
23 22 11
24 0 8
24 1 1
24 2 8
24 3 3
24 4 10
24 5 11
24 6 6
24 7 1
24 8 3
24 9 3
24 10 11
24 11 8
24 12 5
24 13 5
24 14 11
24 15 9
24 16 7
24 17 2
24 18 3
24 19 3
24 20 6
24 21 5
24 22 11
24 23 12
25 0 8
25 1 12
25 2 9
25 3 3
25 4 2
25 5 11
25 6 6
25 7 12
25 8 7
25 9 3
25 10 1
25 11 12
25 12 4
25 13 2
25 14 1
25 15 4
25 16 7
25 17 12
25 18 10
25 19 7
25 20 11
25 21 8
25 22 12
25 23 9
25 24 8
26 0 4
26 1 7
26 2 12
26 3 7
26 4 9
26 5 4
26 6 4
26 7 7
26 8 6
26 9 1
26 10 10
26 11 5
26 12 12
26 13 11
26 14 10
26 15 5
26 16 6
26 17 1
26 18 2
26 19 5
26 20 12
26 21 2
26 22 11
26 23 9
26 24 1
26 25 4
27 0 2
27 1 6
27 2 2
27 3 3
27 4 2
27 5 2
27 6 12
27 7 8
27 8 5
27 9 9
27 10 1
27 11 12
27 12 1
27 13 11
27 14 4
27 15 9
27 16 8
27 17 12
27 18 6
27 19 5
27 20 7
27 21 11
27 22 9
27 23 6
27 24 12
27 25 7
27 26 12
28 0 8
28 1 7
28 2 7
28 3 3
28 4 3
28 5 9
28 6 4
28 7 6
28 8 6
28 9 1
28 10 7
28 11 9
28 12 10
28 13 12
28 14 2
28 15 1
28 16 11
28 17 12
28 18 11
28 19 9
28 20 3
28 21 4
28 22 7
28 23 11
28 24 3
28 25 8
28 26 11
28 27 2
29 0 7
29 1 9
29 2 9
29 3 12
29 4 1
29 5 11
29 6 8
29 7 1
29 8 8
29 9 2
29 10 8
29 11 6
29 12 9
29 13 10
29 14 12
29 15 3
29 16 8
29 17 9
29 18 7
29 19 3
29 20 1
29 21 4
29 22 11
29 23 6
29 24 3
29 25 4
29 26 12
29 27 10
29 28 5
30 0 12
30 1 6
30 2 8
30 3 11
30 4 12
30 5 9
30 6 10
30 7 2
30 8 6
30 9 9
30 10 4
30 11 11
30 12 8
30 13 3
30 14 11
30 15 10
30 16 8
30 17 2
30 18 6
30 19 3
30 20 4
30 21 2
30 22 10
30 23 5
30 24 7
30 25 12
30 26 2
30 27 10
30 28 5
30 29 6
31 0 2
31 1 1
31 2 10
31 3 11
31 4 7
31 5 6
31 6 9
31 7 8
31 8 8
31 9 7
31 10 3
31 11 11
31 12 4
31 13 11
31 14 11
31 15 2
31 16 5
31 17 7
31 18 2
31 19 5
31 20 12
31 21 12
31 22 9
31 23 2
31 24 5
31 25 9
31 26 7
31 27 2
31 28 9
31 29 7
31 30 6
32 0 10
32 1 1
32 2 5
32 3 10
32 4 5
32 5 12
32 6 7
32 7 3
32 8 9
32 9 6
32 10 2
32 11 7
32 12 11
32 13 10
32 14 11
32 15 11
32 16 1
32 17 9
32 18 11
32 19 11
32 20 10
32 21 5
32 22 10
32 23 12
32 24 2
32 25 12
32 26 3
32 27 3
32 28 5
32 29 6
32 30 5
32 31 10
33 0 3
33 1 1
33 2 8
33 3 11
33 4 8
33 5 6
33 6 2
33 7 3
33 8 5
33 9 10
33 10 7
33 11 6
33 12 9
33 13 1
33 14 6
33 15 7
33 16 11
33 17 11
33 18 12
33 19 11
33 20 5
33 21 11
33 22 10
33 23 6
33 24 8
33 25 10
33 26 11
33 27 1
33 28 10
33 29 11
33 30 10
33 31 12
33 32 5
34 0 1
34 1 1
34 2 12
34 3 6
34 4 6
34 5 4
34 6 10
34 7 5
34 8 3
34 9 9
34 10 9
34 11 3
34 12 12
34 13 10
34 14 12
34 15 6
34 16 9
34 17 9
34 18 3
34 19 7
34 20 3
34 21 12
34 22 4
34 23 11
34 24 2
34 25 12
34 26 9
34 27 5
34 28 9
34 29 8
34 30 10
34 31 6
34 32 5
34 33 1
35 0 10
35 1 1
35 2 10
35 3 1
35 4 6
35 5 10
35 6 8
35 7 10
35 8 6
35 9 6
35 10 1
35 11 8
35 12 1
35 13 8
35 14 6
35 15 7
35 16 4
35 17 11
35 18 3
35 19 7
35 20 5
35 21 1
35 22 2
35 23 11
35 24 8
35 25 2
35 26 4
35 27 5
35 28 6
35 29 5
35 30 7
35 31 4
35 32 3
35 33 10
35 34 6
36 0 8
36 1 6
36 2 12
36 3 4
36 4 10
36 5 12
36 6 2
36 7 2
36 8 3
36 9 3
36 10 5
36 11 6
36 12 10
36 13 11
36 14 7
36 15 8
36 16 6
36 17 4
36 18 11
36 19 2
36 20 1
36 21 3
36 22 4
36 23 12
36 24 1
36 25 7
36 26 6
36 27 9
36 28 7
36 29 5
36 30 7
36 31 9
36 32 12
36 33 2
36 34 7
36 35 9
37 0 4
37 1 7
37 2 9
37 3 2
37 4 4
37 5 7
37 6 10
37 7 3
37 8 2
37 9 1
37 10 8
37 11 6
37 12 12
37 13 6
37 14 3
37 15 6
37 16 5
37 17 9
37 18 3
37 19 11
37 20 3
37 21 12
37 22 9
37 23 6
37 24 10
37 25 1
37 26 6
37 27 12
37 28 6
37 29 9
37 30 8
37 31 8
37 32 11
37 33 11
37 34 3
37 35 4
37 36 4
38 0 9
38 1 1
38 2 6
38 3 7
38 4 2
38 5 3
38 6 5
38 7 6
38 8 2
38 9 9
38 10 9
38 11 9
38 12 8
38 13 4
38 14 4
38 15 1
38 16 4
38 17 9
38 18 1
38 19 4
38 20 9
38 21 2
38 22 5
38 23 6
38 24 10
38 25 10
38 26 7
38 27 4
38 28 1
38 29 2
38 30 9
38 31 3
38 32 5
38 33 7
38 34 4
38 35 12
38 36 2
38 37 3
39 0 8
39 1 3
39 2 3
39 3 11
39 4 7
39 5 6
39 6 3
39 7 3
39 8 3
39 9 7
39 10 3
39 11 12
39 12 10
39 13 7
39 14 7
39 15 7
39 16 12
39 17 7
39 18 10
39 19 10
39 20 1
39 21 12
39 22 1
39 23 12
39 24 2
39 25 10
39 26 7
39 27 11
39 28 1
39 29 12
39 30 3
39 31 6
39 32 2
39 33 2
39 34 10
39 35 5
39 36 10
39 37 2
39 38 1
40 0 9
40 1 12
40 2 3
40 3 5
40 4 7
40 5 3
40 6 7
40 7 2
40 8 3
40 9 5
40 10 5
40 11 7
40 12 3
40 13 4
40 14 2
40 15 8
40 16 10
40 17 3
40 18 7
40 19 6
40 20 11
40 21 6
40 22 5
40 23 2
40 24 11
40 25 3
40 26 10
40 27 8
40 28 8
40 29 7
40 30 9
40 31 8
40 32 1
40 33 5
40 34 4
40 35 7
40 36 2
40 37 11
40 38 5
40 39 4
41 0 2
41 1 9
41 2 12
41 3 9
41 4 11
41 5 10
41 6 10
41 7 8
41 8 6
41 9 5
41 10 6
41 11 8
41 12 7
41 13 6
41 14 3
41 15 1
41 16 4
41 17 4
41 18 6
41 19 6
41 20 4
41 21 1
41 22 5
41 23 8
41 24 5
41 25 1
41 26 11
41 27 5
41 28 6
41 29 6
41 30 8
41 31 2
41 32 12
41 33 6
41 34 7
41 35 6
41 36 4
41 37 12
41 38 3
41 39 6
41 40 8
42 0 9
42 1 8
42 2 11
42 3 5
42 4 9
42 5 1
42 6 10
42 7 9
42 8 1
42 9 6
42 10 12
42 11 12
42 12 2
42 13 12
42 14 11
42 15 8
42 16 1
42 17 10
42 18 11
42 19 11
42 20 11
42 21 4
42 22 10
42 23 8
42 24 7
42 25 8
42 26 1
42 27 6
42 28 4
42 29 12
42 30 10
42 31 8
42 32 5
42 33 7
42 34 8
42 35 12
42 36 12
42 37 10
42 38 8
42 39 2
42 40 5
42 41 5
43 0 1
43 1 4
43 2 6
43 3 6
43 4 6
43 5 8
43 6 12
43 7 7
43 8 11
43 9 8
43 10 1
43 11 10
43 12 2
43 13 12
43 14 7
43 15 12
43 16 2
43 17 1
43 18 3
43 19 2
43 20 11
43 21 1
43 22 6
43 23 11
43 24 4
43 25 7
43 26 8
43 27 11
43 28 7
43 29 9
43 30 8
43 31 4
43 32 3
43 33 2
43 34 6
43 35 8
43 36 8
43 37 10
43 38 4
43 39 8
43 40 8
43 41 12
43 42 5
44 0 12
44 1 2
44 2 3
44 3 4
44 4 10
44 5 5
44 6 4
44 7 6
44 8 5
44 9 4
44 10 11
44 11 8
44 12 1
44 13 2
44 14 5
44 15 5
44 16 3
44 17 11
44 18 9
44 19 1
44 20 7
44 21 7
44 22 6
44 23 9
44 24 5
44 25 11
44 26 12
44 27 2
44 28 6
44 29 7
44 30 10
44 31 5
44 32 4
44 33 2
44 34 6
44 35 7
44 36 8
44 37 1
44 38 1
44 39 9
44 40 10
44 41 5
44 42 4
44 43 11
45 0 4
45 1 6
45 2 6
45 3 11
45 4 3
45 5 1
45 6 7
45 7 8
45 8 10
45 9 10
45 10 5
45 11 4
45 12 4
45 13 11
45 14 5
45 15 2
45 16 2
45 17 2
45 18 2
45 19 11
45 20 9
45 21 11
45 22 4
45 23 6
45 24 5
45 25 9
45 26 1
45 27 12
45 28 11
45 29 9
45 30 6
45 31 1
45 32 9
45 33 7
45 34 1
45 35 10
45 36 10
45 37 8
45 38 1
45 39 6
45 40 5
45 41 1
45 42 4
45 43 8
45 44 9
46 0 12
46 1 9
46 2 12
46 3 12
46 4 3
46 5 11
46 6 11
46 7 8
46 8 11
46 9 3
46 10 12
46 11 8
46 12 3
46 13 8
46 14 5
46 15 11
46 16 11
46 17 4
46 18 12
46 19 7
46 20 9
46 21 1
46 22 10
46 23 6
46 24 5
46 25 11
46 26 4
46 27 11
46 28 6
46 29 10
46 30 10
46 31 3
46 32 5
46 33 2
46 34 11
46 35 12
46 36 12
46 37 2
46 38 2
46 39 2
46 40 8
46 41 4
46 42 6
46 43 2
46 44 12
46 45 11
47 0 5
47 1 9
47 2 8
47 3 1
47 4 7
47 5 12
47 6 3
47 7 10
47 8 12
47 9 6
47 10 7
47 11 5
47 12 2
47 13 4
47 14 6
47 15 9
47 16 2
47 17 3
47 18 1
47 19 5
47 20 12
47 21 5
47 22 9
47 23 9
47 24 5
47 25 1
47 26 8
47 27 6
47 28 3
47 29 3
47 30 10
47 31 8
47 32 7
47 33 9
47 34 8
47 35 8
47 36 12
47 37 1
47 38 7
47 39 1
47 40 1
47 41 6
47 42 3
47 43 1
47 44 6
47 45 6
47 46 7
48 0 4
48 1 10
48 2 10
48 3 2
48 4 8
48 5 5
48 6 3
48 7 6
48 8 9
48 9 12
48 10 8
48 11 5
48 12 7
48 13 2
48 14 12
48 15 10
48 16 9
48 17 12
48 18 12
48 19 1
48 20 5
48 21 1
48 22 12
48 23 3
48 24 5
48 25 5
48 26 1
48 27 3
48 28 7
48 29 3
48 30 7
48 31 9
48 32 12
48 33 2
48 34 7
48 35 6
48 36 11
48 37 10
48 38 10
48 39 3
48 40 3
48 41 7
48 42 12
48 43 6
48 44 2
48 45 12
48 46 10
48 47 12
49 0 8
49 1 10
49 2 4
49 3 1
49 4 7
49 5 4
49 6 1
49 7 12
49 8 9
49 9 6
49 10 3
49 11 6
49 12 1
49 13 2
49 14 3
49 15 12
49 16 8
49 17 5
49 18 12
49 19 12
49 20 7
49 21 3
49 22 6
49 23 8
49 24 7
49 25 6
49 26 11
49 27 10
49 28 9
49 29 2
49 30 9
49 31 6
49 32 10
49 33 9
49 34 4
49 35 3
49 36 7
49 37 12
49 38 7
49 39 8
49 40 12
49 41 11
49 42 1
49 43 4
49 44 4
49 45 1
49 46 1
49 47 9
49 48 8
50 0 4
50 1 3
50 2 7
50 3 9
50 4 3
50 5 8
50 6 8
50 7 2
50 8 5
50 9 10
50 10 12
50 11 8
50 12 1
50 13 8
50 14 5
50 15 7
50 16 9
50 17 2
50 18 12
50 19 12
50 20 11
50 21 2
50 22 4
50 23 4
50 24 6
50 25 2
50 26 6
50 27 1
50 28 11
50 29 11
50 30 10
50 31 7
50 32 5
50 33 1
50 34 2
50 35 4
50 36 7
50 37 10
50 38 11
50 39 7
50 40 8
50 41 2
50 42 4
50 43 4
50 44 10
50 45 9
50 46 1
50 47 4
50 48 5
50 49 12
51 0 9
51 1 7
51 2 9
51 3 5
51 4 2
51 5 12
51 6 9
51 7 12
51 8 2
51 9 11
51 10 10
51 11 8
51 12 6
51 13 8
51 14 9
51 15 5
51 16 8
51 17 9
51 18 10
51 19 11
51 20 4
51 21 7
51 22 11
51 23 1
51 24 9
51 25 12
51 26 8
51 27 2
51 28 10
51 29 4
51 30 6
51 31 9
51 32 6
51 33 6
51 34 10
51 35 2
51 36 1
51 37 8
51 38 11
51 39 10
51 40 12
51 41 9
51 42 11
51 43 8
51 44 12
51 45 7
51 46 2
51 47 10
51 48 5
51 49 4
51 50 11
52 0 9
52 1 7
52 2 3
52 3 11
52 4 5
52 5 11
52 6 11
52 7 4
52 8 10
52 9 4
52 10 10
52 11 7
52 12 1
52 13 3
52 14 11
52 15 7
52 16 8
52 17 8
52 18 12
52 19 3
52 20 10
52 21 3
52 22 11
52 23 7
52 24 2
52 25 8
52 26 6
52 27 2
52 28 8
52 29 4
52 30 1
52 31 6
52 32 9
52 33 7
52 34 12
52 35 5
52 36 1
52 37 5
52 38 7
52 39 12
52 40 1
52 41 4
52 42 2
52 43 4
52 44 8
52 45 10
52 46 5
52 47 9
52 48 2
52 49 4
52 50 4
52 51 10
53 0 1
53 1 4
53 2 7
53 3 6
53 4 12
53 5 9
53 6 1
53 7 3
53 8 3
53 9 1
53 10 12
53 11 8
53 12 3
53 13 2
53 14 5
53 15 5
53 16 11
53 17 5
53 18 3
53 19 5
53 20 5
53 21 10
53 22 9
53 23 6
53 24 1
53 25 1
53 26 11
53 27 5
53 28 4
53 29 7
53 30 10
53 31 8
53 32 6
53 33 9
53 34 3
53 35 6
53 36 12
53 37 3
53 38 9
53 39 5
53 40 11
53 41 12
53 42 8
53 43 2
53 44 3
53 45 9
53 46 6
53 47 2
53 48 6
53 49 1
53 50 7
53 51 7
53 52 12
