61
1 0 36
2 0 46
2 1 27
3 0 50
3 1 50
3 2 50
4 0 50
4 1 54
4 2 48
4 3 58
5 0 29
5 1 23
5 2 43
5 3 42
5 4 8
6 0 33
6 1 44
6 2 20
6 3 32
6 4 9
6 5 17
7 0 25
7 1 53
7 2 44
7 3 45
7 4 21
7 5 24
7 6 47
8 0 26
8 1 48
8 2 26
8 3 51
8 4 59
8 5 10
8 6 59
8 7 56
9 0 46
9 1 42
9 2 22
9 3 36
9 4 22
9 5 32
9 6 55
9 7 61
9 8 54
10 0 13
10 1 12
10 2 12
10 3 8
10 4 22
10 5 41
10 6 59
10 7 12
10 8 2
10 9 52
11 0 47
11 1 3
11 2 55
11 3 42
11 4 32
11 5 46
11 6 23
11 7 34
11 8 34
11 9 2
11 10 48
12 0 46
12 1 32
12 2 45
12 3 13
12 4 8
12 5 33
12 6 43
12 7 24
12 8 40
12 9 46
12 10 6
12 11 3
13 0 49
13 1 44
13 2 7
13 3 14
13 4 8
13 5 54
13 6 41
13 7 56
13 8 33
13 9 42
13 10 28
13 11 39
13 12 50
14 0 56
14 1 31
14 2 2
14 3 46
14 4 61
14 5 6
14 6 32
14 7 42
14 8 35
14 9 45
14 10 35
14 11 34
14 12 57
14 13 26
15 0 20
15 1 28
15 2 20
15 3 33
15 4 10
15 5 30
15 6 50
15 7 2
15 8 5
15 9 29
15 10 29
15 11 44
15 12 29
15 13 40
15 14 55
16 0 52
16 1 49
16 2 31
16 3 40
16 4 24
16 5 30
16 6 21
16 7 46
16 8 30
16 9 43
16 10 12
16 11 29
16 12 13
16 13 60
16 14 18
16 15 10
17 0 31
17 1 61
17 2 12
17 3 40
17 4 50
17 5 39
17 6 5
17 7 43
17 8 3
17 9 29
17 10 3
17 11 13
17 12 42
17 13 14
17 14 22
17 15 36
17 16 15
18 0 33
18 1 55
18 2 8
18 3 19
18 4 37
18 5 19
18 6 24
18 7 4
18 8 8
18 9 42
18 10 7
18 11 48
18 12 48
18 13 42
18 14 57
18 15 54
18 16 7
18 17 22
19 0 57
19 1 33
19 2 38
19 3 16
19 4 4
19 5 37
19 6 29
19 7 32
19 8 41
19 9 50
19 10 50
19 11 53
19 12 42
19 13 21
19 14 4
19 15 2
19 16 34
19 17 60
19 18 23
20 0 44
20 1 31
20 2 45
20 3 9
20 4 12
20 5 57
20 6 40
20 7 24
20 8 24
20 9 11
20 10 57
20 11 21
20 12 44
20 13 39
20 14 52
20 15 26
20 16 10
20 17 11
20 18 60
20 19 38
21 0 23
21 1 25
21 2 43
21 3 1
21 4 54
21 5 56
21 6 4
21 7 34
21 8 28
21 9 58
21 10 20
21 11 56
21 12 18
21 13 47
21 14 3
21 15 33
21 16 49
21 17 57
21 18 15
21 19 27
21 20 50
22 0 12
22 1 61
22 2 25
22 3 44
22 4 33
22 5 56
22 6 30
22 7 46
22 8 52
22 9 51
22 10 3
22 11 29
22 12 5
22 13 56
22 14 46
22 15 11
22 16 53
22 17 4
22 18 17
22 19 43
22 20 8
22 21 9
23 0 32
23 1 60
23 2 56
23 3 40
23 4 44
23 5 16
23 6 41
23 7 38
23 8 43
23 9 43
23 10 36
23 11 57
23 12 7
23 13 5
23 14 48
23 15 30
23 16 30
23 17 33
23 18 33
23 19 44
23 20 27
23 21 35
23 22 29
24 0 29
24 1 12
24 2 6
24 3 59
24 4 18
24 5 34
24 6 50
24 7 50
24 8 33
24 9 44
24 10 26
24 11 52
24 12 53
24 13 42
24 14 28
24 15 22
24 16 8
24 17 12
24 18 41
24 19 22
24 20 40
24 21 20
24 22 21
24 23 56
25 0 26
25 1 19
25 2 58
25 3 18
25 4 35
25 5 5
25 6 51
25 7 30
25 8 22
25 9 45
25 10 7
25 11 33
25 12 31
25 13 52
25 14 57
25 15 37
25 16 31
25 17 17
25 18 32
25 19 34
25 20 11
25 21 3
25 22 61
25 23 54
25 24 50
26 0 13
26 1 41
26 2 57
26 3 40
26 4 6
26 5 22
26 6 53
26 7 15
26 8 6
26 9 60
26 10 52
26 11 21
26 12 55
26 13 26
26 14 12
26 15 6
26 16 61
26 17 23
26 18 51
26 19 49
26 20 45
26 21 47
26 22 3
26 23 27
26 24 15
26 25 59
27 0 17
27 1 51
27 2 3
27 3 43
27 4 47
27 5 4
27 6 16
27 7 39
27 8 9
27 9 30
27 10 34
27 11 51
27 12 1
27 13 37
27 14 17
27 15 40
27 16 39
27 17 27
27 18 30
27 19 58
27 20 54
27 21 19
27 22 59
27 23 10
27 24 4
27 25 8
27 26 1
28 0 9
28 1 38
28 2 42
28 3 57
28 4 45
28 5 25
28 6 19
28 7 39
28 8 9
28 9 19
28 10 3
28 11 15
28 12 55
28 13 19
28 14 25
28 15 8
28 16 52
28 17 15
28 18 56
28 19 38
28 20 36
28 21 52
28 22 19
28 23 11
28 24 5
28 25 5
28 26 8
28 27 56
29 0 31
29 1 26
29 2 53
29 3 39
29 4 34
29 5 49
29 6 3
29 7 3
29 8 43
29 9 38
29 10 53
29 11 30
29 12 12
29 13 32
29 14 19
29 15 21
29 16 49
29 17 18
29 18 48
29 19 23
29 20 27
29 21 54
29 22 46
29 23 15
29 24 29
29 25 24
29 26 56
29 27 60
29 28 1
30 0 34
30 1 52
30 2 29
30 3 41
30 4 7
30 5 19
30 6 52
30 7 42
30 8 8
30 9 20
30 10 39
30 11 4
30 12 53
30 13 7
30 14 61
30 15 33
30 16 12
30 17 17
30 18 9
30 19 10
30 20 25
30 21 45
30 22 10
30 23 5
30 24 53
30 25 33
30 26 38
30 27 42
30 28 60
30 29 21
31 0 43
31 1 3
31 2 23
31 3 27
31 4 41
31 5 44
31 6 26
31 7 14
31 8 8
31 9 57
31 10 8
31 11 53
31 12 9
31 13 60
31 14 23
31 15 29
31 16 23
31 17 11
31 18 58
31 19 48
31 20 40
31 21 53
31 22 38
31 23 35
31 24 39
31 25 14
31 26 41
31 27 56
31 28 43
31 29 47
31 30 10
32 0 17
32 1 57
32 2 6
32 3 59
32 4 60
32 5 61
32 6 60
32 7 41
32 8 23
32 9 17
32 10 58
32 11 29
32 12 5
32 13 28
32 14 61
32 15 47
32 16 46
32 17 38
32 18 4
32 19 14
32 20 38
32 21 18
32 22 23
32 23 27
32 24 23
32 25 15
32 26 50
32 27 23
32 28 26
32 29 49
32 30 58
32 31 20
33 0 34
33 1 4
33 2 12
33 3 5
33 4 20
33 5 21
33 6 40
33 7 21
33 8 4
33 9 25
33 10 9
33 11 57
33 12 57
33 13 56
33 14 41
33 15 61
33 16 43
33 17 34
33 18 31
33 19 24
33 20 2
33 21 59
33 22 15
33 23 1
33 24 33
33 25 48
33 26 55
33 27 41
33 28 55
33 29 48
33 30 43
33 31 47
33 32 40
34 0 25
34 1 6
34 2 53
34 3 32
34 4 7
34 5 17
34 6 3
34 7 38
34 8 3
34 9 15
34 10 25
34 11 36
34 12 22
34 13 2
34 14 26
34 15 28
34 16 55
34 17 47
34 18 39
34 19 17
34 20 6
34 21 40
34 22 10
34 23 15
34 24 29
34 25 3
34 26 58
34 27 8
34 28 61
34 29 18
34 30 43
34 31 18
34 32 7
34 33 44
35 0 57
35 1 27
35 2 13
35 3 20
35 4 33
35 5 1
35 6 3
35 7 52
35 8 61
35 9 48
35 10 9
35 11 12
35 12 51
35 13 11
35 14 17
35 15 38
35 16 10
35 17 11
35 18 35
35 19 59
35 20 23
35 21 5
35 22 54
35 23 59
35 24 17
35 25 17
35 26 19
35 27 15
35 28 15
35 29 58
35 30 15
35 31 47
35 32 16
35 33 13
35 34 8
36 0 43
36 1 49
36 2 17
36 3 46
36 4 55
36 5 61
36 6 32
36 7 13
36 8 47
36 9 31
36 10 31
36 11 15
36 12 48
36 13 7
36 14 38
36 15 58
36 16 15
36 17 55
36 18 29
36 19 4
36 20 60
36 21 27
36 22 30
36 23 13
36 24 59
36 25 34
36 26 19
36 27 52
36 28 12
36 29 25
36 30 52
36 31 54
36 32 14
36 33 6
36 34 9
36 35 56
37 0 16
37 1 58
37 2 28
37 3 2
37 4 31
37 5 11
37 6 7
37 7 19
37 8 35
37 9 38
37 10 4
37 11 17
37 12 47
37 13 44
37 14 18
37 15 32
37 16 37
37 17 1
37 18 23
37 19 44
37 20 10
37 21 46
37 22 56
37 23 58
37 24 46
37 25 22
37 26 41
37 27 8
37 28 17
37 29 54
37 30 31
37 31 50
37 32 12
37 33 42
37 34 33
37 35 46
37 36 47
38 0 10
38 1 16
38 2 61
38 3 21
38 4 52
38 5 8
38 6 19
38 7 36
38 8 34
38 9 22
38 10 18
38 11 4
38 12 19
38 13 35
38 14 35
38 15 29
38 16 3
38 17 38
38 18 34
38 19 32
38 20 45
38 21 59
38 22 11
38 23 14
38 24 58
38 25 60
38 26 14
38 27 61
38 28 20
38 29 31
38 30 10
38 31 7
38 32 17
38 33 17
38 34 52
38 35 3
38 36 4
38 37 7
39 0 25
39 1 2
39 2 3
39 3 59
39 4 58
39 5 47
39 6 31
39 7 16
39 8 6
39 9 59
39 10 41
39 11 9
39 12 46
39 13 30
39 14 40
39 15 25
39 16 61
39 17 61
39 18 28
39 19 26
39 20 31
39 21 25
39 22 19
39 23 22
39 24 42
39 25 44
39 26 58
39 27 9
39 28 30
39 29 48
39 30 34
39 31 28
39 32 40
39 33 17
39 34 35
39 35 26
39 36 35
39 37 58
39 38 37
40 0 44
40 1 23
40 2 39
40 3 61
40 4 37
40 5 42
40 6 60
40 7 54
40 8 39
40 9 17
40 10 37
40 11 52
40 12 30
40 13 34
40 14 14
40 15 30
40 16 60
40 17 31
40 18 3
40 19 15
40 20 61
40 21 36
40 22 18
40 23 49
40 24 23
40 25 50
40 26 50
40 27 28
40 28 36
40 29 57
40 30 6
40 31 31
40 32 50
40 33 11
40 34 61
40 35 32
40 36 1
40 37 36
40 38 18
40 39 50
41 0 48
41 1 24
41 2 43
41 3 3
41 4 7
41 5 56
41 6 48
41 7 4
41 8 39
41 9 32
41 10 17
41 11 54
41 12 42
41 13 60
41 14 32
41 15 24
41 16 21
41 17 29
41 18 4
41 19 57
41 20 23
41 21 22
41 22 33
41 23 2
41 24 33
41 25 4
41 26 34
41 27 56
41 28 56
41 29 55
41 30 11
41 31 34
41 32 2
41 33 33
41 34 5
41 35 21
41 36 6
41 37 48
41 38 32
41 39 42
41 40 29
42 0 28
42 1 54
42 2 13
42 3 14
42 4 39
42 5 10
42 6 8
42 7 36
42 8 55
42 9 51
42 10 7
42 11 21
42 12 53
42 13 59
42 14 55
42 15 37
42 16 23
42 17 23
42 18 3
42 19 46
42 20 8
42 21 22
42 22 52
42 23 6
42 24 43
42 25 12
42 26 30
42 27 36
42 28 61
42 29 32
42 30 30
42 31 5
42 32 47
42 33 10
42 34 22
42 35 27
42 36 43
42 37 8
42 38 2
42 39 43
42 40 17
42 41 54
43 0 11
43 1 8
43 2 11
43 3 58
43 4 54
43 5 54
43 6 15
43 7 37
43 8 61
43 9 35
43 10 5
43 11 6
43 12 14
43 13 46
43 14 42
43 15 46
43 16 46
43 17 40
43 18 9
43 19 61
43 20 4
43 21 2
43 22 49
43 23 45
43 24 11
43 25 26
43 26 36
43 27 8
43 28 22
43 29 5
43 30 34
43 31 28
43 32 14
43 33 6
43 34 45
43 35 31
43 36 42
43 37 1
43 38 44
43 39 61
43 40 9
43 41 24
43 42 45
44 0 42
44 1 57
44 2 28
44 3 9
44 4 11
44 5 55
44 6 48
44 7 32
44 8 52
44 9 32
44 10 25
44 11 46
44 12 9
44 13 16
44 14 5
44 15 54
44 16 14
44 17 40
44 18 33
44 19 38
44 20 49
44 21 26
44 22 48
44 23 43
44 24 34
44 25 6
44 26 53
44 27 40
44 28 29
44 29 8
44 30 54
44 31 21
44 32 3
44 33 4
44 34 48
44 35 40
44 36 11
44 37 15
44 38 28
44 39 13
44 40 13
44 41 35
44 42 17
44 43 45
45 0 18
45 1 5
45 2 40
45 3 31
45 4 17
45 5 47
45 6 49
45 7 13
45 8 45
45 9 2
45 10 27
45 11 5
45 12 34
45 13 58
45 14 9
45 15 55
45 16 36
45 17 56
45 18 48
45 19 28
45 20 10
45 21 32
45 22 58
45 23 41
45 24 17
45 25 42
45 26 39
45 27 6
45 28 57
45 29 28
45 30 20
45 31 47
45 32 2
45 33 54
45 34 19
45 35 41
45 36 35
45 37 55
45 38 2
45 39 4
45 40 6
45 41 22
45 42 38
45 43 40
45 44 56
46 0 13
46 1 53
46 2 11
46 3 8
46 4 51
46 5 30
46 6 60
46 7 44
46 8 3
46 9 27
46 10 40
46 11 19
46 12 47
46 13 18
46 14 55
46 15 12
46 16 5
46 17 17
46 18 51
46 19 44
46 20 49
46 21 34
46 22 56
46 23 16
46 24 39
46 25 23
46 26 51
46 27 24
46 28 52
46 29 39
46 30 4
46 31 41
46 32 57
46 33 55
46 34 15
46 35 38
46 36 38
46 37 37
46 38 7
46 39 32
46 40 17
46 41 28
46 42 2
46 43 1
46 44 38
46 45 59
47 0 11
47 1 57
47 2 59
47 3 34
47 4 57
47 5 41
47 6 56
47 7 55
47 8 10
47 9 61
47 10 58
47 11 30
47 12 12
47 13 11
47 14 10
47 15 10
47 16 51
47 17 52
47 18 23
47 19 31
47 20 52
47 21 52
47 22 23
47 23 23
47 24 32
47 25 8
47 26 50
47 27 30
47 28 14
47 29 31
47 30 5
47 31 20
47 32 26
47 33 28
47 34 19
47 35 40
47 36 5
47 37 47
47 38 11
47 39 19
47 40 47
47 41 22
47 42 16
47 43 3
47 44 54
47 45 48
47 46 4
48 0 41
48 1 25
48 2 9
48 3 59
48 4 55
48 5 47
48 6 23
48 7 43
48 8 22
48 9 13
48 10 20
48 11 10
48 12 49
48 13 46
48 14 52
48 15 44
48 16 37
48 17 2
48 18 59
48 19 3
48 20 51
48 21 21
48 22 57
48 23 32
48 24 46
48 25 30
48 26 28
48 27 27
48 28 19
48 29 39
48 30 39
48 31 38
48 32 5
48 33 9
48 34 23
48 35 24
48 36 43
48 37 53
48 38 9
48 39 39
48 40 50
48 41 42
48 42 42
48 43 51
48 44 2
48 45 9
48 46 33
48 47 48
49 0 13
49 1 23
49 2 2
49 3 52
49 4 32
49 5 53
49 6 43
49 7 56
49 8 44
49 9 33
49 10 27
49 11 55
49 12 41
49 13 23
49 14 59
49 15 6
49 16 11
49 17 26
49 18 1
49 19 33
49 20 33
49 21 7
49 22 57
49 23 48
49 24 23
49 25 57
49 26 2
49 27 21
49 28 41
49 29 6
49 30 8
49 31 20
49 32 16
49 33 49
49 34 10
49 35 9
49 36 56
49 37 57
49 38 46
49 39 18
49 40 47
49 41 41
49 42 2
49 43 32
49 44 6
49 45 3
49 46 13
49 47 5
49 48 16
50 0 36
50 1 46
50 2 39
50 3 36
50 4 35
50 5 55
50 6 15
50 7 26
50 8 27
50 9 6
50 10 15
50 11 36
50 12 27
50 13 38
50 14 13
50 15 4
50 16 41
50 17 22
50 18 10
50 19 30
50 20 59
50 21 23
50 22 43
50 23 6
50 24 7
50 25 1
50 26 49
50 27 46
50 28 50
50 29 39
50 30 27
50 31 33
50 32 3
50 33 1
50 34 13
50 35 61
50 36 33
50 37 8
50 38 43
50 39 48
50 40 14
50 41 56
50 42 13
50 43 38
50 44 9
50 45 9
50 46 7
50 47 40
50 48 27
50 49 37
51 0 61
51 1 33
51 2 34
51 3 5
51 4 14
51 5 60
51 6 44
51 7 51
51 8 49
51 9 31
51 10 4
51 11 50
51 12 25
51 13 49
51 14 14
51 15 30
51 16 9
51 17 35
51 18 28
51 19 13
51 20 27
51 21 7
51 22 56
51 23 28
51 24 60
51 25 3
51 26 27
51 27 22
51 28 35
51 29 24
51 30 35
51 31 25
51 32 35
51 33 43
51 34 34
51 35 6
51 36 8
51 37 23
51 38 53
51 39 7
51 40 14
51 41 28
51 42 19
51 43 10
51 44 37
51 45 50
51 46 45
51 47 39
51 48 42
51 49 10
51 50 1
52 0 39
52 1 26
52 2 34
52 3 45
52 4 7
52 5 28
52 6 8
52 7 46
52 8 5
52 9 2
52 10 25
52 11 45
52 12 22
52 13 45
52 14 29
52 15 61
52 16 57
52 17 47
52 18 26
52 19 37
52 20 10
52 21 27
52 22 25
52 23 23
52 24 32
52 25 3
52 26 59
52 27 14
52 28 18
52 29 32
52 30 20
52 31 9
52 32 31
52 33 13
52 34 9
52 35 31
52 36 13
52 37 42
52 38 40
52 39 48
52 40 47
52 41 51
52 42 13
52 43 41
52 44 37
52 45 17
52 46 48
52 47 14
52 48 50
52 49 45
52 50 2
52 51 38
53 0 29
53 1 27
53 2 32
53 3 23
53 4 37
53 5 12
53 6 45
53 7 36
53 8 5
53 9 48
53 10 45
53 11 6
53 12 55
53 13 7
53 14 29
53 15 48
53 16 37
53 17 59
53 18 31
53 19 32
53 20 4
53 21 21
53 22 7
53 23 20
53 24 28
53 25 54
53 26 30
53 27 55
53 28 21
53 29 49
53 30 18
53 31 17
53 32 21
53 33 2
53 34 46
53 35 44
53 36 36
53 37 61
53 38 15
53 39 52
53 40 6
53 41 4
53 42 48
53 43 27
53 44 30
53 45 10
53 46 6
53 47 47
53 48 9
53 49 47
53 50 6
53 51 19
53 52 19
54 0 50
54 1 56
54 2 53
54 3 52
54 4 20
54 5 55
54 6 59
54 7 57
54 8 60
54 9 8
54 10 40
54 11 21
54 12 41
54 13 24
54 14 10
54 15 39
54 16 54
54 17 47
54 18 17
54 19 17
54 20 27
54 21 7
54 22 4
54 23 7
54 24 9
54 25 9
54 26 27
54 27 16
54 28 54
54 29 61
54 30 51
54 31 7
54 32 37
54 33 18
54 34 42
54 35 57
54 36 19
54 37 22
54 38 49
54 39 24
54 40 37
54 41 47
54 42 37
54 43 52
54 44 42
54 45 38
54 46 50
54 47 26
54 48 50
54 49 18
54 50 25
54 51 5
54 52 36
54 53 8
55 0 16
55 1 12
55 2 39
55 3 51
55 4 31
55 5 26
55 6 22
55 7 24
55 8 11
55 9 51
55 10 5
55 11 25
55 12 28
55 13 33
55 14 40
55 15 43
55 16 9
55 17 27
55 18 17
55 19 18
55 20 45
55 21 38
55 22 10
55 23 5
55 24 16
55 25 40
55 26 21
55 27 3
55 28 3
55 29 54
55 30 44
55 31 31
55 32 46
55 33 20
55 34 3
55 35 61
55 36 30
55 37 46
55 38 37
55 39 42
55 40 52
55 41 9
55 42 43
55 43 26
55 44 8
55 45 48
55 46 15
55 47 52
55 48 11
55 49 14
55 50 57
55 51 9
55 52 28
55 53 16
55 54 2
56 0 17
56 1 27
56 2 36
56 3 37
56 4 61
56 5 20
56 6 39
56 7 39
56 8 49
56 9 43
56 10 53
56 11 38
56 12 37
56 13 44
56 14 31
56 15 22
56 16 60
56 17 50
56 18 36
56 19 3
56 20 1
56 21 1
56 22 32
56 23 5
56 24 21
56 25 33
56 26 53
56 27 56
56 28 44
56 29 4
56 30 49
56 31 8
56 32 17
56 33 51
56 34 40
56 35 21
56 36 26
56 37 45
56 38 18
56 39 48
56 40 53
56 41 45
56 42 22
56 43 32
56 44 18
56 45 25
56 46 39
56 47 47
56 48 36
56 49 32
56 50 3
56 51 51
56 52 57
56 53 48
56 54 60
56 55 19
57 0 49
57 1 23
57 2 60
57 3 58
57 4 49
57 5 41
57 6 14
57 7 10
57 8 5
57 9 23
57 10 51
57 11 1
57 12 26
57 13 8
57 14 25
57 15 17
57 16 31
57 17 61
57 18 7
57 19 49
57 20 56
57 21 39
57 22 17
57 23 24
57 24 40
57 25 57
57 26 18
57 27 57
57 28 31
57 29 31
57 30 9
57 31 15
57 32 32
57 33 21
57 34 15
57 35 11
57 36 12
57 37 20
57 38 61
57 39 48
57 40 17
57 41 34
57 42 22
57 43 44
57 44 26
57 45 48
57 46 38
57 47 56
57 48 56
57 49 12
57 50 47
57 51 28
57 52 5
57 53 24
57 54 20
57 55 15
57 56 35
58 0 34
58 1 34
58 2 28
58 3 11
58 4 39
58 5 28
58 6 28
58 7 60
58 8 40
58 9 54
58 10 14
58 11 10
58 12 61
58 13 33
58 14 40
58 15 32
58 16 26
58 17 4
58 18 18
58 19 49
58 20 25
58 21 14
58 22 15
58 23 14
58 24 34
58 25 48
58 26 31
58 27 39
58 28 41
58 29 57
58 30 50
58 31 37
58 32 29
58 33 2
58 34 45
58 35 5
58 36 11
58 37 14
58 38 43
58 39 25
58 40 7
58 41 12
58 42 14
58 43 3
58 44 39
58 45 53
58 46 23
58 47 3
58 48 38
58 49 7
58 50 20
58 51 19
58 52 12
58 53 43
58 54 33
58 55 5
58 56 58
58 57 60
59 0 58
59 1 16
59 2 22
59 3 4
59 4 9
59 5 23
59 6 26
59 7 23
59 8 24
59 9 30
59 10 32
59 11 11
59 12 3
59 13 14
59 14 10
59 15 10
59 16 50
59 17 44
59 18 12
59 19 3
59 20 38
59 21 14
59 22 26
59 23 21
59 24 12
59 25 39
59 26 51
59 27 12
59 28 54
59 29 9
59 30 53
59 31 4
59 32 50
59 33 57
59 34 28
59 35 1
59 36 47
59 37 25
59 38 45
59 39 19
59 40 18
59 41 25
59 42 39
59 43 3
59 44 52
59 45 42
59 46 52
59 47 53
59 48 13
59 49 12
59 50 38
59 51 46
59 52 5
59 53 8
59 54 47
59 55 58
59 56 6
59 57 60
59 58 35
60 0 7
60 1 10
60 2 38
60 3 30
60 4 11
60 5 15
60 6 33
60 7 56
60 8 58
60 9 51
60 10 40
60 11 25
60 12 6
60 13 43
60 14 7
60 15 4
60 16 3
60 17 49
60 18 21
60 19 58
60 20 6
60 21 11
60 22 4
60 23 59
60 24 46
60 25 37
60 26 61
60 27 16
60 28 55
60 29 4
60 30 33
60 31 12
60 32 37
60 33 9
60 34 48
60 35 40
60 36 24
60 37 27
60 38 20
60 39 52
60 40 27
60 41 6
60 42 2
60 43 12
60 44 6
60 45 13
60 46 37
60 47 53
60 48 25
60 49 59
60 50 36
60 51 56
60 52 55
60 53 9
60 54 8
60 55 21
60 56 32
60 57 8
60 58 47
60 59 14
