48
1 0 14
2 0 37
2 1 5
3 0 14
3 1 36
3 2 2
4 0 33
4 1 1
4 2 24
4 3 8
5 0 5
5 1 36
5 2 34
5 3 10
5 4 27
6 0 8
6 1 13
6 2 6
6 3 21
6 4 33
6 5 20
7 0 30
7 1 34
7 2 7
7 3 10
7 4 3
7 5 21
7 6 31
8 0 4
8 1 13
8 2 6
8 3 14
8 4 2
8 5 19
8 6 16
8 7 17
9 0 5
9 1 3
9 2 22
9 3 20
9 4 1
9 5 1
9 6 29
9 7 9
9 8 7
10 0 5
10 1 14
10 2 3
10 3 7
10 4 14
10 5 26
10 6 32
10 7 28
10 8 20
10 9 15
11 0 22
11 1 7
11 2 23
11 3 12
11 4 19
11 5 34
11 6 20
11 7 35
11 8 11
11 9 25
11 10 20
12 0 18
12 1 34
12 2 35
12 3 17
12 4 13
12 5 17
12 6 10
12 7 3
12 8 23
12 9 6
12 10 17
12 11 27
13 0 18
13 1 3
13 2 10
13 3 7
13 4 36
13 5 13
13 6 34
13 7 21
13 8 18
13 9 10
13 10 29
13 11 19
13 12 34
14 0 35
14 1 19
14 2 35
14 3 6
14 4 1
14 5 20
14 6 18
14 7 20
14 8 37
14 9 6
14 10 34
14 11 21
14 12 29
14 13 10
15 0 16
15 1 21
15 2 5
15 3 6
15 4 20
15 5 20
15 6 5
15 7 29
15 8 37
15 9 8
15 10 7
15 11 34
15 12 1
15 13 2
15 14 20
16 0 18
16 1 19
16 2 23
16 3 36
16 4 13
16 5 13
16 6 27
16 7 1
16 8 21
16 9 28
16 10 7
16 11 14
16 12 8
16 13 15
16 14 8
16 15 36
17 0 32
17 1 24
17 2 17
17 3 23
17 4 8
17 5 9
17 6 22
17 7 2
17 8 7
17 9 11
17 10 31
17 11 3
17 12 1
17 13 7
17 14 26
17 15 33
17 16 13
18 0 3
18 1 35
18 2 1
18 3 5
18 4 32
18 5 16
18 6 6
18 7 25
18 8 36
18 9 29
18 10 1
18 11 22
18 12 4
18 13 6
18 14 9
18 15 10
18 16 36
18 17 20
19 0 11
19 1 18
19 2 29
19 3 30
19 4 18
19 5 28
19 6 26
19 7 11
19 8 22
19 9 12
19 10 23
19 11 10
19 12 36
19 13 24
19 14 7
19 15 1
19 16 7
19 17 11
19 18 29
20 0 19
20 1 25
20 2 12
20 3 29
20 4 35
20 5 14
20 6 16
20 7 16
20 8 31
20 9 15
20 10 24
20 11 8
20 12 1
20 13 35
20 14 15
20 15 13
20 16 1
20 17 2
20 18 2
20 19 36
21 0 21
21 1 8
21 2 14
21 3 5
21 4 15
21 5 22
21 6 13
21 7 19
21 8 10
21 9 9
21 10 23
21 11 25
21 12 37
21 13 12
21 14 6
21 15 1
21 16 10
21 17 10
21 18 2
21 19 6
21 20 27
22 0 1
22 1 26
22 2 35
22 3 24
22 4 21
22 5 16
22 6 17
22 7 8
22 8 12
22 9 22
22 10 3
22 11 32
22 12 17
22 13 24
22 14 34
22 15 1
22 16 27
22 17 27
22 18 17
22 19 31
22 20 25
22 21 24
23 0 16
23 1 19
23 2 9
23 3 14
23 4 27
23 5 23
23 6 3
23 7 17
23 8 11
23 9 33
23 10 14
23 11 4
23 12 12
23 13 3
23 14 16
23 15 23
23 16 33
23 17 6
23 18 31
23 19 8
23 20 4
23 21 37
23 22 29
24 0 3
24 1 14
24 2 35
24 3 26
24 4 30
24 5 4
24 6 5
24 7 28
24 8 13
24 9 13
24 10 19
24 11 4
24 12 14
24 13 8
24 14 33
24 15 23
24 16 33
24 17 10
24 18 18
24 19 16
24 20 5
24 21 12
24 22 23
24 23 1
25 0 6
25 1 31
25 2 28
25 3 5
25 4 28
25 5 19
25 6 35
25 7 24
25 8 23
25 9 14
25 10 13
25 11 2
25 12 35
25 13 8
25 14 16
25 15 19
25 16 18
25 17 2
25 18 2
25 19 6
25 20 10
25 21 35
25 22 12
25 23 11
25 24 14
26 0 32
26 1 11
26 2 3
26 3 4
26 4 25
26 5 24
26 6 7
26 7 32
26 8 34
26 9 29
26 10 33
26 11 18
26 12 34
26 13 16
26 14 22
26 15 28
26 16 7
26 17 11
26 18 23
26 19 11
26 20 18
26 21 13
26 22 29
26 23 10
26 24 19
26 25 8
27 0 6
27 1 15
27 2 28
27 3 8
27 4 3
27 5 9
27 6 10
27 7 12
27 8 35
27 9 35
27 10 32
27 11 5
27 12 1
27 13 27
27 14 3
27 15 10
27 16 28
27 17 25
27 18 10
27 19 16
27 20 10
27 21 36
27 22 17
27 23 11
27 24 22
27 25 18
27 26 9
28 0 14
28 1 9
28 2 34
28 3 10
28 4 24
28 5 19
28 6 32
28 7 28
28 8 14
28 9 17
28 10 22
28 11 5
28 12 10
28 13 19
28 14 28
28 15 9
28 16 7
28 17 2
28 18 17
28 19 30
28 20 5
28 21 22
28 22 5
28 23 33
28 24 26
28 25 16
28 26 17
28 27 12
29 0 32
29 1 20
29 2 35
29 3 30
29 4 14
29 5 17
29 6 1
29 7 9
29 8 4
29 9 7
29 10 1
29 11 15
29 12 23
29 13 26
29 14 37
29 15 22
29 16 1
29 17 7
29 18 12
29 19 36
29 20 24
29 21 4
29 22 1
29 23 1
29 24 21
29 25 12
29 26 26
29 27 16
29 28 10
30 0 35
30 1 16
30 2 15
30 3 36
30 4 17
30 5 23
30 6 11
30 7 8
30 8 33
30 9 11
30 10 32
30 11 37
30 12 32
30 13 5
30 14 22
30 15 13
30 16 23
30 17 29
30 18 11
30 19 12
30 20 9
30 21 21
30 22 5
30 23 19
30 24 20
30 25 6
30 26 7
30 27 29
30 28 3
30 29 32
31 0 35
31 1 2
31 2 33
31 3 31
31 4 32
31 5 25
31 6 26
31 7 16
31 8 27
31 9 7
31 10 35
31 11 32
31 12 4
31 13 31
31 14 34
31 15 28
31 16 21
31 17 4
31 18 29
31 19 29
31 20 16
31 21 6
31 22 37
31 23 8
31 24 28
31 25 19
31 26 4
31 27 34
31 28 12
31 29 13
31 30 7
32 0 6
32 1 34
32 2 12
32 3 20
32 4 28
32 5 15
32 6 19
32 7 7
32 8 29
32 9 3
32 10 25
32 11 36
32 12 1
32 13 20
32 14 34
32 15 16
32 16 11
32 17 1
32 18 2
32 19 16
32 20 29
32 21 26
32 22 11
32 23 23
32 24 11
32 25 28
32 26 26
32 27 1
32 28 5
32 29 37
32 30 31
32 31 10
33 0 31
33 1 11
33 2 9
33 3 16
33 4 37
33 5 13
33 6 9
33 7 8
33 8 3
33 9 10
33 10 18
33 11 14
33 12 24
33 13 10
33 14 26
33 15 7
33 16 26
33 17 5
33 18 18
33 19 23
33 20 1
33 21 18
33 22 37
33 23 14
33 24 20
33 25 3
33 26 34
33 27 2
33 28 2
33 29 15
33 30 10
33 31 6
33 32 10
34 0 18
34 1 17
34 2 14
34 3 25
34 4 21
34 5 5
34 6 27
34 7 13
34 8 10
34 9 21
34 10 20
34 11 26
34 12 4
34 13 16
34 14 32
34 15 27
34 16 24
34 17 18
34 18 6
34 19 30
34 20 29
34 21 10
34 22 21
34 23 3
34 24 25
34 25 12
34 26 19
34 27 31
34 28 15
34 29 26
34 30 37
34 31 24
34 32 17
34 33 19
35 0 16
35 1 22
35 2 25
35 3 24
35 4 5
35 5 27
35 6 1
35 7 17
35 8 35
35 9 33
35 10 15
35 11 24
35 12 32
35 13 28
35 14 26
35 15 10
35 16 26
35 17 33
35 18 8
35 19 25
35 20 20
35 21 33
35 22 19
35 23 35
35 24 10
35 25 2
35 26 17
35 27 30
35 28 9
35 29 10
35 30 26
35 31 20
35 32 2
35 33 35
35 34 33
36 0 37
36 1 18
36 2 33
36 3 20
36 4 31
36 5 4
36 6 1
36 7 12
36 8 26
36 9 17
36 10 2
36 11 6
36 12 33
36 13 27
36 14 9
36 15 6
36 16 24
36 17 28
36 18 12
36 19 25
36 20 7
36 21 31
36 22 7
36 23 31
36 24 10
36 25 28
36 26 12
36 27 12
36 28 22
36 29 2
36 30 27
36 31 7
36 32 19
36 33 17
36 34 29
36 35 35
37 0 36
37 1 27
37 2 28
37 3 26
37 4 11
37 5 31
37 6 18
37 7 14
37 8 25
37 9 22
37 10 11
37 11 26
37 12 4
37 13 31
37 14 27
37 15 12
37 16 15
37 17 11
37 18 12
37 19 18
37 20 16
37 21 28
37 22 10
37 23 1
37 24 13
37 25 23
37 26 13
37 27 9
37 28 14
37 29 11
37 30 35
37 31 17
37 32 16
37 33 25
37 34 32
37 35 3
37 36 2
38 0 1
38 1 1
38 2 15
38 3 28
38 4 23
38 5 28
38 6 24
38 7 2
38 8 20
38 9 31
38 10 28
38 11 17
38 12 18
38 13 18
38 14 4
38 15 30
38 16 35
38 17 15
38 18 6
38 19 23
38 20 14
38 21 3
38 22 21
38 23 37
38 24 2
38 25 9
38 26 18
38 27 17
38 28 34
38 29 37
38 30 31
38 31 36
38 32 3
38 33 6
38 34 33
38 35 24
38 36 1
38 37 34
39 0 23
39 1 37
39 2 31
39 3 15
39 4 17
39 5 5
39 6 33
39 7 10
39 8 8
39 9 20
39 10 14
39 11 14
39 12 26
39 13 28
39 14 17
39 15 24
39 16 16
39 17 23
39 18 15
39 19 7
39 20 23
39 21 20
39 22 27
39 23 5
39 24 6
39 25 1
39 26 36
39 27 23
39 28 8
39 29 29
39 30 37
39 31 12
39 32 4
39 33 19
39 34 35
39 35 25
39 36 5
39 37 28
39 38 29
40 0 14
40 1 6
40 2 1
40 3 26
40 4 29
40 5 17
40 6 11
40 7 14
40 8 29
40 9 35
40 10 30
40 11 30
40 12 25
40 13 23
40 14 35
40 15 22
40 16 2
40 17 2
40 18 23
40 19 25
40 20 28
40 21 18
40 22 34
40 23 29
40 24 8
40 25 14
40 26 31
40 27 11
40 28 36
40 29 24
40 30 25
40 31 5
40 32 3
40 33 5
40 34 14
40 35 2
40 36 23
40 37 32
40 38 18
40 39 12
41 0 25
41 1 5
41 2 1
41 3 18
41 4 13
41 5 20
41 6 12
41 7 11
41 8 36
41 9 16
41 10 9
41 11 8
41 12 2
41 13 21
41 14 32
41 15 23
41 16 4
41 17 24
41 18 10
41 19 24
41 20 8
41 21 8
41 22 34
41 23 28
41 24 33
41 25 11
41 26 1
41 27 3
41 28 32
41 29 6
41 30 28
41 31 32
41 32 19
41 33 32
41 34 6
41 35 18
41 36 9
41 37 25
41 38 4
41 39 33
41 40 36
42 0 5
42 1 32
42 2 25
42 3 32
42 4 4
42 5 33
42 6 31
42 7 13
42 8 37
42 9 32
42 10 3
42 11 15
42 12 11
42 13 19
42 14 9
42 15 33
42 16 22
42 17 6
42 18 1
42 19 37
42 20 15
42 21 12
42 22 12
42 23 6
42 24 35
42 25 37
42 26 25
42 27 8
42 28 25
42 29 6
42 30 31
42 31 23
42 32 31
42 33 21
42 34 9
42 35 26
42 36 20
42 37 8
42 38 31
42 39 21
42 40 18
42 41 32
43 0 1
43 1 7
43 2 25
43 3 9
43 4 5
43 5 17
43 6 2
43 7 13
43 8 30
43 9 18
43 10 18
43 11 23
43 12 19
43 13 17
43 14 6
43 15 31
43 16 30
43 17 23
43 18 20
43 19 7
43 20 35
43 21 16
43 22 12
43 23 37
43 24 8
43 25 33
43 26 7
43 27 26
43 28 8
43 29 11
43 30 5
43 31 7
43 32 12
43 33 16
43 34 19
43 35 35
43 36 29
43 37 26
43 38 24
43 39 37
43 40 33
43 41 16
43 42 6
44 0 36
44 1 36
44 2 35
44 3 12
44 4 35
44 5 19
44 6 24
44 7 20
44 8 16
44 9 14
44 10 17
44 11 10
44 12 36
44 13 4
44 14 4
44 15 10
44 16 7
44 17 24
44 18 16
44 19 36
44 20 4
44 21 6
44 22 25
44 23 12
44 24 11
44 25 17
44 26 35
44 27 12
44 28 35
44 29 18
44 30 35
44 31 1
44 32 37
44 33 32
44 34 10
44 35 8
44 36 6
44 37 14
44 38 3
44 39 18
44 40 2
44 41 30
44 42 28
44 43 17
45 0 35
45 1 20
45 2 31
45 3 31
45 4 8
45 5 4
45 6 29
45 7 4
45 8 24
45 9 10
45 10 25
45 11 4
45 12 5
45 13 17
45 14 14
45 15 5
45 16 34
45 17 18
45 18 29
45 19 25
45 20 7
45 21 4
45 22 30
45 23 26
45 24 12
45 25 36
45 26 23
45 27 19
45 28 26
45 29 13
45 30 36
45 31 26
45 32 23
45 33 15
45 34 2
45 35 36
45 36 15
45 37 25
45 38 24
45 39 24
45 40 7
45 41 30
45 42 37
45 43 10
45 44 4
46 0 37
46 1 18
46 2 6
46 3 6
46 4 19
46 5 34
46 6 24
46 7 16
46 8 13
46 9 6
46 10 27
46 11 36
46 12 30
46 13 19
46 14 12
46 15 4
46 16 23
46 17 33
46 18 32
46 19 14
46 20 31
46 21 18
46 22 24
46 23 2
46 24 29
46 25 10
46 26 32
46 27 34
46 28 15
46 29 18
46 30 24
46 31 4
46 32 12
46 33 25
46 34 24
46 35 32
46 36 36
46 37 33
46 38 17
46 39 22
46 40 37
46 41 23
46 42 13
46 43 24
46 44 17
46 45 4
47 0 37
47 1 21
47 2 27
47 3 31
47 4 2
47 5 32
47 6 10
47 7 18
47 8 35
47 9 25
47 10 4
47 11 17
47 12 6
47 13 17
47 14 13
47 15 31
47 16 27
47 17 34
47 18 27
47 19 26
47 20 36
47 21 28
47 22 4
47 23 22
47 24 23
47 25 37
47 26 9
47 27 31
47 28 29
47 29 25
47 30 21
47 31 12
47 32 9
47 33 17
47 34 16
47 35 15
47 36 15
47 37 20
47 38 17
47 39 10
47 40 34
47 41 20
47 42 25
47 43 37
47 44 3
47 45 14
47 46 14
