53
1 0 6
2 0 8
2 1 5
3 0 6
3 1 4
3 2 2
4 0 5
4 1 7
4 2 2
4 3 4
5 0 5
5 1 8
5 2 4
5 3 5
5 4 6
6 0 8
6 1 4
6 2 3
6 3 4
6 4 8
6 5 1
7 0 3
7 1 8
7 2 7
7 3 5
7 4 3
7 5 2
7 6 7
8 0 7
8 1 7
8 2 1
8 3 6
8 4 3
8 5 1
8 6 3
8 7 8
9 0 5
9 1 5
9 2 8
9 3 8
9 4 5
9 5 4
9 6 4
9 7 8
9 8 5
10 0 3
10 1 4
10 2 8
10 3 8
10 4 3
10 5 8
10 6 5
10 7 2
10 8 6
10 9 5
11 0 2
11 1 6
11 2 6
11 3 2
11 4 2
11 5 6
11 6 2
11 7 2
11 8 7
11 9 7
11 10 2
12 0 4
12 1 2
12 2 7
12 3 7
12 4 4
12 5 7
12 6 5
12 7 7
12 8 8
12 9 1
12 10 6
12 11 6
13 0 6
13 1 5
13 2 6
13 3 5
13 4 8
13 5 5
13 6 2
13 7 6
13 8 5
13 9 6
13 10 2
13 11 2
13 12 7
14 0 2
14 1 3
14 2 1
14 3 1
14 4 5
14 5 4
14 6 8
14 7 4
14 8 1
14 9 8
14 10 5
14 11 5
14 12 2
14 13 7
15 0 7
15 1 3
15 2 1
15 3 3
15 4 8
15 5 7
15 6 5
15 7 7
15 8 7
15 9 2
15 10 7
15 11 1
15 12 3
15 13 3
15 14 2
16 0 3
16 1 6
16 2 1
16 3 4
16 4 6
16 5 4
16 6 2
16 7 7
16 8 5
16 9 1
16 10 5
16 11 2
16 12 2
16 13 3
16 14 3
16 15 7
17 0 2
17 1 7
17 2 2
17 3 1
17 4 5
17 5 1
17 6 4
17 7 1
17 8 4
17 9 3
17 10 6
17 11 3
17 12 4
17 13 3
17 14 2
17 15 6
17 16 6
18 0 6
18 1 7
18 2 5
18 3 2
18 4 8
18 5 1
18 6 8
18 7 8
18 8 2
18 9 4
18 10 6
18 11 6
18 12 7
18 13 5
18 14 8
18 15 1
18 16 2
18 17 6
19 0 4
19 1 4
19 2 4
19 3 5
19 4 3
19 5 1
19 6 6
19 7 8
19 8 5
19 9 1
19 10 5
19 11 8
19 12 7
19 13 8
19 14 5
19 15 7
19 16 6
19 17 7
19 18 1
20 0 5
20 1 6
20 2 1
20 3 7
20 4 3
20 5 5
20 6 1
20 7 1
20 8 5
20 9 2
20 10 6
20 11 8
20 12 6
20 13 1
20 14 1
20 15 8
20 16 6
20 17 8
20 18 3
20 19 3
21 0 1
21 1 2
21 2 5
21 3 1
21 4 6
21 5 4
21 6 6
21 7 3
21 8 5
21 9 4
21 10 3
21 11 8
21 12 4
21 13 5
21 14 1
21 15 7
21 16 6
21 17 8
21 18 1
21 19 3
21 20 6
22 0 3
22 1 2
22 2 3
22 3 6
22 4 3
22 5 1
22 6 5
22 7 2
22 8 4
22 9 6
22 10 2
22 11 6
22 12 8
22 13 1
22 14 1
22 15 2
22 16 5
22 17 7
22 18 3
22 19 7
22 20 8
22 21 3
23 0 2
23 1 2
23 2 1
23 3 7
23 4 2
23 5 1
23 6 3
23 7 3
23 8 3
23 9 5
23 10 4
23 11 4
23 12 4
23 13 5
23 14 4
23 15 8
23 16 4
23 17 6
23 18 7
23 19 1
23 20 3
23 21 6
23 22 6
24 0 7
24 1 4
24 2 8
24 3 8
24 4 6
24 5 1
24 6 7
24 7 5
24 8 5
24 9 3
24 10 1
24 11 1
24 12 2
24 13 7
24 14 7
24 15 3
24 16 8
24 17 1
24 18 4
24 19 2
24 20 1
24 21 8
24 22 7
24 23 4
25 0 2
25 1 2
25 2 3
25 3 6
25 4 4
25 5 8
25 6 6
25 7 1
25 8 7
25 9 4
25 10 1
25 11 7
25 12 8
25 13 5
25 14 2
25 15 3
25 16 8
25 17 6
25 18 8
25 19 4
25 20 6
25 21 8
25 22 2
25 23 3
25 24 1
26 0 6
26 1 4
26 2 8
26 3 4
26 4 7
26 5 5
26 6 5
26 7 1
26 8 5
26 9 1
26 10 3
26 11 5
26 12 4
26 13 6
26 14 2
26 15 7
26 16 4
26 17 1
26 18 1
26 19 1
26 20 1
26 21 8
26 22 5
26 23 7
26 24 6
26 25 6
27 0 5
27 1 5
27 2 7
27 3 6
27 4 2
27 5 7
27 6 6
27 7 4
27 8 6
27 9 8
27 10 7
27 11 4
27 12 3
27 13 3
27 14 5
27 15 5
27 16 1
27 17 7
27 18 5
27 19 8
27 20 8
27 21 3
27 22 3
27 23 4
27 24 4
27 25 3
27 26 8
28 0 2
28 1 7
28 2 1
28 3 7
28 4 3
28 5 8
28 6 8
28 7 6
28 8 4
28 9 7
28 10 6
28 11 1
28 12 3
28 13 5
28 14 1
28 15 2
28 16 5
28 17 4
28 18 8
28 19 2
28 20 2
28 21 8
28 22 2
28 23 6
28 24 4
28 25 8
28 26 8
28 27 3
29 0 2
29 1 1
29 2 7
29 3 2
29 4 7
29 5 1
29 6 3
29 7 4
29 8 8
29 9 1
29 10 5
29 11 7
29 12 6
29 13 1
29 14 2
29 15 4
29 16 1
29 17 1
29 18 7
29 19 5
29 20 5
29 21 3
29 22 5
29 23 2
29 24 5
29 25 4
29 26 7
29 27 1
29 28 4
30 0 3
30 1 3
30 2 1
30 3 5
30 4 1
30 5 3
30 6 7
30 7 7
30 8 2
30 9 8
30 10 7
30 11 5
30 12 7
30 13 7
30 14 8
30 15 4
30 16 6
30 17 7
30 18 3
30 19 3
30 20 5
30 21 4
30 22 2
30 23 5
30 24 7
30 25 3
30 26 8
30 27 7
30 28 4
30 29 1
31 0 5
31 1 6
31 2 8
31 3 7
31 4 2
31 5 8
31 6 1
31 7 2
31 8 8
31 9 5
31 10 4
31 11 3
31 12 3
31 13 1
31 14 4
31 15 1
31 16 3
31 17 1
31 18 3
31 19 2
31 20 2
31 21 7
31 22 1
31 23 8
31 24 1
31 25 3
31 26 1
31 27 2
31 28 3
31 29 1
31 30 1
32 0 3
32 1 3
32 2 2
32 3 5
32 4 6
32 5 2
32 6 1
32 7 8
32 8 6
32 9 2
32 10 5
32 11 3
32 12 2
32 13 1
32 14 7
32 15 5
32 16 1
32 17 4
32 18 1
32 19 4
32 20 4
32 21 7
32 22 2
32 23 5
32 24 2
32 25 1
32 26 8
32 27 7
32 28 4
32 29 3
32 30 3
32 31 2
33 0 7
33 1 4
33 2 5
33 3 2
33 4 6
33 5 2
33 6 7
33 7 5
33 8 6
33 9 5
33 10 1
33 11 2
33 12 3
33 13 2
33 14 5
33 15 8
33 16 4
33 17 8
33 18 5
33 19 5
33 20 7
33 21 8
33 22 8
33 23 2
33 24 6
33 25 1
33 26 7
33 27 2
33 28 1
33 29 8
33 30 8
33 31 5
33 32 7
34 0 6
34 1 5
34 2 4
34 3 4
34 4 1
34 5 2
34 6 6
34 7 6
34 8 7
34 9 2
34 10 8
34 11 2
34 12 7
34 13 2
34 14 8
34 15 7
34 16 2
34 17 2
34 18 7
34 19 5
34 20 8
34 21 2
34 22 4
34 23 4
34 24 4
34 25 2
34 26 6
34 27 6
34 28 5
34 29 5
34 30 8
34 31 1
34 32 1
34 33 5
35 0 1
35 1 3
35 2 1
35 3 5
35 4 7
35 5 2
35 6 3
35 7 5
35 8 5
35 9 7
35 10 6
35 11 7
35 12 8
35 13 6
35 14 8
35 15 4
35 16 4
35 17 5
35 18 8
35 19 5
35 20 6
35 21 3
35 22 5
35 23 6
35 24 8
35 25 2
35 26 8
35 27 6
35 28 1
35 29 6
35 30 3
35 31 3
35 32 6
35 33 3
35 34 3
36 0 6
36 1 8
36 2 6
36 3 5
36 4 2
36 5 7
36 6 8
36 7 6
36 8 2
36 9 7
36 10 8
36 11 7
36 12 7
36 13 5
36 14 7
36 15 5
36 16 6
36 17 7
36 18 8
36 19 5
36 20 1
36 21 7
36 22 2
36 23 1
36 24 1
36 25 1
36 26 1
36 27 1
36 28 6
36 29 3
36 30 1
36 31 3
36 32 1
36 33 8
36 34 8
36 35 1
37 0 8
37 1 1
37 2 4
37 3 7
37 4 2
37 5 4
37 6 8
37 7 8
37 8 7
37 9 6
37 10 1
37 11 4
37 12 7
37 13 6
37 14 3
37 15 3
37 16 6
37 17 4
37 18 1
37 19 1
37 20 5
37 21 4
37 22 6
37 23 7
37 24 7
37 25 7
37 26 3
37 27 2
37 28 6
37 29 5
37 30 3
37 31 5
37 32 3
37 33 5
37 34 2
37 35 2
37 36 5
38 0 4
38 1 4
38 2 2
38 3 2
38 4 6
38 5 7
38 6 4
38 7 6
38 8 1
38 9 2
38 10 3
38 11 6
38 12 8
38 13 1
38 14 6
38 15 8
38 16 4
38 17 6
38 18 4
38 19 7
38 20 8
38 21 7
38 22 5
38 23 6
38 24 8
38 25 3
38 26 4
38 27 1
38 28 5
38 29 2
38 30 5
38 31 6
38 32 1
38 33 8
38 34 8
38 35 2
38 36 8
38 37 4
39 0 3
39 1 8
39 2 3
39 3 2
39 4 2
39 5 7
39 6 8
39 7 6
39 8 7
39 9 1
39 10 6
39 11 4
39 12 6
39 13 3
39 14 1
39 15 4
39 16 1
39 17 1
39 18 3
39 19 5
39 20 3
39 21 8
39 22 6
39 23 1
39 24 2
39 25 4
39 26 4
39 27 8
39 28 5
39 29 5
39 30 7
39 31 4
39 32 6
39 33 6
39 34 6
39 35 8
39 36 7
39 37 1
39 38 8
40 0 3
40 1 4
40 2 3
40 3 2
40 4 3
40 5 2
40 6 6
40 7 2
40 8 5
40 9 1
40 10 3
40 11 4
40 12 4
40 13 8
40 14 1
40 15 5
40 16 8
40 17 2
40 18 1
40 19 4
40 20 8
40 21 3
40 22 6
40 23 2
40 24 5
40 25 2
40 26 6
40 27 4
40 28 4
40 29 3
40 30 3
40 31 1
40 32 2
40 33 7
40 34 5
40 35 7
40 36 3
40 37 8
40 38 7
40 39 4
41 0 4
41 1 2
41 2 2
41 3 4
41 4 1
41 5 5
41 6 7
41 7 6
41 8 5
41 9 3
41 10 8
41 11 3
41 12 4
41 13 7
41 14 1
41 15 2
41 16 1
41 17 6
41 18 3
41 19 7
41 20 7
41 21 1
41 22 8
41 23 7
41 24 7
41 25 8
41 26 7
41 27 4
41 28 5
41 29 6
41 30 3
41 31 7
41 32 4
41 33 3
41 34 7
41 35 6
41 36 1
41 37 7
41 38 6
41 39 8
41 40 6
42 0 6
42 1 2
42 2 6
42 3 4
42 4 8
42 5 1
42 6 2
42 7 4
42 8 3
42 9 1
42 10 8
42 11 7
42 12 4
42 13 5
42 14 5
42 15 4
42 16 1
42 17 5
42 18 5
42 19 3
42 20 2
42 21 3
42 22 1
42 23 4
42 24 7
42 25 2
42 26 8
42 27 4
42 28 2
42 29 4
42 30 1
42 31 2
42 32 5
42 33 8
42 34 3
42 35 5
42 36 8
42 37 4
42 38 6
42 39 8
42 40 7
42 41 1
43 0 6
43 1 8
43 2 3
43 3 6
43 4 6
43 5 2
43 6 6
43 7 6
43 8 2
43 9 2
43 10 3
43 11 6
43 12 6
43 13 6
43 14 5
43 15 3
43 16 4
43 17 2
43 18 8
43 19 8
43 20 7
43 21 8
43 22 4
43 23 1
43 24 6
43 25 6
43 26 8
43 27 8
43 28 8
43 29 2
43 30 7
43 31 7
43 32 2
43 33 1
43 34 6
43 35 4
43 36 2
43 37 4
43 38 8
43 39 4
43 40 1
43 41 3
43 42 8
44 0 7
44 1 4
44 2 3
44 3 3
44 4 8
44 5 3
44 6 6
44 7 5
44 8 3
44 9 2
44 10 3
44 11 6
44 12 3
44 13 3
44 14 8
44 15 6
44 16 1
44 17 5
44 18 2
44 19 1
44 20 3
44 21 2
44 22 6
44 23 4
44 24 5
44 25 7
44 26 3
44 27 2
44 28 3
44 29 5
44 30 2
44 31 4
44 32 6
44 33 3
44 34 2
44 35 4
44 36 1
44 37 3
44 38 3
44 39 3
44 40 6
44 41 1
44 42 8
44 43 8
45 0 3
45 1 3
45 2 1
45 3 1
45 4 8
45 5 3
45 6 3
45 7 3
45 8 6
45 9 2
45 10 8
45 11 1
45 12 5
45 13 3
45 14 5
45 15 1
45 16 1
45 17 1
45 18 4
45 19 8
45 20 6
45 21 3
45 22 1
45 23 6
45 24 1
45 25 6
45 26 1
45 27 3
45 28 7
45 29 2
45 30 4
45 31 8
45 32 3
45 33 1
45 34 2
45 35 7
45 36 6
45 37 6
45 38 4
45 39 3
45 40 2
45 41 1
45 42 5
45 43 8
45 44 5
46 0 1
46 1 4
46 2 5
46 3 2
46 4 5
46 5 5
46 6 1
46 7 1
46 8 7
46 9 1
46 10 8
46 11 6
46 12 3
46 13 6
46 14 4
46 15 8
46 16 7
46 17 2
46 18 4
46 19 5
46 20 1
46 21 6
46 22 2
46 23 8
46 24 4
46 25 7
46 26 3
46 27 4
46 28 7
46 29 4
46 30 4
46 31 3
46 32 1
46 33 7
46 34 4
46 35 6
46 36 6
46 37 1
46 38 2
46 39 6
46 40 8
46 41 5
46 42 3
46 43 4
46 44 7
46 45 4
47 0 1
47 1 6
47 2 5
47 3 3
47 4 3
47 5 3
47 6 2
47 7 1
47 8 6
47 9 1
47 10 5
47 11 3
47 12 7
47 13 3
47 14 1
47 15 3
47 16 5
47 17 1
47 18 1
47 19 1
47 20 8
47 21 6
47 22 2
47 23 7
47 24 7
47 25 4
47 26 4
47 27 4
47 28 6
47 29 5
47 30 2
47 31 6
47 32 5
47 33 3
47 34 4
47 35 3
47 36 6
47 37 1
47 38 8
47 39 8
47 40 6
47 41 1
47 42 4
47 43 4
47 44 8
47 45 4
47 46 8
48 0 4
48 1 2
48 2 1
48 3 8
48 4 2
48 5 4
48 6 3
48 7 7
48 8 8
48 9 6
48 10 1
48 11 5
48 12 1
48 13 3
48 14 1
48 15 2
48 16 7
48 17 1
48 18 3
48 19 3
48 20 8
48 21 2
48 22 4
48 23 5
48 24 1
48 25 1
48 26 1
48 27 2
48 28 1
48 29 8
48 30 3
48 31 8
48 32 2
48 33 8
48 34 7
48 35 6
48 36 5
48 37 3
48 38 6
48 39 5
48 40 4
48 41 6
48 42 2
48 43 1
48 44 6
48 45 5
48 46 5
48 47 3
49 0 4
49 1 8
49 2 7
49 3 2
49 4 3
49 5 2
49 6 1
49 7 1
49 8 5
49 9 6
49 10 2
49 11 4
49 12 7
49 13 2
49 14 4
49 15 1
49 16 8
49 17 2
49 18 3
49 19 4
49 20 4
49 21 8
49 22 4
49 23 3
49 24 5
49 25 4
49 26 2
49 27 8
49 28 4
49 29 5
49 30 4
49 31 7
49 32 4
49 33 6
49 34 1
49 35 5
49 36 2
49 37 6
49 38 5
49 39 4
49 40 4
49 41 3
49 42 6
49 43 1
49 44 5
49 45 2
49 46 7
49 47 1
49 48 3
50 0 1
50 1 5
50 2 1
50 3 1
50 4 3
50 5 5
50 6 6
50 7 1
50 8 1
50 9 5
50 10 5
50 11 5
50 12 1
50 13 5
50 14 5
50 15 5
50 16 4
50 17 2
50 18 4
50 19 8
50 20 7
50 21 1
50 22 1
50 23 1
50 24 1
50 25 5
50 26 7
50 27 1
50 28 6
50 29 5
50 30 7
50 31 2
50 32 5
50 33 8
50 34 6
50 35 5
50 36 7
50 37 8
50 38 1
50 39 2
50 40 2
50 41 2
50 42 1
50 43 6
50 44 4
50 45 6
50 46 3
50 47 1
50 48 5
50 49 4
51 0 4
51 1 2
51 2 5
51 3 3
51 4 3
51 5 7
51 6 5
51 7 1
51 8 4
51 9 8
51 10 5
51 11 4
51 12 7
51 13 1
51 14 3
51 15 3
51 16 4
51 17 6
51 18 5
51 19 8
51 20 7
51 21 7
51 22 8
51 23 8
51 24 4
51 25 6
51 26 1
51 27 8
51 28 5
51 29 8
51 30 6
51 31 2
51 32 1
51 33 3
51 34 3
51 35 2
51 36 4
51 37 1
51 38 6
51 39 3
51 40 5
51 41 3
51 42 6
51 43 2
51 44 6
51 45 2
51 46 6
51 47 1
51 48 4
51 49 1
51 50 4
52 0 3
52 1 1
52 2 6
52 3 2
52 4 7
52 5 3
52 6 7
52 7 7
52 8 5
52 9 1
52 10 5
52 11 7
52 12 7
52 13 7
52 14 1
52 15 8
52 16 1
52 17 7
52 18 5
52 19 2
52 20 3
52 21 1
52 22 5
52 23 1
52 24 2
52 25 2
52 26 6
52 27 7
52 28 5
52 29 5
52 30 3
52 31 5
52 32 5
52 33 5
52 34 6
52 35 1
52 36 1
52 37 8
52 38 6
52 39 1
52 40 7
52 41 5
52 42 1
52 43 3
52 44 7
52 45 3
52 46 6
52 47 6
52 48 6
52 49 3
52 50 1
52 51 4
