59
2 0 44
2 1 52
3 0 49
3 1 21
4 0 25
4 2 65
4 3 21
5 0 6
5 3 22
5 4 57
6 1 36
6 2 40
6 5 17
7 0 30
7 2 45
7 3 61
7 4 60
7 5 3
8 1 64
8 3 7
8 4 65
8 6 18
9 0 56
9 2 41
9 3 49
9 4 7
9 5 59
10 0 62
10 1 37
10 2 35
10 7 50
10 9 53
11 0 1
11 3 26
11 5 67
11 8 60
11 9 48
11 10 47
12 1 51
12 2 59
12 3 66
12 4 7
12 6 2
12 8 65
12 11 8
13 0 6
13 1 9
13 7 37
13 8 32
13 9 27
13 10 14
13 11 3
13 12 55
14 0 22
14 2 18
14 3 56
14 4 29
14 5 11
14 6 57
14 7 34
14 8 55
14 9 37
14 11 4
15 3 28
15 9 29
15 10 9
15 11 8
15 12 24
15 14 34
16 0 51
16 5 45
16 12 61
16 13 19
16 15 43
17 1 19
17 3 40
17 5 68
17 12 23
17 13 23
17 14 40
17 15 8
17 16 54
18 1 37
18 3 54
18 5 17
18 7 31
18 8 32
18 10 14
18 11 58
18 12 68
18 16 49
19 0 15
19 3 14
19 6 55
19 7 19
19 8 42
19 11 4
19 12 38
19 14 21
19 15 26
19 17 45
20 0 9
20 1 49
20 4 37
20 5 15
20 6 53
20 9 14
20 10 10
20 14 45
20 15 13
20 16 21
20 17 7
20 18 5
21 0 46
21 2 8
21 5 56
21 7 6
21 11 56
21 12 2
21 15 22
21 16 9
21 19 8
22 1 46
22 2 2
22 6 49
22 8 8
22 9 42
22 12 34
22 15 17
22 17 4
22 18 53
22 19 17
23 0 40
23 1 9
23 2 60
23 3 12
23 4 32
23 12 20
23 14 33
23 15 40
23 17 23
23 18 65
23 21 50
24 2 60
24 8 29
24 9 13
24 10 49
24 11 2
24 12 24
24 13 2
24 16 33
24 17 9
24 20 8
24 21 64
25 0 44
25 4 11
25 5 15
25 8 36
25 9 62
25 11 26
25 12 67
25 14 54
25 15 50
25 16 13
25 20 10
25 21 1
25 22 2
25 23 27
25 24 9
26 0 18
26 2 36
26 3 33
26 5 55
26 9 64
26 15 14
26 17 50
26 18 43
26 21 63
26 22 10
26 24 28
26 25 12
27 1 23
27 5 12
27 6 67
27 7 17
27 10 23
27 11 43
27 12 66
27 13 51
27 16 64
27 18 56
27 20 30
27 21 35
27 24 20
27 25 61
28 0 44
28 2 9
28 3 64
28 4 45
28 5 44
28 7 52
28 8 6
28 11 26
28 12 50
28 14 52
28 24 23
28 27 42
29 0 36
29 5 41
29 6 36
29 7 47
29 10 20
29 11 62
29 12 33
29 14 25
29 15 58
29 16 45
29 20 29
29 21 24
29 22 40
29 23 39
29 24 5
29 25 64
29 27 5
30 1 53
30 3 8
30 4 12
30 8 57
30 9 15
30 16 22
30 18 8
30 21 6
30 22 48
30 23 34
30 24 16
30 27 33
31 1 60
31 3 11
31 4 40
31 6 47
31 12 60
31 14 44
31 15 42
31 17 21
31 19 24
31 23 16
31 25 26
31 30 57
32 2 39
32 4 58
32 6 22
32 7 67
32 8 48
32 10 59
32 13 2
32 14 15
32 15 37
32 16 39
32 17 67
32 18 18
32 20 3
32 21 47
32 22 62
32 24 59
32 29 26
32 30 47
32 31 19
33 0 15
33 3 6
33 5 67
33 8 64
33 10 64
33 11 41
33 12 2
33 15 54
33 16 48
33 18 55
33 21 8
33 23 39
33 26 54
33 29 55
33 30 28
34 1 40
34 2 6
34 6 37
34 7 50
34 9 52
34 17 13
34 19 51
34 20 58
34 21 67
34 25 57
34 27 24
34 28 68
35 2 49
35 3 66
35 4 31
35 6 63
35 9 17
35 10 68
35 11 28
35 14 61
35 15 51
35 16 10
35 17 3
35 18 1
35 21 53
35 23 1
35 25 35
35 27 43
35 32 5
35 33 38
36 2 43
36 3 17
36 5 51
36 6 68
36 11 27
36 12 18
36 14 59
36 16 22
36 17 41
36 18 10
36 20 36
36 21 32
36 25 65
36 27 49
36 28 65
36 30 56
36 34 31
36 35 10
37 0 28
37 5 59
37 6 23
37 8 60
37 10 29
37 12 19
37 13 40
37 14 66
37 16 54
37 18 14
37 20 17
37 22 18
37 23 56
37 25 34
37 31 66
37 32 15
37 34 10
37 35 8
38 0 13
38 3 4
38 4 45
38 7 63
38 8 17
38 11 44
38 12 13
38 20 60
38 21 48
38 22 41
38 25 35
38 26 15
38 30 1
38 33 18
38 34 63
38 35 18
38 36 58
38 37 1
39 7 34
39 8 8
39 9 66
39 10 27
39 11 6
39 12 46
39 16 16
39 18 7
39 26 26
39 28 44
39 30 8
39 31 7
39 32 20
39 34 15
39 36 37
39 37 38
39 38 52
40 2 55
40 3 46
40 4 27
40 5 42
40 8 27
40 9 43
40 10 49
40 13 13
40 15 52
40 16 43
40 18 52
40 20 4
40 22 5
40 25 22
40 28 45
40 29 62
40 30 30
40 32 40
40 33 15
40 35 51
40 39 41
41 0 54
41 1 68
41 2 18
41 3 24
41 4 37
41 5 25
41 6 61
41 7 1
41 12 13
41 13 14
41 16 4
41 18 10
41 20 12
41 21 27
41 23 20
41 24 63
41 27 51
41 28 38
41 30 57
41 33 64
41 34 36
41 35 15
41 38 14
41 39 45
42 0 7
42 2 8
42 6 23
42 7 18
42 8 41
42 10 63
42 14 25
42 15 9
42 17 10
42 20 49
42 21 19
42 23 66
42 28 32
42 32 28
42 33 68
42 34 53
42 37 67
43 2 34
43 3 46
43 5 11
43 8 12
43 9 60
43 10 60
43 11 7
43 13 15
43 15 57
43 16 32
43 17 24
43 22 27
43 25 7
43 29 3
43 30 43
43 31 40
43 33 22
43 36 23
43 39 64
43 41 20
44 0 31
44 5 17
44 7 54
44 8 41
44 11 30
44 12 58
44 13 34
44 15 63
44 16 7
44 17 63
44 19 35
44 20 48
44 21 46
44 22 28
44 24 39
44 29 4
44 31 63
44 32 34
44 33 16
44 34 51
44 35 66
44 39 41
44 40 34
44 42 66
45 0 48
45 1 41
45 2 33
45 3 19
45 4 61
45 7 40
45 11 1
45 12 56
45 14 62
45 16 5
45 18 52
45 19 62
45 20 29
45 24 37
45 26 8
45 28 7
45 30 17
45 32 14
45 34 49
45 35 37
45 36 39
45 37 34
45 41 6
45 42 41
45 43 33
45 44 66
46 0 42
46 1 54
46 2 23
46 4 24
46 6 40
46 8 35
46 14 68
46 15 13
46 18 21
46 19 37
46 20 51
46 21 38
46 23 3
46 26 49
46 28 1
46 29 48
46 30 3
46 31 6
46 32 60
46 36 13
46 38 55
46 39 6
46 41 40
46 43 27
47 0 35
47 2 49
47 6 54
47 7 39
47 8 10
47 11 15
47 12 49
47 15 19
47 16 46
47 17 3
47 18 10
47 19 56
47 21 3
47 22 1
47 24 33
47 25 17
47 27 38
47 29 41
47 31 60
47 32 1
47 33 22
47 34 19
47 35 59
47 37 62
47 44 49
48 0 32
48 1 43
48 2 46
48 4 54
48 5 53
48 10 24
48 11 31
48 12 24
48 13 61
48 14 62
48 16 51
48 17 13
48 19 66
48 23 57
48 24 66
48 26 1
48 27 63
48 29 5
48 30 17
48 31 56
48 32 5
48 33 60
48 36 14
48 41 42
48 43 10
48 44 40
48 45 67
48 47 60
49 1 67
49 4 40
49 5 66
49 7 23
49 10 58
49 11 40
49 12 41
49 13 63
49 14 34
49 15 67
49 20 66
49 21 58
49 24 6
49 27 7
49 29 62
49 30 6
49 32 28
49 33 7
49 34 60
49 36 17
49 38 66
49 43 60
49 44 16
49 46 6
49 47 21
49 48 7
50 1 65
50 3 21
50 4 12
50 5 62
50 7 48
50 8 42
50 10 3
50 13 62
50 14 48
50 15 44
50 21 41
50 22 20
50 23 3
50 25 9
50 29 23
50 30 54
50 31 24
50 32 47
50 33 65
50 34 4
50 35 29
50 37 25
50 38 11
50 39 33
50 43 20
50 46 24
50 49 60
51 2 19
51 3 4
51 4 26
51 9 43
51 10 7
51 12 30
51 13 61
51 15 32
51 17 12
51 21 26
51 24 49
51 25 40
51 26 13
51 28 8
51 29 59
51 31 39
51 37 38
51 39 66
51 41 49
51 43 60
51 46 50
51 48 33
51 49 27
52 0 21
52 1 34
52 3 14
52 4 5
52 5 1
52 7 47
52 8 18
52 9 45
52 12 31
52 13 11
52 15 41
52 16 52
52 22 36
52 23 26
52 25 54
52 26 44
52 27 57
52 29 52
52 35 64
52 37 25
52 38 40
52 41 7
52 42 8
52 46 46
52 47 50
52 49 31
53 1 24
53 2 20
53 4 5
53 5 32
53 7 7
53 10 17
53 11 7
53 14 22
53 15 34
53 16 30
53 18 55
53 20 9
53 23 6
53 24 8
53 29 26
53 30 59
53 31 36
53 32 9
53 34 25
53 37 26
53 40 40
53 41 29
53 42 52
53 49 67
53 51 67
53 52 32
54 3 3
54 5 60
54 6 27
54 11 56
54 12 35
54 13 31
54 15 13
54 17 50
54 18 22
54 21 40
54 22 54
54 24 66
54 27 15
54 29 37
54 33 20
54 39 14
54 40 61
54 43 23
54 47 13
54 48 57
54 49 27
54 51 21
54 52 34
55 2 66
55 5 10
55 8 16
55 9 51
55 10 48
55 13 10
55 14 39
55 16 13
55 17 45
55 19 20
55 23 4
55 28 24
55 29 67
55 30 39
55 31 26
55 33 17
55 35 1
55 37 6
55 39 33
55 42 31
55 47 38
55 49 12
55 50 42
55 51 47
55 54 26
56 1 33
56 2 5
56 5 59
56 7 16
56 8 37
56 9 29
56 11 23
56 13 51
56 14 56
56 15 41
56 16 28
56 17 2
56 19 39
56 21 5
56 23 19
56 26 14
56 28 68
56 31 9
56 32 22
56 33 46
56 34 13
56 36 37
56 39 47
56 42 43
56 44 17
56 45 23
56 47 19
56 48 36
56 50 54
56 51 31
56 53 44
57 4 28
57 5 53
57 6 39
57 8 52
57 10 64
57 12 22
57 13 58
57 14 34
57 15 61
57 18 67
57 19 33
57 20 44
57 21 58
57 22 20
57 23 9
57 27 51
57 30 33
57 31 20
57 33 61
57 34 61
57 39 6
57 44 61
57 45 29
57 46 51
57 47 30
57 51 39
57 52 51
57 53 28
57 54 52
57 56 56
58 2 26
58 6 44
58 8 53
58 9 62
58 11 21
58 14 4
58 16 7
58 18 23
58 19 1
58 21 5
58 22 27
58 25 64
58 26 9
58 27 20
58 28 68
58 34 9
58 35 66
58 36 16
58 38 40
58 39 23
58 41 8
58 42 54
58 43 41
58 45 13
58 46 38
58 47 17
58 49 24
58 50 37
58 51 68
58 52 34
58 53 68
58 54 32
58 55 57
