57
1 0 26
2 0 8
3 0 22
4 1 33
4 2 5
4 3 25
5 0 11
5 1 23
5 3 29
6 3 9
6 4 38
6 5 34
7 0 24
7 2 21
7 6 26
8 0 1
8 4 32
8 5 21
8 7 18
9 1 1
9 3 35
9 4 38
9 5 15
9 6 1
9 7 35
10 2 37
10 3 4
10 4 9
10 6 16
10 8 15
10 9 22
11 0 29
11 1 29
11 2 21
11 4 16
11 7 12
11 8 1
11 9 8
12 1 3
12 3 10
12 4 27
12 5 25
12 7 37
12 9 4
12 10 20
13 0 35
13 2 8
13 3 20
13 5 16
13 8 17
13 9 3
13 10 32
13 11 15
14 1 37
14 4 36
14 5 2
14 7 33
14 8 1
14 11 33
14 13 9
15 3 25
15 5 31
15 6 38
15 7 4
15 8 32
15 10 13
15 11 36
15 12 30
15 14 36
16 2 8
16 7 24
16 8 4
16 9 4
16 10 30
16 11 36
16 12 34
16 13 1
16 15 12
17 0 13
17 1 36
17 2 24
17 3 8
17 7 7
17 9 20
17 11 17
17 12 2
17 13 29
17 16 23
18 0 1
18 1 17
18 4 16
18 5 38
18 6 36
18 7 30
18 8 3
18 9 18
18 10 13
18 12 16
18 13 15
18 15 17
18 17 2
19 3 13
19 4 31
19 6 13
19 8 13
19 9 1
19 11 12
19 12 8
19 16 24
19 18 19
20 3 15
20 4 24
20 5 24
20 6 29
20 7 8
20 8 28
20 9 11
20 10 36
20 11 3
20 14 32
20 15 10
20 17 3
21 1 7
21 4 26
21 7 13
21 8 21
21 9 22
21 10 31
21 12 9
21 14 17
21 18 28
21 19 34
22 4 27
22 7 24
22 9 2
22 10 18
22 12 13
22 15 12
22 17 10
22 19 30
23 0 7
23 1 6
23 2 8
23 3 13
23 4 30
23 5 27
23 6 26
23 7 6
23 8 5
23 9 1
23 12 4
23 15 10
23 18 23
24 0 2
24 1 36
24 6 38
24 8 6
24 9 15
24 10 11
24 11 34
24 14 23
24 18 25
24 19 33
24 20 32
24 21 13
25 3 6
25 6 7
25 7 30
25 9 7
25 10 22
25 16 37
25 20 20
25 21 24
25 23 29
25 24 3
26 1 15
26 2 17
26 3 15
26 6 7
26 8 31
26 9 33
26 11 33
26 12 20
26 16 36
26 17 37
26 19 6
26 21 33
26 22 14
26 24 14
27 0 17
27 2 31
27 3 23
27 4 12
27 5 1
27 6 2
27 7 13
27 11 15
27 12 25
27 13 3
27 15 17
27 17 35
27 19 22
27 23 8
27 24 8
27 26 29
28 0 23
28 2 23
28 7 38
28 9 20
28 11 31
28 12 16
28 13 8
28 16 7
28 20 6
28 21 24
28 23 12
28 24 38
29 7 15
29 8 18
29 9 3
29 13 34
29 14 29
29 16 35
29 17 24
29 19 35
29 20 23
29 21 37
29 23 1
29 25 14
29 26 27
30 0 33
30 1 34
30 2 29
30 5 1
30 7 15
30 8 24
30 11 33
30 16 38
30 18 29
30 20 11
30 21 15
30 22 31
30 23 1
30 24 12
30 26 34
31 2 30
31 4 30
31 5 12
31 10 20
31 12 30
31 15 6
31 19 15
31 26 6
31 27 13
31 29 34
32 0 20
32 1 22
32 3 16
32 6 14
32 7 18
32 8 30
32 9 28
32 11 2
32 12 31
32 13 3
32 15 2
32 18 34
32 19 33
32 20 27
32 22 31
32 24 19
32 25 18
32 26 26
32 28 10
32 29 15
32 31 7
33 0 14
33 2 22
33 4 25
33 8 7
33 12 36
33 13 28
33 17 2
33 19 32
33 20 1
33 21 32
33 23 36
33 24 26
33 26 26
33 30 6
34 3 11
34 5 37
34 9 34
34 12 24
34 14 9
34 17 21
34 21 16
34 26 32
34 28 37
34 29 19
34 30 16
34 32 2
35 0 18
35 1 14
35 3 25
35 7 35
35 8 3
35 13 10
35 14 14
35 15 36
35 16 36
35 18 7
35 29 16
35 30 14
35 32 26
35 33 5
36 0 6
36 2 29
36 5 11
36 9 7
36 10 3
36 12 12
36 13 12
36 14 7
36 17 31
36 18 33
36 19 14
36 20 20
36 21 32
36 25 25
36 27 37
36 29 19
36 30 21
36 32 16
36 33 15
36 34 32
37 1 24
37 3 27
37 4 28
37 7 37
37 8 8
37 10 20
37 11 9
37 13 10
37 14 33
37 16 35
37 18 30
37 21 1
37 23 4
37 26 20
37 31 17
37 35 20
38 0 2
38 2 32
38 3 27
38 4 20
38 5 23
38 6 32
38 7 20
38 8 32
38 9 10
38 10 27
38 12 37
38 16 21
38 18 12
38 20 14
38 22 33
38 23 14
38 26 36
38 27 17
38 31 3
38 32 16
38 34 2
38 36 13
39 0 22
39 1 27
39 2 16
39 4 21
39 6 37
39 7 38
39 8 5
39 10 5
39 11 12
39 17 34
39 18 36
39 20 8
39 21 22
39 22 19
39 23 24
39 25 31
39 26 20
39 28 4
39 29 12
39 31 2
39 32 31
39 35 32
39 37 25
39 38 27
40 1 27
40 10 33
40 13 13
40 14 30
40 16 29
40 17 24
40 18 27
40 19 8
40 21 8
40 23 13
40 26 27
40 31 4
40 32 31
40 34 26
40 35 33
40 36 35
40 38 37
41 1 15
41 3 7
41 4 14
41 7 5
41 8 21
41 12 38
41 13 9
41 16 35
41 17 5
41 19 9
41 20 3
41 23 14
41 24 10
41 25 13
41 28 4
41 31 18
41 32 38
41 35 18
41 36 6
41 37 37
41 38 6
41 39 38
42 0 25
42 2 1
42 5 21
42 8 25
42 11 25
42 12 27
42 14 21
42 18 15
42 20 14
42 23 38
42 25 34
42 28 8
42 29 12
42 31 24
42 32 5
42 35 18
42 37 15
42 38 29
42 39 30
43 1 7
43 2 19
43 4 16
43 5 34
43 6 10
43 10 33
43 11 30
43 12 35
43 13 4
43 16 29
43 18 27
43 23 34
43 24 9
43 25 14
43 32 29
43 33 5
43 38 31
43 40 19
43 42 35
44 0 11
44 2 25
44 3 13
44 4 34
44 5 6
44 9 28
44 13 13
44 14 4
44 17 13
44 18 6
44 19 19
44 20 32
44 21 22
44 22 30
44 26 28
44 27 30
44 30 20
44 31 14
44 34 24
44 35 22
44 38 18
44 40 21
44 42 17
44 43 26
45 0 12
45 2 18
45 4 34
45 5 16
45 6 11
45 9 8
45 12 11
45 14 32
45 15 19
45 22 16
45 24 17
45 25 9
45 28 22
45 29 24
45 30 25
45 31 7
45 33 37
45 34 28
45 35 25
45 36 11
45 37 15
45 38 5
45 42 21
45 43 7
46 0 3
46 1 36
46 3 37
46 6 6
46 9 14
46 12 21
46 14 1
46 15 23
46 18 29
46 19 20
46 20 31
46 21 5
46 24 13
46 25 15
46 26 2
46 28 33
46 29 33
46 31 20
46 33 14
46 35 1
46 36 21
46 37 30
46 38 18
46 39 3
46 40 37
46 41 1
46 42 8
46 45 29
47 0 11
47 1 30
47 2 37
47 6 6
47 7 7
47 11 37
47 12 10
47 14 12
47 17 13
47 18 31
47 19 30
47 22 36
47 23 14
47 24 38
47 25 1
47 27 17
47 29 13
47 32 31
47 33 27
47 35 15
47 38 33
47 41 18
47 42 27
47 45 2
48 0 31
48 1 16
48 2 11
48 4 26
48 5 34
48 6 1
48 7 6
48 8 19
48 9 35
48 10 27
48 11 37
48 15 2
48 17 15
48 18 37
48 19 38
48 20 33
48 23 8
48 24 24
48 25 17
48 26 15
48 27 23
48 30 12
48 32 24
48 33 21
48 34 18
48 35 27
48 37 36
48 39 30
48 41 11
48 43 22
48 44 12
48 46 37
49 11 8
49 14 23
49 15 5
49 16 7
49 17 33
49 18 23
49 19 3
49 21 8
49 22 37
49 23 15
49 24 25
49 25 32
49 26 19
49 27 23
49 30 32
49 32 33
49 35 5
49 36 13
49 40 4
49 41 6
49 42 32
49 46 31
49 47 8
49 48 16
50 3 26
50 5 23
50 6 7
50 9 20
50 10 9
50 15 16
50 17 35
50 18 21
50 19 1
50 21 29
50 23 23
50 24 12
50 26 13
50 30 16
50 32 2
50 33 6
50 37 3
50 40 33
50 41 14
50 42 33
50 45 31
51 0 23
51 1 13
51 3 24
51 5 38
51 6 34
51 10 23
51 16 12
51 18 26
51 21 31
51 22 13
51 24 29
51 25 23
51 26 2
51 28 25
51 29 1
51 31 16
51 32 1
51 38 9
51 39 15
51 40 33
51 44 30
51 46 27
51 48 36
51 49 6
52 4 28
52 7 16
52 9 27
52 10 16
52 12 14
52 15 33
52 16 38
52 17 28
52 18 10
52 21 13
52 22 26
52 25 5
52 26 29
52 27 22
52 30 26
52 31 35
52 32 12
52 33 23
52 34 19
52 36 21
52 38 26
52 39 35
52 41 27
52 44 22
52 46 34
52 47 34
53 0 21
53 1 11
53 2 16
53 4 13
53 5 27
53 9 31
53 10 15
53 11 31
53 12 34
53 13 5
53 14 7
53 17 4
53 18 26
53 19 35
53 21 2
53 22 11
53 23 15
53 25 35
53 26 33
53 27 16
53 28 12
53 31 3
53 35 34
53 36 24
53 39 32
53 41 38
53 47 26
53 49 32
53 50 38
54 1 8
54 2 1
54 4 22
54 6 20
54 7 17
54 8 34
54 9 18
54 10 37
54 12 20
54 13 12
54 15 27
54 16 31
54 20 10
54 22 19
54 24 6
54 25 14
54 26 25
54 29 1
54 30 22
54 31 35
54 34 3
54 36 4
54 38 33
54 39 23
54 40 10
54 41 7
54 42 35
54 47 4
54 51 7
54 52 36
55 1 15
55 8 11
55 9 5
55 10 24
55 14 7
55 16 21
55 17 34
55 21 2
55 22 5
55 30 2
55 33 11
55 35 24
55 38 27
55 40 5
55 42 24
55 45 27
55 47 23
55 48 23
55 52 6
55 53 34
56 0 15
56 3 36
56 5 31
56 8 21
56 9 35
56 11 11
56 12 11
56 14 19
56 16 25
56 17 28
56 18 30
56 19 18
56 20 20
56 21 16
56 23 8
56 24 1
56 25 11
56 26 19
56 28 26
56 30 29
56 33 24
56 34 36
56 35 27
56 37 9
56 38 9
56 39 10
56 40 2
56 41 19
56 42 6
56 43 6
56 44 17
56 46 20
56 47 35
56 48 5
56 50 20
56 52 23
56 53 5
56 54 14
