36
2 0 18
3 0 36
3 1 46
3 2 25
4 2 33
4 3 14
5 0 56
5 1 45
5 2 48
5 3 54
6 2 8
7 2 51
7 5 43
8 5 51
8 7 23
9 0 3
9 1 34
9 4 59
10 3 57
10 4 9
10 7 39
10 8 16
11 0 58
11 1 41
11 2 51
11 3 13
11 4 31
11 5 49
11 7 39
11 8 11
11 10 54
12 0 17
12 1 52
12 4 22
12 5 6
12 6 48
12 8 6
12 9 33
13 1 36
13 4 14
13 5 16
13 7 15
13 9 2
13 11 11
13 12 1
14 0 9
14 2 44
14 3 24
14 4 11
14 5 27
14 6 46
14 7 55
14 10 32
14 11 3
14 13 10
15 2 50
15 3 54
15 4 51
15 5 39
15 10 5
15 11 9
15 13 27
16 0 21
16 3 8
16 4 57
16 5 35
16 6 36
16 8 34
16 10 27
16 11 25
16 14 29
16 15 3
17 0 45
17 2 31
17 3 7
17 5 13
17 8 4
17 13 14
17 14 32
18 3 1
18 4 33
18 5 43
18 8 29
18 9 14
18 11 41
18 13 57
18 15 45
18 16 44
18 17 23
19 4 26
19 5 19
19 6 52
19 7 13
19 8 4
19 9 18
19 11 44
19 13 21
19 14 7
19 16 36
19 17 49
20 0 54
20 5 15
20 10 7
20 12 46
20 13 43
20 14 43
20 16 47
20 17 43
20 18 7
21 0 32
21 1 23
21 4 38
21 6 45
21 7 17
21 10 12
21 14 34
21 15 49
21 16 9
22 0 3
22 1 50
22 2 15
22 3 37
22 4 21
22 5 47
22 7 27
22 8 21
22 10 55
22 12 19
22 13 33
22 15 5
22 16 1
22 17 7
22 18 52
23 1 42
23 2 36
23 3 35
23 8 5
23 9 30
23 10 47
23 13 2
23 14 47
23 15 8
23 16 1
23 17 19
23 19 28
23 22 46
24 1 52
24 2 32
24 4 46
24 6 18
24 7 16
24 13 46
24 14 31
24 16 32
24 17 41
24 18 35
24 19 14
24 22 40
25 1 28
25 2 17
25 3 43
25 8 59
25 9 50
25 11 58
25 13 1
25 16 29
25 17 9
25 18 24
25 19 40
25 20 60
25 21 32
25 22 56
25 23 2
26 1 44
26 4 22
26 6 56
26 9 14
26 10 15
26 12 10
26 17 39
26 19 33
26 22 25
26 23 56
27 0 30
27 1 19
27 5 24
27 6 22
27 7 60
27 8 5
27 15 19
27 16 31
27 17 16
27 18 21
27 21 48
27 24 9
28 1 16
28 2 38
28 6 21
28 7 57
28 9 30
28 10 59
28 12 47
28 13 51
28 15 1
28 17 17
28 18 23
28 19 24
28 22 49
28 23 38
28 26 55
28 27 5
29 0 58
29 2 52
29 4 11
29 6 58
29 7 49
29 8 46
29 10 35
29 12 33
29 13 52
29 16 55
29 17 34
29 18 2
29 19 45
29 25 9
29 26 44
29 27 17
30 0 43
30 3 58
30 4 29
30 6 5
30 9 20
30 10 45
30 15 27
30 18 43
30 19 3
30 20 25
30 22 32
30 24 60
30 26 24
30 27 44
31 0 35
31 2 12
31 14 27
31 17 35
31 19 22
31 23 37
31 24 10
31 28 5
31 29 8
32 1 51
32 5 54
32 6 50
32 7 8
32 10 22
32 11 26
32 12 34
32 13 4
32 14 33
32 17 51
32 18 50
32 21 39
32 23 12
32 26 17
32 27 60
32 28 13
32 30 17
32 31 49
33 0 17
33 2 48
33 4 27
33 5 11
33 7 17
33 9 27
33 10 15
33 11 31
33 14 37
33 17 56
33 23 54
33 24 25
33 27 37
33 31 16
34 1 38
34 2 13
34 3 10
34 4 34
34 5 42
34 8 30
34 10 11
34 11 15
34 14 3
34 15 17
34 17 51
34 18 35
34 19 4
34 24 9
34 26 17
34 27 5
34 28 17
34 30 31
34 31 30
35 0 32
35 2 38
35 4 17
35 5 28
35 6 41
35 7 38
35 8 33
35 9 14
35 11 52
35 12 33
35 13 44
35 14 38
35 19 1
35 20 1
35 21 21
35 22 2
35 23 23
35 25 47
35 28 12
35 29 50
35 32 51
35 33 11
