48
1 0 43
2 0 37
2 1 23
3 0 31
3 1 4
3 2 11
4 0 25
4 1 36
4 2 9
4 3 24
5 0 29
5 1 31
5 2 24
5 3 39
5 4 12
6 0 18
6 1 13
6 2 6
6 3 46
6 4 40
6 5 46
7 0 16
7 1 19
7 2 4
7 3 35
7 4 14
7 5 21
7 6 1
8 0 18
8 1 36
8 2 45
8 3 33
8 4 33
8 5 41
8 6 10
8 7 32
9 0 20
9 1 17
9 2 30
9 3 31
9 4 8
9 5 16
9 6 26
9 7 1
9 8 45
10 0 29
10 1 22
10 2 43
10 3 2
10 4 16
10 5 29
10 6 47
10 7 31
10 8 22
10 9 37
11 0 20
11 1 10
11 2 41
11 3 18
11 4 17
11 5 35
11 6 30
11 7 3
11 8 34
11 9 8
11 10 27
12 0 14
12 1 32
12 2 33
12 3 3
12 4 33
12 5 38
12 6 40
12 7 36
12 8 6
12 9 30
12 10 11
12 11 30
13 0 47
13 1 19
13 2 43
13 3 31
13 4 28
13 5 46
13 6 7
13 7 46
13 8 21
13 9 22
13 10 16
13 11 6
13 12 7
14 0 43
14 1 26
14 2 13
14 3 18
14 4 41
14 5 20
14 6 34
14 7 26
14 8 5
14 9 43
14 10 34
14 11 22
14 12 28
14 13 42
15 0 15
15 1 29
15 2 14
15 3 21
15 4 21
15 5 36
15 6 44
15 7 34
15 8 42
15 9 35
15 10 7
15 11 17
15 12 14
15 13 42
15 14 11
16 0 1
16 1 2
16 2 25
16 3 2
16 4 24
16 5 8
16 6 17
16 7 38
16 8 22
16 9 29
16 10 17
16 11 3
16 12 35
16 13 46
16 14 11
16 15 48
17 0 38
17 1 45
17 2 44
17 3 34
17 4 36
17 5 21
17 6 45
17 7 43
17 8 2
17 9 14
17 10 30
17 11 2
17 12 34
17 13 17
17 14 15
17 15 45
17 16 36
18 0 4
18 1 13
18 2 27
18 3 11
18 4 30
18 5 42
18 6 46
18 7 39
18 8 48
18 9 12
18 10 10
18 11 10
18 12 42
18 13 15
18 14 33
18 15 22
18 16 3
18 17 11
19 0 20
19 1 3
19 2 42
19 3 15
19 4 8
19 5 35
19 6 30
19 7 15
19 8 14
19 9 32
19 10 17
19 11 14
19 12 43
19 13 8
19 14 7
19 15 29
19 16 27
19 17 36
19 18 42
20 0 38
20 1 38
20 2 1
20 3 6
20 4 17
20 5 43
20 6 9
20 7 42
20 8 32
20 9 43
20 10 31
20 11 32
20 12 23
20 13 45
20 14 24
20 15 42
20 16 43
20 17 46
20 18 18
20 19 8
21 0 32
21 1 34
21 2 15
21 3 43
21 4 11
21 5 29
21 6 26
21 7 35
21 8 38
21 9 32
21 10 5
21 11 46
21 12 19
21 13 30
21 14 6
21 15 38
21 16 46
21 17 8
21 18 39
21 19 35
21 20 13
22 0 31
22 1 27
22 2 10
22 3 44
22 4 34
22 5 41
22 6 23
22 7 21
22 8 46
22 9 43
22 10 33
22 11 2
22 12 15
22 13 40
22 14 2
22 15 43
22 16 38
22 17 16
22 18 41
22 19 33
22 20 43
22 21 39
23 0 44
23 1 3
23 2 36
23 3 13
23 4 16
23 5 3
23 6 39
23 7 10
23 8 37
23 9 38
23 10 30
23 11 14
23 12 36
23 13 28
23 14 6
23 15 12
23 16 35
23 17 46
23 18 16
23 19 48
23 20 30
23 21 35
23 22 17
24 0 4
24 1 13
24 2 46
24 3 19
24 4 38
24 5 4
24 6 10
24 7 39
24 8 20
24 9 36
24 10 28
24 11 23
24 12 9
24 13 34
24 14 44
24 15 14
24 16 40
24 17 33
24 18 2
24 19 14
24 20 25
24 21 46
24 22 45
24 23 30
25 0 27
25 1 29
25 2 14
25 3 37
25 4 41
25 5 47
25 6 24
25 7 19
25 8 4
25 9 27
25 10 25
25 11 32
25 12 14
25 13 33
25 14 45
25 15 23
25 16 4
25 17 22
25 18 45
25 19 6
25 20 36
25 21 22
25 22 23
25 23 46
25 24 8
26 0 36
26 1 27
26 2 43
26 3 41
26 4 7
26 5 14
26 6 33
26 7 3
26 8 5
26 9 28
26 10 26
26 11 20
26 12 17
26 13 10
26 14 11
26 15 29
26 16 22
26 17 33
26 18 6
26 19 5
26 20 25
26 21 27
26 22 25
26 23 48
26 24 3
26 25 30
27 0 6
27 1 23
27 2 41
27 3 2
27 4 44
27 5 5
27 6 35
27 7 5
27 8 26
27 9 24
27 10 11
27 11 20
27 12 41
27 13 40
27 14 12
27 15 43
27 16 20
27 17 8
27 18 6
27 19 9
27 20 2
27 21 29
27 22 48
27 23 48
27 24 32
27 25 35
27 26 6
28 0 26
28 1 8
28 2 3
28 3 30
28 4 15
28 5 44
28 6 6
28 7 37
28 8 35
28 9 5
28 10 30
28 11 48
28 12 10
28 13 6
28 14 34
28 15 44
28 16 47
28 17 37
28 18 18
28 19 10
28 20 29
28 21 41
28 22 23
28 23 14
28 24 45
28 25 17
28 26 42
28 27 41
29 0 4
29 1 23
29 2 28
29 3 39
29 4 22
29 5 12
29 6 12
29 7 16
29 8 15
29 9 8
29 10 6
29 11 43
29 12 47
29 13 19
29 14 8
29 15 23
29 16 32
29 17 22
29 18 17
29 19 26
29 20 9
29 21 11
29 22 4
29 23 8
29 24 4
29 25 43
29 26 13
29 27 29
29 28 26
30 0 3
30 1 23
30 2 12
30 3 4
30 4 11
30 5 20
30 6 26
30 7 35
30 8 13
30 9 14
30 10 22
30 11 8
30 12 29
30 13 10
30 14 28
30 15 6
30 16 25
30 17 16
30 18 37
30 19 8
30 20 12
30 21 23
30 22 15
30 23 13
30 24 8
30 25 42
30 26 25
30 27 8
30 28 13
30 29 21
31 0 29
31 1 10
31 2 26
31 3 17
31 4 5
31 5 14
31 6 48
31 7 42
31 8 7
31 9 1
31 10 18
31 11 6
31 12 23
31 13 4
31 14 11
31 15 42
31 16 48
31 17 45
31 18 9
31 19 12
31 20 5
31 21 32
31 22 9
31 23 37
31 24 5
31 25 46
31 26 36
31 27 29
31 28 39
31 29 29
31 30 21
32 0 23
32 1 30
32 2 42
32 3 28
32 4 38
32 5 1
32 6 28
32 7 13
32 8 3
32 9 9
32 10 38
32 11 23
32 12 20
32 13 1
32 14 28
32 15 8
32 16 46
32 17 8
32 18 6
32 19 3
32 20 12
32 21 21
32 22 5
32 23 44
32 24 6
32 25 34
32 26 5
32 27 17
32 28 31
32 29 36
32 30 37
32 31 27
33 0 44
33 1 38
33 2 32
33 3 23
33 4 46
33 5 14
33 6 47
33 7 4
33 8 3
33 9 5
33 10 42
33 11 10
33 12 7
33 13 45
33 14 45
33 15 42
33 16 6
33 17 43
33 18 42
33 19 39
33 20 13
33 21 18
33 22 37
33 23 3
33 24 7
33 25 35
33 26 7
33 27 31
33 28 22
33 29 16
33 30 1
33 31 28
33 32 47
34 0 8
34 1 22
34 2 1
34 3 25
34 4 44
34 5 10
34 6 46
34 7 21
34 8 9
34 9 48
34 10 47
34 11 5
34 12 14
34 13 36
34 14 2
34 15 20
34 16 43
34 17 19
34 18 7
34 19 25
34 20 19
34 21 45
34 22 15
34 23 37
34 24 32
34 25 34
34 26 26
34 27 2
34 28 37
34 29 16
34 30 11
34 31 45
34 32 29
34 33 19
35 0 28
35 1 3
35 2 35
35 3 11
35 4 1
35 5 39
35 6 32
35 7 13
35 8 48
35 9 20
35 10 24
35 11 24
35 12 34
35 13 41
35 14 38
35 15 19
35 16 39
35 17 41
35 18 32
35 19 16
35 20 22
35 21 31
35 22 44
35 23 2
35 24 14
35 25 27
35 26 29
35 27 37
35 28 2
35 29 41
35 30 47
35 31 21
35 32 5
35 33 31
35 34 16
36 0 35
36 1 44
36 2 16
36 3 31
36 4 35
36 5 17
36 6 6
36 7 11
36 8 47
36 9 10
36 10 40
36 11 6
36 12 34
36 13 34
36 14 23
36 15 10
36 16 37
36 17 15
36 18 40
36 19 41
36 20 29
36 21 25
36 22 36
36 23 33
36 24 2
36 25 22
36 26 44
36 27 4
36 28 42
36 29 7
36 30 20
36 31 8
36 32 31
36 33 46
36 34 12
36 35 10
37 0 44
37 1 45
37 2 31
37 3 25
37 4 46
37 5 15
37 6 36
37 7 21
37 8 35
37 9 39
37 10 16
37 11 43
37 12 24
37 13 43
37 14 9
37 15 39
37 16 31
37 17 12
37 18 30
37 19 10
37 20 4
37 21 38
37 22 4
37 23 31
37 24 43
37 25 42
37 26 3
37 27 25
37 28 38
37 29 5
37 30 23
37 31 23
37 32 18
37 33 29
37 34 16
37 35 37
37 36 31
38 0 6
38 1 25
38 2 12
38 3 1
38 4 13
38 5 34
38 6 22
38 7 46
38 8 16
38 9 48
38 10 6
38 11 29
38 12 42
38 13 38
38 14 39
38 15 24
38 16 14
38 17 29
38 18 24
38 19 3
38 20 8
38 21 15
38 22 29
38 23 14
38 24 45
38 25 2
38 26 26
38 27 7
38 28 5
38 29 2
38 30 37
38 31 8
38 32 11
38 33 4
38 34 6
38 35 39
38 36 22
38 37 34
39 0 28
39 1 5
39 2 1
39 3 23
39 4 10
39 5 38
39 6 13
39 7 9
39 8 23
39 9 6
39 10 5
39 11 24
39 12 22
39 13 41
39 14 31
39 15 28
39 16 26
39 17 6
39 18 40
39 19 32
39 20 27
39 21 17
39 22 9
39 23 30
39 24 38
39 25 12
39 26 34
39 27 46
39 28 32
39 29 24
39 30 44
39 31 43
39 32 41
39 33 5
39 34 24
39 35 11
39 36 23
39 37 38
39 38 38
40 0 24
40 1 33
40 2 29
40 3 19
40 4 8
40 5 21
40 6 11
40 7 27
40 8 21
40 9 20
40 10 34
40 11 40
40 12 15
40 13 39
40 14 35
40 15 27
40 16 22
40 17 24
40 18 26
40 19 3
40 20 37
40 21 31
40 22 11
40 23 23
40 24 33
40 25 42
40 26 35
40 27 29
40 28 45
40 29 24
40 30 5
40 31 13
40 32 32
40 33 18
40 34 42
40 35 19
40 36 41
40 37 23
40 38 9
40 39 3
41 0 2
41 1 16
41 2 18
41 3 39
41 4 33
41 5 31
41 6 7
41 7 47
41 8 47
41 9 5
41 10 18
41 11 20
41 12 37
41 13 41
41 14 20
41 15 13
41 16 48
41 17 10
41 18 47
41 19 22
41 20 34
41 21 48
41 22 27
41 23 7
41 24 24
41 25 2
41 26 32
41 27 14
41 28 9
41 29 37
41 30 8
41 31 48
41 32 43
41 33 17
41 34 44
41 35 19
41 36 37
41 37 30
41 38 3
41 39 12
41 40 12
42 0 18
42 1 6
42 2 18
42 3 18
42 4 15
42 5 12
42 6 33
42 7 34
42 8 22
42 9 30
42 10 24
42 11 37
42 12 40
42 13 47
42 14 18
42 15 9
42 16 32
42 17 7
42 18 20
42 19 37
42 20 29
42 21 36
42 22 5
42 23 8
42 24 31
42 25 7
42 26 4
42 27 18
42 28 19
42 29 11
42 30 14
42 31 22
42 32 27
42 33 37
42 34 8
42 35 34
42 36 10
42 37 11
42 38 24
42 39 8
42 40 17
42 41 31
43 0 26
43 1 43
43 2 1
43 3 28
43 4 26
43 5 38
43 6 40
43 7 15
43 8 8
43 9 28
43 10 28
43 11 1
43 12 45
43 13 15
43 14 21
43 15 19
43 16 12
43 17 28
43 18 45
43 19 3
43 20 4
43 21 20
43 22 28
43 23 24
43 24 32
43 25 4
43 26 47
43 27 37
43 28 42
43 29 39
43 30 30
43 31 41
43 32 36
43 33 46
43 34 43
43 35 30
43 36 41
43 37 39
43 38 36
43 39 31
43 40 5
43 41 34
43 42 23
44 0 13
44 1 48
44 2 30
44 3 4
44 4 4
44 5 6
44 6 23
44 7 17
44 8 10
44 9 40
44 10 8
44 11 44
44 12 9
44 13 19
44 14 30
44 15 13
44 16 28
44 17 17
44 18 33
44 19 12
44 20 18
44 21 33
44 22 24
44 23 46
44 24 40
44 25 11
44 26 33
44 27 11
44 28 25
44 29 46
44 30 33
44 31 15
44 32 17
44 33 32
44 34 33
44 35 3
44 36 8
44 37 43
44 38 21
44 39 6
44 40 7
44 41 43
44 42 22
44 43 35
45 0 45
45 1 26
45 2 34
45 3 2
45 4 18
45 5 45
45 6 41
45 7 13
45 8 8
45 9 20
45 10 10
45 11 4
45 12 1
45 13 9
45 14 17
45 15 38
45 16 43
45 17 31
45 18 5
45 19 23
45 20 19
45 21 15
45 22 2
45 23 3
45 24 37
45 25 33
45 26 41
45 27 47
45 28 31
45 29 40
45 30 14
45 31 43
45 32 28
45 33 1
45 34 27
45 35 26
45 36 12
45 37 5
45 38 5
45 39 46
45 40 30
45 41 21
45 42 24
45 43 19
45 44 27
46 0 5
46 1 37
46 2 30
46 3 31
46 4 18
46 5 8
46 6 30
46 7 8
46 8 13
46 9 26
46 10 46
46 11 31
46 12 32
46 13 25
46 14 48
46 15 15
46 16 21
46 17 24
46 18 45
46 19 12
46 20 24
46 21 35
46 22 18
46 23 15
46 24 41
46 25 15
46 26 40
46 27 2
46 28 37
46 29 48
46 30 21
46 31 46
46 32 1
46 33 22
46 34 31
46 35 14
46 36 25
46 37 10
46 38 38
46 39 34
46 40 44
46 41 1
46 42 41
46 43 36
46 44 47
46 45 15
47 0 30
47 1 8
47 2 40
47 3 7
47 4 8
47 5 44
47 6 21
47 7 31
47 8 25
47 9 9
47 10 31
47 11 6
47 12 30
47 13 7
47 14 46
47 15 6
47 16 4
47 17 16
47 18 39
47 19 48
47 20 27
47 21 18
47 22 41
47 23 7
47 24 21
47 25 40
47 26 31
47 27 36
47 28 8
47 29 37
47 30 39
47 31 27
47 32 34
47 33 4
47 34 19
47 35 10
47 36 34
47 37 43
47 38 4
47 39 9
47 40 19
47 41 25
47 42 28
47 43 19
47 44 18
47 45 32
47 46 7
