38
1 0 4
2 0 20
2 1 16
3 1 25
4 1 12
5 0 17
5 1 9
5 2 5
6 5 13
7 3 15
7 5 26
7 6 10
8 1 9
8 2 16
8 3 5
8 4 21
8 5 25
8 6 14
8 7 28
9 0 8
9 2 6
9 5 11
9 6 2
9 8 24
10 0 16
10 2 10
10 5 8
10 6 1
11 2 1
11 3 11
11 4 26
11 5 3
11 6 6
11 8 15
11 9 3
11 10 17
12 2 1
12 4 22
12 5 28
12 7 24
12 9 4
12 10 19
13 1 13
13 2 5
13 3 9
13 4 11
13 8 24
13 9 10
14 0 1
14 4 26
14 5 7
14 6 24
14 7 12
14 8 22
14 9 19
14 12 28
15 0 25
15 3 18
15 5 6
15 7 7
15 10 8
15 11 21
15 12 9
15 14 16
16 0 7
16 3 9
16 4 10
16 7 9
16 8 27
16 10 27
16 11 11
16 12 10
16 13 7
17 1 10
17 2 28
17 3 16
17 4 19
17 5 18
17 8 25
17 9 21
17 12 6
17 13 15
18 2 17
18 4 13
18 6 28
18 8 24
18 9 2
18 11 24
18 13 14
18 14 19
18 15 3
18 17 11
19 1 15
19 3 11
19 5 7
19 6 17
19 7 6
19 8 19
19 10 8
19 11 13
19 12 22
20 0 21
20 1 20
20 3 7
20 4 10
20 8 13
20 11 6
20 13 7
20 17 13
21 0 1
21 3 10
21 5 8
21 6 28
21 8 8
21 10 18
21 15 11
21 16 23
21 17 17
22 0 24
22 1 24
22 3 16
22 10 6
22 11 26
22 12 3
22 13 18
22 14 2
22 15 14
22 16 17
22 17 18
22 18 6
22 21 18
23 0 15
23 1 5
23 2 10
23 3 20
23 5 8
23 6 2
23 9 23
23 10 17
23 12 1
23 14 2
23 15 14
23 17 6
23 18 10
23 20 9
23 21 24
23 22 15
24 0 6
24 2 19
24 3 7
24 5 25
24 6 26
24 8 7
24 10 2
24 14 7
24 15 9
24 17 3
24 18 24
24 19 7
24 23 17
25 0 3
25 1 14
25 2 27
25 3 11
25 4 1
25 5 23
25 8 6
25 9 24
25 10 16
25 11 11
25 12 28
25 15 2
25 16 19
25 19 13
25 21 21
25 24 5
26 2 19
26 3 15
26 8 3
26 11 4
26 14 25
26 15 22
26 17 2
26 19 3
26 22 27
26 23 6
26 24 26
27 1 1
27 2 23
27 3 16
27 4 15
27 8 23
27 9 22
27 13 15
27 15 28
27 16 16
27 17 1
27 18 4
27 19 22
27 23 13
27 24 21
27 25 15
28 0 4
28 2 14
28 4 11
28 5 7
28 6 14
28 8 15
28 11 10
28 15 4
28 16 15
28 18 20
28 21 10
28 22 21
28 23 13
28 25 14
28 26 20
29 2 1
29 4 10
29 7 22
29 8 14
29 9 28
29 10 23
29 13 21
29 17 14
29 18 6
29 20 28
29 25 8
29 27 27
29 28 16
30 0 19
30 4 3
30 6 22
30 8 26
30 9 11
30 14 16
30 16 3
30 20 10
30 21 21
30 22 27
30 23 17
30 26 21
30 27 23
30 28 13
31 0 26
31 1 17
31 3 25
31 4 22
31 6 9
31 8 4
31 9 21
31 10 18
31 11 1
31 12 3
31 14 3
31 15 9
31 16 21
31 19 21
31 20 23
31 21 15
31 22 15
31 23 15
31 25 14
31 26 6
31 28 7
32 1 16
32 3 24
32 6 14
32 7 4
32 8 25
32 9 26
32 10 27
32 12 25
32 15 5
32 16 16
32 18 2
32 20 26
32 21 21
32 22 24
32 27 10
32 28 25
32 30 11
33 5 10
33 9 12
33 14 22
33 17 16
33 21 27
33 24 21
33 25 7
33 29 23
34 1 22
34 7 21
34 9 6
34 10 11
34 12 22
34 13 7
34 16 10
34 17 10
34 19 24
34 24 14
34 28 17
34 29 16
34 30 27
34 31 18
34 33 5
35 0 28
35 1 10
35 2 18
35 4 5
35 7 14
35 8 24
35 9 21
35 14 21
35 15 2
35 16 5
35 19 10
35 20 11
35 24 6
35 27 18
35 29 23
35 32 14
35 33 8
35 34 9
36 0 16
36 1 13
36 4 24
36 6 10
36 9 1
36 13 2
36 14 25
36 15 4
36 19 1
36 20 15
36 21 21
36 24 7
36 25 21
36 26 17
36 27 23
36 28 8
36 31 22
36 34 26
37 0 9
37 4 1
37 6 24
37 7 5
37 8 25
37 9 28
37 10 6
37 12 5
37 17 3
37 18 6
37 19 6
37 20 25
37 21 14
37 23 24
37 31 24
37 33 28
37 35 2
37 36 6
