64
1 0 29
2 0 5
2 1 10
3 0 43
3 1 33
3 2 42
4 0 34
4 1 24
4 2 14
4 3 20
5 0 12
5 1 42
5 2 25
5 3 44
5 4 33
6 0 40
6 1 34
6 2 11
6 3 28
6 4 10
6 5 32
7 0 16
7 1 20
7 2 1
7 3 28
7 4 37
7 5 11
7 6 20
8 0 43
8 1 19
8 2 34
8 3 44
8 4 17
8 5 23
8 6 34
8 7 33
9 0 2
9 1 43
9 2 4
9 3 28
9 4 15
9 5 4
9 6 11
9 7 35
9 8 32
10 0 28
10 1 36
10 2 26
10 3 8
10 4 36
10 5 36
10 6 27
10 7 25
10 8 21
10 9 41
11 0 11
11 1 30
11 2 12
11 3 3
11 4 7
11 5 3
11 6 12
11 7 37
11 8 41
11 9 35
11 10 29
12 0 35
12 1 33
12 2 26
12 3 37
12 4 23
12 5 37
12 6 6
12 7 36
12 8 9
12 9 7
12 10 29
12 11 6
13 0 29
13 1 11
13 2 31
13 3 44
13 4 26
13 5 24
13 6 3
13 7 18
13 8 11
13 9 21
13 10 44
13 11 3
13 12 25
14 0 6
14 1 17
14 2 44
14 3 4
14 4 9
14 5 20
14 6 23
14 7 20
14 8 29
14 9 7
14 10 17
14 11 38
14 12 17
14 13 8
15 0 4
15 1 25
15 2 25
15 3 25
15 4 32
15 5 4
15 6 28
15 7 5
15 8 42
15 9 20
15 10 2
15 11 41
15 12 28
15 13 23
15 14 12
16 0 15
16 1 28
16 2 7
16 3 33
16 4 16
16 5 27
16 6 23
16 7 26
16 8 42
16 9 29
16 10 17
16 11 13
16 12 21
16 13 25
16 14 38
16 15 1
17 0 5
17 1 23
17 2 23
17 3 31
17 4 14
17 5 43
17 6 30
17 7 22
17 8 19
17 9 31
17 10 39
17 11 10
17 12 4
17 13 14
17 14 22
17 15 24
17 16 35
18 0 1
18 1 28
18 2 18
18 3 14
18 4 43
18 5 26
18 6 33
18 7 16
18 8 38
18 9 37
18 10 25
18 11 33
18 12 17
18 13 26
18 14 39
18 15 4
18 16 35
18 17 17
19 0 10
19 1 31
19 2 34
19 3 6
19 4 18
19 5 17
19 6 5
19 7 40
19 8 8
19 9 1
19 10 5
19 11 40
19 12 27
19 13 10
19 14 34
19 15 29
19 16 23
19 17 30
19 18 32
20 0 30
20 1 9
20 2 28
20 3 9
20 4 17
20 5 11
20 6 40
20 7 38
20 8 36
20 9 20
20 10 12
20 11 23
20 12 44
20 13 32
20 14 41
20 15 8
20 16 35
20 17 35
20 18 32
20 19 28
21 0 17
21 1 40
21 2 11
21 3 5
21 4 40
21 5 4
21 6 31
21 7 35
21 8 6
21 9 17
21 10 23
21 11 5
21 12 17
21 13 10
21 14 42
21 15 37
21 16 5
21 17 1
21 18 5
21 19 40
21 20 21
22 0 17
22 1 10
22 2 9
22 3 5
22 4 29
22 5 1
22 6 17
22 7 41
22 8 32
22 9 32
22 10 20
22 11 22
22 12 10
22 13 30
22 14 31
22 15 25
22 16 30
22 17 38
22 18 17
22 19 23
22 20 1
22 21 41
23 0 43
23 1 2
23 2 30
23 3 12
23 4 2
23 5 3
23 6 14
23 7 6
23 8 8
23 9 2
23 10 22
23 11 11
23 12 5
23 13 39
23 14 8
23 15 11
23 16 27
23 17 11
23 18 40
23 19 24
23 20 5
23 21 3
23 22 30
24 0 1
24 1 25
24 2 4
24 3 11
24 4 13
24 5 1
24 6 19
24 7 10
24 8 18
24 9 26
24 10 4
24 11 3
24 12 24
24 13 1
24 14 34
24 15 11
24 16 32
24 17 1
24 18 39
24 19 26
24 20 38
24 21 10
24 22 6
24 23 5
25 0 18
25 1 42
25 2 12
25 3 24
25 4 27
25 5 28
25 6 5
25 7 18
25 8 11
25 9 21
25 10 19
25 11 27
25 12 1
25 13 17
25 14 38
25 15 14
25 16 10
25 17 29
25 18 18
25 19 13
25 20 11
25 21 36
25 22 22
25 23 20
25 24 6
26 0 20
26 1 36
26 2 21
26 3 9
26 4 2
26 5 40
26 6 36
26 7 18
26 8 16
26 9 29
26 10 10
26 11 2
26 12 17
26 13 1
26 14 3
26 15 39
26 16 14
26 17 25
26 18 19
26 19 39
26 20 5
26 21 31
26 22 8
26 23 42
26 24 5
26 25 38
27 0 28
27 1 36
27 2 12
27 3 32
27 4 6
27 5 16
27 6 39
27 7 15
27 8 33
27 9 16
27 10 28
27 11 34
27 12 4
27 13 24
27 14 22
27 15 33
27 16 41
27 17 6
27 18 39
27 19 10
27 20 35
27 21 26
27 22 40
27 23 39
27 24 10
27 25 38
27 26 37
28 0 2
28 1 2
28 2 34
28 3 3
28 4 25
28 5 29
28 6 41
28 7 38
28 8 26
28 9 35
28 10 31
28 11 10
28 12 6
28 13 34
28 14 38
28 15 19
28 16 12
28 17 7
28 18 41
28 19 32
28 20 37
28 21 34
28 22 26
28 23 36
28 24 18
28 25 44
28 26 15
28 27 39
29 0 32
29 1 10
29 2 28
29 3 2
29 4 33
29 5 22
29 6 37
29 7 33
29 8 18
29 9 4
29 10 44
29 11 30
29 12 9
29 13 12
29 14 2
29 15 30
29 16 22
29 17 24
29 18 3
29 19 6
29 20 15
29 21 20
29 22 44
29 23 37
29 24 32
29 25 2
29 26 5
29 27 40
29 28 44
30 0 18
30 1 2
30 2 33
30 3 28
30 4 8
30 5 36
30 6 42
30 7 30
30 8 16
30 9 38
30 10 17
30 11 17
30 12 33
30 13 25
30 14 12
30 15 6
30 16 26
30 17 15
30 18 29
30 19 29
30 20 29
30 21 24
30 22 33
30 23 29
30 24 26
30 25 32
30 26 8
30 27 42
30 28 5
30 29 31
31 0 34
31 1 22
31 2 37
31 3 37
31 4 25
31 5 40
31 6 21
31 7 23
31 8 20
31 9 8
31 10 24
31 11 15
31 12 5
31 13 43
31 14 20
31 15 31
31 16 28
31 17 34
31 18 39
31 19 44
31 20 32
31 21 11
31 22 8
31 23 22
31 24 14
31 25 5
31 26 12
31 27 10
31 28 18
31 29 15
31 30 10
32 0 3
32 1 40
32 2 3
32 3 9
32 4 22
32 5 4
32 6 39
32 7 35
32 8 29
32 9 1
32 10 24
32 11 1
32 12 1
32 13 38
32 14 31
32 15 41
32 16 17
32 17 43
32 18 34
32 19 14
32 20 13
32 21 20
32 22 29
32 23 21
32 24 6
32 25 41
32 26 9
32 27 10
32 28 3
32 29 20
32 30 17
32 31 22
33 0 5
33 1 25
33 2 30
33 3 16
33 4 39
33 5 22
33 6 18
33 7 12
33 8 17
33 9 27
33 10 12
33 11 30
33 12 15
33 13 11
33 14 16
33 15 30
33 16 42
33 17 35
33 18 16
33 19 41
33 20 34
33 21 17
33 22 24
33 23 14
33 24 6
33 25 27
33 26 16
33 27 1
33 28 27
33 29 18
33 30 25
33 31 37
33 32 10
34 0 29
34 1 33
34 2 3
34 3 14
34 4 18
34 5 9
34 6 8
34 7 20
34 8 24
34 9 30
34 10 13
34 11 35
34 12 25
34 13 21
34 14 41
34 15 23
34 16 28
34 17 41
34 18 27
34 19 28
34 20 41
34 21 5
34 22 24
34 23 2
34 24 11
34 25 23
34 26 2
34 27 26
34 28 20
34 29 38
34 30 34
34 31 34
34 32 28
34 33 18
35 0 35
35 1 43
35 2 30
35 3 14
35 4 43
35 5 34
35 6 20
35 7 3
35 8 16
35 9 17
35 10 28
35 11 36
35 12 23
35 13 14
35 14 5
35 15 12
35 16 44
35 17 7
35 18 8
35 19 27
35 20 6
35 21 27
35 22 20
35 23 15
35 24 17
35 25 16
35 26 32
35 27 4
35 28 19
35 29 20
35 30 20
35 31 42
35 32 35
35 33 16
35 34 19
36 0 24
36 1 6
36 2 27
36 3 7
36 4 16
36 5 1
36 6 41
36 7 29
36 8 29
36 9 36
36 10 5
36 11 31
36 12 44
36 13 14
36 14 5
36 15 42
36 16 29
36 17 5
36 18 13
36 19 20
36 20 32
36 21 35
36 22 16
36 23 13
36 24 17
36 25 17
36 26 34
36 27 17
36 28 11
36 29 35
36 30 27
36 31 39
36 32 33
36 33 6
36 34 7
36 35 26
37 0 13
37 1 2
37 2 27
37 3 11
37 4 10
37 5 28
37 6 30
37 7 33
37 8 3
37 9 16
37 10 7
37 11 27
37 12 32
37 13 15
37 14 26
37 15 3
37 16 9
37 17 20
37 18 24
37 19 43
37 20 20
37 21 28
37 22 15
37 23 2
37 24 6
37 25 5
37 26 44
37 27 13
37 28 15
37 29 11
37 30 37
37 31 28
37 32 2
37 33 26
37 34 12
37 35 8
37 36 9
38 0 2
38 1 8
38 2 15
38 3 5
38 4 17
38 5 12
38 6 44
38 7 23
38 8 22
38 9 21
38 10 26
38 11 16
38 12 1
38 13 34
38 14 14
38 15 9
38 16 18
38 17 19
38 18 10
38 19 38
38 20 18
38 21 12
38 22 35
38 23 30
38 24 25
38 25 35
38 26 9
38 27 19
38 28 12
38 29 38
38 30 21
38 31 43
38 32 21
38 33 21
38 34 8
38 35 35
38 36 44
38 37 3
39 0 14
39 1 17
39 2 1
39 3 35
39 4 28
39 5 8
39 6 22
39 7 9
39 8 20
39 9 42
39 10 8
39 11 9
39 12 35
39 13 19
39 14 30
39 15 6
39 16 18
39 17 18
39 18 36
39 19 8
39 20 40
39 21 20
39 22 42
39 23 36
39 24 6
39 25 7
39 26 19
39 27 31
39 28 24
39 29 13
39 30 1
39 31 17
39 32 5
39 33 31
39 34 42
39 35 31
39 36 7
39 37 22
39 38 4
40 0 29
40 1 2
40 2 41
40 3 23
40 4 11
40 5 28
40 6 1
40 7 7
40 8 23
40 9 39
40 10 43
40 11 14
40 12 32
40 13 8
40 14 29
40 15 29
40 16 23
40 17 9
40 18 43
40 19 21
40 20 23
40 21 7
40 22 31
40 23 23
40 24 20
40 25 2
40 26 12
40 27 37
40 28 1
40 29 10
40 30 18
40 31 8
40 32 6
40 33 8
40 34 29
40 35 42
40 36 43
40 37 22
40 38 22
40 39 5
41 0 6
41 1 25
41 2 41
41 3 38
41 4 43
41 5 1
41 6 23
41 7 25
41 8 29
41 9 23
41 10 26
41 11 6
41 12 28
41 13 3
41 14 19
41 15 26
41 16 22
41 17 41
41 18 34
41 19 32
41 20 31
41 21 2
41 22 28
41 23 7
41 24 7
41 25 11
41 26 17
41 27 44
41 28 42
41 29 2
41 30 27
41 31 41
41 32 36
41 33 19
41 34 20
41 35 29
41 36 37
41 37 1
41 38 40
41 39 36
41 40 29
42 0 33
42 1 29
42 2 37
42 3 4
42 4 29
42 5 23
42 6 12
42 7 3
42 8 25
42 9 7
42 10 42
42 11 8
42 12 34
42 13 44
42 14 19
42 15 6
42 16 39
42 17 19
42 18 42
42 19 15
42 20 24
42 21 28
42 22 39
42 23 40
42 24 38
42 25 26
42 26 9
42 27 39
42 28 8
42 29 18
42 30 22
42 31 2
42 32 11
42 33 26
42 34 32
42 35 36
42 36 19
42 37 10
42 38 25
42 39 19
42 40 30
42 41 1
43 0 4
43 1 34
43 2 23
43 3 34
43 4 9
43 5 38
43 6 37
43 7 31
43 8 35
43 9 17
43 10 43
43 11 25
43 12 5
43 13 31
43 14 27
43 15 36
43 16 7
43 17 37
43 18 40
43 19 35
43 20 21
43 21 42
43 22 40
43 23 2
43 24 29
43 25 40
43 26 44
43 27 11
43 28 9
43 29 44
43 30 35
43 31 2
43 32 41
43 33 7
43 34 7
43 35 4
43 36 21
43 37 36
43 38 43
43 39 42
43 40 10
43 41 29
43 42 36
44 0 32
44 1 20
44 2 37
44 3 32
44 4 17
44 5 15
44 6 40
44 7 34
44 8 20
44 9 15
44 10 17
44 11 9
44 12 13
44 13 3
44 14 4
44 15 41
44 16 11
44 17 30
44 18 33
44 19 7
44 20 16
44 21 13
44 22 32
44 23 12
44 24 16
44 25 42
44 26 30
44 27 1
44 28 14
44 29 19
44 30 29
44 31 42
44 32 43
44 33 21
44 34 31
44 35 17
44 36 32
44 37 24
44 38 11
44 39 27
44 40 31
44 41 15
44 42 32
44 43 41
45 0 29
45 1 39
45 2 5
45 3 31
45 4 10
45 5 1
45 6 24
45 7 29
45 8 2
45 9 41
45 10 43
45 11 4
45 12 31
45 13 39
45 14 29
45 15 27
45 16 29
45 17 1
45 18 44
45 19 29
45 20 11
45 21 9
45 22 36
45 23 40
45 24 35
45 25 24
45 26 15
45 27 12
45 28 12
45 29 10
45 30 6
45 31 12
45 32 39
45 33 19
45 34 9
45 35 26
45 36 41
45 37 36
45 38 31
45 39 32
45 40 18
45 41 23
45 42 43
45 43 16
45 44 15
46 0 1
46 1 41
46 2 7
46 3 42
46 4 44
46 5 1
46 6 21
46 7 42
46 8 9
46 9 15
46 10 26
46 11 29
46 12 38
46 13 17
46 14 27
46 15 31
46 16 9
46 17 40
46 18 23
46 19 25
46 20 16
46 21 15
46 22 26
46 23 9
46 24 1
46 25 12
46 26 11
46 27 20
46 28 23
46 29 31
46 30 10
46 31 41
46 32 21
46 33 2
46 34 29
46 35 34
46 36 28
46 37 3
46 38 2
46 39 14
46 40 17
46 41 13
46 42 24
46 43 30
46 44 35
46 45 35
47 0 15
47 1 31
47 2 38
47 3 41
47 4 9
47 5 24
47 6 21
47 7 37
47 8 13
47 9 23
47 10 44
47 11 18
47 12 17
47 13 16
47 14 1
47 15 23
47 16 11
47 17 5
47 18 32
47 19 15
47 20 35
47 21 26
47 22 14
47 23 42
47 24 5
47 25 36
47 26 41
47 27 6
47 28 36
47 29 5
47 30 14
47 31 19
47 32 44
47 33 27
47 34 42
47 35 4
47 36 37
47 37 15
47 38 34
47 39 27
47 40 34
47 41 11
47 42 12
47 43 42
47 44 29
47 45 33
47 46 34
48 0 22
48 1 6
48 2 35
48 3 17
48 4 12
48 5 29
48 6 13
48 7 23
48 8 14
48 9 17
48 10 26
48 11 10
48 12 6
48 13 3
48 14 14
48 15 38
48 16 9
48 17 34
48 18 34
48 19 21
48 20 25
48 21 36
48 22 23
48 23 9
48 24 28
48 25 26
48 26 6
48 27 22
48 28 30
48 29 29
48 30 8
48 31 44
48 32 40
48 33 35
48 34 26
48 35 11
48 36 42
48 37 33
48 38 22
48 39 31
48 40 5
48 41 19
48 42 38
48 43 33
48 44 29
48 45 26
48 46 18
48 47 18
49 0 15
49 1 21
49 2 42
49 3 21
49 4 20
49 5 21
49 6 6
49 7 30
49 8 18
49 9 26
49 10 33
49 11 19
49 12 32
49 13 5
49 14 23
49 15 13
49 16 24
49 17 9
49 18 12
49 19 4
49 20 19
49 21 38
49 22 2
49 23 10
49 24 39
49 25 29
49 26 15
49 27 40
49 28 34
49 29 10
49 30 18
49 31 10
49 32 37
49 33 21
49 34 34
49 35 40
49 36 41
49 37 36
49 38 5
49 39 42
49 40 10
49 41 38
49 42 33
49 43 31
49 44 3
49 45 30
49 46 18
49 47 28
49 48 10
50 0 12
50 1 5
50 2 26
50 3 10
50 4 44
50 5 13
50 6 8
50 7 15
50 8 2
50 9 26
50 10 4
50 11 20
50 12 9
50 13 37
50 14 38
50 15 40
50 16 22
50 17 1
50 18 31
50 19 37
50 20 24
50 21 28
50 22 21
50 23 30
50 24 30
50 25 20
50 26 39
50 27 38
50 28 40
50 29 25
50 30 7
50 31 6
50 32 35
50 33 14
50 34 13
50 35 26
50 36 11
50 37 27
50 38 18
50 39 26
50 40 14
50 41 21
50 42 21
50 43 5
50 44 5
50 45 1
50 46 3
50 47 12
50 48 26
50 49 8
51 0 22
51 1 1
51 2 39
51 3 27
51 4 19
51 5 3
51 6 13
51 7 7
51 8 10
51 9 40
51 10 7
51 11 13
51 12 6
51 13 9
51 14 14
51 15 22
51 16 21
51 17 1
51 18 33
51 19 34
51 20 14
51 21 30
51 22 25
51 23 24
51 24 40
51 25 1
51 26 35
51 27 25
51 28 28
51 29 32
51 30 2
51 31 33
51 32 29
51 33 32
51 34 25
51 35 1
51 36 21
51 37 34
51 38 41
51 39 23
51 40 30
51 41 43
51 42 20
51 43 36
51 44 39
51 45 26
51 46 5
51 47 40
51 48 3
51 49 28
51 50 23
52 0 16
52 1 37
52 2 41
52 3 17
52 4 20
52 5 41
52 6 27
52 7 8
52 8 31
52 9 17
52 10 17
52 11 13
52 12 31
52 13 6
52 14 1
52 15 29
52 16 16
52 17 34
52 18 30
52 19 32
52 20 2
52 21 34
52 22 12
52 23 18
52 24 32
52 25 28
52 26 2
52 27 43
52 28 3
52 29 23
52 30 24
52 31 18
52 32 5
52 33 15
52 34 17
52 35 27
52 36 17
52 37 24
52 38 43
52 39 14
52 40 31
52 41 42
52 42 10
52 43 35
52 44 38
52 45 17
52 46 9
52 47 23
52 48 3
52 49 36
52 50 23
52 51 24
53 0 17
53 1 24
53 2 39
53 3 8
53 4 16
53 5 23
53 6 14
53 7 12
53 8 42
53 9 34
53 10 15
53 11 2
53 12 19
53 13 19
53 14 6
53 15 16
53 16 16
53 17 9
53 18 8
53 19 8
53 20 15
53 21 37
53 22 17
53 23 43
53 24 14
53 25 12
53 26 8
53 27 32
53 28 35
53 29 18
53 30 19
53 31 40
53 32 39
53 33 15
53 34 2
53 35 14
53 36 11
53 37 15
53 38 26
53 39 31
53 40 26
53 41 4
53 42 18
53 43 27
53 44 32
53 45 3
53 46 37
53 47 37
53 48 37
53 49 31
53 50 36
53 51 27
53 52 10
54 0 10
54 1 29
54 2 4
54 3 35
54 4 44
54 5 43
54 6 39
54 7 1
54 8 22
54 9 8
54 10 41
54 11 37
54 12 38
54 13 30
54 14 29
54 15 21
54 16 27
54 17 36
54 18 14
54 19 15
54 20 1
54 21 16
54 22 40
54 23 36
54 24 9
54 25 4
54 26 14
54 27 39
54 28 6
54 29 12
54 30 10
54 31 12
54 32 40
54 33 35
54 34 8
54 35 7
54 36 42
54 37 42
54 38 28
54 39 13
54 40 6
54 41 31
54 42 11
54 43 2
54 44 44
54 45 34
54 46 14
54 47 4
54 48 17
54 49 9
54 50 15
54 51 15
54 52 15
54 53 24
55 0 7
55 1 15
55 2 41
55 3 31
55 4 42
55 5 34
55 6 29
55 7 7
55 8 14
55 9 3
55 10 7
55 11 2
55 12 40
55 13 31
55 14 29
55 15 17
55 16 24
55 17 31
55 18 17
55 19 20
55 20 36
55 21 3
55 22 33
55 23 31
55 24 23
55 25 25
55 26 9
55 27 27
55 28 6
55 29 40
55 30 35
55 31 12
55 32 42
55 33 9
55 34 11
55 35 16
55 36 35
55 37 12
55 38 23
55 39 35
55 40 33
55 41 12
55 42 32
55 43 20
55 44 24
55 45 28
55 46 31
55 47 37
55 48 41
55 49 14
55 50 8
55 51 35
55 52 43
55 53 33
55 54 4
56 0 36
56 1 21
56 2 6
56 3 41
56 4 38
56 5 4
56 6 1
56 7 11
56 8 15
56 9 4
56 10 42
56 11 44
56 12 35
56 13 27
56 14 5
56 15 42
56 16 23
56 17 40
56 18 2
56 19 29
56 20 13
56 21 36
56 22 20
56 23 25
56 24 20
56 25 39
56 26 22
56 27 11
56 28 20
56 29 9
56 30 25
56 31 41
56 32 26
56 33 20
56 34 11
56 35 33
56 36 13
56 37 24
56 38 24
56 39 16
56 40 20
56 41 29
56 42 6
56 43 36
56 44 12
56 45 39
56 46 18
56 47 3
56 48 9
56 49 23
56 50 20
56 51 11
56 52 23
56 53 39
56 54 15
56 55 28
57 0 23
57 1 3
57 2 17
57 3 2
57 4 40
57 5 5
57 6 2
57 7 2
57 8 12
57 9 19
57 10 41
57 11 3
57 12 3
57 13 27
57 14 36
57 15 28
57 16 23
57 17 30
57 18 36
57 19 42
57 20 3
57 21 25
57 22 42
57 23 30
57 24 23
57 25 29
57 26 39
57 27 40
57 28 5
57 29 6
57 30 28
57 31 44
57 32 34
57 33 31
57 34 12
57 35 29
57 36 35
57 37 14
57 38 7
57 39 38
57 40 7
57 41 11
57 42 10
57 43 14
57 44 26
57 45 10
57 46 44
57 47 11
57 48 10
57 49 11
57 50 40
57 51 11
57 52 35
57 53 8
57 54 34
57 55 17
57 56 21
58 0 27
58 1 18
58 2 4
58 3 21
58 4 7
58 5 5
58 6 19
58 7 37
58 8 21
58 9 44
58 10 30
58 11 11
58 12 17
58 13 36
58 14 22
58 15 1
58 16 17
58 17 28
58 18 41
58 19 41
58 20 41
58 21 20
58 22 2
58 23 10
58 24 14
58 25 25
58 26 2
58 27 34
58 28 24
58 29 18
58 30 14
58 31 32
58 32 33
58 33 11
58 34 11
58 35 42
58 36 32
58 37 25
58 38 11
58 39 26
58 40 14
58 41 19
58 42 5
58 43 21
58 44 30
58 45 4
58 46 28
58 47 23
58 48 37
58 49 19
58 50 15
58 51 10
58 52 35
58 53 5
58 54 14
58 55 34
58 56 29
58 57 27
59 0 1
59 1 25
59 2 35
59 3 19
59 4 3
59 5 2
59 6 21
59 7 5
59 8 30
59 9 5
59 10 22
59 11 1
59 12 12
59 13 30
59 14 23
59 15 33
59 16 15
59 17 42
59 18 16
59 19 37
59 20 14
59 21 28
59 22 5
59 23 7
59 24 29
59 25 3
59 26 19
59 27 1
59 28 38
59 29 41
59 30 31
59 31 44
59 32 9
59 33 12
59 34 13
59 35 32
59 36 32
59 37 31
59 38 5
59 39 31
59 40 17
59 41 8
59 42 6
59 43 14
59 44 31
59 45 34
59 46 20
59 47 43
59 48 41
59 49 44
59 50 6
59 51 40
59 52 2
59 53 2
59 54 6
59 55 41
59 56 36
59 57 43
59 58 33
60 0 27
60 1 33
60 2 6
60 3 24
60 4 5
60 5 32
60 6 42
60 7 18
60 8 2
60 9 26
60 10 38
60 11 38
60 12 42
60 13 5
60 14 23
60 15 5
60 16 16
60 17 43
60 18 5
60 19 26
60 20 11
60 21 29
60 22 3
60 23 14
60 24 30
60 25 21
60 26 24
60 27 2
60 28 43
60 29 14
60 30 32
60 31 43
60 32 8
60 33 13
60 34 23
60 35 31
60 36 13
60 37 40
60 38 6
60 39 26
60 40 12
60 41 10
60 42 1
60 43 26
60 44 30
60 45 7
60 46 42
60 47 26
60 48 29
60 49 34
60 50 36
60 51 14
60 52 16
60 53 13
60 54 10
60 55 30
60 56 21
60 57 24
60 58 17
60 59 9
61 0 41
61 1 10
61 2 34
61 3 21
61 4 11
61 5 43
61 6 13
61 7 9
61 8 4
61 9 1
61 10 2
61 11 7
61 12 40
61 13 15
61 14 18
61 15 39
61 16 32
61 17 13
61 18 7
61 19 18
61 20 27
61 21 36
61 22 15
61 23 42
61 24 5
61 25 28
61 26 26
61 27 15
61 28 37
61 29 7
61 30 35
61 31 4
61 32 14
61 33 44
61 34 31
61 35 33
61 36 44
61 37 14
61 38 10
61 39 17
61 40 38
61 41 13
61 42 7
61 43 11
61 44 20
61 45 27
61 46 14
61 47 36
61 48 26
61 49 30
61 50 9
61 51 41
61 52 2
61 53 40
61 54 38
61 55 24
61 56 29
61 57 13
61 58 25
61 59 31
61 60 3
62 0 13
62 1 16
62 2 7
62 3 38
62 4 22
62 5 24
62 6 11
62 7 31
62 8 35
62 9 1
62 10 33
62 11 43
62 12 33
62 13 24
62 14 32
62 15 37
62 16 31
62 17 29
62 18 42
62 19 29
62 20 36
62 21 34
62 22 41
62 23 23
62 24 31
62 25 31
62 26 38
62 27 1
62 28 29
62 29 21
62 30 13
62 31 25
62 32 32
62 33 15
62 34 36
62 35 44
62 36 35
62 37 14
62 38 16
62 39 3
62 40 32
62 41 32
62 42 44
62 43 19
62 44 5
62 45 13
62 46 4
62 47 36
62 48 2
62 49 8
62 50 11
62 51 32
62 52 15
62 53 31
62 54 27
62 55 33
62 56 29
62 57 30
62 58 12
62 59 18
62 60 36
62 61 34
63 0 34
63 1 12
63 2 4
63 3 6
63 4 10
63 5 10
63 6 5
63 7 13
63 8 11
63 9 30
63 10 11
63 11 3
63 12 39
63 13 1
63 14 35
63 15 40
63 16 15
63 17 16
63 18 40
63 19 3
63 20 38
63 21 15
63 22 2
63 23 17
63 24 16
63 25 1
63 26 1
63 27 27
63 28 26
63 29 30
63 30 20
63 31 27
63 32 34
63 33 2
63 34 30
63 35 33
63 36 15
63 37 23
63 38 34
63 39 23
63 40 36
63 41 18
63 42 5
63 43 44
63 44 4
63 45 44
63 46 32
63 47 31
63 48 42
63 49 1
63 50 6
63 51 8
63 52 9
63 53 11
63 54 31
63 55 4
63 56 34
63 57 29
63 58 26
63 59 28
63 60 3
63 61 32
63 62 30
