18
2 0 5
2 1 48
3 1 44
3 2 32
4 0 5
4 2 42
4 3 19
5 0 20
5 2 8
5 3 27
6 0 13
6 1 16
6 3 27
6 4 34
7 0 31
7 3 21
7 5 15
8 1 23
8 3 36
8 7 29
9 4 37
9 5 46
9 6 3
9 8 28
10 2 4
10 7 38
10 9 30
11 0 34
11 1 32
11 2 40
11 4 36
11 5 26
11 6 17
11 7 31
11 8 4
12 2 18
12 3 45
12 4 38
12 5 41
12 6 1
12 11 25
13 0 19
13 1 22
13 2 49
13 5 3
13 9 28
13 10 7
13 11 28
14 1 11
14 3 9
14 4 8
14 5 49
14 8 13
14 9 14
14 10 42
14 12 31
15 0 13
15 1 32
15 2 23
15 3 31
15 8 3
15 12 37
15 13 24
16 0 40
16 2 18
16 3 37
16 4 36
16 9 24
16 10 24
17 0 41
17 1 29
17 2 15
17 5 29
17 6 23
17 7 35
17 8 33
17 9 2
