54
1 0 13
3 2 3
4 2 12
4 3 1
5 2 2
6 1 8
6 2 1
6 3 4
6 4 1
6 5 1
7 1 8
7 2 3
7 4 1
7 6 1
8 0 13
8 1 2
8 4 11
8 5 13
8 6 2
8 7 8
9 2 12
9 5 4
9 8 9
10 0 6
10 1 6
10 4 5
10 6 13
10 7 6
10 8 10
11 0 5
11 3 3
11 4 9
11 5 6
11 7 1
12 0 13
12 3 12
12 4 5
12 6 6
12 8 8
12 10 11
12 11 11
13 1 1
13 2 8
13 5 11
13 6 1
13 7 12
13 8 8
13 9 9
13 10 8
13 11 1
13 12 11
14 0 3
14 1 9
14 2 13
14 4 4
14 6 13
14 9 8
14 11 8
14 12 9
15 1 12
15 2 7
15 3 3
15 4 3
15 5 13
15 9 5
15 13 13
16 1 13
16 7 1
16 8 9
16 10 11
16 12 1
16 14 1
16 15 5
17 1 1
17 2 7
17 5 11
17 6 10
17 7 8
17 9 2
17 12 6
17 13 13
17 14 9
17 15 13
18 0 8
18 1 3
18 3 10
18 4 10
18 5 12
18 6 2
18 7 4
18 8 10
18 9 13
18 10 9
18 11 8
18 12 2
19 0 13
19 1 12
19 2 7
19 3 6
19 4 11
19 5 11
19 6 8
19 7 9
19 8 7
19 10 3
19 12 11
19 18 9
20 4 8
20 5 7
20 6 1
20 7 12
20 8 6
20 11 1
20 13 12
20 15 11
20 16 5
20 18 11
20 19 2
21 2 2
21 4 10
21 5 13
21 6 12
21 9 2
21 10 9
21 12 12
21 14 7
21 16 13
21 20 5
22 1 10
22 2 10
22 4 4
22 8 13
22 9 2
22 10 11
22 14 4
22 15 12
22 16 5
22 17 9
22 20 6
22 21 10
23 0 6
23 1 6
23 3 9
23 4 1
23 7 5
23 8 5
23 9 6
23 15 3
23 18 11
24 0 2
24 2 1
24 3 6
24 4 6
24 5 3
24 6 6
24 7 11
24 8 12
24 10 12
24 11 6
24 14 5
24 16 12
24 18 2
24 19 12
24 20 11
24 23 2
25 0 5
25 2 7
25 3 4
25 5 6
25 7 2
25 10 2
25 16 4
25 17 7
25 19 9
25 21 7
25 24 13
26 0 2
26 1 5
26 2 7
26 5 7
26 8 1
26 9 10
26 10 5
26 11 11
26 14 10
26 17 3
26 18 6
26 21 10
26 23 4
26 24 10
26 25 8
27 3 7
27 4 4
27 8 9
27 9 9
27 11 12
27 12 13
27 13 2
27 14 7
27 16 6
27 18 13
27 19 6
27 20 1
27 22 3
27 23 7
27 24 5
28 2 7
28 3 2
28 5 2
28 7 1
28 10 1
28 12 7
28 15 6
28 16 4
28 17 7
28 20 2
28 22 12
28 26 7
29 2 5
29 4 6
29 7 2
29 9 12
29 10 7
29 17 6
29 20 10
29 24 7
29 27 11
29 28 2
30 0 13
30 3 8
30 4 10
30 7 3
30 9 10
30 10 4
30 11 13
30 14 12
30 18 2
30 19 6
30 20 10
30 22 9
30 24 6
30 26 7
30 27 6
31 0 4
31 4 8
31 6 6
31 7 11
31 12 6
31 14 13
31 15 13
31 17 13
31 18 7
31 20 4
31 21 10
31 22 7
31 23 9
31 25 8
31 26 8
31 29 7
32 3 1
32 11 10
32 12 1
32 13 3
32 14 9
32 16 10
32 18 13
32 19 13
32 21 2
32 24 2
32 26 6
32 29 6
32 31 3
33 2 6
33 4 12
33 5 9
33 6 11
33 8 4
33 9 2
33 11 7
33 16 3
33 17 8
33 18 9
33 19 9
33 20 1
33 21 6
33 22 7
33 24 12
33 27 11
33 28 11
33 29 11
34 1 2
34 3 12
34 6 1
34 7 10
34 9 9
34 10 8
34 14 13
34 19 6
34 20 8
34 21 4
34 23 12
34 27 6
34 28 13
34 29 3
34 30 3
34 31 2
34 32 9
35 1 12
35 3 10
35 4 4
35 5 9
35 7 4
35 8 9
35 9 11
35 12 13
35 13 6
35 14 4
35 15 1
35 19 12
35 20 4
35 25 10
35 27 10
35 28 1
35 29 7
35 30 5
35 31 2
35 32 7
36 0 12
36 4 2
36 6 10
36 10 9
36 13 2
36 15 6
36 16 2
36 17 12
36 20 6
36 22 5
36 23 8
36 27 6
36 29 13
36 35 8
37 1 4
37 4 9
37 5 10
37 6 6
37 8 1
37 10 3
37 11 6
37 12 11
37 13 4
37 14 7
37 16 3
37 17 1
37 20 4
37 23 8
37 24 2
37 25 9
37 26 5
37 27 1
37 30 6
37 32 10
37 33 10
37 34 4
37 36 9
38 1 11
38 3 6
38 4 1
38 9 12
38 10 7
38 17 7
38 18 10
38 20 6
38 24 7
38 25 10
38 26 1
38 29 11
38 30 11
38 31 11
38 32 4
38 33 7
38 37 3
39 1 8
39 6 9
39 8 5
39 11 13
39 13 11
39 14 9
39 15 4
39 16 12
39 19 3
39 20 10
39 22 7
39 23 9
39 25 1
39 27 4
39 28 13
39 29 11
39 30 6
39 31 2
39 32 6
39 33 10
39 34 6
39 38 12
40 0 8
40 6 1
40 7 9
40 10 2
40 12 8
40 14 8
40 17 4
40 18 4
40 20 1
40 21 1
40 22 4
40 24 12
40 26 11
40 30 6
40 31 12
40 33 2
40 34 10
40 35 6
40 37 13
40 39 6
41 7 11
41 10 1
41 12 7
41 14 12
41 16 5
41 17 13
41 21 10
41 22 10
41 24 6
41 25 11
41 26 11
41 27 5
41 28 12
41 31 1
41 32 4
41 35 9
41 37 8
41 38 7
41 39 7
41 40 4
42 0 7
42 2 3
42 5 2
42 6 8
42 7 12
42 10 8
42 16 2
42 18 6
42 19 12
42 21 11
42 23 6
42 24 4
42 26 10
42 27 5
42 28 7
42 29 2
42 32 4
42 33 6
42 34 11
42 37 3
42 38 12
42 39 11
42 41 7
43 0 1
43 1 5
43 2 4
43 4 3
43 5 7
43 8 11
43 11 7
43 12 1
43 13 9
43 16 5
43 17 10
43 20 8
43 23 10
43 24 13
43 25 11
43 28 6
43 29 10
43 34 6
43 36 8
43 39 11
43 41 6
43 42 1
44 0 8
44 2 9
44 3 13
44 4 5
44 5 5
44 7 11
44 11 12
44 13 4
44 14 2
44 15 9
44 18 3
44 19 7
44 22 1
44 24 7
44 25 5
44 26 7
44 28 12
44 32 6
44 34 13
44 35 3
44 36 9
44 39 3
44 43 4
45 0 13
45 1 6
45 2 5
45 3 8
45 7 2
45 8 9
45 12 1
45 14 5
45 15 4
45 17 8
45 20 1
45 23 11
45 25 9
45 26 1
45 28 12
45 29 11
45 30 9
45 31 5
45 32 5
45 34 13
45 40 6
45 42 11
45 43 5
45 44 1
46 0 3
46 1 1
46 2 7
46 4 3
46 6 9
46 10 6
46 11 12
46 13 2
46 19 7
46 20 12
46 23 13
46 24 12
46 25 11
46 26 9
46 29 1
46 31 8
46 32 13
46 33 12
46 38 13
46 39 9
46 40 12
46 44 13
47 1 13
47 2 1
47 4 2
47 6 3
47 7 3
47 8 11
47 9 13
47 11 7
47 14 11
47 16 1
47 17 11
47 19 9
47 22 2
47 23 12
47 26 10
47 27 11
47 28 12
47 29 5
47 33 8
47 37 3
47 38 7
47 39 12
47 42 5
47 45 6
48 3 6
48 6 4
48 8 13
48 10 1
48 16 6
48 17 3
48 24 3
48 25 7
48 26 7
48 32 1
48 35 13
48 36 10
48 41 2
48 43 12
48 45 2
48 47 7
49 1 6
49 3 5
49 5 7
49 7 13
49 9 13
49 12 12
49 15 6
49 16 5
49 19 9
49 20 5
49 26 11
49 29 10
49 32 11
49 34 9
49 36 6
49 37 9
49 38 7
49 39 4
49 40 7
49 44 3
49 46 3
50 1 4
50 2 7
50 5 11
50 7 10
50 8 1
50 10 9
50 14 3
50 15 2
50 17 7
50 18 11
50 19 13
50 20 9
50 22 7
50 23 4
50 27 2
50 28 3
50 29 12
50 30 1
50 31 9
50 34 6
50 36 3
50 38 11
50 39 1
50 42 1
50 44 8
50 46 4
50 48 11
50 49 12
51 1 1
51 3 13
51 4 3
51 8 4
51 11 3
51 14 11
51 20 12
51 24 8
51 26 5
51 30 8
51 31 4
51 33 12
51 35 9
51 42 6
51 45 8
51 47 9
52 1 3
52 4 4
52 5 9
52 7 6
52 8 7
52 10 13
52 12 9
52 15 3
52 16 12
52 18 8
52 19 4
52 28 9
52 29 1
52 30 7
52 31 2
52 36 12
52 37 13
52 39 2
52 42 13
52 43 7
52 45 4
52 50 6
52 51 10
53 1 1
53 5 9
53 6 5
53 7 10
53 8 6
53 9 9
53 11 12
53 12 12
53 14 12
53 15 12
53 22 11
53 23 8
53 26 1
53 29 2
53 30 5
53 32 3
53 36 10
53 37 10
53 38 7
53 40 2
53 42 5
53 43 9
53 44 8
53 45 8
53 46 10
53 47 13
53 48 2
53 49 6
53 50 3
53 51 11
53 52 13
