50
1 0 40
2 0 37
2 1 38
3 1 21
4 1 1
4 3 16
5 2 31
5 3 42
5 4 33
6 1 27
6 2 20
6 3 20
7 0 35
7 2 30
7 3 27
8 2 3
9 1 6
9 2 38
9 3 18
9 4 32
9 5 11
10 0 38
10 3 36
10 4 5
10 6 19
10 8 27
10 9 23
11 1 37
11 2 32
11 8 35
12 9 22
12 10 13
13 3 1
13 6 10
13 10 25
13 11 21
14 1 32
14 2 16
14 3 10
14 4 24
14 6 23
14 7 42
14 8 28
14 9 40
14 10 11
14 12 15
14 13 43
15 0 20
15 8 30
15 9 38
15 14 14
16 4 40
16 5 13
16 6 11
16 9 4
16 10 30
16 11 34
16 14 12
17 2 5
17 3 15
17 10 7
17 11 43
17 12 2
17 14 6
17 15 35
18 0 3
18 3 5
18 5 10
18 6 34
18 7 6
18 8 19
18 9 36
18 13 1
18 15 36
19 0 39
19 2 34
19 8 25
19 12 31
19 13 43
19 15 38
20 0 27
20 3 24
20 4 10
20 6 15
20 7 35
20 9 16
20 12 12
20 13 22
20 17 20
20 18 41
21 2 34
21 7 22
21 9 1
21 11 5
21 12 24
21 19 13
21 20 8
22 0 20
22 4 2
22 5 18
22 6 32
22 7 30
22 13 12
22 15 28
22 17 8
22 21 12
23 4 36
23 5 40
23 7 5
23 9 6
23 11 28
23 12 3
23 13 30
23 14 39
23 16 28
23 18 14
23 19 24
23 20 18
24 1 27
24 2 34
24 7 2
24 8 12
24 9 17
24 12 23
24 13 35
24 15 2
24 17 32
24 19 25
24 20 40
24 22 12
24 23 25
25 0 38
25 1 32
25 6 40
25 7 35
25 8 34
25 9 1
25 11 16
25 12 14
25 13 9
25 14 4
25 15 17
25 16 23
25 18 33
25 20 38
25 21 28
25 22 8
25 23 8
26 1 13
26 2 19
26 3 10
26 4 23
26 6 3
26 8 30
26 9 39
26 10 37
26 11 29
26 12 8
26 14 10
26 15 12
26 17 42
26 18 32
26 19 41
26 22 42
26 23 11
26 24 15
27 0 26
27 2 24
27 3 6
27 5 11
27 8 19
27 9 30
27 11 13
27 12 29
27 14 28
27 17 22
27 18 33
27 20 10
27 22 24
27 25 16
27 26 19
28 0 4
28 1 15
28 4 19
28 8 10
28 10 9
28 11 2
28 18 34
28 20 13
28 22 4
28 25 24
29 0 28
29 1 15
29 2 4
29 3 10
29 5 41
29 6 3
29 7 3
29 8 38
29 11 10
29 13 9
29 15 12
29 18 8
29 21 19
29 22 19
29 25 5
29 26 43
29 27 35
29 28 20
30 3 14
30 4 36
30 6 13
30 7 25
30 10 38
30 11 11
30 14 12
30 16 20
30 17 15
30 18 19
30 19 32
30 20 35
30 24 9
30 25 24
30 26 36
30 28 24
31 1 2
31 2 12
31 3 26
31 11 38
31 17 17
31 18 4
31 19 37
31 20 37
31 22 18
31 23 9
31 25 27
31 26 6
31 28 25
31 29 34
32 0 17
32 3 31
32 4 21
32 5 5
32 9 43
32 11 43
32 13 37
32 17 9
32 18 7
32 20 23
32 26 12
32 27 7
32 28 21
33 2 32
33 3 28
33 5 7
33 7 23
33 8 28
33 12 16
33 13 1
33 15 12
33 18 43
33 20 5
33 25 27
33 26 34
33 29 4
33 30 36
33 31 27
33 32 31
34 1 25
34 2 17
34 5 8
34 6 36
34 7 35
34 9 24
34 11 13
34 17 25
34 18 7
34 20 38
34 25 19
34 26 15
34 28 6
34 32 7
35 1 12
35 2 8
35 4 4
35 6 2
35 9 17
35 12 22
35 16 15
35 17 42
35 19 40
35 20 23
35 22 30
35 29 24
35 31 37
35 32 27
35 33 31
36 0 2
36 3 40
36 5 41
36 6 5
36 14 5
36 18 11
36 20 3
36 21 39
36 22 41
36 24 4
36 25 14
36 27 3
36 31 8
36 32 11
36 35 27
37 2 34
37 4 16
37 6 6
37 10 30
37 11 2
37 12 15
37 14 16
37 15 2
37 18 5
37 19 33
37 20 39
37 21 20
37 22 8
37 23 16
37 28 33
37 29 23
37 31 4
37 32 7
37 36 35
38 1 5
38 6 35
38 7 3
38 8 26
38 9 27
38 13 4
38 15 5
38 17 28
38 20 32
38 21 16
38 23 30
38 24 10
38 25 5
38 26 43
38 27 10
38 28 43
38 29 8
38 30 23
38 31 4
38 35 31
38 36 24
39 4 15
39 5 36
39 8 34
39 9 38
39 12 12
39 14 27
39 15 27
39 18 19
39 19 29
39 20 8
39 21 5
39 23 10
39 24 38
39 27 6
39 28 41
39 29 13
39 31 41
39 32 7
39 34 21
39 35 6
40 0 31
40 2 3
40 4 21
40 7 36
40 8 19
40 10 34
40 11 28
40 15 5
40 16 21
40 17 28
40 19 39
40 23 40
40 28 29
40 30 16
40 31 43
40 33 36
40 35 22
40 36 31
40 37 15
40 39 36
41 0 22
41 3 4
41 4 37
41 7 15
41 8 21
41 9 8
41 11 7
41 12 18
41 14 16
41 15 16
41 16 12
41 17 25
41 18 28
41 19 15
41 20 29
41 22 2
41 25 13
41 27 32
41 28 21
41 29 39
41 30 32
41 31 36
41 32 34
41 37 19
41 38 32
41 39 35
42 0 43
42 1 29
42 2 39
42 3 7
42 4 33
42 5 24
42 6 9
42 7 11
42 8 32
42 11 29
42 12 11
42 13 41
42 15 36
42 16 36
42 18 33
42 19 5
42 20 20
42 21 18
42 23 21
42 24 14
42 25 27
42 28 11
42 30 32
42 33 36
42 36 6
42 37 9
42 38 16
43 2 43
43 8 23
43 10 9
43 12 27
43 13 28
43 19 1
43 22 7
43 23 20
43 26 20
43 27 10
43 31 29
43 32 8
43 34 28
43 35 40
43 37 36
43 40 23
43 41 3
44 3 39
44 8 38
44 10 19
44 11 8
44 13 36
44 14 13
44 15 4
44 17 24
44 19 28
44 20 9
44 22 24
44 24 33
44 29 40
44 33 8
44 34 16
44 35 4
44 36 29
44 42 12
44 43 20
45 1 6
45 2 14
45 4 12
45 6 2
45 7 7
45 8 25
45 9 9
45 10 2
45 11 27
45 14 31
45 18 18
45 19 18
45 20 9
45 26 42
45 28 14
45 29 34
45 31 16
45 33 20
45 34 35
45 35 42
45 36 1
45 38 23
45 41 12
45 42 5
45 43 15
46 1 42
46 2 18
46 5 16
46 7 27
46 9 24
46 10 37
46 13 8
46 18 13
46 19 30
46 24 17
46 26 39
46 29 9
46 30 15
46 31 13
46 36 16
46 37 18
46 40 20
46 43 41
46 44 7
46 45 42
47 2 8
47 8 34
47 11 24
47 14 17
47 15 31
47 17 34
47 19 24
47 20 21
47 21 31
47 23 9
47 24 25
47 25 42
47 27 19
47 28 13
47 30 26
47 31 24
47 34 28
47 35 31
47 37 35
47 45 22
47 46 11
48 3 6
48 6 41
48 8 13
48 10 25
48 13 32
48 14 40
48 16 39
48 17 11
48 18 32
48 19 6
48 20 30
48 21 33
48 25 3
48 26 37
48 29 36
48 30 35
48 31 16
48 33 21
48 34 23
48 36 7
48 38 41
48 40 32
48 43 41
48 44 19
48 45 2
48 47 28
49 1 7
49 2 36
49 4 37
49 5 21
49 8 31
49 10 5
49 15 33
49 17 20
49 20 7
49 21 29
49 22 38
49 23 1
49 24 33
49 28 41
49 31 31
49 34 9
49 41 30
49 44 14
49 45 40
49 47 15
