19
1 0 4
2 0 17
2 1 15
3 0 48
3 1 23
3 2 17
4 0 47
4 1 16
4 2 42
4 3 33
5 0 13
5 1 18
5 2 13
5 3 36
5 4 57
6 0 3
6 1 24
6 2 36
6 3 34
6 4 13
6 5 12
7 0 58
7 1 5
7 2 8
7 3 7
7 4 20
7 5 47
7 6 26
8 0 32
8 1 19
8 2 35
8 3 22
8 4 7
8 5 57
8 6 11
8 7 2
9 0 19
9 1 28
9 2 37
9 3 50
9 4 6
9 5 9
9 6 3
9 7 19
9 8 1
10 0 24
10 1 54
10 2 34
10 3 9
10 4 1
10 5 52
10 6 22
10 7 7
10 8 31
10 9 26
11 0 42
11 1 18
11 2 5
11 3 21
11 4 3
11 5 45
11 6 53
11 7 39
11 8 41
11 9 7
11 10 55
12 0 11
12 1 14
12 2 21
12 3 46
12 4 23
12 5 40
12 6 37
12 7 36
12 8 47
12 9 49
12 10 6
12 11 54
13 0 20
13 1 10
13 2 33
13 3 4
13 4 9
13 5 56
13 6 40
13 7 14
13 8 10
13 9 49
13 10 40
13 11 7
13 12 2
14 0 39
14 1 50
14 2 18
14 3 21
14 4 29
14 5 32
14 6 33
14 7 35
14 8 5
14 9 9
14 10 6
14 11 29
14 12 18
14 13 26
15 0 44
15 1 31
15 2 6
15 3 19
15 4 35
15 5 21
15 6 9
15 7 31
15 8 21
15 9 18
15 10 17
15 11 13
15 12 43
15 13 30
15 14 15
16 0 20
16 1 32
16 2 7
16 3 28
16 4 10
16 5 8
16 6 40
16 7 50
16 8 24
16 9 25
16 10 47
16 11 38
16 12 49
16 13 4
16 14 29
16 15 16
17 0 21
17 1 47
17 2 40
17 3 17
17 4 43
17 5 27
17 6 14
17 7 54
17 8 52
17 9 14
17 10 9
17 11 11
17 12 54
17 13 57
17 14 44
17 15 51
17 16 31
18 0 35
18 1 13
18 2 44
18 3 37
18 4 4
18 5 31
18 6 6
18 7 4
18 8 31
18 9 1
18 10 35
18 11 54
18 12 14
18 13 49
18 14 25
18 15 41
18 16 43
18 17 57
