55
2 1 8
3 1 5
3 2 11
4 0 10
4 2 5
4 3 7
5 0 1
5 4 5
6 0 5
6 2 10
6 3 9
7 0 4
7 3 4
7 6 9
8 5 4
8 6 10
8 7 5
9 0 6
9 1 4
9 2 11
9 3 8
9 5 2
9 6 7
9 7 9
10 1 3
10 5 3
10 7 4
11 1 12
11 2 1
11 4 2
11 9 8
11 10 2
12 0 6
12 6 3
12 10 1
12 11 11
13 0 12
13 2 6
13 3 1
13 5 1
13 6 8
13 8 5
13 10 4
13 11 10
13 12 12
14 0 1
14 1 8
14 4 8
14 7 5
14 8 1
14 10 9
15 0 6
15 3 10
15 4 10
15 5 2
15 8 2
15 10 5
15 12 2
15 13 9
16 2 6
16 3 4
16 6 10
16 7 4
16 10 12
16 14 8
17 0 3
17 2 9
17 6 7
17 8 3
17 11 12
17 12 10
17 15 12
17 16 4
18 0 5
18 1 8
18 2 4
18 3 10
18 4 9
18 6 1
18 8 3
18 9 7
18 11 10
18 12 2
18 13 7
18 15 9
18 16 2
18 17 11
19 0 11
19 2 3
19 3 10
19 8 5
19 10 12
19 12 9
19 13 4
20 3 1
20 4 1
20 7 12
20 8 5
20 10 12
20 11 10
20 12 4
20 13 4
20 14 5
20 16 10
20 17 9
20 18 4
21 0 2
21 5 1
21 8 9
21 10 6
21 12 7
21 13 9
21 14 3
21 15 11
21 16 1
21 17 3
21 18 8
21 19 2
22 0 5
22 1 2
22 2 5
22 3 1
22 4 2
22 7 7
22 10 2
22 11 1
22 12 9
22 13 9
22 16 11
22 17 2
22 19 9
22 21 3
23 0 11
23 8 12
23 10 11
23 11 2
23 13 7
23 15 9
23 17 10
23 20 4
23 21 4
24 0 4
24 1 12
24 2 1
24 5 3
24 6 3
24 7 12
24 8 12
24 11 12
24 15 4
24 17 5
24 18 5
24 22 10
24 23 4
25 0 2
25 1 9
25 4 10
25 5 8
25 6 3
25 8 2
25 10 10
25 11 6
25 12 5
25 13 10
25 15 2
25 18 11
25 19 2
25 21 5
25 24 9
26 1 9
26 2 1
26 6 11
26 8 8
26 9 7
26 10 7
26 11 1
26 13 5
26 15 6
26 18 12
26 21 3
26 22 1
26 23 5
26 24 3
27 0 6
27 3 12
27 5 6
27 7 1
27 10 10
27 12 4
27 15 8
27 16 5
27 19 1
27 20 1
27 21 3
27 23 12
27 24 3
27 25 11
28 0 11
28 1 2
28 5 12
28 6 12
28 8 1
28 9 11
28 11 5
28 12 7
28 13 10
28 14 9
28 15 8
28 16 1
28 19 11
28 21 11
28 23 6
28 26 5
28 27 1
29 1 6
29 3 10
29 5 11
29 7 1
29 10 9
29 17 12
29 18 3
29 20 9
29 21 6
29 22 5
29 23 3
29 25 12
29 26 12
29 27 4
30 0 5
30 1 12
30 3 4
30 5 12
30 10 5
30 11 7
30 12 3
30 14 5
30 17 3
30 18 3
30 21 9
30 22 3
30 23 8
30 27 12
31 0 12
31 1 7
31 3 3
31 6 10
31 7 4
31 12 9
31 13 5
31 14 8
31 17 9
31 20 5
31 21 7
31 23 12
31 24 4
31 25 10
31 27 10
31 28 4
31 30 12
32 2 2
32 4 4
32 6 12
32 10 12
32 15 12
32 17 2
32 18 2
32 20 3
32 21 6
32 22 9
32 24 9
32 25 7
32 29 7
33 0 1
33 1 6
33 2 9
33 3 3
33 4 12
33 5 6
33 6 7
33 7 5
33 8 5
33 11 12
33 12 9
33 14 10
33 16 3
33 17 7
33 18 5
33 21 3
33 23 12
33 26 3
33 27 4
33 28 4
33 31 1
33 32 8
34 0 11
34 2 12
34 4 5
34 5 11
34 6 5
34 10 11
34 13 12
34 14 3
34 17 3
34 18 1
34 19 2
34 22 1
34 25 2
34 26 12
34 29 6
34 30 7
34 31 7
35 3 5
35 4 3
35 8 3
35 10 9
35 12 7
35 15 6
35 16 3
35 17 3
35 18 12
35 20 3
35 21 8
35 22 2
35 23 12
35 26 12
35 27 10
35 28 9
35 29 7
35 30 2
35 31 5
35 34 10
36 2 11
36 4 12
36 9 8
36 10 9
36 11 5
36 16 4
36 17 1
36 21 10
36 27 12
36 31 10
36 33 3
36 34 8
36 35 11
37 1 9
37 2 6
37 4 7
37 6 3
37 7 6
37 8 9
37 11 2
37 12 4
37 14 3
37 17 7
37 20 11
37 24 7
37 25 8
37 26 1
37 27 4
37 28 5
37 29 11
37 32 4
37 35 11
37 36 1
38 0 7
38 1 1
38 3 7
38 7 2
38 8 3
38 10 1
38 12 10
38 13 6
38 14 9
38 16 1
38 17 7
38 22 8
38 23 7
38 24 3
38 28 3
38 29 12
38 30 9
38 31 6
38 32 8
38 35 5
38 36 3
38 37 12
39 0 5
39 1 3
39 3 3
39 4 9
39 5 5
39 6 5
39 8 9
39 9 5
39 10 9
39 11 11
39 13 4
39 15 4
39 17 8
39 26 7
39 27 4
39 28 8
39 30 6
39 31 6
39 36 9
39 37 3
39 38 9
40 0 10
40 2 3
40 3 11
40 4 4
40 7 2
40 8 6
40 9 12
40 11 5
40 14 10
40 15 7
40 17 10
40 19 11
40 20 3
40 23 7
40 25 5
40 26 6
40 30 9
40 34 7
40 35 6
40 36 7
40 38 9
41 0 6
41 1 1
41 2 7
41 3 1
41 4 11
41 6 2
41 7 9
41 8 6
41 10 10
41 11 8
41 14 11
41 15 2
41 16 9
41 17 9
41 21 9
41 22 4
41 25 10
41 26 9
41 27 9
41 28 11
41 30 4
41 31 11
41 32 2
41 36 7
41 37 6
41 38 6
41 39 6
41 40 7
42 2 11
42 3 2
42 7 8
42 9 11
42 10 8
42 17 10
42 18 3
42 19 5
42 20 2
42 21 3
42 22 12
42 23 3
42 24 10
42 25 12
42 27 10
42 28 3
42 31 2
42 34 5
42 35 9
42 37 2
42 39 4
43 0 12
43 3 12
43 5 6
43 7 10
43 9 8
43 10 2
43 11 1
43 13 12
43 14 12
43 15 6
43 16 4
43 17 11
43 18 6
43 19 9
43 20 11
43 21 3
43 22 9
43 23 3
43 24 2
43 33 6
43 36 12
43 37 11
43 38 3
43 41 7
44 0 3
44 1 7
44 3 11
44 5 5
44 6 5
44 7 9
44 8 8
44 9 4
44 10 10
44 12 7
44 13 5
44 15 12
44 16 4
44 17 11
44 19 1
44 21 3
44 23 7
44 25 4
44 26 7
44 30 1
44 31 3
44 32 12
44 34 11
44 35 11
44 40 11
44 41 11
44 42 3
45 0 3
45 2 8
45 3 8
45 6 6
45 7 2
45 8 2
45 9 10
45 10 2
45 11 3
45 15 8
45 16 5
45 18 7
45 19 11
45 21 12
45 22 3
45 23 6
45 24 11
45 25 7
45 27 4
45 28 5
45 29 6
45 30 4
45 34 7
45 38 8
45 40 10
45 44 8
46 0 12
46 2 12
46 4 5
46 6 4
46 8 4
46 9 9
46 10 10
46 15 3
46 17 6
46 18 12
46 19 1
46 20 1
46 23 1
46 24 8
46 25 3
46 26 9
46 27 11
46 28 2
46 30 10
46 32 12
46 34 3
46 36 7
46 38 5
46 39 4
46 40 7
47 1 12
47 2 10
47 7 4
47 8 12
47 9 3
47 10 1
47 12 5
47 13 4
47 14 6
47 15 11
47 16 7
47 21 8
47 22 2
47 23 10
47 25 5
47 27 11
47 28 4
47 29 7
47 30 1
47 31 2
47 32 10
47 34 9
47 35 5
47 38 10
47 40 4
47 42 10
47 44 12
48 0 3
48 2 11
48 4 4
48 5 2
48 6 10
48 7 7
48 10 7
48 11 3
48 14 3
48 16 7
48 17 5
48 18 9
48 21 3
48 22 10
48 24 3
48 27 6
48 29 6
48 30 8
48 31 3
48 32 7
48 33 7
48 34 2
48 35 5
48 38 4
48 39 12
48 41 1
48 42 2
48 44 7
48 45 8
48 46 11
49 0 10
49 1 10
49 2 4
49 3 2
49 4 6
49 5 9
49 6 6
49 8 11
49 11 2
49 12 12
49 18 10
49 22 5
49 23 1
49 24 3
49 26 9
49 27 6
49 30 3
49 31 1
49 32 3
49 34 9
49 36 9
49 40 9
49 41 10
49 43 4
49 45 5
49 48 2
50 0 4
50 6 1
50 8 9
50 9 1
50 11 4
50 13 2
50 17 4
50 19 1
50 20 6
50 21 8
50 23 12
50 26 2
50 28 4
50 29 6
50 30 3
50 32 1
50 33 4
50 37 7
50 39 3
50 40 5
50 41 6
50 42 8
50 45 12
50 47 6
50 48 9
51 0 10
51 1 11
51 3 10
51 4 2
51 5 8
51 9 10
51 10 4
51 15 6
51 16 11
51 17 2
51 18 6
51 19 5
51 20 4
51 22 6
51 24 1
51 25 7
51 27 4
51 28 1
51 31 11
51 32 5
51 33 3
51 34 12
51 36 9
51 37 9
51 39 1
51 41 3
51 42 4
51 43 9
51 44 11
51 45 5
51 46 7
51 49 2
52 1 1
52 2 4
52 4 6
52 8 6
52 11 10
52 12 8
52 13 11
52 14 5
52 15 7
52 16 8
52 17 2
52 18 10
52 19 6
52 22 7
52 24 3
52 25 5
52 26 12
52 32 3
52 34 2
52 38 3
52 39 9
52 41 12
52 43 1
52 44 9
52 45 7
52 47 1
52 48 12
52 51 12
53 2 12
53 5 10
53 6 6
53 10 12
53 12 10
53 13 6
53 14 9
53 16 4
53 19 2
53 20 12
53 21 2
53 25 4
53 29 9
53 30 11
53 31 9
53 32 10
53 34 4
53 36 3
53 37 7
53 38 10
53 40 6
53 42 11
53 43 6
53 45 9
53 47 1
53 48 3
53 49 11
53 50 5
53 52 11
54 0 4
54 1 5
54 4 2
54 9 4
54 12 1
54 17 12
54 18 7
54 19 5
54 22 8
54 23 2
54 24 10
54 25 5
54 26 9
54 27 10
54 29 1
54 30 1
54 31 8
54 35 2
54 39 9
54 40 1
54 41 3
54 42 10
54 43 11
54 45 2
54 47 4
54 49 6
54 51 2
54 52 12
