69
1 0 19
2 1 18
3 2 7
4 1 13
5 0 7
5 1 1
5 3 6
5 4 11
6 0 19
7 1 1
7 5 13
7 6 6
8 3 18
8 4 14
8 5 9
8 6 3
8 7 17
9 8 15
10 1 1
10 3 16
10 4 12
10 9 13
11 0 6
11 1 9
11 2 12
11 3 18
11 4 14
11 5 21
11 6 10
11 7 10
11 8 7
12 1 8
12 2 14
12 6 8
12 7 16
12 8 12
12 9 14
12 10 15
13 0 13
13 2 2
13 3 4
13 5 2
13 7 5
13 9 9
13 11 3
14 1 9
14 2 12
14 3 21
14 4 16
14 9 1
14 11 11
14 12 13
15 4 14
15 5 9
15 7 15
15 10 19
15 12 4
15 13 9
16 0 14
16 1 2
16 2 10
16 5 20
16 12 17
16 13 16
16 14 3
16 15 15
17 0 6
17 3 11
17 4 19
17 5 1
17 6 1
17 10 7
17 13 17
17 14 5
18 1 11
18 3 21
18 4 17
18 5 20
18 6 17
18 12 18
18 14 10
18 15 18
18 17 3
19 0 5
19 7 8
19 8 20
19 9 4
19 10 21
19 12 13
19 14 13
20 0 5
20 1 2
20 3 20
20 4 8
20 5 4
20 6 21
20 7 17
20 9 11
20 10 2
20 12 14
20 13 6
20 14 6
20 15 12
20 16 20
20 17 13
21 3 5
21 5 2
21 6 8
21 7 20
21 11 21
21 12 4
21 13 2
21 14 4
21 15 19
21 16 10
21 17 19
21 19 13
22 6 4
22 9 5
22 12 13
22 15 13
22 17 8
22 18 3
22 21 7
23 1 14
23 2 6
23 4 16
23 8 16
23 9 10
23 14 10
23 15 10
23 16 8
23 17 11
23 18 14
23 22 8
24 0 19
24 1 15
24 3 16
24 4 1
24 5 5
24 6 5
24 9 14
24 12 14
24 14 16
24 16 17
24 19 17
24 20 2
24 22 8
24 23 11
25 1 15
25 2 13
25 5 1
25 6 18
25 7 21
25 10 2
25 12 5
25 17 11
25 20 21
25 23 20
25 24 2
26 2 2
26 3 21
26 4 12
26 8 11
26 10 18
26 14 14
26 16 13
26 17 18
26 18 10
26 19 5
26 21 18
26 22 12
27 0 11
27 1 1
27 2 17
27 6 19
27 8 7
27 10 9
27 11 12
27 12 9
27 13 8
27 14 18
27 16 16
27 18 3
27 19 21
27 21 7
27 23 20
27 24 8
27 26 11
28 0 21
28 1 15
28 3 15
28 8 12
28 11 12
28 12 20
28 13 2
28 14 8
28 15 21
28 17 3
28 19 19
28 20 5
28 23 19
28 25 4
29 5 8
29 9 7
29 12 15
29 13 12
29 14 8
29 15 19
29 16 17
29 19 2
29 20 6
29 23 2
29 24 21
29 25 10
29 26 8
29 27 14
29 28 20
30 0 8
30 1 16
30 2 14
30 3 15
30 5 1
30 6 17
30 7 9
30 9 17
30 10 5
30 11 11
30 12 13
30 15 9
30 16 3
30 17 19
30 18 6
30 21 2
30 23 8
30 25 20
30 26 5
30 28 19
30 29 18
31 0 17
31 3 3
31 5 17
31 7 15
31 8 9
31 11 6
31 16 18
31 17 14
31 18 8
31 19 20
31 20 21
31 22 9
31 23 14
31 26 21
31 28 19
31 29 10
31 30 17
32 0 14
32 2 13
32 4 2
32 5 16
32 6 13
32 7 19
32 8 14
32 9 21
32 10 14
32 13 4
32 14 7
32 21 4
32 22 12
32 23 19
32 26 11
32 27 2
32 28 19
32 30 21
32 31 20
33 0 7
33 1 21
33 3 21
33 4 11
33 6 18
33 7 12
33 11 2
33 13 19
33 14 10
33 15 11
33 16 19
33 17 12
33 20 17
33 21 5
33 22 21
33 26 2
33 27 12
33 28 11
33 29 13
33 31 17
33 32 20
34 1 14
34 3 13
34 5 3
34 9 9
34 10 15
34 11 13
34 12 13
34 14 11
34 17 8
34 18 16
34 19 17
34 20 18
34 23 6
34 25 4
34 27 7
34 28 16
34 29 20
34 30 7
34 32 19
35 2 15
35 4 21
35 6 11
35 9 15
35 10 7
35 14 21
35 17 19
35 18 9
35 21 1
35 26 1
35 28 13
35 29 8
35 30 13
35 31 20
35 33 2
36 2 4
36 5 1
36 6 7
36 8 17
36 10 19
36 12 13
36 13 4
36 17 7
36 19 8
36 21 16
36 25 3
36 26 10
36 27 6
36 28 6
36 30 12
36 32 2
36 34 6
37 4 15
37 5 14
37 6 3
37 7 8
37 11 20
37 12 7
37 13 1
37 15 12
37 17 2
37 20 12
37 21 21
37 22 19
37 24 11
37 26 3
37 29 16
37 30 5
37 35 6
37 36 10
38 0 20
38 5 9
38 8 15
38 14 7
38 16 19
38 17 1
38 19 7
38 20 10
38 21 1
38 26 17
38 27 7
38 33 17
38 34 19
38 35 19
39 1 21
39 2 13
39 4 15
39 5 15
39 8 3
39 9 7
39 12 11
39 13 12
39 15 20
39 17 4
39 20 7
39 21 8
39 22 21
39 23 8
39 25 18
39 27 10
39 31 16
39 33 4
39 34 20
39 36 2
39 37 4
40 0 5
40 3 16
40 4 19
40 5 11
40 6 19
40 8 17
40 12 19
40 13 13
40 14 9
40 15 19
40 16 4
40 17 5
40 20 18
40 22 19
40 23 17
40 24 10
40 26 8
40 28 3
40 30 1
40 33 12
40 35 7
40 37 15
41 1 20
41 4 11
41 6 6
41 8 2
41 9 20
41 10 12
41 11 19
41 12 15
41 15 6
41 16 15
41 17 1
41 19 11
41 21 15
41 22 2
41 23 7
41 24 9
41 27 15
41 31 15
41 35 20
41 36 12
41 37 20
42 0 8
42 1 17
42 4 1
42 8 1
42 10 2
42 12 14
42 15 2
42 16 5
42 17 20
42 18 7
42 19 6
42 20 11
42 22 20
42 23 15
42 25 10
42 27 15
42 28 9
42 32 16
42 39 3
42 41 7
43 0 8
43 3 9
43 4 6
43 5 3
43 7 21
43 8 6
43 10 2
43 11 12
43 12 14
43 14 18
43 15 13
43 17 16
43 19 19
43 20 4
43 21 5
43 24 12
43 25 11
43 26 5
43 27 9
43 29 20
43 30 16
43 31 7
43 32 8
43 33 14
43 34 8
43 36 16
43 40 3
43 42 21
44 0 21
44 1 12
44 2 19
44 6 17
44 7 9
44 10 12
44 14 14
44 16 1
44 17 1
44 18 11
44 19 12
44 20 18
44 21 18
44 22 19
44 23 12
44 24 14
44 25 18
44 28 2
44 30 8
44 31 6
44 32 21
44 33 13
44 34 9
44 36 12
44 38 10
44 39 17
44 40 10
44 43 20
45 0 10
45 1 7
45 2 18
45 4 20
45 5 15
45 8 6
45 9 21
45 10 6
45 14 6
45 19 3
45 28 15
45 29 1
45 39 2
45 40 4
45 41 13
45 42 7
45 43 1
46 0 9
46 1 14
46 6 1
46 8 2
46 12 1
46 13 7
46 15 20
46 19 4
46 22 2
46 25 3
46 29 1
46 30 16
46 32 20
46 36 9
46 38 12
46 39 2
46 40 7
46 42 9
46 43 18
46 44 3
47 0 3
47 2 7
47 6 15
47 7 5
47 9 3
47 11 12
47 14 18
47 16 4
47 17 14
47 18 9
47 19 2
47 20 6
47 21 14
47 22 14
47 23 21
47 25 17
47 27 2
47 28 11
47 29 15
47 30 8
47 33 19
47 37 10
47 39 1
47 40 3
47 41 8
47 45 8
48 2 6
48 3 1
48 5 10
48 6 6
48 7 4
48 8 18
48 9 11
48 10 9
48 11 9
48 13 10
48 14 17
48 16 14
48 21 15
48 24 9
48 25 10
48 26 12
48 27 11
48 28 3
48 32 21
48 36 14
48 38 3
48 39 9
48 41 14
48 42 9
48 43 15
48 44 15
48 45 12
49 0 9
49 1 7
49 2 11
49 6 8
49 9 7
49 10 3
49 15 17
49 17 9
49 20 21
49 21 9
49 22 6
49 24 14
49 25 1
49 26 15
49 27 13
49 30 18
49 33 14
49 35 4
49 40 21
49 41 6
49 43 2
49 45 4
49 46 2
49 47 4
50 0 20
50 1 9
50 3 1
50 4 4
50 6 13
50 7 7
50 9 19
50 11 9
50 12 18
50 13 19
50 14 3
50 18 20
50 19 18
50 21 11
50 23 2
50 24 6
50 28 13
50 29 8
50 30 1
50 31 16
50 32 10
50 35 2
50 40 10
50 42 1
50 46 16
51 4 2
51 5 9
51 8 17
51 9 16
51 10 15
51 11 7
51 13 6
51 14 12
51 15 11
51 16 19
51 18 13
51 20 20
51 22 5
51 23 5
51 24 5
51 25 4
51 27 3
51 28 16
51 29 9
51 33 18
51 38 21
51 39 20
51 42 15
51 45 21
51 46 1
51 47 7
52 2 19
52 3 15
52 5 18
52 7 10
52 9 14
52 19 15
52 20 2
52 21 8
52 22 7
52 23 21
52 24 15
52 25 2
52 26 13
52 30 15
52 32 20
52 33 14
52 35 6
52 37 11
52 39 10
52 40 11
52 41 9
52 46 20
52 47 11
52 49 12
52 50 18
53 2 15
53 6 6
53 8 5
53 9 9
53 10 16
53 12 14
53 13 20
53 14 3
53 15 20
53 16 9
53 23 13
53 24 21
53 25 3
53 27 4
53 28 4
53 29 9
53 30 6
53 33 7
53 34 15
53 39 11
53 40 16
53 45 15
53 46 14
53 51 3
53 52 12
54 6 14
54 7 5
54 8 19
54 9 17
54 10 14
54 14 11
54 15 10
54 17 21
54 23 18
54 25 13
54 26 21
54 28 19
54 32 2
54 33 2
54 36 12
54 37 13
54 38 12
54 39 2
54 41 11
54 45 7
54 47 15
54 52 3
55 0 14
55 2 21
55 5 4
55 6 15
55 7 3
55 8 4
55 9 20
55 14 12
55 15 4
55 18 3
55 19 8
55 20 4
55 21 13
55 23 7
55 25 14
55 27 2
55 28 14
55 29 17
55 32 2
55 35 8
55 36 13
55 38 16
55 39 2
55 40 15
55 41 12
55 42 19
55 43 17
55 47 6
55 48 18
55 49 16
55 50 5
55 51 4
55 52 7
55 54 3
56 0 5
56 1 7
56 2 17
56 4 10
56 8 9
56 9 19
56 10 16
56 12 20
56 15 6
56 17 20
56 21 6
56 22 15
56 23 10
56 24 11
56 25 11
56 28 17
56 29 8
56 30 5
56 32 10
56 33 7
56 41 8
56 44 4
56 46 15
56 47 2
56 49 17
56 50 8
56 55 21
57 1 5
57 7 15
57 9 15
57 10 1
57 11 20
57 14 3
57 15 6
57 20 4
57 21 14
57 23 8
57 26 19
57 27 1
57 28 17
57 30 7
57 33 6
57 34 20
57 36 5
57 40 3
57 43 16
57 46 7
57 48 15
57 50 4
57 54 6
57 55 11
57 56 8
58 0 12
58 1 11
58 2 2
58 3 16
58 4 17
58 5 4
58 7 20
58 11 4
58 12 6
58 13 17
58 16 6
58 22 1
58 24 21
58 25 13
58 26 1
58 27 15
58 29 11
58 30 20
58 31 17
58 33 3
58 34 6
58 35 15
58 39 2
58 40 2
58 42 17
58 43 21
58 45 12
58 48 12
58 49 15
58 51 8
58 52 6
58 54 1
58 56 14
59 6 13
59 9 12
59 11 10
59 12 6
59 17 1
59 18 6
59 20 13
59 22 4
59 24 14
59 25 20
59 26 9
59 28 12
59 31 19
59 33 15
59 34 16
59 35 7
59 36 17
59 40 9
59 47 6
59 50 17
59 52 13
59 53 7
59 58 15
60 1 19
60 2 15
60 5 16
60 7 21
60 8 5
60 9 6
60 10 15
60 11 11
60 13 19
60 14 6
60 19 16
60 23 1
60 24 3
60 25 16
60 26 6
60 28 15
60 29 7
60 31 15
60 32 10
60 34 4
60 38 1
60 39 16
60 40 20
60 41 10
60 42 11
60 45 15
60 49 15
60 50 3
60 52 15
60 53 13
60 54 20
61 1 20
61 5 13
61 6 8
61 9 19
61 13 15
61 14 9
61 16 6
61 17 20
61 18 12
61 19 18
61 21 8
61 22 4
61 25 8
61 29 7
61 35 4
61 38 15
61 42 2
61 44 11
61 46 15
61 53 11
61 55 19
62 5 21
62 8 3
62 9 2
62 12 9
62 14 7
62 19 9
62 20 10
62 22 9
62 23 10
62 25 19
62 26 21
62 30 12
62 32 5
62 33 11
62 35 8
62 36 20
62 38 12
62 40 18
62 41 14
62 44 3
62 45 14
62 46 9
62 47 18
62 48 15
62 50 9
62 53 19
62 54 7
62 57 6
63 2 10
63 6 9
63 8 10
63 9 8
63 10 8
63 15 1
63 16 6
63 18 21
63 19 1
63 26 11
63 27 3
63 30 12
63 31 21
63 34 18
63 36 2
63 37 7
63 39 18
63 40 8
63 41 17
63 42 1
63 43 1
63 44 15
63 46 3
63 47 19
63 50 8
63 51 16
63 60 5
64 1 6
64 2 19
64 3 19
64 4 14
64 7 4
64 13 12
64 14 19
64 18 13
64 19 15
64 20 14
64 21 12
64 24 17
64 25 10
64 26 14
64 27 19
64 30 20
64 32 4
64 37 15
64 39 12
64 40 17
64 44 16
64 45 20
64 46 16
64 47 12
64 48 19
64 49 20
64 52 7
64 53 16
64 59 21
64 61 5
64 63 20
65 1 13
65 3 6
65 4 10
65 5 5
65 6 18
65 8 15
65 9 11
65 11 15
65 12 1
65 14 20
65 15 3
65 17 3
65 18 17
65 19 1
65 23 19
65 26 13
65 27 9
65 29 15
65 30 6
65 31 15
65 32 12
65 33 2
65 34 3
65 35 2
65 36 1
65 37 7
65 38 17
65 39 11
65 40 17
65 42 14
65 45 7
65 46 16
65 47 7
65 49 20
65 50 21
65 54 8
65 55 2
65 56 11
65 57 9
65 61 21
65 63 8
65 64 2
66 3 1
66 6 16
66 7 4
66 11 6
66 16 6
66 17 15
66 20 9
66 26 21
66 28 14
66 30 4
66 31 18
66 38 21
66 42 15
66 44 3
66 45 5
66 46 8
66 49 6
66 50 12
66 52 2
66 53 21
66 56 11
66 57 4
66 58 1
66 60 16
66 61 11
66 63 8
66 65 19
67 4 21
67 5 8
67 9 20
67 10 9
67 12 2
67 14 17
67 15 3
67 17 19
67 19 17
67 21 14
67 23 1
67 24 4
67 30 10
67 32 16
67 33 14
67 35 5
67 37 7
67 38 1
67 41 8
67 44 14
67 45 9
67 47 18
67 48 3
67 49 5
67 50 15
67 52 9
67 54 1
67 55 13
67 57 5
67 64 10
67 65 8
68 0 17
68 1 19
68 2 12
68 3 18
68 6 5
68 8 10
68 9 15
68 10 17
68 11 13
68 12 11
68 13 16
68 14 1
68 15 10
68 16 2
68 18 6
68 20 11
68 21 20
68 23 12
68 24 4
68 25 9
68 26 2
68 27 13
68 35 19
68 37 8
68 38 7
68 39 16
68 42 21
68 43 6
68 46 12
68 47 12
68 50 5
68 52 6
68 53 20
68 57 12
68 58 13
68 59 10
68 60 11
68 62 6
68 65 15
68 66 5
68 67 21
