62
1 0 1
2 0 9
2 1 7
3 0 2
3 1 2
3 2 2
4 0 1
4 1 6
4 2 9
4 3 8
5 0 7
5 1 4
5 2 4
5 3 4
5 4 3
6 0 4
6 1 7
6 2 5
6 3 2
6 4 3
6 5 2
7 0 8
7 1 9
7 2 2
7 3 1
7 4 6
7 5 2
7 6 5
8 0 3
8 1 1
8 2 9
8 3 3
8 4 3
8 5 6
8 6 2
8 7 6
9 0 6
9 1 7
9 2 1
9 3 10
9 4 5
9 5 7
9 6 3
9 7 3
9 8 3
10 0 10
10 1 7
10 2 5
10 3 8
10 4 7
10 5 2
10 6 9
10 7 7
10 8 8
10 9 9
11 0 10
11 1 1
11 2 7
11 3 1
11 4 6
11 5 5
11 6 9
11 7 5
11 8 6
11 9 5
11 10 3
12 0 3
12 1 10
12 2 8
12 3 10
12 4 4
12 5 7
12 6 4
12 7 1
12 8 9
12 9 4
12 10 9
12 11 9
13 0 9
13 1 6
13 2 10
13 3 2
13 4 1
13 5 7
13 6 3
13 7 5
13 8 6
13 9 7
13 10 1
13 11 5
13 12 5
14 0 9
14 1 1
14 2 5
14 3 2
14 4 10
14 5 7
14 6 9
14 7 10
14 8 10
14 9 10
14 10 2
14 11 2
14 12 3
14 13 7
15 0 10
15 1 4
15 2 8
15 3 3
15 4 10
15 5 5
15 6 4
15 7 4
15 8 10
15 9 6
15 10 10
15 11 2
15 12 9
15 13 7
15 14 9
16 0 8
16 1 6
16 2 5
16 3 10
16 4 6
16 5 9
16 6 8
16 7 3
16 8 7
16 9 1
16 10 10
16 11 6
16 12 5
16 13 1
16 14 6
16 15 6
17 0 6
17 1 9
17 2 6
17 3 3
17 4 3
17 5 9
17 6 6
17 7 6
17 8 6
17 9 2
17 10 3
17 11 5
17 12 10
17 13 1
17 14 7
17 15 6
17 16 6
18 0 3
18 1 6
18 2 7
18 3 9
18 4 3
18 5 5
18 6 1
18 7 2
18 8 5
18 9 5
18 10 4
18 11 5
18 12 2
18 13 8
18 14 2
18 15 2
18 16 4
18 17 9
19 0 4
19 1 8
19 2 8
19 3 6
19 4 4
19 5 6
19 6 3
19 7 3
19 8 2
19 9 10
19 10 3
19 11 4
19 12 2
19 13 2
19 14 5
19 15 4
19 16 7
19 17 6
19 18 7
20 0 4
20 1 4
20 2 7
20 3 2
20 4 9
20 5 1
20 6 10
20 7 2
20 8 5
20 9 2
20 10 3
20 11 1
20 12 10
20 13 8
20 14 7
20 15 3
20 16 4
20 17 3
20 18 2
20 19 4
21 0 2
21 1 4
21 2 9
21 3 4
21 4 4
21 5 10
21 6 2
21 7 5
21 8 3
21 9 8
21 10 10
21 11 3
21 12 8
21 13 4
21 14 5
21 15 6
21 16 7
21 17 5
21 18 2
21 19 4
21 20 9
22 0 4
22 1 1
22 2 6
22 3 5
22 4 7
22 5 6
22 6 9
22 7 7
22 8 10
22 9 10
22 10 7
22 11 6
22 12 8
22 13 2
22 14 9
22 15 9
22 16 2
22 17 7
22 18 8
22 19 7
22 20 9
22 21 5
23 0 10
23 1 1
23 2 6
23 3 3
23 4 2
23 5 1
23 6 9
23 7 7
23 8 4
23 9 2
23 10 7
23 11 4
23 12 6
23 13 2
23 14 9
23 15 7
23 16 3
23 17 8
23 18 10
23 19 3
23 20 5
23 21 2
23 22 2
24 0 6
24 1 8
24 2 10
24 3 7
24 4 1
24 5 7
24 6 3
24 7 5
24 8 1
24 9 10
24 10 7
24 11 7
24 12 8
24 13 5
24 14 9
24 15 4
24 16 1
24 17 2
24 18 9
24 19 9
24 20 4
24 21 6
24 22 2
24 23 1
25 0 4
25 1 7
25 2 1
25 3 7
25 4 8
25 5 8
25 6 2
25 7 6
25 8 10
25 9 10
25 10 6
25 11 6
25 12 3
25 13 5
25 14 2
25 15 3
25 16 4
25 17 5
25 18 8
25 19 7
25 20 1
25 21 6
25 22 4
25 23 3
25 24 7
26 0 8
26 1 9
26 2 8
26 3 9
26 4 8
26 5 2
26 6 6
26 7 4
26 8 6
26 9 7
26 10 8
26 11 10
26 12 2
26 13 5
26 14 3
26 15 1
26 16 4
26 17 10
26 18 3
26 19 8
26 20 7
26 21 4
26 22 6
26 23 10
26 24 5
26 25 7
27 0 5
27 1 7
27 2 9
27 3 6
27 4 9
27 5 3
27 6 9
27 7 2
27 8 7
27 9 5
27 10 8
27 11 1
27 12 7
27 13 1
27 14 2
27 15 4
27 16 3
27 17 7
27 18 6
27 19 2
27 20 3
27 21 7
27 22 6
27 23 4
27 24 2
27 25 1
27 26 3
28 0 10
28 1 7
28 2 10
28 3 10
28 4 5
28 5 4
28 6 9
28 7 3
28 8 1
28 9 5
28 10 3
28 11 10
28 12 4
28 13 2
28 14 8
28 15 3
28 16 8
28 17 9
28 18 8
28 19 3
28 20 4
28 21 4
28 22 2
28 23 2
28 24 5
28 25 9
28 26 6
28 27 6
29 0 3
29 1 3
29 2 9
29 3 3
29 4 5
29 5 2
29 6 6
29 7 8
29 8 8
29 9 3
29 10 2
29 11 6
29 12 5
29 13 10
29 14 9
29 15 6
29 16 8
29 17 9
29 18 3
29 19 9
29 20 8
29 21 8
29 22 9
29 23 7
29 24 10
29 25 8
29 26 3
29 27 7
29 28 3
30 0 3
30 1 1
30 2 7
30 3 9
30 4 2
30 5 7
30 6 4
30 7 10
30 8 8
30 9 2
30 10 5
30 11 5
30 12 4
30 13 3
30 14 2
30 15 4
30 16 7
30 17 5
30 18 7
30 19 4
30 20 5
30 21 4
30 22 2
30 23 5
30 24 2
30 25 3
30 26 7
30 27 5
30 28 10
30 29 2
31 0 10
31 1 4
31 2 6
31 3 5
31 4 4
31 5 8
31 6 8
31 7 5
31 8 2
31 9 6
31 10 5
31 11 2
31 12 2
31 13 8
31 14 7
31 15 7
31 16 5
31 17 4
31 18 2
31 19 8
31 20 10
31 21 8
31 22 4
31 23 2
31 24 10
31 25 3
31 26 7
31 27 8
31 28 1
31 29 10
31 30 1
32 0 10
32 1 1
32 2 7
32 3 7
32 4 1
32 5 6
32 6 9
32 7 1
32 8 7
32 9 5
32 10 6
32 11 10
32 12 4
32 13 1
32 14 3
32 15 1
32 16 8
32 17 8
32 18 3
32 19 1
32 20 5
32 21 10
32 22 1
32 23 4
32 24 7
32 25 6
32 26 10
32 27 8
32 28 1
32 29 8
32 30 2
32 31 9
33 0 5
33 1 3
33 2 4
33 3 5
33 4 5
33 5 3
33 6 4
33 7 10
33 8 10
33 9 4
33 10 9
33 11 6
33 12 4
33 13 8
33 14 8
33 15 10
33 16 2
33 17 8
33 18 5
33 19 7
33 20 2
33 21 6
33 22 8
33 23 5
33 24 6
33 25 4
33 26 9
33 27 1
33 28 2
33 29 4
33 30 7
33 31 6
33 32 5
34 0 10
34 1 8
34 2 3
34 3 9
34 4 4
34 5 1
34 6 8
34 7 6
34 8 10
34 9 9
34 10 7
34 11 4
34 12 2
34 13 2
34 14 2
34 15 10
34 16 2
34 17 4
34 18 9
34 19 5
34 20 1
34 21 1
34 22 9
34 23 1
34 24 5
34 25 5
34 26 1
34 27 9
34 28 6
34 29 8
34 30 7
34 31 7
34 32 5
34 33 8
35 0 5
35 1 6
35 2 3
35 3 9
35 4 5
35 5 10
35 6 10
35 7 5
35 8 3
35 9 3
35 10 3
35 11 10
35 12 6
35 13 1
35 14 10
35 15 2
35 16 1
35 17 9
35 18 8
35 19 3
35 20 3
35 21 9
35 22 8
35 23 2
35 24 5
35 25 6
35 26 4
35 27 2
35 28 7
35 29 4
35 30 4
35 31 8
35 32 9
35 33 10
35 34 2
36 0 5
36 1 3
36 2 6
36 3 8
36 4 5
36 5 1
36 6 3
36 7 1
36 8 2
36 9 8
36 10 3
36 11 2
36 12 9
36 13 4
36 14 7
36 15 7
36 16 10
36 17 4
36 18 7
36 19 5
36 20 2
36 21 7
36 22 10
36 23 9
36 24 4
36 25 9
36 26 6
36 27 1
36 28 7
36 29 10
36 30 9
36 31 10
36 32 5
36 33 2
36 34 5
36 35 10
37 0 7
37 1 4
37 2 3
37 3 1
37 4 10
37 5 5
37 6 10
37 7 7
37 8 9
37 9 3
37 10 2
37 11 6
37 12 4
37 13 1
37 14 4
37 15 2
37 16 2
37 17 9
37 18 3
37 19 6
37 20 4
37 21 10
37 22 2
37 23 7
37 24 2
37 25 6
37 26 1
37 27 2
37 28 9
37 29 10
37 30 6
37 31 4
37 32 6
37 33 1
37 34 5
37 35 5
37 36 9
38 0 5
38 1 10
38 2 6
38 3 9
38 4 7
38 5 2
38 6 6
38 7 8
38 8 3
38 9 1
38 10 3
38 11 1
38 12 3
38 13 5
38 14 7
38 15 3
38 16 4
38 17 4
38 18 5
38 19 3
38 20 5
38 21 1
38 22 5
38 23 9
38 24 3
38 25 8
38 26 6
38 27 9
38 28 5
38 29 4
38 30 2
38 31 1
38 32 10
38 33 2
38 34 7
38 35 6
38 36 10
38 37 1
39 0 9
39 1 4
39 2 10
39 3 9
39 4 10
39 5 1
39 6 7
39 7 3
39 8 8
39 9 2
39 10 3
39 11 8
39 12 5
39 13 10
39 14 5
39 15 1
39 16 6
39 17 1
39 18 6
39 19 5
39 20 9
39 21 9
39 22 8
39 23 10
39 24 9
39 25 6
39 26 3
39 27 6
39 28 5
39 29 2
39 30 9
39 31 3
39 32 9
39 33 9
39 34 1
39 35 7
39 36 1
39 37 1
39 38 6
40 0 9
40 1 2
40 2 1
40 3 2
40 4 10
40 5 1
40 6 5
40 7 10
40 8 6
40 9 3
40 10 5
40 11 10
40 12 5
40 13 1
40 14 7
40 15 10
40 16 4
40 17 3
40 18 4
40 19 2
40 20 4
40 21 10
40 22 1
40 23 1
40 24 5
40 25 3
40 26 9
40 27 5
40 28 7
40 29 8
40 30 8
40 31 4
40 32 1
40 33 3
40 34 4
40 35 6
40 36 8
40 37 1
40 38 7
40 39 6
41 0 2
41 1 7
41 2 10
41 3 1
41 4 9
41 5 10
41 6 1
41 7 8
41 8 9
41 9 3
41 10 2
41 11 5
41 12 1
41 13 1
41 14 3
41 15 1
41 16 9
41 17 9
41 18 8
41 19 10
41 20 9
41 21 3
41 22 10
41 23 6
41 24 5
41 25 4
41 26 10
41 27 5
41 28 1
41 29 3
41 30 6
41 31 3
41 32 6
41 33 5
41 34 9
41 35 5
41 36 6
41 37 7
41 38 5
41 39 4
41 40 3
42 0 7
42 1 3
42 2 1
42 3 7
42 4 8
42 5 7
42 6 1
42 7 5
42 8 2
42 9 6
42 10 9
42 11 8
42 12 7
42 13 1
42 14 6
42 15 9
42 16 6
42 17 7
42 18 1
42 19 6
42 20 2
42 21 1
42 22 2
42 23 9
42 24 6
42 25 7
42 26 8
42 27 3
42 28 9
42 29 9
42 30 9
42 31 9
42 32 7
42 33 2
42 34 1
42 35 9
42 36 9
42 37 4
42 38 6
42 39 5
42 40 3
42 41 5
43 0 8
43 1 3
43 2 8
43 3 2
43 4 2
43 5 3
43 6 4
43 7 5
43 8 4
43 9 10
43 10 2
43 11 6
43 12 9
43 13 10
43 14 7
43 15 7
43 16 4
43 17 3
43 18 10
43 19 1
43 20 7
43 21 6
43 22 2
43 23 4
43 24 5
43 25 6
43 26 6
43 27 9
43 28 2
43 29 3
43 30 8
43 31 8
43 32 7
43 33 6
43 34 9
43 35 4
43 36 8
43 37 6
43 38 8
43 39 8
43 40 9
43 41 3
43 42 9
44 0 7
44 1 6
44 2 9
44 3 5
44 4 1
44 5 3
44 6 9
44 7 5
44 8 10
44 9 5
44 10 1
44 11 1
44 12 10
44 13 2
44 14 10
44 15 4
44 16 5
44 17 4
44 18 10
44 19 10
44 20 10
44 21 9
44 22 6
44 23 6
44 24 2
44 25 6
44 26 6
44 27 8
44 28 6
44 29 8
44 30 7
44 31 2
44 32 5
44 33 1
44 34 6
44 35 1
44 36 6
44 37 5
44 38 1
44 39 3
44 40 2
44 41 1
44 42 9
44 43 5
45 0 3
45 1 4
45 2 1
45 3 10
45 4 2
45 5 6
45 6 8
45 7 8
45 8 8
45 9 2
45 10 1
45 11 2
45 12 5
45 13 1
45 14 3
45 15 2
45 16 1
45 17 6
45 18 6
45 19 9
45 20 4
45 21 10
45 22 1
45 23 9
45 24 2
45 25 4
45 26 9
45 27 1
45 28 7
45 29 1
45 30 6
45 31 9
45 32 4
45 33 6
45 34 5
45 35 7
45 36 10
45 37 6
45 38 9
45 39 2
45 40 7
45 41 1
45 42 4
45 43 3
45 44 2
46 0 1
46 1 5
46 2 5
46 3 6
46 4 1
46 5 1
46 6 5
46 7 2
46 8 8
46 9 9
46 10 3
46 11 10
46 12 10
46 13 8
46 14 3
46 15 7
46 16 3
46 17 7
46 18 7
46 19 9
46 20 4
46 21 6
46 22 7
46 23 7
46 24 5
46 25 1
46 26 1
46 27 4
46 28 10
46 29 10
46 30 6
46 31 3
46 32 1
46 33 6
46 34 7
46 35 1
46 36 8
46 37 9
46 38 1
46 39 5
46 40 9
46 41 8
46 42 8
46 43 1
46 44 3
46 45 2
47 0 7
47 1 6
47 2 7
47 3 4
47 4 4
47 5 1
47 6 3
47 7 5
47 8 6
47 9 6
47 10 3
47 11 10
47 12 3
47 13 5
47 14 7
47 15 5
47 16 5
47 17 3
47 18 8
47 19 10
47 20 9
47 21 3
47 22 4
47 23 2
47 24 1
47 25 7
47 26 10
47 27 10
47 28 4
47 29 9
47 30 3
47 31 8
47 32 5
47 33 5
47 34 4
47 35 3
47 36 8
47 37 3
47 38 3
47 39 9
47 40 10
47 41 4
47 42 2
47 43 2
47 44 1
47 45 4
47 46 6
48 0 4
48 1 4
48 2 3
48 3 1
48 4 6
48 5 3
48 6 1
48 7 4
48 8 3
48 9 10
48 10 8
48 11 10
48 12 4
48 13 7
48 14 8
48 15 6
48 16 4
48 17 9
48 18 2
48 19 4
48 20 4
48 21 3
48 22 1
48 23 8
48 24 8
48 25 7
48 26 1
48 27 6
48 28 7
48 29 10
48 30 2
48 31 9
48 32 7
48 33 5
48 34 4
48 35 4
48 36 2
48 37 7
48 38 8
48 39 4
48 40 5
48 41 2
48 42 10
48 43 8
48 44 8
48 45 2
48 46 8
48 47 3
49 0 4
49 1 8
49 2 8
49 3 7
49 4 9
49 5 2
49 6 5
49 7 6
49 8 3
49 9 10
49 10 7
49 11 6
49 12 2
49 13 9
49 14 3
49 15 7
49 16 1
49 17 1
49 18 1
49 19 10
49 20 1
49 21 7
49 22 4
49 23 4
49 24 7
49 25 7
49 26 7
49 27 3
49 28 6
49 29 8
49 30 4
49 31 9
49 32 10
49 33 9
49 34 5
49 35 3
49 36 3
49 37 1
49 38 5
49 39 2
49 40 4
49 41 10
49 42 5
49 43 5
49 44 1
49 45 3
49 46 3
49 47 10
49 48 10
50 0 6
50 1 4
50 2 3
50 3 2
50 4 1
50 5 7
50 6 7
50 7 5
50 8 9
50 9 9
50 10 7
50 11 2
50 12 8
50 13 7
50 14 8
50 15 6
50 16 10
50 17 6
50 18 10
50 19 5
50 20 1
50 21 1
50 22 10
50 23 6
50 24 1
50 25 9
50 26 3
50 27 2
50 28 6
50 29 4
50 30 10
50 31 2
50 32 9
50 33 10
50 34 2
50 35 7
50 36 8
50 37 10
50 38 9
50 39 6
50 40 4
50 41 8
50 42 9
50 43 3
50 44 4
50 45 2
50 46 4
50 47 5
50 48 3
50 49 10
51 0 1
51 1 9
51 2 8
51 3 6
51 4 8
51 5 1
51 6 7
51 7 3
51 8 10
51 9 5
51 10 4
51 11 1
51 12 1
51 13 1
51 14 8
51 15 8
51 16 2
51 17 7
51 18 6
51 19 10
51 20 3
51 21 9
51 22 1
51 23 4
51 24 5
51 25 6
51 26 9
51 27 10
51 28 5
51 29 3
51 30 8
51 31 1
51 32 4
51 33 10
51 34 2
51 35 2
51 36 8
51 37 9
51 38 1
51 39 1
51 40 1
51 41 1
51 42 8
51 43 8
51 44 10
51 45 8
51 46 10
51 47 2
51 48 9
51 49 2
51 50 10
52 0 1
52 1 2
52 2 10
52 3 2
52 4 4
52 5 4
52 6 9
52 7 9
52 8 3
52 9 4
52 10 9
52 11 4
52 12 9
52 13 5
52 14 5
52 15 4
52 16 8
52 17 3
52 18 5
52 19 3
52 20 6
52 21 2
52 22 9
52 23 8
52 24 6
52 25 9
52 26 3
52 27 9
52 28 1
52 29 10
52 30 8
52 31 1
52 32 10
52 33 2
52 34 5
52 35 8
52 36 1
52 37 10
52 38 1
52 39 8
52 40 9
52 41 6
52 42 10
52 43 4
52 44 9
52 45 3
52 46 3
52 47 10
52 48 8
52 49 5
52 50 9
52 51 7
53 0 10
53 1 3
53 2 2
53 3 2
53 4 3
53 5 6
53 6 1
53 7 1
53 8 6
53 9 7
53 10 6
53 11 10
53 12 7
53 13 10
53 14 10
53 15 2
53 16 1
53 17 2
53 18 7
53 19 7
53 20 8
53 21 6
53 22 2
53 23 2
53 24 9
53 25 10
53 26 6
53 27 8
53 28 8
53 29 1
53 30 6
53 31 1
53 32 5
53 33 1
53 34 7
53 35 4
53 36 9
53 37 4
53 38 5
53 39 5
53 40 7
53 41 4
53 42 6
53 43 9
53 44 6
53 45 6
53 46 6
53 47 9
53 48 1
53 49 4
53 50 8
53 51 2
53 52 10
54 0 5
54 1 5
54 2 7
54 3 1
54 4 5
54 5 1
54 6 5
54 7 4
54 8 3
54 9 5
54 10 1
54 11 10
54 12 10
54 13 3
54 14 10
54 15 6
54 16 6
54 17 3
54 18 10
54 19 3
54 20 1
54 21 9
54 22 10
54 23 5
54 24 8
54 25 10
54 26 3
54 27 2
54 28 6
54 29 5
54 30 2
54 31 1
54 32 10
54 33 3
54 34 1
54 35 4
54 36 9
54 37 3
54 38 5
54 39 2
54 40 6
54 41 8
54 42 2
54 43 7
54 44 7
54 45 8
54 46 10
54 47 3
54 48 4
54 49 8
54 50 3
54 51 7
54 52 5
54 53 4
55 0 8
55 1 9
55 2 8
55 3 3
55 4 3
55 5 9
55 6 10
55 7 3
55 8 4
55 9 4
55 10 1
55 11 8
55 12 8
55 13 5
55 14 3
55 15 9
55 16 5
55 17 3
55 18 5
55 19 2
55 20 4
55 21 4
55 22 3
55 23 6
55 24 2
55 25 10
55 26 8
55 27 7
55 28 2
55 29 6
55 30 8
55 31 3
55 32 3
55 33 3
55 34 5
55 35 4
55 36 6
55 37 3
55 38 3
55 39 3
55 40 6
55 41 3
55 42 8
55 43 6
55 44 1
55 45 4
55 46 6
55 47 9
55 48 7
55 49 1
55 50 1
55 51 7
55 52 2
55 53 6
55 54 9
56 0 7
56 1 1
56 2 7
56 3 2
56 4 5
56 5 4
56 6 1
56 7 4
56 8 3
56 9 8
56 10 6
56 11 7
56 12 1
56 13 9
56 14 3
56 15 6
56 16 1
56 17 1
56 18 7
56 19 1
56 20 4
56 21 9
56 22 6
56 23 2
56 24 2
56 25 3
56 26 2
56 27 2
56 28 1
56 29 2
56 30 8
56 31 3
56 32 2
56 33 7
56 34 9
56 35 2
56 36 6
56 37 3
56 38 6
56 39 5
56 40 2
56 41 2
56 42 10
56 43 2
56 44 9
56 45 9
56 46 5
56 47 1
56 48 1
56 49 5
56 50 9
56 51 6
56 52 6
56 53 9
56 54 4
56 55 10
57 0 3
57 1 1
57 2 4
57 3 9
57 4 9
57 5 8
57 6 3
57 7 8
57 8 3
57 9 2
57 10 9
57 11 4
57 12 9
57 13 2
57 14 7
57 15 3
57 16 2
57 17 4
57 18 7
57 19 7
57 20 7
57 21 3
57 22 2
57 23 10
57 24 5
57 25 7
57 26 2
57 27 2
57 28 8
57 29 4
57 30 1
57 31 10
57 32 2
57 33 8
57 34 8
57 35 4
57 36 4
57 37 2
57 38 2
57 39 1
57 40 10
57 41 10
57 42 1
57 43 5
57 44 6
57 45 2
57 46 1
57 47 3
57 48 9
57 49 6
57 50 9
57 51 1
57 52 4
57 53 3
57 54 3
57 55 2
57 56 6
58 0 3
58 1 1
58 2 2
58 3 6
58 4 5
58 5 5
58 6 2
58 7 5
58 8 4
58 9 3
58 10 10
58 11 8
58 12 10
58 13 5
58 14 2
58 15 10
58 16 1
58 17 2
58 18 6
58 19 2
58 20 6
58 21 2
58 22 6
58 23 5
58 24 4
58 25 5
58 26 9
58 27 9
58 28 3
58 29 1
58 30 3
58 31 4
58 32 9
58 33 6
58 34 8
58 35 1
58 36 6
58 37 8
58 38 1
58 39 3
58 40 8
58 41 1
58 42 3
58 43 9
58 44 1
58 45 7
58 46 7
58 47 2
58 48 4
58 49 5
58 50 10
58 51 10
58 52 1
58 53 9
58 54 10
58 55 10
58 56 5
58 57 7
59 0 5
59 1 10
59 2 3
59 3 8
59 4 8
59 5 4
59 6 4
59 7 3
59 8 9
59 9 4
59 10 9
59 11 4
59 12 10
59 13 10
59 14 3
59 15 4
59 16 6
59 17 8
59 18 6
59 19 10
59 20 1
59 21 8
59 22 10
59 23 1
59 24 4
59 25 8
59 26 4
59 27 2
59 28 6
59 29 1
59 30 3
59 31 10
59 32 3
59 33 8
59 34 7
59 35 7
59 36 8
59 37 4
59 38 10
59 39 1
59 40 10
59 41 6
59 42 9
59 43 7
59 44 1
59 45 4
59 46 5
59 47 1
59 48 6
59 49 8
59 50 2
59 51 4
59 52 3
59 53 8
59 54 2
59 55 6
59 56 5
59 57 4
59 58 8
60 0 7
60 1 9
60 2 3
60 3 8
60 4 8
60 5 1
60 6 8
60 7 10
60 8 5
60 9 7
60 10 5
60 11 2
60 12 10
60 13 10
60 14 1
60 15 4
60 16 6
60 17 10
60 18 8
60 19 8
60 20 10
60 21 7
60 22 3
60 23 3
60 24 10
60 25 5
60 26 1
60 27 2
60 28 5
60 29 5
60 30 3
60 31 3
60 32 1
60 33 10
60 34 6
60 35 6
60 36 3
60 37 3
60 38 5
60 39 1
60 40 6
60 41 1
60 42 2
60 43 10
60 44 6
60 45 8
60 46 10
60 47 8
60 48 7
60 49 10
60 50 5
60 51 8
60 52 2
60 53 3
60 54 9
60 55 6
60 56 10
60 57 8
60 58 9
60 59 10
61 0 7
61 1 2
61 2 4
61 3 1
61 4 6
61 5 1
61 6 6
61 7 2
61 8 4
61 9 4
61 10 4
61 11 10
61 12 4
61 13 5
61 14 1
61 15 3
61 16 5
61 17 4
61 18 2
61 19 8
61 20 9
61 21 9
61 22 10
61 23 1
61 24 10
61 25 2
61 26 4
61 27 2
61 28 5
61 29 2
61 30 8
61 31 3
61 32 5
61 33 7
61 34 1
61 35 7
61 36 1
61 37 4
61 38 4
61 39 3
61 40 1
61 41 1
61 42 5
61 43 9
61 44 4
61 45 10
61 46 9
61 47 2
61 48 3
61 49 1
61 50 1
61 51 10
61 52 10
61 53 10
61 54 4
61 55 2
61 56 6
61 57 10
61 58 3
61 59 10
61 60 2
