64
1 0 1
2 0 1
3 0 1
3 2 1
4 0 1
4 1 1
4 2 1
4 3 1
5 0 1
5 1 1
5 3 1
5 4 1
6 0 1
6 1 1
6 3 1
6 5 1
7 0 1
7 1 1
7 4 1
7 5 1
8 2 1
8 4 1
8 5 1
8 7 1
9 3 1
9 4 1
9 6 1
9 7 1
10 0 1
10 2 1
10 3 1
10 4 1
11 3 1
11 4 1
11 5 1
11 8 1
11 9 1
11 10 1
12 0 1
12 1 1
12 5 1
12 6 1
12 7 1
12 9 1
12 10 1
13 1 1
13 2 1
13 4 1
13 5 1
13 6 1
13 7 1
14 1 1
14 2 1
14 3 1
14 9 1
14 11 1
14 12 1
15 3 1
15 4 1
15 5 1
15 6 1
15 7 1
15 9 1
15 11 1
15 13 1
15 14 1
16 1 1
16 3 1
16 4 1
16 8 1
16 9 1
16 14 1
16 15 1
17 0 1
17 4 1
17 5 1
17 8 1
17 14 1
17 15 1
17 16 1
18 0 1
18 3 1
18 4 1
18 6 1
18 8 1
18 9 1
18 10 1
18 11 1
18 12 1
18 14 1
19 4 1
19 5 1
19 8 1
19 10 1
19 14 1
19 17 1
19 18 1
20 0 1
20 2 1
20 4 1
20 5 1
20 6 1
20 7 1
20 8 1
20 9 1
20 10 1
20 13 1
20 14 1
20 15 1
21 0 1
21 1 1
21 3 1
21 4 1
21 7 1
21 8 1
21 9 1
21 11 1
21 12 1
21 14 1
21 15 1
21 16 1
21 17 1
21 18 1
21 20 1
22 1 1
22 4 1
22 5 1
22 7 1
22 9 1
22 10 1
22 11 1
22 14 1
22 15 1
22 16 1
22 17 1
23 1 1
23 2 1
23 3 1
23 5 1
23 6 1
23 7 1
23 12 1
23 16 1
23 18 1
24 0 1
24 2 1
24 5 1
24 7 1
24 11 1
24 13 1
24 14 1
24 16 1
25 0 1
25 2 1
25 3 1
25 5 1
25 9 1
25 10 1
25 11 1
25 13 1
25 14 1
25 15 1
25 16 1
25 17 1
25 19 1
25 21 1
25 24 1
26 0 1
26 1 1
26 2 1
26 3 1
26 4 1
26 5 1
26 9 1
26 15 1
26 16 1
26 18 1
26 21 1
26 23 1
26 25 1
27 0 1
27 2 1
27 3 1
27 5 1
27 7 1
27 8 1
27 9 1
27 10 1
27 11 1
27 14 1
27 16 1
27 18 1
27 20 1
27 22 1
27 23 1
27 24 1
28 1 1
28 3 1
28 4 1
28 6 1
28 7 1
28 8 1
28 10 1
28 12 1
28 14 1
28 16 1
28 17 1
28 20 1
28 23 1
29 1 1
29 4 1
29 5 1
29 7 1
29 8 1
29 13 1
29 14 1
29 15 1
29 17 1
29 18 1
29 19 1
29 20 1
29 21 1
29 26 1
30 1 1
30 3 1
30 5 1
30 7 1
30 8 1
30 9 1
30 11 1
30 13 1
30 14 1
30 17 1
30 20 1
30 21 1
30 22 1
30 23 1
30 25 1
30 26 1
30 27 1
30 28 1
31 0 1
31 2 1
31 3 1
31 5 1
31 7 1
31 8 1
31 11 1
31 14 1
31 15 1
31 16 1
31 17 1
31 22 1
31 23 1
31 24 1
31 27 1
31 29 1
31 30 1
32 0 1
32 2 1
32 4 1
32 5 1
32 6 1
32 7 1
32 9 1
32 15 1
32 16 1
32 17 1
32 18 1
32 19 1
32 22 1
32 23 1
32 24 1
32 26 1
32 27 1
32 28 1
32 29 1
33 0 1
33 3 1
33 5 1
33 6 1
33 8 1
33 10 1
33 11 1
33 14 1
33 16 1
33 20 1
33 24 1
33 26 1
33 29 1
33 30 1
33 31 1
33 32 1
34 1 1
34 3 1
34 4 1
34 5 1
34 8 1
34 9 1
34 10 1
34 12 1
34 15 1
34 18 1
34 21 1
34 25 1
34 26 1
34 27 1
34 28 1
34 29 1
34 30 1
34 31 1
34 32 1
34 33 1
35 0 1
35 1 1
35 3 1
35 8 1
35 9 1
35 11 1
35 14 1
35 20 1
35 21 1
35 22 1
35 23 1
35 24 1
35 26 1
35 27 1
35 28 1
35 29 1
35 30 1
35 31 1
35 34 1
36 0 1
36 2 1
36 3 1
36 6 1
36 8 1
36 10 1
36 11 1
36 12 1
36 13 1
36 16 1
36 17 1
36 19 1
36 20 1
36 21 1
36 22 1
36 24 1
36 30 1
36 32 1
36 33 1
36 34 1
36 35 1
37 0 1
37 4 1
37 8 1
37 9 1
37 10 1
37 13 1
37 15 1
37 17 1
37 18 1
37 21 1
37 22 1
37 23 1
37 24 1
37 26 1
37 27 1
37 28 1
37 29 1
37 31 1
37 32 1
37 33 1
37 34 1
38 1 1
38 2 1
38 4 1
38 5 1
38 7 1
38 10 1
38 15 1
38 16 1
38 23 1
38 26 1
38 28 1
38 31 1
38 36 1
38 37 1
39 0 1
39 2 1
39 4 1
39 7 1
39 10 1
39 11 1
39 14 1
39 15 1
39 17 1
39 23 1
39 24 1
39 26 1
39 27 1
39 28 1
39 29 1
39 31 1
39 32 1
39 37 1
40 1 1
40 4 1
40 8 1
40 10 1
40 11 1
40 12 1
40 13 1
40 14 1
40 16 1
40 18 1
40 20 1
40 21 1
40 22 1
40 23 1
40 25 1
40 27 1
40 29 1
40 30 1
40 32 1
40 33 1
40 36 1
40 37 1
40 38 1
41 4 1
41 5 1
41 7 1
41 10 1
41 12 1
41 15 1
41 20 1
41 22 1
41 23 1
41 24 1
41 27 1
41 28 1
41 31 1
41 32 1
41 33 1
41 34 1
41 35 1
42 3 1
42 6 1
42 9 1
42 10 1
42 13 1
42 15 1
42 16 1
42 17 1
42 23 1
42 27 1
42 29 1
42 31 1
42 33 1
42 36 1
42 37 1
42 38 1
42 39 1
42 41 1
43 2 1
43 4 1
43 5 1
43 6 1
43 7 1
43 10 1
43 11 1
43 12 1
43 13 1
43 15 1
43 18 1
43 23 1
43 25 1
43 26 1
43 28 1
43 29 1
43 30 1
43 33 1
43 35 1
43 38 1
43 41 1
43 42 1
44 2 1
44 3 1
44 7 1
44 10 1
44 11 1
44 12 1
44 13 1
44 15 1
44 23 1
44 27 1
44 28 1
44 29 1
44 33 1
44 34 1
44 43 1
45 1 1
45 2 1
45 3 1
45 4 1
45 5 1
45 6 1
45 9 1
45 12 1
45 17 1
45 19 1
45 20 1
45 22 1
45 23 1
45 26 1
45 27 1
45 30 1
45 31 1
45 33 1
45 37 1
45 38 1
45 39 1
45 42 1
45 43 1
45 44 1
46 0 1
46 4 1
46 9 1
46 12 1
46 14 1
46 15 1
46 19 1
46 20 1
46 22 1
46 23 1
46 24 1
46 26 1
46 27 1
46 37 1
46 38 1
46 41 1
46 42 1
46 43 1
47 1 1
47 2 1
47 4 1
47 6 1
47 9 1
47 14 1
47 17 1
47 18 1
47 19 1
47 23 1
47 28 1
47 30 1
47 31 1
47 39 1
47 40 1
47 41 1
48 0 1
48 1 1
48 2 1
48 8 1
48 11 1
48 12 1
48 15 1
48 16 1
48 18 1
48 20 1
48 24 1
48 26 1
48 27 1
48 32 1
48 34 1
48 35 1
48 36 1
48 39 1
48 40 1
48 42 1
48 44 1
48 47 1
49 1 1
49 4 1
49 5 1
49 6 1
49 7 1
49 10 1
49 11 1
49 12 1
49 14 1
49 15 1
49 19 1
49 20 1
49 23 1
49 25 1
49 28 1
49 30 1
49 34 1
49 43 1
49 44 1
49 46 1
49 48 1
50 1 1
50 2 1
50 4 1
50 6 1
50 16 1
50 21 1
50 24 1
50 26 1
50 28 1
50 31 1
50 33 1
50 38 1
50 39 1
50 43 1
50 45 1
50 47 1
50 48 1
51 1 1
51 4 1
51 5 1
51 6 1
51 9 1
51 10 1
51 12 1
51 14 1
51 17 1
51 18 1
51 20 1
51 22 1
51 24 1
51 25 1
51 27 1
51 29 1
51 31 1
51 36 1
51 37 1
51 38 1
51 39 1
51 40 1
51 42 1
51 46 1
51 47 1
51 50 1
52 0 1
52 1 1
52 6 1
52 7 1
52 10 1
52 13 1
52 14 1
52 16 1
52 17 1
52 18 1
52 22 1
52 23 1
52 24 1
52 25 1
52 26 1
52 27 1
52 31 1
52 32 1
52 33 1
52 36 1
52 41 1
52 42 1
52 46 1
52 47 1
52 50 1
52 51 1
53 0 1
53 2 1
53 4 1
53 6 1
53 10 1
53 12 1
53 13 1
53 16 1
53 19 1
53 20 1
53 22 1
53 23 1
53 26 1
53 27 1
53 30 1
53 31 1
53 32 1
53 34 1
53 35 1
53 36 1
53 39 1
53 42 1
53 43 1
53 44 1
53 49 1
53 50 1
53 51 1
53 52 1
54 1 1
54 2 1
54 3 1
54 4 1
54 5 1
54 8 1
54 10 1
54 11 1
54 12 1
54 13 1
54 16 1
54 17 1
54 21 1
54 22 1
54 23 1
54 24 1
54 25 1
54 26 1
54 28 1
54 32 1
54 35 1
54 36 1
54 40 1
54 42 1
54 45 1
54 53 1
55 0 1
55 6 1
55 7 1
55 9 1
55 10 1
55 14 1
55 15 1
55 16 1
55 18 1
55 21 1
55 22 1
55 24 1
55 25 1
55 28 1
55 29 1
55 31 1
55 33 1
55 34 1
55 36 1
55 38 1
55 39 1
55 42 1
55 43 1
55 45 1
55 46 1
55 47 1
55 48 1
55 50 1
55 52 1
55 53 1
56 0 1
56 3 1
56 4 1
56 6 1
56 9 1
56 11 1
56 12 1
56 20 1
56 21 1
56 24 1
56 25 1
56 26 1
56 29 1
56 30 1
56 32 1
56 34 1
56 35 1
56 39 1
56 42 1
56 43 1
56 44 1
56 46 1
56 47 1
56 48 1
56 49 1
56 54 1
57 0 1
57 1 1
57 4 1
57 5 1
57 6 1
57 7 1
57 10 1
57 11 1
57 12 1
57 13 1
57 14 1
57 16 1
57 17 1
57 18 1
57 19 1
57 21 1
57 26 1
57 27 1
57 29 1
57 30 1
57 32 1
57 33 1
57 35 1
57 37 1
57 38 1
57 40 1
57 41 1
57 42 1
57 43 1
57 44 1
57 46 1
57 48 1
57 49 1
57 50 1
57 51 1
57 52 1
57 55 1
58 0 1
58 1 1
58 2 1
58 3 1
58 4 1
58 6 1
58 9 1
58 11 1
58 15 1
58 16 1
58 18 1
58 19 1
58 20 1
58 21 1
58 23 1
58 26 1
58 31 1
58 33 1
58 34 1
58 37 1
58 40 1
58 42 1
58 45 1
58 48 1
58 51 1
58 52 1
58 53 1
58 54 1
58 55 1
58 57 1
59 3 1
59 5 1
59 6 1
59 7 1
59 8 1
59 12 1
59 13 1
59 16 1
59 20 1
59 23 1
59 27 1
59 29 1
59 31 1
59 32 1
59 34 1
59 40 1
59 41 1
59 42 1
59 44 1
59 50 1
59 52 1
59 53 1
59 55 1
59 56 1
59 58 1
60 0 1
60 2 1
60 3 1
60 4 1
60 6 1
60 7 1
60 11 1
60 12 1
60 13 1
60 17 1
60 18 1
60 20 1
60 21 1
60 25 1
60 26 1
60 36 1
60 37 1
60 38 1
60 45 1
60 48 1
60 49 1
60 50 1
60 52 1
60 53 1
60 54 1
60 56 1
60 59 1
61 2 1
61 3 1
61 4 1
61 6 1
61 7 1
61 8 1
61 10 1
61 12 1
61 13 1
61 15 1
61 16 1
61 17 1
61 18 1
61 19 1
61 20 1
61 22 1
61 23 1
61 27 1
61 28 1
61 29 1
61 31 1
61 32 1
61 33 1
61 35 1
61 36 1
61 39 1
61 44 1
61 46 1
61 49 1
61 50 1
61 52 1
61 59 1
62 1 1
62 2 1
62 3 1
62 11 1
62 14 1
62 15 1
62 18 1
62 19 1
62 20 1
62 22 1
62 25 1
62 26 1
62 27 1
62 30 1
62 32 1
62 33 1
62 34 1
62 36 1
62 37 1
62 39 1
62 41 1
62 42 1
62 43 1
62 45 1
62 47 1
62 50 1
62 56 1
62 59 1
62 60 1
63 0 1
63 1 1
63 3 1
63 6 1
63 9 1
63 12 1
63 14 1
63 22 1
63 23 1
63 24 1
63 25 1
63 28 1
63 29 1
63 30 1
63 32 1
63 34 1
63 36 1
63 39 1
63 40 1
63 41 1
63 42 1
63 50 1
63 51 1
63 52 1
63 55 1
63 56 1
63 58 1
63 59 1
