29
1 0 9
2 1 41
3 0 2
3 1 1
4 1 20
4 3 38
5 0 12
5 1 21
5 2 19
5 3 21
5 4 25
6 1 34
6 2 20
6 3 15
6 4 43
6 5 47
7 4 42
7 5 42
8 2 16
8 3 10
8 4 19
9 1 25
9 6 48
9 8 33
10 1 31
10 7 9
11 0 29
11 1 31
11 3 24
11 6 38
11 7 4
11 8 28
12 0 35
12 2 35
12 4 28
12 6 48
12 8 35
13 0 41
13 2 33
13 6 20
13 7 13
13 8 39
13 12 45
14 1 3
14 4 46
14 6 15
14 13 18
15 0 15
15 2 23
15 3 23
15 4 28
15 5 3
15 7 34
15 8 21
15 9 6
15 10 28
15 13 8
16 0 5
16 1 10
16 2 23
16 7 28
16 8 31
16 10 38
16 11 36
16 15 3
17 0 32
17 1 1
17 4 21
17 5 49
17 9 8
17 10 39
17 13 36
17 15 38
17 16 15
18 0 1
18 3 48
18 4 4
18 6 11
18 9 29
18 10 43
18 11 17
18 14 11
19 5 27
19 6 25
19 7 29
19 8 32
19 9 17
19 16 40
19 17 8
20 0 45
20 3 20
20 6 42
20 7 13
20 9 33
20 10 47
20 12 38
20 13 17
20 14 4
20 15 35
20 16 20
20 18 21
20 19 30
21 0 38
21 1 40
21 3 43
21 7 20
21 8 43
21 12 37
21 16 8
21 17 21
21 19 4
22 0 21
22 1 27
22 3 40
22 4 33
22 5 34
22 7 28
22 9 23
22 10 31
22 11 29
22 12 15
22 14 46
22 20 18
23 0 3
23 2 34
23 3 15
23 4 21
23 7 31
23 10 40
23 11 34
23 12 29
23 13 21
23 15 32
23 16 40
23 18 47
23 22 39
24 1 38
24 2 38
24 3 38
24 5 6
24 10 19
24 11 6
24 12 40
24 14 5
24 16 42
24 19 11
24 22 30
25 0 39
25 3 13
25 4 47
25 5 10
25 7 17
25 8 32
25 9 12
25 14 33
25 17 25
25 18 29
25 19 26
25 20 19
25 21 31
25 22 41
25 24 12
26 0 49
26 1 40
26 2 48
26 4 1
26 5 36
26 8 25
26 11 26
26 14 26
26 15 44
26 18 43
26 19 12
26 22 41
26 23 42
26 24 48
27 3 2
27 7 24
27 8 23
27 9 2
27 10 49
27 12 6
27 13 18
27 15 25
27 16 2
27 17 15
27 21 21
27 23 40
27 25 29
28 1 35
28 3 13
28 4 36
28 6 11
28 10 41
28 12 25
28 13 12
28 14 22
28 15 18
28 24 42
