22
1 0 20
2 0 4
2 1 17
3 0 21
3 1 18
3 2 16
4 0 11
4 1 33
4 2 29
4 3 3
5 0 25
5 1 17
5 2 4
5 3 9
5 4 22
6 0 4
6 1 34
6 2 26
6 3 36
6 4 3
6 5 11
7 0 14
7 1 10
7 2 5
7 3 37
7 4 30
7 5 11
7 6 18
8 0 5
8 1 9
8 2 10
8 3 16
8 4 2
8 5 26
8 6 30
8 7 38
9 0 37
9 1 36
9 2 31
9 3 1
9 4 30
9 5 21
9 6 28
9 7 7
9 8 35
10 0 4
10 1 29
10 2 14
10 3 4
10 4 27
10 5 24
10 6 15
10 7 25
10 8 33
10 9 14
11 0 12
11 1 12
11 2 26
11 3 38
11 4 21
11 5 2
11 6 35
11 7 9
11 8 11
11 9 8
11 10 6
12 0 6
12 1 30
12 2 37
12 3 25
12 4 9
12 5 29
12 6 33
12 7 25
12 8 25
12 9 33
12 10 37
12 11 14
13 0 19
13 1 32
13 2 5
13 3 3
13 4 3
13 5 36
13 6 36
13 7 18
13 8 35
13 9 38
13 10 31
13 11 1
13 12 1
14 0 26
14 1 34
14 2 32
14 3 7
14 4 4
14 5 36
14 6 37
14 7 26
14 8 36
14 9 25
14 10 8
14 11 22
14 12 22
14 13 13
15 0 12
15 1 25
15 2 34
15 3 24
15 4 21
15 5 13
15 6 28
15 7 13
15 8 5
15 9 10
15 10 14
15 11 21
15 12 26
15 13 24
15 14 12
16 0 33
16 1 25
16 2 5
16 3 4
16 4 3
16 5 32
16 6 8
16 7 12
16 8 29
16 9 1
16 10 5
16 11 31
16 12 29
16 13 11
16 14 26
16 15 31
17 0 13
17 1 7
17 2 37
17 3 13
17 4 21
17 5 1
17 6 14
17 7 7
17 8 5
17 9 6
17 10 25
17 11 26
17 12 30
17 13 25
17 14 30
17 15 14
17 16 2
18 0 35
18 1 36
18 2 34
18 3 28
18 4 6
18 5 35
18 6 14
18 7 24
18 8 37
18 9 24
18 10 5
18 11 17
18 12 32
18 13 31
18 14 37
18 15 23
18 16 36
18 17 23
19 0 16
19 1 19
19 2 12
19 3 5
19 4 24
19 5 28
19 6 38
19 7 37
19 8 18
19 9 33
19 10 19
19 11 3
19 12 23
19 13 38
19 14 29
19 15 34
19 16 15
19 17 16
19 18 33
20 0 7
20 1 5
20 2 26
20 3 19
20 4 18
20 5 18
20 6 2
20 7 18
20 8 17
20 9 36
20 10 10
20 11 29
20 12 9
20 13 26
20 14 4
20 15 11
20 16 13
20 17 36
20 18 36
20 19 3
21 0 37
21 1 12
21 2 16
21 3 20
21 4 11
21 5 2
21 6 1
21 7 8
21 8 31
21 9 16
21 10 38
21 11 38
21 12 1
21 13 5
21 14 3
21 15 25
21 16 30
21 17 17
21 18 31
21 19 20
21 20 5
