31
1 0 4
2 0 5
2 1 2
3 0 5
3 1 4
3 2 10
4 0 2
4 1 5
4 2 5
4 3 7
5 0 13
5 1 14
5 2 15
5 3 13
5 4 8
6 0 5
6 1 8
6 2 11
6 3 14
6 4 2
6 5 8
7 0 13
7 1 7
7 2 12
7 3 11
7 4 6
7 5 11
7 6 2
8 0 8
8 1 15
8 2 14
8 3 4
8 4 3
8 5 15
8 6 12
8 7 2
9 0 5
9 1 1
9 2 11
9 3 14
9 4 1
9 5 11
9 6 12
9 7 4
9 8 11
10 0 2
10 1 12
10 2 13
10 3 11
10 4 4
10 5 9
10 6 15
10 7 5
10 8 9
10 9 7
11 0 4
11 1 15
11 2 5
11 3 6
11 4 12
11 5 6
11 6 12
11 7 2
11 8 6
11 9 1
11 10 6
12 0 11
12 1 12
12 2 10
12 3 5
12 4 2
12 5 8
12 6 13
12 7 12
12 8 8
12 9 13
12 10 2
12 11 12
13 0 15
13 1 8
13 2 5
13 3 12
13 4 4
13 5 15
13 6 6
13 7 8
13 8 9
13 9 4
13 10 10
13 11 7
13 12 13
14 0 12
14 1 11
14 2 1
14 3 15
14 4 15
14 5 6
14 6 15
14 7 2
14 8 1
14 9 7
14 10 14
14 11 4
14 12 5
14 13 8
15 0 6
15 1 6
15 2 15
15 3 8
15 4 11
15 5 9
15 6 4
15 7 4
15 8 8
15 9 1
15 10 4
15 11 15
15 12 15
15 13 13
15 14 13
16 0 9
16 1 11
16 2 5
16 3 7
16 4 11
16 5 14
16 6 2
16 7 9
16 8 3
16 9 12
16 10 8
16 11 13
16 12 8
16 13 11
16 14 10
16 15 1
17 0 12
17 1 9
17 2 15
17 3 5
17 4 12
17 5 2
17 6 14
17 7 15
17 8 9
17 9 8
17 10 7
17 11 3
17 12 14
17 13 14
17 14 5
17 15 1
17 16 6
18 0 6
18 1 14
18 2 1
18 3 5
18 4 5
18 5 8
18 6 14
18 7 12
18 8 14
18 9 1
18 10 3
18 11 1
18 12 1
18 13 10
18 14 14
18 15 3
18 16 13
18 17 13
19 0 3
19 1 2
19 2 1
19 3 5
19 4 2
19 5 13
19 6 12
19 7 5
19 8 6
19 9 4
19 10 12
19 11 2
19 12 15
19 13 6
19 14 6
19 15 1
19 16 2
19 17 8
19 18 14
20 0 5
20 1 4
20 2 9
20 3 8
20 4 13
20 5 12
20 6 8
20 7 5
20 8 13
20 9 12
20 10 12
20 11 10
20 12 9
20 13 8
20 14 14
20 15 5
20 16 6
20 17 7
20 18 7
20 19 15
21 0 4
21 1 4
21 2 4
21 3 5
21 4 15
21 5 6
21 6 7
21 7 9
21 8 6
21 9 9
21 10 9
21 11 6
21 12 8
21 13 9
21 14 15
21 15 7
21 16 2
21 17 15
21 18 5
21 19 15
21 20 15
22 0 14
22 1 15
22 2 6
22 3 2
22 4 10
22 5 9
22 6 2
22 7 6
22 8 2
22 9 9
22 10 2
22 11 1
22 12 4
22 13 1
22 14 7
22 15 6
22 16 9
22 17 8
22 18 2
22 19 8
22 20 5
22 21 6
23 0 14
23 1 1
23 2 15
23 3 2
23 4 5
23 5 7
23 6 8
23 7 11
23 8 2
23 9 11
23 10 11
23 11 5
23 12 15
23 13 14
23 14 5
23 15 2
23 16 3
23 17 6
23 18 15
23 19 2
23 20 7
23 21 10
23 22 13
24 0 5
24 1 13
24 2 14
24 3 15
24 4 10
24 5 9
24 6 1
24 7 3
24 8 9
24 9 6
24 10 2
24 11 14
24 12 5
24 13 12
24 14 4
24 15 3
24 16 8
24 17 7
24 18 7
24 19 5
24 20 6
24 21 13
24 22 11
24 23 12
25 0 3
25 1 1
25 2 8
25 3 13
25 4 3
25 5 3
25 6 14
25 7 4
25 8 7
25 9 13
25 10 6
25 11 6
25 12 10
25 13 8
25 14 13
25 15 5
25 16 4
25 17 9
25 18 5
25 19 8
25 20 8
25 21 14
25 22 1
25 23 11
25 24 12
26 0 11
26 1 15
26 2 15
26 3 3
26 4 9
26 5 1
26 6 7
26 7 9
26 8 6
26 9 9
26 10 14
26 11 1
26 12 4
26 13 4
26 14 6
26 15 13
26 16 2
26 17 5
26 18 2
26 19 15
26 20 6
26 21 5
26 22 10
26 23 7
26 24 7
26 25 5
27 0 10
27 1 6
27 2 7
27 3 6
27 4 9
27 5 12
27 6 15
27 7 7
27 8 14
27 9 7
27 10 11
27 11 4
27 12 15
27 13 4
27 14 2
27 15 13
27 16 12
27 17 15
27 18 4
27 19 8
27 20 4
27 21 14
27 22 12
27 23 3
27 24 5
27 25 7
27 26 2
28 0 15
28 1 14
28 2 5
28 3 11
28 4 10
28 5 10
28 6 9
28 7 1
28 8 10
28 9 11
28 10 11
28 11 14
28 12 1
28 13 2
28 14 15
28 15 7
28 16 2
28 17 8
28 18 15
28 19 15
28 20 11
28 21 1
28 22 12
28 23 14
28 24 13
28 25 4
28 26 15
28 27 11
29 0 9
29 1 7
29 2 13
29 3 2
29 4 3
29 5 15
29 6 12
29 7 9
29 8 8
29 9 1
29 10 2
29 11 8
29 12 13
29 13 5
29 14 6
29 15 2
29 16 11
29 17 3
29 18 11
29 19 12
29 20 14
29 21 2
29 22 3
29 23 9
29 24 12
29 25 5
29 26 14
29 27 5
29 28 6
30 0 7
30 1 14
30 2 10
30 3 8
30 4 3
30 5 2
30 6 15
30 7 2
30 8 6
30 9 3
30 10 8
30 11 6
30 12 6
30 13 11
30 14 4
30 15 6
30 16 9
30 17 1
30 18 4
30 19 2
30 20 14
30 21 6
30 22 10
30 23 12
30 24 14
30 25 11
30 26 11
30 27 5
30 28 9
30 29 15
