47
1 0 5
2 0 3
2 1 6
3 0 9
3 1 10
3 2 8
4 0 7
4 1 8
4 2 10
4 3 5
5 0 2
5 1 7
5 2 2
5 3 8
5 4 5
6 0 8
6 1 10
6 2 9
6 3 2
6 4 10
6 5 3
7 0 2
7 1 3
7 2 8
7 3 2
7 4 9
7 5 8
7 6 5
8 0 4
8 1 4
8 2 3
8 3 8
8 4 5
8 5 2
8 6 3
8 7 9
9 0 4
9 1 8
9 2 3
9 3 7
9 4 6
9 5 9
9 6 8
9 7 7
9 8 3
10 0 8
10 1 9
10 2 10
10 3 9
10 4 2
10 5 6
10 6 6
10 7 6
10 8 7
10 9 4
11 0 2
11 1 1
11 2 8
11 3 7
11 4 7
11 5 2
11 6 4
11 7 6
11 8 3
11 9 9
11 10 2
12 0 3
12 1 3
12 2 8
12 3 9
12 4 10
12 5 3
12 6 2
12 7 8
12 8 1
12 9 9
12 10 2
12 11 4
13 0 5
13 1 2
13 2 3
13 3 4
13 4 1
13 5 10
13 6 1
13 7 1
13 8 1
13 9 2
13 10 5
13 11 9
13 12 3
14 0 5
14 1 2
14 2 6
14 3 1
14 4 6
14 5 4
14 6 8
14 7 4
14 8 6
14 9 5
14 10 3
14 11 7
14 12 1
14 13 3
15 0 9
15 1 9
15 2 10
15 3 7
15 4 8
15 5 6
15 6 7
15 7 8
15 8 2
15 9 3
15 10 3
15 11 5
15 12 10
15 13 3
15 14 6
16 0 1
16 1 9
16 2 3
16 3 4
16 4 6
16 5 9
16 6 6
16 7 2
16 8 10
16 9 1
16 10 4
16 11 1
16 12 9
16 13 3
16 14 6
16 15 7
17 0 1
17 1 4
17 2 9
17 3 5
17 4 7
17 5 10
17 6 10
17 7 6
17 8 5
17 9 7
17 10 8
17 11 1
17 12 7
17 13 7
17 14 1
17 15 9
17 16 3
18 0 5
18 1 7
18 2 7
18 3 7
18 4 6
18 5 5
18 6 5
18 7 1
18 8 9
18 9 6
18 10 3
18 11 10
18 12 5
18 13 4
18 14 10
18 15 3
18 16 6
18 17 2
19 0 3
19 1 10
19 2 1
19 3 2
19 4 2
19 5 5
19 6 3
19 7 9
19 8 2
19 9 2
19 10 5
19 11 10
19 12 8
19 13 9
19 14 10
19 15 7
19 16 9
19 17 7
19 18 1
20 0 4
20 1 1
20 2 1
20 3 4
20 4 3
20 5 7
20 6 6
20 7 4
20 8 1
20 9 4
20 10 3
20 11 10
20 12 3
20 13 8
20 14 8
20 15 1
20 16 8
20 17 4
20 18 9
20 19 9
21 0 9
21 1 8
21 2 5
21 3 5
21 4 2
21 5 1
21 6 6
21 7 2
21 8 10
21 9 2
21 10 2
21 11 5
21 12 8
21 13 9
21 14 3
21 15 8
21 16 6
21 17 3
21 18 6
21 19 1
21 20 1
22 0 4
22 1 1
22 2 9
22 3 10
22 4 2
22 5 10
22 6 5
22 7 10
22 8 4
22 9 5
22 10 8
22 11 6
22 12 7
22 13 8
22 14 10
22 15 10
22 16 7
22 17 3
22 18 3
22 19 5
22 20 1
22 21 7
23 0 10
23 1 1
23 2 1
23 3 9
23 4 5
23 5 3
23 6 10
23 7 5
23 8 6
23 9 6
23 10 2
23 11 2
23 12 8
23 13 5
23 14 4
23 15 1
23 16 4
23 17 5
23 18 2
23 19 10
23 20 7
23 21 1
23 22 10
24 0 6
24 1 2
24 2 6
24 3 5
24 4 1
24 5 8
24 6 7
24 7 2
24 8 10
24 9 2
24 10 7
24 11 10
24 12 8
24 13 2
24 14 5
24 15 10
24 16 1
24 17 5
24 18 10
24 19 1
24 20 9
24 21 4
24 22 3
24 23 6
25 0 4
25 1 7
25 2 5
25 3 10
25 4 10
25 5 8
25 6 1
25 7 4
25 8 8
25 9 6
25 10 6
25 11 10
25 12 3
25 13 4
25 14 3
25 15 2
25 16 10
25 17 3
25 18 3
25 19 5
25 20 4
25 21 8
25 22 8
25 23 7
25 24 7
26 0 4
26 1 5
26 2 1
26 3 3
26 4 2
26 5 5
26 6 4
26 7 8
26 8 9
26 9 10
26 10 9
26 11 4
26 12 9
26 13 4
26 14 9
26 15 9
26 16 3
26 17 10
26 18 4
26 19 4
26 20 5
26 21 6
26 22 7
26 23 10
26 24 9
26 25 3
27 0 5
27 1 5
27 2 5
27 3 1
27 4 10
27 5 1
27 6 6
27 7 8
27 8 5
27 9 2
27 10 2
27 11 6
27 12 6
27 13 1
27 14 3
27 15 3
27 16 4
27 17 8
27 18 3
27 19 8
27 20 4
27 21 8
27 22 10
27 23 7
27 24 5
27 25 2
27 26 7
28 0 4
28 1 9
28 2 5
28 3 9
28 4 7
28 5 5
28 6 3
28 7 8
28 8 1
28 9 8
28 10 9
28 11 4
28 12 3
28 13 2
28 14 1
28 15 5
28 16 7
28 17 7
28 18 8
28 19 9
28 20 5
28 21 8
28 22 9
28 23 8
28 24 10
28 25 1
28 26 10
28 27 2
29 0 10
29 1 2
29 2 8
29 3 1
29 4 9
29 5 10
29 6 3
29 7 1
29 8 2
29 9 3
29 10 9
29 11 6
29 12 5
29 13 6
29 14 6
29 15 10
29 16 8
29 17 6
29 18 4
29 19 4
29 20 1
29 21 6
29 22 3
29 23 5
29 24 3
29 25 8
29 26 6
29 27 9
29 28 8
30 0 1
30 1 7
30 2 8
30 3 1
30 4 8
30 5 7
30 6 3
30 7 10
30 8 4
30 9 4
30 10 6
30 11 10
30 12 4
30 13 6
30 14 2
30 15 3
30 16 1
30 17 10
30 18 5
30 19 2
30 20 8
30 21 3
30 22 5
30 23 2
30 24 8
30 25 7
30 26 9
30 27 1
30 28 2
30 29 7
31 0 8
31 1 2
31 2 7
31 3 4
31 4 9
31 5 8
31 6 9
31 7 5
31 8 6
31 9 1
31 10 8
31 11 5
31 12 3
31 13 2
31 14 4
31 15 6
31 16 2
31 17 3
31 18 8
31 19 1
31 20 10
31 21 8
31 22 2
31 23 10
31 24 7
31 25 5
31 26 1
31 27 1
31 28 4
31 29 1
31 30 2
32 0 3
32 1 3
32 2 1
32 3 3
32 4 6
32 5 8
32 6 5
32 7 5
32 8 6
32 9 5
32 10 2
32 11 4
32 12 5
32 13 4
32 14 6
32 15 7
32 16 6
32 17 7
32 18 7
32 19 10
32 20 8
32 21 6
32 22 7
32 23 2
32 24 5
32 25 10
32 26 5
32 27 2
32 28 5
32 29 6
32 30 2
32 31 10
33 0 7
33 1 8
33 2 6
33 3 7
33 4 2
33 5 8
33 6 5
33 7 9
33 8 4
33 9 6
33 10 9
33 11 4
33 12 5
33 13 1
33 14 7
33 15 9
33 16 1
33 17 2
33 18 6
33 19 1
33 20 4
33 21 5
33 22 10
33 23 6
33 24 7
33 25 3
33 26 1
33 27 1
33 28 8
33 29 6
33 30 1
33 31 4
33 32 2
34 0 8
34 1 1
34 2 8
34 3 9
34 4 2
34 5 1
34 6 10
34 7 2
34 8 6
34 9 7
34 10 9
34 11 5
34 12 10
34 13 9
34 14 6
34 15 2
34 16 9
34 17 4
34 18 5
34 19 3
34 20 8
34 21 3
34 22 1
34 23 5
34 24 2
34 25 10
34 26 7
34 27 9
34 28 10
34 29 4
34 30 2
34 31 5
34 32 1
34 33 1
35 0 10
35 1 2
35 2 8
35 3 10
35 4 10
35 5 4
35 6 2
35 7 5
35 8 7
35 9 7
35 10 7
35 11 4
35 12 6
35 13 9
35 14 3
35 15 8
35 16 6
35 17 2
35 18 9
35 19 2
35 20 9
35 21 10
35 22 3
35 23 8
35 24 3
35 25 8
35 26 9
35 27 3
35 28 9
35 29 5
35 30 6
35 31 3
35 32 5
35 33 3
35 34 4
36 0 10
36 1 7
36 2 1
36 3 6
36 4 3
36 5 7
36 6 10
36 7 4
36 8 2
36 9 7
36 10 7
36 11 7
36 12 5
36 13 10
36 14 1
36 15 3
36 16 3
36 17 2
36 18 10
36 19 3
36 20 4
36 21 3
36 22 3
36 23 6
36 24 2
36 25 2
36 26 4
36 27 10
36 28 6
36 29 4
36 30 2
36 31 8
36 32 9
36 33 3
36 34 9
36 35 9
37 0 5
37 1 8
37 2 6
37 3 10
37 4 3
37 5 9
37 6 3
37 7 8
37 8 9
37 9 1
37 10 3
37 11 4
37 12 10
37 13 8
37 14 5
37 15 5
37 16 10
37 17 4
37 18 6
37 19 3
37 20 2
37 21 2
37 22 7
37 23 8
37 24 5
37 25 8
37 26 6
37 27 6
37 28 2
37 29 8
37 30 10
37 31 7
37 32 5
37 33 8
37 34 6
37 35 4
37 36 6
38 0 3
38 1 8
38 2 10
38 3 2
38 4 8
38 5 3
38 6 3
38 7 4
38 8 4
38 9 9
38 10 7
38 11 3
38 12 3
38 13 7
38 14 7
38 15 5
38 16 5
38 17 4
38 18 4
38 19 5
38 20 4
38 21 3
38 22 4
38 23 5
38 24 5
38 25 4
38 26 5
38 27 5
38 28 5
38 29 4
38 30 2
38 31 10
38 32 6
38 33 6
38 34 4
38 35 4
38 36 9
38 37 3
39 0 8
39 1 10
39 2 6
39 3 2
39 4 3
39 5 8
39 6 4
39 7 9
39 8 1
39 9 2
39 10 4
39 11 6
39 12 3
39 13 5
39 14 1
39 15 9
39 16 9
39 17 4
39 18 7
39 19 3
39 20 7
39 21 7
39 22 8
39 23 3
39 24 10
39 25 3
39 26 1
39 27 7
39 28 8
39 29 5
39 30 6
39 31 5
39 32 4
39 33 10
39 34 10
39 35 9
39 36 2
39 37 3
39 38 1
40 0 7
40 1 3
40 2 3
40 3 3
40 4 1
40 5 5
40 6 10
40 7 6
40 8 8
40 9 6
40 10 3
40 11 7
40 12 10
40 13 5
40 14 9
40 15 9
40 16 2
40 17 1
40 18 4
40 19 1
40 20 1
40 21 5
40 22 1
40 23 1
40 24 9
40 25 5
40 26 7
40 27 6
40 28 7
40 29 9
40 30 10
40 31 4
40 32 5
40 33 9
40 34 1
40 35 4
40 36 10
40 37 6
40 38 8
40 39 7
41 0 6
41 1 3
41 2 8
41 3 3
41 4 3
41 5 8
41 6 1
41 7 7
41 8 7
41 9 10
41 10 2
41 11 6
41 12 8
41 13 10
41 14 3
41 15 9
41 16 8
41 17 2
41 18 6
41 19 10
41 20 3
41 21 6
41 22 4
41 23 5
41 24 4
41 25 3
41 26 7
41 27 6
41 28 9
41 29 7
41 30 10
41 31 1
41 32 5
41 33 7
41 34 8
41 35 3
41 36 7
41 37 7
41 38 1
41 39 7
41 40 2
42 0 10
42 1 8
42 2 4
42 3 9
42 4 2
42 5 5
42 6 10
42 7 9
42 8 6
42 9 1
42 10 3
42 11 8
42 12 1
42 13 7
42 14 1
42 15 3
42 16 5
42 17 5
42 18 1
42 19 10
42 20 3
42 21 4
42 22 7
42 23 2
42 24 6
42 25 9
42 26 8
42 27 7
42 28 9
42 29 7
42 30 3
42 31 6
42 32 3
42 33 2
42 34 3
42 35 3
42 36 9
42 37 7
42 38 5
42 39 6
42 40 4
42 41 8
43 0 9
43 1 7
43 2 9
43 3 4
43 4 3
43 5 6
43 6 1
43 7 9
43 8 9
43 9 8
43 10 7
43 11 2
43 12 3
43 13 10
43 14 2
43 15 1
43 16 2
43 17 4
43 18 3
43 19 9
43 20 1
43 21 10
43 22 6
43 23 9
43 24 10
43 25 1
43 26 8
43 27 4
43 28 9
43 29 9
43 30 6
43 31 5
43 32 1
43 33 6
43 34 4
43 35 7
43 36 9
43 37 1
43 38 10
43 39 5
43 40 8
43 41 7
43 42 7
44 0 2
44 1 10
44 2 6
44 3 6
44 4 5
44 5 10
44 6 8
44 7 7
44 8 4
44 9 1
44 10 2
44 11 10
44 12 1
44 13 10
44 14 5
44 15 5
44 16 6
44 17 2
44 18 1
44 19 8
44 20 2
44 21 3
44 22 5
44 23 5
44 24 3
44 25 9
44 26 9
44 27 3
44 28 3
44 29 2
44 30 5
44 31 7
44 32 7
44 33 9
44 34 6
44 35 3
44 36 4
44 37 6
44 38 7
44 39 1
44 40 5
44 41 7
44 42 6
44 43 2
45 0 7
45 1 8
45 2 8
45 3 5
45 4 10
45 5 6
45 6 5
45 7 10
45 8 1
45 9 1
45 10 9
45 11 1
45 12 5
45 13 10
45 14 3
45 15 6
45 16 2
45 17 1
45 18 7
45 19 9
45 20 7
45 21 5
45 22 9
45 23 9
45 24 4
45 25 10
45 26 8
45 27 2
45 28 10
45 29 1
45 30 9
45 31 8
45 32 6
45 33 2
45 34 3
45 35 2
45 36 9
45 37 9
45 38 9
45 39 6
45 40 5
45 41 1
45 42 6
45 43 7
45 44 2
46 0 4
46 1 2
46 2 8
46 3 5
46 4 4
46 5 4
46 6 1
46 7 8
46 8 2
46 9 4
46 10 5
46 11 3
46 12 2
46 13 8
46 14 1
46 15 4
46 16 5
46 17 5
46 18 8
46 19 9
46 20 6
46 21 8
46 22 9
46 23 2
46 24 3
46 25 6
46 26 6
46 27 1
46 28 10
46 29 8
46 30 10
46 31 1
46 32 1
46 33 9
46 34 1
46 35 9
46 36 8
46 37 5
46 38 9
46 39 3
46 40 8
46 41 4
46 42 1
46 43 2
46 44 3
46 45 4
