34
2 0 28
2 1 12
3 2 11
4 0 23
4 1 16
4 2 4
5 1 22
6 1 5
6 2 21
6 3 16
6 4 24
7 0 16
7 2 20
7 3 15
8 2 29
8 5 19
8 7 17
9 0 13
9 1 18
9 2 28
9 4 18
9 5 18
9 6 6
9 8 31
10 1 13
10 2 6
10 3 28
10 4 29
10 9 17
11 0 14
11 2 22
11 3 17
11 4 14
11 5 20
11 9 23
12 1 19
12 5 7
12 6 24
12 7 7
13 1 31
13 6 4
13 10 8
13 11 6
14 0 27
14 1 9
14 4 26
14 7 12
14 10 18
14 11 25
14 12 26
14 13 28
15 0 18
15 3 7
15 6 11
15 9 6
15 10 23
15 11 28
15 13 11
15 14 15
16 0 8
16 2 25
16 3 29
16 4 12
16 5 5
16 7 27
16 9 24
16 10 4
16 11 31
16 15 4
17 4 9
17 7 2
17 8 12
17 9 25
17 13 14
18 1 26
18 2 22
18 3 27
18 4 11
18 6 25
18 10 23
18 11 2
18 12 15
18 17 6
19 0 28
19 6 24
19 10 15
19 11 9
19 14 11
19 16 10
19 17 31
19 18 4
20 0 30
20 2 2
20 4 19
20 8 14
20 13 29
21 3 12
21 4 31
21 8 28
21 9 9
21 10 13
21 13 25
21 15 6
21 16 30
21 19 3
21 20 17
22 2 19
22 3 5
22 4 20
22 5 16
22 6 29
22 7 8
22 9 3
22 10 26
22 13 26
22 16 1
22 20 24
22 21 8
23 0 3
23 1 15
23 5 19
23 10 15
23 11 28
23 12 8
23 16 7
23 17 1
23 18 23
23 21 20
23 22 2
24 2 16
24 3 29
24 4 31
24 5 25
24 6 23
24 8 22
24 9 19
24 10 19
24 11 23
24 12 11
24 14 29
24 15 28
24 18 29
24 19 4
24 20 30
24 21 24
25 0 22
25 1 4
25 2 4
25 8 24
25 9 26
25 10 14
25 12 17
25 14 22
25 15 23
25 22 22
25 23 2
26 0 3
26 1 8
26 2 25
26 3 1
26 4 24
26 8 11
26 11 30
26 13 28
26 15 29
26 17 20
26 18 17
26 20 3
26 21 13
26 25 3
27 0 10
27 1 1
27 3 12
27 4 18
27 7 21
27 8 16
27 10 16
27 11 5
27 14 10
27 15 31
27 16 4
27 20 28
27 22 2
27 24 7
28 0 16
28 1 26
28 3 1
28 4 29
28 5 1
28 7 25
28 8 19
28 12 25
28 13 24
28 15 17
28 16 5
28 17 16
28 19 6
28 20 8
28 22 6
29 2 29
29 4 11
29 6 28
29 9 24
29 11 2
29 12 16
29 15 31
29 16 9
29 17 23
29 18 10
29 21 1
29 25 17
29 26 20
29 27 14
29 28 10
30 0 27
30 1 8
30 2 26
30 3 1
30 13 16
30 15 19
30 16 8
30 17 12
30 20 7
30 21 11
30 23 29
30 24 23
30 25 9
30 26 7
31 1 12
31 2 13
31 3 23
31 4 4
31 5 16
31 8 11
31 10 25
31 12 26
31 15 29
31 16 7
31 17 29
31 18 20
31 19 8
31 23 24
31 24 29
31 25 20
31 26 26
31 28 19
31 30 11
32 0 6
32 2 16
32 3 5
32 6 27
32 8 29
32 12 17
32 14 11
32 15 23
32 19 1
32 20 18
32 22 25
32 23 23
32 24 21
32 25 19
32 27 13
32 28 22
32 29 19
33 2 6
33 3 9
33 5 31
33 11 26
33 16 31
33 17 6
33 18 29
33 19 30
33 22 11
33 23 16
33 24 29
33 28 9
33 30 23
33 32 1
