60
3 0 1
4 2 14
4 3 24
5 3 27
5 4 27
6 0 7
6 4 18
7 4 16
7 5 11
8 0 15
8 1 12
8 3 25
8 4 6
8 6 6
9 0 26
9 1 6
9 6 28
9 7 27
10 1 37
10 3 36
10 4 8
10 5 34
10 6 38
10 8 35
11 3 21
11 4 39
11 6 15
11 10 30
12 1 36
12 6 41
12 7 28
12 8 40
12 9 15
12 10 35
13 3 33
13 4 7
13 6 20
13 7 24
13 12 26
14 1 11
14 4 3
14 8 12
14 11 3
14 13 4
15 0 35
15 1 15
15 2 6
15 4 24
15 6 1
15 7 23
15 8 1
15 13 16
15 14 34
16 1 25
16 2 11
16 3 11
16 5 11
16 6 36
16 7 21
16 10 21
16 11 4
16 13 14
16 14 13
17 0 12
17 2 21
17 3 38
17 7 32
17 8 14
17 11 27
17 13 39
17 16 40
18 1 18
18 5 11
18 6 26
18 11 1
18 12 27
18 13 3
18 14 31
18 15 3
18 16 20
18 17 20
19 1 9
19 2 37
19 8 12
19 13 12
19 15 38
19 17 7
19 18 36
20 3 13
20 11 2
20 12 40
20 13 4
20 14 41
20 17 11
21 0 5
21 1 1
21 2 19
21 3 8
21 4 38
21 5 42
21 7 24
21 9 36
21 11 2
21 14 42
21 15 41
21 16 3
22 0 8
22 3 35
22 4 18
22 5 41
22 8 42
22 11 14
22 12 11
22 13 8
22 16 9
22 17 32
22 21 6
23 2 31
23 3 36
23 4 9
23 6 25
23 7 37
23 8 7
23 10 7
23 11 10
23 14 18
23 15 33
23 16 29
23 18 35
23 19 6
23 20 18
24 0 30
24 1 2
24 4 18
24 5 19
24 6 6
24 8 1
24 9 4
24 10 17
24 11 42
24 13 24
24 14 16
24 15 8
24 16 23
24 18 25
24 20 42
25 0 27
25 1 15
25 3 39
25 4 26
25 7 24
25 8 7
25 9 25
25 11 37
25 12 29
25 13 20
25 15 38
25 16 2
25 19 29
25 20 13
25 23 24
25 24 34
26 1 28
26 6 7
26 7 15
26 10 31
26 11 17
26 16 5
26 18 30
26 21 7
26 24 40
27 4 22
27 5 30
27 6 19
27 13 12
27 14 36
27 16 32
27 17 15
27 19 34
27 25 37
28 0 30
28 1 13
28 3 4
28 5 40
28 8 30
28 9 26
28 10 12
28 11 4
28 12 39
28 14 24
28 17 26
28 19 7
28 23 38
28 24 16
28 25 41
29 0 21
29 2 23
29 8 37
29 9 1
29 10 33
29 11 26
29 12 37
29 14 3
29 17 25
29 18 7
29 24 17
30 0 4
30 4 38
30 5 22
30 6 21
30 7 14
30 8 13
30 9 19
30 10 20
30 11 40
30 13 18
30 14 22
30 15 16
30 16 27
30 17 25
30 19 32
30 21 16
30 22 22
30 25 36
31 0 36
31 1 28
31 4 34
31 5 34
31 7 25
31 11 34
31 14 23
31 16 19
31 18 42
31 21 2
31 22 13
31 23 22
31 28 31
31 29 15
31 30 14
32 0 17
32 1 33
32 2 3
32 3 24
32 6 33
32 8 2
32 9 22
32 10 5
32 11 41
32 12 7
32 14 4
32 17 24
32 19 6
32 20 9
32 21 31
32 22 15
32 23 35
32 27 39
32 30 9
33 0 38
33 2 27
33 4 20
33 5 38
33 6 10
33 7 29
33 9 8
33 10 9
33 11 26
33 12 22
33 14 22
33 18 42
33 20 3
33 21 42
33 22 21
33 26 37
33 28 29
33 29 26
33 31 26
34 0 38
34 1 34
34 5 40
34 8 10
34 10 6
34 12 9
34 14 38
34 16 8
34 19 9
34 21 41
34 22 21
34 26 13
34 28 3
34 29 20
34 30 17
34 31 28
34 32 12
35 1 30
35 9 25
35 11 26
35 12 37
35 13 28
35 15 12
35 17 14
35 18 28
35 19 12
35 21 10
35 22 40
35 23 6
35 24 42
35 25 37
35 26 24
35 29 2
35 31 16
35 32 7
35 33 23
35 34 13
36 0 39
36 3 18
36 4 17
36 5 29
36 6 3
36 7 28
36 10 35
36 11 41
36 12 40
36 15 16
36 16 41
36 18 39
36 20 4
36 22 37
36 23 17
36 24 5
36 25 28
36 26 24
36 27 1
36 28 17
36 29 28
36 33 41
37 3 2
37 4 42
37 5 40
37 6 40
37 7 18
37 8 6
37 9 21
37 10 28
37 11 32
37 13 26
37 14 32
37 15 39
37 16 28
37 17 39
37 20 7
37 21 19
37 23 18
37 26 38
37 28 36
37 29 16
37 32 27
37 34 33
37 35 42
38 0 29
38 4 18
38 5 42
38 6 7
38 7 19
38 8 1
38 12 42
38 13 15
38 14 19
38 17 8
38 18 27
38 19 39
38 20 6
38 21 2
38 22 40
38 27 39
38 28 35
38 30 22
38 32 2
38 36 13
38 37 13
39 0 1
39 1 36
39 6 35
39 8 19
39 9 31
39 12 23
39 19 29
39 22 36
39 24 34
39 28 8
39 29 39
39 30 10
39 32 2
39 35 24
39 36 26
40 0 2
40 2 41
40 3 22
40 5 39
40 7 14
40 8 39
40 9 39
40 11 37
40 14 11
40 15 10
40 16 37
40 21 1
40 22 17
40 23 10
40 26 13
40 27 20
40 29 13
40 31 38
40 32 10
40 36 36
40 37 17
40 38 38
41 1 22
41 7 13
41 8 26
41 9 23
41 12 39
41 13 25
41 14 16
41 17 29
41 18 33
41 20 33
41 25 16
41 26 38
41 28 26
41 30 12
41 31 3
41 33 32
41 34 37
41 35 3
41 38 1
41 39 17
41 40 10
42 0 15
42 1 13
42 3 12
42 5 18
42 7 26
42 10 11
42 11 29
42 12 20
42 13 42
42 15 6
42 18 4
42 21 21
42 22 7
42 24 26
42 26 26
42 27 24
42 28 31
42 29 1
42 30 37
42 31 29
42 32 38
42 33 25
42 35 32
42 36 28
42 37 17
42 38 26
42 40 11
43 1 35
43 2 35
43 4 5
43 8 14
43 9 4
43 10 6
43 11 1
43 12 27
43 13 12
43 15 7
43 17 33
43 18 1
43 19 32
43 21 1
43 24 14
43 27 24
43 29 35
43 30 25
43 33 23
43 34 21
43 35 42
43 36 28
43 37 20
43 40 35
43 41 8
44 0 3
44 1 29
44 2 14
44 3 17
44 4 2
44 5 13
44 6 9
44 11 3
44 12 1
44 17 31
44 19 30
44 23 27
44 25 34
44 26 10
44 30 1
44 32 32
44 33 37
44 34 29
44 35 31
44 40 4
44 42 20
44 43 31
45 8 25
45 10 24
45 11 7
45 13 30
45 14 17
45 15 42
45 16 41
45 24 4
45 26 6
45 28 18
45 31 21
45 34 27
45 35 36
45 37 35
45 40 37
45 41 24
45 43 33
46 0 24
46 1 35
46 4 13
46 5 6
46 6 23
46 7 31
46 10 4
46 11 41
46 12 7
46 13 32
46 15 15
46 19 7
46 20 40
46 21 40
46 23 39
46 25 8
46 30 14
46 31 19
46 32 25
46 35 16
46 36 18
46 38 3
46 41 20
46 45 29
47 5 13
47 6 8
47 7 39
47 13 22
47 14 42
47 15 27
47 16 1
47 17 23
47 19 20
47 20 38
47 22 11
47 24 36
47 26 23
47 28 31
47 29 23
47 31 29
47 32 37
47 38 29
47 39 14
47 40 39
47 42 40
47 43 42
47 44 8
47 46 24
48 3 29
48 4 6
48 6 23
48 12 36
48 13 31
48 15 12
48 16 20
48 20 18
48 22 40
48 23 18
48 26 39
48 35 35
48 36 21
48 37 7
48 39 15
48 40 36
48 41 13
48 46 23
49 1 29
49 2 20
49 3 38
49 5 33
49 6 30
49 7 29
49 8 33
49 9 18
49 11 3
49 14 29
49 15 31
49 16 27
49 17 8
49 18 11
49 20 12
49 22 3
49 23 2
49 28 10
49 29 4
49 30 30
49 31 41
49 32 28
49 42 12
49 43 39
49 46 20
49 48 12
50 0 6
50 1 20
50 2 6
50 3 11
50 4 8
50 5 17
50 9 19
50 13 42
50 16 8
50 17 22
50 20 6
50 21 12
50 24 19
50 25 19
50 26 39
50 28 22
50 29 10
50 30 6
50 32 27
50 35 42
50 45 9
50 48 2
51 0 19
51 1 13
51 2 20
51 4 30
51 8 1
51 10 38
51 11 29
51 13 1
51 14 6
51 15 30
51 16 10
51 18 1
51 20 13
51 21 18
51 23 23
51 24 31
51 25 20
51 26 5
51 29 19
51 30 17
51 33 4
51 34 2
51 35 9
51 36 5
51 38 35
51 43 12
51 45 8
51 47 14
51 48 41
51 50 30
52 0 11
52 3 42
52 5 38
52 7 40
52 8 36
52 9 35
52 13 9
52 14 33
52 15 35
52 16 5
52 18 36
52 20 35
52 21 22
52 22 6
52 23 41
52 27 10
52 28 11
52 31 27
52 33 24
52 35 22
52 41 3
52 45 28
52 49 4
52 50 28
52 51 9
53 0 28
53 1 14
53 7 20
53 10 31
53 12 32
53 13 30
53 14 24
53 16 24
53 17 9
53 20 2
53 23 22
53 26 16
53 27 22
53 28 42
53 30 38
53 35 21
53 36 17
53 39 40
53 40 3
53 41 20
53 42 9
53 43 24
53 44 15
53 45 7
53 50 21
54 3 35
54 5 32
54 7 27
54 8 5
54 10 16
54 13 22
54 14 28
54 16 25
54 18 42
54 19 6
54 20 42
54 23 35
54 24 25
54 25 7
54 26 14
54 27 22
54 28 22
54 29 40
54 30 10
54 31 6
54 32 8
54 33 21
54 34 41
54 37 16
54 38 24
54 41 20
54 44 38
54 45 36
54 46 36
54 47 27
54 48 14
54 49 34
54 52 38
55 0 21
55 1 13
55 5 20
55 6 21
55 7 4
55 10 20
55 11 38
55 13 16
55 14 42
55 15 37
55 17 19
55 20 10
55 21 11
55 22 14
55 24 8
55 25 27
55 26 26
55 30 18
55 31 23
55 33 5
55 37 38
55 38 16
55 43 38
55 44 29
55 45 12
55 46 30
55 50 28
55 53 42
56 0 6
56 3 38
56 4 37
56 5 16
56 6 27
56 7 9
56 9 32
56 10 1
56 15 21
56 20 25
56 21 36
56 24 3
56 26 14
56 27 6
56 29 19
56 30 12
56 32 15
56 33 34
56 34 26
56 35 19
56 36 5
56 37 7
56 38 25
56 40 15
56 41 29
56 47 15
56 48 7
56 50 31
56 51 41
56 53 34
56 55 15
57 1 42
57 2 35
57 3 42
57 5 8
57 6 26
57 8 35
57 13 26
57 14 35
57 18 8
57 21 42
57 22 19
57 24 38
57 25 1
57 27 33
57 30 10
57 32 26
57 34 4
57 42 21
57 43 32
57 44 15
57 45 19
57 47 32
57 50 37
57 52 31
57 53 2
57 55 35
58 0 21
58 1 12
58 2 26
58 3 4
58 4 31
58 9 37
58 11 2
58 13 26
58 14 22
58 18 5
58 19 14
58 22 13
58 24 12
58 26 17
58 27 31
58 28 31
58 29 7
58 31 42
58 32 19
58 34 32
58 36 38
58 37 5
58 38 2
58 40 28
58 43 10
58 44 39
58 47 16
58 48 10
58 51 32
58 52 5
58 53 36
58 54 13
58 55 37
58 56 33
58 57 40
59 4 23
59 8 5
59 11 16
59 12 21
59 14 29
59 21 10
59 25 35
59 26 25
59 30 35
59 31 11
59 32 41
59 35 24
59 40 29
59 41 24
59 43 11
59 46 2
59 50 35
59 53 11
59 54 37
59 55 13
59 57 21
59 58 40
