64
2 0 9
2 1 6
3 0 7
3 1 10
4 1 11
4 2 9
4 3 7
5 0 11
5 1 5
5 3 5
5 4 11
6 0 6
6 1 12
6 2 12
6 5 5
7 0 5
7 2 6
7 3 4
7 4 1
8 3 5
8 4 6
8 6 7
8 7 11
9 3 5
9 8 5
10 0 5
10 4 4
10 6 8
10 8 7
10 9 7
11 0 8
11 1 9
11 2 4
11 5 1
11 6 7
11 7 10
11 8 2
11 9 3
12 1 3
12 3 11
12 5 8
12 8 2
12 10 12
13 0 9
13 2 2
13 3 4
13 6 5
13 7 4
13 9 7
14 0 5
14 2 11
14 3 11
14 6 9
14 7 6
14 8 6
14 10 2
14 12 11
15 0 10
15 2 9
15 4 10
15 7 10
15 8 4
15 9 1
15 10 1
15 11 12
15 14 10
16 0 3
16 1 11
16 2 4
16 5 10
16 6 4
16 9 8
16 10 12
16 12 1
16 13 7
16 14 6
16 15 3
17 1 12
17 3 2
17 4 8
17 6 12
17 9 5
17 10 11
17 13 12
17 14 10
18 0 11
18 1 9
18 3 2
18 10 6
18 11 2
18 16 9
19 1 3
19 2 12
19 3 5
19 4 4
19 5 5
19 6 9
19 11 8
19 12 4
19 13 4
19 14 4
19 15 4
19 16 6
19 18 10
20 0 9
20 1 11
20 2 7
20 9 4
20 12 1
20 15 4
20 16 5
20 17 11
20 19 10
21 1 10
21 2 3
21 4 5
21 7 8
21 9 3
21 10 3
21 11 7
21 12 4
21 14 5
21 19 2
22 3 3
22 4 6
22 5 11
22 6 5
22 7 7
22 8 6
22 10 2
22 11 9
22 14 6
22 15 8
22 16 2
22 19 6
22 20 9
22 21 7
23 1 10
23 4 10
23 6 9
23 7 10
23 9 11
23 10 6
23 16 4
23 17 11
23 20 11
24 1 12
24 2 1
24 6 9
24 10 4
24 12 6
24 13 9
24 14 3
24 15 2
24 16 3
24 22 6
24 23 8
25 6 12
25 7 6
25 8 2
25 12 5
25 14 9
25 17 2
25 18 2
25 20 10
25 21 1
25 22 10
25 24 2
26 3 7
26 4 3
26 5 6
26 7 5
26 11 12
26 12 8
26 13 1
26 15 2
26 16 2
26 19 3
26 21 4
26 23 1
27 2 12
27 5 2
27 6 3
27 7 9
27 9 11
27 10 7
27 12 8
27 16 12
27 19 9
27 20 11
27 21 8
27 22 9
28 3 2
28 4 8
28 6 3
28 9 8
28 11 2
28 15 9
28 16 6
28 17 4
28 19 2
28 22 11
28 24 2
29 2 5
29 3 2
29 4 5
29 5 9
29 7 12
29 8 1
29 9 1
29 12 5
29 15 5
29 16 8
29 20 3
29 21 7
29 22 11
29 23 4
29 25 7
29 27 5
30 1 5
30 3 1
30 5 2
30 14 12
30 22 11
30 23 2
30 24 6
30 27 10
30 28 12
30 29 8
31 3 12
31 5 4
31 8 5
31 11 7
31 14 7
31 15 8
31 18 5
31 20 4
31 21 8
31 24 5
31 29 9
31 30 7
32 0 9
32 1 8
32 2 11
32 4 10
32 5 2
32 6 3
32 7 10
32 11 9
32 13 8
32 14 1
32 15 1
32 16 12
32 18 11
32 19 2
32 20 9
32 22 11
32 30 3
32 31 7
33 0 10
33 1 8
33 2 7
33 4 10
33 6 6
33 8 11
33 13 6
33 14 4
33 15 12
33 16 10
33 20 2
33 22 12
33 23 6
34 1 9
34 9 9
34 12 6
34 14 2
34 17 12
34 19 6
34 21 9
34 25 12
34 27 8
34 29 3
34 30 11
34 33 11
35 0 7
35 3 5
35 4 2
35 9 1
35 10 1
35 13 12
35 15 7
35 19 8
35 21 4
35 22 12
35 27 4
35 33 2
36 0 9
36 1 10
36 3 11
36 4 7
36 5 10
36 7 12
36 8 2
36 12 4
36 13 11
36 15 3
36 16 11
36 19 12
36 20 11
36 21 11
36 22 6
36 24 10
36 27 7
36 32 6
37 1 3
37 2 4
37 3 6
37 6 9
37 8 1
37 12 7
37 13 9
37 17 11
37 19 5
37 20 8
37 22 9
37 24 9
37 25 12
37 28 9
37 29 11
37 32 5
37 34 1
37 35 6
37 36 12
38 1 3
38 4 9
38 6 3
38 9 3
38 14 9
38 15 10
38 19 12
38 20 12
38 24 10
38 25 4
38 26 7
38 27 3
38 28 6
38 30 8
38 31 4
38 36 2
39 1 2
39 4 9
39 5 9
39 6 5
39 10 8
39 13 2
39 15 8
39 18 1
39 20 1
39 24 11
39 30 6
39 34 4
39 35 9
39 36 8
39 38 5
40 1 4
40 2 10
40 3 8
40 7 6
40 8 3
40 9 3
40 10 8
40 11 7
40 12 2
40 15 12
40 17 4
40 22 8
40 23 12
40 24 1
40 25 5
40 30 12
40 34 9
40 35 11
41 0 6
41 1 4
41 2 11
41 5 7
41 8 6
41 9 6
41 10 7
41 11 3
41 12 11
41 13 1
41 14 11
41 15 8
41 17 3
41 18 12
41 19 5
41 20 11
41 21 12
41 25 12
41 26 8
41 27 12
41 31 9
41 32 4
41 33 4
41 36 3
41 38 5
41 39 10
42 4 9
42 11 1
42 13 12
42 15 8
42 16 11
42 18 9
42 23 11
42 25 4
42 26 3
42 28 3
42 33 8
42 34 7
42 36 10
42 37 6
42 38 1
42 39 3
42 41 10
43 3 4
43 4 12
43 6 11
43 9 9
43 10 4
43 11 3
43 14 4
43 16 8
43 18 6
43 20 4
43 21 9
43 22 5
43 23 11
43 27 9
43 28 11
43 31 8
43 35 4
43 37 9
43 38 10
43 40 11
43 41 6
44 0 6
44 4 10
44 5 1
44 7 5
44 10 3
44 11 4
44 16 12
44 17 3
44 20 1
44 22 9
44 23 8
44 24 5
44 27 4
44 28 5
44 30 5
44 32 6
44 35 5
44 36 12
44 38 12
44 42 12
45 5 4
45 7 3
45 10 7
45 12 12
45 13 12
45 14 2
45 15 7
45 16 2
45 18 4
45 20 6
45 21 9
45 22 6
45 23 7
45 24 6
45 27 11
45 28 10
45 29 3
45 30 9
45 31 8
45 33 11
45 34 8
45 35 1
45 36 10
45 39 1
45 40 8
45 41 6
45 43 7
45 44 4
46 1 3
46 3 2
46 4 2
46 6 3
46 10 7
46 11 3
46 13 1
46 15 10
46 17 9
46 21 6
46 23 9
46 24 10
46 26 11
46 31 5
46 33 12
46 35 5
46 37 8
46 42 7
46 44 12
46 45 4
47 0 4
47 1 4
47 2 6
47 4 2
47 6 9
47 8 7
47 9 2
47 10 1
47 12 11
47 13 11
47 17 11
47 20 11
47 23 3
47 24 11
47 26 12
47 28 5
47 32 9
47 34 4
47 37 4
47 38 1
47 39 9
47 42 8
47 43 5
47 44 10
48 2 6
48 3 1
48 4 8
48 5 7
48 6 7
48 8 7
48 11 10
48 13 5
48 16 2
48 18 10
48 19 8
48 20 12
48 21 1
48 22 12
48 24 7
48 25 4
48 31 2
48 33 4
48 35 6
48 39 9
48 44 2
48 45 6
49 3 3
49 6 6
49 10 9
49 12 12
49 16 6
49 19 5
49 20 1
49 23 12
49 24 11
49 26 7
49 27 2
49 28 11
49 29 10
49 32 6
49 34 6
49 35 2
49 36 10
49 37 5
49 40 9
49 42 8
49 45 7
49 46 6
49 48 5
50 4 9
50 6 11
50 7 5
50 9 4
50 10 3
50 12 3
50 13 1
50 19 9
50 20 3
50 21 6
50 22 9
50 24 5
50 26 3
50 27 7
50 32 1
50 36 3
50 38 3
50 42 1
50 43 9
50 47 3
50 49 7
51 7 10
51 8 4
51 9 12
51 10 10
51 13 10
51 15 9
51 18 7
51 20 9
51 21 6
51 24 10
51 25 11
51 26 9
51 30 6
51 31 1
51 32 12
51 36 9
51 37 4
51 39 8
51 40 10
51 41 12
51 42 3
51 43 9
51 49 11
52 0 6
52 2 8
52 3 1
52 6 7
52 9 10
52 10 5
52 11 12
52 16 7
52 18 10
52 23 8
52 25 9
52 29 12
52 30 4
52 31 11
52 32 5
52 33 1
52 36 1
52 37 5
52 38 7
52 40 8
52 42 1
52 43 10
52 44 7
52 45 2
52 47 10
52 49 2
52 50 3
53 0 4
53 2 9
53 3 6
53 6 4
53 8 4
53 11 10
53 17 4
53 18 7
53 22 1
53 25 6
53 27 12
53 28 11
53 29 7
53 33 12
53 36 1
53 37 10
53 42 9
53 44 6
53 45 1
53 47 1
53 49 12
53 51 7
54 3 11
54 5 5
54 9 6
54 10 9
54 11 5
54 13 12
54 16 7
54 18 4
54 19 10
54 20 9
54 22 10
54 23 10
54 25 12
54 26 11
54 27 3
54 28 11
54 29 4
54 36 9
54 37 8
54 39 6
54 42 10
54 45 10
54 47 6
54 49 7
54 50 4
54 51 11
54 52 11
55 1 11
55 2 7
55 3 6
55 4 12
55 7 7
55 8 5
55 10 8
55 12 3
55 13 5
55 14 10
55 15 8
55 18 3
55 19 9
55 20 11
55 21 11
55 23 2
55 24 4
55 25 11
55 26 11
55 27 2
55 28 3
55 29 2
55 31 6
55 32 8
55 33 9
55 38 6
55 39 11
55 45 6
55 47 1
55 51 2
55 53 1
55 54 6
56 0 11
56 2 12
56 3 9
56 6 11
56 8 6
56 10 5
56 11 5
56 12 12
56 15 5
56 16 12
56 17 5
56 19 3
56 20 5
56 22 4
56 23 3
56 27 11
56 28 2
56 29 6
56 35 9
56 37 11
56 38 1
56 39 7
56 45 5
56 46 12
56 47 9
56 52 3
56 54 3
57 2 11
57 3 5
57 5 6
57 6 12
57 10 11
57 12 10
57 14 11
57 17 5
57 20 5
57 34 7
57 37 1
57 41 7
57 42 3
57 43 3
57 44 5
57 45 2
57 46 5
57 48 11
57 52 6
57 55 7
57 56 6
58 4 6
58 6 5
58 7 2
58 8 3
58 10 3
58 11 10
58 12 3
58 13 3
58 16 4
58 19 7
58 23 11
58 24 12
58 25 8
58 27 9
58 30 10
58 32 9
58 33 10
58 34 11
58 35 11
58 36 3
58 37 11
58 38 10
58 39 9
58 40 5
58 43 2
58 44 9
58 48 7
58 49 11
58 53 8
58 54 1
59 0 5
59 1 10
59 2 8
59 3 9
59 4 11
59 6 5
59 7 1
59 8 9
59 9 9
59 12 8
59 13 6
59 14 2
59 19 7
59 20 11
59 23 4
59 24 12
59 25 7
59 27 6
59 29 5
59 35 6
59 36 2
59 37 7
59 40 7
59 41 7
59 42 1
59 48 12
59 49 5
59 50 2
59 52 9
59 53 3
59 55 10
59 57 4
60 5 6
60 6 1
60 8 3
60 9 3
60 10 1
60 12 4
60 13 1
60 18 10
60 21 7
60 22 1
60 24 11
60 25 4
60 26 4
60 28 11
60 29 1
60 30 7
60 31 12
60 34 7
60 36 1
60 37 11
60 38 8
60 39 5
60 40 5
60 41 11
60 43 9
60 46 11
60 47 4
60 49 9
60 50 8
60 55 9
60 57 10
60 59 7
61 3 6
61 5 4
61 6 6
61 7 9
61 8 11
61 9 7
61 13 6
61 14 1
61 19 9
61 22 7
61 27 6
61 28 5
61 32 2
61 33 7
61 35 9
61 37 6
61 38 8
61 39 3
61 41 3
61 42 3
61 44 7
61 45 7
61 47 5
61 48 3
61 55 4
61 57 6
61 60 10
62 0 6
62 3 1
62 7 6
62 8 1
62 11 10
62 12 7
62 15 3
62 16 4
62 17 6
62 18 8
62 20 3
62 21 2
62 24 1
62 26 11
62 31 10
62 34 7
62 35 3
62 37 4
62 38 9
62 39 11
62 42 7
62 44 11
62 47 1
62 48 2
62 52 2
62 54 3
62 56 5
62 58 2
62 61 1
63 1 11
63 5 11
63 6 6
63 13 5
63 15 12
63 16 10
63 19 6
63 22 2
63 23 11
63 24 5
63 25 12
63 26 7
63 28 12
63 31 11
63 32 5
63 33 10
63 35 7
63 36 9
63 37 5
63 38 1
63 39 10
63 42 9
63 44 9
63 47 3
63 54 12
63 55 8
63 56 11
63 62 4
