18
1 0 13
2 0 5
2 1 15
3 0 9
3 1 15
3 2 2
4 0 6
4 1 12
4 2 22
4 3 17
5 0 15
5 1 15
5 2 14
5 3 15
5 4 19
6 0 5
6 1 20
6 2 3
6 3 7
6 4 3
6 5 12
7 0 12
7 1 16
7 2 16
7 3 13
7 4 14
7 5 11
7 6 7
8 0 9
8 1 15
8 2 16
8 3 3
8 4 20
8 5 15
8 6 16
8 7 10
9 0 22
9 1 13
9 2 5
9 3 23
9 4 22
9 5 1
9 6 12
9 7 17
9 8 2
10 0 11
10 1 7
10 2 11
10 3 10
10 4 13
10 5 19
10 6 14
10 7 23
10 8 23
10 9 5
11 0 21
11 1 10
11 2 3
11 3 15
11 4 20
11 5 19
11 6 14
11 7 14
11 8 13
11 9 17
11 10 8
12 0 22
12 1 2
12 2 17
12 3 8
12 4 5
12 5 21
12 6 2
12 7 3
12 8 20
12 9 18
12 10 11
12 11 18
13 0 11
13 1 22
13 2 9
13 3 6
13 4 17
13 5 21
13 6 14
13 7 22
13 8 12
13 9 16
13 10 9
13 11 19
13 12 23
14 0 23
14 1 22
14 2 15
14 3 14
14 4 6
14 5 19
14 6 11
14 7 14
14 8 17
14 9 16
14 10 16
14 11 22
14 12 22
14 13 5
15 0 15
15 1 1
15 2 2
15 3 4
15 4 4
15 5 2
15 6 20
15 7 12
15 8 15
15 9 10
15 10 20
15 11 20
15 12 13
15 13 16
15 14 7
16 0 19
16 1 14
16 2 1
16 3 5
16 4 16
16 5 19
16 6 20
16 7 1
16 8 2
16 9 10
16 10 12
16 11 17
16 12 17
16 13 21
16 14 16
16 15 11
17 0 6
17 1 15
17 2 22
17 3 9
17 4 7
17 5 7
17 6 15
17 7 4
17 8 1
17 9 18
17 10 15
17 11 10
17 12 23
17 13 13
17 14 23
17 15 14
17 16 3
