56
1 0 41
3 1 32
4 2 43
5 2 16
5 3 15
5 4 2
6 1 9
6 2 3
6 4 44
6 5 13
7 0 7
7 1 38
7 2 5
7 3 3
7 6 36
8 0 4
8 2 36
8 5 28
8 6 23
9 1 24
9 3 23
9 4 10
9 7 15
10 1 38
10 2 42
10 4 43
10 6 21
10 7 27
11 0 2
11 5 23
11 6 39
11 7 3
12 1 22
12 3 18
12 6 35
12 7 9
12 8 13
12 10 24
12 11 26
13 0 11
13 2 29
13 9 29
13 12 12
14 0 41
14 2 36
14 3 32
14 6 9
14 7 38
14 9 23
14 11 7
15 0 5
15 1 2
15 2 43
15 3 4
15 4 6
15 6 23
15 7 24
15 9 5
15 11 20
15 12 22
15 13 8
16 0 1
16 2 11
16 3 15
16 5 44
16 7 28
16 12 2
17 0 17
17 2 27
17 3 19
17 6 36
17 7 31
17 10 32
17 11 30
17 13 8
17 15 10
18 6 20
18 10 22
18 13 22
19 0 12
19 1 17
19 5 25
19 7 17
19 10 41
19 13 6
19 16 2
19 17 20
19 18 37
20 1 31
20 4 32
20 8 23
20 9 30
20 10 9
20 11 28
20 14 3
20 15 43
20 17 4
21 0 43
21 1 19
21 3 2
21 10 19
21 11 3
21 12 12
21 14 21
21 16 39
22 2 35
22 3 29
22 5 21
22 6 37
22 8 23
22 9 22
22 10 9
22 11 15
22 12 25
22 13 34
22 16 22
22 17 13
23 0 26
23 1 37
23 2 26
23 4 14
23 5 8
23 10 36
23 11 1
23 13 26
23 14 7
23 16 1
23 17 5
23 19 36
23 20 16
24 0 40
24 1 29
24 4 1
24 9 5
24 11 28
24 12 24
24 13 2
24 14 9
24 15 1
24 17 22
24 19 39
24 20 35
24 22 13
24 23 7
25 0 31
25 1 33
25 3 43
25 5 15
25 6 26
25 7 44
25 9 41
25 10 10
25 15 35
25 17 11
25 20 5
25 24 41
26 5 41
26 6 20
26 7 39
26 9 23
26 10 8
26 11 20
26 13 25
26 14 43
26 15 2
26 17 9
26 24 10
27 0 32
27 2 15
27 3 28
27 8 6
27 9 38
27 12 22
27 15 30
27 18 29
27 20 5
27 23 38
27 25 12
28 1 22
28 3 23
28 4 41
28 7 30
28 8 33
28 12 1
28 13 32
28 14 28
28 15 39
28 16 7
28 26 17
29 0 26
29 1 39
29 2 39
29 4 21
29 7 36
29 8 5
29 10 31
29 14 13
29 17 17
29 19 5
29 21 5
29 22 9
29 26 6
29 27 42
29 28 21
30 0 37
30 3 26
30 4 32
30 5 12
30 8 10
30 9 24
30 11 28
30 13 32
30 15 9
30 16 23
30 17 21
30 20 39
30 21 2
30 22 30
30 23 35
30 25 32
30 27 32
30 28 22
30 29 14
31 3 26
31 4 2
31 5 32
31 6 19
31 7 36
31 9 24
31 10 6
31 11 41
31 13 22
31 14 23
31 15 13
31 16 6
31 17 20
31 19 34
31 21 36
31 24 20
31 25 38
31 26 26
31 28 29
31 29 41
31 30 37
32 1 32
32 2 44
32 5 9
32 6 35
32 9 40
32 12 8
32 13 28
32 14 14
32 15 41
32 16 33
32 19 31
32 23 5
32 24 15
32 25 33
32 27 8
32 29 37
33 0 39
33 2 24
33 5 44
33 6 1
33 7 2
33 8 13
33 9 13
33 11 27
33 13 44
33 16 20
33 17 14
33 18 43
33 19 41
33 20 12
33 22 38
33 23 17
33 24 5
33 25 15
33 28 33
33 29 31
33 31 40
34 0 14
34 1 42
34 2 19
34 3 22
34 4 5
34 6 17
34 7 41
34 9 24
34 13 2
34 15 30
34 17 7
34 18 10
34 20 9
34 23 2
34 24 21
34 26 20
34 27 44
34 28 39
35 1 21
35 2 31
35 4 18
35 5 5
35 6 18
35 7 15
35 9 42
35 10 29
35 11 35
35 12 28
35 13 44
35 15 2
35 16 37
35 18 40
35 21 14
35 23 18
35 26 11
35 29 39
35 30 15
35 34 42
36 0 2
36 1 37
36 8 9
36 9 4
36 10 37
36 13 6
36 16 20
36 17 7
36 18 30
36 20 5
36 21 20
36 22 25
36 23 1
36 24 27
36 28 7
37 0 25
37 1 15
37 4 1
37 6 1
37 8 26
37 9 15
37 13 6
37 14 5
37 15 44
37 16 39
37 17 31
37 18 5
37 21 16
37 24 16
37 25 17
37 28 15
37 30 30
37 31 32
37 33 25
37 34 19
37 35 41
38 2 23
38 3 8
38 8 44
38 10 11
38 11 12
38 12 19
38 16 2
38 17 32
38 19 21
38 21 4
38 24 6
38 26 12
38 27 24
38 28 19
38 31 15
38 32 41
38 35 26
39 0 39
39 2 17
39 6 17
39 8 14
39 11 24
39 17 21
39 19 42
39 23 36
39 24 20
39 25 42
39 27 20
39 29 36
39 30 18
39 36 39
39 37 12
39 38 11
40 3 39
40 4 11
40 7 22
40 8 7
40 9 6
40 10 7
40 12 33
40 14 21
40 16 9
40 17 18
40 19 34
40 20 28
40 22 40
40 25 6
40 26 15
40 28 16
40 29 42
40 30 21
40 31 2
40 32 20
40 33 42
40 35 39
40 38 32
41 0 24
41 5 34
41 6 19
41 11 3
41 13 32
41 14 31
41 15 14
41 17 28
41 19 21
41 20 16
41 22 31
41 24 8
41 25 8
41 27 6
41 31 19
41 32 23
41 34 30
41 40 36
42 2 10
42 4 4
42 8 3
42 15 26
42 18 27
42 19 14
42 20 6
42 21 44
42 24 37
42 25 23
42 26 26
42 28 15
42 29 38
42 30 31
42 31 7
42 32 8
42 34 24
42 36 7
43 0 35
43 2 10
43 3 25
43 5 28
43 6 35
43 9 41
43 11 16
43 15 14
43 22 25
43 23 35
43 24 38
43 26 15
43 29 19
43 30 16
43 31 12
43 32 28
43 33 41
43 34 17
43 37 17
43 38 4
43 39 13
43 41 3
43 42 5
44 3 6
44 4 21
44 5 38
44 6 33
44 7 40
44 10 12
44 11 23
44 12 34
44 14 13
44 16 32
44 17 34
44 19 2
44 20 27
44 25 38
44 27 38
44 28 16
44 29 25
44 32 14
44 33 32
44 34 12
44 35 9
44 36 17
44 37 36
44 38 17
44 39 2
44 40 19
44 42 44
45 6 3
45 8 3
45 11 17
45 12 17
45 13 4
45 14 19
45 16 32
45 17 26
45 18 8
45 19 40
45 20 16
45 22 35
45 23 12
45 26 18
45 27 2
45 29 2
45 34 1
45 35 13
45 36 17
45 37 34
45 39 18
45 42 44
45 44 43
46 0 20
46 1 29
46 5 43
46 6 38
46 9 33
46 12 3
46 15 11
46 20 43
46 23 11
46 24 21
46 26 20
46 27 6
46 29 36
46 30 8
46 32 30
46 33 38
46 35 12
46 38 23
46 40 10
46 43 32
46 44 44
46 45 23
47 0 36
47 1 7
47 2 2
47 3 40
47 11 23
47 12 1
47 13 14
47 14 1
47 15 13
47 18 21
47 19 10
47 21 5
47 23 6
47 24 16
47 27 3
47 29 8
47 32 11
47 37 32
47 39 32
47 40 2
47 42 4
47 45 6
48 0 21
48 4 38
48 5 9
48 6 7
48 11 39
48 13 6
48 15 43
48 16 36
48 17 41
48 18 38
48 20 18
48 22 1
48 23 27
48 25 9
48 26 21
48 29 23
48 35 37
48 38 12
48 39 36
48 40 26
48 41 31
48 42 11
48 44 21
48 46 24
48 47 38
49 0 31
49 1 30
49 2 11
49 4 27
49 6 10
49 7 31
49 11 42
49 17 41
49 18 2
49 20 36
49 21 21
49 25 34
49 26 38
49 27 36
49 28 1
49 30 38
49 32 27
49 34 24
49 41 10
49 42 2
49 43 38
49 45 16
49 47 43
49 48 33
50 4 41
50 5 37
50 8 1
50 10 2
50 12 11
50 13 26
50 16 22
50 18 28
50 19 13
50 21 34
50 25 29
50 27 8
50 28 14
50 29 5
50 31 19
50 33 36
50 35 10
50 38 31
50 42 7
50 44 35
50 45 6
50 46 12
51 0 34
51 3 8
51 4 17
51 5 8
51 6 25
51 10 31
51 12 36
51 13 11
51 14 44
51 15 36
51 16 29
51 17 27
51 18 19
51 20 2
51 21 37
51 22 9
51 23 30
51 26 18
51 28 24
51 31 11
51 32 16
51 33 9
51 36 32
51 37 3
51 39 32
51 40 18
51 41 29
51 42 3
51 45 13
51 46 10
52 1 11
52 2 16
52 3 38
52 4 6
52 6 25
52 7 13
52 8 26
52 15 38
52 19 12
52 20 29
52 22 39
52 24 12
52 25 24
52 31 37
52 32 28
52 34 27
52 35 4
52 36 3
52 37 14
52 39 33
52 40 13
52 41 18
52 42 5
52 45 27
52 48 41
52 49 15
52 51 42
53 2 10
53 3 22
53 4 21
53 5 17
53 10 3
53 11 31
53 16 33
53 19 34
53 20 11
53 22 14
53 26 5
53 28 1
53 29 11
53 30 21
53 32 18
53 35 20
53 37 24
53 39 21
53 40 36
53 42 16
53 44 1
53 45 6
53 48 5
54 2 5
54 3 15
54 7 7
54 8 37
54 14 7
54 18 7
54 19 15
54 21 39
54 30 10
54 31 40
54 33 44
54 40 33
54 41 21
54 42 31
54 44 3
54 45 39
54 46 23
54 50 2
54 51 2
54 52 28
54 53 32
55 0 38
55 1 7
55 2 7
55 3 26
55 4 26
55 7 26
55 8 22
55 9 26
55 10 6
55 11 26
55 13 10
55 15 13
55 16 12
55 18 31
55 21 6
55 23 2
55 25 15
55 26 21
55 27 9
55 28 32
55 30 10
55 31 13
55 32 8
55 33 22
55 34 22
55 35 12
55 38 16
55 46 1
55 47 26
55 53 26
55 54 36
