27
1 0 28
2 0 24
2 1 22
3 0 4
3 1 12
3 2 15
4 0 3
4 1 14
4 2 20
4 3 8
5 0 9
5 1 5
5 2 3
5 3 1
5 4 5
6 0 28
6 1 16
6 2 24
6 3 3
6 4 8
6 5 4
7 0 2
7 1 14
7 2 24
7 3 25
7 4 1
7 5 17
7 6 22
8 0 14
8 1 20
8 2 9
8 3 9
8 4 18
8 5 14
8 6 11
8 7 13
9 0 26
9 1 4
9 2 17
9 3 6
9 4 22
9 5 9
9 6 12
9 7 26
9 8 8
10 0 5
10 1 27
10 2 20
10 3 26
10 4 5
10 5 26
10 6 28
10 7 17
10 8 6
10 9 15
11 0 2
11 1 12
11 2 4
11 3 14
11 4 23
11 5 14
11 6 22
11 7 14
11 8 17
11 9 1
11 10 4
12 0 2
12 1 4
12 2 25
12 3 17
12 4 21
12 5 25
12 6 19
12 7 12
12 8 11
12 9 1
12 10 15
12 11 25
13 0 24
13 1 19
13 2 4
13 3 13
13 4 23
13 5 24
13 6 3
13 7 16
13 8 15
13 9 13
13 10 16
13 11 23
13 12 28
14 0 21
14 1 8
14 2 11
14 3 25
14 4 21
14 5 1
14 6 17
14 7 23
14 8 11
14 9 27
14 10 7
14 11 23
14 12 16
14 13 1
15 0 20
15 1 1
15 2 2
15 3 23
15 4 10
15 5 19
15 6 5
15 7 16
15 8 24
15 9 13
15 10 8
15 11 21
15 12 10
15 13 6
15 14 20
16 0 22
16 1 9
16 2 21
16 3 18
16 4 25
16 5 13
16 6 2
16 7 4
16 8 25
16 9 10
16 10 14
16 11 25
16 12 14
16 13 18
16 14 3
16 15 6
17 0 14
17 1 11
17 2 7
17 3 20
17 4 2
17 5 23
17 6 19
17 7 13
17 8 14
17 9 1
17 10 17
17 11 16
17 12 21
17 13 26
17 14 11
17 15 16
17 16 6
18 0 21
18 1 13
18 2 2
18 3 23
18 4 27
18 5 28
18 6 13
18 7 5
18 8 4
18 9 8
18 10 18
18 11 10
18 12 6
18 13 26
18 14 1
18 15 28
18 16 11
18 17 3
19 0 17
19 1 4
19 2 10
19 3 20
19 4 9
19 5 6
19 6 22
19 7 5
19 8 13
19 9 16
19 10 8
19 11 26
19 12 14
19 13 24
19 14 21
19 15 4
19 16 23
19 17 3
19 18 15
20 0 11
20 1 10
20 2 2
20 3 22
20 4 14
20 5 13
20 6 11
20 7 2
20 8 23
20 9 12
20 10 23
20 11 1
20 12 2
20 13 24
20 14 1
20 15 13
20 16 10
20 17 23
20 18 3
20 19 22
21 0 17
21 1 26
21 2 4
21 3 25
21 4 28
21 5 11
21 6 15
21 7 6
21 8 6
21 9 14
21 10 14
21 11 2
21 12 22
21 13 25
21 14 16
21 15 18
21 16 2
21 17 18
21 18 11
21 19 11
21 20 16
22 0 12
22 1 21
22 2 20
22 3 3
22 4 21
22 5 1
22 6 25
22 7 3
22 8 23
22 9 26
22 10 1
22 11 22
22 12 24
22 13 27
22 14 5
22 15 7
22 16 4
22 17 8
22 18 25
22 19 18
22 20 8
22 21 19
23 0 11
23 1 19
23 2 12
23 3 12
23 4 10
23 5 13
23 6 19
23 7 10
23 8 8
23 9 19
23 10 15
23 11 7
23 12 12
23 13 23
23 14 12
23 15 27
23 16 2
23 17 15
23 18 23
23 19 24
23 20 21
23 21 8
23 22 14
24 0 8
24 1 9
24 2 25
24 3 12
24 4 10
24 5 3
24 6 7
24 7 11
24 8 8
24 9 1
24 10 19
24 11 7
24 12 16
24 13 16
24 14 26
24 15 24
24 16 16
24 17 11
24 18 4
24 19 4
24 20 19
24 21 18
24 22 17
24 23 15
25 0 5
25 1 24
25 2 10
25 3 12
25 4 22
25 5 25
25 6 18
25 7 10
25 8 7
25 9 23
25 10 25
25 11 6
25 12 13
25 13 7
25 14 18
25 15 28
25 16 5
25 17 18
25 18 21
25 19 28
25 20 3
25 21 13
25 22 21
25 23 27
25 24 23
26 0 14
26 1 26
26 2 13
26 3 10
26 4 22
26 5 26
26 6 22
26 7 22
26 8 7
26 9 21
26 10 5
26 11 9
26 12 22
26 13 9
26 14 19
26 15 1
26 16 5
26 17 2
26 18 14
26 19 23
26 20 19
26 21 15
26 22 19
26 23 17
26 24 26
26 25 7
