18
1 0 22
3 2 18
4 1 63
5 0 66
5 1 44
5 3 41
5 4 5
6 0 56
6 2 45
6 3 20
6 5 1
7 2 30
7 3 5
8 1 61
8 2 4
8 4 41
8 5 20
8 6 56
8 7 25
9 1 50
9 2 46
9 3 25
9 4 16
10 1 63
10 2 13
10 6 24
10 7 44
10 8 56
10 9 25
11 1 12
11 3 55
11 5 54
11 7 50
12 3 51
12 5 17
12 6 64
12 8 38
12 11 21
13 0 20
13 1 19
13 2 63
13 4 37
13 8 13
14 0 59
14 6 23
14 7 61
14 11 36
14 12 38
15 0 41
15 1 57
15 3 63
15 4 66
15 7 3
15 10 34
15 12 17
15 13 11
16 0 46
16 1 17
16 2 28
16 3 15
16 4 47
16 7 51
16 8 21
16 15 42
17 0 19
17 1 42
17 5 31
17 7 44
17 8 23
17 10 58
17 13 56
17 14 1
17 15 39
17 16 28
