34
1 0 36
2 1 8
3 0 50
5 1 31
5 2 24
5 3 12
6 2 44
6 3 33
6 5 38
7 0 28
7 1 32
7 2 10
7 3 24
7 4 36
7 5 16
8 3 8
8 4 23
8 7 21
9 1 15
9 2 49
9 3 44
10 2 1
10 8 7
11 0 24
11 3 41
11 4 43
11 6 13
11 7 24
11 9 43
11 10 13
12 0 35
12 1 5
12 4 10
12 5 26
12 6 12
13 0 17
13 5 35
13 6 44
13 8 39
13 9 7
13 10 15
14 3 15
14 4 20
14 5 6
14 7 21
14 8 39
14 9 41
14 10 21
14 11 50
14 12 3
14 13 19
15 1 19
15 4 41
15 9 15
15 11 4
15 14 40
16 4 3
16 5 12
16 7 31
16 9 29
16 10 4
16 11 45
16 13 21
16 14 48
16 15 10
17 0 41
17 2 13
17 3 22
17 6 11
17 7 36
17 11 48
17 13 7
17 15 30
18 0 18
18 1 26
18 2 4
18 3 30
18 5 9
18 7 7
18 8 39
18 12 11
18 13 39
18 16 5
18 17 43
19 0 45
19 1 27
19 2 4
19 3 43
19 10 28
19 11 22
19 12 23
19 14 6
19 17 27
20 1 29
20 2 48
20 4 47
20 6 18
20 8 7
20 9 24
20 11 40
20 12 34
20 14 12
20 15 27
20 16 25
21 0 37
21 5 12
21 6 32
21 12 7
21 13 32
21 14 30
21 15 17
21 16 48
21 17 11
21 18 37
21 20 8
22 1 15
22 3 35
22 5 39
22 6 50
22 9 2
22 12 43
22 14 45
22 17 39
22 21 35
23 2 48
23 3 19
23 5 5
23 6 22
23 11 11
23 14 37
23 17 44
23 20 8
23 21 10
23 22 11
24 0 4
24 1 24
24 2 20
24 6 46
24 7 32
24 11 48
24 12 1
24 14 3
24 19 24
24 21 36
25 0 25
25 1 12
25 2 44
25 4 17
25 5 10
25 6 39
25 9 4
25 10 42
25 11 39
25 12 10
25 17 1
25 19 13
25 20 17
25 24 13
26 2 9
26 5 5
26 6 29
26 8 21
26 11 45
26 15 21
26 18 24
26 23 46
27 0 33
27 2 22
27 3 34
27 6 41
27 7 17
27 8 27
27 11 17
27 12 38
27 14 42
27 15 50
27 16 39
27 17 10
27 19 17
27 21 45
27 23 44
27 24 46
27 25 1
27 26 4
28 0 9
28 1 49
28 2 13
28 3 37
28 5 46
28 6 39
28 8 18
28 9 37
28 14 21
28 15 8
28 16 22
28 18 1
28 22 49
28 26 11
29 0 26
29 2 16
29 4 46
29 5 31
29 6 33
29 8 10
29 9 23
29 11 36
29 13 2
29 15 33
29 16 50
29 18 21
29 19 26
29 21 3
29 22 28
29 23 3
29 28 16
30 0 27
30 4 8
30 7 9
30 8 10
30 9 26
30 10 29
30 11 45
30 14 11
30 18 2
30 19 9
30 20 19
30 21 9
30 23 38
30 26 37
30 27 9
31 0 29
31 3 38
31 5 47
31 6 26
31 7 33
31 10 2
31 16 40
31 17 23
31 18 43
31 19 4
31 20 41
31 21 19
31 22 2
31 24 41
31 25 20
31 28 47
31 30 50
32 0 33
32 2 4
32 4 41
32 7 29
32 8 12
32 9 3
32 12 13
32 14 45
32 15 8
32 16 49
32 21 1
32 23 24
32 25 45
32 26 14
32 27 21
32 29 20
33 0 10
33 1 6
33 2 48
33 5 30
33 14 35
33 16 6
33 18 31
33 21 3
33 22 32
33 23 8
33 24 1
33 25 19
33 28 23
33 32 50
