35
3 1 1
3 2 2
4 0 2
4 2 1
5 0 2
5 2 1
5 3 1
5 4 2
7 2 1
7 4 1
8 0 2
8 2 1
8 4 1
8 5 1
8 6 2
8 7 2
9 3 1
9 4 1
9 7 2
9 8 1
10 0 2
10 1 2
10 4 1
10 5 2
10 6 1
10 7 2
10 8 2
10 9 2
11 0 1
11 2 1
11 4 1
11 7 2
11 9 1
11 10 1
12 0 2
12 3 1
12 5 1
12 7 1
12 10 1
13 2 1
13 3 1
13 4 1
13 5 2
13 7 1
13 11 2
13 12 2
14 0 1
14 3 1
14 6 2
14 8 1
14 10 1
14 11 1
14 12 2
14 13 2
15 0 2
15 2 1
15 4 2
15 8 2
15 9 1
15 10 1
15 11 2
15 12 2
15 13 1
16 0 1
16 1 2
16 2 1
16 4 1
16 7 2
16 8 2
16 9 2
16 14 2
17 1 1
17 3 2
17 4 2
17 5 1
17 6 1
17 11 1
17 13 1
17 14 2
17 15 1
18 0 2
18 1 2
18 3 1
18 5 1
18 6 1
18 7 1
18 8 1
18 11 2
18 13 1
18 14 1
18 15 2
18 17 2
19 3 1
19 4 2
19 6 1
19 8 2
19 10 1
19 11 2
19 12 2
19 13 2
19 14 2
19 15 2
20 1 2
20 2 1
20 4 2
20 5 2
20 6 1
20 8 2
20 10 1
20 17 2
20 18 2
21 1 1
21 2 2
21 5 1
21 6 1
21 9 1
21 11 1
21 12 2
21 13 2
21 14 2
21 15 1
21 16 1
21 18 2
21 20 2
22 0 2
22 4 2
22 6 2
22 7 1
22 9 1
22 12 2
22 13 2
22 18 1
22 19 2
22 21 1
23 3 2
23 4 2
23 6 2
23 10 2
23 11 2
23 13 1
23 16 1
23 18 1
23 20 2
24 0 1
24 1 2
24 2 1
24 3 1
24 4 1
24 5 1
24 7 2
24 8 2
24 9 2
24 10 1
24 11 1
24 14 2
24 17 2
24 18 1
24 19 2
24 21 1
24 23 1
25 0 2
25 1 2
25 6 2
25 7 1
25 9 1
25 14 2
25 15 2
25 17 1
25 19 1
25 21 1
25 23 2
25 24 2
26 0 1
26 1 2
26 2 2
26 4 2
26 5 1
26 6 1
26 8 2
26 13 2
26 14 1
26 15 1
26 17 2
26 20 1
26 21 1
26 22 1
26 23 1
26 25 1
27 3 1
27 5 1
27 8 1
27 9 1
27 10 1
27 14 2
27 17 1
27 19 2
27 20 1
27 21 2
27 23 2
27 24 2
28 0 1
28 1 2
28 2 1
28 9 1
28 14 2
28 18 1
28 19 1
28 21 2
28 22 1
28 26 1
29 3 1
29 4 2
29 5 1
29 6 1
29 8 2
29 12 1
29 13 1
29 15 2
29 16 1
29 17 2
29 18 2
29 19 2
29 22 2
29 25 1
30 0 2
30 1 2
30 6 2
30 7 2
30 9 2
30 10 1
30 14 2
30 15 2
30 16 1
30 18 2
30 21 2
30 23 2
30 26 2
30 28 2
31 2 2
31 8 2
31 11 2
31 13 1
31 15 1
31 18 2
31 22 1
31 24 2
31 25 2
31 29 2
31 30 1
32 0 2
32 3 2
32 4 2
32 5 1
32 6 2
32 7 2
32 8 2
32 10 1
32 13 1
32 14 1
32 16 1
32 17 1
32 18 1
32 19 2
32 20 2
32 23 2
32 27 1
32 28 2
32 30 2
33 2 2
33 4 2
33 7 1
33 9 1
33 12 1
33 13 1
33 16 2
33 17 1
33 18 1
33 19 2
33 20 2
33 22 2
33 25 2
33 26 2
33 27 2
33 28 2
33 32 1
34 0 2
34 1 1
34 4 1
34 6 2
34 7 2
34 9 1
34 10 1
34 13 2
34 15 2
34 17 1
34 18 2
34 20 1
34 21 2
34 22 2
34 23 1
34 24 1
34 26 2
34 31 2
34 33 2
