49
2 1 5
3 0 5
3 2 5
4 0 3
4 2 1
4 3 2
5 0 4
5 1 5
5 2 3
6 0 2
6 1 2
6 3 5
6 5 3
7 0 4
7 2 4
7 5 1
8 0 3
8 1 3
8 5 2
8 6 4
8 7 5
9 1 2
9 4 5
9 5 2
9 6 5
10 0 2
10 3 2
10 5 5
10 9 1
11 0 3
11 1 2
11 2 3
11 3 2
11 5 2
11 7 4
11 8 5
11 9 5
12 0 2
12 2 1
12 4 1
12 5 1
12 7 2
12 8 5
12 9 1
12 10 3
13 1 1
13 2 3
13 5 2
13 10 4
13 11 4
14 1 3
14 4 1
14 5 3
14 6 2
14 8 3
14 10 5
14 11 3
14 13 5
15 0 4
15 2 3
15 5 4
15 6 1
15 7 5
15 10 1
15 13 5
16 0 5
16 1 1
16 4 2
16 12 3
16 13 5
17 2 4
17 4 3
17 8 3
17 9 4
17 11 2
17 15 4
17 16 2
18 0 3
18 2 3
18 9 4
18 12 3
18 14 2
18 15 4
18 16 1
18 17 2
19 0 2
19 3 1
19 4 3
19 7 1
19 11 3
19 15 5
19 18 5
20 0 1
20 1 4
20 2 2
20 3 5
20 4 4
20 5 4
20 7 4
20 8 1
20 11 4
20 14 1
20 16 4
20 17 2
20 18 1
21 1 5
21 2 1
21 3 1
21 4 3
21 5 3
21 8 3
21 10 1
21 11 5
21 12 4
21 14 5
21 15 1
21 16 5
21 20 5
22 1 4
22 4 4
22 5 5
22 6 1
22 8 5
22 11 5
22 13 4
22 14 3
22 17 5
22 20 4
22 21 3
23 0 3
23 2 1
23 4 3
23 7 2
23 11 5
23 12 1
23 14 2
23 16 2
23 19 2
23 21 5
24 2 2
24 4 3
24 6 5
24 8 4
24 9 5
24 10 4
24 13 2
24 14 3
24 16 3
24 19 3
24 21 2
24 23 2
25 4 5
25 6 4
25 8 2
25 9 3
25 12 3
25 13 1
25 14 1
25 15 2
25 21 1
26 3 2
26 4 1
26 6 3
26 7 2
26 10 3
26 13 2
26 14 5
26 16 2
26 17 3
26 18 2
26 19 4
26 21 2
26 23 3
26 24 3
27 1 4
27 3 2
27 4 3
27 5 5
27 7 3
27 9 5
27 11 5
27 13 1
27 16 5
27 17 1
27 18 2
27 21 3
27 22 5
27 23 5
27 25 2
27 26 1
28 2 4
28 3 5
28 4 4
28 6 2
28 8 2
28 10 2
28 12 1
28 13 3
28 22 2
28 24 4
28 27 4
29 6 3
29 9 5
29 10 5
29 11 1
29 12 4
29 14 1
29 15 1
29 16 1
29 17 4
29 18 1
29 23 5
29 27 1
29 28 3
30 0 5
30 3 1
30 4 1
30 6 1
30 7 3
30 8 2
30 9 2
30 10 5
30 11 1
30 13 3
30 14 1
30 17 1
30 18 2
30 22 3
30 24 4
30 25 5
31 0 4
31 2 5
31 3 2
31 4 2
31 5 4
31 6 4
31 7 1
31 10 5
31 11 4
31 12 3
31 15 3
31 21 5
31 25 4
31 26 1
31 27 1
31 30 5
32 3 3
32 4 1
32 7 3
32 9 4
32 12 1
32 13 3
32 14 2
32 15 3
32 17 5
32 24 2
32 25 1
32 26 4
33 1 3
33 5 3
33 6 2
33 9 2
33 11 3
33 14 2
33 15 3
33 18 2
33 20 3
33 21 5
33 22 1
33 23 5
33 27 2
33 30 2
33 32 2
34 1 3
34 5 4
34 8 3
34 10 2
34 16 2
34 17 2
34 20 5
34 21 4
34 24 3
34 26 3
34 27 1
34 29 2
35 0 3
35 1 1
35 2 2
35 6 1
35 8 4
35 9 3
35 11 5
35 13 1
35 14 2
35 17 5
35 18 4
35 21 5
35 24 5
35 27 5
35 28 2
35 29 2
35 30 2
35 32 1
35 34 4
36 0 1
36 1 5
36 2 2
36 12 3
36 14 2
36 15 4
36 16 4
36 17 2
36 19 1
36 20 2
36 23 4
36 24 3
36 25 1
36 26 1
36 27 1
36 28 4
36 29 2
36 31 3
36 34 1
36 35 2
37 6 5
37 7 1
37 8 1
37 10 4
37 11 1
37 14 2
37 15 2
37 17 4
37 19 4
37 20 5
37 25 1
37 26 3
37 27 2
37 33 4
37 34 5
38 0 3
38 6 1
38 8 2
38 10 4
38 11 5
38 12 1
38 13 4
38 15 3
38 16 2
38 19 4
38 21 4
38 23 5
38 25 5
38 30 3
39 0 3
39 2 5
39 4 2
39 7 5
39 9 3
39 11 3
39 13 4
39 17 2
39 18 2
39 19 3
39 24 1
39 25 5
39 28 5
39 30 3
40 0 4
40 1 3
40 2 2
40 3 3
40 5 1
40 6 2
40 8 1
40 9 2
40 10 3
40 12 1
40 13 4
40 15 5
40 16 4
40 17 1
40 18 4
40 22 2
40 23 5
40 24 4
40 25 4
40 27 2
40 30 2
40 31 2
40 32 3
40 33 1
40 34 5
40 37 4
40 38 3
40 39 4
41 4 5
41 8 4
41 10 3
41 14 2
41 15 3
41 16 5
41 19 1
41 21 1
41 22 3
41 23 2
41 26 5
41 27 3
41 30 5
41 32 1
41 33 4
41 34 3
41 36 5
41 40 1
42 1 5
42 3 5
42 7 5
42 8 1
42 10 4
42 12 3
42 14 3
42 15 3
42 16 3
42 17 3
42 18 1
42 20 1
42 23 3
42 27 4
42 30 2
42 36 4
42 40 3
43 2 2
43 3 1
43 4 3
43 7 5
43 10 5
43 12 5
43 13 1
43 18 3
43 19 2
43 20 5
43 21 4
43 25 1
43 26 2
43 27 3
43 28 1
43 36 1
43 39 3
44 0 2
44 2 1
44 3 4
44 4 1
44 5 3
44 6 4
44 10 4
44 12 4
44 13 1
44 15 3
44 17 3
44 20 4
44 21 5
44 23 5
44 24 3
44 27 2
44 29 4
44 30 4
44 31 2
44 32 1
44 37 2
44 38 1
44 39 4
44 40 5
44 42 4
44 43 3
45 7 3
45 9 5
45 10 3
45 12 4
45 15 2
45 16 3
45 18 3
45 23 5
45 24 5
45 25 3
45 28 3
45 29 1
45 31 1
45 33 2
45 34 2
45 39 4
45 44 4
46 0 1
46 2 1
46 3 4
46 4 3
46 5 1
46 7 5
46 8 4
46 11 2
46 12 3
46 14 4
46 15 5
46 16 2
46 17 3
46 20 4
46 23 5
46 24 4
46 25 4
46 26 2
46 27 5
46 29 3
46 32 2
46 35 3
46 37 2
46 38 4
46 39 5
46 41 3
46 45 4
47 3 2
47 11 4
47 16 2
47 18 1
47 19 3
47 20 3
47 21 5
47 22 3
47 28 5
47 29 2
47 32 3
47 33 1
47 35 1
47 37 1
47 38 5
47 41 2
47 44 1
47 45 4
48 1 2
48 5 4
48 6 3
48 8 4
48 10 2
48 12 2
48 15 3
48 16 3
48 17 2
48 18 3
48 19 4
48 21 4
48 22 5
48 25 3
48 27 5
48 28 2
48 29 2
48 33 4
48 36 1
48 41 4
48 42 3
48 44 4
48 47 4
