43
1 0 1
2 0 2
2 1 1
3 0 2
3 1 3
3 2 3
4 0 3
4 1 1
4 2 1
4 3 2
5 0 1
5 1 1
5 2 2
5 3 1
5 4 3
6 0 3
6 1 2
6 2 1
6 3 3
6 4 2
6 5 1
7 0 3
7 1 3
7 2 3
7 3 2
7 4 1
7 5 1
7 6 3
8 0 2
8 1 3
8 2 3
8 3 3
8 4 3
8 5 2
8 6 2
8 7 2
9 0 3
9 1 3
9 2 3
9 3 2
9 4 2
9 5 3
9 6 3
9 7 1
9 8 3
10 0 3
10 1 3
10 2 1
10 3 2
10 4 2
10 5 3
10 6 2
10 7 3
10 8 1
10 9 3
11 0 1
11 1 1
11 2 3
11 3 1
11 4 1
11 5 2
11 6 1
11 7 2
11 8 1
11 9 3
11 10 1
12 0 3
12 1 3
12 2 2
12 3 3
12 4 3
12 5 2
12 6 2
12 7 2
12 8 1
12 9 1
12 10 1
12 11 3
13 0 2
13 1 3
13 2 3
13 3 1
13 4 1
13 5 3
13 6 3
13 7 1
13 8 1
13 9 2
13 10 1
13 11 3
13 12 2
14 0 1
14 1 2
14 2 2
14 3 2
14 4 1
14 5 2
14 6 1
14 7 1
14 8 1
14 9 3
14 10 3
14 11 3
14 12 3
14 13 2
15 0 2
15 1 3
15 2 1
15 3 1
15 4 1
15 5 2
15 6 3
15 7 3
15 8 2
15 9 3
15 10 2
15 11 3
15 12 2
15 13 2
15 14 1
16 0 1
16 1 1
16 2 2
16 3 1
16 4 1
16 5 3
16 6 1
16 7 1
16 8 3
16 9 2
16 10 3
16 11 1
16 12 1
16 13 3
16 14 1
16 15 2
17 0 3
17 1 3
17 2 1
17 3 1
17 4 2
17 5 1
17 6 3
17 7 2
17 8 3
17 9 2
17 10 3
17 11 1
17 12 3
17 13 2
17 14 1
17 15 1
17 16 2
18 0 1
18 1 2
18 2 2
18 3 3
18 4 2
18 5 1
18 6 3
18 7 3
18 8 2
18 9 3
18 10 3
18 11 1
18 12 3
18 13 1
18 14 2
18 15 2
18 16 1
18 17 1
19 0 3
19 1 3
19 2 2
19 3 3
19 4 3
19 5 2
19 6 3
19 7 1
19 8 3
19 9 2
19 10 3
19 11 1
19 12 1
19 13 3
19 14 3
19 15 3
19 16 2
19 17 1
19 18 1
20 0 1
20 1 1
20 2 2
20 3 3
20 4 1
20 5 3
20 6 3
20 7 3
20 8 2
20 9 2
20 10 3
20 11 3
20 12 3
20 13 1
20 14 2
20 15 2
20 16 2
20 17 3
20 18 3
20 19 2
21 0 3
21 1 1
21 2 1
21 3 3
21 4 3
21 5 3
21 6 2
21 7 3
21 8 3
21 9 3
21 10 3
21 11 3
21 12 3
21 13 1
21 14 2
21 15 2
21 16 2
21 17 1
21 18 2
21 19 3
21 20 2
22 0 1
22 1 2
22 2 1
22 3 1
22 4 1
22 5 3
22 6 2
22 7 2
22 8 3
22 9 2
22 10 2
22 11 3
22 12 3
22 13 3
22 14 2
22 15 2
22 16 1
22 17 3
22 18 3
22 19 2
22 20 3
22 21 1
23 0 2
23 1 3
23 2 1
23 3 3
23 4 3
23 5 2
23 6 1
23 7 2
23 8 2
23 9 2
23 10 1
23 11 1
23 12 2
23 13 1
23 14 1
23 15 3
23 16 1
23 17 2
23 18 1
23 19 1
23 20 1
23 21 2
23 22 1
24 0 1
24 1 2
24 2 1
24 3 1
24 4 2
24 5 1
24 6 1
24 7 3
24 8 3
24 9 1
24 10 1
24 11 1
24 12 2
24 13 2
24 14 2
24 15 2
24 16 3
24 17 2
24 18 2
24 19 1
24 20 3
24 21 3
24 22 1
24 23 1
25 0 3
25 1 1
25 2 2
25 3 3
25 4 1
25 5 3
25 6 3
25 7 2
25 8 2
25 9 2
25 10 3
25 11 2
25 12 2
25 13 2
25 14 1
25 15 2
25 16 3
25 17 3
25 18 1
25 19 1
25 20 3
25 21 2
25 22 2
25 23 2
25 24 3
26 0 2
26 1 3
26 2 3
26 3 2
26 4 2
26 5 3
26 6 1
26 7 2
26 8 3
26 9 2
26 10 3
26 11 3
26 12 2
26 13 2
26 14 2
26 15 1
26 16 3
26 17 2
26 18 1
26 19 2
26 20 1
26 21 3
26 22 3
26 23 3
26 24 2
26 25 1
27 0 2
27 1 2
27 2 2
27 3 3
27 4 3
27 5 3
27 6 3
27 7 1
27 8 3
27 9 1
27 10 2
27 11 3
27 12 1
27 13 3
27 14 2
27 15 2
27 16 1
27 17 2
27 18 2
27 19 1
27 20 3
27 21 1
27 22 3
27 23 2
27 24 3
27 25 1
27 26 1
28 0 3
28 1 2
28 2 2
28 3 2
28 4 1
28 5 2
28 6 2
28 7 3
28 8 3
28 9 3
28 10 2
28 11 1
28 12 1
28 13 3
28 14 1
28 15 1
28 16 2
28 17 2
28 18 3
28 19 1
28 20 2
28 21 2
28 22 3
28 23 2
28 24 3
28 25 3
28 26 3
28 27 3
29 0 1
29 1 3
29 2 2
29 3 1
29 4 2
29 5 1
29 6 3
29 7 3
29 8 2
29 9 3
29 10 2
29 11 2
29 12 2
29 13 2
29 14 2
29 15 2
29 16 1
29 17 3
29 18 1
29 19 2
29 20 2
29 21 1
29 22 3
29 23 3
29 24 3
29 25 1
29 26 3
29 27 3
29 28 2
30 0 2
30 1 3
30 2 2
30 3 1
30 4 2
30 5 2
30 6 3
30 7 1
30 8 1
30 9 2
30 10 2
30 11 1
30 12 3
30 13 3
30 14 1
30 15 1
30 16 3
30 17 1
30 18 1
30 19 2
30 20 2
30 21 2
30 22 1
30 23 2
30 24 2
30 25 2
30 26 2
30 27 2
30 28 1
30 29 2
31 0 3
31 1 3
31 2 3
31 3 2
31 4 3
31 5 2
31 6 3
31 7 3
31 8 3
31 9 3
31 10 1
31 11 2
31 12 1
31 13 1
31 14 2
31 15 3
31 16 2
31 17 2
31 18 3
31 19 1
31 20 2
31 21 3
31 22 1
31 23 3
31 24 3
31 25 3
31 26 1
31 27 1
31 28 1
31 29 2
31 30 2
32 0 1
32 1 1
32 2 3
32 3 2
32 4 1
32 5 3
32 6 2
32 7 2
32 8 3
32 9 2
32 10 2
32 11 3
32 12 3
32 13 2
32 14 2
32 15 1
32 16 2
32 17 1
32 18 2
32 19 2
32 20 1
32 21 2
32 22 3
32 23 2
32 24 2
32 25 1
32 26 1
32 27 1
32 28 3
32 29 1
32 30 2
32 31 3
33 0 3
33 1 2
33 2 1
33 3 3
33 4 1
33 5 2
33 6 1
33 7 3
33 8 2
33 9 3
33 10 3
33 11 1
33 12 1
33 13 3
33 14 1
33 15 2
33 16 2
33 17 1
33 18 1
33 19 2
33 20 2
33 21 2
33 22 2
33 23 1
33 24 2
33 25 3
33 26 2
33 27 2
33 28 3
33 29 2
33 30 2
33 31 1
33 32 3
34 0 3
34 1 1
34 2 1
34 3 3
34 4 2
34 5 2
34 6 3
34 7 1
34 8 3
34 9 3
34 10 1
34 11 2
34 12 1
34 13 2
34 14 1
34 15 1
34 16 2
34 17 3
34 18 3
34 19 2
34 20 2
34 21 2
34 22 3
34 23 2
34 24 2
34 25 2
34 26 2
34 27 3
34 28 2
34 29 1
34 30 1
34 31 1
34 32 1
34 33 1
35 0 3
35 1 2
35 2 3
35 3 3
35 4 2
35 5 3
35 6 3
35 7 3
35 8 3
35 9 2
35 10 2
35 11 3
35 12 3
35 13 2
35 14 1
35 15 1
35 16 1
35 17 1
35 18 3
35 19 3
35 20 1
35 21 3
35 22 3
35 23 1
35 24 3
35 25 2
35 26 3
35 27 3
35 28 3
35 29 2
35 30 1
35 31 2
35 32 1
35 33 1
35 34 3
36 0 1
36 1 3
36 2 1
36 3 1
36 4 2
36 5 2
36 6 3
36 7 3
36 8 2
36 9 2
36 10 1
36 11 2
36 12 1
36 13 3
36 14 1
36 15 1
36 16 3
36 17 1
36 18 1
36 19 1
36 20 3
36 21 2
36 22 1
36 23 2
36 24 2
36 25 3
36 26 2
36 27 3
36 28 1
36 29 1
36 30 3
36 31 3
36 32 1
36 33 1
36 34 2
36 35 1
37 0 3
37 1 1
37 2 2
37 3 2
37 4 2
37 5 1
37 6 2
37 7 1
37 8 1
37 9 1
37 10 1
37 11 3
37 12 1
37 13 3
37 14 3
37 15 2
37 16 2
37 17 1
37 18 2
37 19 2
37 20 1
37 21 2
37 22 2
37 23 3
37 24 1
37 25 2
37 26 3
37 27 2
37 28 3
37 29 3
37 30 2
37 31 2
37 32 2
37 33 3
37 34 1
37 35 2
37 36 3
38 0 3
38 1 1
38 2 1
38 3 1
38 4 3
38 5 3
38 6 3
38 7 1
38 8 1
38 9 2
38 10 2
38 11 1
38 12 2
38 13 3
38 14 3
38 15 1
38 16 3
38 17 1
38 18 3
38 19 1
38 20 3
38 21 3
38 22 3
38 23 1
38 24 3
38 25 1
38 26 3
38 27 3
38 28 2
38 29 2
38 30 1
38 31 3
38 32 1
38 33 3
38 34 1
38 35 2
38 36 3
38 37 3
39 0 2
39 1 1
39 2 2
39 3 3
39 4 3
39 5 1
39 6 1
39 7 3
39 8 3
39 9 3
39 10 1
39 11 3
39 12 1
39 13 3
39 14 1
39 15 3
39 16 2
39 17 2
39 18 1
39 19 2
39 20 3
39 21 2
39 22 3
39 23 1
39 24 2
39 25 1
39 26 1
39 27 1
39 28 2
39 29 2
39 30 2
39 31 3
39 32 3
39 33 1
39 34 1
39 35 2
39 36 3
39 37 3
39 38 1
40 0 2
40 1 1
40 2 3
40 3 1
40 4 2
40 5 3
40 6 1
40 7 1
40 8 1
40 9 2
40 10 1
40 11 2
40 12 1
40 13 1
40 14 1
40 15 1
40 16 1
40 17 2
40 18 2
40 19 1
40 20 3
40 21 2
40 22 2
40 23 3
40 24 2
40 25 2
40 26 2
40 27 1
40 28 1
40 29 2
40 30 1
40 31 2
40 32 3
40 33 3
40 34 2
40 35 3
40 36 2
40 37 3
40 38 3
40 39 1
41 0 3
41 1 1
41 2 3
41 3 3
41 4 1
41 5 3
41 6 3
41 7 1
41 8 3
41 9 2
41 10 1
41 11 3
41 12 3
41 13 2
41 14 1
41 15 1
41 16 1
41 17 1
41 18 1
41 19 3
41 20 1
41 21 2
41 22 1
41 23 2
41 24 2
41 25 3
41 26 1
41 27 2
41 28 2
41 29 1
41 30 3
41 31 2
41 32 3
41 33 1
41 34 1
41 35 1
41 36 1
41 37 3
41 38 3
41 39 2
41 40 3
42 0 1
42 1 1
42 2 2
42 3 2
42 4 1
42 5 2
42 6 2
42 7 3
42 8 2
42 9 2
42 10 2
42 11 2
42 12 2
42 13 2
42 14 1
42 15 3
42 16 1
42 17 2
42 18 2
42 19 1
42 20 1
42 21 1
42 22 3
42 23 2
42 24 2
42 25 3
42 26 2
42 27 1
42 28 2
42 29 3
42 30 2
42 31 1
42 32 3
42 33 1
42 34 2
42 35 3
42 36 3
42 37 3
42 38 1
42 39 1
42 40 2
42 41 2
