59
1 0 6
2 0 45
2 1 18
3 0 3
3 1 6
3 2 1
4 0 49
4 1 35
4 2 10
4 3 24
5 0 3
5 1 38
5 2 39
5 3 21
5 4 49
6 0 26
6 1 21
6 2 20
6 3 19
6 4 48
6 5 25
7 0 14
7 1 32
7 2 19
7 3 27
7 4 17
7 5 23
7 6 20
8 0 42
8 1 37
8 2 27
8 3 20
8 4 8
8 5 40
8 6 32
8 7 2
9 0 16
9 1 17
9 2 48
9 3 3
9 4 11
9 5 11
9 6 16
9 7 10
9 8 27
10 0 48
10 1 26
10 2 15
10 3 2
10 4 44
10 5 16
10 6 2
10 7 12
10 8 6
10 9 22
11 0 12
11 1 11
11 2 30
11 3 27
11 4 20
11 5 16
11 6 44
11 7 26
11 8 37
11 9 9
11 10 11
12 0 3
12 1 10
12 2 36
12 3 15
12 4 32
12 5 13
12 6 23
12 7 39
12 8 14
12 9 5
12 10 30
12 11 17
13 0 37
13 1 39
13 2 35
13 3 36
13 4 44
13 5 27
13 6 1
13 7 20
13 8 34
13 9 5
13 10 21
13 11 27
13 12 35
14 0 28
14 1 1
14 2 19
14 3 18
14 4 46
14 5 21
14 6 24
14 7 11
14 8 21
14 9 22
14 10 7
14 11 39
14 12 29
14 13 1
15 0 48
15 1 12
15 2 7
15 3 41
15 4 36
15 5 18
15 6 20
15 7 42
15 8 35
15 9 4
15 10 13
15 11 7
15 12 47
15 13 8
15 14 37
16 0 35
16 1 36
16 2 47
16 3 48
16 4 33
16 5 29
16 6 22
16 7 35
16 8 28
16 9 5
16 10 38
16 11 37
16 12 35
16 13 49
16 14 4
16 15 21
17 0 48
17 1 20
17 2 13
17 3 16
17 4 21
17 5 24
17 6 14
17 7 12
17 8 29
17 9 13
17 10 28
17 11 4
17 12 20
17 13 1
17 14 12
17 15 8
17 16 44
18 0 9
18 1 44
18 2 47
18 3 25
18 4 29
18 5 2
18 6 21
18 7 13
18 8 33
18 9 42
18 10 27
18 11 19
18 12 46
18 13 22
18 14 16
18 15 3
18 16 36
18 17 45
19 0 42
19 1 14
19 2 5
19 3 4
19 4 47
19 5 11
19 6 25
19 7 18
19 8 14
19 9 21
19 10 12
19 11 19
19 12 23
19 13 36
19 14 18
19 15 17
19 16 7
19 17 39
19 18 5
20 0 47
20 1 8
20 2 32
20 3 3
20 4 35
20 5 22
20 6 27
20 7 48
20 8 37
20 9 48
20 10 7
20 11 23
20 12 32
20 13 14
20 14 33
20 15 17
20 16 31
20 17 46
20 18 41
20 19 12
21 0 13
21 1 20
21 2 15
21 3 37
21 4 34
21 5 47
21 6 14
21 7 8
21 8 41
21 9 24
21 10 19
21 11 31
21 12 49
21 13 31
21 14 43
21 15 18
21 16 5
21 17 21
21 18 48
21 19 7
21 20 13
22 0 17
22 1 34
22 2 10
22 3 21
22 4 23
22 5 34
22 6 9
22 7 29
22 8 16
22 9 39
22 10 6
22 11 21
22 12 18
22 13 8
22 14 11
22 15 21
22 16 10
22 17 30
22 18 3
22 19 4
22 20 14
22 21 14
23 0 20
23 1 27
23 2 16
23 3 33
23 4 45
23 5 48
23 6 40
23 7 33
23 8 23
23 9 6
23 10 27
23 11 19
23 12 24
23 13 7
23 14 32
23 15 41
23 16 42
23 17 45
23 18 46
23 19 14
23 20 22
23 21 46
23 22 20
24 0 27
24 1 41
24 2 29
24 3 48
24 4 8
24 5 49
24 6 29
24 7 11
24 8 5
24 9 23
24 10 3
24 11 23
24 12 39
24 13 19
24 14 44
24 15 17
24 16 21
24 17 2
24 18 49
24 19 2
24 20 32
24 21 47
24 22 13
24 23 23
25 0 23
25 1 48
25 2 21
25 3 21
25 4 41
25 5 22
25 6 12
25 7 12
25 8 6
25 9 14
25 10 17
25 11 18
25 12 19
25 13 27
25 14 10
25 15 21
25 16 29
25 17 34
25 18 28
25 19 5
25 20 34
25 21 35
25 22 30
25 23 9
25 24 18
26 0 49
26 1 26
26 2 27
26 3 5
26 4 16
26 5 18
26 6 1
26 7 20
26 8 21
26 9 16
26 10 12
26 11 44
26 12 5
26 13 37
26 14 48
26 15 3
26 16 47
26 17 34
26 18 38
26 19 15
26 20 41
26 21 26
26 22 21
26 23 14
26 24 37
26 25 15
27 0 4
27 1 45
27 2 12
27 3 28
27 4 44
27 5 22
27 6 32
27 7 43
27 8 7
27 9 10
27 10 22
27 11 26
27 12 40
27 13 24
27 14 24
27 15 34
27 16 31
27 17 13
27 18 17
27 19 18
27 20 11
27 21 35
27 22 40
27 23 43
27 24 46
27 25 43
27 26 31
28 0 29
28 1 12
28 2 44
28 3 14
28 4 7
28 5 6
28 6 34
28 7 34
28 8 22
28 9 29
28 10 46
28 11 19
28 12 15
28 13 14
28 14 32
28 15 13
28 16 2
28 17 44
28 18 48
28 19 40
28 20 4
28 21 39
28 22 36
28 23 47
28 24 47
28 25 3
28 26 1
28 27 23
29 0 48
29 1 49
29 2 36
29 3 18
29 4 12
29 5 21
29 6 45
29 7 40
29 8 9
29 9 41
29 10 23
29 11 10
29 12 38
29 13 43
29 14 4
29 15 40
29 16 28
29 17 38
29 18 3
29 19 47
29 20 38
29 21 39
29 22 10
29 23 28
29 24 2
29 25 37
29 26 27
29 27 34
29 28 48
30 0 6
30 1 3
30 2 13
30 3 21
30 4 24
30 5 27
30 6 11
30 7 40
30 8 3
30 9 9
30 10 38
30 11 11
30 12 36
30 13 21
30 14 18
30 15 14
30 16 45
30 17 25
30 18 36
30 19 33
30 20 43
30 21 19
30 22 44
30 23 42
30 24 32
30 25 5
30 26 15
30 27 27
30 28 25
30 29 47
31 0 13
31 1 46
31 2 30
31 3 33
31 4 11
31 5 28
31 6 19
31 7 34
31 8 1
31 9 28
31 10 39
31 11 14
31 12 30
31 13 20
31 14 14
31 15 2
31 16 14
31 17 31
31 18 21
31 19 41
31 20 9
31 21 9
31 22 15
31 23 22
31 24 34
31 25 3
31 26 8
31 27 31
31 28 4
31 29 33
31 30 2
32 0 37
32 1 17
32 2 45
32 3 14
32 4 43
32 5 7
32 6 8
32 7 8
32 8 32
32 9 19
32 10 12
32 11 42
32 12 12
32 13 40
32 14 30
32 15 47
32 16 28
32 17 26
32 18 37
32 19 38
32 20 7
32 21 24
32 22 43
32 23 14
32 24 29
32 25 11
32 26 25
32 27 30
32 28 21
32 29 26
32 30 4
32 31 14
33 0 41
33 1 35
33 2 10
33 3 29
33 4 24
33 5 30
33 6 42
33 7 37
33 8 32
33 9 36
33 10 31
33 11 8
33 12 45
33 13 42
33 14 3
33 15 11
33 16 29
33 17 12
33 18 28
33 19 47
33 20 30
33 21 12
33 22 13
33 23 25
33 24 3
33 25 33
33 26 49
33 27 49
33 28 13
33 29 38
33 30 22
33 31 12
33 32 30
34 0 7
34 1 33
34 2 28
34 3 30
34 4 1
34 5 42
34 6 34
34 7 7
34 8 14
34 9 49
34 10 13
34 11 31
34 12 16
34 13 43
34 14 29
34 15 29
34 16 8
34 17 19
34 18 29
34 19 43
34 20 19
34 21 3
34 22 14
34 23 30
34 24 29
34 25 35
34 26 47
34 27 31
34 28 29
34 29 7
34 30 47
34 31 35
34 32 26
34 33 22
35 0 49
35 1 6
35 2 31
35 3 16
35 4 1
35 5 16
35 6 6
35 7 39
35 8 20
35 9 32
35 10 44
35 11 27
35 12 31
35 13 21
35 14 29
35 15 24
35 16 4
35 17 36
35 18 12
35 19 39
35 20 23
35 21 3
35 22 41
35 23 32
35 24 42
35 25 10
35 26 16
35 27 34
35 28 28
35 29 19
35 30 45
35 31 16
35 32 17
35 33 15
35 34 26
36 0 2
36 1 21
36 2 35
36 3 10
36 4 47
36 5 27
36 6 36
36 7 19
36 8 24
36 9 3
36 10 42
36 11 25
36 12 30
36 13 25
36 14 28
36 15 24
36 16 15
36 17 27
36 18 35
36 19 35
36 20 10
36 21 39
36 22 22
36 23 1
36 24 15
36 25 17
36 26 4
36 27 22
36 28 22
36 29 42
36 30 16
36 31 39
36 32 38
36 33 10
36 34 31
36 35 20
37 0 33
37 1 22
37 2 31
37 3 39
37 4 28
37 5 35
37 6 8
37 7 27
37 8 28
37 9 38
37 10 46
37 11 12
37 12 12
37 13 30
37 14 3
37 15 46
37 16 32
37 17 31
37 18 3
37 19 18
37 20 20
37 21 34
37 22 48
37 23 25
37 24 31
37 25 27
37 26 37
37 27 18
37 28 46
37 29 14
37 30 38
37 31 28
37 32 37
37 33 31
37 34 33
37 35 13
37 36 32
38 0 29
38 1 28
38 2 4
38 3 35
38 4 25
38 5 3
38 6 6
38 7 32
38 8 25
38 9 7
38 10 34
38 11 35
38 12 4
38 13 29
38 14 39
38 15 8
38 16 11
38 17 25
38 18 33
38 19 5
38 20 12
38 21 4
38 22 9
38 23 5
38 24 17
38 25 35
38 26 22
38 27 10
38 28 21
38 29 13
38 30 12
38 31 7
38 32 44
38 33 41
38 34 6
38 35 22
38 36 11
38 37 18
39 0 8
39 1 24
39 2 35
39 3 9
39 4 31
39 5 4
39 6 32
39 7 46
39 8 21
39 9 3
39 10 36
39 11 44
39 12 37
39 13 46
39 14 30
39 15 16
39 16 11
39 17 23
39 18 37
39 19 23
39 20 42
39 21 37
39 22 4
39 23 20
39 24 19
39 25 23
39 26 4
39 27 38
39 28 28
39 29 43
39 30 14
39 31 4
39 32 47
39 33 6
39 34 24
39 35 6
39 36 47
39 37 46
39 38 36
40 0 43
40 1 13
40 2 18
40 3 15
40 4 33
40 5 43
40 6 26
40 7 10
40 8 24
40 9 22
40 10 22
40 11 32
40 12 48
40 13 32
40 14 23
40 15 32
40 16 13
40 17 32
40 18 32
40 19 40
40 20 39
40 21 2
40 22 7
40 23 46
40 24 30
40 25 31
40 26 44
40 27 42
40 28 3
40 29 22
40 30 27
40 31 30
40 32 29
40 33 1
40 34 37
40 35 13
40 36 12
40 37 23
40 38 12
40 39 24
41 0 7
41 1 45
41 2 11
41 3 46
41 4 33
41 5 37
41 6 8
41 7 7
41 8 33
41 9 18
41 10 39
41 11 5
41 12 19
41 13 48
41 14 8
41 15 18
41 16 13
41 17 46
41 18 31
41 19 31
41 20 42
41 21 19
41 22 34
41 23 26
41 24 8
41 25 14
41 26 35
41 27 14
41 28 17
41 29 14
41 30 43
41 31 42
41 32 42
41 33 38
41 34 8
41 35 18
41 36 49
41 37 7
41 38 46
41 39 24
41 40 32
42 0 6
42 1 36
42 2 13
42 3 36
42 4 37
42 5 1
42 6 33
42 7 32
42 8 9
42 9 11
42 10 23
42 11 35
42 12 37
42 13 11
42 14 33
42 15 9
42 16 25
42 17 8
42 18 17
42 19 34
42 20 23
42 21 10
42 22 34
42 23 44
42 24 14
42 25 24
42 26 25
42 27 48
42 28 49
42 29 41
42 30 32
42 31 48
42 32 49
42 33 18
42 34 49
42 35 8
42 36 26
42 37 27
42 38 49
42 39 11
42 40 17
42 41 3
43 0 44
43 1 28
43 2 7
43 3 33
43 4 9
43 5 14
43 6 4
43 7 49
43 8 40
43 9 19
43 10 27
43 11 24
43 12 16
43 13 30
43 14 44
43 15 37
43 16 41
43 17 32
43 18 29
43 19 12
43 20 27
43 21 34
43 22 20
43 23 20
43 24 17
43 25 35
43 26 23
43 27 41
43 28 23
43 29 42
43 30 5
43 31 34
43 32 17
43 33 36
43 34 40
43 35 35
43 36 15
43 37 27
43 38 13
43 39 25
43 40 23
43 41 28
43 42 27
44 0 3
44 1 9
44 2 2
44 3 12
44 4 15
44 5 35
44 6 35
44 7 22
44 8 23
44 9 8
44 10 31
44 11 13
44 12 35
44 13 40
44 14 35
44 15 33
44 16 41
44 17 12
44 18 19
44 19 37
44 20 12
44 21 7
44 22 19
44 23 38
44 24 33
44 25 13
44 26 8
44 27 17
44 28 5
44 29 26
44 30 40
44 31 44
44 32 41
44 33 36
44 34 19
44 35 8
44 36 46
44 37 24
44 38 48
44 39 15
44 40 15
44 41 26
44 42 48
44 43 47
45 0 48
45 1 15
45 2 9
45 3 9
45 4 38
45 5 30
45 6 3
45 7 22
45 8 1
45 9 29
45 10 6
45 11 37
45 12 8
45 13 21
45 14 46
45 15 27
45 16 30
45 17 32
45 18 38
45 19 26
45 20 37
45 21 26
45 22 30
45 23 37
45 24 16
45 25 22
45 26 46
45 27 7
45 28 24
45 29 41
45 30 36
45 31 17
45 32 9
45 33 13
45 34 24
45 35 6
45 36 38
45 37 46
45 38 9
45 39 2
45 40 47
45 41 48
45 42 23
45 43 12
45 44 24
46 0 13
46 1 38
46 2 9
46 3 1
46 4 49
46 5 33
46 6 46
46 7 24
46 8 14
46 9 46
46 10 19
46 11 31
46 12 42
46 13 14
46 14 11
46 15 15
46 16 16
46 17 18
46 18 43
46 19 5
46 20 31
46 21 42
46 22 28
46 23 17
46 24 35
46 25 25
46 26 9
46 27 15
46 28 31
46 29 20
46 30 27
46 31 12
46 32 19
46 33 12
46 34 29
46 35 41
46 36 14
46 37 41
46 38 9
46 39 39
46 40 39
46 41 19
46 42 39
46 43 48
46 44 5
46 45 21
47 0 7
47 1 4
47 2 24
47 3 10
47 4 28
47 5 46
47 6 41
47 7 41
47 8 39
47 9 46
47 10 32
47 11 44
47 12 19
47 13 46
47 14 45
47 15 46
47 16 40
47 17 42
47 18 28
47 19 5
47 20 8
47 21 37
47 22 37
47 23 9
47 24 43
47 25 10
47 26 7
47 27 12
47 28 1
47 29 48
47 30 27
47 31 4
47 32 43
47 33 35
47 34 46
47 35 2
47 36 49
47 37 36
47 38 48
47 39 44
47 40 5
47 41 23
47 42 30
47 43 39
47 44 49
47 45 5
47 46 14
48 0 27
48 1 3
48 2 4
48 3 42
48 4 41
48 5 23
48 6 6
48 7 13
48 8 41
48 9 15
48 10 19
48 11 28
48 12 35
48 13 23
48 14 16
48 15 35
48 16 34
48 17 36
48 18 9
48 19 29
48 20 34
48 21 22
48 22 48
48 23 34
48 24 45
48 25 45
48 26 41
48 27 37
48 28 38
48 29 14
48 30 40
48 31 14
48 32 43
48 33 9
48 34 29
48 35 24
48 36 9
48 37 11
48 38 21
48 39 15
48 40 30
48 41 19
48 42 40
48 43 27
48 44 19
48 45 1
48 46 13
48 47 12
49 0 5
49 1 22
49 2 9
49 3 27
49 4 22
49 5 39
49 6 7
49 7 13
49 8 37
49 9 45
49 10 22
49 11 22
49 12 1
49 13 20
49 14 23
49 15 32
49 16 2
49 17 1
49 18 19
49 19 48
49 20 32
49 21 14
49 22 48
49 23 48
49 24 26
49 25 34
49 26 14
49 27 45
49 28 35
49 29 44
49 30 8
49 31 44
49 32 48
49 33 10
49 34 26
49 35 12
49 36 33
49 37 34
49 38 6
49 39 34
49 40 37
49 41 45
49 42 40
49 43 20
49 44 46
49 45 25
49 46 12
49 47 12
49 48 17
50 0 19
50 1 24
50 2 9
50 3 4
50 4 38
50 5 12
50 6 6
50 7 18
50 8 28
50 9 17
50 10 37
50 11 32
50 12 44
50 13 1
50 14 35
50 15 17
50 16 34
50 17 35
50 18 22
50 19 15
50 20 22
50 21 45
50 22 30
50 23 13
50 24 49
50 25 49
50 26 32
50 27 31
50 28 36
50 29 40
50 30 10
50 31 38
50 32 2
50 33 16
50 34 13
50 35 7
50 36 2
50 37 25
50 38 12
50 39 10
50 40 4
50 41 47
50 42 25
50 43 5
50 44 12
50 45 48
50 46 43
50 47 11
50 48 4
50 49 27
51 0 13
51 1 20
51 2 9
51 3 1
51 4 21
51 5 10
51 6 23
51 7 8
51 8 27
51 9 22
51 10 9
51 11 38
51 12 40
51 13 22
51 14 39
51 15 18
51 16 37
51 17 45
51 18 33
51 19 20
51 20 31
51 21 46
51 22 5
51 23 46
51 24 1
51 25 23
51 26 37
51 27 45
51 28 42
51 29 1
51 30 3
51 31 26
51 32 7
51 33 33
51 34 38
51 35 1
51 36 16
51 37 28
51 38 49
51 39 7
51 40 43
51 41 26
51 42 5
51 43 5
51 44 35
51 45 10
51 46 26
51 47 29
51 48 30
51 49 17
51 50 31
52 0 19
52 1 16
52 2 39
52 3 14
52 4 24
52 5 24
52 6 12
52 7 38
52 8 45
52 9 19
52 10 7
52 11 45
52 12 23
52 13 1
52 14 47
52 15 48
52 16 6
52 17 11
52 18 49
52 19 24
52 20 48
52 21 41
52 22 14
52 23 35
52 24 43
52 25 39
52 26 8
52 27 10
52 28 2
52 29 9
52 30 42
52 31 8
52 32 13
52 33 10
52 34 44
52 35 6
52 36 40
52 37 31
52 38 23
52 39 12
52 40 42
52 41 29
52 42 26
52 43 26
52 44 3
52 45 11
52 46 42
52 47 17
52 48 33
52 49 46
52 50 12
52 51 15
53 0 18
53 1 4
53 2 1
53 3 22
53 4 33
53 5 16
53 6 10
53 7 43
53 8 18
53 9 16
53 10 39
53 11 45
53 12 40
53 13 48
53 14 40
53 15 1
53 16 27
53 17 27
53 18 12
53 19 37
53 20 44
53 21 42
53 22 7
53 23 20
53 24 14
53 25 30
53 26 8
53 27 16
53 28 34
53 29 5
53 30 36
53 31 7
53 32 15
53 33 36
53 34 17
53 35 39
53 36 3
53 37 44
53 38 26
53 39 37
53 40 16
53 41 18
53 42 4
53 43 47
53 44 10
53 45 10
53 46 49
53 47 12
53 48 19
53 49 45
53 50 19
53 51 26
53 52 48
54 0 48
54 1 26
54 2 36
54 3 4
54 4 24
54 5 23
54 6 16
54 7 22
54 8 11
54 9 7
54 10 7
54 11 25
54 12 24
54 13 39
54 14 25
54 15 14
54 16 25
54 17 7
54 18 12
54 19 18
54 20 7
54 21 29
54 22 35
54 23 30
54 24 19
54 25 19
54 26 2
54 27 26
54 28 44
54 29 40
54 30 26
54 31 22
54 32 10
54 33 18
54 34 19
54 35 36
54 36 36
54 37 32
54 38 33
54 39 43
54 40 38
54 41 41
54 42 42
54 43 2
54 44 26
54 45 19
54 46 23
54 47 34
54 48 30
54 49 25
54 50 47
54 51 4
54 52 3
54 53 40
55 0 7
55 1 33
55 2 47
55 3 48
55 4 30
55 5 11
55 6 11
55 7 9
55 8 19
55 9 26
55 10 7
55 11 45
55 12 47
55 13 28
55 14 40
55 15 20
55 16 32
55 17 11
55 18 6
55 19 25
55 20 17
55 21 38
55 22 31
55 23 1
55 24 41
55 25 12
55 26 4
55 27 44
55 28 35
55 29 40
55 30 7
55 31 17
55 32 35
55 33 7
55 34 13
55 35 13
55 36 6
55 37 17
55 38 11
55 39 18
55 40 25
55 41 42
55 42 48
55 43 34
55 44 40
55 45 16
55 46 37
55 47 41
55 48 29
55 49 27
55 50 33
55 51 29
55 52 12
55 53 48
55 54 10
56 0 8
56 1 2
56 2 6
56 3 15
56 4 3
56 5 32
56 6 7
56 7 48
56 8 18
56 9 16
56 10 12
56 11 35
56 12 39
56 13 40
56 14 46
56 15 44
56 16 47
56 17 5
56 18 1
56 19 15
56 20 41
56 21 4
56 22 38
56 23 14
56 24 43
56 25 42
56 26 10
56 27 39
56 28 45
56 29 30
56 30 39
56 31 14
56 32 12
56 33 39
56 34 11
56 35 8
56 36 37
56 37 11
56 38 20
56 39 42
56 40 12
56 41 27
56 42 17
56 43 34
56 44 37
56 45 48
56 46 32
56 47 41
56 48 45
56 49 8
56 50 4
56 51 16
56 52 36
56 53 35
56 54 14
56 55 35
57 0 46
57 1 44
57 2 23
57 3 47
57 4 6
57 5 10
57 6 39
57 7 28
57 8 14
57 9 7
57 10 32
57 11 7
57 12 8
57 13 7
57 14 17
57 15 35
57 16 1
57 17 23
57 18 24
57 19 35
57 20 21
57 21 49
57 22 18
57 23 17
57 24 48
57 25 28
57 26 6
57 27 37
57 28 28
57 29 27
57 30 11
57 31 5
57 32 17
57 33 11
57 34 46
57 35 32
57 36 15
57 37 16
57 38 26
57 39 24
57 40 19
57 41 26
57 42 17
57 43 12
57 44 26
57 45 27
57 46 21
57 47 9
57 48 49
57 49 41
57 50 38
57 51 15
57 52 39
57 53 18
57 54 33
57 55 24
57 56 11
58 0 49
58 1 38
58 2 47
58 3 39
58 4 14
58 5 32
58 6 12
58 7 47
58 8 26
58 9 10
58 10 24
58 11 22
58 12 44
58 13 1
58 14 9
58 15 15
58 16 35
58 17 25
58 18 8
58 19 34
58 20 48
58 21 27
58 22 35
58 23 8
58 24 49
58 25 4
58 26 7
58 27 48
58 28 37
58 29 21
58 30 49
58 31 32
58 32 8
58 33 35
58 34 44
58 35 35
58 36 26
58 37 34
58 38 32
58 39 30
58 40 32
58 41 14
58 42 13
58 43 48
58 44 29
58 45 17
58 46 28
58 47 43
58 48 48
58 49 10
58 50 8
58 51 25
58 52 19
58 53 27
58 54 22
58 55 41
58 56 2
58 57 24
