36
1 0 9
2 0 5
2 1 10
3 0 8
3 1 11
3 2 13
4 0 6
4 1 9
4 2 17
4 3 14
5 0 19
5 1 8
5 2 7
5 3 4
5 4 8
6 0 18
6 1 14
6 2 21
6 3 19
6 4 11
6 5 21
7 0 6
7 1 19
7 2 10
7 3 17
7 4 16
7 5 8
7 6 9
8 0 5
8 1 12
8 2 18
8 3 3
8 4 2
8 5 7
8 6 13
8 7 6
9 0 21
9 1 5
9 2 5
9 3 2
9 4 3
9 5 14
9 6 18
9 7 20
9 8 15
10 0 12
10 1 13
10 2 14
10 3 19
10 4 21
10 5 12
10 6 4
10 7 4
10 8 10
10 9 3
11 0 15
11 1 7
11 2 16
11 3 1
11 4 12
11 5 13
11 6 12
11 7 7
11 8 13
11 9 8
11 10 9
12 0 10
12 1 11
12 2 3
12 3 11
12 4 21
12 5 14
12 6 17
12 7 3
12 8 19
12 9 5
12 10 9
12 11 1
13 0 19
13 1 18
13 2 9
13 3 14
13 4 15
13 5 14
13 6 7
13 7 19
13 8 11
13 9 16
13 10 1
13 11 5
13 12 1
14 0 20
14 1 15
14 2 2
14 3 17
14 4 4
14 5 14
14 6 20
14 7 11
14 8 19
14 9 20
14 10 5
14 11 21
14 12 2
14 13 3
15 0 21
15 1 12
15 2 4
15 3 11
15 4 17
15 5 1
15 6 7
15 7 5
15 8 4
15 9 5
15 10 3
15 11 5
15 12 8
15 13 13
15 14 16
16 0 9
16 1 15
16 2 21
16 3 11
16 4 7
16 5 9
16 6 5
16 7 21
16 8 7
16 9 19
16 10 1
16 11 4
16 12 10
16 13 16
16 14 9
16 15 9
17 0 14
17 1 3
17 2 14
17 3 5
17 4 18
17 5 19
17 6 17
17 7 4
17 8 18
17 9 5
17 10 18
17 11 1
17 12 8
17 13 6
17 14 21
17 15 8
17 16 1
18 0 12
18 1 1
18 2 8
18 3 15
18 4 14
18 5 17
18 6 19
18 7 2
18 8 12
18 9 9
18 10 17
18 11 5
18 12 21
18 13 20
18 14 14
18 15 18
18 16 10
18 17 18
19 0 5
19 1 14
19 2 17
19 3 9
19 4 17
19 5 2
19 6 20
19 7 16
19 8 2
19 9 15
19 10 13
19 11 20
19 12 16
19 13 1
19 14 4
19 15 10
19 16 11
19 17 9
19 18 6
20 0 8
20 1 11
20 2 14
20 3 20
20 4 15
20 5 19
20 6 15
20 7 12
20 8 1
20 9 19
20 10 8
20 11 19
20 12 1
20 13 13
20 14 21
20 15 14
20 16 1
20 17 17
20 18 9
20 19 20
21 0 21
21 1 6
21 2 15
21 3 21
21 4 18
21 5 12
21 6 12
21 7 20
21 8 3
21 9 2
21 10 13
21 11 13
21 12 4
21 13 6
21 14 4
21 15 9
21 16 5
21 17 12
21 18 20
21 19 13
21 20 13
22 0 5
22 1 19
22 2 7
22 3 3
22 4 9
22 5 11
22 6 7
22 7 13
22 8 5
22 9 12
22 10 10
22 11 6
22 12 19
22 13 7
22 14 17
22 15 17
22 16 4
22 17 12
22 18 8
22 19 19
22 20 5
22 21 13
23 0 13
23 1 7
23 2 12
23 3 19
23 4 20
23 5 2
23 6 15
23 7 2
23 8 3
23 9 13
23 10 19
23 11 7
23 12 18
23 13 7
23 14 7
23 15 14
23 16 9
23 17 19
23 18 9
23 19 2
23 20 7
23 21 6
23 22 14
24 0 6
24 1 1
24 2 3
24 3 10
24 4 1
24 5 1
24 6 10
24 7 8
24 8 11
24 9 19
24 10 2
24 11 11
24 12 9
24 13 4
24 14 13
24 15 21
24 16 20
24 17 16
24 18 8
24 19 7
24 20 14
24 21 11
24 22 17
24 23 11
25 0 11
25 1 4
25 2 11
25 3 3
25 4 16
25 5 19
25 6 4
25 7 15
25 8 17
25 9 11
25 10 19
25 11 2
25 12 13
25 13 14
25 14 14
25 15 18
25 16 13
25 17 18
25 18 17
25 19 4
25 20 14
25 21 8
25 22 1
25 23 5
25 24 7
26 0 20
26 1 6
26 2 21
26 3 4
26 4 15
26 5 3
26 6 1
26 7 2
26 8 13
26 9 1
26 10 11
26 11 6
26 12 6
26 13 6
26 14 11
26 15 17
26 16 17
26 17 9
26 18 4
26 19 5
26 20 1
26 21 21
26 22 10
26 23 2
26 24 17
26 25 4
27 0 13
27 1 21
27 2 8
27 3 20
27 4 21
27 5 17
27 6 19
27 7 7
27 8 14
27 9 7
27 10 15
27 11 21
27 12 11
27 13 21
27 14 13
27 15 19
27 16 6
27 17 14
27 18 4
27 19 12
27 20 2
27 21 17
27 22 6
27 23 19
27 24 18
27 25 14
27 26 5
28 0 7
28 1 1
28 2 7
28 3 13
28 4 17
28 5 19
28 6 19
28 7 17
28 8 16
28 9 18
28 10 3
28 11 13
28 12 10
28 13 6
28 14 19
28 15 7
28 16 10
28 17 6
28 18 18
28 19 19
28 20 13
28 21 11
28 22 18
28 23 1
28 24 3
28 25 19
28 26 5
28 27 2
29 0 18
29 1 16
29 2 16
29 3 10
29 4 4
29 5 16
29 6 14
29 7 5
29 8 18
29 9 19
29 10 15
29 11 19
29 12 8
29 13 10
29 14 19
29 15 1
29 16 8
29 17 3
29 18 20
29 19 6
29 20 16
29 21 12
29 22 21
29 23 20
29 24 11
29 25 19
29 26 5
29 27 1
29 28 15
30 0 20
30 1 1
30 2 7
30 3 13
30 4 8
30 5 8
30 6 6
30 7 11
30 8 21
30 9 16
30 10 8
30 11 9
30 12 17
30 13 16
30 14 17
30 15 12
30 16 10
30 17 16
30 18 19
30 19 17
30 20 15
30 21 19
30 22 17
30 23 13
30 24 5
30 25 18
30 26 5
30 27 4
30 28 12
30 29 3
31 0 4
31 1 7
31 2 17
31 3 5
31 4 1
31 5 1
31 6 1
31 7 14
31 8 9
31 9 1
31 10 10
31 11 5
31 12 14
31 13 3
31 14 13
31 15 5
31 16 7
31 17 14
31 18 12
31 19 7
31 20 18
31 21 4
31 22 18
31 23 8
31 24 6
31 25 19
31 26 3
31 27 13
31 28 3
31 29 21
31 30 7
32 0 8
32 1 4
32 2 16
32 3 13
32 4 6
32 5 1
32 6 17
32 7 20
32 8 11
32 9 20
32 10 20
32 11 7
32 12 3
32 13 15
32 14 17
32 15 12
32 16 11
32 17 4
32 18 1
32 19 13
32 20 11
32 21 13
32 22 5
32 23 17
32 24 15
32 25 10
32 26 5
32 27 18
32 28 11
32 29 19
32 30 14
32 31 13
33 0 18
33 1 13
33 2 21
33 3 2
33 4 18
33 5 6
33 6 4
33 7 1
33 8 10
33 9 8
33 10 6
33 11 20
33 12 9
33 13 1
33 14 16
33 15 21
33 16 17
33 17 17
33 18 10
33 19 11
33 20 1
33 21 15
33 22 7
33 23 2
33 24 7
33 25 10
33 26 5
33 27 19
33 28 16
33 29 18
33 30 17
33 31 8
33 32 20
34 0 20
34 1 19
34 2 15
34 3 5
34 4 12
34 5 7
34 6 5
34 7 18
34 8 9
34 9 11
34 10 5
34 11 14
34 12 5
34 13 11
34 14 9
34 15 13
34 16 14
34 17 20
34 18 10
34 19 1
34 20 18
34 21 2
34 22 17
34 23 8
34 24 17
34 25 8
34 26 16
34 27 13
34 28 7
34 29 8
34 30 8
34 31 5
34 32 11
34 33 13
35 0 11
35 1 16
35 2 16
35 3 1
35 4 10
35 5 11
35 6 7
35 7 3
35 8 9
35 9 9
35 10 18
35 11 3
35 12 11
35 13 7
35 14 2
35 15 1
35 16 15
35 17 13
35 18 13
35 19 1
35 20 6
35 21 6
35 22 8
35 23 7
35 24 16
35 25 5
35 26 14
35 27 8
35 28 1
35 29 16
35 30 14
35 31 5
35 32 7
35 33 12
35 34 19
