19
3 0 2
3 2 6
4 1 4
5 2 3
5 3 6
6 1 1
6 2 8
6 4 6
7 2 8
7 5 7
8 3 1
8 6 5
8 7 5
9 1 6
9 2 5
9 3 8
9 4 9
10 0 8
10 1 4
10 2 7
10 3 7
10 4 6
10 5 9
10 7 1
10 9 3
11 0 8
11 2 2
11 3 6
11 6 2
11 7 5
11 9 1
11 10 4
12 3 2
12 4 4
12 6 8
12 10 2
12 11 1
13 3 9
13 9 9
13 11 2
13 12 4
14 2 2
14 5 4
14 6 4
14 8 2
14 10 1
14 11 5
14 12 3
15 2 3
15 5 5
15 8 1
15 10 8
15 11 3
15 13 3
16 0 9
16 2 8
16 8 5
16 10 5
16 12 6
16 13 6
17 0 1
17 2 9
17 4 8
17 5 1
17 9 9
17 10 9
17 11 7
17 14 6
17 15 3
18 0 3
18 2 4
18 3 7
18 5 4
18 7 3
18 9 1
18 10 8
18 11 8
18 12 3
18 15 8
18 16 8
18 17 5
