67
1 0 59
2 0 56
2 1 57
3 0 18
3 1 51
3 2 21
4 0 29
4 1 54
4 2 30
4 3 59
5 0 10
5 1 20
5 2 58
5 3 46
5 4 3
6 0 17
6 1 45
6 2 30
6 3 45
6 4 4
6 5 56
7 0 25
7 1 30
7 2 42
7 3 44
7 4 42
7 5 36
7 6 1
8 0 39
8 1 60
8 2 31
8 3 41
8 4 15
8 5 2
8 6 43
8 7 18
9 0 46
9 1 42
9 2 61
9 3 2
9 4 61
9 5 39
9 6 14
9 7 28
9 8 36
10 0 12
10 1 51
10 2 63
10 3 46
10 4 34
10 5 59
10 6 38
10 7 56
10 8 61
10 9 28
11 0 40
11 1 14
11 2 61
11 3 64
11 4 30
11 5 36
11 6 2
11 7 51
11 8 4
11 9 40
11 10 45
12 0 3
12 1 43
12 2 9
12 3 15
12 4 43
12 5 47
12 6 20
12 7 9
12 8 36
12 9 52
12 10 20
12 11 23
13 0 59
13 1 52
13 2 1
13 3 39
13 4 13
13 5 63
13 6 13
13 7 33
13 8 49
13 9 27
13 10 48
13 11 15
13 12 65
14 0 7
14 1 44
14 2 62
14 3 5
14 4 46
14 5 10
14 6 21
14 7 11
14 8 36
14 9 29
14 10 50
14 11 47
14 12 41
14 13 56
15 0 6
15 1 43
15 2 38
15 3 7
15 4 7
15 5 55
15 6 50
15 7 8
15 8 61
15 9 51
15 10 12
15 11 3
15 12 20
15 13 16
15 14 45
16 0 21
16 1 5
16 2 8
16 3 46
16 4 21
16 5 36
16 6 49
16 7 34
16 8 1
16 9 50
16 10 46
16 11 53
16 12 21
16 13 23
16 14 41
16 15 62
17 0 44
17 1 54
17 2 36
17 3 18
17 4 26
17 5 41
17 6 62
17 7 26
17 8 5
17 9 54
17 10 19
17 11 8
17 12 21
17 13 46
17 14 5
17 15 49
17 16 19
18 0 30
18 1 19
18 2 40
18 3 53
18 4 46
18 5 4
18 6 15
18 7 22
18 8 42
18 9 53
18 10 32
18 11 44
18 12 62
18 13 12
18 14 45
18 15 34
18 16 55
18 17 41
19 0 10
19 1 7
19 2 54
19 3 22
19 4 11
19 5 22
19 6 7
19 7 54
19 8 6
19 9 43
19 10 40
19 11 43
19 12 62
19 13 7
19 14 16
19 15 57
19 16 10
19 17 25
19 18 44
20 0 63
20 1 44
20 2 10
20 3 52
20 4 62
20 5 15
20 6 36
20 7 51
20 8 25
20 9 7
20 10 52
20 11 11
20 12 42
20 13 45
20 14 32
20 15 45
20 16 52
20 17 60
20 18 46
20 19 30
21 0 48
21 1 8
21 2 14
21 3 57
21 4 38
21 5 4
21 6 19
21 7 33
21 8 30
21 9 65
21 10 4
21 11 35
21 12 6
21 13 18
21 14 19
21 15 45
21 16 56
21 17 40
21 18 64
21 19 46
21 20 25
22 0 10
22 1 26
22 2 54
22 3 36
22 4 58
22 5 6
22 6 48
22 7 48
22 8 14
22 9 18
22 10 61
22 11 39
22 12 30
22 13 44
22 14 48
22 15 33
22 16 47
22 17 25
22 18 2
22 19 57
22 20 40
22 21 38
23 0 38
23 1 38
23 2 24
23 3 16
23 4 49
23 5 29
23 6 40
23 7 64
23 8 44
23 9 21
23 10 50
23 11 43
23 12 12
23 13 30
23 14 51
23 15 37
23 16 23
23 17 4
23 18 54
23 19 14
23 20 18
23 21 6
23 22 61
24 0 5
24 1 13
24 2 4
24 3 56
24 4 48
24 5 41
24 6 63
24 7 44
24 8 19
24 9 46
24 10 4
24 11 46
24 12 10
24 13 59
24 14 41
24 15 1
24 16 26
24 17 5
24 18 19
24 19 27
24 20 17
24 21 24
24 22 33
24 23 50
25 0 44
25 1 21
25 2 4
25 3 2
25 4 52
25 5 22
25 6 61
25 7 23
25 8 50
25 9 27
25 10 48
25 11 3
25 12 34
25 13 41
25 14 43
25 15 28
25 16 4
25 17 56
25 18 32
25 19 50
25 20 41
25 21 53
25 22 25
25 23 50
25 24 51
26 0 14
26 1 14
26 2 25
26 3 5
26 4 47
26 5 53
26 6 2
26 7 10
26 8 7
26 9 23
26 10 9
26 11 15
26 12 35
26 13 49
26 14 61
26 15 20
26 16 10
26 17 57
26 18 61
26 19 39
26 20 13
26 21 46
26 22 8
26 23 14
26 24 26
26 25 7
27 0 15
27 1 48
27 2 29
27 3 31
27 4 28
27 5 25
27 6 42
27 7 48
27 8 20
27 9 9
27 10 9
27 11 19
27 12 65
27 13 38
27 14 20
27 15 50
27 16 52
27 17 41
27 18 13
27 19 1
27 20 46
27 21 21
27 22 9
27 23 29
27 24 43
27 25 28
27 26 53
28 0 47
28 1 27
28 2 24
28 3 34
28 4 20
28 5 22
28 6 53
28 7 24
28 8 34
28 9 38
28 10 65
28 11 41
28 12 13
28 13 28
28 14 36
28 15 34
28 16 45
28 17 43
28 18 24
28 19 5
28 20 16
28 21 29
28 22 54
28 23 65
28 24 58
28 25 57
28 26 32
28 27 33
29 0 3
29 1 15
29 2 61
29 3 43
29 4 65
29 5 51
29 6 25
29 7 45
29 8 37
29 9 22
29 10 30
29 11 14
29 12 52
29 13 15
29 14 58
29 15 34
29 16 27
29 17 8
29 18 23
29 19 10
29 20 24
29 21 5
29 22 39
29 23 33
29 24 52
29 25 48
29 26 26
29 27 23
29 28 17
30 0 20
30 1 27
30 2 12
30 3 52
30 4 63
30 5 32
30 6 64
30 7 30
30 8 59
30 9 20
30 10 64
30 11 25
30 12 57
30 13 26
30 14 4
30 15 13
30 16 10
30 17 46
30 18 12
30 19 49
30 20 16
30 21 29
30 22 9
30 23 17
30 24 44
30 25 61
30 26 4
30 27 22
30 28 59
30 29 30
31 0 55
31 1 32
31 2 56
31 3 31
31 4 19
31 5 13
31 6 57
31 7 49
31 8 38
31 9 37
31 10 7
31 11 13
31 12 38
31 13 6
31 14 25
31 15 26
31 16 53
31 17 5
31 18 26
31 19 22
31 20 23
31 21 57
31 22 36
31 23 31
31 24 50
31 25 54
31 26 48
31 27 38
31 28 62
31 29 41
31 30 12
32 0 42
32 1 41
32 2 28
32 3 55
32 4 54
32 5 39
32 6 6
32 7 6
32 8 41
32 9 8
32 10 14
32 11 48
32 12 5
32 13 5
32 14 55
32 15 33
32 16 12
32 17 46
32 18 16
32 19 42
32 20 57
32 21 10
32 22 49
32 23 10
32 24 53
32 25 63
32 26 58
32 27 52
32 28 8
32 29 35
32 30 12
32 31 16
33 0 63
33 1 51
33 2 21
33 3 26
33 4 18
33 5 56
33 6 36
33 7 15
33 8 9
33 9 40
33 10 40
33 11 37
33 12 55
33 13 63
33 14 33
33 15 33
33 16 21
33 17 38
33 18 52
33 19 39
33 20 35
33 21 22
33 22 34
33 23 52
33 24 24
33 25 46
33 26 34
33 27 65
33 28 32
33 29 51
33 30 12
33 31 34
33 32 50
34 0 53
34 1 40
34 2 58
34 3 7
34 4 17
34 5 49
34 6 54
34 7 21
34 8 52
34 9 15
34 10 16
34 11 11
34 12 2
34 13 34
34 14 43
34 15 7
34 16 26
34 17 6
34 18 26
34 19 33
34 20 56
34 21 27
34 22 27
34 23 35
34 24 20
34 25 5
34 26 36
34 27 53
34 28 40
34 29 23
34 30 48
34 31 39
34 32 63
34 33 63
35 0 24
35 1 7
35 2 53
35 3 62
35 4 51
35 5 11
35 6 35
35 7 46
35 8 41
35 9 25
35 10 45
35 11 58
35 12 43
35 13 37
35 14 38
35 15 36
35 16 4
35 17 56
35 18 12
35 19 42
35 20 29
35 21 8
35 22 1
35 23 60
35 24 7
35 25 23
35 26 22
35 27 58
35 28 13
35 29 7
35 30 45
35 31 9
35 32 59
35 33 27
35 34 51
36 0 20
36 1 44
36 2 33
36 3 13
36 4 46
36 5 18
36 6 27
36 7 32
36 8 65
36 9 4
36 10 15
36 11 28
36 12 45
36 13 56
36 14 32
36 15 45
36 16 21
36 17 16
36 18 15
36 19 17
36 20 34
36 21 11
36 22 29
36 23 5
36 24 25
36 25 17
36 26 65
36 27 2
36 28 54
36 29 3
36 30 27
36 31 4
36 32 56
36 33 18
36 34 61
36 35 11
37 0 58
37 1 51
37 2 45
37 3 31
37 4 38
37 5 41
37 6 10
37 7 37
37 8 61
37 9 45
37 10 2
37 11 10
37 12 25
37 13 34
37 14 10
37 15 8
37 16 12
37 17 36
37 18 20
37 19 8
37 20 44
37 21 47
37 22 57
37 23 65
37 24 44
37 25 13
37 26 45
37 27 40
37 28 26
37 29 54
37 30 45
37 31 8
37 32 49
37 33 13
37 34 1
37 35 35
37 36 39
38 0 52
38 1 50
38 2 21
38 3 38
38 4 38
38 5 46
38 6 3
38 7 29
38 8 50
38 9 20
38 10 50
38 11 7
38 12 44
38 13 4
38 14 25
38 15 53
38 16 15
38 17 13
38 18 4
38 19 5
38 20 4
38 21 57
38 22 53
38 23 23
38 24 39
38 25 38
38 26 32
38 27 39
38 28 31
38 29 31
38 30 61
38 31 10
38 32 1
38 33 50
38 34 5
38 35 42
38 36 65
38 37 20
39 0 3
39 1 49
39 2 36
39 3 7
39 4 52
39 5 11
39 6 7
39 7 35
39 8 50
39 9 61
39 10 44
39 11 10
39 12 30
39 13 12
39 14 65
39 15 37
39 16 61
39 17 50
39 18 11
39 19 57
39 20 59
39 21 26
39 22 55
39 23 28
39 24 41
39 25 25
39 26 15
39 27 6
39 28 52
39 29 53
39 30 20
39 31 1
39 32 23
39 33 5
39 34 5
39 35 60
39 36 43
39 37 58
39 38 54
40 0 18
40 1 41
40 2 12
40 3 41
40 4 40
40 5 43
40 6 47
40 7 29
40 8 20
40 9 34
40 10 9
40 11 58
40 12 15
40 13 36
40 14 47
40 15 15
40 16 20
40 17 44
40 18 26
40 19 15
40 20 47
40 21 21
40 22 24
40 23 9
40 24 24
40 25 12
40 26 41
40 27 29
40 28 60
40 29 8
40 30 23
40 31 51
40 32 23
40 33 7
40 34 38
40 35 47
40 36 64
40 37 49
40 38 61
40 39 24
41 0 25
41 1 51
41 2 20
41 3 17
41 4 38
41 5 37
41 6 41
41 7 39
41 8 35
41 9 43
41 10 10
41 11 6
41 12 45
41 13 55
41 14 1
41 15 55
41 16 11
41 17 6
41 18 60
41 19 13
41 20 2
41 21 38
41 22 6
41 23 10
41 24 20
41 25 38
41 26 65
41 27 2
41 28 7
41 29 57
41 30 34
41 31 39
41 32 52
41 33 64
41 34 31
41 35 27
41 36 5
41 37 32
41 38 37
41 39 32
41 40 35
42 0 7
42 1 24
42 2 34
42 3 62
42 4 17
42 5 58
42 6 57
42 7 24
42 8 29
42 9 49
42 10 38
42 11 52
42 12 37
42 13 63
42 14 56
42 15 6
42 16 6
42 17 64
42 18 37
42 19 15
42 20 37
42 21 32
42 22 19
42 23 10
42 24 59
42 25 65
42 26 25
42 27 58
42 28 43
42 29 21
42 30 21
42 31 32
42 32 59
42 33 28
42 34 23
42 35 16
42 36 42
42 37 24
42 38 12
42 39 62
42 40 50
42 41 1
43 0 7
43 1 21
43 2 3
43 3 8
43 4 59
43 5 60
43 6 44
43 7 49
43 8 37
43 9 56
43 10 15
43 11 7
43 12 19
43 13 39
43 14 14
43 15 22
43 16 43
43 17 17
43 18 37
43 19 56
43 20 52
43 21 25
43 22 42
43 23 22
43 24 60
43 25 4
43 26 37
43 27 3
43 28 41
43 29 59
43 30 14
43 31 46
43 32 51
43 33 13
43 34 61
43 35 56
43 36 55
43 37 14
43 38 56
43 39 2
43 40 65
43 41 46
43 42 33
44 0 47
44 1 39
44 2 43
44 3 57
44 4 61
44 5 32
44 6 22
44 7 23
44 8 20
44 9 24
44 10 52
44 11 6
44 12 34
44 13 26
44 14 35
44 15 39
44 16 38
44 17 27
44 18 4
44 19 60
44 20 50
44 21 46
44 22 20
44 23 27
44 24 37
44 25 9
44 26 33
44 27 65
44 28 63
44 29 60
44 30 34
44 31 46
44 32 54
44 33 46
44 34 14
44 35 37
44 36 14
44 37 21
44 38 2
44 39 9
44 40 50
44 41 40
44 42 59
44 43 36
45 0 54
45 1 19
45 2 21
45 3 42
45 4 45
45 5 29
45 6 3
45 7 30
45 8 64
45 9 20
45 10 57
45 11 25
45 12 38
45 13 35
45 14 18
45 15 46
45 16 4
45 17 58
45 18 6
45 19 13
45 20 52
45 21 3
45 22 23
45 23 4
45 24 22
45 25 15
45 26 2
45 27 29
45 28 21
45 29 41
45 30 19
45 31 21
45 32 27
45 33 55
45 34 34
45 35 24
45 36 61
45 37 50
45 38 11
45 39 10
45 40 62
45 41 56
45 42 15
45 43 57
45 44 11
46 0 39
46 1 64
46 2 19
46 3 6
46 4 24
46 5 6
46 6 53
46 7 60
46 8 24
46 9 21
46 10 43
46 11 17
46 12 17
46 13 39
46 14 41
46 15 56
46 16 30
46 17 63
46 18 2
46 19 40
46 20 23
46 21 39
46 22 40
46 23 50
46 24 63
46 25 20
46 26 41
46 27 59
46 28 56
46 29 54
46 30 27
46 31 24
46 32 64
46 33 57
46 34 7
46 35 62
46 36 9
46 37 64
46 38 16
46 39 13
46 40 13
46 41 26
46 42 38
46 43 34
46 44 61
46 45 37
47 0 18
47 1 2
47 2 32
47 3 10
47 4 8
47 5 58
47 6 43
47 7 18
47 8 52
47 9 18
47 10 39
47 11 58
47 12 5
47 13 46
47 14 25
47 15 7
47 16 31
47 17 58
47 18 57
47 19 60
47 20 64
47 21 41
47 22 47
47 23 63
47 24 31
47 25 23
47 26 13
47 27 53
47 28 26
47 29 16
47 30 36
47 31 14
47 32 39
47 33 10
47 34 55
47 35 18
47 36 13
47 37 45
47 38 37
47 39 29
47 40 21
47 41 16
47 42 34
47 43 45
47 44 48
47 45 43
47 46 37
48 0 24
48 1 57
48 2 6
48 3 29
48 4 47
48 5 42
48 6 3
48 7 49
48 8 56
48 9 12
48 10 44
48 11 38
48 12 43
48 13 26
48 14 62
48 15 43
48 16 7
48 17 55
48 18 4
48 19 53
48 20 56
48 21 29
48 22 28
48 23 10
48 24 4
48 25 63
48 26 63
48 27 25
48 28 53
48 29 21
48 30 34
48 31 64
48 32 47
48 33 10
48 34 54
48 35 14
48 36 27
48 37 8
48 38 2
48 39 25
48 40 63
48 41 8
48 42 61
48 43 34
48 44 51
48 45 65
48 46 35
48 47 29
49 0 9
49 1 45
49 2 6
49 3 17
49 4 25
49 5 4
49 6 20
49 7 18
49 8 3
49 9 22
49 10 11
49 11 1
49 12 39
49 13 23
49 14 21
49 15 1
49 16 1
49 17 64
49 18 23
49 19 31
49 20 38
49 21 9
49 22 11
49 23 50
49 24 6
49 25 36
49 26 21
49 27 35
49 28 48
49 29 12
49 30 11
49 31 8
49 32 19
49 33 45
49 34 60
49 35 1
49 36 17
49 37 41
49 38 18
49 39 60
49 40 15
49 41 13
49 42 61
49 43 50
49 44 32
49 45 40
49 46 19
49 47 23
49 48 43
50 0 40
50 1 17
50 2 45
50 3 11
50 4 31
50 5 48
50 6 22
50 7 19
50 8 42
50 9 18
50 10 64
50 11 37
50 12 59
50 13 9
50 14 25
50 15 42
50 16 42
50 17 35
50 18 17
50 19 44
50 20 37
50 21 60
50 22 40
50 23 15
50 24 62
50 25 39
50 26 1
50 27 62
50 28 36
50 29 52
50 30 17
50 31 40
50 32 17
50 33 26
50 34 58
50 35 22
50 36 32
50 37 41
50 38 20
50 39 62
50 40 56
50 41 33
50 42 22
50 43 59
50 44 31
50 45 54
50 46 49
50 47 18
50 48 1
50 49 5
51 0 64
51 1 35
51 2 29
51 3 26
51 4 57
51 5 22
51 6 1
51 7 44
51 8 31
51 9 26
51 10 43
51 11 15
51 12 8
51 13 16
51 14 31
51 15 45
51 16 7
51 17 30
51 18 27
51 19 13
51 20 5
51 21 35
51 22 27
51 23 51
51 24 44
51 25 44
51 26 60
51 27 41
51 28 2
51 29 5
51 30 20
51 31 51
51 32 22
51 33 23
51 34 35
51 35 18
51 36 35
51 37 30
51 38 13
51 39 45
51 40 46
51 41 6
51 42 61
51 43 57
51 44 49
51 45 17
51 46 40
51 47 10
51 48 48
51 49 61
51 50 54
52 0 16
52 1 38
52 2 40
52 3 38
52 4 59
52 5 5
52 6 11
52 7 34
52 8 49
52 9 43
52 10 50
52 11 36
52 12 58
52 13 7
52 14 11
52 15 4
52 16 34
52 17 17
52 18 2
52 19 10
52 20 14
52 21 26
52 22 1
52 23 15
52 24 60
52 25 56
52 26 38
52 27 13
52 28 47
52 29 65
52 30 11
52 31 65
52 32 56
52 33 48
52 34 44
52 35 17
52 36 41
52 37 1
52 38 55
52 39 6
52 40 16
52 41 12
52 42 48
52 43 41
52 44 35
52 45 2
52 46 30
52 47 48
52 48 21
52 49 54
52 50 57
52 51 52
53 0 41
53 1 58
53 2 54
53 3 44
53 4 15
53 5 27
53 6 20
53 7 20
53 8 14
53 9 21
53 10 27
53 11 26
53 12 22
53 13 54
53 14 9
53 15 13
53 16 33
53 17 51
53 18 16
53 19 27
53 20 53
53 21 42
53 22 64
53 23 45
53 24 44
53 25 19
53 26 1
53 27 4
53 28 5
53 29 41
53 30 10
53 31 41
53 32 9
53 33 35
53 34 49
53 35 7
53 36 22
53 37 5
53 38 36
53 39 3
53 40 13
53 41 46
53 42 48
53 43 63
53 44 7
53 45 63
53 46 8
53 47 33
53 48 55
53 49 55
53 50 64
53 51 48
53 52 52
54 0 59
54 1 64
54 2 40
54 3 63
54 4 57
54 5 56
54 6 54
54 7 16
54 8 3
54 9 15
54 10 15
54 11 41
54 12 4
54 13 29
54 14 30
54 15 23
54 16 38
54 17 27
54 18 59
54 19 58
54 20 14
54 21 58
54 22 41
54 23 43
54 24 26
54 25 31
54 26 6
54 27 39
54 28 21
54 29 36
54 30 1
54 31 3
54 32 13
54 33 42
54 34 24
54 35 44
54 36 63
54 37 14
54 38 29
54 39 18
54 40 56
54 41 42
54 42 40
54 43 39
54 44 2
54 45 63
54 46 10
54 47 53
54 48 14
54 49 52
54 50 13
54 51 8
54 52 18
54 53 13
55 0 43
55 1 24
55 2 65
55 3 41
55 4 62
55 5 16
55 6 23
55 7 17
55 8 32
55 9 50
55 10 26
55 11 12
55 12 28
55 13 41
55 14 26
55 15 19
55 16 25
55 17 32
55 18 41
55 19 61
55 20 44
55 21 1
55 22 16
55 23 43
55 24 34
55 25 41
55 26 5
55 27 29
55 28 25
55 29 9
55 30 15
55 31 35
55 32 7
55 33 33
55 34 42
55 35 32
55 36 45
55 37 48
55 38 32
55 39 12
55 40 62
55 41 36
55 42 34
55 43 2
55 44 12
55 45 4
55 46 2
55 47 19
55 48 39
55 49 2
55 50 9
55 51 41
55 52 36
55 53 18
55 54 9
56 0 1
56 1 15
56 2 1
56 3 43
56 4 48
56 5 40
56 6 41
56 7 36
56 8 11
56 9 10
56 10 3
56 11 42
56 12 25
56 13 56
56 14 27
56 15 8
56 16 1
56 17 17
56 18 12
56 19 5
56 20 48
56 21 20
56 22 34
56 23 11
56 24 18
56 25 58
56 26 48
56 27 51
56 28 4
56 29 4
56 30 7
56 31 11
56 32 42
56 33 41
56 34 21
56 35 9
56 36 41
56 37 1
56 38 37
56 39 29
56 40 43
56 41 37
56 42 42
56 43 4
56 44 61
56 45 24
56 46 55
56 47 59
56 48 65
56 49 44
56 50 38
56 51 33
56 52 58
56 53 17
56 54 57
56 55 60
57 0 4
57 1 24
57 2 3
57 3 63
57 4 23
57 5 5
57 6 27
57 7 17
57 8 11
57 9 15
57 10 1
57 11 51
57 12 36
57 13 10
57 14 8
57 15 6
57 16 55
57 17 8
57 18 34
57 19 17
57 20 63
57 21 62
57 22 51
57 23 8
57 24 54
57 25 18
57 26 48
57 27 35
57 28 3
57 29 37
57 30 6
57 31 45
57 32 12
57 33 50
57 34 58
57 35 36
57 36 19
57 37 65
57 38 19
57 39 12
57 40 5
57 41 4
57 42 34
57 43 28
57 44 24
57 45 29
57 46 34
57 47 12
57 48 41
57 49 61
57 50 22
57 51 11
57 52 29
57 53 31
57 54 5
57 55 7
57 56 35
58 0 25
58 1 34
58 2 46
58 3 35
58 4 24
58 5 12
58 6 35
58 7 46
58 8 62
58 9 45
58 10 13
58 11 15
58 12 5
58 13 53
58 14 61
58 15 44
58 16 7
58 17 13
58 18 55
58 19 13
58 20 33
58 21 6
58 22 15
58 23 65
58 24 61
58 25 10
58 26 51
58 27 22
58 28 29
58 29 37
58 30 44
58 31 28
58 32 64
58 33 46
58 34 39
58 35 35
58 36 44
58 37 10
58 38 36
58 39 15
58 40 19
58 41 8
58 42 52
58 43 64
58 44 57
58 45 2
58 46 15
58 47 1
58 48 44
58 49 14
58 50 7
58 51 26
58 52 43
58 53 64
58 54 3
58 55 57
58 56 17
58 57 21
59 0 36
59 1 37
59 2 21
59 3 62
59 4 33
59 5 1
59 6 5
59 7 52
59 8 26
59 9 51
59 10 57
59 11 58
59 12 21
59 13 47
59 14 1
59 15 9
59 16 61
59 17 51
59 18 42
59 19 53
59 20 53
59 21 49
59 22 55
59 23 25
59 24 4
59 25 27
59 26 14
59 27 16
59 28 5
59 29 65
59 30 41
59 31 22
59 32 48
59 33 57
59 34 1
59 35 50
59 36 34
59 37 55
59 38 10
59 39 65
59 40 14
59 41 43
59 42 8
59 43 1
59 44 19
59 45 30
59 46 45
59 47 53
59 48 13
59 49 9
59 50 49
59 51 52
59 52 60
59 53 4
59 54 54
59 55 14
59 56 46
59 57 47
59 58 64
60 0 40
60 1 56
60 2 60
60 3 51
60 4 54
60 5 57
60 6 48
60 7 14
60 8 15
60 9 24
60 10 28
60 11 36
60 12 2
60 13 35
60 14 63
60 15 47
60 16 57
60 17 14
60 18 61
60 19 38
60 20 18
60 21 44
60 22 47
60 23 6
60 24 20
60 25 44
60 26 36
60 27 29
60 28 46
60 29 39
60 30 45
60 31 42
60 32 31
60 33 28
60 34 53
60 35 58
60 36 26
60 37 11
60 38 20
60 39 54
60 40 13
60 41 49
60 42 14
60 43 57
60 44 8
60 45 38
60 46 59
60 47 37
60 48 25
60 49 32
60 50 49
60 51 7
60 52 39
60 53 17
60 54 24
60 55 29
60 56 12
60 57 31
60 58 13
60 59 29
61 0 17
61 1 16
61 2 37
61 3 9
61 4 49
61 5 47
61 6 27
61 7 59
61 8 38
61 9 57
61 10 19
61 11 27
61 12 2
61 13 57
61 14 27
61 15 25
61 16 58
61 17 51
61 18 62
61 19 32
61 20 61
61 21 42
61 22 34
61 23 9
61 24 48
61 25 11
61 26 58
61 27 63
61 28 49
61 29 29
61 30 13
61 31 64
61 32 42
61 33 37
61 34 20
61 35 4
61 36 54
61 37 61
61 38 61
61 39 3
61 40 46
61 41 48
61 42 53
61 43 34
61 44 32
61 45 55
61 46 62
61 47 30
61 48 15
61 49 6
61 50 50
61 51 47
61 52 24
61 53 45
61 54 52
61 55 37
61 56 23
61 57 17
61 58 65
61 59 32
61 60 48
62 0 50
62 1 60
62 2 63
62 3 58
62 4 13
62 5 32
62 6 8
62 7 28
62 8 64
62 9 1
62 10 9
62 11 53
62 12 23
62 13 28
62 14 11
62 15 47
62 16 5
62 17 23
62 18 61
62 19 14
62 20 31
62 21 7
62 22 20
62 23 52
62 24 37
62 25 63
62 26 36
62 27 56
62 28 34
62 29 16
62 30 2
62 31 9
62 32 11
62 33 50
62 34 35
62 35 8
62 36 1
62 37 19
62 38 34
62 39 36
62 40 59
62 41 34
62 42 6
62 43 38
62 44 40
62 45 61
62 46 13
62 47 5
62 48 43
62 49 42
62 50 35
62 51 3
62 52 19
62 53 48
62 54 28
62 55 36
62 56 32
62 57 10
62 58 2
62 59 13
62 60 24
62 61 60
63 0 9
63 1 10
63 2 17
63 3 10
63 4 24
63 5 35
63 6 28
63 7 19
63 8 23
63 9 22
63 10 16
63 11 34
63 12 15
63 13 14
63 14 10
63 15 21
63 16 45
63 17 2
63 18 57
63 19 20
63 20 22
63 21 60
63 22 43
63 23 21
63 24 61
63 25 7
63 26 27
63 27 8
63 28 6
63 29 51
63 30 9
63 31 61
63 32 19
63 33 3
63 34 1
63 35 20
63 36 14
63 37 22
63 38 60
63 39 30
63 40 64
63 41 3
63 42 31
63 43 15
63 44 48
63 45 22
63 46 40
63 47 41
63 48 27
63 49 10
63 50 29
63 51 8
63 52 3
63 53 62
63 54 61
63 55 24
63 56 40
63 57 60
63 58 28
63 59 12
63 60 24
63 61 30
63 62 32
64 0 48
64 1 23
64 2 7
64 3 6
64 4 19
64 5 12
64 6 34
64 7 20
64 8 1
64 9 35
64 10 56
64 11 24
64 12 52
64 13 3
64 14 63
64 15 14
64 16 61
64 17 12
64 18 60
64 19 6
64 20 6
64 21 35
64 22 4
64 23 3
64 24 3
64 25 47
64 26 27
64 27 10
64 28 8
64 29 31
64 30 22
64 31 50
64 32 15
64 33 62
64 34 35
64 35 19
64 36 53
64 37 13
64 38 58
64 39 16
64 40 25
64 41 14
64 42 58
64 43 32
64 44 23
64 45 18
64 46 20
64 47 4
64 48 15
64 49 16
64 50 48
64 51 53
64 52 25
64 53 11
64 54 59
64 55 63
64 56 13
64 57 19
64 58 56
64 59 9
64 60 6
64 61 24
64 62 49
64 63 28
65 0 43
65 1 56
65 2 24
65 3 64
65 4 12
65 5 28
65 6 63
65 7 38
65 8 2
65 9 50
65 10 2
65 11 31
65 12 52
65 13 40
65 14 50
65 15 36
65 16 15
65 17 51
65 18 47
65 19 27
65 20 12
65 21 16
65 22 50
65 23 5
65 24 12
65 25 40
65 26 17
65 27 16
65 28 32
65 29 51
65 30 7
65 31 29
65 32 36
65 33 30
65 34 20
65 35 29
65 36 15
65 37 44
65 38 51
65 39 54
65 40 27
65 41 55
65 42 57
65 43 37
65 44 50
65 45 46
65 46 51
65 47 55
65 48 30
65 49 14
65 50 45
65 51 51
65 52 42
65 53 26
65 54 32
65 55 37
65 56 53
65 57 39
65 58 16
65 59 10
65 60 60
65 61 44
65 62 57
65 63 48
65 64 36
66 0 5
66 1 48
66 2 21
66 3 9
66 4 48
66 5 60
66 6 32
66 7 60
66 8 30
66 9 39
66 10 60
66 11 34
66 12 8
66 13 50
66 14 14
66 15 64
66 16 43
66 17 2
66 18 26
66 19 51
66 20 63
66 21 22
66 22 56
66 23 14
66 24 11
66 25 3
66 26 43
66 27 4
66 28 36
66 29 28
66 30 35
66 31 29
66 32 30
66 33 36
66 34 2
66 35 30
66 36 57
66 37 21
66 38 34
66 39 45
66 40 23
66 41 60
66 42 5
66 43 58
66 44 45
66 45 3
66 46 30
66 47 30
66 48 20
66 49 40
66 50 45
66 51 24
66 52 32
66 53 60
66 54 2
66 55 53
66 56 48
66 57 21
66 58 7
66 59 36
66 60 60
66 61 61
66 62 53
66 63 61
66 64 9
66 65 5
