35
1 0 9
2 0 14
2 1 10
3 0 2
3 1 1
3 2 15
4 0 4
4 1 12
4 2 15
4 3 13
5 0 11
5 1 9
5 2 7
5 3 1
5 4 13
6 0 7
6 1 8
6 2 6
6 3 12
6 4 5
6 5 13
7 0 8
7 1 4
7 2 16
7 3 14
7 4 11
7 5 6
7 6 7
8 0 2
8 1 1
8 2 4
8 3 4
8 4 3
8 5 7
8 6 5
8 7 1
9 0 8
9 1 5
9 2 12
9 3 9
9 4 5
9 5 13
9 6 4
9 7 13
9 8 2
10 0 9
10 1 13
10 2 12
10 3 13
10 4 11
10 5 4
10 6 16
10 7 14
10 8 14
10 9 13
11 0 6
11 1 15
11 2 9
11 3 9
11 4 15
11 5 1
11 6 14
11 7 13
11 8 1
11 9 5
11 10 2
12 0 10
12 1 16
12 2 11
12 3 4
12 4 15
12 5 4
12 6 3
12 7 7
12 8 15
12 9 8
12 10 13
12 11 7
13 0 14
13 1 7
13 2 14
13 3 7
13 4 14
13 5 14
13 6 3
13 7 1
13 8 1
13 9 10
13 10 15
13 11 12
13 12 5
14 0 4
14 1 8
14 2 12
14 3 6
14 4 11
14 5 12
14 6 6
14 7 8
14 8 3
14 9 6
14 10 14
14 11 5
14 12 16
14 13 6
15 0 6
15 1 6
15 2 8
15 3 11
15 4 16
15 5 10
15 6 8
15 7 16
15 8 16
15 9 3
15 10 10
15 11 4
15 12 1
15 13 9
15 14 5
16 0 4
16 1 10
16 2 15
16 3 16
16 4 12
16 5 12
16 6 8
16 7 16
16 8 1
16 9 4
16 10 12
16 11 10
16 12 6
16 13 7
16 14 5
16 15 1
17 0 15
17 1 6
17 2 15
17 3 2
17 4 11
17 5 4
17 6 11
17 7 16
17 8 3
17 9 12
17 10 10
17 11 12
17 12 10
17 13 9
17 14 2
17 15 15
17 16 11
18 0 12
18 1 4
18 2 1
18 3 2
18 4 2
18 5 11
18 6 13
18 7 16
18 8 1
18 9 7
18 10 2
18 11 8
18 12 1
18 13 16
18 14 9
18 15 10
18 16 8
18 17 2
19 0 11
19 1 4
19 2 10
19 3 14
19 4 12
19 5 10
19 6 12
19 7 2
19 8 4
19 9 1
19 10 4
19 11 2
19 12 9
19 13 12
19 14 7
19 15 8
19 16 4
19 17 6
19 18 12
20 0 15
20 1 2
20 2 3
20 3 4
20 4 14
20 5 13
20 6 16
20 7 3
20 8 13
20 9 15
20 10 10
20 11 2
20 12 4
20 13 7
20 14 13
20 15 13
20 16 6
20 17 13
20 18 13
20 19 7
21 0 10
21 1 4
21 2 13
21 3 11
21 4 11
21 5 8
21 6 10
21 7 11
21 8 11
21 9 15
21 10 9
21 11 3
21 12 5
21 13 8
21 14 12
21 15 14
21 16 13
21 17 12
21 18 8
21 19 9
21 20 4
22 0 11
22 1 3
22 2 5
22 3 2
22 4 15
22 5 9
22 6 4
22 7 14
22 8 3
22 9 6
22 10 2
22 11 2
22 12 11
22 13 6
22 14 11
22 15 9
22 16 13
22 17 8
22 18 7
22 19 7
22 20 13
22 21 4
23 0 14
23 1 1
23 2 15
23 3 4
23 4 5
23 5 12
23 6 12
23 7 3
23 8 9
23 9 4
23 10 1
23 11 7
23 12 11
23 13 13
23 14 10
23 15 2
23 16 11
23 17 13
23 18 9
23 19 11
23 20 14
23 21 12
23 22 16
24 0 4
24 1 8
24 2 10
24 3 4
24 4 10
24 5 10
24 6 11
24 7 4
24 8 13
24 9 2
24 10 10
24 11 2
24 12 12
24 13 14
24 14 13
24 15 12
24 16 1
24 17 1
24 18 5
24 19 10
24 20 12
24 21 1
24 22 2
24 23 14
25 0 2
25 1 2
25 2 8
25 3 15
25 4 13
25 5 16
25 6 1
25 7 12
25 8 7
25 9 12
25 10 13
25 11 13
25 12 6
25 13 8
25 14 5
25 15 4
25 16 8
25 17 11
25 18 12
25 19 12
25 20 3
25 21 8
25 22 3
25 23 12
25 24 2
26 0 14
26 1 10
26 2 2
26 3 11
26 4 14
26 5 6
26 6 6
26 7 15
26 8 3
26 9 2
26 10 3
26 11 8
26 12 11
26 13 1
26 14 3
26 15 4
26 16 12
26 17 6
26 18 3
26 19 10
26 20 8
26 21 8
26 22 2
26 23 9
26 24 6
26 25 14
27 0 5
27 1 6
27 2 7
27 3 2
27 4 5
27 5 3
27 6 13
27 7 4
27 8 12
27 9 5
27 10 2
27 11 15
27 12 12
27 13 2
27 14 16
27 15 16
27 16 13
27 17 10
27 18 15
27 19 7
27 20 2
27 21 16
27 22 12
27 23 15
27 24 11
27 25 11
27 26 12
28 0 15
28 1 13
28 2 6
28 3 10
28 4 4
28 5 12
28 6 5
28 7 15
28 8 16
28 9 4
28 10 9
28 11 14
28 12 4
28 13 5
28 14 6
28 15 15
28 16 2
28 17 5
28 18 10
28 19 11
28 20 15
28 21 9
28 22 4
28 23 13
28 24 13
28 25 6
28 26 3
28 27 12
29 0 12
29 1 13
29 2 12
29 3 16
29 4 14
29 5 15
29 6 13
29 7 8
29 8 12
29 9 2
29 10 16
29 11 10
29 12 13
29 13 5
29 14 13
29 15 3
29 16 14
29 17 5
29 18 6
29 19 2
29 20 8
29 21 13
29 22 11
29 23 1
29 24 16
29 25 2
29 26 10
29 27 7
29 28 10
30 0 7
30 1 16
30 2 2
30 3 14
30 4 13
30 5 10
30 6 14
30 7 8
30 8 3
30 9 2
30 10 13
30 11 10
30 12 1
30 13 2
30 14 11
30 15 14
30 16 14
30 17 16
30 18 9
30 19 11
30 20 4
30 21 11
30 22 14
30 23 14
30 24 13
30 25 1
30 26 7
30 27 16
30 28 13
30 29 10
31 0 7
31 1 9
31 2 7
31 3 1
31 4 6
31 5 4
31 6 7
31 7 6
31 8 14
31 9 11
31 10 2
31 11 4
31 12 4
31 13 16
31 14 14
31 15 11
31 16 15
31 17 8
31 18 7
31 19 16
31 20 2
31 21 12
31 22 10
31 23 13
31 24 10
31 25 11
31 26 12
31 27 7
31 28 16
31 29 9
31 30 16
32 0 10
32 1 10
32 2 8
32 3 5
32 4 15
32 5 8
32 6 12
32 7 10
32 8 16
32 9 13
32 10 10
32 11 10
32 12 14
32 13 15
32 14 8
32 15 10
32 16 8
32 17 15
32 18 9
32 19 8
32 20 8
32 21 3
32 22 13
32 23 2
32 24 9
32 25 6
32 26 1
32 27 1
32 28 3
32 29 10
32 30 16
32 31 1
33 0 14
33 1 14
33 2 15
33 3 13
33 4 16
33 5 1
33 6 12
33 7 2
33 8 1
33 9 10
33 10 8
33 11 16
33 12 14
33 13 12
33 14 6
33 15 5
33 16 4
33 17 6
33 18 3
33 19 15
33 20 1
33 21 9
33 22 5
33 23 15
33 24 1
33 25 8
33 26 12
33 27 8
33 28 14
33 29 12
33 30 1
33 31 15
33 32 9
34 0 7
34 1 14
34 2 1
34 3 10
34 4 7
34 5 11
34 6 1
34 7 5
34 8 15
34 9 2
34 10 16
34 11 15
34 12 8
34 13 5
34 14 4
34 15 10
34 16 14
34 17 11
34 18 16
34 19 11
34 20 8
34 21 12
34 22 9
34 23 1
34 24 9
34 25 10
34 26 1
34 27 3
34 28 9
34 29 7
34 30 10
34 31 13
34 32 14
34 33 16
