63
1 0 12
2 0 52
2 1 50
3 0 1
3 1 23
3 2 29
4 0 58
4 1 23
4 2 40
4 3 15
5 0 48
5 1 33
5 2 24
5 3 59
5 4 54
6 0 8
6 1 34
6 2 14
6 3 51
6 4 17
6 5 21
7 0 47
7 1 34
7 2 60
7 3 58
7 4 37
7 5 55
7 6 28
8 0 41
8 1 15
8 2 58
8 3 3
8 4 35
8 5 52
8 6 12
8 7 56
9 0 39
9 1 38
9 2 60
9 3 17
9 4 27
9 5 6
9 6 59
9 7 44
9 8 6
10 0 25
10 1 51
10 2 30
10 3 33
10 4 8
10 5 12
10 6 7
10 7 29
10 8 33
10 9 13
11 0 6
11 1 58
11 2 45
11 3 9
11 4 36
11 5 54
11 6 20
11 7 8
11 8 2
11 9 7
11 10 49
12 0 50
12 1 26
12 2 11
12 3 33
12 4 36
12 5 31
12 6 35
12 7 51
12 8 34
12 9 13
12 10 54
12 11 4
13 0 39
13 1 57
13 2 53
13 3 25
13 4 14
13 5 48
13 6 44
13 7 33
13 8 24
13 9 34
13 10 54
13 11 54
13 12 38
14 0 17
14 1 26
14 2 54
14 3 28
14 4 28
14 5 18
14 6 4
14 7 36
14 8 32
14 9 24
14 10 43
14 11 19
14 12 6
14 13 30
15 0 3
15 1 18
15 2 39
15 3 43
15 4 24
15 5 7
15 6 21
15 7 45
15 8 17
15 9 6
15 10 50
15 11 45
15 12 22
15 13 21
15 14 60
16 0 41
16 1 35
16 2 47
16 3 24
16 4 25
16 5 52
16 6 3
16 7 43
16 8 59
16 9 20
16 10 15
16 11 13
16 12 47
16 13 56
16 14 50
16 15 35
17 0 33
17 1 49
17 2 31
17 3 4
17 4 29
17 5 56
17 6 24
17 7 1
17 8 45
17 9 36
17 10 22
17 11 33
17 12 24
17 13 14
17 14 56
17 15 19
17 16 12
18 0 10
18 1 12
18 2 4
18 3 10
18 4 30
18 5 56
18 6 27
18 7 38
18 8 22
18 9 27
18 10 4
18 11 3
18 12 1
18 13 4
18 14 42
18 15 14
18 16 27
18 17 20
19 0 31
19 1 24
19 2 49
19 3 16
19 4 24
19 5 11
19 6 41
19 7 9
19 8 43
19 9 45
19 10 42
19 11 53
19 12 29
19 13 33
19 14 33
19 15 48
19 16 11
19 17 19
19 18 60
20 0 18
20 1 17
20 2 22
20 3 39
20 4 3
20 5 54
20 6 13
20 7 26
20 8 19
20 9 3
20 10 17
20 11 8
20 12 48
20 13 44
20 14 5
20 15 33
20 16 4
20 17 39
20 18 7
20 19 49
21 0 15
21 1 12
21 2 20
21 3 19
21 4 55
21 5 8
21 6 7
21 7 50
21 8 2
21 9 14
21 10 58
21 11 18
21 12 35
21 13 25
21 14 14
21 15 58
21 16 8
21 17 32
21 18 51
21 19 57
21 20 27
22 0 44
22 1 48
22 2 32
22 3 2
22 4 49
22 5 41
22 6 34
22 7 6
22 8 25
22 9 33
22 10 59
22 11 23
22 12 35
22 13 18
22 14 14
22 15 49
22 16 16
22 17 51
22 18 58
22 19 58
22 20 49
22 21 52
23 0 32
23 1 37
23 2 16
23 3 16
23 4 9
23 5 17
23 6 18
23 7 12
23 8 19
23 9 4
23 10 1
23 11 32
23 12 31
23 13 23
23 14 50
23 15 3
23 16 57
23 17 35
23 18 22
23 19 37
23 20 30
23 21 15
23 22 54
24 0 31
24 1 55
24 2 45
24 3 49
24 4 15
24 5 23
24 6 30
24 7 23
24 8 33
24 9 54
24 10 52
24 11 12
24 12 42
24 13 40
24 14 38
24 15 49
24 16 20
24 17 52
24 18 35
24 19 59
24 20 54
24 21 47
24 22 33
24 23 30
25 0 55
25 1 4
25 2 57
25 3 56
25 4 41
25 5 41
25 6 43
25 7 13
25 8 47
25 9 49
25 10 16
25 11 26
25 12 42
25 13 41
25 14 29
25 15 51
25 16 28
25 17 7
25 18 29
25 19 8
25 20 7
25 21 19
25 22 5
25 23 32
25 24 17
26 0 17
26 1 31
26 2 11
26 3 11
26 4 30
26 5 51
26 6 51
26 7 3
26 8 15
26 9 55
26 10 55
26 11 35
26 12 29
26 13 2
26 14 22
26 15 56
26 16 56
26 17 31
26 18 1
26 19 29
26 20 16
26 21 56
26 22 16
26 23 12
26 24 13
26 25 32
27 0 10
27 1 35
27 2 54
27 3 29
27 4 31
27 5 14
27 6 6
27 7 29
27 8 20
27 9 45
27 10 58
27 11 14
27 12 53
27 13 23
27 14 23
27 15 40
27 16 11
27 17 40
27 18 9
27 19 54
27 20 30
27 21 2
27 22 33
27 23 28
27 24 26
27 25 1
27 26 3
28 0 5
28 1 30
28 2 36
28 3 10
28 4 9
28 5 20
28 6 48
28 7 49
28 8 42
28 9 1
28 10 41
28 11 30
28 12 31
28 13 53
28 14 7
28 15 19
28 16 33
28 17 13
28 18 11
28 19 39
28 20 3
28 21 17
28 22 2
28 23 57
28 24 40
28 25 52
28 26 32
28 27 53
29 0 57
29 1 11
29 2 60
29 3 60
29 4 39
29 5 50
29 6 54
29 7 30
29 8 38
29 9 9
29 10 19
29 11 46
29 12 51
29 13 6
29 14 34
29 15 53
29 16 4
29 17 46
29 18 11
29 19 6
29 20 40
29 21 43
29 22 13
29 23 7
29 24 38
29 25 9
29 26 42
29 27 41
29 28 30
30 0 21
30 1 24
30 2 43
30 3 53
30 4 3
30 5 32
30 6 55
30 7 55
30 8 41
30 9 55
30 10 60
30 11 40
30 12 20
30 13 37
30 14 25
30 15 26
30 16 25
30 17 26
30 18 35
30 19 18
30 20 60
30 21 18
30 22 59
30 23 35
30 24 15
30 25 53
30 26 25
30 27 60
30 28 42
30 29 40
31 0 30
31 1 31
31 2 12
31 3 18
31 4 2
31 5 25
31 6 43
31 7 20
31 8 3
31 9 55
31 10 11
31 11 12
31 12 19
31 13 28
31 14 26
31 15 20
31 16 60
31 17 29
31 18 46
31 19 34
31 20 27
31 21 9
31 22 23
31 23 33
31 24 26
31 25 38
31 26 12
31 27 25
31 28 26
31 29 46
31 30 32
32 0 11
32 1 26
32 2 56
32 3 42
32 4 43
32 5 47
32 6 4
32 7 27
32 8 48
32 9 41
32 10 36
32 11 56
32 12 10
32 13 42
32 14 53
32 15 32
32 16 19
32 17 2
32 18 42
32 19 46
32 20 14
32 21 35
32 22 32
32 23 5
32 24 46
32 25 19
32 26 41
32 27 13
32 28 59
32 29 54
32 30 50
32 31 36
33 0 51
33 1 8
33 2 17
33 3 44
33 4 10
33 5 21
33 6 56
33 7 47
33 8 16
33 9 56
33 10 58
33 11 34
33 12 18
33 13 34
33 14 37
33 15 50
33 16 56
33 17 57
33 18 42
33 19 32
33 20 45
33 21 57
33 22 27
33 23 23
33 24 47
33 25 34
33 26 9
33 27 53
33 28 52
33 29 7
33 30 29
33 31 48
33 32 45
34 0 28
34 1 29
34 2 34
34 3 20
34 4 26
34 5 46
34 6 8
34 7 8
34 8 15
34 9 14
34 10 29
34 11 14
34 12 13
34 13 22
34 14 21
34 15 4
34 16 44
34 17 1
34 18 20
34 19 38
34 20 2
34 21 15
34 22 15
34 23 34
34 24 51
34 25 21
34 26 19
34 27 39
34 28 32
34 29 37
34 30 41
34 31 40
34 32 13
34 33 3
35 0 22
35 1 8
35 2 29
35 3 12
35 4 28
35 5 58
35 6 10
35 7 60
35 8 26
35 9 1
35 10 28
35 11 58
35 12 36
35 13 23
35 14 37
35 15 26
35 16 13
35 17 50
35 18 30
35 19 37
35 20 4
35 21 22
35 22 15
35 23 27
35 24 49
35 25 19
35 26 28
35 27 47
35 28 6
35 29 11
35 30 43
35 31 14
35 32 58
35 33 4
35 34 33
36 0 52
36 1 59
36 2 43
36 3 59
36 4 23
36 5 15
36 6 7
36 7 18
36 8 31
36 9 11
36 10 28
36 11 42
36 12 59
36 13 43
36 14 50
36 15 53
36 16 54
36 17 15
36 18 52
36 19 54
36 20 48
36 21 37
36 22 27
36 23 46
36 24 27
36 25 51
36 26 51
36 27 30
36 28 12
36 29 30
36 30 9
36 31 47
36 32 33
36 33 42
36 34 51
36 35 18
37 0 12
37 1 24
37 2 46
37 3 34
37 4 38
37 5 30
37 6 55
37 7 38
37 8 12
37 9 26
37 10 49
37 11 10
37 12 10
37 13 52
37 14 22
37 15 35
37 16 58
37 17 25
37 18 22
37 19 25
37 20 8
37 21 21
37 22 25
37 23 60
37 24 8
37 25 1
37 26 15
37 27 13
37 28 24
37 29 11
37 30 31
37 31 49
37 32 5
37 33 47
37 34 56
37 35 32
37 36 29
38 0 23
38 1 35
38 2 16
38 3 16
38 4 47
38 5 49
38 6 32
38 7 22
38 8 24
38 9 52
38 10 32
38 11 57
38 12 9
38 13 19
38 14 13
38 15 29
38 16 16
38 17 51
38 18 9
38 19 29
38 20 9
38 21 10
38 22 19
38 23 59
38 24 13
38 25 40
38 26 52
38 27 41
38 28 14
38 29 37
38 30 43
38 31 4
38 32 45
38 33 39
38 34 17
38 35 7
38 36 34
38 37 56
39 0 57
39 1 31
39 2 18
39 3 21
39 4 54
39 5 21
39 6 32
39 7 33
39 8 26
39 9 34
39 10 11
39 11 37
39 12 3
39 13 59
39 14 49
39 15 45
39 16 43
39 17 32
39 18 21
39 19 17
39 20 11
39 21 48
39 22 19
39 23 56
39 24 20
39 25 13
39 26 18
39 27 53
39 28 54
39 29 39
39 30 42
39 31 21
39 32 52
39 33 53
39 34 40
39 35 49
39 36 35
39 37 28
39 38 50
40 0 34
40 1 30
40 2 53
40 3 17
40 4 46
40 5 41
40 6 58
40 7 49
40 8 7
40 9 50
40 10 6
40 11 41
40 12 28
40 13 26
40 14 33
40 15 53
40 16 16
40 17 7
40 18 56
40 19 5
40 20 40
40 21 29
40 22 51
40 23 48
40 24 40
40 25 49
40 26 3
40 27 58
40 28 31
40 29 47
40 30 29
40 31 26
40 32 12
40 33 36
40 34 38
40 35 58
40 36 8
40 37 28
40 38 23
40 39 33
41 0 50
41 1 32
41 2 39
41 3 25
41 4 38
41 5 60
41 6 30
41 7 46
41 8 28
41 9 55
41 10 25
41 11 16
41 12 16
41 13 13
41 14 60
41 15 56
41 16 54
41 17 10
41 18 8
41 19 37
41 20 2
41 21 40
41 22 39
41 23 33
41 24 51
41 25 21
41 26 49
41 27 31
41 28 25
41 29 1
41 30 4
41 31 36
41 32 59
41 33 47
41 34 15
41 35 34
41 36 38
41 37 34
41 38 53
41 39 27
41 40 59
42 0 19
42 1 15
42 2 42
42 3 57
42 4 46
42 5 43
42 6 9
42 7 45
42 8 41
42 9 57
42 10 38
42 11 34
42 12 5
42 13 26
42 14 49
42 15 34
42 16 31
42 17 25
42 18 47
42 19 28
42 20 45
42 21 49
42 22 27
42 23 23
42 24 20
42 25 14
42 26 39
42 27 57
42 28 46
42 29 38
42 30 42
42 31 1
42 32 21
42 33 35
42 34 36
42 35 7
42 36 57
42 37 16
42 38 15
42 39 42
42 40 14
42 41 10
43 0 23
43 1 55
43 2 9
43 3 38
43 4 3
43 5 15
43 6 34
43 7 31
43 8 49
43 9 17
43 10 29
43 11 35
43 12 5
43 13 42
43 14 20
43 15 21
43 16 14
43 17 50
43 18 52
43 19 41
43 20 14
43 21 43
43 22 8
43 23 16
43 24 15
43 25 28
43 26 20
43 27 36
43 28 22
43 29 11
43 30 25
43 31 25
43 32 8
43 33 47
43 34 56
43 35 32
43 36 47
43 37 46
43 38 24
43 39 31
43 40 30
43 41 20
43 42 15
44 0 35
44 1 45
44 2 41
44 3 60
44 4 55
44 5 43
44 6 26
44 7 25
44 8 3
44 9 22
44 10 13
44 11 30
44 12 60
44 13 36
44 14 11
44 15 59
44 16 31
44 17 42
44 18 43
44 19 15
44 20 28
44 21 46
44 22 53
44 23 8
44 24 9
44 25 1
44 26 10
44 27 60
44 28 14
44 29 14
44 30 33
44 31 46
44 32 34
44 33 27
44 34 13
44 35 19
44 36 60
44 37 53
44 38 2
44 39 54
44 40 59
44 41 40
44 42 59
44 43 44
45 0 30
45 1 56
45 2 4
45 3 1
45 4 56
45 5 3
45 6 9
45 7 49
45 8 27
45 9 24
45 10 3
45 11 43
45 12 17
45 13 51
45 14 46
45 15 3
45 16 5
45 17 38
45 18 37
45 19 15
45 20 51
45 21 46
45 22 33
45 23 38
45 24 32
45 25 37
45 26 6
45 27 25
45 28 8
45 29 40
45 30 48
45 31 7
45 32 41
45 33 32
45 34 42
45 35 20
45 36 53
45 37 38
45 38 41
45 39 54
45 40 55
45 41 7
45 42 26
45 43 32
45 44 44
46 0 5
46 1 23
46 2 37
46 3 14
46 4 6
46 5 4
46 6 57
46 7 30
46 8 23
46 9 27
46 10 20
46 11 29
46 12 33
46 13 33
46 14 18
46 15 43
46 16 24
46 17 59
46 18 38
46 19 47
46 20 22
46 21 35
46 22 16
46 23 48
46 24 34
46 25 8
46 26 40
46 27 2
46 28 31
46 29 43
46 30 4
46 31 26
46 32 58
46 33 26
46 34 48
46 35 46
46 36 31
46 37 25
46 38 55
46 39 35
46 40 51
46 41 19
46 42 30
46 43 1
46 44 43
46 45 47
47 0 48
47 1 41
47 2 11
47 3 35
47 4 41
47 5 30
47 6 40
47 7 19
47 8 11
47 9 36
47 10 40
47 11 3
47 12 17
47 13 46
47 14 26
47 15 9
47 16 59
47 17 36
47 18 46
47 19 6
47 20 25
47 21 50
47 22 55
47 23 22
47 24 31
47 25 10
47 26 8
47 27 22
47 28 36
47 29 41
47 30 10
47 31 59
47 32 42
47 33 50
47 34 12
47 35 29
47 36 39
47 37 12
47 38 40
47 39 45
47 40 12
47 41 51
47 42 4
47 43 52
47 44 39
47 45 60
47 46 36
48 0 47
48 1 54
48 2 55
48 3 30
48 4 29
48 5 37
48 6 47
48 7 9
48 8 57
48 9 16
48 10 37
48 11 23
48 12 47
48 13 5
48 14 30
48 15 43
48 16 7
48 17 2
48 18 60
48 19 10
48 20 34
48 21 36
48 22 2
48 23 14
48 24 8
48 25 48
48 26 58
48 27 47
48 28 4
48 29 59
48 30 43
48 31 17
48 32 37
48 33 55
48 34 41
48 35 31
48 36 49
48 37 32
48 38 21
48 39 29
48 40 41
48 41 19
48 42 40
48 43 30
48 44 53
48 45 6
48 46 11
48 47 30
49 0 14
49 1 43
49 2 13
49 3 2
49 4 54
49 5 55
49 6 7
49 7 28
49 8 15
49 9 32
49 10 20
49 11 30
49 12 19
49 13 28
49 14 7
49 15 57
49 16 45
49 17 23
49 18 55
49 19 13
49 20 31
49 21 59
49 22 50
49 23 18
49 24 42
49 25 15
49 26 37
49 27 49
49 28 16
49 29 5
49 30 14
49 31 43
49 32 32
49 33 10
49 34 50
49 35 33
49 36 52
49 37 1
49 38 40
49 39 27
49 40 38
49 41 37
49 42 26
49 43 10
49 44 40
49 45 59
49 46 50
49 47 53
49 48 32
50 0 29
50 1 37
50 2 42
50 3 27
50 4 6
50 5 10
50 6 46
50 7 56
50 8 37
50 9 29
50 10 48
50 11 57
50 12 29
50 13 10
50 14 11
50 15 32
50 16 60
50 17 43
50 18 2
50 19 17
50 20 55
50 21 11
50 22 49
50 23 41
50 24 40
50 25 4
50 26 38
50 27 41
50 28 42
50 29 3
50 30 55
50 31 43
50 32 56
50 33 49
50 34 21
50 35 1
50 36 59
50 37 10
50 38 27
50 39 17
50 40 40
50 41 7
50 42 38
50 43 34
50 44 22
50 45 38
50 46 7
50 47 17
50 48 42
50 49 24
51 0 54
51 1 40
51 2 58
51 3 35
51 4 31
51 5 49
51 6 14
51 7 28
51 8 21
51 9 35
51 10 46
51 11 38
51 12 1
51 13 37
51 14 38
51 15 47
51 16 36
51 17 19
51 18 23
51 19 39
51 20 60
51 21 43
51 22 1
51 23 25
51 24 55
51 25 29
51 26 6
51 27 33
51 28 41
51 29 26
51 30 13
51 31 11
51 32 29
51 33 16
51 34 27
51 35 21
51 36 19
51 37 37
51 38 35
51 39 28
51 40 1
51 41 26
51 42 56
51 43 21
51 44 59
51 45 18
51 46 17
51 47 12
51 48 30
51 49 19
51 50 18
52 0 35
52 1 49
52 2 29
52 3 15
52 4 27
52 5 20
52 6 59
52 7 60
52 8 17
52 9 44
52 10 27
52 11 41
52 12 23
52 13 30
52 14 19
52 15 17
52 16 42
52 17 37
52 18 2
52 19 19
52 20 41
52 21 10
52 22 16
52 23 14
52 24 58
52 25 6
52 26 41
52 27 5
52 28 15
52 29 25
52 30 1
52 31 41
52 32 14
52 33 39
52 34 17
52 35 35
52 36 37
52 37 17
52 38 25
52 39 1
52 40 49
52 41 22
52 42 45
52 43 2
52 44 24
52 45 51
52 46 8
52 47 38
52 48 47
52 49 60
52 50 31
52 51 59
53 0 35
53 1 58
53 2 16
53 3 40
53 4 29
53 5 45
53 6 44
53 7 22
53 8 53
53 9 42
53 10 37
53 11 8
53 12 22
53 13 21
53 14 21
53 15 34
53 16 49
53 17 31
53 18 20
53 19 18
53 20 53
53 21 41
53 22 53
53 23 41
53 24 56
53 25 14
53 26 18
53 27 36
53 28 46
53 29 55
53 30 8
53 31 45
53 32 45
53 33 43
53 34 55
53 35 46
53 36 10
53 37 9
53 38 35
53 39 16
53 40 50
53 41 18
53 42 37
53 43 26
53 44 21
53 45 25
53 46 38
53 47 42
53 48 34
53 49 50
53 50 40
53 51 59
53 52 9
54 0 24
54 1 38
54 2 9
54 3 7
54 4 47
54 5 47
54 6 54
54 7 60
54 8 23
54 9 49
54 10 7
54 11 59
54 12 38
54 13 9
54 14 22
54 15 50
54 16 55
54 17 45
54 18 24
54 19 54
54 20 26
54 21 2
54 22 19
54 23 21
54 24 44
54 25 1
54 26 6
54 27 15
54 28 46
54 29 53
54 30 44
54 31 20
54 32 30
54 33 16
54 34 46
54 35 40
54 36 44
54 37 11
54 38 27
54 39 15
54 40 34
54 41 23
54 42 29
54 43 28
54 44 24
54 45 30
54 46 11
54 47 55
54 48 47
54 49 14
54 50 27
54 51 2
54 52 16
54 53 30
55 0 5
55 1 29
55 2 12
55 3 24
55 4 11
55 5 7
55 6 7
55 7 9
55 8 28
55 9 23
55 10 52
55 11 34
55 12 16
55 13 3
55 14 5
55 15 45
55 16 3
55 17 45
55 18 30
55 19 51
55 20 55
55 21 53
55 22 56
55 23 16
55 24 28
55 25 40
55 26 15
55 27 41
55 28 53
55 29 31
55 30 33
55 31 30
55 32 14
55 33 55
55 34 23
55 35 53
55 36 14
55 37 37
55 38 45
55 39 27
55 40 58
55 41 39
55 42 60
55 43 6
55 44 30
55 45 40
55 46 15
55 47 41
55 48 5
55 49 27
55 50 42
55 51 27
55 52 40
55 53 40
55 54 56
56 0 42
56 1 43
56 2 19
56 3 13
56 4 35
56 5 36
56 6 6
56 7 17
56 8 26
56 9 11
56 10 8
56 11 11
56 12 55
56 13 12
56 14 25
56 15 10
56 16 48
56 17 37
56 18 1
56 19 39
56 20 19
56 21 4
56 22 55
56 23 43
56 24 10
56 25 9
56 26 5
56 27 50
56 28 55
56 29 57
56 30 4
56 31 36
56 32 5
56 33 18
56 34 10
56 35 40
56 36 24
56 37 33
56 38 10
56 39 21
56 40 51
56 41 51
56 42 57
56 43 27
56 44 29
56 45 13
56 46 39
56 47 11
56 48 20
56 49 55
56 50 2
56 51 25
56 52 42
56 53 59
56 54 28
56 55 42
57 0 37
57 1 41
57 2 24
57 3 24
57 4 29
57 5 33
57 6 20
57 7 17
57 8 58
57 9 7
57 10 51
57 11 17
57 12 43
57 13 28
57 14 57
57 15 14
57 16 33
57 17 21
57 18 50
57 19 43
57 20 12
57 21 20
57 22 59
57 23 35
57 24 31
57 25 18
57 26 10
57 27 31
57 28 57
57 29 19
57 30 21
57 31 49
57 32 48
57 33 39
57 34 18
57 35 22
57 36 13
57 37 26
57 38 54
57 39 8
57 40 17
57 41 13
57 42 25
57 43 11
57 44 22
57 45 25
57 46 33
57 47 34
57 48 48
57 49 41
57 50 53
57 51 48
57 52 33
57 53 11
57 54 53
57 55 47
57 56 18
58 0 39
58 1 49
58 2 20
58 3 9
58 4 50
58 5 7
58 6 43
58 7 57
58 8 12
58 9 58
58 10 47
58 11 3
58 12 31
58 13 31
58 14 45
58 15 30
58 16 31
58 17 28
58 18 27
58 19 41
58 20 34
58 21 15
58 22 54
58 23 24
58 24 18
58 25 8
58 26 27
58 27 58
58 28 33
58 29 41
58 30 29
58 31 13
58 32 4
58 33 37
58 34 7
58 35 52
58 36 43
58 37 59
58 38 43
58 39 2
58 40 18
58 41 1
58 42 32
58 43 57
58 44 12
58 45 22
58 46 51
58 47 49
58 48 27
58 49 23
58 50 55
58 51 33
58 52 45
58 53 33
58 54 19
58 55 55
58 56 51
58 57 38
59 0 2
59 1 2
59 2 10
59 3 44
59 4 21
59 5 38
59 6 27
59 7 29
59 8 39
59 9 22
59 10 9
59 11 3
59 12 32
59 13 46
59 14 24
59 15 44
59 16 55
59 17 7
59 18 7
59 19 20
59 20 54
59 21 15
59 22 34
59 23 26
59 24 44
59 25 39
59 26 11
59 27 23
59 28 2
59 29 49
59 30 47
59 31 37
59 32 12
59 33 36
59 34 13
59 35 41
59 36 36
59 37 49
59 38 12
59 39 49
59 40 54
59 41 45
59 42 2
59 43 23
59 44 52
59 45 53
59 46 8
59 47 6
59 48 18
59 49 9
59 50 44
59 51 2
59 52 50
59 53 52
59 54 14
59 55 57
59 56 5
59 57 32
59 58 6
60 0 16
60 1 10
60 2 38
60 3 2
60 4 41
60 5 30
60 6 60
60 7 5
60 8 27
60 9 43
60 10 9
60 11 49
60 12 41
60 13 39
60 14 6
60 15 35
60 16 14
60 17 7
60 18 14
60 19 55
60 20 5
60 21 50
60 22 9
60 23 1
60 24 2
60 25 38
60 26 53
60 27 18
60 28 29
60 29 48
60 30 51
60 31 22
60 32 27
60 33 16
60 34 6
60 35 40
60 36 55
60 37 5
60 38 9
60 39 2
60 40 31
60 41 7
60 42 13
60 43 38
60 44 53
60 45 13
60 46 39
60 47 2
60 48 8
60 49 57
60 50 59
60 51 36
60 52 42
60 53 4
60 54 53
60 55 8
60 56 1
60 57 1
60 58 52
60 59 44
61 0 56
61 1 1
61 2 26
61 3 14
61 4 3
61 5 4
61 6 18
61 7 31
61 8 4
61 9 17
61 10 45
61 11 46
61 12 4
61 13 46
61 14 5
61 15 24
61 16 12
61 17 60
61 18 54
61 19 16
61 20 5
61 21 4
61 22 42
61 23 10
61 24 13
61 25 36
61 26 60
61 27 2
61 28 55
61 29 6
61 30 51
61 31 16
61 32 45
61 33 54
61 34 31
61 35 55
61 36 14
61 37 8
61 38 52
61 39 52
61 40 41
61 41 22
61 42 24
61 43 9
61 44 5
61 45 51
61 46 19
61 47 2
61 48 32
61 49 15
61 50 50
61 51 30
61 52 44
61 53 45
61 54 35
61 55 23
61 56 16
61 57 45
61 58 6
61 59 10
61 60 5
62 0 4
62 1 31
62 2 4
62 3 1
62 4 10
62 5 54
62 6 15
62 7 25
62 8 26
62 9 5
62 10 6
62 11 17
62 12 9
62 13 46
62 14 53
62 15 33
62 16 25
62 17 15
62 18 7
62 19 60
62 20 39
62 21 4
62 22 52
62 23 28
62 24 39
62 25 35
62 26 26
62 27 3
62 28 12
62 29 58
62 30 6
62 31 25
62 32 46
62 33 20
62 34 24
62 35 43
62 36 54
62 37 1
62 38 23
62 39 17
62 40 7
62 41 7
62 42 23
62 43 33
62 44 38
62 45 47
62 46 5
62 47 35
62 48 4
62 49 2
62 50 45
62 51 11
62 52 3
62 53 58
62 54 11
62 55 39
62 56 17
62 57 34
62 58 33
62 59 29
62 60 42
62 61 41
