66
2 1 8
3 0 7
3 1 16
3 2 4
4 0 9
4 1 7
4 2 7
4 3 6
5 0 8
5 2 11
6 2 10
6 4 2
6 5 15
7 0 10
7 1 1
7 2 2
7 4 15
8 0 12
8 3 7
8 6 1
9 0 15
9 1 11
9 2 8
9 3 5
9 4 9
9 5 8
10 0 9
10 2 5
10 3 3
10 4 12
10 5 15
11 1 2
11 2 3
11 6 6
11 7 17
12 0 7
12 1 7
12 2 12
12 3 12
12 4 15
12 6 11
12 7 11
12 8 5
13 1 7
13 5 12
13 6 15
13 7 13
13 9 1
13 10 14
13 12 8
14 3 14
14 4 12
14 7 11
14 8 3
14 10 11
14 13 4
15 0 4
15 1 2
15 6 11
15 7 6
15 9 2
15 11 2
15 12 11
15 13 8
16 2 8
16 3 1
16 5 1
16 10 1
16 11 14
16 13 11
16 14 11
16 15 1
17 2 1
17 5 2
17 6 1
17 7 5
17 10 15
17 16 9
18 1 6
18 3 3
18 4 3
18 7 4
18 10 13
19 2 16
19 3 9
19 4 3
19 6 3
19 7 13
19 9 6
19 13 8
19 14 7
19 15 3
20 1 9
20 3 13
20 4 14
20 6 17
20 7 16
20 9 4
20 10 17
20 11 15
20 12 3
20 13 5
20 16 14
20 17 6
20 18 9
21 0 12
21 2 5
21 3 16
21 4 12
21 9 11
21 10 17
21 14 3
21 18 5
21 20 3
22 2 14
22 3 13
22 6 8
22 7 17
22 14 2
22 16 15
22 18 16
22 20 14
23 0 15
23 2 12
23 3 3
23 4 15
23 5 9
23 8 6
23 9 15
23 11 13
23 15 11
23 16 16
23 18 4
23 19 5
23 20 1
23 22 9
24 1 8
24 3 10
24 4 15
24 5 10
24 6 2
24 7 2
24 9 12
24 10 3
24 13 12
24 14 14
24 17 4
24 18 2
24 19 9
24 20 3
24 22 8
24 23 6
25 3 1
25 6 16
25 7 10
25 8 6
25 12 16
25 14 13
25 16 6
25 17 15
25 20 12
26 1 16
26 4 6
26 6 1
26 7 3
26 9 7
26 10 8
26 13 16
26 16 3
26 17 2
26 18 12
26 19 2
26 20 1
26 21 5
26 23 10
26 24 9
26 25 14
27 1 5
27 4 1
27 5 6
27 9 3
27 10 16
27 11 11
27 13 8
27 15 8
27 16 1
27 18 9
27 21 4
27 22 2
27 23 8
27 24 2
27 25 17
28 0 5
28 1 12
28 2 6
28 4 7
28 5 4
28 6 7
28 7 6
28 9 5
28 12 15
28 18 11
28 20 9
28 23 4
28 26 7
28 27 2
29 0 3
29 1 1
29 3 14
29 8 16
29 12 5
29 14 11
29 15 10
29 16 10
29 17 17
29 19 6
29 21 11
29 22 4
29 24 11
29 26 7
29 27 3
29 28 13
30 1 13
30 2 8
30 3 7
30 5 12
30 7 4
30 9 17
30 10 12
30 13 11
30 15 14
30 17 12
30 18 6
30 24 9
30 25 16
30 26 4
30 28 2
31 0 17
31 2 14
31 6 1
31 8 6
31 10 8
31 11 12
31 18 4
31 19 4
31 23 3
31 30 12
32 0 12
32 3 15
32 7 3
32 11 16
32 12 7
32 14 13
32 16 14
32 18 1
32 20 8
32 21 13
32 22 1
32 24 15
32 27 7
32 28 3
32 29 4
32 30 12
32 31 16
33 0 12
33 1 7
33 2 14
33 3 7
33 6 5
33 7 6
33 8 9
33 9 9
33 10 17
33 14 4
33 16 17
33 17 6
33 19 5
33 20 11
33 22 7
33 23 17
33 26 7
33 29 13
34 6 6
34 10 14
34 12 5
34 13 11
34 16 5
34 19 14
34 20 17
34 22 7
34 24 3
34 25 15
34 26 8
34 27 9
34 33 15
35 2 9
35 3 10
35 6 7
35 8 2
35 12 3
35 13 7
35 14 3
35 15 13
35 16 13
35 19 9
35 20 13
35 21 13
35 22 13
35 25 5
35 26 2
35 27 4
35 30 17
35 33 4
35 34 10
36 0 1
36 1 5
36 2 16
36 4 17
36 6 5
36 7 5
36 10 5
36 14 16
36 17 15
36 19 13
36 20 7
36 21 13
36 23 9
36 26 2
36 31 3
36 32 12
36 34 13
37 0 8
37 3 1
37 4 13
37 6 12
37 8 5
37 10 7
37 11 12
37 12 6
37 13 3
37 16 16
37 19 9
37 20 16
37 21 15
37 24 13
37 25 10
37 26 14
37 27 7
37 28 4
37 32 16
38 0 17
38 2 3
38 3 2
38 6 2
38 8 8
38 11 10
38 12 13
38 13 10
38 16 11
38 17 3
38 18 16
38 19 7
38 22 9
38 26 2
38 30 3
38 32 7
38 34 6
38 36 8
39 1 16
39 2 1
39 3 10
39 7 12
39 8 14
39 10 6
39 11 2
39 15 12
39 16 2
39 18 10
39 22 7
39 24 6
39 26 11
39 27 1
39 28 12
39 30 13
39 31 7
39 32 17
39 34 7
40 3 16
40 5 17
40 8 6
40 10 12
40 13 11
40 17 11
40 20 13
40 21 9
40 22 15
40 23 16
40 25 1
40 26 9
40 27 2
40 28 9
40 29 7
40 30 3
40 31 2
40 33 13
40 35 5
40 36 3
40 38 17
40 39 1
41 0 1
41 1 8
41 2 8
41 3 6
41 6 11
41 8 15
41 10 2
41 14 12
41 18 4
41 19 3
41 21 14
41 24 10
41 25 10
41 29 5
41 30 3
41 32 12
41 33 12
41 38 3
41 40 5
42 0 15
42 1 1
42 3 13
42 6 5
42 7 10
42 8 17
42 11 5
42 13 1
42 15 15
42 16 12
42 17 3
42 19 17
42 20 11
42 24 7
42 35 7
42 36 10
42 38 14
42 39 15
42 41 14
43 3 7
43 5 7
43 6 3
43 7 9
43 9 15
43 10 14
43 15 6
43 17 5
43 19 1
43 20 12
43 21 6
43 22 9
43 23 11
43 24 3
43 25 16
43 26 6
43 27 10
43 28 15
43 31 17
43 34 10
43 36 14
43 37 6
43 38 7
43 40 16
43 41 10
44 1 9
44 2 10
44 3 10
44 5 1
44 6 8
44 7 2
44 10 7
44 12 13
44 13 1
44 14 17
44 15 11
44 18 17
44 20 4
44 21 7
44 22 8
44 25 7
44 26 1
44 29 11
44 30 5
44 31 4
44 35 4
44 38 13
45 1 10
45 2 11
45 5 3
45 7 6
45 8 1
45 11 4
45 13 17
45 15 6
45 17 4
45 18 15
45 21 13
45 26 9
45 28 9
45 33 1
45 34 16
45 36 7
45 37 6
45 38 3
45 44 10
46 2 11
46 6 8
46 7 8
46 8 14
46 12 4
46 13 10
46 14 9
46 15 7
46 19 8
46 21 14
46 22 12
46 23 4
46 24 4
46 25 9
46 27 6
46 30 5
46 33 16
46 34 8
46 35 2
46 38 17
46 40 4
46 45 15
47 1 9
47 4 2
47 10 12
47 11 7
47 12 14
47 16 9
47 18 15
47 20 3
47 21 8
47 22 15
47 25 5
47 26 17
47 27 6
47 28 3
47 31 2
47 32 8
47 35 7
47 37 9
47 38 7
47 40 15
47 41 1
47 42 14
47 43 15
47 44 15
47 45 6
47 46 8
48 2 15
48 4 11
48 6 2
48 8 17
48 9 17
48 10 4
48 11 9
48 13 17
48 14 1
48 17 12
48 20 3
48 21 1
48 23 10
48 24 10
48 25 17
48 27 12
48 28 9
48 29 4
48 31 10
48 32 5
48 35 5
48 36 2
48 38 12
48 39 1
48 40 12
48 41 5
48 42 3
48 43 2
48 44 14
48 46 12
48 47 16
49 0 11
49 1 16
49 3 14
49 4 16
49 5 12
49 7 5
49 9 2
49 11 8
49 15 14
49 17 12
49 20 16
49 21 10
49 22 13
49 23 2
49 24 10
49 27 17
49 31 16
49 34 9
49 36 14
49 37 6
49 38 14
49 41 4
49 43 8
49 44 8
49 47 9
50 1 11
50 2 13
50 4 16
50 6 8
50 12 15
50 13 6
50 15 4
50 17 10
50 19 2
50 21 8
50 22 3
50 27 4
50 30 11
50 32 17
50 33 5
50 34 2
50 37 11
50 43 1
50 44 8
50 45 12
50 49 13
51 1 15
51 2 1
51 6 7
51 7 15
51 8 4
51 10 2
51 13 8
51 14 1
51 15 17
51 16 16
51 18 5
51 20 9
51 22 8
51 23 6
51 25 2
51 28 13
51 33 13
51 40 1
51 43 13
51 47 1
51 50 6
52 0 6
52 2 16
52 5 9
52 7 8
52 9 2
52 11 16
52 12 15
52 18 17
52 20 14
52 22 5
52 24 17
52 26 16
52 29 14
52 33 15
52 34 1
52 43 10
52 46 1
52 47 3
52 48 6
52 51 10
53 4 4
53 6 1
53 7 14
53 9 1
53 10 4
53 13 15
53 15 10
53 20 5
53 26 1
53 28 9
53 29 12
53 32 11
53 33 9
53 34 14
53 35 14
53 36 4
53 39 9
53 42 3
53 43 1
53 44 3
53 46 10
53 50 1
53 51 17
53 52 15
54 3 11
54 4 12
54 5 1
54 6 10
54 9 7
54 10 14
54 13 16
54 14 16
54 15 2
54 18 14
54 19 16
54 20 10
54 21 12
54 24 5
54 27 16
54 29 9
54 31 11
54 36 14
54 39 12
54 42 11
54 43 13
54 46 6
54 47 2
54 50 9
54 52 16
54 53 15
55 0 6
55 1 13
55 2 10
55 3 17
55 6 10
55 7 5
55 8 7
55 9 5
55 10 17
55 11 16
55 12 10
55 22 4
55 23 9
55 24 7
55 25 17
55 26 6
55 31 11
55 35 8
55 37 8
55 39 6
55 43 4
55 47 7
55 49 12
55 51 14
55 52 4
55 54 5
56 0 16
56 3 15
56 6 16
56 8 13
56 13 10
56 15 10
56 17 1
56 18 10
56 20 15
56 22 8
56 26 3
56 27 15
56 30 12
56 31 14
56 35 2
56 36 13
56 40 11
56 41 10
56 43 9
56 45 12
56 46 11
56 49 2
56 51 13
56 52 11
56 54 1
57 0 10
57 1 13
57 8 10
57 9 9
57 10 4
57 11 17
57 12 1
57 14 11
57 15 5
57 16 9
57 17 12
57 18 2
57 20 8
57 21 5
57 24 9
57 26 15
57 27 4
57 29 3
57 30 12
57 31 5
57 32 16
57 33 17
57 39 10
57 40 9
57 41 7
57 43 3
57 51 7
57 56 1
58 0 3
58 2 7
58 3 14
58 7 5
58 14 17
58 16 2
58 19 2
58 22 6
58 25 7
58 26 14
58 27 17
58 28 8
58 29 12
58 30 14
58 32 2
58 33 17
58 37 4
58 38 14
58 39 17
58 40 3
58 41 12
58 43 8
58 50 8
58 53 10
58 54 16
58 55 2
59 3 16
59 4 7
59 5 8
59 6 4
59 7 6
59 8 7
59 9 17
59 12 16
59 16 15
59 18 10
59 19 5
59 20 8
59 21 10
59 24 11
59 26 5
59 27 11
59 34 1
59 35 16
59 36 3
59 37 5
59 38 13
59 43 9
59 45 4
59 47 11
59 48 16
59 51 9
59 52 9
59 53 9
59 56 4
59 58 15
60 1 6
60 5 13
60 9 17
60 10 7
60 12 10
60 15 13
60 16 7
60 23 4
60 24 5
60 27 15
60 28 8
60 29 14
60 34 8
60 35 15
60 36 5
60 37 10
60 39 8
60 40 10
60 41 15
60 43 8
60 44 5
60 46 12
60 47 2
60 48 10
60 49 13
60 50 6
60 51 6
60 54 12
60 56 5
60 57 4
60 58 13
60 59 8
61 0 4
61 1 10
61 2 13
61 3 14
61 4 12
61 5 4
61 7 12
61 8 13
61 9 1
61 10 3
61 11 13
61 16 9
61 18 8
61 19 8
61 21 14
61 23 11
61 24 6
61 29 2
61 31 13
61 33 4
61 34 7
61 35 5
61 39 8
61 41 10
61 43 8
61 45 11
61 46 3
61 49 10
61 50 14
61 53 11
61 55 8
61 57 15
61 58 8
62 1 15
62 3 16
62 4 3
62 5 10
62 7 6
62 9 16
62 10 8
62 12 9
62 15 15
62 16 16
62 18 9
62 19 7
62 21 3
62 27 8
62 29 17
62 31 4
62 33 17
62 36 17
62 42 11
62 44 4
62 45 4
62 49 9
62 50 15
62 54 4
62 57 17
62 58 1
62 59 1
62 60 6
63 0 11
63 1 9
63 4 3
63 6 6
63 11 17
63 13 2
63 14 13
63 15 14
63 17 16
63 19 12
63 22 1
63 23 15
63 25 16
63 26 15
63 27 15
63 28 3
63 29 13
63 30 6
63 31 12
63 33 3
63 34 11
63 35 10
63 36 4
63 37 13
63 40 14
63 41 2
63 42 5
63 43 4
63 44 14
63 46 3
63 47 15
63 50 1
63 51 16
63 53 14
63 54 14
63 55 4
63 56 12
63 58 8
63 61 6
64 2 9
64 3 13
64 6 8
64 7 6
64 9 16
64 11 13
64 12 9
64 13 7
64 14 13
64 18 7
64 22 6
64 24 1
64 26 9
64 27 5
64 28 16
64 29 6
64 30 17
64 31 4
64 32 7
64 33 14
64 34 12
64 35 6
64 37 2
64 38 16
64 39 9
64 41 2
64 42 13
64 44 10
64 46 11
64 47 8
64 49 14
64 51 4
64 52 2
64 54 16
64 55 3
64 57 14
64 59 11
64 60 8
64 62 3
64 63 13
65 1 16
65 2 11
65 3 1
65 5 10
65 6 17
65 7 3
65 8 13
65 10 7
65 11 15
65 14 11
65 15 14
65 16 3
65 17 15
65 19 9
65 22 1
65 23 8
65 24 7
65 26 10
65 33 1
65 34 7
65 35 15
65 36 13
65 37 3
65 38 16
65 39 8
65 40 2
65 41 11
65 42 14
65 45 11
65 50 3
65 52 1
65 53 1
65 54 2
65 55 17
65 56 14
65 57 16
65 58 14
65 61 17
65 64 8
