69
2 0 26
3 0 31
3 2 9
4 1 12
4 2 6
5 0 2
5 1 6
6 0 18
6 2 31
6 3 27
6 4 23
6 5 13
7 0 22
7 1 35
7 2 33
7 3 26
7 5 8
8 0 35
8 1 24
8 2 9
8 4 6
8 5 9
8 7 7
9 1 5
9 2 28
9 3 33
9 7 14
9 8 10
10 0 29
10 2 25
10 4 21
10 6 33
10 8 9
11 0 5
11 3 27
11 4 26
11 6 29
11 8 32
11 9 24
11 10 18
12 4 22
12 6 19
12 7 17
12 8 10
12 10 18
13 1 23
13 3 21
13 4 20
13 5 17
13 8 27
13 10 35
13 11 3
14 0 2
14 2 1
14 3 10
14 8 30
14 10 1
14 12 22
14 13 27
15 1 13
15 2 12
15 6 13
15 10 26
15 11 32
15 13 28
16 1 10
16 2 12
16 8 5
16 9 29
16 10 15
16 11 32
16 12 16
16 13 33
17 1 4
17 2 9
17 3 30
17 5 19
17 7 20
17 8 21
17 10 23
17 12 29
18 0 4
18 1 21
18 2 21
18 3 24
18 4 11
18 5 10
18 6 7
18 8 9
18 9 34
18 10 27
18 11 10
18 13 17
18 14 6
18 16 16
18 17 25
19 1 8
19 2 13
19 3 18
19 4 19
19 5 27
19 13 34
19 14 31
19 15 9
19 16 10
19 17 2
19 18 17
20 1 30
20 2 25
20 3 35
20 4 24
20 7 12
20 8 20
20 9 25
20 11 32
20 13 35
20 15 8
20 18 3
21 0 1
21 1 4
21 2 27
21 3 5
21 5 4
21 6 24
21 8 14
21 10 3
21 13 27
21 14 9
21 15 23
21 16 10
21 17 21
21 19 16
21 20 23
22 0 7
22 4 25
22 8 23
22 9 6
22 10 31
22 13 34
22 15 34
22 16 13
22 18 20
22 20 21
22 21 26
23 0 11
23 1 31
23 6 11
23 10 33
23 11 5
23 13 33
23 15 6
23 16 3
23 17 7
23 19 12
23 20 27
24 0 3
24 4 4
24 5 26
24 6 11
24 8 8
24 10 9
24 11 1
24 13 3
24 15 2
24 19 24
24 22 15
25 0 24
25 5 5
25 7 10
25 10 27
25 12 20
25 14 34
25 15 16
25 16 17
25 17 7
25 21 29
25 22 3
26 1 12
26 10 20
26 12 34
26 13 32
26 14 29
26 17 28
26 18 19
26 19 7
26 22 31
26 23 10
26 25 17
27 3 18
27 4 18
27 7 6
27 8 8
27 12 11
27 14 34
27 15 9
27 17 33
27 18 25
27 19 24
27 21 7
28 2 15
28 5 12
28 6 7
28 8 20
28 13 21
28 14 5
28 18 26
28 19 7
28 20 4
28 21 20
28 22 9
28 24 23
28 27 20
29 1 17
29 3 14
29 6 10
29 7 28
29 9 31
29 10 16
29 13 23
29 16 34
29 17 33
29 21 24
29 25 18
29 28 21
30 1 14
30 2 31
30 5 10
30 7 9
30 10 14
30 18 32
30 22 30
30 24 18
30 28 5
31 0 23
31 1 31
31 2 20
31 4 5
31 6 5
31 7 25
31 8 17
31 9 31
31 12 31
31 15 31
31 16 33
31 17 13
31 20 12
31 23 3
31 24 22
31 30 1
32 2 28
32 7 26
32 8 15
32 9 19
32 11 10
32 12 25
32 14 5
32 17 31
32 18 11
32 19 30
32 20 23
32 21 34
32 22 7
32 25 18
32 26 4
32 27 29
32 29 19
32 30 3
32 31 2
33 1 25
33 2 2
33 3 26
33 4 8
33 5 26
33 6 22
33 13 24
33 17 23
33 18 30
33 23 27
33 26 8
33 27 31
33 28 33
33 29 29
33 31 5
34 0 12
34 1 32
34 2 5
34 4 28
34 6 15
34 8 12
34 10 5
34 12 8
34 14 18
34 15 26
34 20 34
34 27 9
34 28 32
34 29 27
34 30 18
34 33 10
35 4 4
35 5 35
35 6 11
35 7 3
35 11 34
35 12 28
35 13 6
35 14 13
35 18 6
35 24 5
35 26 4
35 28 2
35 29 1
35 30 28
35 31 26
35 32 34
35 33 3
35 34 28
36 0 1
36 3 15
36 5 15
36 6 12
36 7 26
36 15 4
36 19 16
36 21 13
36 22 34
36 26 6
36 27 24
36 34 29
37 1 29
37 2 16
37 6 25
37 9 8
37 11 26
37 12 4
37 15 26
37 16 35
37 17 5
37 18 34
37 22 11
37 24 27
37 26 29
37 27 6
37 28 22
37 32 23
37 35 18
38 0 25
38 1 13
38 3 18
38 4 19
38 7 26
38 8 26
38 10 1
38 15 7
38 17 22
38 19 33
38 25 35
38 27 21
38 30 9
38 31 11
38 32 5
38 33 8
38 36 33
38 37 5
39 0 33
39 1 28
39 3 32
39 4 9
39 6 17
39 7 20
39 8 14
39 10 18
39 14 20
39 15 17
39 17 16
39 18 22
39 20 22
39 21 20
39 24 2
39 25 34
39 26 10
39 28 9
39 29 7
39 31 9
39 33 7
39 35 26
39 36 34
39 37 6
39 38 2
40 0 23
40 2 33
40 5 16
40 6 9
40 7 12
40 12 24
40 13 14
40 17 10
40 20 2
40 22 27
40 24 33
40 26 11
40 27 3
40 30 23
40 31 29
40 33 26
40 34 7
40 35 26
40 38 30
40 39 17
41 0 10
41 1 5
41 2 18
41 3 27
41 4 23
41 5 8
41 6 21
41 7 15
41 9 11
41 11 24
41 12 15
41 13 29
41 14 27
41 18 34
41 19 30
41 22 12
41 23 7
41 25 13
41 26 33
41 27 9
41 29 3
41 30 30
41 33 11
41 34 35
41 36 34
41 37 33
41 38 31
41 40 26
42 0 25
42 1 21
42 4 28
42 7 30
42 11 17
42 12 33
42 14 26
42 16 20
42 17 12
42 18 6
42 20 10
42 21 29
42 22 8
42 27 3
42 28 25
42 29 30
42 32 11
42 37 4
42 39 22
43 1 31
43 5 16
43 6 22
43 7 7
43 9 17
43 11 17
43 14 28
43 15 22
43 17 1
43 21 15
43 22 2
43 23 8
43 31 24
43 32 1
43 34 4
43 37 22
43 38 16
43 41 32
43 42 14
44 0 26
44 3 28
44 5 10
44 6 10
44 8 1
44 12 23
44 13 11
44 16 14
44 19 4
44 26 4
44 27 1
44 29 18
44 30 7
44 32 18
44 33 2
44 34 4
44 39 13
44 41 8
44 42 29
45 1 11
45 2 20
45 3 16
45 6 22
45 8 20
45 9 24
45 11 28
45 12 18
45 14 8
45 15 5
45 16 26
45 19 12
45 20 20
45 26 31
45 29 10
45 34 12
45 36 1
45 37 28
45 40 14
45 42 29
46 0 24
46 3 22
46 4 30
46 5 26
46 6 17
46 8 23
46 10 11
46 11 25
46 12 31
46 13 19
46 16 31
46 17 29
46 18 34
46 19 17
46 20 8
46 21 9
46 25 27
46 28 32
46 29 3
46 31 14
46 32 34
46 33 7
46 36 10
46 39 8
46 44 30
47 0 21
47 1 13
47 4 23
47 7 34
47 8 26
47 9 14
47 13 15
47 14 8
47 15 17
47 16 27
47 17 4
47 19 23
47 20 23
47 23 13
47 25 15
47 28 24
47 29 22
47 30 33
47 31 1
47 33 29
47 35 35
47 37 26
47 38 15
47 41 19
47 42 7
48 2 31
48 6 7
48 7 3
48 9 21
48 11 17
48 12 16
48 13 30
48 14 29
48 15 9
48 16 8
48 18 31
48 21 25
48 23 27
48 24 32
48 34 32
48 36 21
48 40 8
48 41 9
48 44 14
48 47 34
49 2 9
49 3 2
49 4 3
49 5 29
49 7 29
49 8 32
49 9 16
49 10 17
49 11 5
49 14 30
49 17 14
49 19 32
49 21 32
49 24 19
49 25 5
49 27 22
49 29 9
49 32 14
49 36 23
49 37 16
49 40 31
49 41 23
49 42 15
49 44 4
49 45 21
49 47 32
50 1 10
50 3 22
50 4 20
50 5 30
50 6 10
50 8 12
50 9 10
50 10 10
50 12 5
50 13 26
50 14 20
50 15 29
50 19 14
50 22 17
50 23 3
50 26 32
50 27 29
50 30 6
50 32 22
50 35 31
50 38 1
50 39 31
50 41 8
50 47 25
50 49 8
51 0 22
51 3 22
51 4 19
51 6 24
51 7 34
51 11 16
51 12 14
51 16 25
51 17 25
51 18 28
51 20 20
51 22 32
51 24 20
51 25 9
51 26 5
51 27 16
51 28 28
51 32 21
51 33 11
51 34 18
51 40 23
51 42 25
51 50 13
52 0 12
52 1 35
52 2 8
52 3 35
52 8 24
52 9 33
52 11 30
52 12 6
52 15 11
52 16 9
52 19 15
52 20 3
52 21 15
52 22 8
52 23 16
52 25 6
52 29 35
52 32 21
52 33 13
52 34 3
52 35 1
52 36 10
52 37 34
52 38 25
52 39 26
52 40 20
52 41 18
52 45 10
52 48 17
52 51 10
53 0 30
53 1 34
53 3 9
53 4 4
53 6 20
53 12 20
53 18 20
53 19 3
53 21 2
53 25 19
53 27 19
53 30 14
53 31 18
53 32 6
53 33 33
53 34 11
53 35 20
53 36 24
53 37 29
53 38 33
53 40 22
53 43 32
53 45 2
53 46 2
53 48 11
53 50 2
54 0 10
54 4 32
54 6 35
54 8 8
54 9 6
54 10 1
54 11 27
54 12 17
54 13 15
54 14 17
54 17 28
54 18 24
54 19 20
54 23 10
54 24 7
54 25 28
54 26 28
54 27 24
54 30 35
54 31 19
54 32 9
54 40 5
54 42 28
54 44 29
54 45 5
54 46 24
54 47 22
54 48 26
54 51 23
54 52 4
54 53 34
55 0 30
55 1 17
55 3 17
55 4 25
55 7 8
55 8 1
55 9 15
55 12 30
55 13 23
55 16 3
55 17 15
55 18 16
55 19 34
55 21 4
55 22 24
55 23 29
55 24 29
55 29 1
55 33 23
55 34 17
55 36 20
55 38 10
55 39 22
55 40 28
55 41 7
55 43 16
55 44 16
55 48 28
55 50 13
56 1 19
56 4 18
56 7 35
56 8 12
56 10 26
56 11 25
56 13 5
56 14 34
56 16 35
56 19 30
56 21 28
56 25 17
56 26 9
56 30 28
56 32 21
56 33 7
56 37 34
56 39 34
56 41 34
56 43 1
56 44 3
56 48 34
56 51 9
56 52 21
57 1 4
57 2 2
57 8 30
57 10 6
57 11 17
57 12 4
57 13 26
57 16 10
57 21 25
57 22 3
57 28 23
57 29 13
57 31 10
57 32 16
57 33 31
57 36 7
57 37 25
57 42 13
57 44 13
57 47 29
57 48 28
57 50 17
57 53 24
57 56 17
58 1 18
58 2 23
58 3 25
58 10 1
58 11 24
58 12 7
58 16 2
58 24 19
58 25 21
58 26 27
58 27 28
58 30 14
58 31 14
58 32 21
58 34 1
58 36 15
58 37 28
58 38 31
58 42 7
58 45 16
58 47 23
58 49 8
58 54 34
58 55 22
58 56 1
58 57 5
59 1 27
59 8 11
59 9 25
59 10 23
59 12 24
59 14 34
59 17 6
59 19 17
59 20 28
59 25 26
59 28 1
59 29 2
59 33 30
59 35 14
59 36 34
59 37 28
59 38 8
59 39 28
59 43 23
59 46 2
59 47 25
59 48 24
59 49 12
59 50 33
59 51 10
59 53 14
59 54 26
60 2 22
60 3 15
60 4 17
60 5 17
60 9 33
60 10 30
60 13 18
60 14 19
60 16 3
60 17 32
60 18 15
60 19 4
60 20 11
60 21 12
60 22 32
60 27 33
60 28 13
60 31 21
60 32 21
60 33 5
60 34 27
60 36 26
60 37 25
60 40 33
60 41 24
60 45 11
60 46 35
60 47 11
60 48 21
60 49 14
60 51 19
60 54 28
60 55 3
60 57 35
60 58 16
61 0 28
61 2 23
61 5 26
61 8 14
61 13 17
61 16 30
61 18 13
61 23 34
61 24 19
61 26 33
61 28 6
61 32 16
61 33 20
61 35 7
61 37 9
61 39 6
61 42 18
61 43 16
61 46 30
61 47 11
61 48 6
61 49 31
61 52 25
61 53 34
61 54 8
61 56 11
61 58 2
61 59 8
61 60 11
62 0 31
62 3 15
62 6 8
62 7 25
62 8 11
62 11 22
62 13 23
62 14 24
62 15 9
62 17 33
62 18 14
62 20 31
62 21 30
62 28 12
62 29 20
62 31 26
62 34 4
62 35 17
62 36 32
62 40 13
62 41 5
62 42 24
62 43 12
62 45 13
62 46 18
62 47 4
62 48 27
62 53 20
62 55 13
62 57 10
62 58 7
62 59 23
62 61 27
63 0 7
63 2 34
63 4 22
63 5 4
63 6 28
63 7 28
63 8 32
63 9 16
63 11 5
63 14 18
63 16 9
63 17 5
63 22 4
63 26 17
63 27 16
63 29 31
63 30 28
63 35 31
63 38 3
63 39 21
63 41 8
63 42 6
63 43 18
63 44 15
63 48 17
63 49 3
63 52 6
63 57 19
63 58 31
63 59 11
63 60 10
63 61 16
63 62 33
64 2 10
64 5 23
64 6 34
64 8 32
64 10 23
64 12 25
64 14 16
64 18 8
64 20 14
64 21 31
64 23 2
64 24 22
64 25 1
64 28 27
64 33 9
64 34 6
64 35 5
64 36 17
64 38 25
64 40 26
64 42 29
64 43 19
64 45 12
64 47 25
64 48 25
64 53 22
64 55 3
64 56 34
64 58 10
64 62 8
64 63 5
65 1 9
65 2 12
65 3 17
65 8 31
65 9 30
65 10 5
65 12 17
65 13 3
65 14 29
65 16 13
65 20 16
65 21 15
65 23 20
65 24 10
65 26 8
65 27 1
65 29 3
65 30 20
65 32 14
65 34 6
65 38 3
65 40 23
65 43 28
65 44 13
65 45 18
65 47 3
65 48 31
65 49 18
65 51 20
65 52 17
65 53 33
65 54 3
65 56 16
65 57 19
65 58 26
65 63 21
66 0 5
66 1 14
66 2 7
66 4 21
66 6 29
66 8 7
66 10 25
66 11 21
66 13 17
66 14 3
66 16 23
66 17 29
66 20 24
66 21 14
66 22 4
66 23 13
66 29 9
66 31 4
66 33 26
66 37 33
66 39 12
66 44 23
66 46 7
66 47 10
66 48 6
66 52 31
66 54 27
66 55 10
66 57 14
66 58 35
66 60 8
66 61 33
66 62 16
66 63 15
66 64 34
66 65 20
67 1 4
67 2 8
67 4 28
67 7 18
67 8 34
67 9 16
67 10 2
67 17 13
67 19 35
67 21 15
67 29 8
67 30 1
67 32 25
67 33 7
67 35 29
67 38 27
67 40 33
67 41 24
67 44 3
67 48 12
67 49 16
67 50 32
67 52 6
67 53 1
67 58 24
67 59 16
67 60 10
67 61 18
67 62 19
67 64 16
67 65 17
67 66 30
68 0 22
68 2 34
68 3 23
68 4 13
68 10 26
68 11 26
68 12 17
68 17 4
68 22 1
68 23 31
68 24 23
68 26 18
68 27 6
68 28 14
68 29 3
68 31 33
68 32 21
68 33 6
68 34 31
68 36 33
68 38 33
68 40 30
68 41 10
68 42 14
68 43 1
68 45 27
68 47 12
68 50 31
68 51 10
68 53 25
68 55 2
68 58 12
68 60 16
68 63 30
68 65 27
68 66 12
68 67 7
