18
1 0 4
2 0 46
2 1 41
3 2 35
4 0 33
4 1 23
4 2 11
4 3 53
5 3 26
5 4 50
6 1 28
6 3 46
6 4 51
6 5 31
7 2 24
8 2 14
8 3 43
8 4 12
8 5 35
8 7 29
9 2 34
9 3 20
9 8 8
10 0 46
10 1 22
10 2 2
10 3 20
10 5 26
10 7 18
11 0 48
11 1 7
11 2 30
11 5 37
11 7 50
11 8 12
11 9 5
11 10 25
12 3 4
12 5 23
12 6 29
12 7 14
12 8 10
12 11 13
13 0 48
13 1 29
13 2 8
13 3 43
13 7 17
13 11 10
13 12 20
14 4 29
14 6 16
14 8 18
14 11 37
14 12 13
15 1 33
15 6 29
15 10 26
15 11 38
15 13 4
16 0 23
16 1 26
16 2 38
16 5 25
16 7 10
16 8 5
16 10 51
16 11 47
16 12 45
16 13 30
17 0 37
17 3 43
17 4 37
17 5 2
17 7 39
17 8 42
17 9 19
17 11 32
17 12 21
17 14 45
17 15 9
17 16 5
