48
1 0 8
2 0 1
2 1 11
3 0 8
3 1 24
3 2 11
4 0 15
4 1 4
4 2 48
4 3 35
5 0 39
5 1 17
5 2 45
5 3 18
5 4 21
6 0 19
6 1 46
6 2 47
6 3 26
6 4 47
6 5 7
7 0 15
7 1 43
7 2 52
7 3 19
7 4 48
7 5 28
7 6 5
8 0 26
8 1 39
8 2 49
8 3 20
8 4 27
8 5 25
8 6 13
8 7 22
9 0 39
9 1 19
9 2 36
9 3 33
9 4 21
9 5 38
9 6 50
9 7 36
9 8 40
10 0 7
10 1 2
10 2 48
10 3 41
10 4 27
10 5 17
10 6 12
10 7 49
10 8 53
10 9 32
11 0 19
11 1 13
11 2 10
11 3 19
11 4 20
11 5 53
11 6 51
11 7 46
11 8 26
11 9 6
11 10 12
12 0 5
12 1 53
12 2 3
12 3 11
12 4 31
12 5 41
12 6 28
12 7 2
12 8 34
12 9 20
12 10 46
12 11 47
13 0 38
13 1 3
13 2 12
13 3 39
13 4 18
13 5 5
13 6 21
13 7 46
13 8 36
13 9 4
13 10 41
13 11 8
13 12 1
14 0 19
14 1 38
14 2 10
14 3 52
14 4 32
14 5 21
14 6 36
14 7 16
14 8 11
14 9 47
14 10 24
14 11 11
14 12 51
14 13 3
15 0 21
15 1 13
15 2 15
15 3 24
15 4 43
15 5 25
15 6 1
15 7 20
15 8 7
15 9 46
15 10 19
15 11 44
15 12 4
15 13 6
15 14 30
16 0 42
16 1 34
16 2 3
16 3 28
16 4 18
16 5 17
16 6 48
16 7 13
16 8 20
16 9 42
16 10 17
16 11 4
16 12 3
16 13 34
16 14 28
16 15 40
17 0 2
17 1 53
17 2 49
17 3 5
17 4 17
17 5 19
17 6 30
17 7 37
17 8 18
17 9 22
17 10 52
17 11 42
17 12 11
17 13 20
17 14 37
17 15 33
17 16 40
18 0 27
18 1 43
18 2 18
18 3 24
18 4 7
18 5 22
18 6 42
18 7 25
18 8 24
18 9 17
18 10 34
18 11 22
18 12 28
18 13 3
18 14 10
18 15 30
18 16 41
18 17 29
19 0 32
19 1 31
19 2 23
19 3 12
19 4 52
19 5 52
19 6 49
19 7 17
19 8 15
19 9 1
19 10 18
19 11 33
19 12 28
19 13 31
19 14 3
19 15 7
19 16 25
19 17 18
19 18 28
20 0 9
20 1 39
20 2 10
20 3 36
20 4 50
20 5 12
20 6 39
20 7 16
20 8 32
20 9 49
20 10 32
20 11 33
20 12 22
20 13 49
20 14 20
20 15 39
20 16 24
20 17 3
20 18 36
20 19 40
21 0 51
21 1 8
21 2 51
21 3 33
21 4 15
21 5 23
21 6 24
21 7 9
21 8 8
21 9 4
21 10 39
21 11 45
21 12 24
21 13 52
21 14 52
21 15 1
21 16 3
21 17 38
21 18 21
21 19 49
21 20 6
22 0 34
22 1 37
22 2 39
22 3 53
22 4 44
22 5 36
22 6 4
22 7 43
22 8 32
22 9 10
22 10 7
22 11 3
22 12 23
22 13 44
22 14 15
22 15 5
22 16 33
22 17 27
22 18 35
22 19 6
22 20 5
22 21 31
23 0 6
23 1 1
23 2 6
23 3 3
23 4 36
23 5 31
23 6 47
23 7 13
23 8 20
23 9 22
23 10 15
23 11 43
23 12 47
23 13 39
23 14 53
23 15 7
23 16 28
23 17 8
23 18 10
23 19 15
23 20 33
23 21 39
23 22 9
24 0 9
24 1 2
24 2 13
24 3 41
24 4 37
24 5 28
24 6 8
24 7 29
24 8 45
24 9 18
24 10 43
24 11 36
24 12 1
24 13 50
24 14 14
24 15 31
24 16 15
24 17 49
24 18 52
24 19 16
24 20 5
24 21 34
24 22 46
24 23 18
25 0 40
25 1 46
25 2 25
25 3 24
25 4 35
25 5 27
25 6 42
25 7 33
25 8 10
25 9 29
25 10 24
25 11 10
25 12 31
25 13 15
25 14 1
25 15 40
25 16 17
25 17 44
25 18 44
25 19 27
25 20 44
25 21 19
25 22 23
25 23 6
25 24 30
26 0 23
26 1 38
26 2 1
26 3 35
26 4 40
26 5 7
26 6 10
26 7 39
26 8 38
26 9 35
26 10 23
26 11 36
26 12 52
26 13 29
26 14 35
26 15 24
26 16 36
26 17 42
26 18 12
26 19 2
26 20 9
26 21 50
26 22 37
26 23 17
26 24 21
26 25 41
27 0 51
27 1 24
27 2 4
27 3 44
27 4 23
27 5 47
27 6 33
27 7 43
27 8 44
27 9 20
27 10 16
27 11 35
27 12 38
27 13 14
27 14 49
27 15 14
27 16 46
27 17 7
27 18 23
27 19 31
27 20 52
27 21 36
27 22 45
27 23 24
27 24 22
27 25 5
27 26 26
28 0 18
28 1 14
28 2 29
28 3 38
28 4 52
28 5 9
28 6 35
28 7 6
28 8 16
28 9 27
28 10 30
28 11 21
28 12 23
28 13 26
28 14 32
28 15 5
28 16 33
28 17 5
28 18 13
28 19 42
28 20 16
28 21 22
28 22 2
28 23 43
28 24 26
28 25 18
28 26 28
28 27 13
29 0 27
29 1 46
29 2 35
29 3 46
29 4 33
29 5 25
29 6 47
29 7 28
29 8 6
29 9 22
29 10 48
29 11 32
29 12 37
29 13 30
29 14 18
29 15 2
29 16 27
29 17 25
29 18 2
29 19 48
29 20 6
29 21 44
29 22 9
29 23 20
29 24 1
29 25 53
29 26 20
29 27 43
29 28 41
30 0 52
30 1 23
30 2 5
30 3 39
30 4 23
30 5 22
30 6 29
30 7 52
30 8 47
30 9 3
30 10 1
30 11 48
30 12 17
30 13 52
30 14 9
30 15 28
30 16 17
30 17 52
30 18 31
30 19 30
30 20 10
30 21 25
30 22 39
30 23 47
30 24 1
30 25 42
30 26 40
30 27 35
30 28 3
30 29 51
31 0 11
31 1 25
31 2 39
31 3 14
31 4 2
31 5 19
31 6 6
31 7 23
31 8 32
31 9 10
31 10 41
31 11 29
31 12 1
31 13 5
31 14 9
31 15 46
31 16 2
31 17 47
31 18 20
31 19 11
31 20 2
31 21 27
31 22 13
31 23 29
31 24 8
31 25 8
31 26 36
31 27 51
31 28 17
31 29 15
31 30 41
32 0 10
32 1 7
32 2 4
32 3 24
32 4 13
32 5 15
32 6 46
32 7 13
32 8 6
32 9 19
32 10 18
32 11 22
32 12 15
32 13 16
32 14 1
32 15 12
32 16 27
32 17 29
32 18 4
32 19 20
32 20 20
32 21 37
32 22 18
32 23 41
32 24 30
32 25 24
32 26 17
32 27 52
32 28 23
32 29 4
32 30 28
32 31 27
33 0 38
33 1 17
33 2 13
33 3 12
33 4 32
33 5 53
33 6 39
33 7 45
33 8 47
33 9 27
33 10 33
33 11 23
33 12 27
33 13 47
33 14 28
33 15 48
33 16 30
33 17 10
33 18 26
33 19 20
33 20 19
33 21 20
33 22 51
33 23 37
33 24 14
33 25 7
33 26 46
33 27 30
33 28 30
33 29 47
33 30 21
33 31 47
33 32 23
34 0 23
34 1 29
34 2 32
34 3 25
34 4 28
34 5 15
34 6 43
34 7 51
34 8 29
34 9 11
34 10 2
34 11 25
34 12 17
34 13 39
34 14 10
34 15 15
34 16 4
34 17 23
34 18 5
34 19 11
34 20 41
34 21 2
34 22 3
34 23 30
34 24 50
34 25 2
34 26 40
34 27 11
34 28 42
34 29 2
34 30 13
34 31 2
34 32 17
34 33 19
35 0 1
35 1 31
35 2 36
35 3 22
35 4 16
35 5 12
35 6 50
35 7 46
35 8 17
35 9 14
35 10 49
35 11 40
35 12 43
35 13 5
35 14 8
35 15 39
35 16 8
35 17 2
35 18 36
35 19 34
35 20 8
35 21 23
35 22 20
35 23 33
35 24 50
35 25 21
35 26 11
35 27 26
35 28 44
35 29 1
35 30 17
35 31 27
35 32 49
35 33 7
35 34 4
36 0 18
36 1 50
36 2 47
36 3 23
36 4 48
36 5 26
36 6 30
36 7 5
36 8 28
36 9 30
36 10 33
36 11 23
36 12 38
36 13 25
36 14 40
36 15 15
36 16 8
36 17 53
36 18 32
36 19 44
36 20 43
36 21 42
36 22 9
36 23 18
36 24 28
36 25 2
36 26 13
36 27 26
36 28 11
36 29 10
36 30 22
36 31 16
36 32 28
36 33 9
36 34 19
36 35 21
37 0 43
37 1 12
37 2 25
37 3 33
37 4 31
37 5 32
37 6 15
37 7 20
37 8 45
37 9 21
37 10 45
37 11 24
37 12 50
37 13 27
37 14 17
37 15 48
37 16 49
37 17 28
37 18 19
37 19 20
37 20 22
37 21 45
37 22 48
37 23 50
37 24 37
37 25 15
37 26 43
37 27 17
37 28 14
37 29 22
37 30 51
37 31 1
37 32 8
37 33 48
37 34 13
37 35 49
37 36 45
38 0 37
38 1 8
38 2 4
38 3 32
38 4 6
38 5 10
38 6 2
38 7 15
38 8 41
38 9 11
38 10 37
38 11 9
38 12 15
38 13 18
38 14 41
38 15 35
38 16 48
38 17 10
38 18 7
38 19 3
38 20 34
38 21 19
38 22 36
38 23 33
38 24 27
38 25 43
38 26 34
38 27 14
38 28 49
38 29 4
38 30 16
38 31 21
38 32 29
38 33 41
38 34 33
38 35 10
38 36 45
38 37 41
39 0 4
39 1 50
39 2 19
39 3 1
39 4 6
39 5 27
39 6 13
39 7 45
39 8 29
39 9 43
39 10 53
39 11 5
39 12 4
39 13 4
39 14 47
39 15 38
39 16 41
39 17 8
39 18 46
39 19 26
39 20 53
39 21 7
39 22 49
39 23 50
39 24 17
39 25 12
39 26 1
39 27 43
39 28 15
39 29 19
39 30 12
39 31 28
39 32 11
39 33 9
39 34 33
39 35 20
39 36 4
39 37 18
39 38 7
40 0 39
40 1 30
40 2 16
40 3 9
40 4 14
40 5 36
40 6 50
40 7 8
40 8 43
40 9 12
40 10 36
40 11 43
40 12 45
40 13 29
40 14 3
40 15 8
40 16 14
40 17 51
40 18 3
40 19 23
40 20 1
40 21 49
40 22 9
40 23 23
40 24 6
40 25 43
40 26 17
40 27 50
40 28 32
40 29 46
40 30 17
40 31 13
40 32 41
40 33 43
40 34 6
40 35 6
40 36 35
40 37 52
40 38 2
40 39 16
41 0 37
41 1 3
41 2 2
41 3 45
41 4 46
41 5 38
41 6 28
41 7 35
41 8 42
41 9 3
41 10 7
41 11 49
41 12 44
41 13 8
41 14 43
41 15 32
41 16 35
41 17 20
41 18 38
41 19 1
41 20 26
41 21 20
41 22 11
41 23 51
41 24 19
41 25 37
41 26 34
41 27 22
41 28 23
41 29 29
41 30 40
41 31 16
41 32 15
41 33 1
41 34 52
41 35 51
41 36 19
41 37 11
41 38 49
41 39 34
41 40 21
42 0 21
42 1 51
42 2 32
42 3 14
42 4 37
42 5 16
42 6 4
42 7 31
42 8 41
42 9 21
42 10 8
42 11 2
42 12 24
42 13 27
42 14 47
42 15 24
42 16 17
42 17 25
42 18 43
42 19 36
42 20 29
42 21 13
42 22 22
42 23 9
42 24 49
42 25 43
42 26 45
42 27 39
42 28 14
42 29 22
42 30 36
42 31 38
42 32 9
42 33 6
42 34 48
42 35 36
42 36 31
42 37 19
42 38 35
42 39 18
42 40 26
42 41 50
43 0 28
43 1 18
43 2 2
43 3 22
43 4 8
43 5 10
43 6 37
43 7 6
43 8 28
43 9 11
43 10 14
43 11 11
43 12 29
43 13 20
43 14 41
43 15 15
43 16 14
43 17 48
43 18 49
43 19 31
43 20 3
43 21 7
43 22 8
43 23 53
43 24 46
43 25 29
43 26 31
43 27 8
43 28 46
43 29 11
43 30 52
43 31 10
43 32 28
43 33 13
43 34 33
43 35 23
43 36 39
43 37 41
43 38 9
43 39 44
43 40 26
43 41 16
43 42 10
44 0 37
44 1 25
44 2 9
44 3 13
44 4 14
44 5 13
44 6 47
44 7 20
44 8 18
44 9 1
44 10 18
44 11 51
44 12 37
44 13 23
44 14 12
44 15 17
44 16 2
44 17 18
44 18 7
44 19 47
44 20 2
44 21 51
44 22 10
44 23 20
44 24 15
44 25 38
44 26 11
44 27 30
44 28 22
44 29 35
44 30 32
44 31 21
44 32 45
44 33 9
44 34 44
44 35 43
44 36 36
44 37 22
44 38 40
44 39 9
44 40 35
44 41 4
44 42 18
44 43 25
45 0 32
45 1 35
45 2 39
45 3 33
45 4 21
45 5 51
45 6 22
45 7 17
45 8 14
45 9 17
45 10 1
45 11 29
45 12 32
45 13 32
45 14 3
45 15 27
45 16 48
45 17 17
45 18 39
45 19 46
45 20 39
45 21 3
45 22 20
45 23 3
45 24 5
45 25 16
45 26 15
45 27 27
45 28 18
45 29 12
45 30 1
45 31 50
45 32 22
45 33 4
45 34 30
45 35 46
45 36 20
45 37 13
45 38 29
45 39 12
45 40 16
45 41 10
45 42 37
45 43 34
45 44 44
46 0 27
46 1 18
46 2 41
46 3 26
46 4 15
46 5 13
46 6 33
46 7 3
46 8 16
46 9 24
46 10 3
46 11 36
46 12 28
46 13 43
46 14 31
46 15 42
46 16 16
46 17 6
46 18 22
46 19 38
46 20 47
46 21 23
46 22 7
46 23 40
46 24 32
46 25 51
46 26 29
46 27 49
46 28 20
46 29 7
46 30 44
46 31 44
46 32 27
46 33 7
46 34 25
46 35 9
46 36 14
46 37 12
46 38 9
46 39 1
46 40 6
46 41 2
46 42 26
46 43 47
46 44 11
46 45 1
47 0 42
47 1 45
47 2 12
47 3 45
47 4 48
47 5 46
47 6 19
47 7 5
47 8 31
47 9 30
47 10 30
47 11 46
47 12 32
47 13 10
47 14 16
47 15 49
47 16 4
47 17 42
47 18 52
47 19 28
47 20 19
47 21 32
47 22 5
47 23 13
47 24 34
47 25 2
47 26 50
47 27 12
47 28 5
47 29 11
47 30 7
47 31 36
47 32 2
47 33 28
47 34 17
47 35 43
47 36 40
47 37 42
47 38 52
47 39 5
47 40 38
47 41 3
47 42 7
47 43 52
47 44 16
47 45 4
47 46 12
