38
1 0 27
2 0 25
2 1 17
3 0 12
3 1 1
3 2 8
4 0 9
4 1 4
4 2 2
4 3 4
5 0 9
5 1 23
5 2 13
5 3 13
5 4 15
6 0 21
6 1 10
6 2 7
6 3 19
6 4 2
6 5 21
7 0 1
7 1 12
7 2 12
7 3 5
7 4 2
7 5 3
7 6 6
8 0 3
8 1 25
8 2 1
8 3 5
8 4 28
8 5 16
8 6 25
8 7 27
9 0 17
9 1 25
9 2 7
9 3 23
9 4 22
9 5 11
9 6 17
9 7 21
9 8 5
10 0 3
10 1 3
10 2 20
10 3 14
10 4 2
10 5 6
10 6 20
10 7 1
10 8 9
10 9 23
11 0 11
11 1 20
11 2 20
11 3 7
11 4 13
11 5 7
11 6 28
11 7 26
11 8 10
11 9 12
11 10 17
12 0 1
12 1 20
12 2 3
12 3 17
12 4 8
12 5 16
12 6 19
12 7 7
12 8 11
12 9 11
12 10 7
12 11 15
13 0 4
13 1 18
13 2 18
13 3 8
13 4 14
13 5 25
13 6 16
13 7 3
13 8 3
13 9 4
13 10 14
13 11 22
13 12 24
14 0 27
14 1 8
14 2 9
14 3 2
14 4 26
14 5 18
14 6 15
14 7 16
14 8 9
14 9 16
14 10 22
14 11 7
14 12 18
14 13 23
15 0 20
15 1 25
15 2 3
15 3 1
15 4 6
15 5 2
15 6 25
15 7 14
15 8 9
15 9 23
15 10 8
15 11 7
15 12 5
15 13 26
15 14 27
16 0 2
16 1 10
16 2 5
16 3 11
16 4 26
16 5 9
16 6 7
16 7 3
16 8 17
16 9 17
16 10 20
16 11 18
16 12 3
16 13 5
16 14 6
16 15 6
17 0 8
17 1 24
17 2 11
17 3 9
17 4 28
17 5 3
17 6 16
17 7 5
17 8 4
17 9 6
17 10 7
17 11 9
17 12 25
17 13 19
17 14 11
17 15 21
17 16 22
18 0 20
18 1 23
18 2 3
18 3 19
18 4 24
18 5 24
18 6 24
18 7 10
18 8 22
18 9 17
18 10 27
18 11 15
18 12 25
18 13 28
18 14 17
18 15 15
18 16 5
18 17 1
19 0 14
19 1 2
19 2 12
19 3 11
19 4 16
19 5 14
19 6 26
19 7 6
19 8 7
19 9 18
19 10 7
19 11 19
19 12 27
19 13 5
19 14 13
19 15 11
19 16 27
19 17 9
19 18 3
20 0 14
20 1 1
20 2 17
20 3 24
20 4 2
20 5 23
20 6 23
20 7 12
20 8 22
20 9 4
20 10 2
20 11 12
20 12 3
20 13 4
20 14 7
20 15 25
20 16 18
20 17 10
20 18 25
20 19 3
21 0 4
21 1 4
21 2 18
21 3 23
21 4 16
21 5 17
21 6 18
21 7 14
21 8 2
21 9 12
21 10 12
21 11 22
21 12 12
21 13 6
21 14 4
21 15 14
21 16 4
21 17 3
21 18 18
21 19 23
21 20 15
22 0 9
22 1 27
22 2 19
22 3 19
22 4 25
22 5 5
22 6 19
22 7 10
22 8 9
22 9 14
22 10 9
22 11 19
22 12 1
22 13 16
22 14 25
22 15 25
22 16 10
22 17 20
22 18 1
22 19 1
22 20 16
22 21 1
23 0 2
23 1 6
23 2 1
23 3 12
23 4 3
23 5 12
23 6 2
23 7 27
23 8 15
23 9 16
23 10 21
23 11 6
23 12 10
23 13 6
23 14 17
23 15 15
23 16 12
23 17 5
23 18 15
23 19 27
23 20 28
23 21 17
23 22 20
24 0 28
24 1 14
24 2 4
24 3 15
24 4 24
24 5 22
24 6 28
24 7 5
24 8 27
24 9 16
24 10 2
24 11 25
24 12 5
24 13 2
24 14 22
24 15 14
24 16 13
24 17 15
24 18 6
24 19 6
24 20 16
24 21 9
24 22 24
24 23 6
25 0 20
25 1 10
25 2 20
25 3 17
25 4 26
25 5 12
25 6 28
25 7 2
25 8 2
25 9 2
25 10 27
25 11 5
25 12 24
25 13 22
25 14 25
25 15 20
25 16 15
25 17 17
25 18 19
25 19 7
25 20 23
25 21 20
25 22 24
25 23 15
25 24 4
26 0 10
26 1 2
26 2 20
26 3 22
26 4 23
26 5 9
26 6 27
26 7 9
26 8 7
26 9 5
26 10 15
26 11 14
26 12 25
26 13 3
26 14 24
26 15 3
26 16 20
26 17 20
26 18 1
26 19 12
26 20 14
26 21 5
26 22 10
26 23 28
26 24 24
26 25 11
27 0 13
27 1 2
27 2 7
27 3 13
27 4 22
27 5 24
27 6 5
27 7 24
27 8 15
27 9 9
27 10 16
27 11 3
27 12 6
27 13 18
27 14 10
27 15 23
27 16 23
27 17 24
27 18 16
27 19 16
27 20 23
27 21 24
27 22 4
27 23 27
27 24 16
27 25 17
27 26 25
28 0 16
28 1 1
28 2 1
28 3 22
28 4 1
28 5 27
28 6 12
28 7 24
28 8 9
28 9 14
28 10 22
28 11 18
28 12 19
28 13 4
28 14 23
28 15 24
28 16 5
28 17 21
28 18 5
28 19 18
28 20 16
28 21 16
28 22 21
28 23 21
28 24 7
28 25 23
28 26 9
28 27 16
29 0 1
29 1 2
29 2 13
29 3 13
29 4 11
29 5 14
29 6 11
29 7 10
29 8 7
29 9 5
29 10 20
29 11 22
29 12 12
29 13 9
29 14 3
29 15 6
29 16 20
29 17 9
29 18 17
29 19 10
29 20 12
29 21 14
29 22 9
29 23 22
29 24 14
29 25 10
29 26 27
29 27 17
29 28 13
30 0 20
30 1 4
30 2 1
30 3 17
30 4 17
30 5 16
30 6 6
30 7 9
30 8 8
30 9 11
30 10 8
30 11 4
30 12 18
30 13 19
30 14 9
30 15 19
30 16 16
30 17 9
30 18 25
30 19 20
30 20 7
30 21 8
30 22 10
30 23 9
30 24 25
30 25 18
30 26 27
30 27 10
30 28 10
30 29 27
31 0 13
31 1 20
31 2 13
31 3 5
31 4 4
31 5 3
31 6 5
31 7 12
31 8 19
31 9 19
31 10 22
31 11 12
31 12 27
31 13 22
31 14 27
31 15 10
31 16 23
31 17 9
31 18 3
31 19 26
31 20 12
31 21 12
31 22 11
31 23 6
31 24 21
31 25 9
31 26 16
31 27 19
31 28 7
31 29 4
31 30 12
32 0 11
32 1 21
32 2 7
32 3 5
32 4 26
32 5 8
32 6 10
32 7 15
32 8 4
32 9 3
32 10 4
32 11 8
32 12 11
32 13 14
32 14 20
32 15 26
32 16 22
32 17 20
32 18 16
32 19 15
32 20 27
32 21 9
32 22 11
32 23 19
32 24 3
32 25 28
32 26 12
32 27 20
32 28 7
32 29 10
32 30 16
32 31 28
33 0 16
33 1 27
33 2 10
33 3 1
33 4 7
33 5 15
33 6 1
33 7 13
33 8 23
33 9 7
33 10 8
33 11 1
33 12 14
33 13 21
33 14 14
33 15 13
33 16 14
33 17 17
33 18 3
33 19 1
33 20 11
33 21 23
33 22 3
33 23 12
33 24 13
33 25 8
33 26 21
33 27 22
33 28 5
33 29 22
33 30 19
33 31 6
33 32 27
34 0 22
34 1 4
34 2 16
34 3 20
34 4 23
34 5 7
34 6 17
34 7 9
34 8 17
34 9 24
34 10 2
34 11 14
34 12 11
34 13 7
34 14 20
34 15 25
34 16 7
34 17 16
34 18 15
34 19 23
34 20 27
34 21 24
34 22 12
34 23 5
34 24 11
34 25 1
34 26 24
34 27 17
34 28 24
34 29 9
34 30 28
34 31 26
34 32 2
34 33 28
35 0 10
35 1 9
35 2 23
35 3 2
35 4 18
35 5 13
35 6 9
35 7 19
35 8 17
35 9 10
35 10 26
35 11 4
35 12 28
35 13 28
35 14 18
35 15 4
35 16 18
35 17 25
35 18 18
35 19 5
35 20 25
35 21 1
35 22 23
35 23 4
35 24 10
35 25 20
35 26 21
35 27 18
35 28 25
35 29 28
35 30 26
35 31 1
35 32 9
35 33 21
35 34 4
36 0 2
36 1 4
36 2 24
36 3 9
36 4 25
36 5 21
36 6 24
36 7 19
36 8 28
36 9 26
36 10 24
36 11 27
36 12 2
36 13 23
36 14 26
36 15 18
36 16 6
36 17 18
36 18 8
36 19 24
36 20 20
36 21 10
36 22 6
36 23 13
36 24 20
36 25 9
36 26 17
36 27 17
36 28 19
36 29 18
36 30 7
36 31 6
36 32 20
36 33 24
36 34 7
36 35 5
37 0 16
37 1 17
37 2 28
37 3 23
37 4 21
37 5 14
37 6 1
37 7 18
37 8 3
37 9 7
37 10 9
37 11 15
37 12 15
37 13 28
37 14 3
37 15 15
37 16 13
37 17 12
37 18 21
37 19 27
37 20 28
37 21 14
37 22 12
37 23 22
37 24 8
37 25 24
37 26 24
37 27 10
37 28 4
37 29 14
37 30 6
37 31 10
37 32 11
37 33 13
37 34 15
37 35 16
37 36 1
