47
1 0 62
2 0 36
2 1 56
3 0 30
3 1 17
3 2 31
4 0 36
4 1 3
4 2 34
4 3 58
5 0 38
5 1 51
5 2 51
5 3 2
5 4 35
6 0 2
6 1 31
6 2 53
6 3 29
6 4 29
6 5 10
7 0 36
7 1 10
7 2 20
7 3 46
7 4 17
7 5 29
7 6 65
8 0 50
8 1 2
8 2 61
8 3 4
8 4 59
8 5 57
8 6 23
8 7 41
9 0 53
9 1 5
9 2 26
9 3 7
9 4 32
9 5 62
9 6 44
9 7 29
9 8 20
10 0 27
10 1 20
10 2 10
10 3 22
10 4 4
10 5 64
10 6 15
10 7 17
10 8 18
10 9 53
11 0 31
11 1 61
11 2 56
11 3 15
11 4 55
11 5 24
11 6 11
11 7 43
11 8 53
11 9 26
11 10 33
12 0 47
12 1 4
12 2 59
12 3 42
12 4 20
12 5 46
12 6 51
12 7 22
12 8 52
12 9 7
12 10 15
12 11 31
13 0 6
13 1 56
13 2 19
13 3 11
13 4 20
13 5 34
13 6 20
13 7 49
13 8 23
13 9 11
13 10 61
13 11 51
13 12 52
14 0 57
14 1 63
14 2 22
14 3 38
14 4 46
14 5 59
14 6 7
14 7 29
14 8 48
14 9 12
14 10 24
14 11 29
14 12 19
14 13 27
15 0 36
15 1 44
15 2 25
15 3 2
15 4 8
15 5 1
15 6 5
15 7 23
15 8 2
15 9 42
15 10 1
15 11 46
15 12 51
15 13 47
15 14 50
16 0 23
16 1 9
16 2 21
16 3 31
16 4 12
16 5 44
16 6 35
16 7 53
16 8 42
16 9 4
16 10 25
16 11 37
16 12 1
16 13 28
16 14 60
16 15 10
17 0 23
17 1 37
17 2 55
17 3 60
17 4 42
17 5 33
17 6 3
17 7 5
17 8 42
17 9 52
17 10 26
17 11 26
17 12 63
17 13 48
17 14 39
17 15 35
17 16 8
18 0 6
18 1 37
18 2 4
18 3 28
18 4 15
18 5 3
18 6 43
18 7 19
18 8 39
18 9 26
18 10 38
18 11 12
18 12 13
18 13 31
18 14 39
18 15 13
18 16 3
18 17 16
19 0 32
19 1 3
19 2 18
19 3 45
19 4 44
19 5 3
19 6 7
19 7 54
19 8 38
19 9 21
19 10 47
19 11 9
19 12 55
19 13 9
19 14 5
19 15 37
19 16 17
19 17 27
19 18 64
20 0 1
20 1 27
20 2 41
20 3 3
20 4 4
20 5 5
20 6 36
20 7 19
20 8 2
20 9 7
20 10 51
20 11 31
20 12 58
20 13 9
20 14 62
20 15 42
20 16 39
20 17 28
20 18 60
20 19 15
21 0 45
21 1 52
21 2 24
21 3 47
21 4 36
21 5 20
21 6 57
21 7 60
21 8 17
21 9 10
21 10 65
21 11 9
21 12 18
21 13 65
21 14 14
21 15 57
21 16 15
21 17 51
21 18 42
21 19 54
21 20 32
22 0 29
22 1 57
22 2 21
22 3 39
22 4 28
22 5 30
22 6 37
22 7 17
22 8 46
22 9 43
22 10 10
22 11 58
22 12 51
22 13 52
22 14 48
22 15 50
22 16 59
22 17 3
22 18 2
22 19 13
22 20 18
22 21 45
23 0 16
23 1 25
23 2 20
23 3 64
23 4 61
23 5 50
23 6 64
23 7 26
23 8 35
23 9 20
23 10 57
23 11 54
23 12 13
23 13 35
23 14 32
23 15 43
23 16 61
23 17 43
23 18 59
23 19 27
23 20 56
23 21 11
23 22 60
24 0 61
24 1 2
24 2 12
24 3 12
24 4 21
24 5 32
24 6 9
24 7 59
24 8 24
24 9 21
24 10 10
24 11 19
24 12 63
24 13 37
24 14 13
24 15 46
24 16 51
24 17 60
24 18 9
24 19 18
24 20 15
24 21 64
24 22 61
24 23 17
25 0 27
25 1 45
25 2 60
25 3 38
25 4 51
25 5 22
25 6 46
25 7 28
25 8 35
25 9 10
25 10 11
25 11 27
25 12 56
25 13 20
25 14 45
25 15 11
25 16 62
25 17 65
25 18 26
25 19 9
25 20 60
25 21 50
25 22 21
25 23 57
25 24 29
26 0 28
26 1 35
26 2 19
26 3 36
26 4 4
26 5 49
26 6 38
26 7 55
26 8 64
26 9 60
26 10 42
26 11 22
26 12 58
26 13 55
26 14 31
26 15 19
26 16 12
26 17 57
26 18 46
26 19 7
26 20 32
26 21 4
26 22 13
26 23 2
26 24 48
26 25 36
27 0 32
27 1 65
27 2 25
27 3 58
27 4 30
27 5 22
27 6 37
27 7 40
27 8 37
27 9 53
27 10 24
27 11 21
27 12 26
27 13 10
27 14 23
27 15 4
27 16 28
27 17 27
27 18 11
27 19 46
27 20 23
27 21 41
27 22 58
27 23 49
27 24 13
27 25 23
27 26 14
28 0 40
28 1 18
28 2 33
28 3 62
28 4 20
28 5 31
28 6 23
28 7 12
28 8 19
28 9 40
28 10 30
28 11 8
28 12 43
28 13 52
28 14 16
28 15 42
28 16 65
28 17 59
28 18 10
28 19 57
28 20 51
28 21 64
28 22 47
28 23 26
28 24 54
28 25 42
28 26 16
28 27 54
29 0 21
29 1 13
29 2 27
29 3 3
29 4 39
29 5 65
29 6 19
29 7 11
29 8 22
29 9 1
29 10 57
29 11 8
29 12 12
29 13 58
29 14 29
29 15 15
29 16 51
29 17 60
29 18 62
29 19 33
29 20 52
29 21 44
29 22 64
29 23 21
29 24 21
29 25 4
29 26 63
29 27 33
29 28 56
30 0 24
30 1 57
30 2 37
30 3 50
30 4 24
30 5 20
30 6 65
30 7 49
30 8 32
30 9 62
30 10 12
30 11 55
30 12 54
30 13 51
30 14 25
30 15 6
30 16 20
30 17 15
30 18 42
30 19 43
30 20 22
30 21 34
30 22 46
30 23 6
30 24 54
30 25 52
30 26 18
30 27 23
30 28 28
30 29 36
31 0 18
31 1 14
31 2 8
31 3 55
31 4 51
31 5 40
31 6 53
31 7 57
31 8 50
31 9 64
31 10 29
31 11 22
31 12 13
31 13 23
31 14 47
31 15 20
31 16 43
31 17 14
31 18 39
31 19 47
31 20 52
31 21 5
31 22 62
31 23 47
31 24 11
31 25 17
31 26 15
31 27 20
31 28 24
31 29 38
31 30 62
32 0 14
32 1 35
32 2 45
32 3 19
32 4 51
32 5 29
32 6 24
32 7 22
32 8 33
32 9 56
32 10 2
32 11 24
32 12 16
32 13 65
32 14 14
32 15 41
32 16 23
32 17 14
32 18 59
32 19 20
32 20 29
32 21 63
32 22 43
32 23 29
32 24 12
32 25 15
32 26 20
32 27 38
32 28 38
32 29 22
32 30 32
32 31 46
33 0 44
33 1 19
33 2 11
33 3 9
33 4 19
33 5 64
33 6 11
33 7 32
33 8 46
33 9 48
33 10 6
33 11 48
33 12 7
33 13 8
33 14 27
33 15 57
33 16 10
33 17 2
33 18 30
33 19 61
33 20 13
33 21 34
33 22 34
33 23 23
33 24 63
33 25 52
33 26 37
33 27 41
33 28 38
33 29 19
33 30 60
33 31 17
33 32 20
34 0 54
34 1 17
34 2 63
34 3 36
34 4 28
34 5 33
34 6 55
34 7 52
34 8 65
34 9 36
34 10 6
34 11 41
34 12 64
34 13 7
34 14 17
34 15 57
34 16 3
34 17 46
34 18 13
34 19 49
34 20 62
34 21 59
34 22 15
34 23 22
34 24 29
34 25 21
34 26 18
34 27 58
34 28 50
34 29 52
34 30 46
34 31 52
34 32 64
34 33 60
35 0 22
35 1 1
35 2 38
35 3 50
35 4 1
35 5 39
35 6 32
35 7 34
35 8 16
35 9 28
35 10 4
35 11 23
35 12 14
35 13 25
35 14 17
35 15 43
35 16 1
35 17 26
35 18 8
35 19 53
35 20 56
35 21 20
35 22 40
35 23 31
35 24 51
35 25 22
35 26 61
35 27 46
35 28 56
35 29 52
35 30 15
35 31 11
35 32 12
35 33 4
35 34 7
36 0 2
36 1 61
36 2 65
36 3 36
36 4 39
36 5 29
36 6 46
36 7 2
36 8 45
36 9 1
36 10 51
36 11 58
36 12 17
36 13 54
36 14 49
36 15 23
36 16 46
36 17 22
36 18 23
36 19 49
36 20 15
36 21 58
36 22 44
36 23 51
36 24 39
36 25 31
36 26 37
36 27 53
36 28 46
36 29 61
36 30 42
36 31 53
36 32 37
36 33 61
36 34 48
36 35 3
37 0 32
37 1 30
37 2 59
37 3 60
37 4 60
37 5 57
37 6 9
37 7 35
37 8 57
37 9 43
37 10 18
37 11 43
37 12 11
37 13 19
37 14 5
37 15 32
37 16 44
37 17 64
37 18 13
37 19 12
37 20 30
37 21 19
37 22 42
37 23 63
37 24 38
37 25 49
37 26 60
37 27 45
37 28 41
37 29 62
37 30 61
37 31 41
37 32 41
37 33 54
37 34 25
37 35 19
37 36 40
38 0 9
38 1 8
38 2 21
38 3 9
38 4 20
38 5 2
38 6 55
38 7 34
38 8 63
38 9 55
38 10 52
38 11 35
38 12 16
38 13 29
38 14 10
38 15 61
38 16 19
38 17 32
38 18 3
38 19 54
38 20 40
38 21 65
38 22 8
38 23 3
38 24 42
38 25 56
38 26 56
38 27 59
38 28 62
38 29 65
38 30 23
38 31 59
38 32 28
38 33 44
38 34 7
38 35 29
38 36 30
38 37 16
39 0 42
39 1 32
39 2 32
39 3 28
39 4 6
39 5 50
39 6 57
39 7 55
39 8 59
39 9 65
39 10 50
39 11 10
39 12 40
39 13 11
39 14 33
39 15 29
39 16 2
39 17 57
39 18 37
39 19 31
39 20 22
39 21 16
39 22 18
39 23 58
39 24 12
39 25 2
39 26 53
39 27 40
39 28 36
39 29 46
39 30 62
39 31 4
39 32 63
39 33 58
39 34 59
39 35 46
39 36 28
39 37 14
39 38 7
40 0 21
40 1 9
40 2 40
40 3 38
40 4 61
40 5 49
40 6 41
40 7 36
40 8 6
40 9 4
40 10 4
40 11 22
40 12 13
40 13 57
40 14 22
40 15 30
40 16 65
40 17 52
40 18 3
40 19 60
40 20 25
40 21 22
40 22 64
40 23 50
40 24 9
40 25 63
40 26 15
40 27 27
40 28 17
40 29 46
40 30 18
40 31 32
40 32 3
40 33 2
40 34 23
40 35 14
40 36 4
40 37 5
40 38 12
40 39 14
41 0 40
41 1 45
41 2 10
41 3 49
41 4 31
41 5 45
41 6 14
41 7 31
41 8 52
41 9 27
41 10 34
41 11 10
41 12 40
41 13 20
41 14 8
41 15 23
41 16 21
41 17 14
41 18 29
41 19 31
41 20 6
41 21 47
41 22 38
41 23 2
41 24 63
41 25 36
41 26 8
41 27 64
41 28 15
41 29 60
41 30 31
41 31 28
41 32 12
41 33 25
41 34 54
41 35 65
41 36 33
41 37 32
41 38 1
41 39 53
41 40 64
42 0 33
42 1 6
42 2 52
42 3 53
42 4 42
42 5 28
42 6 43
42 7 18
42 8 59
42 9 31
42 10 1
42 11 14
42 12 27
42 13 41
42 14 17
42 15 41
42 16 33
42 17 50
42 18 13
42 19 29
42 20 37
42 21 27
42 22 46
42 23 9
42 24 53
42 25 47
42 26 51
42 27 54
42 28 46
42 29 34
42 30 43
42 31 1
42 32 65
42 33 13
42 34 13
42 35 5
42 36 63
42 37 21
42 38 23
42 39 13
42 40 63
42 41 63
43 0 37
43 1 26
43 2 62
43 3 29
43 4 32
43 5 42
43 6 49
43 7 48
43 8 20
43 9 34
43 10 21
43 11 54
43 12 27
43 13 43
43 14 62
43 15 60
43 16 30
43 17 2
43 18 39
43 19 57
43 20 65
43 21 57
43 22 29
43 23 48
43 24 61
43 25 41
43 26 37
43 27 65
43 28 63
43 29 27
43 30 13
43 31 60
43 32 24
43 33 47
43 34 63
43 35 14
43 36 61
43 37 33
43 38 21
43 39 48
43 40 2
43 41 53
43 42 45
44 0 11
44 1 51
44 2 26
44 3 17
44 4 47
44 5 16
44 6 26
44 7 25
44 8 17
44 9 50
44 10 47
44 11 12
44 12 43
44 13 61
44 14 41
44 15 32
44 16 4
44 17 2
44 18 4
44 19 31
44 20 21
44 21 40
44 22 20
44 23 41
44 24 63
44 25 55
44 26 11
44 27 39
44 28 27
44 29 35
44 30 56
44 31 38
44 32 9
44 33 12
44 34 10
44 35 53
44 36 16
44 37 21
44 38 36
44 39 33
44 40 31
44 41 5
44 42 29
44 43 28
45 0 44
45 1 43
45 2 43
45 3 48
45 4 14
45 5 17
45 6 49
45 7 59
45 8 55
45 9 36
45 10 62
45 11 55
45 12 18
45 13 44
45 14 45
45 15 31
45 16 64
45 17 42
45 18 2
45 19 25
45 20 22
45 21 15
45 22 34
45 23 32
45 24 7
45 25 3
45 26 7
45 27 43
45 28 47
45 29 20
45 30 30
45 31 33
45 32 61
45 33 17
45 34 35
45 35 26
45 36 57
45 37 46
45 38 14
45 39 62
45 40 31
45 41 42
45 42 50
45 43 29
45 44 52
46 0 19
46 1 61
46 2 31
46 3 57
46 4 57
46 5 14
46 6 11
46 7 60
46 8 60
46 9 33
46 10 9
46 11 5
46 12 3
46 13 23
46 14 2
46 15 6
46 16 18
46 17 17
46 18 64
46 19 39
46 20 48
46 21 55
46 22 55
46 23 57
46 24 57
46 25 62
46 26 37
46 27 10
46 28 48
46 29 56
46 30 18
46 31 2
46 32 1
46 33 15
46 34 64
46 35 29
46 36 46
46 37 25
46 38 57
46 39 20
46 40 54
46 41 18
46 42 44
46 43 47
46 44 26
46 45 57
