17
1 0 28
2 0 15
2 1 42
3 0 29
3 1 3
3 2 14
4 0 19
4 1 50
4 2 19
4 3 29
5 0 36
5 1 13
5 2 6
5 3 26
5 4 39
6 0 14
6 1 22
6 2 40
6 3 3
6 4 30
6 5 41
7 0 49
7 1 8
7 2 33
7 3 47
7 4 39
7 5 51
7 6 40
8 0 47
8 1 34
8 2 43
8 3 20
8 4 18
8 5 36
8 6 30
8 7 41
9 0 17
9 1 43
9 2 45
9 3 32
9 4 3
9 5 9
9 6 52
9 7 43
9 8 7
10 0 42
10 1 28
10 2 20
10 3 20
10 4 47
10 5 36
10 6 36
10 7 37
10 8 42
10 9 16
11 0 45
11 1 28
11 2 47
11 3 40
11 4 29
11 5 42
11 6 23
11 7 11
11 8 13
11 9 19
11 10 3
12 0 2
12 1 33
12 2 34
12 3 51
12 4 10
12 5 48
12 6 26
12 7 33
12 8 7
12 9 9
12 10 44
12 11 17
13 0 26
13 1 48
13 2 28
13 3 33
13 4 7
13 5 23
13 6 21
13 7 48
13 8 9
13 9 49
13 10 34
13 11 20
13 12 16
14 0 4
14 1 32
14 2 14
14 3 43
14 4 40
14 5 10
14 6 6
14 7 20
14 8 15
14 9 49
14 10 16
14 11 1
14 12 45
14 13 37
15 0 18
15 1 7
15 2 26
15 3 37
15 4 25
15 5 22
15 6 33
15 7 46
15 8 31
15 9 10
15 10 45
15 11 7
15 12 34
15 13 12
15 14 44
16 0 3
16 1 47
16 2 12
16 3 9
16 4 44
16 5 43
16 6 25
16 7 38
16 8 32
16 9 23
16 10 28
16 11 40
16 12 33
16 13 22
16 14 38
16 15 2
