15
1 0 41
2 0 21
2 1 20
3 0 16
3 1 19
3 2 41
4 0 23
4 1 9
4 2 4
4 3 26
5 0 49
5 1 47
5 2 8
5 3 26
5 4 34
6 0 47
6 1 17
6 2 51
6 3 23
6 4 5
6 5 5
7 0 10
7 1 38
7 2 32
7 3 5
7 4 35
7 5 7
7 6 17
8 0 5
8 1 26
8 2 54
8 3 22
8 4 26
8 5 26
8 6 50
8 7 8
9 0 26
9 1 52
9 2 51
9 3 48
9 4 36
9 5 48
9 6 46
9 7 2
9 8 48
10 0 42
10 1 46
10 2 44
10 3 7
10 4 31
10 5 20
10 6 11
10 7 12
10 8 47
10 9 49
11 0 32
11 1 19
11 2 13
11 3 10
11 4 35
11 5 51
11 6 11
11 7 46
11 8 47
11 9 6
11 10 31
12 0 44
12 1 26
12 2 38
12 3 37
12 4 37
12 5 47
12 6 10
12 7 9
12 8 42
12 9 26
12 10 11
12 11 5
13 0 11
13 1 4
13 2 46
13 3 35
13 4 23
13 5 45
13 6 15
13 7 38
13 8 32
13 9 21
13 10 31
13 11 44
13 12 26
14 0 2
14 1 27
14 2 48
14 3 41
14 4 39
14 5 27
14 6 54
14 7 11
14 8 15
14 9 39
14 10 27
14 11 36
14 12 16
14 13 19
