21
1 0 5
2 0 3
2 1 6
3 0 7
3 1 7
3 2 8
4 0 1
4 1 9
4 2 5
4 3 9
5 0 9
5 1 8
5 2 9
5 3 2
5 4 10
6 0 7
6 1 1
6 2 11
6 3 6
6 4 9
6 5 8
7 0 1
7 1 4
7 2 10
7 3 8
7 4 4
7 5 6
7 6 5
8 0 5
8 1 5
8 2 5
8 3 9
8 4 8
8 5 5
8 6 5
8 7 5
9 0 2
9 1 3
9 2 11
9 3 5
9 4 7
9 5 4
9 6 1
9 7 9
9 8 2
10 0 1
10 1 2
10 2 10
10 3 4
10 4 10
10 5 11
10 6 3
10 7 11
10 8 2
10 9 2
11 0 10
11 1 9
11 2 8
11 3 9
11 4 2
11 5 9
11 6 2
11 7 7
11 8 5
11 9 3
11 10 1
12 0 6
12 1 9
12 2 4
12 3 7
12 4 5
12 5 7
12 6 7
12 7 5
12 8 4
12 9 2
12 10 3
12 11 10
13 0 10
13 1 10
13 2 10
13 3 5
13 4 8
13 5 3
13 6 4
13 7 4
13 8 7
13 9 11
13 10 11
13 11 5
13 12 3
14 0 4
14 1 6
14 2 10
14 3 1
14 4 8
14 5 3
14 6 5
14 7 3
14 8 1
14 9 3
14 10 10
14 11 2
14 12 4
14 13 11
15 0 6
15 1 7
15 2 6
15 3 5
15 4 1
15 5 8
15 6 5
15 7 10
15 8 9
15 9 10
15 10 8
15 11 11
15 12 9
15 13 10
15 14 1
16 0 6
16 1 11
16 2 10
16 3 9
16 4 9
16 5 6
16 6 7
16 7 11
16 8 1
16 9 9
16 10 11
16 11 10
16 12 2
16 13 6
16 14 1
16 15 8
17 0 6
17 1 1
17 2 11
17 3 7
17 4 6
17 5 6
17 6 1
17 7 7
17 8 6
17 9 11
17 10 2
17 11 6
17 12 4
17 13 8
17 14 1
17 15 3
17 16 5
18 0 9
18 1 2
18 2 5
18 3 8
18 4 1
18 5 11
18 6 8
18 7 11
18 8 5
18 9 11
18 10 3
18 11 1
18 12 8
18 13 9
18 14 6
18 15 10
18 16 1
18 17 1
19 0 10
19 1 2
19 2 6
19 3 5
19 4 3
19 5 8
19 6 6
19 7 2
19 8 5
19 9 2
19 10 6
19 11 2
19 12 6
19 13 1
19 14 3
19 15 8
19 16 1
19 17 4
19 18 6
20 0 8
20 1 8
20 2 7
20 3 1
20 4 1
20 5 2
20 6 9
20 7 7
20 8 1
20 9 8
20 10 9
20 11 4
20 12 4
20 13 4
20 14 1
20 15 3
20 16 10
20 17 2
20 18 8
20 19 4
