32
2 0 21
3 0 27
3 1 9
3 2 6
4 3 27
5 4 12
6 0 8
6 1 21
6 4 14
7 0 13
7 1 23
7 3 1
7 4 11
7 6 17
8 0 17
8 2 23
8 3 24
8 5 14
9 0 9
9 4 3
9 5 17
9 7 17
9 8 22
10 0 26
10 2 2
10 3 7
10 7 27
11 0 27
11 1 19
11 3 25
11 7 12
11 10 19
12 0 17
12 1 14
12 2 11
12 3 20
12 6 17
12 7 27
12 8 16
12 11 22
13 2 6
13 4 5
13 6 19
13 8 10
13 12 2
14 1 3
14 2 15
14 3 9
14 4 7
14 5 15
14 8 17
14 9 5
14 11 21
14 13 1
15 1 22
15 2 12
15 3 1
15 4 15
15 5 19
15 8 10
15 9 8
15 10 25
15 11 13
15 12 21
15 13 8
15 14 3
16 2 8
16 11 16
16 12 21
17 0 15
17 1 6
17 4 26
17 6 22
17 7 1
17 10 23
17 14 10
17 15 24
17 16 20
18 4 12
18 7 19
18 9 17
18 11 13
18 14 7
18 15 8
18 17 23
19 0 2
19 3 15
19 6 26
19 7 17
19 10 1
19 13 4
19 14 2
19 16 1
19 17 19
19 18 11
20 2 3
20 3 20
20 7 4
20 11 20
20 13 25
20 14 14
20 15 26
20 16 15
20 19 2
21 3 15
21 5 2
21 10 7
21 12 13
21 13 27
21 14 5
21 17 23
21 19 11
22 3 14
22 4 15
22 6 25
22 10 18
22 12 22
22 16 20
22 18 17
22 19 7
22 21 12
23 1 26
23 2 24
23 4 26
23 5 26
23 8 14
23 10 14
23 12 18
23 14 25
23 15 10
23 19 21
23 20 11
23 22 19
24 1 21
24 4 11
24 6 21
24 9 27
24 11 16
24 12 4
24 13 17
24 16 3
24 18 19
24 19 21
24 20 11
24 22 3
25 0 21
25 1 9
25 2 18
25 4 20
25 5 12
25 6 21
25 7 9
25 8 6
25 9 13
25 11 10
25 14 23
25 19 21
25 20 2
25 24 10
26 1 15
26 2 26
26 4 27
26 5 15
26 6 10
26 9 10
26 10 9
26 11 18
26 13 17
26 14 6
26 15 27
26 17 17
26 19 15
26 20 12
26 21 12
26 23 16
26 25 22
27 1 17
27 3 22
27 5 25
27 6 7
27 7 18
27 8 26
27 13 1
27 16 7
27 17 10
27 19 14
27 20 13
27 21 5
27 22 4
27 23 27
27 25 4
28 1 23
28 3 5
28 4 26
28 6 8
28 7 26
28 9 15
28 12 4
28 15 11
28 17 5
28 18 4
28 19 15
28 22 27
28 23 5
28 24 4
28 25 3
28 26 2
29 2 26
29 4 14
29 5 23
29 7 7
29 8 26
29 9 17
29 10 9
29 12 23
29 14 13
29 19 12
29 20 27
29 21 17
29 24 9
29 27 8
29 28 3
30 0 16
30 3 7
30 5 11
30 8 11
30 13 11
30 14 5
30 16 4
30 17 4
30 18 27
30 21 22
30 22 4
30 23 9
30 24 20
30 25 9
30 28 27
31 3 7
31 4 11
31 6 15
31 8 8
31 11 18
31 12 27
31 13 17
31 15 24
31 17 15
31 18 6
31 19 4
31 20 6
31 22 11
31 23 26
31 27 12
31 28 25
31 30 6
