43
1 0 17
2 0 34
2 1 15
3 0 30
3 1 25
3 2 12
4 0 15
4 1 13
4 2 32
4 3 26
5 0 9
5 1 4
5 2 13
5 3 27
5 4 16
6 0 31
6 1 33
6 2 18
6 3 6
6 4 5
6 5 37
7 0 17
7 1 9
7 2 30
7 3 17
7 4 18
7 5 26
7 6 3
8 0 21
8 1 17
8 2 12
8 3 32
8 4 9
8 5 36
8 6 13
8 7 2
9 0 3
9 1 3
9 2 13
9 3 24
9 4 28
9 5 15
9 6 37
9 7 1
9 8 30
10 0 1
10 1 18
10 2 34
10 3 23
10 4 10
10 5 17
10 6 20
10 7 14
10 8 34
10 9 6
11 0 11
11 1 17
11 2 18
11 3 1
11 4 8
11 5 31
11 6 23
11 7 33
11 8 28
11 9 3
11 10 13
12 0 16
12 1 14
12 2 30
12 3 15
12 4 15
12 5 6
12 6 1
12 7 30
12 8 31
12 9 3
12 10 29
12 11 1
13 0 10
13 1 2
13 2 22
13 3 20
13 4 4
13 5 10
13 6 32
13 7 16
13 8 19
13 9 24
13 10 39
13 11 30
13 12 2
14 0 30
14 1 34
14 2 37
14 3 19
14 4 8
14 5 20
14 6 33
14 7 20
14 8 34
14 9 32
14 10 4
14 11 19
14 12 29
14 13 11
15 0 6
15 1 20
15 2 3
15 3 4
15 4 22
15 5 34
15 6 15
15 7 1
15 8 12
15 9 26
15 10 13
15 11 6
15 12 30
15 13 4
15 14 39
16 0 37
16 1 23
16 2 10
16 3 16
16 4 7
16 5 37
16 6 30
16 7 2
16 8 6
16 9 14
16 10 24
16 11 35
16 12 38
16 13 22
16 14 36
16 15 10
17 0 11
17 1 38
17 2 14
17 3 7
17 4 37
17 5 17
17 6 27
17 7 22
17 8 26
17 9 27
17 10 26
17 11 1
17 12 6
17 13 31
17 14 5
17 15 1
17 16 33
18 0 34
18 1 27
18 2 13
18 3 31
18 4 19
18 5 14
18 6 1
18 7 24
18 8 14
18 9 34
18 10 15
18 11 16
18 12 2
18 13 4
18 14 3
18 15 3
18 16 5
18 17 7
19 0 7
19 1 22
19 2 24
19 3 8
19 4 17
19 5 25
19 6 39
19 7 28
19 8 18
19 9 24
19 10 39
19 11 28
19 12 2
19 13 36
19 14 31
19 15 38
19 16 22
19 17 18
19 18 21
20 0 2
20 1 5
20 2 11
20 3 15
20 4 11
20 5 8
20 6 25
20 7 4
20 8 19
20 9 21
20 10 31
20 11 12
20 12 10
20 13 1
20 14 15
20 15 30
20 16 39
20 17 14
20 18 18
20 19 9
21 0 11
21 1 37
21 2 2
21 3 33
21 4 7
21 5 17
21 6 35
21 7 38
21 8 39
21 9 19
21 10 18
21 11 13
21 12 25
21 13 7
21 14 17
21 15 12
21 16 30
21 17 26
21 18 18
21 19 38
21 20 23
22 0 11
22 1 22
22 2 20
22 3 7
22 4 3
22 5 30
22 6 25
22 7 21
22 8 24
22 9 32
22 10 22
22 11 27
22 12 16
22 13 29
22 14 8
22 15 25
22 16 7
22 17 1
22 18 2
22 19 2
22 20 7
22 21 19
23 0 35
23 1 33
23 2 3
23 3 38
23 4 34
23 5 1
23 6 37
23 7 33
23 8 2
23 9 27
23 10 26
23 11 16
23 12 14
23 13 33
23 14 28
23 15 39
23 16 16
23 17 9
23 18 34
23 19 22
23 20 25
23 21 38
23 22 31
24 0 23
24 1 33
24 2 5
24 3 6
24 4 35
24 5 3
24 6 23
24 7 32
24 8 23
24 9 18
24 10 6
24 11 10
24 12 16
24 13 39
24 14 17
24 15 14
24 16 34
24 17 9
24 18 1
24 19 10
24 20 8
24 21 23
24 22 10
24 23 22
25 0 6
25 1 6
25 2 8
25 3 17
25 4 23
25 5 1
25 6 31
25 7 16
25 8 1
25 9 26
25 10 15
25 11 25
25 12 14
25 13 32
25 14 6
25 15 4
25 16 6
25 17 30
25 18 33
25 19 4
25 20 29
25 21 12
25 22 35
25 23 33
25 24 21
26 0 13
26 1 14
26 2 3
26 3 21
26 4 17
26 5 20
26 6 38
26 7 2
26 8 7
26 9 11
26 10 34
26 11 29
26 12 26
26 13 13
26 14 19
26 15 35
26 16 9
26 17 33
26 18 24
26 19 17
26 20 9
26 21 13
26 22 26
26 23 25
26 24 23
26 25 29
27 0 15
27 1 15
27 2 14
27 3 35
27 4 17
27 5 31
27 6 21
27 7 8
27 8 7
27 9 24
27 10 36
27 11 25
27 12 19
27 13 3
27 14 21
27 15 33
27 16 10
27 17 27
27 18 8
27 19 12
27 20 15
27 21 18
27 22 7
27 23 17
27 24 9
27 25 10
27 26 34
28 0 25
28 1 20
28 2 25
28 3 3
28 4 12
28 5 23
28 6 2
28 7 8
28 8 10
28 9 20
28 10 14
28 11 29
28 12 18
28 13 35
28 14 7
28 15 18
28 16 22
28 17 3
28 18 8
28 19 13
28 20 32
28 21 22
28 22 37
28 23 16
28 24 26
28 25 7
28 26 5
28 27 21
29 0 25
29 1 7
29 2 36
29 3 12
29 4 15
29 5 11
29 6 26
29 7 7
29 8 13
29 9 15
29 10 26
29 11 30
29 12 5
29 13 14
29 14 26
29 15 39
29 16 22
29 17 17
29 18 16
29 19 4
29 20 39
29 21 30
29 22 31
29 23 9
29 24 17
29 25 11
29 26 23
29 27 25
29 28 27
30 0 36
30 1 22
30 2 9
30 3 9
30 4 7
30 5 18
30 6 18
30 7 24
30 8 34
30 9 6
30 10 2
30 11 2
30 12 1
30 13 12
30 14 7
30 15 33
30 16 19
30 17 30
30 18 36
30 19 7
30 20 4
30 21 34
30 22 2
30 23 13
30 24 34
30 25 21
30 26 27
30 27 12
30 28 20
30 29 14
31 0 8
31 1 31
31 2 7
31 3 17
31 4 15
31 5 10
31 6 10
31 7 25
31 8 4
31 9 1
31 10 25
31 11 14
31 12 16
31 13 34
31 14 27
31 15 2
31 16 9
31 17 36
31 18 2
31 19 7
31 20 1
31 21 10
31 22 29
31 23 14
31 24 39
31 25 21
31 26 17
31 27 17
31 28 23
31 29 8
31 30 25
32 0 17
32 1 29
32 2 19
32 3 13
32 4 16
32 5 33
32 6 2
32 7 11
32 8 39
32 9 8
32 10 36
32 11 38
32 12 5
32 13 2
32 14 16
32 15 1
32 16 35
32 17 31
32 18 31
32 19 10
32 20 37
32 21 11
32 22 33
32 23 12
32 24 32
32 25 20
32 26 5
32 27 28
32 28 21
32 29 18
32 30 2
32 31 24
33 0 16
33 1 27
33 2 9
33 3 1
33 4 39
33 5 18
33 6 35
33 7 10
33 8 25
33 9 13
33 10 36
33 11 22
33 12 2
33 13 6
33 14 14
33 15 14
33 16 28
33 17 8
33 18 36
33 19 33
33 20 13
33 21 15
33 22 3
33 23 1
33 24 11
33 25 21
33 26 38
33 27 21
33 28 2
33 29 39
33 30 29
33 31 15
33 32 5
34 0 26
34 1 14
34 2 22
34 3 21
34 4 25
34 5 6
34 6 31
34 7 9
34 8 6
34 9 6
34 10 37
34 11 4
34 12 28
34 13 13
34 14 13
34 15 5
34 16 27
34 17 21
34 18 12
34 19 35
34 20 8
34 21 38
34 22 38
34 23 28
34 24 28
34 25 10
34 26 25
34 27 3
34 28 15
34 29 4
34 30 9
34 31 27
34 32 33
34 33 2
35 0 15
35 1 1
35 2 24
35 3 4
35 4 21
35 5 33
35 6 26
35 7 34
35 8 29
35 9 30
35 10 1
35 11 34
35 12 4
35 13 15
35 14 29
35 15 26
35 16 21
35 17 12
35 18 8
35 19 19
35 20 18
35 21 2
35 22 34
35 23 17
35 24 8
35 25 24
35 26 30
35 27 33
35 28 13
35 29 10
35 30 14
35 31 3
35 32 13
35 33 3
35 34 35
36 0 29
36 1 20
36 2 35
36 3 30
36 4 25
36 5 8
36 6 30
36 7 36
36 8 10
36 9 34
36 10 12
36 11 21
36 12 36
36 13 39
36 14 13
36 15 33
36 16 11
36 17 12
36 18 37
36 19 12
36 20 1
36 21 7
36 22 15
36 23 24
36 24 14
36 25 1
36 26 39
36 27 32
36 28 37
36 29 8
36 30 29
36 31 28
36 32 35
36 33 21
36 34 1
36 35 23
37 0 38
37 1 23
37 2 5
37 3 15
37 4 20
37 5 9
37 6 7
37 7 16
37 8 21
37 9 14
37 10 26
37 11 38
37 12 27
37 13 18
37 14 28
37 15 12
37 16 24
37 17 26
37 18 35
37 19 8
37 20 27
37 21 10
37 22 2
37 23 21
37 24 21
37 25 1
37 26 23
37 27 17
37 28 37
37 29 27
37 30 1
37 31 35
37 32 17
37 33 20
37 34 38
37 35 29
37 36 8
38 0 24
38 1 26
38 2 3
38 3 6
38 4 26
38 5 33
38 6 9
38 7 24
38 8 9
38 9 14
38 10 20
38 11 28
38 12 16
38 13 6
38 14 34
38 15 19
38 16 3
38 17 14
38 18 5
38 19 10
38 20 22
38 21 16
38 22 32
38 23 30
38 24 26
38 25 29
38 26 22
38 27 20
38 28 16
38 29 17
38 30 11
38 31 17
38 32 27
38 33 28
38 34 11
38 35 32
38 36 38
38 37 6
39 0 18
39 1 18
39 2 30
39 3 12
39 4 12
39 5 26
39 6 6
39 7 27
39 8 22
39 9 30
39 10 33
39 11 23
39 12 29
39 13 29
39 14 26
39 15 9
39 16 26
39 17 29
39 18 7
39 19 39
39 20 33
39 21 15
39 22 36
39 23 26
39 24 18
39 25 29
39 26 28
39 27 17
39 28 1
39 29 31
39 30 22
39 31 25
39 32 7
39 33 1
39 34 17
39 35 18
39 36 10
39 37 23
39 38 1
40 0 16
40 1 9
40 2 39
40 3 33
40 4 1
40 5 23
40 6 35
40 7 28
40 8 10
40 9 1
40 10 22
40 11 13
40 12 17
40 13 38
40 14 1
40 15 12
40 16 24
40 17 19
40 18 35
40 19 2
40 20 2
40 21 1
40 22 23
40 23 19
40 24 34
40 25 34
40 26 14
40 27 12
40 28 39
40 29 19
40 30 9
40 31 39
40 32 22
40 33 6
40 34 32
40 35 22
40 36 20
40 37 11
40 38 30
40 39 1
41 0 26
41 1 26
41 2 6
41 3 8
41 4 20
41 5 13
41 6 39
41 7 32
41 8 1
41 9 24
41 10 37
41 11 18
41 12 31
41 13 7
41 14 30
41 15 36
41 16 34
41 17 18
41 18 29
41 19 16
41 20 14
41 21 4
41 22 36
41 23 11
41 24 23
41 25 14
41 26 6
41 27 7
41 28 15
41 29 10
41 30 17
41 31 7
41 32 23
41 33 21
41 34 23
41 35 38
41 36 13
41 37 2
41 38 14
41 39 8
41 40 10
42 0 22
42 1 4
42 2 21
42 3 28
42 4 32
42 5 34
42 6 20
42 7 3
42 8 28
42 9 22
42 10 11
42 11 2
42 12 24
42 13 17
42 14 25
42 15 3
42 16 5
42 17 35
42 18 33
42 19 10
42 20 8
42 21 36
42 22 22
42 23 1
42 24 3
42 25 1
42 26 24
42 27 24
42 28 16
42 29 22
42 30 36
42 31 11
42 32 37
42 33 22
42 34 9
42 35 32
42 36 13
42 37 14
42 38 34
42 39 11
42 40 25
42 41 7
