25
1 0 5
2 0 10
2 1 30
3 0 29
3 1 13
3 2 39
4 0 25
4 1 32
4 2 32
4 3 46
5 0 5
5 1 16
5 2 44
5 3 26
5 4 28
6 0 48
6 1 51
6 2 23
6 3 39
6 4 4
6 5 40
7 0 50
7 1 42
7 2 25
7 3 29
7 4 40
7 5 34
7 6 4
8 0 21
8 1 17
8 2 5
8 3 51
8 4 17
8 5 16
8 6 10
8 7 29
9 0 42
9 1 47
9 2 17
9 3 12
9 4 13
9 5 33
9 6 22
9 7 44
9 8 42
10 0 39
10 1 21
10 2 12
10 3 47
10 4 24
10 5 32
10 6 14
10 7 4
10 8 34
10 9 5
11 0 35
11 1 18
11 2 27
11 3 23
11 4 33
11 5 10
11 6 27
11 7 5
11 8 6
11 9 21
11 10 37
12 0 15
12 1 36
12 2 48
12 3 3
12 4 22
12 5 10
12 6 10
12 7 15
12 8 22
12 9 5
12 10 27
12 11 42
13 0 39
13 1 47
13 2 48
13 3 14
13 4 12
13 5 12
13 6 43
13 7 42
13 8 8
13 9 2
13 10 3
13 11 35
13 12 51
14 0 41
14 1 42
14 2 3
14 3 40
14 4 49
14 5 37
14 6 19
14 7 6
14 8 8
14 9 42
14 10 50
14 11 2
14 12 16
14 13 22
15 0 21
15 1 40
15 2 5
15 3 7
15 4 41
15 5 27
15 6 45
15 7 9
15 8 6
15 9 51
15 10 47
15 11 18
15 12 27
15 13 29
15 14 50
16 0 35
16 1 37
16 2 4
16 3 35
16 4 3
16 5 7
16 6 30
16 7 24
16 8 6
16 9 28
16 10 29
16 11 32
16 12 17
16 13 14
16 14 44
16 15 6
17 0 49
17 1 1
17 2 30
17 3 50
17 4 23
17 5 8
17 6 19
17 7 28
17 8 16
17 9 49
17 10 28
17 11 40
17 12 27
17 13 1
17 14 46
17 15 27
17 16 15
18 0 45
18 1 23
18 2 15
18 3 17
18 4 36
18 5 5
18 6 3
18 7 6
18 8 25
18 9 17
18 10 12
18 11 1
18 12 47
18 13 4
18 14 26
18 15 50
18 16 12
18 17 27
19 0 29
19 1 5
19 2 24
19 3 38
19 4 33
19 5 34
19 6 51
19 7 46
19 8 21
19 9 7
19 10 12
19 11 41
19 12 46
19 13 10
19 14 44
19 15 50
19 16 10
19 17 49
19 18 9
20 0 22
20 1 11
20 2 49
20 3 4
20 4 1
20 5 47
20 6 21
20 7 2
20 8 30
20 9 20
20 10 47
20 11 2
20 12 50
20 13 4
20 14 32
20 15 6
20 16 5
20 17 46
20 18 23
20 19 22
21 0 29
21 1 8
21 2 49
21 3 29
21 4 11
21 5 7
21 6 3
21 7 26
21 8 44
21 9 5
21 10 15
21 11 50
21 12 11
21 13 13
21 14 41
21 15 23
21 16 16
21 17 17
21 18 3
21 19 23
21 20 11
22 0 21
22 1 38
22 2 40
22 3 13
22 4 34
22 5 38
22 6 41
22 7 2
22 8 31
22 9 44
22 10 2
22 11 36
22 12 40
22 13 47
22 14 23
22 15 29
22 16 41
22 17 5
22 18 23
22 19 39
22 20 30
22 21 45
23 0 16
23 1 42
23 2 43
23 3 48
23 4 36
23 5 8
23 6 17
23 7 40
23 8 18
23 9 37
23 10 25
23 11 51
23 12 50
23 13 33
23 14 12
23 15 18
23 16 18
23 17 26
23 18 15
23 19 13
23 20 45
23 21 18
23 22 8
24 0 11
24 1 3
24 2 41
24 3 35
24 4 13
24 5 35
24 6 48
24 7 40
24 8 30
24 9 37
24 10 26
24 11 42
24 12 42
24 13 27
24 14 47
24 15 36
24 16 37
24 17 2
24 18 4
24 19 30
24 20 51
24 21 44
24 22 34
24 23 51
