63
1 0 28
2 0 29
2 1 6
3 0 18
3 1 6
3 2 5
4 0 21
4 1 13
4 2 16
4 3 12
5 0 28
5 1 8
5 2 10
5 3 26
5 4 4
6 0 29
6 1 9
6 2 6
6 3 16
6 4 27
6 5 1
7 0 7
7 1 24
7 2 28
7 3 27
7 4 26
7 5 15
7 6 12
8 0 5
8 1 12
8 2 27
8 3 29
8 4 19
8 5 5
8 6 1
8 7 4
9 0 12
9 1 29
9 2 29
9 3 5
9 4 7
9 5 24
9 6 7
9 7 18
9 8 21
10 0 1
10 1 19
10 2 14
10 3 11
10 4 13
10 5 12
10 6 7
10 7 29
10 8 19
10 9 10
11 0 19
11 1 13
11 2 12
11 3 16
11 4 2
11 5 4
11 6 8
11 7 20
11 8 15
11 9 4
11 10 17
12 0 18
12 1 28
12 2 28
12 3 5
12 4 28
12 5 11
12 6 25
12 7 9
12 8 8
12 9 14
12 10 19
12 11 28
13 0 2
13 1 9
13 2 7
13 3 6
13 4 4
13 5 11
13 6 5
13 7 15
13 8 14
13 9 8
13 10 14
13 11 1
13 12 24
14 0 20
14 1 27
14 2 11
14 3 29
14 4 29
14 5 22
14 6 12
14 7 9
14 8 17
14 9 19
14 10 24
14 11 10
14 12 3
14 13 13
15 0 29
15 1 25
15 2 19
15 3 15
15 4 26
15 5 12
15 6 16
15 7 10
15 8 3
15 9 25
15 10 29
15 11 8
15 12 1
15 13 18
15 14 17
16 0 25
16 1 17
16 2 24
16 3 20
16 4 24
16 5 15
16 6 22
16 7 1
16 8 1
16 9 25
16 10 4
16 11 10
16 12 21
16 13 22
16 14 27
16 15 25
17 0 21
17 1 20
17 2 10
17 3 21
17 4 3
17 5 29
17 6 4
17 7 7
17 8 12
17 9 29
17 10 29
17 11 13
17 12 17
17 13 9
17 14 22
17 15 27
17 16 9
18 0 29
18 1 4
18 2 3
18 3 20
18 4 25
18 5 21
18 6 6
18 7 29
18 8 24
18 9 9
18 10 1
18 11 28
18 12 5
18 13 22
18 14 20
18 15 15
18 16 15
18 17 26
19 0 18
19 1 24
19 2 2
19 3 6
19 4 10
19 5 24
19 6 29
19 7 18
19 8 17
19 9 2
19 10 12
19 11 22
19 12 28
19 13 22
19 14 28
19 15 24
19 16 12
19 17 5
19 18 15
20 0 26
20 1 21
20 2 12
20 3 19
20 4 3
20 5 25
20 6 4
20 7 17
20 8 13
20 9 23
20 10 26
20 11 27
20 12 24
20 13 20
20 14 3
20 15 8
20 16 16
20 17 12
20 18 23
20 19 1
21 0 20
21 1 11
21 2 21
21 3 26
21 4 23
21 5 8
21 6 16
21 7 22
21 8 20
21 9 6
21 10 28
21 11 14
21 12 26
21 13 12
21 14 29
21 15 2
21 16 15
21 17 4
21 18 2
21 19 12
21 20 13
22 0 8
22 1 17
22 2 7
22 3 22
22 4 8
22 5 18
22 6 2
22 7 6
22 8 13
22 9 19
22 10 20
22 11 14
22 12 25
22 13 25
22 14 23
22 15 14
22 16 15
22 17 23
22 18 1
22 19 16
22 20 29
22 21 8
23 0 8
23 1 3
23 2 11
23 3 24
23 4 23
23 5 10
23 6 2
23 7 4
23 8 28
23 9 11
23 10 1
23 11 2
23 12 18
23 13 1
23 14 16
23 15 17
23 16 23
23 17 21
23 18 17
23 19 7
23 20 2
23 21 20
23 22 24
24 0 14
24 1 9
24 2 7
24 3 22
24 4 16
24 5 16
24 6 18
24 7 2
24 8 27
24 9 24
24 10 29
24 11 22
24 12 16
24 13 12
24 14 14
24 15 13
24 16 13
24 17 29
24 18 7
24 19 13
24 20 4
24 21 21
24 22 27
24 23 11
25 0 28
25 1 19
25 2 9
25 3 27
25 4 3
25 5 12
25 6 21
25 7 19
25 8 10
25 9 17
25 10 14
25 11 19
25 12 6
25 13 3
25 14 16
25 15 8
25 16 18
25 17 7
25 18 12
25 19 18
25 20 20
25 21 4
25 22 9
25 23 20
25 24 3
26 0 23
26 1 22
26 2 7
26 3 24
26 4 17
26 5 29
26 6 27
26 7 27
26 8 9
26 9 9
26 10 12
26 11 22
26 12 3
26 13 5
26 14 3
26 15 14
26 16 16
26 17 29
26 18 28
26 19 22
26 20 4
26 21 29
26 22 18
26 23 12
26 24 14
26 25 25
27 0 18
27 1 24
27 2 18
27 3 24
27 4 9
27 5 15
27 6 16
27 7 18
27 8 7
27 9 2
27 10 7
27 11 6
27 12 18
27 13 25
27 14 23
27 15 7
27 16 12
27 17 29
27 18 8
27 19 25
27 20 28
27 21 7
27 22 18
27 23 7
27 24 13
27 25 28
27 26 17
28 0 22
28 1 10
28 2 24
28 3 10
28 4 23
28 5 25
28 6 1
28 7 19
28 8 1
28 9 27
28 10 19
28 11 17
28 12 22
28 13 3
28 14 19
28 15 22
28 16 12
28 17 25
28 18 27
28 19 8
28 20 7
28 21 19
28 22 8
28 23 16
28 24 7
28 25 2
28 26 25
28 27 14
29 0 14
29 1 18
29 2 22
29 3 18
29 4 27
29 5 13
29 6 4
29 7 29
29 8 26
29 9 18
29 10 4
29 11 2
29 12 5
29 13 26
29 14 13
29 15 22
29 16 19
29 17 3
29 18 21
29 19 20
29 20 15
29 21 20
29 22 6
29 23 21
29 24 11
29 25 28
29 26 23
29 27 3
29 28 21
30 0 23
30 1 12
30 2 28
30 3 6
30 4 16
30 5 16
30 6 18
30 7 15
30 8 16
30 9 21
30 10 1
30 11 10
30 12 7
30 13 25
30 14 10
30 15 1
30 16 6
30 17 25
30 18 14
30 19 18
30 20 2
30 21 27
30 22 6
30 23 21
30 24 24
30 25 28
30 26 26
30 27 21
30 28 1
30 29 25
31 0 2
31 1 22
31 2 5
31 3 10
31 4 22
31 5 10
31 6 18
31 7 11
31 8 18
31 9 11
31 10 23
31 11 10
31 12 28
31 13 1
31 14 20
31 15 7
31 16 16
31 17 8
31 18 6
31 19 9
31 20 12
31 21 2
31 22 25
31 23 23
31 24 18
31 25 27
31 26 6
31 27 28
31 28 26
31 29 26
31 30 7
32 0 8
32 1 17
32 2 12
32 3 9
32 4 21
32 5 4
32 6 18
32 7 9
32 8 8
32 9 12
32 10 20
32 11 12
32 12 12
32 13 6
32 14 29
32 15 18
32 16 25
32 17 5
32 18 15
32 19 10
32 20 29
32 21 7
32 22 23
32 23 15
32 24 28
32 25 9
32 26 27
32 27 25
32 28 23
32 29 4
32 30 5
32 31 10
33 0 15
33 1 16
33 2 11
33 3 13
33 4 10
33 5 26
33 6 20
33 7 28
33 8 15
33 9 3
33 10 6
33 11 19
33 12 5
33 13 25
33 14 18
33 15 28
33 16 2
33 17 17
33 18 26
33 19 1
33 20 1
33 21 13
33 22 6
33 23 21
33 24 14
33 25 10
33 26 22
33 27 20
33 28 1
33 29 29
33 30 22
33 31 11
33 32 29
34 0 7
34 1 13
34 2 19
34 3 7
34 4 28
34 5 18
34 6 20
34 7 29
34 8 1
34 9 15
34 10 17
34 11 4
34 12 9
34 13 25
34 14 22
34 15 13
34 16 7
34 17 3
34 18 12
34 19 24
34 20 4
34 21 22
34 22 23
34 23 29
34 24 13
34 25 26
34 26 9
34 27 19
34 28 20
34 29 6
34 30 10
34 31 11
34 32 8
34 33 18
35 0 16
35 1 22
35 2 10
35 3 29
35 4 25
35 5 9
35 6 13
35 7 9
35 8 22
35 9 10
35 10 7
35 11 17
35 12 27
35 13 26
35 14 3
35 15 26
35 16 3
35 17 10
35 18 25
35 19 1
35 20 9
35 21 7
35 22 21
35 23 16
35 24 21
35 25 7
35 26 28
35 27 18
35 28 1
35 29 25
35 30 8
35 31 17
35 32 4
35 33 2
35 34 20
36 0 9
36 1 8
36 2 7
36 3 13
36 4 20
36 5 1
36 6 14
36 7 7
36 8 26
36 9 2
36 10 27
36 11 20
36 12 3
36 13 27
36 14 11
36 15 6
36 16 5
36 17 1
36 18 3
36 19 10
36 20 1
36 21 3
36 22 8
36 23 27
36 24 25
36 25 24
36 26 15
36 27 22
36 28 23
36 29 17
36 30 5
36 31 10
36 32 4
36 33 17
36 34 28
36 35 16
37 0 13
37 1 13
37 2 10
37 3 18
37 4 9
37 5 7
37 6 5
37 7 19
37 8 6
37 9 25
37 10 25
37 11 24
37 12 4
37 13 17
37 14 1
37 15 11
37 16 27
37 17 21
37 18 13
37 19 26
37 20 27
37 21 12
37 22 12
37 23 23
37 24 26
37 25 2
37 26 12
37 27 25
37 28 15
37 29 10
37 30 8
37 31 19
37 32 10
37 33 25
37 34 3
37 35 9
37 36 4
38 0 22
38 1 11
38 2 20
38 3 9
38 4 18
38 5 2
38 6 29
38 7 25
38 8 9
38 9 9
38 10 21
38 11 14
38 12 16
38 13 25
38 14 2
38 15 6
38 16 17
38 17 2
38 18 25
38 19 28
38 20 12
38 21 19
38 22 1
38 23 8
38 24 18
38 25 26
38 26 19
38 27 11
38 28 25
38 29 13
38 30 13
38 31 20
38 32 26
38 33 23
38 34 7
38 35 22
38 36 18
38 37 29
39 0 16
39 1 22
39 2 28
39 3 7
39 4 18
39 5 23
39 6 5
39 7 12
39 8 8
39 9 24
39 10 5
39 11 19
39 12 18
39 13 23
39 14 27
39 15 17
39 16 12
39 17 2
39 18 23
39 19 26
39 20 13
39 21 2
39 22 12
39 23 29
39 24 11
39 25 18
39 26 23
39 27 16
39 28 12
39 29 4
39 30 19
39 31 17
39 32 19
39 33 21
39 34 17
39 35 17
39 36 18
39 37 4
39 38 13
40 0 2
40 1 27
40 2 22
40 3 15
40 4 8
40 5 21
40 6 4
40 7 9
40 8 28
40 9 11
40 10 29
40 11 14
40 12 20
40 13 13
40 14 22
40 15 22
40 16 16
40 17 8
40 18 4
40 19 4
40 20 24
40 21 17
40 22 20
40 23 17
40 24 1
40 25 13
40 26 20
40 27 6
40 28 18
40 29 10
40 30 6
40 31 12
40 32 28
40 33 19
40 34 8
40 35 16
40 36 5
40 37 14
40 38 29
40 39 6
41 0 29
41 1 19
41 2 18
41 3 4
41 4 18
41 5 17
41 6 25
41 7 5
41 8 9
41 9 25
41 10 10
41 11 28
41 12 3
41 13 6
41 14 15
41 15 11
41 16 1
41 17 28
41 18 22
41 19 20
41 20 21
41 21 5
41 22 14
41 23 29
41 24 29
41 25 5
41 26 5
41 27 12
41 28 8
41 29 23
41 30 29
41 31 7
41 32 13
41 33 8
41 34 10
41 35 28
41 36 2
41 37 29
41 38 6
41 39 20
41 40 9
42 0 14
42 1 16
42 2 13
42 3 18
42 4 22
42 5 29
42 6 20
42 7 3
42 8 27
42 9 14
42 10 15
42 11 10
42 12 5
42 13 11
42 14 24
42 15 24
42 16 27
42 17 28
42 18 8
42 19 2
42 20 23
42 21 15
42 22 15
42 23 4
42 24 7
42 25 21
42 26 17
42 27 20
42 28 23
42 29 6
42 30 27
42 31 13
42 32 16
42 33 12
42 34 22
42 35 12
42 36 10
42 37 28
42 38 19
42 39 25
42 40 11
42 41 4
43 0 12
43 1 15
43 2 22
43 3 21
43 4 27
43 5 9
43 6 4
43 7 10
43 8 3
43 9 9
43 10 22
43 11 4
43 12 20
43 13 29
43 14 11
43 15 18
43 16 26
43 17 25
43 18 26
43 19 7
43 20 24
43 21 3
43 22 16
43 23 10
43 24 18
43 25 24
43 26 15
43 27 27
43 28 21
43 29 6
43 30 17
43 31 5
43 32 12
43 33 28
43 34 13
43 35 23
43 36 19
43 37 20
43 38 7
43 39 9
43 40 16
43 41 29
43 42 23
44 0 21
44 1 14
44 2 17
44 3 4
44 4 21
44 5 26
44 6 25
44 7 20
44 8 27
44 9 16
44 10 1
44 11 22
44 12 22
44 13 13
44 14 19
44 15 5
44 16 15
44 17 15
44 18 23
44 19 25
44 20 5
44 21 10
44 22 16
44 23 23
44 24 23
44 25 10
44 26 1
44 27 27
44 28 15
44 29 16
44 30 21
44 31 20
44 32 27
44 33 21
44 34 4
44 35 9
44 36 16
44 37 10
44 38 5
44 39 1
44 40 10
44 41 4
44 42 29
44 43 27
45 0 11
45 1 21
45 2 13
45 3 4
45 4 20
45 5 11
45 6 4
45 7 4
45 8 14
45 9 25
45 10 14
45 11 2
45 12 1
45 13 6
45 14 8
45 15 25
45 16 15
45 17 6
45 18 2
45 19 17
45 20 8
45 21 26
45 22 1
45 23 22
45 24 28
45 25 17
45 26 20
45 27 23
45 28 12
45 29 8
45 30 25
45 31 8
45 32 13
45 33 2
45 34 23
45 35 4
45 36 26
45 37 11
45 38 28
45 39 1
45 40 7
45 41 1
45 42 14
45 43 1
45 44 8
46 0 26
46 1 21
46 2 11
46 3 3
46 4 17
46 5 22
46 6 26
46 7 16
46 8 2
46 9 28
46 10 13
46 11 7
46 12 12
46 13 4
46 14 23
46 15 28
46 16 5
46 17 25
46 18 1
46 19 3
46 20 29
46 21 18
46 22 12
46 23 16
46 24 2
46 25 16
46 26 11
46 27 23
46 28 7
46 29 7
46 30 21
46 31 27
46 32 18
46 33 5
46 34 11
46 35 14
46 36 14
46 37 1
46 38 29
46 39 3
46 40 16
46 41 8
46 42 25
46 43 17
46 44 21
46 45 8
47 0 16
47 1 11
47 2 10
47 3 29
47 4 12
47 5 15
47 6 15
47 7 15
47 8 20
47 9 7
47 10 2
47 11 25
47 12 4
47 13 27
47 14 26
47 15 20
47 16 8
47 17 13
47 18 18
47 19 11
47 20 1
47 21 22
47 22 5
47 23 23
47 24 1
47 25 29
47 26 26
47 27 6
47 28 2
47 29 5
47 30 12
47 31 4
47 32 1
47 33 13
47 34 9
47 35 7
47 36 7
47 37 12
47 38 1
47 39 27
47 40 21
47 41 27
47 42 3
47 43 28
47 44 6
47 45 2
47 46 8
48 0 3
48 1 19
48 2 14
48 3 3
48 4 2
48 5 18
48 6 27
48 7 5
48 8 2
48 9 20
48 10 15
48 11 12
48 12 5
48 13 13
48 14 18
48 15 2
48 16 13
48 17 11
48 18 2
48 19 11
48 20 21
48 21 26
48 22 1
48 23 8
48 24 12
48 25 9
48 26 10
48 27 18
48 28 7
48 29 1
48 30 24
48 31 7
48 32 17
48 33 16
48 34 8
48 35 29
48 36 14
48 37 6
48 38 13
48 39 5
48 40 5
48 41 1
48 42 4
48 43 2
48 44 3
48 45 11
48 46 5
48 47 23
49 0 20
49 1 26
49 2 3
49 3 16
49 4 9
49 5 28
49 6 20
49 7 21
49 8 3
49 9 27
49 10 5
49 11 17
49 12 21
49 13 18
49 14 27
49 15 2
49 16 7
49 17 27
49 18 26
49 19 21
49 20 15
49 21 17
49 22 9
49 23 18
49 24 29
49 25 4
49 26 2
49 27 11
49 28 20
49 29 2
49 30 29
49 31 29
49 32 19
49 33 17
49 34 3
49 35 4
49 36 15
49 37 2
49 38 27
49 39 21
49 40 22
49 41 16
49 42 15
49 43 12
49 44 8
49 45 4
49 46 22
49 47 7
49 48 13
50 0 2
50 1 13
50 2 29
50 3 29
50 4 27
50 5 11
50 6 17
50 7 9
50 8 2
50 9 15
50 10 29
50 11 17
50 12 11
50 13 14
50 14 3
50 15 13
50 16 2
50 17 5
50 18 19
50 19 3
50 20 17
50 21 25
50 22 3
50 23 6
50 24 15
50 25 25
50 26 15
50 27 29
50 28 23
50 29 16
50 30 5
50 31 7
50 32 4
50 33 15
50 34 16
50 35 2
50 36 18
50 37 22
50 38 17
50 39 2
50 40 15
50 41 21
50 42 17
50 43 26
50 44 15
50 45 14
50 46 15
50 47 29
50 48 11
50 49 16
51 0 15
51 1 3
51 2 17
51 3 10
51 4 29
51 5 17
51 6 2
51 7 19
51 8 8
51 9 14
51 10 16
51 11 19
51 12 1
51 13 14
51 14 5
51 15 8
51 16 1
51 17 10
51 18 29
51 19 27
51 20 10
51 21 19
51 22 19
51 23 18
51 24 19
51 25 5
51 26 26
51 27 20
51 28 4
51 29 6
51 30 18
51 31 23
51 32 29
51 33 8
51 34 13
51 35 10
51 36 17
51 37 18
51 38 14
51 39 14
51 40 19
51 41 26
51 42 27
51 43 25
51 44 15
51 45 4
51 46 19
51 47 26
51 48 19
51 49 8
51 50 5
52 0 7
52 1 14
52 2 4
52 3 27
52 4 21
52 5 5
52 6 27
52 7 27
52 8 23
52 9 9
52 10 8
52 11 26
52 12 28
52 13 22
52 14 11
52 15 21
52 16 6
52 17 27
52 18 25
52 19 14
52 20 7
52 21 6
52 22 19
52 23 26
52 24 16
52 25 17
52 26 22
52 27 13
52 28 23
52 29 29
52 30 12
52 31 25
52 32 25
52 33 13
52 34 18
52 35 20
52 36 20
52 37 16
52 38 25
52 39 20
52 40 24
52 41 19
52 42 29
52 43 29
52 44 3
52 45 22
52 46 8
52 47 26
52 48 29
52 49 23
52 50 28
52 51 10
53 0 19
53 1 18
53 2 8
53 3 12
53 4 7
53 5 10
53 6 12
53 7 13
53 8 25
53 9 27
53 10 18
53 11 1
53 12 12
53 13 4
53 14 16
53 15 6
53 16 15
53 17 9
53 18 2
53 19 25
53 20 12
53 21 21
53 22 28
53 23 7
53 24 9
53 25 4
53 26 14
53 27 5
53 28 19
53 29 7
53 30 4
53 31 14
53 32 8
53 33 18
53 34 29
53 35 13
53 36 18
53 37 21
53 38 8
53 39 16
53 40 22
53 41 6
53 42 15
53 43 23
53 44 2
53 45 25
53 46 23
53 47 7
53 48 23
53 49 26
53 50 12
53 51 10
53 52 5
54 0 22
54 1 27
54 2 5
54 3 4
54 4 23
54 5 7
54 6 8
54 7 9
54 8 18
54 9 5
54 10 8
54 11 2
54 12 23
54 13 25
54 14 20
54 15 26
54 16 11
54 17 23
54 18 6
54 19 9
54 20 10
54 21 17
54 22 5
54 23 23
54 24 27
54 25 5
54 26 28
54 27 29
54 28 11
54 29 20
54 30 6
54 31 23
54 32 19
54 33 2
54 34 12
54 35 27
54 36 9
54 37 24
54 38 4
54 39 19
54 40 8
54 41 26
54 42 24
54 43 11
54 44 8
54 45 1
54 46 5
54 47 4
54 48 9
54 49 28
54 50 11
54 51 17
54 52 13
54 53 16
55 0 23
55 1 22
55 2 18
55 3 18
55 4 20
55 5 24
55 6 10
55 7 1
55 8 9
55 9 15
55 10 15
55 11 8
55 12 13
55 13 27
55 14 18
55 15 29
55 16 25
55 17 4
55 18 8
55 19 11
55 20 25
55 21 13
55 22 15
55 23 6
55 24 9
55 25 14
55 26 21
55 27 18
55 28 8
55 29 10
55 30 23
55 31 18
55 32 23
55 33 15
55 34 23
55 35 14
55 36 19
55 37 10
55 38 20
55 39 5
55 40 7
55 41 7
55 42 20
55 43 11
55 44 10
55 45 20
55 46 29
55 47 29
55 48 9
55 49 8
55 50 7
55 51 9
55 52 9
55 53 18
55 54 5
56 0 19
56 1 15
56 2 15
56 3 27
56 4 19
56 5 1
56 6 9
56 7 26
56 8 23
56 9 15
56 10 11
56 11 22
56 12 21
56 13 24
56 14 14
56 15 7
56 16 18
56 17 27
56 18 27
56 19 8
56 20 15
56 21 17
56 22 11
56 23 15
56 24 3
56 25 29
56 26 26
56 27 5
56 28 4
56 29 9
56 30 18
56 31 25
56 32 22
56 33 29
56 34 12
56 35 25
56 36 14
56 37 19
56 38 10
56 39 2
56 40 3
56 41 11
56 42 16
56 43 2
56 44 11
56 45 16
56 46 1
56 47 21
56 48 3
56 49 16
56 50 26
56 51 3
56 52 9
56 53 24
56 54 26
56 55 5
57 0 22
57 1 25
57 2 15
57 3 3
57 4 13
57 5 22
57 6 23
57 7 22
57 8 2
57 9 17
57 10 9
57 11 4
57 12 2
57 13 20
57 14 23
57 15 9
57 16 29
57 17 14
57 18 17
57 19 8
57 20 20
57 21 17
57 22 7
57 23 13
57 24 19
57 25 9
57 26 27
57 27 13
57 28 7
57 29 22
57 30 10
57 31 13
57 32 26
57 33 29
57 34 15
57 35 29
57 36 5
57 37 10
57 38 13
57 39 21
57 40 22
57 41 15
57 42 18
57 43 19
57 44 12
57 45 2
57 46 23
57 47 29
57 48 13
57 49 17
57 50 17
57 51 21
57 52 11
57 53 19
57 54 24
57 55 2
57 56 2
58 0 4
58 1 23
58 2 22
58 3 26
58 4 20
58 5 6
58 6 2
58 7 5
58 8 13
58 9 13
58 10 15
58 11 29
58 12 3
58 13 4
58 14 22
58 15 24
58 16 4
58 17 6
58 18 12
58 19 23
58 20 23
58 21 14
58 22 23
58 23 11
58 24 23
58 25 11
58 26 9
58 27 3
58 28 9
58 29 13
58 30 12
58 31 4
58 32 15
58 33 10
58 34 16
58 35 7
58 36 16
58 37 19
58 38 1
58 39 10
58 40 2
58 41 12
58 42 22
58 43 15
58 44 8
58 45 25
58 46 26
58 47 10
58 48 22
58 49 22
58 50 10
58 51 27
58 52 24
58 53 11
58 54 9
58 55 28
58 56 10
58 57 1
59 0 7
59 1 15
59 2 23
59 3 25
59 4 8
59 5 24
59 6 9
59 7 26
59 8 5
59 9 26
59 10 17
59 11 23
59 12 1
59 13 14
59 14 5
59 15 4
59 16 1
59 17 17
59 18 6
59 19 14
59 20 4
59 21 25
59 22 14
59 23 29
59 24 2
59 25 12
59 26 26
59 27 16
59 28 27
59 29 21
59 30 12
59 31 27
59 32 25
59 33 20
59 34 18
59 35 7
59 36 5
59 37 22
59 38 13
59 39 12
59 40 11
59 41 12
59 42 1
59 43 1
59 44 18
59 45 6
59 46 14
59 47 13
59 48 19
59 49 15
59 50 28
59 51 24
59 52 28
59 53 14
59 54 23
59 55 1
59 56 18
59 57 26
59 58 1
60 0 28
60 1 20
60 2 28
60 3 24
60 4 4
60 5 14
60 6 9
60 7 17
60 8 15
60 9 3
60 10 6
60 11 23
60 12 28
60 13 14
60 14 19
60 15 4
60 16 7
60 17 20
60 18 4
60 19 20
60 20 16
60 21 24
60 22 15
60 23 4
60 24 6
60 25 10
60 26 11
60 27 16
60 28 17
60 29 9
60 30 11
60 31 21
60 32 24
60 33 24
60 34 3
60 35 29
60 36 19
60 37 2
60 38 3
60 39 11
60 40 17
60 41 10
60 42 21
60 43 25
60 44 22
60 45 22
60 46 25
60 47 19
60 48 5
60 49 10
60 50 27
60 51 14
60 52 4
60 53 7
60 54 23
60 55 21
60 56 13
60 57 10
60 58 27
60 59 20
61 0 9
61 1 14
61 2 16
61 3 11
61 4 20
61 5 22
61 6 23
61 7 13
61 8 23
61 9 1
61 10 25
61 11 14
61 12 16
61 13 8
61 14 4
61 15 19
61 16 20
61 17 14
61 18 6
61 19 25
61 20 17
61 21 23
61 22 24
61 23 4
61 24 23
61 25 28
61 26 27
61 27 25
61 28 10
61 29 1
61 30 29
61 31 27
61 32 1
61 33 8
61 34 29
61 35 8
61 36 26
61 37 26
61 38 8
61 39 26
61 40 9
61 41 1
61 42 2
61 43 25
61 44 6
61 45 3
61 46 27
61 47 11
61 48 11
61 49 19
61 50 24
61 51 7
61 52 20
61 53 28
61 54 20
61 55 10
61 56 9
61 57 7
61 58 6
61 59 16
61 60 24
62 0 7
62 1 10
62 2 20
62 3 2
62 4 12
62 5 17
62 6 7
62 7 22
62 8 6
62 9 19
62 10 23
62 11 22
62 12 23
62 13 23
62 14 21
62 15 29
62 16 19
62 17 17
62 18 8
62 19 18
62 20 19
62 21 7
62 22 7
62 23 9
62 24 11
62 25 14
62 26 2
62 27 25
62 28 6
62 29 21
62 30 15
62 31 11
62 32 8
62 33 20
62 34 23
62 35 15
62 36 29
62 37 17
62 38 17
62 39 28
62 40 5
62 41 8
62 42 8
62 43 24
62 44 25
62 45 10
62 46 14
62 47 20
62 48 6
62 49 22
62 50 12
62 51 17
62 52 7
62 53 19
62 54 3
62 55 5
62 56 26
62 57 11
62 58 7
62 59 11
62 60 21
62 61 27
