30
3 2 5
4 0 13
4 1 22
5 0 24
5 3 11
6 3 4
6 4 6
6 5 10
7 2 25
7 5 2
8 0 30
8 2 2
8 4 13
8 5 24
8 6 11
9 5 20
10 0 26
10 1 4
10 2 5
10 3 23
10 6 3
10 7 3
10 8 19
10 9 6
11 1 22
11 5 11
11 6 27
11 7 30
11 8 27
12 2 25
12 3 14
12 4 12
12 6 28
12 8 16
12 9 22
13 1 14
13 4 5
13 5 22
13 8 24
13 9 22
13 11 10
13 12 13
14 0 1
14 2 15
14 3 6
14 5 18
14 10 12
14 12 5
15 0 19
15 7 26
15 8 26
15 9 6
15 10 28
15 12 5
15 13 28
16 0 12
16 1 23
16 2 20
16 4 20
16 5 30
16 6 29
16 9 29
16 10 4
16 15 24
17 0 21
17 1 1
17 4 29
17 8 24
17 9 16
17 11 16
17 13 15
17 15 23
18 0 23
18 1 1
18 2 11
18 4 29
18 5 4
18 8 3
18 9 6
18 12 19
18 13 21
18 14 6
18 15 10
18 16 20
18 17 28
19 2 11
19 3 11
19 4 20
19 5 8
19 6 13
19 8 17
19 10 18
19 15 17
19 17 30
19 18 22
20 0 28
20 1 29
20 2 7
20 3 3
20 6 18
20 7 4
20 9 1
20 10 7
20 11 7
20 12 17
20 15 6
20 17 10
20 19 13
21 1 1
21 6 17
21 7 7
21 8 8
21 16 4
21 17 18
21 18 26
21 19 21
21 20 3
22 0 26
22 4 7
22 5 13
22 6 19
22 7 6
22 8 2
22 10 17
22 11 6
22 14 8
22 16 6
22 17 18
22 19 18
22 20 2
22 21 30
23 1 8
23 2 28
23 6 27
23 10 4
23 12 24
23 13 20
23 14 24
23 17 15
23 19 18
24 1 6
24 3 27
24 4 20
24 5 3
24 6 5
24 7 12
24 12 25
24 16 1
24 20 24
25 1 14
25 5 7
25 7 21
25 8 6
25 9 13
25 12 14
25 14 9
25 16 25
25 17 23
25 19 26
25 20 29
25 21 8
25 23 15
25 24 24
26 2 7
26 4 21
26 5 16
26 6 5
26 9 17
26 14 6
26 15 6
26 16 1
26 17 20
26 18 6
26 19 17
26 22 29
26 23 8
26 24 23
27 0 19
27 1 6
27 2 23
27 3 21
27 6 23
27 8 10
27 10 26
27 12 4
27 21 9
28 0 19
28 2 20
28 4 25
28 7 28
28 9 11
28 10 13
28 12 9
28 14 5
28 15 1
28 19 18
28 21 14
28 22 21
28 23 10
28 24 29
28 26 21
28 27 9
29 2 10
29 3 1
29 4 7
29 6 6
29 7 8
29 10 19
29 11 16
29 12 24
29 13 7
29 14 28
29 15 6
29 18 12
29 19 29
29 21 5
29 22 21
29 23 23
29 24 6
29 25 28
29 27 29
29 28 12
