45
1 0 13
2 0 2
2 1 2
3 0 11
3 1 4
3 2 1
4 0 3
4 1 2
4 2 11
4 3 6
5 0 1
5 1 11
5 2 5
5 3 12
5 4 1
6 0 2
6 1 6
6 2 1
6 3 10
6 4 3
6 5 3
7 0 5
7 1 4
7 2 1
7 3 1
7 4 12
7 5 6
7 6 7
8 0 2
8 1 12
8 2 4
8 3 4
8 4 11
8 5 11
8 6 5
8 7 2
9 0 8
9 1 2
9 2 4
9 3 3
9 4 5
9 5 4
9 6 5
9 7 13
9 8 3
10 0 12
10 1 5
10 2 9
10 3 12
10 4 13
10 5 8
10 6 13
10 7 10
10 8 13
10 9 13
11 0 12
11 1 5
11 2 11
11 3 13
11 4 10
11 5 7
11 6 6
11 7 13
11 8 11
11 9 5
11 10 4
12 0 1
12 1 6
12 2 12
12 3 3
12 4 4
12 5 9
12 6 1
12 7 6
12 8 3
12 9 3
12 10 6
12 11 13
13 0 12
13 1 13
13 2 5
13 3 4
13 4 2
13 5 2
13 6 6
13 7 10
13 8 11
13 9 12
13 10 5
13 11 9
13 12 10
14 0 10
14 1 12
14 2 4
14 3 4
14 4 2
14 5 6
14 6 10
14 7 4
14 8 9
14 9 12
14 10 9
14 11 5
14 12 9
14 13 4
15 0 11
15 1 7
15 2 9
15 3 6
15 4 13
15 5 8
15 6 10
15 7 8
15 8 12
15 9 10
15 10 2
15 11 6
15 12 12
15 13 11
15 14 1
16 0 13
16 1 13
16 2 6
16 3 2
16 4 13
16 5 5
16 6 7
16 7 6
16 8 7
16 9 4
16 10 1
16 11 10
16 12 7
16 13 7
16 14 13
16 15 3
17 0 6
17 1 3
17 2 13
17 3 2
17 4 5
17 5 11
17 6 11
17 7 2
17 8 7
17 9 6
17 10 2
17 11 6
17 12 10
17 13 5
17 14 3
17 15 6
17 16 12
18 0 1
18 1 9
18 2 4
18 3 11
18 4 8
18 5 4
18 6 1
18 7 11
18 8 7
18 9 9
18 10 2
18 11 1
18 12 4
18 13 9
18 14 11
18 15 1
18 16 9
18 17 13
19 0 6
19 1 10
19 2 3
19 3 1
19 4 7
19 5 7
19 6 13
19 7 4
19 8 11
19 9 3
19 10 1
19 11 8
19 12 3
19 13 4
19 14 6
19 15 8
19 16 5
19 17 7
19 18 6
20 0 10
20 1 8
20 2 11
20 3 4
20 4 10
20 5 8
20 6 5
20 7 4
20 8 10
20 9 1
20 10 13
20 11 8
20 12 9
20 13 5
20 14 3
20 15 5
20 16 7
20 17 1
20 18 9
20 19 9
21 0 7
21 1 1
21 2 11
21 3 11
21 4 4
21 5 10
21 6 5
21 7 7
21 8 6
21 9 7
21 10 11
21 11 10
21 12 8
21 13 12
21 14 12
21 15 6
21 16 6
21 17 8
21 18 10
21 19 12
21 20 13
22 0 7
22 1 6
22 2 13
22 3 5
22 4 4
22 5 2
22 6 8
22 7 1
22 8 7
22 9 10
22 10 4
22 11 11
22 12 9
22 13 13
22 14 3
22 15 5
22 16 10
22 17 4
22 18 7
22 19 10
22 20 11
22 21 9
23 0 4
23 1 7
23 2 10
23 3 12
23 4 2
23 5 8
23 6 5
23 7 10
23 8 9
23 9 3
23 10 3
23 11 5
23 12 6
23 13 8
23 14 10
23 15 3
23 16 1
23 17 7
23 18 9
23 19 5
23 20 12
23 21 12
23 22 6
24 0 3
24 1 10
24 2 9
24 3 10
24 4 5
24 5 10
24 6 2
24 7 12
24 8 2
24 9 4
24 10 11
24 11 3
24 12 1
24 13 11
24 14 11
24 15 1
24 16 9
24 17 13
24 18 1
24 19 4
24 20 4
24 21 8
24 22 5
24 23 1
25 0 3
25 1 3
25 2 7
25 3 4
25 4 3
25 5 10
25 6 6
25 7 6
25 8 11
25 9 11
25 10 3
25 11 10
25 12 6
25 13 7
25 14 9
25 15 9
25 16 10
25 17 6
25 18 3
25 19 10
25 20 4
25 21 11
25 22 12
25 23 1
25 24 12
26 0 4
26 1 3
26 2 9
26 3 12
26 4 9
26 5 13
26 6 3
26 7 9
26 8 8
26 9 13
26 10 5
26 11 3
26 12 8
26 13 2
26 14 1
26 15 11
26 16 6
26 17 1
26 18 10
26 19 8
26 20 8
26 21 3
26 22 9
26 23 5
26 24 3
26 25 5
27 0 4
27 1 6
27 2 12
27 3 6
27 4 9
27 5 4
27 6 12
27 7 11
27 8 10
27 9 11
27 10 8
27 11 7
27 12 3
27 13 3
27 14 8
27 15 4
27 16 4
27 17 9
27 18 7
27 19 11
27 20 3
27 21 2
27 22 8
27 23 12
27 24 9
27 25 11
27 26 2
28 0 2
28 1 2
28 2 10
28 3 8
28 4 8
28 5 7
28 6 13
28 7 11
28 8 9
28 9 1
28 10 2
28 11 7
28 12 7
28 13 1
28 14 13
28 15 1
28 16 13
28 17 13
28 18 12
28 19 12
28 20 13
28 21 12
28 22 6
28 23 10
28 24 12
28 25 11
28 26 9
28 27 4
29 0 10
29 1 11
29 2 9
29 3 2
29 4 1
29 5 3
29 6 5
29 7 13
29 8 9
29 9 1
29 10 11
29 11 7
29 12 2
29 13 7
29 14 4
29 15 4
29 16 4
29 17 12
29 18 7
29 19 10
29 20 5
29 21 10
29 22 12
29 23 4
29 24 8
29 25 12
29 26 1
29 27 12
29 28 2
30 0 6
30 1 8
30 2 10
30 3 4
30 4 9
30 5 13
30 6 2
30 7 4
30 8 1
30 9 10
30 10 7
30 11 2
30 12 5
30 13 13
30 14 13
30 15 12
30 16 4
30 17 5
30 18 8
30 19 2
30 20 1
30 21 5
30 22 6
30 23 9
30 24 2
30 25 4
30 26 4
30 27 3
30 28 8
30 29 9
31 0 13
31 1 2
31 2 10
31 3 4
31 4 8
31 5 2
31 6 5
31 7 6
31 8 10
31 9 8
31 10 3
31 11 7
31 12 12
31 13 3
31 14 3
31 15 10
31 16 8
31 17 13
31 18 7
31 19 1
31 20 12
31 21 11
31 22 3
31 23 2
31 24 3
31 25 4
31 26 5
31 27 9
31 28 8
31 29 1
31 30 7
32 0 11
32 1 1
32 2 4
32 3 9
32 4 12
32 5 12
32 6 12
32 7 6
32 8 1
32 9 9
32 10 2
32 11 5
32 12 7
32 13 13
32 14 6
32 15 7
32 16 4
32 17 6
32 18 4
32 19 5
32 20 1
32 21 2
32 22 3
32 23 12
32 24 1
32 25 8
32 26 2
32 27 2
32 28 7
32 29 3
32 30 3
32 31 2
33 0 11
33 1 9
33 2 11
33 3 6
33 4 13
33 5 7
33 6 3
33 7 9
33 8 7
33 9 13
33 10 8
33 11 13
33 12 4
33 13 7
33 14 5
33 15 1
33 16 4
33 17 12
33 18 8
33 19 12
33 20 4
33 21 9
33 22 6
33 23 2
33 24 9
33 25 9
33 26 10
33 27 5
33 28 6
33 29 8
33 30 3
33 31 6
33 32 7
34 0 9
34 1 6
34 2 11
34 3 2
34 4 1
34 5 3
34 6 5
34 7 10
34 8 12
34 9 3
34 10 12
34 11 10
34 12 9
34 13 13
34 14 10
34 15 5
34 16 8
34 17 4
34 18 1
34 19 1
34 20 8
34 21 13
34 22 12
34 23 6
34 24 4
34 25 4
34 26 7
34 27 3
34 28 8
34 29 1
34 30 9
34 31 3
34 32 9
34 33 13
35 0 4
35 1 10
35 2 2
35 3 4
35 4 3
35 5 9
35 6 8
35 7 4
35 8 1
35 9 10
35 10 13
35 11 9
35 12 9
35 13 2
35 14 11
35 15 10
35 16 10
35 17 4
35 18 10
35 19 11
35 20 12
35 21 6
35 22 3
35 23 13
35 24 9
35 25 11
35 26 2
35 27 3
35 28 12
35 29 10
35 30 1
35 31 9
35 32 13
35 33 7
35 34 9
36 0 9
36 1 2
36 2 2
36 3 9
36 4 1
36 5 3
36 6 12
36 7 8
36 8 7
36 9 8
36 10 7
36 11 5
36 12 3
36 13 13
36 14 8
36 15 1
36 16 10
36 17 2
36 18 13
36 19 5
36 20 2
36 21 12
36 22 1
36 23 8
36 24 11
36 25 12
36 26 10
36 27 5
36 28 7
36 29 5
36 30 4
36 31 8
36 32 1
36 33 8
36 34 11
36 35 10
37 0 11
37 1 6
37 2 1
37 3 2
37 4 6
37 5 10
37 6 10
37 7 13
37 8 7
37 9 3
37 10 7
37 11 6
37 12 4
37 13 9
37 14 2
37 15 7
37 16 3
37 17 1
37 18 13
37 19 11
37 20 2
37 21 2
37 22 10
37 23 1
37 24 5
37 25 9
37 26 6
37 27 8
37 28 5
37 29 5
37 30 12
37 31 5
37 32 6
37 33 12
37 34 4
37 35 7
37 36 5
38 0 4
38 1 7
38 2 13
38 3 4
38 4 2
38 5 8
38 6 4
38 7 1
38 8 5
38 9 9
38 10 5
38 11 4
38 12 2
38 13 11
38 14 8
38 15 3
38 16 10
38 17 7
38 18 13
38 19 10
38 20 9
38 21 13
38 22 10
38 23 7
38 24 4
38 25 10
38 26 7
38 27 12
38 28 6
38 29 12
38 30 3
38 31 3
38 32 12
38 33 3
38 34 6
38 35 4
38 36 6
38 37 6
39 0 3
39 1 9
39 2 3
39 3 7
39 4 10
39 5 10
39 6 7
39 7 8
39 8 3
39 9 7
39 10 5
39 11 11
39 12 4
39 13 7
39 14 6
39 15 9
39 16 1
39 17 7
39 18 12
39 19 5
39 20 5
39 21 3
39 22 5
39 23 1
39 24 5
39 25 4
39 26 11
39 27 13
39 28 1
39 29 6
39 30 1
39 31 3
39 32 9
39 33 5
39 34 4
39 35 6
39 36 3
39 37 11
39 38 2
40 0 7
40 1 5
40 2 10
40 3 10
40 4 1
40 5 2
40 6 9
40 7 11
40 8 2
40 9 6
40 10 1
40 11 13
40 12 4
40 13 8
40 14 13
40 15 12
40 16 4
40 17 2
40 18 5
40 19 2
40 20 2
40 21 6
40 22 11
40 23 6
40 24 5
40 25 9
40 26 8
40 27 5
40 28 10
40 29 5
40 30 7
40 31 2
40 32 1
40 33 7
40 34 1
40 35 9
40 36 1
40 37 11
40 38 10
40 39 4
41 0 1
41 1 12
41 2 1
41 3 6
41 4 2
41 5 8
41 6 9
41 7 13
41 8 3
41 9 4
41 10 9
41 11 9
41 12 13
41 13 6
41 14 4
41 15 10
41 16 2
41 17 4
41 18 8
41 19 6
41 20 13
41 21 8
41 22 2
41 23 12
41 24 2
41 25 11
41 26 7
41 27 13
41 28 6
41 29 1
41 30 9
41 31 4
41 32 6
41 33 7
41 34 6
41 35 7
41 36 5
41 37 8
41 38 1
41 39 11
41 40 6
42 0 2
42 1 5
42 2 6
42 3 1
42 4 13
42 5 2
42 6 7
42 7 8
42 8 8
42 9 3
42 10 7
42 11 4
42 12 6
42 13 10
42 14 5
42 15 3
42 16 10
42 17 10
42 18 2
42 19 9
42 20 6
42 21 2
42 22 5
42 23 9
42 24 2
42 25 11
42 26 1
42 27 9
42 28 10
42 29 13
42 30 11
42 31 10
42 32 2
42 33 5
42 34 5
42 35 6
42 36 7
42 37 8
42 38 9
42 39 9
42 40 12
42 41 5
43 0 2
43 1 9
43 2 1
43 3 2
43 4 10
43 5 9
43 6 6
43 7 7
43 8 10
43 9 1
43 10 11
43 11 12
43 12 4
43 13 8
43 14 10
43 15 12
43 16 9
43 17 12
43 18 7
43 19 12
43 20 12
43 21 2
43 22 4
43 23 8
43 24 3
43 25 12
43 26 12
43 27 8
43 28 11
43 29 6
43 30 12
43 31 3
43 32 4
43 33 12
43 34 8
43 35 5
43 36 4
43 37 9
43 38 10
43 39 10
43 40 9
43 41 6
43 42 4
44 0 7
44 1 2
44 2 11
44 3 4
44 4 7
44 5 8
44 6 8
44 7 5
44 8 10
44 9 2
44 10 3
44 11 1
44 12 7
44 13 10
44 14 9
44 15 11
44 16 7
44 17 1
44 18 5
44 19 13
44 20 11
44 21 8
44 22 11
44 23 4
44 24 3
44 25 12
44 26 6
44 27 10
44 28 7
44 29 13
44 30 10
44 31 11
44 32 11
44 33 10
44 34 11
44 35 8
44 36 12
44 37 4
44 38 11
44 39 7
44 40 2
44 41 12
44 42 3
44 43 12
