60
1 0 2
2 0 5
2 1 4
3 0 14
3 1 3
3 2 7
4 0 17
4 1 4
4 2 15
4 3 6
5 0 1
5 1 17
5 2 20
5 3 4
5 4 16
6 0 4
6 1 1
6 2 14
6 3 4
6 4 3
6 5 12
7 0 8
7 1 9
7 2 15
7 3 7
7 4 17
7 5 19
7 6 1
8 0 13
8 1 13
8 2 9
8 3 16
8 4 1
8 5 9
8 6 18
8 7 10
9 0 7
9 1 8
9 2 8
9 3 13
9 4 9
9 5 17
9 6 3
9 7 7
9 8 1
10 0 3
10 1 10
10 2 17
10 3 19
10 4 15
10 5 8
10 6 10
10 7 13
10 8 15
10 9 18
11 0 16
11 1 5
11 2 16
11 3 9
11 4 10
11 5 2
11 6 1
11 7 6
11 8 3
11 9 16
11 10 19
12 0 2
12 1 11
12 2 15
12 3 9
12 4 5
12 5 5
12 6 8
12 7 1
12 8 4
12 9 9
12 10 8
12 11 6
13 0 15
13 1 20
13 2 19
13 3 1
13 4 17
13 5 19
13 6 12
13 7 14
13 8 17
13 9 1
13 10 4
13 11 14
13 12 2
14 0 11
14 1 11
14 2 4
14 3 1
14 4 11
14 5 17
14 6 9
14 7 16
14 8 1
14 9 16
14 10 4
14 11 19
14 12 12
14 13 13
15 0 3
15 1 17
15 2 17
15 3 10
15 4 17
15 5 18
15 6 17
15 7 14
15 8 18
15 9 6
15 10 6
15 11 11
15 12 3
15 13 6
15 14 16
16 0 17
16 1 10
16 2 6
16 3 4
16 4 10
16 5 3
16 6 15
16 7 17
16 8 8
16 9 12
16 10 1
16 11 11
16 12 19
16 13 3
16 14 2
16 15 3
17 0 14
17 1 13
17 2 16
17 3 20
17 4 17
17 5 17
17 6 12
17 7 12
17 8 20
17 9 1
17 10 9
17 11 17
17 12 15
17 13 14
17 14 5
17 15 7
17 16 13
18 0 3
18 1 10
18 2 12
18 3 3
18 4 5
18 5 15
18 6 3
18 7 1
18 8 6
18 9 14
18 10 4
18 11 4
18 12 6
18 13 19
18 14 14
18 15 2
18 16 15
18 17 12
19 0 14
19 1 18
19 2 11
19 3 18
19 4 19
19 5 11
19 6 7
19 7 20
19 8 15
19 9 17
19 10 18
19 11 6
19 12 11
19 13 13
19 14 17
19 15 19
19 16 5
19 17 20
19 18 18
20 0 13
20 1 5
20 2 16
20 3 3
20 4 12
20 5 4
20 6 5
20 7 6
20 8 10
20 9 18
20 10 13
20 11 11
20 12 15
20 13 8
20 14 19
20 15 14
20 16 19
20 17 6
20 18 18
20 19 2
21 0 8
21 1 8
21 2 6
21 3 18
21 4 17
21 5 7
21 6 9
21 7 12
21 8 15
21 9 13
21 10 17
21 11 15
21 12 3
21 13 20
21 14 19
21 15 17
21 16 6
21 17 5
21 18 6
21 19 19
21 20 9
22 0 8
22 1 2
22 2 15
22 3 7
22 4 11
22 5 1
22 6 4
22 7 1
22 8 11
22 9 5
22 10 6
22 11 13
22 12 18
22 13 16
22 14 12
22 15 15
22 16 17
22 17 3
22 18 10
22 19 11
22 20 8
22 21 15
23 0 3
23 1 3
23 2 13
23 3 19
23 4 13
23 5 20
23 6 20
23 7 1
23 8 12
23 9 18
23 10 9
23 11 2
23 12 17
23 13 5
23 14 4
23 15 19
23 16 5
23 17 9
23 18 19
23 19 12
23 20 4
23 21 13
23 22 9
24 0 15
24 1 3
24 2 9
24 3 20
24 4 6
24 5 7
24 6 15
24 7 20
24 8 15
24 9 13
24 10 5
24 11 8
24 12 9
24 13 14
24 14 9
24 15 6
24 16 10
24 17 14
24 18 9
24 19 8
24 20 3
24 21 13
24 22 15
24 23 5
25 0 18
25 1 19
25 2 6
25 3 3
25 4 8
25 5 14
25 6 12
25 7 14
25 8 7
25 9 10
25 10 13
25 11 20
25 12 12
25 13 17
25 14 3
25 15 17
25 16 3
25 17 3
25 18 3
25 19 13
25 20 19
25 21 10
25 22 18
25 23 14
25 24 17
26 0 19
26 1 20
26 2 15
26 3 11
26 4 12
26 5 13
26 6 17
26 7 13
26 8 13
26 9 14
26 10 20
26 11 12
26 12 15
26 13 5
26 14 6
26 15 13
26 16 11
26 17 9
26 18 11
26 19 20
26 20 1
26 21 20
26 22 19
26 23 18
26 24 14
26 25 3
27 0 9
27 1 1
27 2 3
27 3 20
27 4 18
27 5 10
27 6 18
27 7 16
27 8 19
27 9 2
27 10 5
27 11 1
27 12 18
27 13 7
27 14 5
27 15 5
27 16 7
27 17 10
27 18 12
27 19 11
27 20 1
27 21 4
27 22 16
27 23 2
27 24 5
27 25 11
27 26 16
28 0 16
28 1 5
28 2 20
28 3 11
28 4 7
28 5 1
28 6 2
28 7 3
28 8 13
28 9 1
28 10 19
28 11 4
28 12 1
28 13 11
28 14 6
28 15 13
28 16 9
28 17 9
28 18 9
28 19 14
28 20 6
28 21 7
28 22 13
28 23 11
28 24 16
28 25 11
28 26 20
28 27 12
29 0 19
29 1 5
29 2 7
29 3 4
29 4 6
29 5 19
29 6 1
29 7 15
29 8 6
29 9 2
29 10 2
29 11 5
29 12 19
29 13 7
29 14 11
29 15 4
29 16 4
29 17 14
29 18 20
29 19 14
29 20 6
29 21 19
29 22 11
29 23 9
29 24 15
29 25 16
29 26 19
29 27 1
29 28 8
30 0 11
30 1 13
30 2 9
30 3 6
30 4 7
30 5 6
30 6 18
30 7 7
30 8 19
30 9 9
30 10 8
30 11 2
30 12 2
30 13 15
30 14 8
30 15 2
30 16 2
30 17 13
30 18 5
30 19 11
30 20 12
30 21 10
30 22 14
30 23 7
30 24 18
30 25 7
30 26 17
30 27 18
30 28 13
30 29 2
31 0 2
31 1 16
31 2 5
31 3 17
31 4 17
31 5 9
31 6 14
31 7 3
31 8 11
31 9 18
31 10 6
31 11 19
31 12 6
31 13 5
31 14 19
31 15 6
31 16 15
31 17 5
31 18 11
31 19 6
31 20 20
31 21 5
31 22 17
31 23 5
31 24 11
31 25 3
31 26 20
31 27 11
31 28 7
31 29 8
31 30 5
32 0 1
32 1 19
32 2 10
32 3 17
32 4 15
32 5 3
32 6 11
32 7 17
32 8 9
32 9 5
32 10 15
32 11 12
32 12 17
32 13 4
32 14 10
32 15 6
32 16 10
32 17 6
32 18 12
32 19 18
32 20 5
32 21 1
32 22 7
32 23 15
32 24 19
32 25 7
32 26 4
32 27 16
32 28 17
32 29 3
32 30 2
32 31 19
33 0 10
33 1 3
33 2 13
33 3 16
33 4 10
33 5 8
33 6 7
33 7 12
33 8 5
33 9 18
33 10 11
33 11 8
33 12 19
33 13 1
33 14 18
33 15 14
33 16 5
33 17 3
33 18 19
33 19 20
33 20 17
33 21 2
33 22 8
33 23 18
33 24 8
33 25 13
33 26 17
33 27 19
33 28 13
33 29 13
33 30 2
33 31 8
33 32 20
34 0 5
34 1 7
34 2 8
34 3 7
34 4 8
34 5 6
34 6 19
34 7 5
34 8 12
34 9 14
34 10 10
34 11 2
34 12 15
34 13 10
34 14 9
34 15 20
34 16 20
34 17 1
34 18 13
34 19 19
34 20 11
34 21 14
34 22 10
34 23 7
34 24 20
34 25 2
34 26 12
34 27 3
34 28 10
34 29 9
34 30 19
34 31 17
34 32 20
34 33 7
35 0 20
35 1 9
35 2 9
35 3 8
35 4 17
35 5 11
35 6 3
35 7 6
35 8 11
35 9 10
35 10 8
35 11 8
35 12 12
35 13 2
35 14 12
35 15 2
35 16 19
35 17 17
35 18 17
35 19 18
35 20 17
35 21 8
35 22 4
35 23 10
35 24 19
35 25 3
35 26 7
35 27 5
35 28 3
35 29 19
35 30 18
35 31 19
35 32 11
35 33 17
35 34 10
36 0 2
36 1 10
36 2 10
36 3 6
36 4 19
36 5 7
36 6 5
36 7 10
36 8 13
36 9 14
36 10 3
36 11 20
36 12 20
36 13 14
36 14 1
36 15 16
36 16 4
36 17 11
36 18 1
36 19 17
36 20 4
36 21 9
36 22 19
36 23 4
36 24 10
36 25 19
36 26 12
36 27 9
36 28 18
36 29 19
36 30 8
36 31 12
36 32 3
36 33 12
36 34 17
36 35 7
37 0 15
37 1 4
37 2 13
37 3 14
37 4 2
37 5 18
37 6 13
37 7 2
37 8 18
37 9 1
37 10 6
37 11 3
37 12 20
37 13 3
37 14 8
37 15 15
37 16 15
37 17 8
37 18 8
37 19 12
37 20 18
37 21 8
37 22 15
37 23 16
37 24 8
37 25 10
37 26 10
37 27 9
37 28 13
37 29 2
37 30 8
37 31 6
37 32 3
37 33 8
37 34 15
37 35 20
37 36 6
38 0 11
38 1 19
38 2 19
38 3 9
38 4 11
38 5 11
38 6 17
38 7 18
38 8 8
38 9 5
38 10 2
38 11 19
38 12 5
38 13 12
38 14 8
38 15 18
38 16 15
38 17 11
38 18 16
38 19 19
38 20 5
38 21 6
38 22 13
38 23 14
38 24 4
38 25 1
38 26 10
38 27 17
38 28 13
38 29 9
38 30 5
38 31 10
38 32 11
38 33 5
38 34 5
38 35 10
38 36 17
38 37 15
39 0 10
39 1 13
39 2 15
39 3 16
39 4 4
39 5 19
39 6 19
39 7 19
39 8 15
39 9 9
39 10 3
39 11 9
39 12 15
39 13 4
39 14 8
39 15 5
39 16 4
39 17 14
39 18 1
39 19 14
39 20 1
39 21 16
39 22 9
39 23 8
39 24 10
39 25 11
39 26 15
39 27 9
39 28 14
39 29 1
39 30 16
39 31 14
39 32 15
39 33 1
39 34 12
39 35 17
39 36 14
39 37 18
39 38 12
40 0 19
40 1 17
40 2 2
40 3 15
40 4 18
40 5 14
40 6 20
40 7 15
40 8 5
40 9 16
40 10 15
40 11 2
40 12 2
40 13 18
40 14 20
40 15 7
40 16 15
40 17 7
40 18 11
40 19 7
40 20 1
40 21 9
40 22 3
40 23 6
40 24 2
40 25 16
40 26 16
40 27 18
40 28 7
40 29 17
40 30 3
40 31 11
40 32 5
40 33 4
40 34 15
40 35 8
40 36 14
40 37 14
40 38 3
40 39 4
41 0 12
41 1 7
41 2 2
41 3 7
41 4 16
41 5 14
41 6 10
41 7 14
41 8 5
41 9 9
41 10 3
41 11 8
41 12 1
41 13 8
41 14 18
41 15 4
41 16 9
41 17 13
41 18 9
41 19 9
41 20 12
41 21 7
41 22 17
41 23 20
41 24 10
41 25 20
41 26 13
41 27 17
41 28 6
41 29 7
41 30 8
41 31 17
41 32 12
41 33 7
41 34 13
41 35 19
41 36 19
41 37 16
41 38 2
41 39 14
41 40 2
42 0 19
42 1 5
42 2 20
42 3 16
42 4 16
42 5 3
42 6 2
42 7 17
42 8 12
42 9 4
42 10 8
42 11 20
42 12 6
42 13 1
42 14 7
42 15 1
42 16 11
42 17 5
42 18 6
42 19 4
42 20 7
42 21 7
42 22 15
42 23 18
42 24 6
42 25 19
42 26 12
42 27 9
42 28 20
42 29 11
42 30 19
42 31 16
42 32 17
42 33 16
42 34 18
42 35 2
42 36 8
42 37 14
42 38 12
42 39 18
42 40 14
42 41 1
43 0 9
43 1 20
43 2 17
43 3 13
43 4 12
43 5 5
43 6 17
43 7 3
43 8 13
43 9 13
43 10 10
43 11 6
43 12 3
43 13 19
43 14 2
43 15 6
43 16 15
43 17 11
43 18 13
43 19 6
43 20 20
43 21 2
43 22 4
43 23 18
43 24 18
43 25 17
43 26 2
43 27 17
43 28 12
43 29 16
43 30 20
43 31 10
43 32 9
43 33 1
43 34 10
43 35 2
43 36 16
43 37 1
43 38 13
43 39 18
43 40 1
43 41 11
43 42 11
44 0 3
44 1 17
44 2 4
44 3 7
44 4 7
44 5 4
44 6 20
44 7 5
44 8 7
44 9 10
44 10 16
44 11 20
44 12 13
44 13 1
44 14 4
44 15 5
44 16 14
44 17 19
44 18 20
44 19 2
44 20 8
44 21 16
44 22 6
44 23 12
44 24 9
44 25 7
44 26 19
44 27 4
44 28 1
44 29 5
44 30 7
44 31 5
44 32 10
44 33 15
44 34 19
44 35 20
44 36 5
44 37 10
44 38 17
44 39 17
44 40 6
44 41 14
44 42 19
44 43 20
45 0 1
45 1 6
45 2 4
45 3 19
45 4 13
45 5 14
45 6 7
45 7 11
45 8 2
45 9 15
45 10 18
45 11 14
45 12 6
45 13 11
45 14 20
45 15 9
45 16 20
45 17 18
45 18 3
45 19 1
45 20 6
45 21 2
45 22 4
45 23 9
45 24 10
45 25 4
45 26 7
45 27 8
45 28 3
45 29 1
45 30 8
45 31 14
45 32 17
45 33 17
45 34 1
45 35 14
45 36 14
45 37 9
45 38 14
45 39 2
45 40 5
45 41 17
45 42 10
45 43 19
45 44 11
46 0 17
46 1 14
46 2 9
46 3 18
46 4 5
46 5 6
46 6 5
46 7 17
46 8 2
46 9 13
46 10 5
46 11 15
46 12 9
46 13 18
46 14 2
46 15 5
46 16 5
46 17 18
46 18 4
46 19 10
46 20 7
46 21 11
46 22 12
46 23 20
46 24 19
46 25 5
46 26 6
46 27 9
46 28 8
46 29 9
46 30 12
46 31 8
46 32 10
46 33 17
46 34 19
46 35 10
46 36 3
46 37 9
46 38 12
46 39 15
46 40 20
46 41 8
46 42 8
46 43 15
46 44 6
46 45 18
47 0 19
47 1 4
47 2 18
47 3 20
47 4 2
47 5 3
47 6 13
47 7 10
47 8 17
47 9 1
47 10 7
47 11 18
47 12 18
47 13 14
47 14 15
47 15 9
47 16 4
47 17 7
47 18 13
47 19 8
47 20 12
47 21 3
47 22 18
47 23 11
47 24 11
47 25 16
47 26 19
47 27 3
47 28 11
47 29 9
47 30 3
47 31 14
47 32 1
47 33 14
47 34 19
47 35 18
47 36 11
47 37 6
47 38 18
47 39 4
47 40 1
47 41 8
47 42 12
47 43 15
47 44 1
47 45 15
47 46 18
48 0 14
48 1 4
48 2 18
48 3 18
48 4 11
48 5 10
48 6 14
48 7 4
48 8 13
48 9 17
48 10 17
48 11 19
48 12 18
48 13 15
48 14 12
48 15 20
48 16 9
48 17 20
48 18 11
48 19 18
48 20 8
48 21 16
48 22 1
48 23 3
48 24 12
48 25 16
48 26 13
48 27 20
48 28 10
48 29 18
48 30 7
48 31 13
48 32 13
48 33 6
48 34 11
48 35 16
48 36 8
48 37 9
48 38 7
48 39 20
48 40 15
48 41 15
48 42 14
48 43 12
48 44 17
48 45 12
48 46 18
48 47 3
49 0 5
49 1 9
49 2 11
49 3 6
49 4 15
49 5 14
49 6 14
49 7 13
49 8 2
49 9 20
49 10 8
49 11 9
49 12 12
49 13 18
49 14 1
49 15 5
49 16 19
49 17 17
49 18 17
49 19 3
49 20 3
49 21 11
49 22 10
49 23 10
49 24 18
49 25 11
49 26 2
49 27 4
49 28 11
49 29 17
49 30 13
49 31 7
49 32 11
49 33 6
49 34 6
49 35 5
49 36 14
49 37 17
49 38 16
49 39 7
49 40 10
49 41 3
49 42 19
49 43 18
49 44 4
49 45 7
49 46 2
49 47 12
49 48 9
50 0 4
50 1 19
50 2 8
50 3 14
50 4 7
50 5 18
50 6 18
50 7 17
50 8 18
50 9 13
50 10 11
50 11 8
50 12 13
50 13 20
50 14 8
50 15 13
50 16 5
50 17 5
50 18 14
50 19 3
50 20 4
50 21 3
50 22 4
50 23 18
50 24 18
50 25 12
50 26 18
50 27 19
50 28 12
50 29 7
50 30 17
50 31 18
50 32 4
50 33 20
50 34 20
50 35 16
50 36 12
50 37 5
50 38 11
50 39 5
50 40 6
50 41 10
50 42 18
50 43 18
50 44 19
50 45 10
50 46 5
50 47 2
50 48 3
50 49 9
51 0 16
51 1 6
51 2 11
51 3 9
51 4 12
51 5 10
51 6 9
51 7 20
51 8 15
51 9 18
51 10 13
51 11 3
51 12 13
51 13 20
51 14 12
51 15 11
51 16 1
51 17 17
51 18 7
51 19 6
51 20 11
51 21 5
51 22 10
51 23 11
51 24 16
51 25 10
51 26 1
51 27 8
51 28 17
51 29 19
51 30 9
51 31 11
51 32 11
51 33 10
51 34 13
51 35 9
51 36 17
51 37 15
51 38 18
51 39 13
51 40 3
51 41 8
51 42 9
51 43 8
51 44 13
51 45 6
51 46 7
51 47 17
51 48 8
51 49 15
51 50 9
52 0 15
52 1 20
52 2 13
52 3 15
52 4 4
52 5 2
52 6 6
52 7 17
52 8 1
52 9 3
52 10 11
52 11 10
52 12 16
52 13 17
52 14 1
52 15 17
52 16 14
52 17 10
52 18 1
52 19 14
52 20 7
52 21 7
52 22 5
52 23 5
52 24 3
52 25 15
52 26 2
52 27 3
52 28 9
52 29 5
52 30 19
52 31 2
52 32 1
52 33 9
52 34 14
52 35 10
52 36 4
52 37 13
52 38 4
52 39 10
52 40 7
52 41 16
52 42 6
52 43 1
52 44 15
52 45 5
52 46 4
52 47 7
52 48 11
52 49 16
52 50 13
52 51 19
53 0 6
53 1 16
53 2 2
53 3 4
53 4 18
53 5 17
53 6 7
53 7 14
53 8 9
53 9 10
53 10 5
53 11 1
53 12 7
53 13 8
53 14 19
53 15 11
53 16 15
53 17 13
53 18 14
53 19 8
53 20 4
53 21 6
53 22 18
53 23 16
53 24 6
53 25 3
53 26 20
53 27 17
53 28 1
53 29 1
53 30 14
53 31 19
53 32 1
53 33 10
53 34 19
53 35 12
53 36 2
53 37 17
53 38 10
53 39 5
53 40 2
53 41 3
53 42 15
53 43 1
53 44 10
53 45 13
53 46 6
53 47 9
53 48 2
53 49 17
53 50 14
53 51 19
53 52 15
54 0 13
54 1 16
54 2 7
54 3 10
54 4 6
54 5 7
54 6 13
54 7 14
54 8 1
54 9 1
54 10 12
54 11 6
54 12 5
54 13 11
54 14 5
54 15 8
54 16 6
54 17 10
54 18 19
54 19 15
54 20 16
54 21 15
54 22 8
54 23 17
54 24 12
54 25 17
54 26 4
54 27 17
54 28 7
54 29 14
54 30 20
54 31 20
54 32 11
54 33 13
54 34 3
54 35 12
54 36 2
54 37 13
54 38 6
54 39 13
54 40 9
54 41 4
54 42 12
54 43 16
54 44 6
54 45 13
54 46 2
54 47 6
54 48 15
54 49 11
54 50 5
54 51 18
54 52 16
54 53 11
55 0 3
55 1 3
55 2 16
55 3 13
55 4 5
55 5 12
55 6 11
55 7 9
55 8 16
55 9 20
55 10 20
55 11 12
55 12 11
55 13 18
55 14 2
55 15 19
55 16 16
55 17 7
55 18 7
55 19 4
55 20 4
55 21 8
55 22 10
55 23 15
55 24 9
55 25 5
55 26 4
55 27 6
55 28 4
55 29 2
55 30 20
55 31 13
55 32 15
55 33 11
55 34 6
55 35 19
55 36 6
55 37 15
55 38 18
55 39 17
55 40 19
55 41 11
55 42 11
55 43 16
55 44 7
55 45 9
55 46 8
55 47 14
55 48 4
55 49 11
55 50 7
55 51 10
55 52 5
55 53 17
55 54 18
56 0 20
56 1 7
56 2 10
56 3 6
56 4 10
56 5 4
56 6 13
56 7 18
56 8 6
56 9 3
56 10 8
56 11 2
56 12 15
56 13 6
56 14 15
56 15 3
56 16 20
56 17 10
56 18 4
56 19 14
56 20 18
56 21 2
56 22 8
56 23 1
56 24 16
56 25 18
56 26 4
56 27 7
56 28 18
56 29 17
56 30 11
56 31 3
56 32 3
56 33 4
56 34 16
56 35 2
56 36 17
56 37 19
56 38 14
56 39 2
56 40 12
56 41 10
56 42 5
56 43 8
56 44 17
56 45 6
56 46 15
56 47 16
56 48 2
56 49 8
56 50 3
56 51 10
56 52 20
56 53 13
56 54 10
56 55 9
57 0 7
57 1 1
57 2 8
57 3 13
57 4 10
57 5 13
57 6 18
57 7 13
57 8 10
57 9 18
57 10 15
57 11 3
57 12 4
57 13 3
57 14 3
57 15 17
57 16 7
57 17 8
57 18 13
57 19 5
57 20 17
57 21 10
57 22 12
57 23 10
57 24 5
57 25 19
57 26 2
57 27 14
57 28 16
57 29 9
57 30 2
57 31 14
57 32 12
57 33 20
57 34 3
57 35 10
57 36 13
57 37 5
57 38 13
57 39 7
57 40 13
57 41 9
57 42 4
57 43 3
57 44 6
57 45 18
57 46 8
57 47 6
57 48 3
57 49 5
57 50 4
57 51 16
57 52 19
57 53 16
57 54 12
57 55 10
57 56 7
58 0 3
58 1 4
58 2 8
58 3 4
58 4 20
58 5 4
58 6 1
58 7 19
58 8 13
58 9 12
58 10 11
58 11 10
58 12 16
58 13 6
58 14 18
58 15 14
58 16 6
58 17 10
58 18 1
58 19 10
58 20 19
58 21 10
58 22 20
58 23 17
58 24 17
58 25 6
58 26 14
58 27 16
58 28 4
58 29 16
58 30 18
58 31 4
58 32 5
58 33 19
58 34 5
58 35 10
58 36 3
58 37 5
58 38 8
58 39 15
58 40 1
58 41 9
58 42 2
58 43 10
58 44 20
58 45 13
58 46 2
58 47 14
58 48 14
58 49 7
58 50 17
58 51 2
58 52 5
58 53 15
58 54 3
58 55 1
58 56 13
58 57 4
59 0 10
59 1 11
59 2 4
59 3 7
59 4 6
59 5 3
59 6 18
59 7 3
59 8 19
59 9 2
59 10 16
59 11 1
59 12 11
59 13 6
59 14 8
59 15 7
59 16 12
59 17 16
59 18 20
59 19 18
59 20 5
59 21 1
59 22 4
59 23 11
59 24 12
59 25 17
59 26 5
59 27 18
59 28 5
59 29 9
59 30 5
59 31 16
59 32 5
59 33 13
59 34 5
59 35 18
59 36 19
59 37 3
59 38 16
59 39 14
59 40 14
59 41 7
59 42 19
59 43 13
59 44 13
59 45 13
59 46 18
59 47 9
59 48 3
59 49 6
59 50 6
59 51 11
59 52 15
59 53 2
59 54 19
59 55 3
59 56 3
59 57 2
59 58 9
