51
2 0 18
2 1 2
3 2 20
4 3 16
5 0 3
5 1 22
5 2 9
5 4 23
6 1 21
6 2 9
6 3 24
6 5 16
7 0 21
7 3 19
7 4 6
7 5 5
8 1 23
8 4 25
8 5 24
8 6 16
8 7 3
9 0 20
9 1 22
9 3 9
9 5 25
9 6 1
9 8 11
10 2 13
10 3 20
10 4 15
10 6 18
10 8 15
10 9 4
11 0 2
11 2 24
11 3 8
11 4 3
11 5 16
11 6 13
11 7 27
12 1 10
12 4 4
12 8 25
12 9 20
12 11 1
13 2 22
13 3 10
13 4 22
13 5 26
13 6 27
13 12 2
14 1 21
14 3 7
14 4 4
14 7 14
14 8 22
14 9 22
14 10 19
14 12 15
15 0 4
15 2 5
15 4 13
15 6 8
15 7 17
15 10 23
15 12 6
16 0 4
16 1 1
16 5 20
16 6 21
16 7 26
16 9 9
16 11 14
16 12 23
16 14 18
17 3 27
17 4 21
17 5 23
17 10 9
17 11 11
17 13 1
17 16 19
18 0 8
18 1 23
18 5 16
18 7 16
18 10 9
18 13 23
18 14 5
18 17 18
19 0 17
19 3 24
19 6 7
19 8 9
19 11 21
19 13 12
19 14 4
19 18 17
20 0 9
20 4 12
20 5 15
20 6 12
20 7 1
20 9 17
20 10 12
20 11 25
20 13 13
20 14 12
20 15 3
20 16 12
20 17 1
21 1 2
21 3 4
21 4 14
21 5 4
21 7 27
21 10 26
21 12 2
21 14 8
21 15 16
21 18 2
21 19 16
22 2 5
22 9 5
22 12 6
22 13 13
22 16 24
22 17 9
22 18 12
22 21 12
23 0 8
23 1 14
23 2 14
23 6 19
23 8 13
23 9 5
23 10 26
23 11 25
23 12 16
23 13 23
23 15 15
23 16 25
23 18 20
23 20 10
23 22 25
24 0 24
24 2 27
24 8 22
24 10 17
24 11 10
24 12 26
24 16 15
24 23 23
25 4 11
25 5 16
25 8 8
25 9 6
25 11 4
25 15 14
25 16 15
25 22 24
26 2 3
26 3 4
26 4 24
26 6 22
26 8 20
26 13 20
26 15 26
26 16 8
26 17 8
26 18 4
26 21 19
26 22 9
26 23 12
27 3 5
27 6 3
27 7 10
27 8 17
27 10 5
27 17 23
27 19 8
27 21 12
27 24 20
27 26 8
28 0 13
28 1 21
28 2 13
28 4 26
28 10 4
28 14 15
28 15 6
28 16 21
28 18 17
28 19 11
28 21 15
28 22 13
28 23 16
28 24 1
28 26 14
29 0 27
29 1 26
29 2 2
29 5 1
29 7 1
29 10 25
29 12 9
29 14 3
29 16 25
29 17 9
29 19 9
29 20 23
29 21 15
29 22 10
29 24 16
30 0 2
30 3 13
30 4 19
30 5 19
30 6 6
30 9 24
30 11 4
30 12 12
30 15 11
30 18 9
30 20 13
30 21 17
30 25 24
30 27 7
30 28 15
30 29 24
31 2 8
31 4 22
31 5 8
31 12 26
31 16 14
31 20 7
31 21 19
31 22 4
31 27 26
31 28 22
31 30 11
32 1 7
32 2 6
32 4 13
32 5 1
32 8 18
32 10 23
32 15 7
32 16 5
32 23 15
32 25 27
32 28 7
32 29 26
32 31 24
33 2 21
33 4 20
33 6 19
33 7 14
33 9 22
33 12 7
33 13 4
33 14 7
33 16 24
33 17 24
33 20 20
33 21 13
33 23 18
33 24 20
33 27 24
33 28 25
33 29 4
33 30 4
33 31 8
33 32 19
34 0 14
34 2 22
34 3 3
34 4 13
34 5 4
34 11 14
34 14 2
34 15 14
34 16 15
34 17 9
34 18 5
34 19 14
34 23 22
34 29 3
34 30 22
34 31 11
34 32 11
34 33 3
35 0 25
35 4 12
35 6 20
35 8 14
35 10 16
35 11 1
35 12 16
35 13 24
35 14 17
35 16 14
35 17 2
35 21 11
35 24 15
35 28 9
36 0 7
36 1 14
36 2 6
36 3 23
36 6 7
36 7 8
36 8 10
36 9 7
36 12 20
36 18 2
36 24 10
36 25 2
36 27 17
36 31 21
36 33 10
36 34 26
36 35 14
37 0 16
37 4 23
37 10 17
37 12 6
37 17 6
37 18 23
37 19 14
37 23 9
37 24 24
37 25 26
37 27 12
37 28 9
37 31 15
37 32 23
37 35 11
37 36 12
38 0 10
38 1 25
38 7 19
38 8 2
38 9 9
38 12 17
38 17 11
38 19 16
38 20 15
38 22 12
38 23 10
38 24 9
38 29 7
38 30 7
38 32 9
38 33 10
38 35 21
39 0 22
39 1 7
39 3 19
39 6 27
39 9 19
39 10 22
39 11 7
39 13 15
39 14 10
39 15 14
39 16 11
39 17 1
39 21 17
39 23 1
39 24 19
39 25 26
39 29 15
39 30 14
39 33 20
39 38 19
40 0 21
40 2 26
40 6 12
40 8 21
40 10 17
40 15 19
40 16 1
40 18 3
40 21 21
40 27 22
40 33 16
40 34 6
40 36 22
40 39 17
41 1 5
41 2 21
41 3 3
41 6 1
41 12 10
41 15 11
41 16 19
41 18 26
41 19 16
41 21 12
41 22 20
41 26 7
41 27 22
41 28 21
41 29 3
41 30 5
41 32 17
41 33 15
42 5 22
42 6 7
42 8 2
42 9 12
42 10 8
42 13 17
42 18 22
42 20 12
42 24 1
42 26 14
42 27 13
42 28 16
42 29 10
42 31 16
42 33 3
42 36 27
42 39 25
43 0 4
43 1 10
43 2 26
43 3 7
43 4 27
43 8 19
43 9 4
43 10 17
43 13 22
43 14 15
43 17 22
43 18 26
43 19 19
43 22 11
43 23 21
43 26 10
43 28 26
43 31 14
43 33 3
43 34 14
43 36 7
43 37 1
43 40 6
43 42 8
44 0 8
44 1 12
44 7 26
44 9 9
44 10 4
44 12 7
44 16 26
44 17 5
44 21 16
44 22 27
44 23 25
44 24 1
44 28 1
44 31 8
44 32 10
44 33 13
44 34 5
44 35 24
44 38 26
44 39 19
44 40 22
44 41 13
45 1 12
45 3 6
45 4 7
45 5 8
45 7 1
45 8 19
45 9 26
45 10 22
45 12 10
45 14 10
45 15 14
45 18 5
45 19 6
45 21 23
45 23 8
45 26 19
45 27 4
45 29 2
45 30 9
45 32 21
45 36 6
45 38 11
45 39 17
46 4 1
46 5 4
46 6 20
46 8 13
46 9 4
46 11 26
46 12 16
46 15 14
46 16 4
46 17 16
46 18 3
46 20 22
46 25 17
46 26 16
46 34 2
46 35 1
46 36 4
46 38 26
46 39 20
46 41 8
46 44 2
46 45 14
47 0 11
47 1 7
47 6 23
47 8 14
47 9 7
47 13 5
47 15 9
47 17 18
47 18 27
47 20 9
47 22 27
47 23 26
47 25 1
47 26 7
47 27 19
47 28 5
47 29 24
47 33 11
47 37 6
47 38 25
47 39 14
47 40 7
47 43 19
47 44 2
47 46 17
48 1 2
48 2 25
48 5 27
48 7 23
48 8 20
48 9 11
48 10 27
48 12 19
48 15 17
48 16 2
48 17 13
48 20 20
48 21 26
48 22 21
48 24 6
48 25 10
48 27 19
48 28 2
48 30 2
48 33 22
48 36 15
48 37 10
48 38 3
48 40 24
48 41 11
48 44 18
49 2 22
49 3 9
49 4 12
49 8 21
49 9 27
49 15 2
49 16 2
49 17 5
49 18 10
49 25 20
49 26 11
49 29 19
49 31 12
49 34 3
49 35 26
49 37 7
49 39 21
49 40 18
49 41 24
49 42 5
49 44 5
49 45 9
49 46 27
49 47 18
49 48 10
50 1 14
50 3 7
50 8 13
50 10 15
50 11 7
50 12 2
50 13 6
50 14 10
50 15 27
50 16 22
50 18 2
50 20 8
50 22 19
50 23 23
50 29 8
50 31 22
50 33 16
50 34 9
50 35 14
50 36 4
50 40 1
50 43 15
50 45 24
