58
2 1 2
4 1 16
5 2 6
5 3 11
5 4 14
6 0 3
6 4 17
6 5 1
7 1 4
7 2 3
7 3 12
7 4 16
8 0 2
8 2 7
8 3 10
8 4 6
8 5 7
8 6 11
8 7 19
9 0 12
9 2 1
9 3 13
9 5 2
9 6 19
9 8 11
10 1 17
10 5 16
10 6 5
10 7 17
10 8 6
10 9 7
11 0 13
11 2 1
11 3 6
11 5 19
11 6 10
11 9 19
12 0 3
12 1 9
12 9 10
12 10 17
12 11 18
13 1 17
13 5 8
13 11 12
13 12 12
14 0 5
14 1 10
14 2 16
14 3 16
14 6 5
14 7 15
14 8 8
14 9 8
14 13 10
15 0 5
15 1 9
15 3 1
15 4 10
15 5 8
15 9 12
15 10 19
15 11 7
15 12 12
15 13 13
16 1 16
16 2 17
16 5 19
16 6 2
16 7 6
16 8 19
16 9 1
16 13 14
16 15 10
17 0 8
17 1 14
17 4 1
17 5 8
17 6 4
17 7 16
17 8 19
17 10 11
17 11 16
17 12 8
18 0 3
18 1 2
18 5 8
18 9 2
18 10 7
18 11 14
18 14 12
19 1 1
19 5 15
19 6 12
19 7 12
19 10 17
19 16 9
19 17 16
20 0 10
20 2 14
20 8 14
20 13 8
20 15 11
20 16 2
20 17 1
20 18 2
21 0 2
21 1 4
21 5 8
21 6 4
21 7 18
21 9 4
21 10 3
21 12 2
21 13 6
21 14 14
21 17 8
21 18 9
21 19 5
22 0 6
22 6 8
22 7 16
22 10 5
22 11 17
22 12 16
22 19 11
22 21 9
23 1 9
23 4 15
23 5 17
23 6 6
23 8 8
23 9 5
23 10 14
23 11 16
23 15 5
23 17 1
23 18 10
23 20 3
23 22 13
24 0 5
24 1 13
24 2 16
24 3 12
24 5 13
24 6 12
24 8 4
24 10 13
24 13 13
24 14 6
24 22 18
24 23 2
25 0 7
25 1 2
25 2 9
25 6 12
25 7 15
25 9 3
25 10 13
25 12 9
25 14 8
25 17 2
25 18 5
25 19 12
25 20 2
25 21 1
25 22 6
25 23 16
25 24 2
26 0 3
26 1 15
26 2 1
26 8 15
26 12 8
26 13 6
26 15 13
26 18 12
26 19 19
26 22 13
26 24 5
26 25 19
27 0 14
27 2 3
27 5 2
27 9 14
27 10 18
27 12 13
27 13 8
27 14 13
27 15 2
27 18 12
27 21 12
27 22 15
27 23 2
27 24 9
28 0 3
28 1 5
28 2 15
28 5 16
28 6 4
28 8 7
28 9 9
28 12 13
28 13 1
28 17 18
28 18 16
28 19 3
28 20 17
28 22 15
28 23 10
28 25 10
28 26 1
29 3 19
29 4 15
29 8 17
29 9 1
29 10 6
29 11 4
29 12 18
29 14 18
29 15 5
29 16 18
29 17 6
29 19 7
29 24 14
29 25 11
29 26 3
30 0 12
30 3 15
30 6 15
30 8 7
30 9 17
30 10 19
30 13 11
30 16 6
30 17 4
30 23 1
31 1 17
31 3 3
31 4 5
31 9 10
31 13 2
31 16 14
31 17 10
31 18 11
31 19 3
31 20 4
31 25 8
31 27 3
31 29 17
32 1 9
32 3 6
32 4 16
32 5 12
32 7 4
32 9 17
32 11 3
32 13 19
32 15 17
32 16 2
32 20 14
32 24 3
32 25 4
32 26 4
32 28 16
32 30 3
32 31 14
33 0 6
33 4 6
33 6 16
33 7 7
33 9 9
33 10 10
33 11 3
33 13 6
33 17 8
33 18 16
33 19 6
33 23 12
33 26 19
33 28 6
33 30 13
33 31 18
33 32 17
34 3 10
34 5 14
34 6 13
34 8 18
34 9 5
34 12 16
34 13 10
34 15 13
34 16 18
34 18 10
34 19 7
34 21 4
34 22 9
34 23 10
34 24 12
34 27 8
34 30 8
34 32 5
34 33 9
35 0 1
35 2 14
35 4 14
35 7 2
35 10 10
35 13 16
35 15 2
35 16 15
35 19 13
35 21 9
35 23 15
35 27 3
35 28 1
35 29 17
35 30 13
35 31 8
35 32 9
35 34 17
36 4 6
36 6 7
36 8 2
36 9 19
36 10 7
36 11 6
36 12 2
36 15 14
36 17 11
36 18 6
36 20 1
36 21 7
36 23 9
36 26 8
36 28 18
36 29 18
36 30 14
36 32 16
36 35 12
37 0 19
37 1 4
37 3 15
37 6 9
37 7 13
37 13 10
37 15 10
37 18 14
37 19 14
37 22 19
37 24 11
37 29 14
37 31 12
37 34 3
37 35 2
38 0 15
38 4 6
38 5 11
38 6 13
38 7 6
38 8 5
38 10 5
38 11 14
38 12 5
38 13 5
38 14 13
38 29 8
38 30 13
38 32 7
38 34 18
38 35 14
39 1 13
39 3 15
39 4 5
39 6 18
39 10 14
39 11 15
39 12 18
39 13 18
39 15 17
39 16 18
39 19 4
39 21 16
39 22 12
39 23 4
39 26 13
39 27 18
39 31 12
39 32 5
39 33 14
39 34 9
39 35 17
39 37 14
40 0 16
40 3 8
40 4 7
40 7 15
40 8 14
40 10 18
40 12 7
40 14 4
40 15 15
40 17 6
40 18 1
40 22 18
40 25 15
40 26 6
40 29 14
40 30 2
40 31 12
40 32 17
40 35 17
40 36 5
40 39 8
41 0 8
41 1 2
41 2 15
41 4 8
41 6 18
41 8 17
41 12 16
41 14 15
41 15 3
41 16 10
41 19 18
41 21 15
41 23 11
41 24 10
41 25 8
41 26 6
41 27 8
41 28 15
41 29 16
41 31 5
41 38 5
41 39 10
42 0 6
42 1 4
42 6 1
42 7 1
42 8 18
42 10 18
42 11 2
42 14 10
42 16 19
42 17 14
42 19 9
42 20 17
42 21 1
42 22 15
42 23 10
42 25 18
42 26 10
42 28 11
42 33 13
42 34 10
42 35 1
42 36 14
42 40 15
42 41 5
43 1 14
43 2 11
43 5 10
43 7 12
43 8 6
43 13 11
43 14 17
43 22 1
43 25 17
43 28 5
43 29 4
43 34 3
43 35 19
43 36 2
43 38 4
43 42 16
44 2 3
44 6 12
44 8 14
44 10 19
44 11 10
44 19 13
44 22 4
44 23 10
44 26 14
44 28 19
44 31 14
44 33 9
44 35 17
44 36 3
44 37 19
44 38 2
44 40 3
44 41 15
44 43 15
45 0 6
45 2 8
45 3 10
45 4 3
45 5 4
45 6 2
45 7 8
45 8 11
45 10 4
45 13 18
45 17 9
45 19 8
45 20 13
45 21 7
45 22 7
45 25 3
45 29 8
45 30 3
45 31 8
45 32 18
45 39 1
45 41 18
45 44 16
46 0 10
46 3 18
46 5 5
46 6 13
46 7 6
46 8 1
46 9 9
46 10 8
46 13 2
46 15 18
46 17 8
46 20 12
46 21 4
46 25 7
46 26 15
46 28 16
46 29 15
46 30 4
46 31 4
46 33 1
46 35 18
46 36 16
46 37 6
46 38 6
46 41 10
46 42 13
46 43 4
46 45 6
47 0 13
47 1 5
47 3 3
47 5 18
47 6 7
47 7 12
47 8 7
47 10 7
47 11 3
47 14 4
47 16 1
47 18 13
47 19 10
47 20 15
47 21 7
47 24 5
47 25 17
47 28 11
47 29 5
47 30 6
47 33 8
47 36 12
47 38 10
47 39 8
47 40 17
48 1 11
48 4 13
48 5 1
48 6 2
48 7 3
48 13 9
48 14 19
48 16 3
48 18 2
48 20 4
48 23 17
48 24 8
48 25 18
48 26 9
48 28 16
48 29 13
48 30 3
48 33 11
48 35 19
48 37 14
48 38 9
48 39 16
48 42 3
48 43 17
48 46 3
49 0 11
49 1 4
49 3 12
49 4 1
49 5 9
49 8 12
49 9 8
49 10 3
49 11 1
49 14 17
49 15 4
49 16 3
49 21 14
49 25 11
49 26 13
49 27 7
49 28 18
49 29 13
49 30 12
49 32 18
49 33 7
49 34 7
49 35 16
49 38 6
49 40 14
49 42 19
49 44 16
49 45 7
49 46 16
50 0 17
50 1 11
50 5 17
50 8 4
50 11 2
50 12 4
50 14 18
50 15 8
50 22 13
50 26 1
50 28 3
50 30 16
50 33 17
50 36 4
50 38 4
50 39 1
50 40 5
50 42 8
50 43 17
50 45 6
50 47 5
50 48 12
51 0 16
51 2 15
51 3 5
51 4 10
51 5 1
51 8 4
51 9 4
51 10 12
51 11 3
51 12 17
51 18 18
51 19 5
51 22 3
51 23 16
51 25 12
51 27 1
51 29 19
51 30 9
51 32 10
51 34 8
51 41 7
51 43 6
51 45 3
51 47 7
51 49 3
52 1 12
52 5 15
52 6 11
52 7 11
52 8 3
52 10 11
52 13 10
52 14 6
52 15 9
52 16 9
52 17 18
52 19 10
52 26 1
52 27 7
52 29 14
52 30 8
52 31 3
52 32 4
52 35 5
52 37 12
52 38 10
52 40 8
52 42 5
52 43 6
52 45 1
52 47 15
52 48 19
52 49 17
53 0 13
53 1 4
53 2 5
53 3 10
53 4 5
53 5 18
53 6 6
53 8 2
53 11 4
53 12 17
53 13 4
53 14 8
53 15 14
53 16 14
53 17 3
53 18 13
53 20 3
53 21 14
53 24 15
53 25 13
53 29 11
53 30 16
53 31 9
53 33 6
53 35 13
53 36 4
53 37 14
53 38 16
53 39 16
53 43 2
53 44 14
53 45 15
54 0 4
54 3 5
54 9 3
54 10 9
54 12 13
54 13 13
54 15 5
54 16 3
54 18 6
54 19 15
54 20 13
54 22 8
54 24 14
54 29 2
54 30 4
54 31 16
54 32 7
54 35 15
54 37 16
54 38 5
54 39 2
54 41 16
54 42 9
54 44 18
54 47 1
54 48 19
54 49 9
54 50 16
54 51 7
54 52 14
55 2 19
55 5 7
55 7 6
55 9 17
55 10 6
55 13 17
55 17 16
55 18 6
55 19 1
55 22 5
55 26 8
55 27 8
55 30 17
55 33 16
55 36 4
55 37 8
55 39 10
55 41 8
55 42 7
55 45 14
55 47 4
55 48 9
55 52 12
55 53 12
56 0 14
56 1 9
56 3 8
56 7 4
56 9 10
56 12 18
56 13 4
56 14 1
56 15 11
56 17 9
56 18 1
56 19 2
56 20 8
56 22 16
56 28 5
56 31 9
56 32 8
56 33 19
56 34 19
56 35 11
56 37 8
56 39 12
56 41 17
56 43 19
56 45 4
56 46 1
56 47 11
56 48 17
56 49 19
56 50 11
56 51 16
56 54 10
57 2 4
57 4 12
57 8 7
57 10 4
57 12 8
57 15 8
57 18 8
57 20 3
57 21 9
57 23 15
57 24 9
57 25 1
57 26 9
57 30 6
57 31 13
57 32 16
57 39 11
57 40 3
57 43 18
57 47 18
57 50 6
57 51 18
57 54 6
57 55 15
57 56 1
