31
1 0 3
2 0 2
2 1 5
3 0 2
3 1 6
3 2 4
4 0 3
4 1 3
4 2 5
4 3 1
5 0 5
5 1 6
5 2 4
5 3 4
5 4 4
6 0 5
6 1 3
6 2 4
6 3 3
6 4 4
6 5 1
7 0 5
7 1 5
7 2 2
7 3 2
7 4 6
7 5 5
7 6 2
8 0 4
8 1 4
8 2 4
8 3 5
8 4 6
8 5 6
8 6 3
8 7 1
9 0 5
9 1 4
9 2 5
9 3 2
9 4 4
9 5 5
9 6 1
9 7 3
9 8 2
10 0 4
10 1 1
10 2 3
10 3 2
10 4 3
10 5 4
10 6 5
10 7 6
10 8 6
10 9 3
11 0 3
11 1 6
11 2 4
11 3 3
11 4 5
11 5 3
11 6 2
11 7 6
11 8 4
11 9 1
11 10 4
12 0 4
12 1 1
12 2 6
12 3 2
12 4 1
12 5 4
12 6 1
12 7 1
12 8 1
12 9 3
12 10 3
12 11 1
13 0 2
13 1 3
13 2 1
13 3 6
13 4 2
13 5 5
13 6 2
13 7 2
13 8 3
13 9 4
13 10 1
13 11 3
13 12 4
14 0 5
14 1 3
14 2 2
14 3 3
14 4 2
14 5 5
14 6 1
14 7 6
14 8 1
14 9 5
14 10 2
14 11 5
14 12 4
14 13 2
15 0 2
15 1 3
15 2 6
15 3 6
15 4 6
15 5 1
15 6 3
15 7 5
15 8 3
15 9 3
15 10 1
15 11 5
15 12 3
15 13 6
15 14 2
16 0 1
16 1 5
16 2 2
16 3 5
16 4 5
16 5 6
16 6 3
16 7 1
16 8 1
16 9 2
16 10 2
16 11 1
16 12 2
16 13 1
16 14 4
16 15 3
17 0 6
17 1 3
17 2 3
17 3 2
17 4 3
17 5 1
17 6 2
17 7 1
17 8 6
17 9 2
17 10 1
17 11 4
17 12 5
17 13 4
17 14 5
17 15 3
17 16 5
18 0 6
18 1 1
18 2 5
18 3 1
18 4 6
18 5 6
18 6 5
18 7 5
18 8 2
18 9 3
18 10 5
18 11 1
18 12 5
18 13 5
18 14 3
18 15 3
18 16 2
18 17 1
19 0 6
19 1 2
19 2 3
19 3 3
19 4 3
19 5 6
19 6 3
19 7 5
19 8 4
19 9 2
19 10 4
19 11 6
19 12 3
19 13 4
19 14 5
19 15 6
19 16 2
19 17 3
19 18 4
20 0 1
20 1 6
20 2 6
20 3 1
20 4 3
20 5 3
20 6 1
20 7 6
20 8 3
20 9 2
20 10 3
20 11 3
20 12 4
20 13 2
20 14 1
20 15 3
20 16 2
20 17 6
20 18 6
20 19 4
21 0 1
21 1 6
21 2 5
21 3 5
21 4 3
21 5 2
21 6 5
21 7 6
21 8 3
21 9 5
21 10 2
21 11 5
21 12 4
21 13 5
21 14 2
21 15 5
21 16 2
21 17 1
21 18 4
21 19 5
21 20 6
22 0 5
22 1 2
22 2 2
22 3 1
22 4 2
22 5 1
22 6 2
22 7 6
22 8 2
22 9 5
22 10 2
22 11 5
22 12 3
22 13 3
22 14 2
22 15 2
22 16 6
22 17 1
22 18 1
22 19 4
22 20 6
22 21 4
23 0 3
23 1 6
23 2 1
23 3 2
23 4 5
23 5 3
23 6 6
23 7 2
23 8 2
23 9 4
23 10 2
23 11 3
23 12 1
23 13 3
23 14 5
23 15 2
23 16 3
23 17 5
23 18 4
23 19 3
23 20 5
23 21 2
23 22 1
24 0 6
24 1 1
24 2 1
24 3 3
24 4 5
24 5 4
24 6 3
24 7 6
24 8 1
24 9 4
24 10 5
24 11 5
24 12 3
24 13 5
24 14 3
24 15 5
24 16 1
24 17 1
24 18 6
24 19 1
24 20 6
24 21 5
24 22 5
24 23 2
25 0 2
25 1 5
25 2 3
25 3 5
25 4 2
25 5 2
25 6 1
25 7 6
25 8 5
25 9 4
25 10 5
25 11 6
25 12 4
25 13 4
25 14 6
25 15 6
25 16 5
25 17 6
25 18 3
25 19 6
25 20 5
25 21 1
25 22 3
25 23 6
25 24 3
26 0 1
26 1 6
26 2 4
26 3 3
26 4 2
26 5 4
26 6 1
26 7 5
26 8 2
26 9 6
26 10 3
26 11 1
26 12 6
26 13 5
26 14 4
26 15 1
26 16 3
26 17 6
26 18 1
26 19 2
26 20 2
26 21 3
26 22 3
26 23 3
26 24 5
26 25 1
27 0 1
27 1 6
27 2 6
27 3 6
27 4 2
27 5 4
27 6 1
27 7 4
27 8 4
27 9 2
27 10 4
27 11 5
27 12 1
27 13 2
27 14 3
27 15 4
27 16 1
27 17 1
27 18 4
27 19 6
27 20 4
27 21 6
27 22 4
27 23 3
27 24 4
27 25 6
27 26 4
28 0 2
28 1 3
28 2 3
28 3 3
28 4 1
28 5 2
28 6 2
28 7 5
28 8 1
28 9 2
28 10 5
28 11 2
28 12 6
28 13 2
28 14 5
28 15 2
28 16 4
28 17 4
28 18 1
28 19 4
28 20 2
28 21 3
28 22 6
28 23 3
28 24 2
28 25 5
28 26 6
28 27 6
29 0 6
29 1 3
29 2 6
29 3 5
29 4 2
29 5 2
29 6 4
29 7 1
29 8 6
29 9 3
29 10 6
29 11 4
29 12 1
29 13 6
29 14 2
29 15 4
29 16 5
29 17 5
29 18 5
29 19 1
29 20 1
29 21 2
29 22 4
29 23 1
29 24 5
29 25 4
29 26 6
29 27 1
29 28 4
30 0 4
30 1 4
30 2 4
30 3 2
30 4 2
30 5 2
30 6 4
30 7 2
30 8 5
30 9 6
30 10 3
30 11 3
30 12 3
30 13 5
30 14 4
30 15 4
30 16 2
30 17 3
30 18 6
30 19 1
30 20 4
30 21 5
30 22 1
30 23 4
30 24 1
30 25 6
30 26 1
30 27 2
30 28 5
30 29 4
