45
2 1 10
3 2 5
4 1 10
4 2 8
5 0 9
6 0 15
6 2 14
6 3 2
6 4 6
7 3 14
8 1 1
8 2 7
8 3 5
8 4 8
8 7 14
9 1 12
9 2 2
9 5 1
9 6 10
9 8 10
10 3 2
10 8 16
10 9 16
11 0 7
11 3 3
11 5 15
11 9 16
12 2 17
12 4 17
12 5 17
12 9 9
12 10 1
12 11 16
13 0 1
13 1 3
13 2 8
13 3 11
13 4 13
13 7 14
13 8 13
13 9 1
13 10 1
13 12 4
14 1 1
14 3 6
14 5 9
14 7 8
14 11 2
14 13 17
15 0 4
15 2 10
15 5 1
15 7 8
15 8 7
15 9 17
15 11 7
15 12 10
15 14 5
16 0 16
16 1 2
16 2 15
16 7 10
16 8 2
16 9 13
16 11 1
17 0 1
17 3 6
17 4 2
17 6 11
17 7 17
17 8 7
17 9 12
17 11 11
17 12 17
17 15 3
18 0 11
18 1 6
18 2 11
18 6 7
18 7 5
18 9 11
18 10 16
18 11 3
18 12 16
18 13 2
18 14 9
18 17 13
19 0 12
19 3 12
19 4 12
19 6 10
19 7 12
19 9 15
19 12 9
19 14 17
19 17 10
19 18 13
20 1 5
20 2 13
20 3 17
20 6 15
20 7 13
20 9 9
20 10 15
20 15 12
20 16 17
20 19 11
21 1 14
21 3 3
21 4 15
21 5 2
21 9 9
21 10 6
21 11 11
21 14 17
21 19 3
22 0 2
22 2 15
22 3 6
22 5 5
22 6 2
22 9 17
22 11 14
22 12 10
22 13 10
22 14 12
22 15 15
22 16 6
22 17 7
22 18 12
23 0 12
23 3 8
23 4 14
23 9 16
23 13 2
23 16 12
23 19 7
23 20 10
23 21 1
24 4 2
24 5 3
24 8 13
24 11 16
24 12 3
24 13 3
24 16 15
24 21 7
24 23 16
25 1 16
25 4 1
25 5 2
25 8 1
25 9 11
25 10 2
25 12 14
25 14 17
25 18 17
25 21 2
25 22 15
25 23 14
26 3 4
26 5 8
26 9 4
26 10 11
26 13 17
26 19 17
26 22 4
26 25 8
27 0 9
27 2 13
27 5 11
27 6 2
27 10 9
27 12 8
27 14 2
27 19 8
27 21 10
27 22 8
27 23 16
27 24 17
27 25 11
27 26 14
28 1 17
28 2 8
28 4 2
28 5 11
28 6 16
28 11 12
28 12 5
28 13 4
28 14 11
28 18 3
28 21 9
28 25 17
28 26 6
29 2 14
29 3 3
29 4 2
29 5 13
29 6 6
29 7 5
29 8 13
29 9 16
29 10 7
29 11 12
29 13 12
29 16 15
29 18 1
29 20 3
29 25 3
29 26 17
29 27 4
30 2 1
30 4 14
30 6 14
30 10 10
30 11 17
30 12 12
30 13 10
30 18 6
30 20 12
30 22 7
30 23 11
30 24 13
30 27 13
31 0 6
31 1 13
31 3 10
31 12 6
31 14 9
31 15 12
31 20 6
31 21 17
31 22 5
31 23 3
31 28 9
31 29 11
31 30 14
32 0 14
32 1 8
32 3 11
32 6 16
32 7 11
32 10 3
32 16 10
32 17 10
32 19 2
32 22 5
32 26 3
32 29 1
32 30 15
33 4 10
33 5 5
33 8 11
33 9 12
33 12 6
33 13 17
33 14 11
33 15 16
33 16 10
33 17 5
33 18 10
33 25 12
33 26 5
33 28 16
33 29 4
34 1 6
34 4 8
34 9 8
34 11 3
34 12 1
34 17 7
34 22 8
34 23 17
34 24 1
34 25 17
34 26 11
34 28 11
34 29 7
34 33 2
35 0 7
35 2 11
35 5 13
35 8 13
35 11 15
35 13 8
35 21 17
35 22 8
35 23 3
35 24 4
35 25 9
35 26 3
35 27 8
35 28 5
35 30 6
35 32 8
35 34 1
36 1 2
36 2 15
36 6 17
36 9 9
36 10 17
36 11 5
36 12 10
36 15 2
36 18 7
36 19 1
36 21 12
36 22 15
36 30 7
36 33 9
37 0 17
37 1 8
37 2 17
37 3 5
37 5 16
37 6 7
37 7 12
37 9 4
37 10 8
37 11 10
37 13 13
37 15 9
37 18 12
37 19 9
37 20 4
37 21 16
37 23 1
37 24 15
37 25 4
37 26 13
37 30 12
37 32 8
37 33 15
37 34 10
37 36 12
38 0 17
38 1 13
38 2 12
38 3 7
38 5 6
38 8 9
38 11 15
38 12 11
38 13 9
38 14 11
38 18 14
38 19 2
38 24 4
38 25 4
38 28 17
38 29 11
38 30 9
38 33 13
38 36 13
39 1 4
39 3 9
39 4 2
39 5 8
39 6 13
39 7 6
39 9 3
39 10 15
39 12 3
39 13 4
39 14 7
39 15 1
39 18 5
39 21 16
39 23 13
39 26 5
39 31 2
39 33 9
39 34 6
39 35 15
39 37 17
40 0 3
40 3 5
40 5 2
40 6 8
40 7 11
40 10 4
40 11 13
40 15 6
40 16 11
40 17 16
40 19 9
40 21 12
40 22 8
40 27 6
40 30 9
40 32 4
40 33 7
40 34 2
40 36 11
40 37 16
41 0 16
41 2 15
41 3 10
41 7 4
41 9 11
41 13 2
41 24 1
41 26 5
41 27 8
41 28 11
41 29 12
41 30 5
41 31 4
41 32 2
41 34 16
41 36 9
41 38 4
42 0 1
42 2 6
42 3 8
42 4 5
42 5 6
42 6 16
42 9 9
42 10 7
42 12 7
42 13 15
42 14 15
42 15 9
42 19 5
42 21 17
42 23 1
42 26 17
42 30 14
42 31 11
42 35 1
42 37 17
42 38 14
42 40 14
43 1 6
43 3 15
43 5 13
43 6 12
43 12 10
43 13 2
43 14 13
43 16 8
43 17 12
43 18 8
43 20 3
43 21 9
43 22 1
43 24 7
43 27 7
43 28 15
43 31 13
43 32 6
43 33 15
43 34 7
43 37 13
43 38 2
43 39 16
43 41 13
44 2 14
44 3 13
44 7 14
44 11 2
44 15 6
44 16 2
44 17 4
44 19 11
44 20 8
44 23 6
44 24 2
44 29 1
44 30 14
44 34 5
44 35 8
44 38 6
44 39 2
