49
2 0 4
2 1 17
3 1 30
5 0 19
5 1 3
5 2 30
6 1 20
6 4 3
7 1 14
7 3 7
7 4 9
8 3 9
8 4 24
8 5 3
8 6 23
8 7 30
9 2 1
9 4 1
9 6 10
9 7 22
10 2 29
10 3 23
10 4 15
10 7 20
10 8 1
10 9 13
11 0 18
11 1 13
11 2 30
11 4 17
11 8 15
11 10 26
12 2 4
12 7 14
12 8 2
12 9 1
12 10 1
12 11 14
13 2 3
13 3 28
13 5 31
13 9 1
13 10 30
13 12 23
14 0 22
14 2 19
14 3 11
14 5 19
14 6 19
14 7 19
14 8 20
14 11 30
14 12 22
14 13 7
15 1 21
15 4 26
15 7 22
15 8 13
15 10 30
16 0 31
16 2 8
16 6 6
16 8 1
16 10 26
16 12 18
16 13 31
16 14 13
16 15 5
17 2 26
17 7 23
17 11 24
17 12 19
17 15 7
17 16 12
18 1 24
18 5 12
18 8 12
18 10 30
18 11 10
18 13 30
18 14 31
18 15 11
18 16 13
19 0 27
19 1 31
19 4 18
19 8 32
19 9 13
19 13 31
19 14 27
19 15 23
19 17 24
19 18 13
20 0 3
20 1 11
20 2 14
20 3 22
20 4 15
20 5 24
20 6 9
20 7 1
20 8 21
20 11 19
20 13 21
20 14 26
20 15 5
20 16 11
20 19 9
21 0 9
21 3 10
21 7 10
21 12 5
21 13 28
21 14 25
21 16 19
21 17 32
21 18 3
21 20 15
22 0 15
22 1 9
22 2 26
22 4 19
22 6 2
22 7 28
22 8 24
22 9 4
22 11 5
22 12 25
22 13 14
22 14 3
22 16 29
22 18 25
22 20 20
23 1 22
23 2 9
23 4 12
23 7 12
23 11 6
23 13 11
23 17 3
23 18 23
23 19 30
23 20 18
23 21 17
23 22 23
24 0 29
24 8 9
24 9 9
24 10 17
24 11 4
24 13 4
24 14 1
24 15 26
24 21 4
24 23 28
25 4 29
25 6 32
25 7 31
25 10 28
25 11 8
25 13 2
25 14 17
25 17 32
25 18 22
26 2 4
26 4 24
26 5 12
26 11 8
26 13 20
26 17 11
26 20 16
26 21 6
26 23 31
26 24 13
26 25 32
27 0 20
27 1 19
27 4 6
27 6 12
27 10 28
27 16 18
27 17 17
27 18 12
27 21 30
27 22 2
27 23 28
27 25 4
28 4 2
28 5 27
28 6 13
28 7 2
28 9 29
28 11 18
28 13 4
28 15 28
28 16 4
28 21 18
28 25 25
29 2 12
29 3 10
29 5 29
29 6 29
29 8 16
29 13 16
29 15 28
29 17 24
29 19 9
29 22 23
29 24 31
29 25 17
29 27 22
30 1 22
30 3 16
30 6 17
30 10 2
30 11 27
30 12 1
30 13 29
30 15 2
30 18 5
30 20 31
30 22 2
30 26 30
30 27 25
30 29 25
31 2 22
31 5 18
31 10 26
31 12 19
31 14 32
31 15 16
31 17 20
31 19 32
31 20 9
31 21 13
31 22 2
31 23 11
31 28 25
31 29 4
31 30 32
32 0 4
32 2 21
32 3 19
32 4 29
32 6 5
32 7 7
32 10 30
32 12 29
32 13 6
32 15 13
32 16 27
32 21 27
32 22 20
32 24 30
32 25 1
32 26 18
32 27 20
32 28 10
32 29 9
32 30 32
32 31 15
33 0 2
33 2 2
33 4 19
33 5 21
33 6 24
33 9 4
33 10 21
33 12 28
33 13 7
33 14 30
33 15 28
33 17 29
33 18 18
33 19 26
33 21 25
33 26 31
33 28 20
33 29 28
33 31 21
34 0 5
34 3 16
34 4 20
34 5 16
34 6 20
34 7 19
34 8 31
34 10 1
34 14 21
34 15 3
34 16 1
34 20 20
34 21 27
34 22 8
34 24 10
34 25 5
34 28 12
34 29 7
34 30 10
34 32 12
35 1 3
35 2 18
35 3 10
35 4 20
35 6 11
35 7 14
35 8 32
35 9 13
35 12 20
35 14 15
35 17 21
35 19 11
35 20 5
35 21 2
35 22 14
35 23 19
35 24 28
35 26 12
35 27 23
35 28 7
35 29 21
36 1 21
36 2 19
36 3 28
36 5 15
36 6 32
36 8 24
36 10 18
36 15 24
36 16 31
36 18 13
36 19 22
36 26 14
36 28 19
36 34 14
37 0 19
37 2 24
37 3 8
37 6 7
37 10 31
37 11 28
37 16 18
37 18 31
37 19 2
37 20 30
37 22 29
37 23 20
37 24 31
37 25 3
37 27 24
37 28 13
37 30 13
37 31 1
37 33 32
37 34 11
37 35 25
38 0 17
38 1 30
38 6 32
38 8 12
38 10 10
38 11 10
38 12 29
38 16 9
38 17 3
38 18 21
38 19 12
38 20 29
38 21 22
38 22 25
38 24 30
38 25 30
38 29 3
38 31 9
38 32 5
38 33 5
38 34 20
38 35 19
38 36 27
39 1 28
39 4 3
39 5 12
39 6 30
39 7 3
39 8 22
39 9 31
39 13 20
39 14 12
39 16 21
39 17 10
39 18 11
39 20 28
39 23 14
39 24 30
39 27 31
39 30 28
39 32 13
39 34 1
39 35 29
39 36 25
39 37 19
39 38 27
40 0 4
40 2 29
40 3 12
40 4 18
40 7 23
40 9 31
40 10 31
40 12 27
40 13 3
40 14 9
40 15 31
40 19 12
40 23 16
40 29 30
40 30 1
40 32 3
40 33 2
40 34 6
40 38 30
41 1 28
41 3 15
41 5 18
41 6 32
41 10 24
41 13 8
41 14 16
41 15 7
41 17 27
41 20 2
41 21 30
41 22 6
41 23 21
41 25 5
41 30 20
41 31 6
41 33 14
41 34 1
41 35 5
41 36 3
42 1 23
42 2 7
42 3 20
42 4 17
42 7 1
42 8 3
42 9 11
42 11 32
42 13 24
42 15 14
42 16 26
42 17 5
42 19 1
42 21 7
42 22 22
42 24 14
42 25 6
42 27 28
42 28 31
42 30 3
42 34 18
42 35 27
42 37 4
42 39 1
42 41 1
43 0 5
43 1 11
43 2 17
43 4 32
43 5 5
43 7 26
43 8 24
43 9 18
43 10 18
43 11 14
43 13 27
43 16 10
43 18 32
43 20 28
43 22 32
43 23 29
43 24 8
43 26 25
43 28 3
43 29 26
43 31 27
43 32 23
43 34 22
43 35 12
43 36 22
43 37 21
43 40 9
43 41 12
44 3 3
44 13 5
44 14 27
44 19 24
44 20 16
44 22 31
44 23 26
44 26 22
44 28 2
44 31 6
44 32 32
44 34 29
44 35 21
44 37 32
44 43 3
45 0 4
45 2 29
45 3 24
45 4 12
45 6 19
45 8 2
45 10 27
45 11 26
45 13 3
45 14 19
45 16 25
45 18 5
45 19 8
45 20 23
45 21 8
45 22 4
45 23 11
45 24 1
45 26 2
45 27 12
45 29 1
45 30 21
45 31 2
45 32 17
45 35 28
45 37 11
45 38 24
45 39 12
45 40 17
46 5 22
46 6 12
46 7 10
46 11 24
46 12 8
46 13 7
46 19 16
46 21 25
46 23 13
46 25 15
46 28 21
46 30 24
46 31 11
46 35 7
46 37 26
46 38 27
46 39 2
46 40 16
46 41 2
46 44 25
47 0 12
47 3 23
47 5 5
47 9 8
47 10 26
47 11 27
47 14 11
47 15 24
47 16 15
47 17 24
47 20 20
47 21 31
47 23 2
47 28 12
47 32 1
47 33 14
47 36 17
47 37 27
47 39 21
47 40 7
47 42 31
47 43 3
47 46 1
48 0 17
48 3 16
48 4 20
48 5 32
48 6 1
48 7 21
48 8 30
48 9 22
48 11 13
48 13 8
48 17 9
48 18 6
48 20 24
48 22 27
48 24 9
48 27 18
48 28 27
48 29 2
48 30 15
48 34 15
48 35 7
48 36 13
48 37 2
48 40 25
48 41 21
48 45 25
48 46 18
48 47 19
