64
3 1 1
4 0 7
5 0 4
5 1 13
5 2 6
5 4 12
6 0 12
6 1 1
6 3 6
6 5 8
7 1 10
7 4 10
8 0 8
8 5 15
8 6 14
8 7 7
9 2 12
9 3 4
9 4 7
10 1 2
10 4 13
10 5 12
10 7 16
11 0 16
11 2 16
11 3 15
11 4 7
11 5 15
11 6 1
11 7 13
12 1 1
12 3 10
12 5 13
12 9 8
13 2 16
13 3 5
13 4 12
13 5 8
13 6 15
13 9 3
13 11 2
14 0 4
14 1 17
14 2 4
14 3 4
14 4 6
14 6 6
14 7 9
14 9 6
14 10 3
14 13 6
15 1 3
15 3 4
15 6 1
15 7 12
15 8 6
15 10 2
15 11 1
15 12 13
15 14 12
16 1 17
16 3 4
16 5 8
16 6 5
16 7 17
16 9 15
16 10 2
16 11 11
16 13 1
16 15 5
17 0 14
17 1 3
17 4 3
17 7 12
17 10 13
17 12 3
17 14 8
17 15 6
18 1 5
18 2 13
18 3 8
18 4 17
18 7 6
18 11 17
18 12 16
18 13 16
18 16 4
18 17 16
19 0 15
19 2 5
19 4 1
19 5 8
19 6 12
19 7 1
19 8 14
19 14 6
19 15 12
19 17 15
19 18 8
20 1 2
20 3 15
20 6 10
20 8 13
20 9 7
20 10 11
20 11 12
20 13 16
20 15 5
20 16 10
20 17 13
20 19 17
21 0 13
21 4 8
21 5 14
21 7 5
21 11 2
21 14 8
21 15 15
21 16 10
21 17 3
21 18 2
22 0 13
22 1 10
22 2 8
22 3 17
22 4 1
22 6 4
22 7 7
22 8 11
22 10 13
22 11 9
22 13 5
22 17 7
22 18 7
23 1 8
23 4 5
23 5 12
23 6 16
23 10 3
23 17 8
23 18 16
23 19 1
23 21 15
23 22 8
24 0 2
24 4 9
24 7 11
24 11 10
24 13 3
24 15 9
24 18 6
24 19 8
24 22 14
24 23 2
25 1 17
25 4 13
25 5 5
25 6 5
25 7 10
25 9 7
25 10 4
25 16 3
25 23 9
25 24 5
26 0 5
26 2 11
26 3 9
26 6 10
26 8 9
26 9 3
26 10 13
26 11 1
26 13 8
26 14 17
26 15 8
26 17 1
26 20 12
26 21 10
26 24 12
27 2 8
27 3 12
27 4 9
27 7 6
27 8 1
27 11 6
27 14 12
27 16 12
27 17 13
27 22 11
27 23 8
27 25 2
27 26 10
28 1 12
28 2 5
28 9 1
28 13 9
28 14 10
28 15 10
28 18 16
28 19 2
28 20 13
28 23 11
28 25 4
28 27 13
29 3 12
29 4 17
29 5 11
29 7 11
29 8 2
29 11 6
29 12 2
29 15 4
29 16 10
29 17 8
29 18 3
29 22 1
29 23 9
29 24 1
29 28 8
30 0 17
30 1 13
30 2 1
30 3 10
30 4 8
30 5 5
30 9 12
30 13 2
30 14 4
30 17 1
30 19 2
30 20 7
30 21 1
30 23 2
30 25 2
30 27 10
30 28 8
31 0 6
31 2 5
31 3 2
31 5 10
31 6 17
31 7 3
31 8 15
31 9 17
31 10 16
31 12 13
31 14 16
31 15 11
31 16 8
31 19 6
31 20 14
31 22 10
31 26 13
31 27 1
31 28 12
31 29 6
31 30 1
32 6 5
32 7 5
32 8 14
32 9 15
32 14 10
32 15 3
32 22 1
32 23 13
32 28 6
32 31 8
33 0 15
33 2 15
33 3 10
33 6 11
33 9 5
33 10 12
33 11 3
33 12 16
33 13 15
33 18 13
33 19 16
33 21 7
33 25 16
33 28 12
33 29 2
33 30 9
33 32 10
34 1 10
34 2 10
34 3 16
34 6 6
34 8 11
34 10 16
34 14 8
34 16 15
34 21 17
34 22 16
34 26 6
34 27 10
34 29 9
34 30 16
34 31 16
34 32 5
35 0 15
35 1 6
35 2 12
35 3 5
35 6 11
35 10 17
35 12 13
35 14 16
35 15 1
35 18 15
35 19 11
35 20 3
35 21 9
35 22 11
35 23 8
35 25 1
35 28 5
35 29 3
35 30 14
35 31 1
35 34 12
36 0 7
36 9 12
36 10 1
36 12 13
36 15 1
36 18 15
36 19 15
36 20 2
36 24 4
36 25 9
36 26 12
36 32 17
36 33 14
36 34 3
37 0 17
37 1 10
37 2 12
37 3 15
37 6 9
37 7 4
37 8 12
37 11 7
37 13 11
37 22 12
37 24 14
37 25 8
37 26 17
37 27 8
37 28 1
37 29 12
37 30 14
37 34 14
37 35 3
37 36 10
38 1 11
38 2 4
38 4 10
38 8 9
38 9 15
38 16 17
38 19 5
38 20 8
38 21 12
38 22 4
38 23 11
38 28 13
38 30 15
38 32 10
38 34 16
38 35 6
38 37 14
39 2 15
39 4 11
39 5 16
39 7 16
39 10 10
39 11 4
39 12 15
39 17 7
39 20 17
39 22 15
39 23 2
39 24 13
39 25 12
39 26 4
39 30 7
39 33 14
39 35 4
39 36 12
39 37 6
39 38 2
40 0 14
40 7 8
40 9 7
40 14 5
40 17 13
40 18 5
40 19 11
40 20 17
40 22 13
40 27 7
40 30 4
40 31 3
40 34 16
40 35 10
40 36 10
40 38 10
41 2 11
41 3 10
41 5 11
41 8 5
41 9 11
41 10 15
41 11 1
41 12 16
41 13 10
41 14 9
41 17 2
41 18 13
41 20 2
41 22 5
41 24 16
41 27 15
41 29 3
41 30 10
41 31 14
41 32 4
41 33 2
41 34 2
41 36 7
41 37 5
41 38 3
41 39 17
42 0 3
42 3 3
42 6 13
42 9 6
42 14 10
42 16 2
42 17 6
42 18 16
42 19 5
42 20 10
42 21 6
42 22 12
42 23 2
42 24 8
42 27 6
42 28 16
42 29 8
42 30 8
42 31 12
42 34 8
42 35 1
42 36 6
42 38 5
42 39 15
42 41 11
43 1 7
43 2 16
43 6 16
43 10 11
43 13 7
43 14 11
43 16 16
43 17 12
43 18 12
43 19 8
43 21 16
43 26 10
43 28 3
43 29 13
43 31 6
43 33 10
43 34 10
43 36 6
43 37 15
43 39 3
43 40 9
44 0 11
44 2 10
44 3 8
44 4 5
44 6 16
44 7 15
44 8 5
44 11 13
44 12 12
44 13 2
44 14 15
44 15 17
44 16 13
44 23 6
44 25 5
44 26 7
44 27 8
44 28 6
44 29 11
44 30 10
44 32 2
44 33 1
44 35 2
44 36 5
44 40 3
45 0 12
45 1 14
45 3 11
45 4 7
45 9 2
45 10 13
45 11 2
45 12 1
45 13 14
45 15 4
45 16 2
45 18 14
45 20 7
45 22 12
45 26 5
45 27 9
45 28 10
45 30 8
45 31 12
45 33 10
45 34 9
45 35 1
45 36 10
45 39 3
45 43 14
45 44 17
46 0 13
46 7 17
46 10 11
46 12 12
46 15 14
46 16 2
46 17 5
46 18 3
46 19 17
46 20 10
46 21 10
46 22 1
46 23 17
46 25 6
46 26 14
46 28 4
46 31 5
46 32 13
46 34 5
46 35 14
46 37 14
46 38 17
46 40 14
46 44 10
47 0 3
47 2 14
47 3 7
47 4 2
47 5 8
47 7 4
47 8 17
47 10 14
47 11 6
47 14 4
47 15 5
47 16 4
47 18 16
47 19 15
47 21 4
47 22 9
47 26 6
47 32 17
47 33 14
47 34 15
47 37 12
47 38 3
47 39 1
47 40 3
47 43 11
47 44 1
47 46 11
48 0 12
48 4 17
48 7 13
48 8 9
48 9 5
48 11 7
48 12 7
48 13 7
48 18 15
48 19 3
48 20 1
48 21 4
48 25 13
48 26 12
48 28 16
48 29 6
48 30 12
48 31 17
48 32 8
48 33 9
48 35 14
48 38 10
48 39 1
48 41 8
48 46 14
49 0 6
49 4 16
49 8 6
49 9 2
49 12 16
49 16 14
49 17 14
49 18 8
49 20 14
49 21 17
49 25 3
49 27 16
49 29 12
49 30 9
49 32 5
49 35 4
49 36 14
49 39 2
49 42 17
49 43 7
49 44 17
49 46 11
49 48 16
50 2 15
50 9 9
50 13 5
50 14 13
50 17 6
50 18 10
50 22 6
50 23 3
50 24 9
50 26 1
50 27 13
50 31 16
50 32 7
50 33 6
50 34 12
50 36 13
50 37 10
50 38 15
50 39 5
50 41 15
50 43 12
50 48 10
50 49 2
51 1 11
51 2 16
51 4 5
51 5 12
51 6 10
51 7 16
51 9 16
51 12 11
51 13 13
51 15 2
51 16 14
51 19 16
51 22 4
51 23 16
51 24 9
51 25 16
51 28 5
51 29 12
51 30 9
51 36 11
51 38 9
51 42 16
51 45 4
51 46 16
51 49 3
52 0 6
52 3 7
52 5 11
52 13 10
52 14 10
52 17 1
52 18 7
52 19 14
52 20 15
52 22 9
52 23 12
52 24 12
52 26 6
52 27 14
52 28 6
52 29 6
52 30 6
52 32 5
52 33 3
52 34 2
52 36 11
52 38 3
52 40 1
52 43 14
52 44 7
52 46 12
52 47 16
52 48 8
52 49 12
52 50 3
52 51 15
53 0 9
53 1 13
53 2 2
53 5 10
53 10 13
53 11 7
53 12 16
53 17 11
53 18 11
53 19 7
53 20 5
53 22 1
53 24 11
53 25 11
53 26 14
53 27 4
53 28 8
53 31 8
53 32 4
53 35 14
53 36 14
53 38 11
53 40 16
53 42 12
53 44 6
53 48 14
53 50 11
53 52 14
54 0 14
54 1 6
54 2 8
54 7 9
54 8 4
54 9 13
54 10 4
54 12 13
54 14 16
54 15 4
54 18 14
54 19 5
54 20 13
54 24 6
54 25 13
54 26 6
54 29 7
54 30 5
54 31 13
54 35 16
54 37 8
54 38 1
54 40 13
54 44 13
54 45 9
54 46 15
54 47 8
54 49 1
55 0 5
55 6 9
55 7 17
55 8 16
55 10 16
55 12 10
55 16 10
55 17 9
55 19 6
55 20 17
55 21 16
55 23 4
55 26 15
55 27 16
55 30 7
55 32 2
55 33 17
55 34 13
55 36 1
55 37 8
55 39 6
55 40 9
55 42 15
55 43 11
55 44 15
55 45 8
55 46 8
55 47 17
55 50 12
55 54 2
56 0 17
56 1 15
56 2 15
56 3 17
56 4 8
56 5 11
56 7 3
56 8 17
56 9 12
56 10 11
56 11 5
56 12 5
56 17 14
56 18 2
56 19 12
56 21 2
56 22 1
56 24 5
56 25 13
56 26 1
56 27 15
56 29 4
56 31 11
56 32 13
56 33 8
56 34 17
56 38 3
56 39 16
56 40 13
56 41 9
56 43 15
56 44 13
56 49 3
56 50 9
56 54 17
57 0 16
57 1 12
57 6 11
57 10 16
57 11 12
57 14 16
57 15 11
57 17 15
57 18 15
57 20 16
57 21 14
57 25 11
57 26 5
57 27 10
57 28 10
57 31 10
57 32 7
57 36 14
57 37 4
57 39 10
57 43 16
57 47 9
57 48 9
57 54 11
57 55 17
57 56 16
58 0 9
58 3 6
58 4 9
58 5 1
58 6 15
58 9 7
58 12 12
58 14 10
58 15 13
58 17 15
58 18 11
58 19 8
58 23 8
58 24 5
58 25 12
58 28 6
58 29 7
58 31 3
58 33 14
58 34 15
58 36 8
58 37 13
58 40 3
58 42 9
58 44 13
58 45 4
58 46 3
58 48 5
58 49 4
58 50 7
58 51 1
58 52 13
58 56 6
58 57 6
59 2 4
59 3 16
59 4 3
59 9 3
59 10 7
59 11 11
59 20 9
59 21 2
59 22 17
59 24 17
59 28 6
59 29 13
59 32 1
59 34 4
59 37 15
59 42 3
59 46 4
59 51 9
59 54 5
59 56 5
59 58 9
60 3 4
60 4 8
60 5 14
60 6 7
60 7 11
60 15 11
60 24 6
60 25 7
60 26 11
60 28 2
60 29 12
60 30 11
60 32 1
60 33 5
60 34 17
60 35 1
60 37 10
60 41 10
60 44 2
60 50 10
60 52 9
60 53 12
60 54 9
60 57 15
60 58 5
61 2 7
61 4 5
61 5 3
61 6 7
61 7 10
61 8 1
61 10 6
61 12 14
61 14 1
61 20 16
61 23 17
61 26 15
61 27 3
61 28 3
61 29 9
61 30 13
61 31 1
61 32 4
61 34 14
61 36 1
61 39 11
61 41 5
61 42 4
61 45 1
61 46 5
61 48 5
61 50 13
61 56 5
61 59 7
61 60 17
62 4 9
62 5 8
62 6 10
62 8 6
62 10 3
62 11 11
62 14 9
62 16 17
62 17 3
62 18 13
62 19 1
62 21 1
62 24 13
62 25 14
62 29 12
62 30 10
62 35 16
62 36 13
62 39 10
62 40 7
62 41 15
62 44 2
62 45 5
62 47 12
62 48 9
62 50 14
62 51 15
62 53 2
62 54 8
62 56 3
62 57 3
62 59 11
62 60 11
62 61 11
63 0 17
63 2 13
63 3 1
63 5 10
63 8 13
63 9 6
63 11 6
63 13 9
63 15 8
63 17 1
63 20 9
63 25 6
63 26 7
63 27 8
63 28 4
63 32 3
63 34 2
63 35 7
63 38 11
63 39 4
63 40 13
63 43 9
63 44 6
63 45 15
63 49 9
63 50 7
63 51 15
63 52 1
63 53 5
63 55 17
63 57 16
63 58 9
63 60 14
63 61 15
63 62 4
