32
2 0 19
3 0 30
3 1 30
3 2 3
4 0 33
4 2 21
5 1 23
5 2 1
5 3 37
6 1 1
6 2 22
6 3 42
6 5 27
7 1 22
7 3 8
7 5 12
7 6 8
8 0 45
8 3 37
8 5 1
8 6 23
8 7 20
9 0 19
9 1 25
9 5 9
9 6 13
9 7 19
9 8 33
10 0 29
10 2 1
10 3 32
10 5 13
11 3 17
11 5 7
11 7 33
11 8 29
11 9 43
12 0 19
12 1 1
12 4 4
12 5 32
12 6 31
12 8 21
12 9 17
12 10 35
13 4 18
13 5 12
13 7 31
13 10 22
13 11 20
13 12 23
14 1 13
14 2 31
14 3 9
14 4 17
14 6 23
14 8 16
14 9 10
14 11 27
14 12 11
14 13 38
15 0 35
15 1 40
15 3 30
15 5 10
15 11 7
15 12 7
16 1 21
16 2 19
16 3 31
16 4 21
16 5 28
16 7 45
16 9 39
16 10 3
16 11 12
16 13 35
17 2 41
17 4 27
17 5 39
17 6 24
17 7 16
17 8 21
17 10 39
17 15 27
18 0 2
18 2 24
18 5 30
18 6 20
18 8 20
18 9 15
18 10 40
18 13 14
18 17 3
19 0 14
19 1 19
19 2 2
19 7 6
19 10 24
19 11 4
19 13 31
19 14 32
19 15 29
19 16 32
20 0 16
20 2 33
20 3 30
20 4 45
20 8 27
20 15 10
20 18 31
20 19 9
21 3 13
21 6 39
21 9 44
21 10 40
21 11 5
21 12 9
21 14 42
21 15 44
21 19 35
21 20 18
22 0 19
22 3 44
22 5 40
22 7 1
22 9 15
22 10 5
22 11 15
22 12 36
22 13 10
22 14 38
22 16 46
22 17 38
22 19 43
23 6 27
23 7 16
23 8 31
23 10 28
23 11 7
23 15 40
23 16 28
23 17 35
24 0 13
24 1 26
24 2 40
24 5 4
24 6 21
24 9 33
24 11 39
24 12 19
24 13 43
24 15 15
24 18 2
24 19 36
24 20 4
24 21 43
24 22 45
24 23 36
25 0 26
25 1 34
25 3 19
25 5 38
25 6 41
25 7 32
25 8 46
25 11 35
25 13 42
25 16 43
25 17 28
25 20 16
25 22 10
26 3 29
26 6 19
26 7 12
26 8 35
26 9 30
26 10 32
26 12 14
26 14 44
26 15 43
26 17 34
26 18 45
26 19 9
26 21 1
27 3 44
27 5 41
27 6 13
27 10 13
27 11 37
27 13 30
27 15 19
27 17 40
27 18 41
27 20 2
27 21 20
27 22 16
27 24 37
27 25 37
27 26 32
28 0 12
28 1 42
28 2 42
28 6 4
28 7 29
28 9 11
28 10 26
28 11 10
28 12 12
28 13 17
28 15 15
28 16 32
28 17 4
28 19 11
28 20 40
28 21 37
28 22 29
28 25 6
28 27 25
29 0 14
29 1 11
29 3 10
29 4 9
29 6 18
29 9 3
29 10 13
29 11 17
29 12 19
29 17 32
29 18 41
29 19 32
29 20 46
29 21 28
29 22 3
29 23 1
29 24 25
29 25 27
29 26 10
29 28 44
30 1 43
30 2 36
30 4 9
30 8 14
30 9 38
30 13 38
30 14 29
30 15 12
30 19 29
30 20 44
30 21 36
30 22 5
30 26 3
31 2 25
31 3 6
31 4 29
31 5 8
31 7 40
31 9 34
31 11 28
31 14 4
31 16 31
31 17 27
31 19 14
31 20 14
31 26 28
31 27 37
31 28 44
31 29 24
