45
1 0 35
2 1 2
3 0 46
3 2 24
4 0 35
4 2 1
4 3 32
5 0 11
5 2 35
5 3 40
6 2 22
6 4 34
6 5 38
7 0 36
7 1 31
7 5 10
7 6 34
8 0 21
8 3 2
8 4 51
8 6 1
9 1 6
9 2 47
9 5 29
9 7 10
10 1 12
10 3 55
10 6 32
11 0 6
11 1 43
11 2 55
11 5 43
11 6 28
11 8 33
11 10 8
12 1 56
12 2 45
12 7 10
12 11 17
13 3 18
13 4 36
13 5 45
13 6 28
13 7 1
13 9 28
13 10 55
13 12 21
14 0 27
14 1 32
14 3 1
14 4 33
14 7 47
14 11 32
15 2 52
15 4 35
15 5 1
15 7 25
15 8 22
15 9 22
15 11 54
15 12 42
15 13 1
16 1 26
16 2 16
16 3 14
16 4 13
16 5 41
16 6 47
16 7 28
16 9 35
16 10 5
16 11 20
16 14 5
16 15 53
17 0 7
17 1 20
17 4 48
17 15 34
17 16 52
18 0 11
18 3 9
18 7 46
18 8 41
18 10 40
18 11 13
18 14 18
18 17 34
19 1 26
19 5 43
19 10 56
19 12 14
19 13 49
19 14 28
19 17 36
20 0 38
20 2 39
20 3 20
20 7 41
20 8 15
20 9 27
20 12 47
20 15 46
20 16 24
20 17 5
20 19 42
21 0 3
21 1 30
21 2 35
21 5 53
21 7 24
21 9 31
21 10 3
21 13 35
21 15 5
21 16 10
21 17 41
21 20 27
22 0 50
22 3 16
22 6 35
22 7 2
22 9 56
22 11 8
22 12 13
22 13 38
22 14 23
22 15 34
22 16 2
22 18 49
23 0 8
23 4 16
23 6 56
23 13 35
23 15 18
23 18 14
23 20 32
23 22 18
24 0 11
24 1 8
24 2 49
24 5 10
24 7 7
24 8 47
24 9 8
24 10 15
24 13 10
24 16 21
24 22 15
24 23 25
25 0 6
25 1 13
25 2 42
25 4 22
25 7 7
25 8 10
25 10 53
25 11 19
25 13 53
25 14 42
25 15 41
25 17 18
25 19 27
25 21 17
25 22 14
25 23 8
26 1 10
26 2 40
26 4 35
26 8 21
26 9 45
26 14 46
26 16 40
26 17 45
26 18 10
26 19 12
26 22 29
26 23 14
26 25 2
27 0 53
27 2 37
27 4 53
27 5 15
27 9 55
27 12 10
27 14 15
27 15 40
27 16 38
27 17 12
27 18 5
27 19 18
27 21 31
27 22 12
27 23 52
27 24 42
28 4 16
28 5 32
28 10 22
28 11 7
28 16 19
28 20 17
28 21 4
28 23 35
28 25 39
29 1 4
29 5 18
29 7 56
29 9 33
29 11 11
29 13 31
29 17 34
29 18 44
29 20 23
29 21 35
29 22 8
29 24 38
30 1 14
30 2 15
30 3 25
30 4 20
30 5 29
30 7 22
30 10 45
30 13 35
30 15 39
30 16 35
30 17 39
30 21 47
30 22 13
30 23 20
30 25 20
30 26 7
31 0 31
31 1 52
31 4 27
31 5 42
31 6 7
31 7 17
31 8 4
31 9 16
31 14 21
31 18 43
31 19 4
31 20 53
31 21 19
31 22 10
31 25 17
31 26 6
31 27 19
32 1 23
32 3 27
32 4 7
32 7 28
32 8 3
32 9 42
32 10 7
32 12 46
32 14 29
32 17 54
32 22 50
32 23 26
32 25 50
32 26 46
32 27 41
32 29 12
32 30 21
33 0 54
33 2 11
33 4 37
33 5 10
33 8 19
33 9 33
33 10 36
33 14 2
33 15 37
33 16 54
33 19 40
33 25 19
33 26 19
33 27 45
33 30 5
33 31 27
33 32 7
34 2 55
34 4 44
34 6 15
34 11 23
34 12 43
34 13 2
34 14 47
34 15 27
34 16 16
34 17 10
34 18 31
34 25 25
34 29 10
34 30 9
35 0 40
35 1 21
35 5 26
35 6 25
35 7 44
35 8 28
35 10 46
35 11 40
35 13 12
35 14 11
35 15 46
35 17 26
35 21 6
35 22 42
35 23 29
35 26 17
35 34 29
36 2 33
36 5 5
36 6 33
36 7 26
36 11 3
36 12 49
36 13 11
36 16 14
36 17 32
36 21 45
36 22 30
36 24 15
36 26 51
36 27 4
36 33 40
36 35 40
37 0 28
37 1 49
37 2 37
37 5 21
37 10 23
37 11 27
37 12 13
37 13 25
37 14 24
37 15 7
37 16 25
37 17 3
37 20 9
37 22 10
37 23 25
37 24 30
37 31 31
37 32 37
37 33 49
37 34 7
38 5 20
38 6 30
38 8 12
38 12 41
38 14 9
38 18 34
38 21 20
38 24 7
38 25 44
38 26 9
38 28 35
38 29 25
38 30 9
38 32 31
38 33 54
39 0 39
39 2 54
39 3 35
39 6 34
39 7 7
39 8 42
39 9 55
39 12 15
39 13 34
39 16 47
39 17 46
39 19 9
39 21 15
39 22 29
39 26 40
39 29 53
39 30 23
39 33 36
39 34 54
39 35 41
39 37 56
40 0 30
40 1 54
40 3 16
40 6 53
40 12 41
40 13 29
40 15 5
40 17 16
40 21 39
40 23 17
40 25 16
40 26 1
40 30 12
40 31 36
40 34 11
40 38 19
41 1 20
41 4 29
41 5 17
41 6 54
41 8 33
41 12 44
41 16 15
41 17 48
41 19 4
41 20 47
41 21 40
41 22 50
41 25 53
41 27 45
41 28 18
41 29 5
41 31 16
41 32 37
41 34 55
41 35 15
41 40 13
42 0 30
42 1 24
42 2 6
42 3 46
42 9 33
42 10 49
42 11 3
42 12 2
42 14 23
42 22 3
42 23 31
42 26 29
42 27 38
42 29 26
42 31 34
42 33 19
42 35 26
42 37 18
42 38 5
42 39 28
42 40 52
43 5 30
43 6 21
43 7 21
43 10 11
43 12 8
43 14 5
43 17 34
43 19 25
43 20 17
43 21 30
43 23 34
43 24 11
43 25 42
43 26 14
43 27 47
43 28 51
43 30 44
43 33 7
43 35 3
43 36 25
43 37 21
43 40 13
44 1 42
44 2 26
44 5 28
44 6 39
44 10 35
44 18 26
44 19 34
44 20 29
44 23 11
44 24 4
44 25 8
44 27 6
44 28 37
44 33 34
44 34 54
44 36 38
44 37 28
44 38 26
44 39 44
44 40 22
44 42 55
44 43 36
