35
1 0 28
2 0 26
2 1 12
3 0 28
3 1 28
3 2 13
4 0 9
4 1 28
4 2 40
4 3 36
5 0 44
5 1 40
5 2 38
5 3 33
5 4 37
6 0 30
6 1 22
6 2 36
6 3 32
6 4 18
6 5 34
7 0 17
7 1 5
7 2 31
7 3 20
7 4 36
7 5 6
7 6 14
8 0 9
8 1 42
8 2 30
8 3 47
8 4 3
8 5 8
8 6 47
8 7 2
9 0 36
9 1 32
9 2 7
9 3 15
9 4 2
9 5 5
9 6 17
9 7 26
9 8 10
10 0 11
10 1 20
10 2 14
10 3 2
10 4 9
10 5 7
10 6 14
10 7 34
10 8 29
10 9 5
11 0 12
11 1 13
11 2 20
11 3 15
11 4 1
11 5 33
11 6 33
11 7 42
11 8 42
11 9 43
11 10 9
12 0 16
12 1 10
12 2 6
12 3 15
12 4 39
12 5 45
12 6 12
12 7 23
12 8 14
12 9 23
12 10 20
12 11 16
13 0 37
13 1 3
13 2 36
13 3 8
13 4 5
13 5 25
13 6 4
13 7 30
13 8 18
13 9 17
13 10 47
13 11 23
13 12 34
14 0 2
14 1 31
14 2 41
14 3 32
14 4 17
14 5 10
14 6 29
14 7 11
14 8 9
14 9 26
14 10 17
14 11 26
14 12 33
14 13 47
15 0 25
15 1 40
15 2 9
15 3 6
15 4 27
15 5 44
15 6 47
15 7 26
15 8 35
15 9 7
15 10 9
15 11 35
15 12 35
15 13 20
15 14 31
16 0 47
16 1 24
16 2 37
16 3 19
16 4 2
16 5 12
16 6 2
16 7 33
16 8 12
16 9 38
16 10 30
16 11 27
16 12 3
16 13 4
16 14 14
16 15 33
17 0 5
17 1 46
17 2 29
17 3 32
17 4 31
17 5 37
17 6 11
17 7 29
17 8 32
17 9 38
17 10 26
17 11 40
17 12 45
17 13 39
17 14 46
17 15 34
17 16 8
18 0 27
18 1 47
18 2 29
18 3 36
18 4 22
18 5 8
18 6 27
18 7 47
18 8 18
18 9 1
18 10 21
18 11 13
18 12 34
18 13 47
18 14 43
18 15 10
18 16 22
18 17 41
19 0 21
19 1 30
19 2 3
19 3 1
19 4 31
19 5 16
19 6 44
19 7 36
19 8 26
19 9 35
19 10 12
19 11 24
19 12 42
19 13 18
19 14 9
19 15 19
19 16 29
19 17 6
19 18 36
20 0 37
20 1 41
20 2 18
20 3 4
20 4 32
20 5 10
20 6 35
20 7 20
20 8 47
20 9 3
20 10 1
20 11 28
20 12 9
20 13 16
20 14 7
20 15 29
20 16 38
20 17 8
20 18 43
20 19 13
21 0 36
21 1 29
21 2 16
21 3 32
21 4 28
21 5 10
21 6 42
21 7 10
21 8 41
21 9 29
21 10 9
21 11 47
21 12 27
21 13 31
21 14 40
21 15 35
21 16 8
21 17 29
21 18 22
21 19 6
21 20 20
22 0 21
22 1 39
22 2 34
22 3 34
22 4 20
22 5 14
22 6 30
22 7 37
22 8 10
22 9 21
22 10 27
22 11 25
22 12 30
22 13 24
22 14 2
22 15 15
22 16 14
22 17 29
22 18 35
22 19 32
22 20 3
22 21 9
23 0 23
23 1 28
23 2 3
23 3 33
23 4 8
23 5 31
23 6 27
23 7 6
23 8 24
23 9 31
23 10 47
23 11 42
23 12 42
23 13 28
23 14 44
23 15 28
23 16 14
23 17 11
23 18 44
23 19 3
23 20 42
23 21 17
23 22 14
24 0 3
24 1 21
24 2 31
24 3 12
24 4 32
24 5 1
24 6 34
24 7 22
24 8 46
24 9 46
24 10 32
24 11 10
24 12 21
24 13 47
24 14 22
24 15 2
24 16 30
24 17 38
24 18 31
24 19 2
24 20 39
24 21 37
24 22 19
24 23 11
25 0 15
25 1 28
25 2 40
25 3 20
25 4 16
25 5 35
25 6 16
25 7 17
25 8 6
25 9 2
25 10 44
25 11 31
25 12 39
25 13 17
25 14 4
25 15 19
25 16 17
25 17 21
25 18 37
25 19 3
25 20 15
25 21 35
25 22 16
25 23 2
25 24 26
26 0 38
26 1 22
26 2 12
26 3 46
26 4 26
26 5 25
26 6 25
26 7 44
26 8 15
26 9 12
26 10 26
26 11 34
26 12 36
26 13 36
26 14 24
26 15 32
26 16 46
26 17 9
26 18 15
26 19 32
26 20 47
26 21 17
26 22 17
26 23 27
26 24 6
26 25 24
27 0 20
27 1 28
27 2 24
27 3 42
27 4 20
27 5 16
27 6 36
27 7 22
27 8 29
27 9 44
27 10 36
27 11 31
27 12 3
27 13 24
27 14 38
27 15 16
27 16 45
27 17 43
27 18 38
27 19 21
27 20 16
27 21 42
27 22 13
27 23 30
27 24 14
27 25 14
27 26 4
28 0 4
28 1 30
28 2 30
28 3 15
28 4 19
28 5 36
28 6 2
28 7 2
28 8 3
28 9 42
28 10 45
28 11 10
28 12 46
28 13 12
28 14 39
28 15 17
28 16 1
28 17 34
28 18 6
28 19 3
28 20 33
28 21 44
28 22 17
28 23 36
28 24 12
28 25 6
28 26 24
28 27 36
29 0 45
29 1 37
29 2 25
29 3 24
29 4 6
29 5 15
29 6 38
29 7 18
29 8 20
29 9 8
29 10 15
29 11 28
29 12 22
29 13 42
29 14 5
29 15 43
29 16 24
29 17 18
29 18 37
29 19 21
29 20 45
29 21 7
29 22 14
29 23 24
29 24 46
29 25 16
29 26 26
29 27 20
29 28 21
30 0 40
30 1 17
30 2 42
30 3 39
30 4 46
30 5 17
30 6 41
30 7 4
30 8 2
30 9 44
30 10 26
30 11 15
30 12 9
30 13 18
30 14 38
30 15 38
30 16 20
30 17 35
30 18 39
30 19 11
30 20 10
30 21 15
30 22 14
30 23 11
30 24 28
30 25 15
30 26 44
30 27 18
30 28 20
30 29 22
31 0 25
31 1 1
31 2 4
31 3 29
31 4 37
31 5 14
31 6 3
31 7 21
31 8 16
31 9 37
31 10 5
31 11 42
31 12 42
31 13 1
31 14 40
31 15 40
31 16 30
31 17 16
31 18 2
31 19 21
31 20 45
31 21 17
31 22 37
31 23 36
31 24 10
31 25 23
31 26 38
31 27 36
31 28 20
31 29 46
31 30 43
32 0 1
32 1 23
32 2 12
32 3 41
32 4 16
32 5 3
32 6 6
32 7 47
32 8 19
32 9 27
32 10 25
32 11 10
32 12 46
32 13 11
32 14 7
32 15 22
32 16 24
32 17 12
32 18 7
32 19 35
32 20 39
32 21 10
32 22 28
32 23 2
32 24 31
32 25 22
32 26 29
32 27 42
32 28 38
32 29 11
32 30 9
32 31 34
33 0 20
33 1 22
33 2 1
33 3 29
33 4 39
33 5 34
33 6 13
33 7 27
33 8 13
33 9 31
33 10 29
33 11 18
33 12 18
33 13 1
33 14 12
33 15 27
33 16 28
33 17 47
33 18 34
33 19 40
33 20 44
33 21 20
33 22 24
33 23 24
33 24 5
33 25 7
33 26 9
33 27 16
33 28 30
33 29 35
33 30 6
33 31 46
33 32 28
34 0 9
34 1 10
34 2 1
34 3 45
34 4 4
34 5 12
34 6 6
34 7 42
34 8 45
34 9 35
34 10 47
34 11 21
34 12 10
34 13 17
34 14 39
34 15 15
34 16 10
34 17 11
34 18 45
34 19 30
34 20 7
34 21 43
34 22 20
34 23 14
34 24 6
34 25 39
34 26 39
34 27 45
34 28 13
34 29 1
34 30 41
34 31 27
34 32 38
34 33 6
