49
1 0 2
2 0 3
2 1 1
3 0 3
3 1 3
3 2 1
4 0 3
4 1 2
4 2 4
5 1 3
6 1 4
6 2 1
6 4 4
7 0 2
7 1 4
7 3 4
7 4 1
7 5 4
8 5 3
8 6 3
8 7 1
9 0 4
9 2 3
9 3 2
9 4 4
9 8 3
10 5 1
10 6 3
10 7 4
10 8 4
10 9 2
11 2 2
11 3 1
11 4 4
11 6 3
11 8 4
11 10 2
12 2 2
12 3 2
12 4 3
12 7 2
12 8 2
12 9 1
13 1 4
13 4 3
13 5 1
13 6 3
13 8 4
14 0 2
14 4 2
14 6 2
14 7 1
14 9 2
14 13 2
15 1 4
15 5 4
15 8 4
15 9 2
15 10 3
15 11 2
15 13 1
16 0 3
16 1 4
16 6 3
16 8 3
16 10 3
16 11 2
16 12 1
16 13 4
16 15 3
17 0 2
17 2 2
17 4 2
17 6 2
17 7 4
17 11 3
17 12 4
17 14 2
17 15 1
18 0 1
18 5 1
18 7 2
18 8 3
18 9 1
18 10 2
18 11 1
18 12 2
18 14 4
18 15 3
18 17 2
19 1 2
19 3 4
19 4 3
19 7 1
19 11 2
19 12 3
19 13 1
19 14 2
19 15 1
20 1 4
20 3 2
20 4 2
20 5 3
20 6 1
20 10 4
20 11 3
20 12 1
20 14 1
20 15 2
20 16 1
20 18 4
21 0 4
21 1 4
21 3 2
21 4 4
21 6 4
21 8 4
21 12 4
21 13 3
21 18 1
21 19 1
21 20 1
22 2 2
22 3 2
22 7 1
22 9 1
22 11 4
22 14 1
22 18 4
22 20 4
22 21 1
23 1 2
23 2 1
23 5 4
23 6 3
23 10 4
23 11 3
23 12 4
23 14 3
23 15 3
23 16 4
23 17 3
23 19 1
24 0 4
24 1 3
24 2 2
24 4 3
24 10 4
24 14 1
24 16 4
24 17 3
24 18 3
24 23 2
25 0 3
25 1 1
25 3 3
25 5 1
25 8 2
25 11 2
25 12 4
25 13 1
25 14 2
25 15 4
25 17 3
25 21 1
25 23 1
25 24 3
26 2 1
26 3 2
26 4 1
26 6 3
26 7 1
26 10 1
26 13 3
26 14 4
26 15 4
26 18 1
26 19 1
26 21 1
26 24 4
27 3 1
27 6 2
27 9 2
27 11 1
27 13 4
27 14 1
27 18 4
27 20 2
27 21 4
27 24 1
27 25 4
28 2 1
28 5 1
28 10 1
28 12 4
28 15 3
28 18 4
28 20 4
28 21 3
28 24 1
29 2 2
29 8 2
29 9 3
29 11 4
29 13 4
29 16 1
29 18 1
29 19 4
29 20 4
29 21 2
29 23 3
29 25 4
29 28 2
30 0 2
30 1 3
30 2 4
30 3 2
30 5 3
30 6 1
30 9 1
30 10 4
30 13 2
30 15 2
30 16 3
30 17 1
30 18 1
30 20 1
30 21 3
30 26 2
30 28 2
31 0 2
31 1 4
31 2 2
31 3 2
31 6 1
31 7 3
31 8 1
31 9 2
31 10 4
31 12 3
31 13 1
31 18 3
31 20 4
31 21 4
31 22 4
31 23 1
31 24 4
31 27 3
31 28 2
31 29 1
31 30 1
32 1 4
32 2 4
32 6 1
32 9 1
32 10 2
32 11 1
32 12 1
32 13 4
32 14 3
32 16 4
32 17 3
32 19 4
32 21 1
32 23 3
32 24 3
32 25 3
32 27 3
32 28 4
32 30 4
32 31 2
33 0 4
33 1 4
33 4 4
33 7 2
33 9 4
33 10 3
33 11 2
33 13 2
33 14 2
33 15 3
33 16 4
33 17 2
33 19 1
33 20 3
33 23 4
33 24 3
33 25 2
33 28 1
33 29 4
33 30 3
33 31 2
33 32 3
34 1 2
34 4 3
34 6 3
34 10 2
34 12 1
34 13 4
34 14 1
34 15 1
34 16 1
34 18 3
34 19 1
34 20 4
34 22 3
34 23 2
34 25 1
34 26 3
34 29 2
35 1 4
35 3 3
35 4 1
35 6 4
35 9 1
35 19 2
35 22 2
35 23 2
35 26 2
35 30 3
35 32 3
36 0 1
36 4 3
36 5 4
36 7 4
36 10 3
36 11 1
36 13 1
36 15 3
36 17 3
36 20 2
36 21 3
36 22 2
36 23 1
36 26 1
36 30 1
36 33 4
37 1 3
37 2 3
37 3 3
37 6 4
37 8 4
37 10 1
37 12 2
37 14 4
37 15 2
37 22 2
37 28 2
37 31 2
37 32 4
37 34 4
37 35 4
38 0 4
38 2 3
38 3 1
38 4 3
38 5 2
38 6 3
38 7 4
38 9 1
38 12 2
38 14 4
38 15 2
38 16 3
38 17 2
38 19 1
38 20 1
38 21 4
38 22 1
38 23 1
38 24 4
38 26 4
38 27 3
38 28 3
38 31 3
38 32 4
38 33 1
38 34 3
38 35 4
39 0 2
39 1 2
39 2 4
39 3 1
39 4 1
39 6 4
39 8 2
39 9 4
39 10 1
39 11 1
39 12 1
39 14 4
39 15 1
39 20 3
39 21 3
39 23 2
39 27 1
39 30 2
39 32 2
39 33 1
39 34 2
39 37 2
40 2 3
40 3 3
40 4 2
40 5 3
40 8 4
40 9 2
40 10 2
40 11 2
40 12 2
40 13 1
40 14 4
40 15 2
40 18 2
40 19 2
40 20 1
40 22 3
40 23 2
40 25 4
40 27 3
40 29 1
40 31 3
40 32 3
40 33 4
40 35 4
40 36 4
40 37 2
40 38 1
41 0 1
41 2 1
41 3 4
41 8 4
41 9 3
41 12 1
41 13 1
41 15 1
41 16 3
41 17 1
41 18 2
41 20 3
41 21 3
41 23 1
41 25 1
41 26 4
41 27 2
41 29 4
41 31 1
41 33 2
41 35 2
41 37 3
41 39 2
42 0 3
42 1 2
42 5 1
42 6 4
42 8 3
42 9 2
42 10 1
42 11 4
42 14 1
42 15 2
42 16 1
42 18 1
42 19 1
42 24 3
42 25 1
42 27 3
42 28 2
42 29 3
42 34 1
42 38 1
42 39 1
43 3 2
43 4 2
43 6 2
43 10 1
43 12 4
43 13 3
43 16 2
43 18 1
43 19 4
43 23 3
43 25 2
43 26 1
43 27 4
43 29 4
43 32 1
43 33 1
43 34 1
43 35 4
43 36 1
43 37 3
43 39 3
43 41 4
43 42 3
44 1 3
44 5 4
44 6 2
44 8 3
44 9 1
44 15 1
44 18 4
44 19 1
44 22 4
44 24 1
44 25 4
44 26 1
44 28 3
44 29 4
44 30 3
44 32 3
44 33 2
44 34 1
44 35 4
44 39 2
44 40 1
44 41 2
44 43 4
45 1 4
45 5 2
45 6 4
45 7 3
45 8 3
45 9 2
45 10 1
45 13 2
45 15 1
45 17 3
45 20 1
45 24 4
45 26 4
45 27 1
45 31 1
45 32 4
45 35 4
45 36 3
45 37 4
45 40 4
45 41 1
45 42 1
45 43 3
46 0 4
46 2 2
46 3 2
46 5 4
46 7 4
46 10 2
46 12 4
46 14 4
46 18 4
46 20 3
46 21 3
46 22 2
46 23 4
46 25 2
46 27 3
46 29 4
46 30 1
46 33 3
46 34 2
46 37 3
46 40 4
46 42 2
46 43 2
46 45 3
47 0 3
47 1 1
47 4 4
47 5 2
47 6 3
47 7 2
47 8 4
47 9 4
47 11 2
47 16 2
47 18 1
47 20 4
47 21 2
47 24 3
47 25 2
47 27 4
47 29 2
47 31 1
47 32 4
47 35 4
47 36 1
47 38 4
47 40 2
47 43 2
47 44 4
48 2 3
48 3 4
48 5 2
48 6 2
48 8 4
48 13 2
48 14 3
48 15 1
48 17 2
48 18 1
48 19 4
48 20 1
48 23 3
48 27 4
48 29 3
48 30 3
48 33 2
48 43 4
48 44 4
48 45 2
48 46 2
48 47 2
