15
1 0 26
2 0 9
2 1 24
3 0 45
3 1 36
3 2 35
4 0 46
4 1 6
4 2 1
4 3 5
5 0 5
5 1 18
5 2 36
5 3 24
5 4 42
6 0 15
6 1 28
6 2 33
6 3 46
6 4 46
6 5 45
7 0 34
7 1 21
7 2 26
7 3 45
7 4 10
7 5 2
7 6 37
8 0 4
8 1 30
8 2 3
8 3 29
8 4 4
8 5 38
8 6 39
8 7 27
9 0 15
9 1 5
9 2 15
9 3 12
9 4 43
9 5 2
9 6 40
9 7 4
9 8 1
10 0 45
10 1 25
10 2 38
10 3 43
10 4 16
10 5 43
10 6 29
10 7 24
10 8 35
10 9 6
11 0 35
11 1 26
11 2 13
11 3 16
11 4 11
11 5 44
11 6 21
11 7 30
11 8 40
11 9 24
11 10 33
12 0 8
12 1 18
12 2 15
12 3 26
12 4 22
12 5 7
12 6 28
12 7 37
12 8 13
12 9 3
12 10 17
12 11 40
13 0 14
13 1 35
13 2 39
13 3 4
13 4 24
13 5 23
13 6 36
13 7 44
13 8 7
13 9 7
13 10 40
13 11 6
13 12 28
14 0 11
14 1 7
14 2 10
14 3 14
14 4 31
14 5 30
14 6 13
14 7 9
14 8 46
14 9 19
14 10 25
14 11 27
14 12 10
14 13 30
