56
1 0 1
2 0 1
2 1 1
3 0 1
3 1 1
3 2 1
4 0 2
4 1 2
4 2 1
4 3 1
5 0 1
5 1 2
5 2 2
5 3 1
5 4 1
6 0 2
6 1 1
6 2 2
6 3 1
6 4 2
6 5 2
7 0 1
7 1 1
7 2 1
7 3 2
7 4 2
7 5 2
7 6 2
8 0 1
8 1 1
8 2 1
8 3 1
8 4 1
8 5 1
8 6 2
8 7 2
9 0 2
9 1 1
9 2 2
9 3 2
9 4 2
9 5 1
9 6 1
9 7 1
9 8 2
10 0 1
10 1 2
10 2 2
10 3 2
10 4 1
10 5 2
10 6 2
10 7 1
10 8 1
10 9 1
11 0 1
11 1 1
11 2 2
11 3 2
11 4 1
11 5 1
11 6 1
11 7 2
11 8 1
11 9 1
11 10 1
12 0 1
12 1 2
12 2 2
12 3 1
12 4 1
12 5 1
12 6 2
12 7 2
12 8 1
12 9 1
12 10 1
12 11 1
13 0 2
13 1 1
13 2 2
13 3 1
13 4 1
13 5 1
13 6 1
13 7 1
13 8 1
13 9 2
13 10 1
13 11 2
13 12 2
14 0 1
14 1 2
14 2 1
14 3 1
14 4 1
14 5 2
14 6 2
14 7 1
14 8 2
14 9 1
14 10 2
14 11 2
14 12 2
14 13 1
15 0 2
15 1 1
15 2 2
15 3 1
15 4 1
15 5 1
15 6 1
15 7 2
15 8 2
15 9 2
15 10 2
15 11 1
15 12 2
15 13 2
15 14 1
16 0 1
16 1 1
16 2 2
16 3 1
16 4 1
16 5 2
16 6 2
16 7 1
16 8 2
16 9 1
16 10 1
16 11 2
16 12 1
16 13 2
16 14 2
16 15 2
17 0 1
17 1 2
17 2 2
17 3 2
17 4 1
17 5 1
17 6 2
17 7 2
17 8 1
17 9 1
17 10 1
17 11 1
17 12 1
17 13 2
17 14 1
17 15 1
17 16 1
18 0 1
18 1 1
18 2 1
18 3 1
18 4 2
18 5 2
18 6 2
18 7 2
18 8 2
18 9 2
18 10 2
18 11 2
18 12 1
18 13 2
18 14 2
18 15 1
18 16 2
18 17 1
19 0 2
19 1 2
19 2 1
19 3 1
19 4 1
19 5 2
19 6 1
19 7 1
19 8 1
19 9 2
19 10 1
19 11 2
19 12 1
19 13 2
19 14 1
19 15 2
19 16 2
19 17 1
19 18 2
20 0 1
20 1 1
20 2 2
20 3 1
20 4 1
20 5 1
20 6 1
20 7 2
20 8 1
20 9 1
20 10 2
20 11 1
20 12 1
20 13 2
20 14 1
20 15 2
20 16 1
20 17 1
20 18 2
20 19 1
21 0 1
21 1 2
21 2 1
21 3 2
21 4 1
21 5 2
21 6 1
21 7 2
21 8 2
21 9 2
21 10 1
21 11 2
21 12 1
21 13 2
21 14 1
21 15 1
21 16 2
21 17 1
21 18 1
21 19 1
21 20 2
22 0 1
22 1 2
22 2 1
22 3 2
22 4 2
22 5 1
22 6 1
22 7 1
22 8 2
22 9 1
22 10 2
22 11 2
22 12 2
22 13 1
22 14 2
22 15 1
22 16 1
22 17 2
22 18 2
22 19 1
22 20 1
22 21 1
23 0 1
23 1 2
23 2 2
23 3 2
23 4 2
23 5 1
23 6 1
23 7 1
23 8 2
23 9 1
23 10 2
23 11 2
23 12 2
23 13 1
23 14 1
23 15 2
23 16 2
23 17 1
23 18 1
23 19 2
23 20 1
23 21 2
23 22 1
24 0 1
24 1 1
24 2 1
24 3 2
24 4 1
24 5 1
24 6 1
24 7 1
24 8 2
24 9 1
24 10 1
24 11 1
24 12 2
24 13 2
24 14 2
24 15 2
24 16 2
24 17 2
24 18 2
24 19 2
24 20 2
24 21 2
24 22 1
24 23 2
25 0 2
25 1 2
25 2 2
25 3 2
25 4 1
25 5 2
25 6 1
25 7 1
25 8 2
25 9 2
25 10 1
25 11 2
25 12 2
25 13 2
25 14 1
25 15 2
25 16 2
25 17 2
25 18 2
25 19 2
25 20 2
25 21 1
25 22 1
25 23 1
25 24 2
26 0 2
26 1 2
26 2 1
26 3 1
26 4 2
26 5 1
26 6 2
26 7 2
26 8 1
26 9 2
26 10 1
26 11 2
26 12 1
26 13 2
26 14 2
26 15 2
26 16 2
26 17 2
26 18 1
26 19 2
26 20 2
26 21 2
26 22 2
26 23 1
26 24 2
26 25 1
27 0 2
27 1 1
27 2 1
27 3 1
27 4 2
27 5 2
27 6 2
27 7 1
27 8 1
27 9 1
27 10 2
27 11 2
27 12 1
27 13 2
27 14 1
27 15 1
27 16 1
27 17 1
27 18 2
27 19 2
27 20 2
27 21 2
27 22 1
27 23 2
27 24 2
27 25 2
27 26 1
28 0 2
28 1 2
28 2 2
28 3 1
28 4 1
28 5 1
28 6 2
28 7 2
28 8 1
28 9 2
28 10 2
28 11 1
28 12 2
28 13 2
28 14 1
28 15 1
28 16 1
28 17 2
28 18 2
28 19 2
28 20 1
28 21 1
28 22 2
28 23 1
28 24 2
28 25 1
28 26 1
28 27 1
29 0 1
29 1 2
29 2 1
29 3 2
29 4 1
29 5 1
29 6 2
29 7 1
29 8 1
29 9 1
29 10 2
29 11 2
29 12 2
29 13 2
29 14 1
29 15 2
29 16 2
29 17 2
29 18 1
29 19 1
29 20 2
29 21 1
29 22 2
29 23 2
29 24 1
29 25 2
29 26 2
29 27 1
29 28 2
30 0 1
30 1 1
30 2 2
30 3 1
30 4 2
30 5 1
30 6 1
30 7 1
30 8 2
30 9 1
30 10 1
30 11 2
30 12 1
30 13 1
30 14 2
30 15 1
30 16 1
30 17 1
30 18 2
30 19 1
30 20 2
30 21 2
30 22 1
30 23 2
30 24 1
30 25 1
30 26 1
30 27 1
30 28 1
30 29 1
31 0 2
31 1 2
31 2 1
31 3 1
31 4 2
31 5 2
31 6 1
31 7 2
31 8 2
31 9 2
31 10 2
31 11 2
31 12 1
31 13 2
31 14 2
31 15 2
31 16 2
31 17 2
31 18 1
31 19 1
31 20 2
31 21 2
31 22 1
31 23 2
31 24 1
31 25 2
31 26 1
31 27 2
31 28 1
31 29 1
31 30 1
32 0 1
32 1 2
32 2 1
32 3 2
32 4 1
32 5 1
32 6 1
32 7 1
32 8 1
32 9 2
32 10 2
32 11 1
32 12 2
32 13 1
32 14 1
32 15 1
32 16 1
32 17 2
32 18 1
32 19 2
32 20 1
32 21 1
32 22 2
32 23 1
32 24 2
32 25 2
32 26 2
32 27 1
32 28 1
32 29 2
32 30 2
32 31 1
33 0 2
33 1 1
33 2 1
33 3 1
33 4 2
33 5 2
33 6 1
33 7 2
33 8 2
33 9 1
33 10 2
33 11 2
33 12 1
33 13 1
33 14 2
33 15 1
33 16 1
33 17 2
33 18 2
33 19 1
33 20 1
33 21 2
33 22 2
33 23 2
33 24 2
33 25 2
33 26 2
33 27 2
33 28 2
33 29 1
33 30 2
33 31 1
33 32 2
34 0 1
34 1 1
34 2 1
34 3 2
34 4 2
34 5 1
34 6 2
34 7 2
34 8 2
34 9 2
34 10 1
34 11 2
34 12 1
34 13 1
34 14 2
34 15 2
34 16 2
34 17 1
34 18 1
34 19 2
34 20 1
34 21 2
34 22 1
34 23 1
34 24 1
34 25 2
34 26 1
34 27 1
34 28 2
34 29 1
34 30 2
34 31 1
34 32 1
34 33 2
35 0 2
35 1 2
35 2 1
35 3 2
35 4 2
35 5 1
35 6 2
35 7 2
35 8 2
35 9 2
35 10 1
35 11 1
35 12 1
35 13 2
35 14 2
35 15 2
35 16 2
35 17 2
35 18 2
35 19 1
35 20 2
35 21 2
35 22 1
35 23 1
35 24 2
35 25 1
35 26 1
35 27 2
35 28 2
35 29 1
35 30 1
35 31 1
35 32 1
35 33 1
35 34 1
36 0 2
36 1 2
36 2 1
36 3 2
36 4 2
36 5 1
36 6 1
36 7 1
36 8 1
36 9 1
36 10 2
36 11 1
36 12 2
36 13 2
36 14 2
36 15 2
36 16 1
36 17 1
36 18 1
36 19 2
36 20 1
36 21 1
36 22 2
36 23 2
36 24 2
36 25 1
36 26 1
36 27 2
36 28 1
36 29 1
36 30 2
36 31 1
36 32 2
36 33 1
36 34 2
36 35 1
37 0 2
37 1 2
37 2 1
37 3 1
37 4 2
37 5 2
37 6 1
37 7 2
37 8 2
37 9 1
37 10 2
37 11 2
37 12 2
37 13 2
37 14 2
37 15 2
37 16 2
37 17 1
37 18 2
37 19 2
37 20 1
37 21 2
37 22 1
37 23 1
37 24 2
37 25 2
37 26 2
37 27 1
37 28 2
37 29 2
37 30 2
37 31 2
37 32 2
37 33 1
37 34 2
37 35 2
37 36 2
38 0 1
38 1 2
38 2 2
38 3 1
38 4 1
38 5 1
38 6 1
38 7 2
38 8 1
38 9 2
38 10 1
38 11 1
38 12 1
38 13 1
38 14 2
38 15 1
38 16 1
38 17 2
38 18 1
38 19 1
38 20 1
38 21 1
38 22 1
38 23 2
38 24 1
38 25 2
38 26 1
38 27 1
38 28 2
38 29 2
38 30 1
38 31 1
38 32 1
38 33 2
38 34 1
38 35 2
38 36 1
38 37 1
39 0 1
39 1 1
39 2 2
39 3 1
39 4 2
39 5 2
39 6 1
39 7 2
39 8 2
39 9 1
39 10 1
39 11 1
39 12 2
39 13 2
39 14 1
39 15 1
39 16 2
39 17 2
39 18 1
39 19 2
39 20 2
39 21 1
39 22 1
39 23 1
39 24 2
39 25 2
39 26 1
39 27 1
39 28 1
39 29 1
39 30 1
39 31 2
39 32 2
39 33 1
39 34 1
39 35 1
39 36 1
39 37 1
39 38 2
40 0 2
40 1 2
40 2 2
40 3 2
40 4 1
40 5 2
40 6 2
40 7 1
40 8 1
40 9 2
40 10 2
40 11 1
40 12 2
40 13 1
40 14 2
40 15 2
40 16 2
40 17 2
40 18 2
40 19 2
40 20 1
40 21 2
40 22 2
40 23 2
40 24 1
40 25 2
40 26 2
40 27 1
40 28 1
40 29 2
40 30 2
40 31 1
40 32 1
40 33 1
40 34 1
40 35 2
40 36 2
40 37 2
40 38 1
40 39 2
41 0 1
41 1 1
41 2 2
41 3 2
41 4 1
41 5 1
41 6 1
41 7 2
41 8 1
41 9 1
41 10 1
41 11 2
41 12 1
41 13 2
41 14 1
41 15 2
41 16 1
41 17 2
41 18 1
41 19 1
41 20 2
41 21 1
41 22 1
41 23 2
41 24 2
41 25 2
41 26 2
41 27 1
41 28 2
41 29 1
41 30 2
41 31 2
41 32 2
41 33 2
41 34 2
41 35 1
41 36 1
41 37 1
41 38 1
41 39 1
41 40 1
42 0 1
42 1 2
42 2 2
42 3 2
42 4 2
42 5 2
42 6 2
42 7 1
42 8 1
42 9 1
42 10 2
42 11 1
42 12 2
42 13 1
42 14 1
42 15 1
42 16 2
42 17 2
42 18 2
42 19 2
42 20 1
42 21 1
42 22 2
42 23 1
42 24 1
42 25 1
42 26 2
42 27 1
42 28 2
42 29 1
42 30 1
42 31 2
42 32 2
42 33 2
42 34 1
42 35 1
42 36 2
42 37 1
42 38 2
42 39 2
42 40 1
42 41 1
43 0 2
43 1 1
43 2 2
43 3 2
43 4 1
43 5 2
43 6 1
43 7 1
43 8 1
43 9 2
43 10 2
43 11 2
43 12 1
43 13 2
43 14 1
43 15 2
43 16 1
43 17 2
43 18 2
43 19 1
43 20 2
43 21 1
43 22 2
43 23 1
43 24 2
43 25 1
43 26 2
43 27 2
43 28 1
43 29 2
43 30 1
43 31 2
43 32 1
43 33 1
43 34 2
43 35 1
43 36 1
43 37 1
43 38 1
43 39 1
43 40 1
43 41 1
43 42 1
44 0 2
44 1 2
44 2 2
44 3 2
44 4 2
44 5 2
44 6 2
44 7 1
44 8 2
44 9 1
44 10 2
44 11 2
44 12 2
44 13 1
44 14 1
44 15 2
44 16 2
44 17 2
44 18 1
44 19 2
44 20 1
44 21 2
44 22 1
44 23 1
44 24 1
44 25 2
44 26 1
44 27 1
44 28 2
44 29 2
44 30 2
44 31 2
44 32 1
44 33 2
44 34 1
44 35 2
44 36 2
44 37 2
44 38 2
44 39 1
44 40 1
44 41 1
44 42 2
44 43 2
45 0 2
45 1 1
45 2 1
45 3 1
45 4 2
45 5 1
45 6 2
45 7 1
45 8 2
45 9 2
45 10 2
45 11 1
45 12 1
45 13 1
45 14 1
45 15 2
45 16 1
45 17 1
45 18 1
45 19 1
45 20 2
45 21 2
45 22 2
45 23 2
45 24 2
45 25 2
45 26 1
45 27 1
45 28 1
45 29 1
45 30 2
45 31 1
45 32 2
45 33 2
45 34 1
45 35 1
45 36 1
45 37 1
45 38 1
45 39 1
45 40 2
45 41 2
45 42 1
45 43 1
45 44 1
46 0 1
46 1 2
46 2 1
46 3 2
46 4 2
46 5 2
46 6 1
46 7 1
46 8 2
46 9 1
46 10 2
46 11 2
46 12 1
46 13 2
46 14 1
46 15 2
46 16 1
46 17 2
46 18 1
46 19 2
46 20 1
46 21 1
46 22 2
46 23 1
46 24 2
46 25 1
46 26 2
46 27 2
46 28 1
46 29 1
46 30 1
46 31 1
46 32 2
46 33 2
46 34 2
46 35 1
46 36 2
46 37 2
46 38 1
46 39 2
46 40 1
46 41 2
46 42 2
46 43 1
46 44 1
46 45 1
47 0 1
47 1 1
47 2 2
47 3 1
47 4 1
47 5 1
47 6 1
47 7 2
47 8 1
47 9 1
47 10 2
47 11 2
47 12 1
47 13 1
47 14 2
47 15 1
47 16 1
47 17 1
47 18 1
47 19 2
47 20 1
47 21 1
47 22 1
47 23 1
47 24 1
47 25 2
47 26 1
47 27 2
47 28 2
47 29 1
47 30 2
47 31 1
47 32 1
47 33 2
47 34 2
47 35 1
47 36 1
47 37 2
47 38 1
47 39 2
47 40 2
47 41 1
47 42 1
47 43 1
47 44 1
47 45 1
47 46 1
48 0 1
48 1 1
48 2 1
48 3 2
48 4 1
48 5 2
48 6 1
48 7 1
48 8 1
48 9 1
48 10 1
48 11 2
48 12 1
48 13 1
48 14 2
48 15 1
48 16 2
48 17 1
48 18 2
48 19 1
48 20 2
48 21 2
48 22 2
48 23 1
48 24 1
48 25 2
48 26 2
48 27 1
48 28 2
48 29 2
48 30 2
48 31 1
48 32 1
48 33 2
48 34 1
48 35 1
48 36 1
48 37 2
48 38 1
48 39 1
48 40 2
48 41 2
48 42 1
48 43 1
48 44 2
48 45 1
48 46 1
48 47 2
49 0 2
49 1 1
49 2 2
49 3 1
49 4 1
49 5 1
49 6 2
49 7 2
49 8 1
49 9 2
49 10 2
49 11 1
49 12 2
49 13 1
49 14 1
49 15 2
49 16 1
49 17 1
49 18 1
49 19 2
49 20 2
49 21 1
49 22 2
49 23 2
49 24 1
49 25 2
49 26 2
49 27 1
49 28 2
49 29 1
49 30 2
49 31 1
49 32 1
49 33 1
49 34 2
49 35 2
49 36 1
49 37 1
49 38 1
49 39 1
49 40 1
49 41 1
49 42 2
49 43 1
49 44 1
49 45 2
49 46 1
49 47 2
49 48 2
50 0 1
50 1 1
50 2 2
50 3 2
50 4 2
50 5 1
50 6 1
50 7 1
50 8 2
50 9 2
50 10 2
50 11 1
50 12 1
50 13 2
50 14 2
50 15 1
50 16 1
50 17 1
50 18 2
50 19 1
50 20 1
50 21 1
50 22 2
50 23 1
50 24 1
50 25 1
50 26 1
50 27 2
50 28 1
50 29 2
50 30 2
50 31 1
50 32 2
50 33 2
50 34 2
50 35 2
50 36 2
50 37 2
50 38 1
50 39 1
50 40 2
50 41 1
50 42 2
50 43 1
50 44 1
50 45 1
50 46 1
50 47 1
50 48 1
50 49 2
51 0 1
51 1 2
51 2 1
51 3 1
51 4 1
51 5 2
51 6 1
51 7 2
51 8 2
51 9 1
51 10 1
51 11 1
51 12 2
51 13 1
51 14 1
51 15 1
51 16 1
51 17 1
51 18 1
51 19 2
51 20 2
51 21 2
51 22 2
51 23 2
51 24 2
51 25 1
51 26 2
51 27 2
51 28 1
51 29 1
51 30 1
51 31 2
51 32 1
51 33 2
51 34 2
51 35 1
51 36 2
51 37 2
51 38 1
51 39 1
51 40 1
51 41 1
51 42 2
51 43 1
51 44 1
51 45 2
51 46 1
51 47 2
51 48 2
51 49 2
51 50 1
52 0 1
52 1 2
52 2 1
52 3 1
52 4 1
52 5 1
52 6 2
52 7 2
52 8 1
52 9 2
52 10 2
52 11 2
52 12 2
52 13 1
52 14 2
52 15 1
52 16 1
52 17 1
52 18 2
52 19 1
52 20 1
52 21 2
52 22 1
52 23 1
52 24 1
52 25 1
52 26 1
52 27 1
52 28 2
52 29 2
52 30 2
52 31 2
52 32 2
52 33 1
52 34 1
52 35 1
52 36 2
52 37 2
52 38 2
52 39 1
52 40 2
52 41 1
52 42 1
52 43 1
52 44 1
52 45 1
52 46 1
52 47 1
52 48 2
52 49 2
52 50 1
52 51 1
53 0 2
53 1 1
53 2 2
53 3 1
53 4 2
53 5 2
53 6 1
53 7 2
53 8 1
53 9 2
53 10 2
53 11 1
53 12 2
53 13 2
53 14 1
53 15 2
53 16 1
53 17 1
53 18 1
53 19 2
53 20 1
53 21 2
53 22 2
53 23 1
53 24 1
53 25 2
53 26 1
53 27 2
53 28 2
53 29 2
53 30 2
53 31 1
53 32 1
53 33 2
53 34 2
53 35 2
53 36 2
53 37 2
53 38 1
53 39 2
53 40 1
53 41 1
53 42 2
53 43 2
53 44 2
53 45 2
53 46 1
53 47 2
53 48 1
53 49 2
53 50 2
53 51 2
53 52 2
54 0 2
54 1 1
54 2 1
54 3 2
54 4 2
54 5 2
54 6 2
54 7 1
54 8 1
54 9 1
54 10 1
54 11 1
54 12 2
54 13 2
54 14 1
54 15 2
54 16 2
54 17 1
54 18 1
54 19 2
54 20 1
54 21 1
54 22 1
54 23 2
54 24 1
54 25 2
54 26 1
54 27 2
54 28 2
54 29 2
54 30 1
54 31 1
54 32 1
54 33 2
54 34 1
54 35 1
54 36 1
54 37 2
54 38 2
54 39 1
54 40 2
54 41 1
54 42 1
54 43 2
54 44 1
54 45 2
54 46 1
54 47 2
54 48 2
54 49 2
54 50 1
54 51 2
54 52 2
54 53 1
55 0 1
55 1 2
55 2 2
55 3 2
55 4 1
55 5 2
55 6 2
55 7 1
55 8 2
55 9 1
55 10 2
55 11 2
55 12 2
55 13 1
55 14 2
55 15 1
55 16 2
55 17 2
55 18 1
55 19 1
55 20 2
55 21 1
55 22 2
55 23 2
55 24 1
55 25 1
55 26 2
55 27 2
55 28 2
55 29 2
55 30 1
55 31 1
55 32 1
55 33 1
55 34 1
55 35 2
55 36 1
55 37 2
55 38 2
55 39 1
55 40 1
55 41 1
55 42 1
55 43 1
55 44 2
55 45 2
55 46 1
55 47 1
55 48 2
55 49 1
55 50 1
55 51 1
55 52 2
55 53 2
55 54 1
