66
1 0 9
2 0 40
2 1 46
3 0 25
3 1 25
3 2 13
4 0 26
4 1 10
4 2 5
4 3 32
5 0 11
5 1 38
5 2 32
5 3 35
5 4 38
6 0 23
6 1 39
6 2 42
6 3 33
6 4 2
6 5 5
7 0 27
7 1 41
7 2 5
7 3 38
7 4 18
7 5 50
7 6 32
8 0 51
8 1 50
8 2 20
8 3 31
8 4 45
8 5 20
8 6 32
8 7 32
9 0 21
9 1 17
9 2 24
9 3 37
9 4 27
9 5 25
9 6 13
9 7 22
9 8 28
10 0 12
10 1 1
10 2 19
10 3 6
10 4 35
10 5 15
10 6 44
10 7 17
10 8 22
10 9 42
11 0 31
11 1 23
11 2 17
11 3 42
11 4 17
11 5 2
11 6 8
11 7 6
11 8 43
11 9 10
11 10 43
12 0 11
12 1 47
12 2 16
12 3 46
12 4 50
12 5 7
12 6 9
12 7 2
12 8 19
12 9 20
12 10 13
12 11 1
13 0 38
13 1 40
13 2 48
13 3 29
13 4 27
13 5 4
13 6 2
13 7 28
13 8 7
13 9 49
13 10 45
13 11 44
13 12 33
14 0 40
14 1 20
14 2 43
14 3 19
14 4 31
14 5 40
14 6 4
14 7 31
14 8 25
14 9 34
14 10 32
14 11 4
14 12 26
14 13 2
15 0 36
15 1 37
15 2 7
15 3 46
15 4 34
15 5 2
15 6 27
15 7 5
15 8 7
15 9 7
15 10 10
15 11 11
15 12 43
15 13 49
15 14 48
16 0 34
16 1 44
16 2 32
16 3 12
16 4 23
16 5 3
16 6 40
16 7 6
16 8 7
16 9 29
16 10 10
16 11 22
16 12 3
16 13 20
16 14 15
16 15 8
17 0 38
17 1 51
17 2 7
17 3 47
17 4 7
17 5 2
17 6 10
17 7 49
17 8 1
17 9 37
17 10 42
17 11 9
17 12 44
17 13 30
17 14 15
17 15 9
17 16 46
18 0 23
18 1 47
18 2 12
18 3 51
18 4 3
18 5 21
18 6 33
18 7 5
18 8 25
18 9 30
18 10 46
18 11 38
18 12 19
18 13 15
18 14 37
18 15 14
18 16 34
18 17 41
19 0 44
19 1 38
19 2 19
19 3 10
19 4 2
19 5 21
19 6 18
19 7 37
19 8 34
19 9 27
19 10 21
19 11 31
19 12 8
19 13 42
19 14 2
19 15 19
19 16 40
19 17 40
19 18 29
20 0 21
20 1 36
20 2 30
20 3 43
20 4 9
20 5 18
20 6 22
20 7 11
20 8 25
20 9 21
20 10 30
20 11 42
20 12 43
20 13 8
20 14 19
20 15 21
20 16 29
20 17 31
20 18 42
20 19 3
21 0 9
21 1 10
21 2 47
21 3 29
21 4 23
21 5 27
21 6 25
21 7 24
21 8 6
21 9 27
21 10 9
21 11 46
21 12 39
21 13 9
21 14 12
21 15 32
21 16 43
21 17 32
21 18 43
21 19 13
21 20 39
22 0 5
22 1 11
22 2 5
22 3 4
22 4 9
22 5 2
22 6 30
22 7 44
22 8 23
22 9 20
22 10 44
22 11 14
22 12 13
22 13 36
22 14 50
22 15 10
22 16 10
22 17 21
22 18 13
22 19 13
22 20 44
22 21 44
23 0 8
23 1 42
23 2 29
23 3 4
23 4 1
23 5 32
23 6 7
23 7 21
23 8 29
23 9 3
23 10 24
23 11 4
23 12 44
23 13 30
23 14 34
23 15 48
23 16 9
23 17 21
23 18 24
23 19 21
23 20 3
23 21 32
23 22 22
24 0 2
24 1 23
24 2 27
24 3 24
24 4 12
24 5 30
24 6 27
24 7 8
24 8 23
24 9 15
24 10 2
24 11 50
24 12 7
24 13 23
24 14 16
24 15 2
24 16 49
24 17 12
24 18 5
24 19 13
24 20 48
24 21 14
24 22 21
24 23 44
25 0 4
25 1 22
25 2 48
25 3 44
25 4 5
25 5 16
25 6 47
25 7 36
25 8 13
25 9 42
25 10 17
25 11 12
25 12 18
25 13 35
25 14 50
25 15 44
25 16 8
25 17 20
25 18 31
25 19 23
25 20 7
25 21 43
25 22 8
25 23 17
25 24 15
26 0 22
26 1 49
26 2 14
26 3 12
26 4 28
26 5 12
26 6 36
26 7 42
26 8 37
26 9 15
26 10 14
26 11 5
26 12 45
26 13 32
26 14 23
26 15 30
26 16 7
26 17 6
26 18 4
26 19 31
26 20 40
26 21 27
26 22 32
26 23 25
26 24 38
26 25 6
27 0 2
27 1 8
27 2 40
27 3 27
27 4 4
27 5 47
27 6 28
27 7 42
27 8 36
27 9 32
27 10 1
27 11 47
27 12 47
27 13 33
27 14 42
27 15 51
27 16 46
27 17 17
27 18 32
27 19 34
27 20 35
27 21 37
27 22 39
27 23 43
27 24 26
27 25 45
27 26 19
28 0 38
28 1 30
28 2 42
28 3 1
28 4 10
28 5 47
28 6 14
28 7 28
28 8 28
28 9 28
28 10 34
28 11 24
28 12 30
28 13 9
28 14 35
28 15 19
28 16 19
28 17 14
28 18 41
28 19 44
28 20 48
28 21 38
28 22 22
28 23 18
28 24 51
28 25 10
28 26 28
28 27 29
29 0 25
29 1 4
29 2 43
29 3 16
29 4 22
29 5 20
29 6 8
29 7 21
29 8 12
29 9 34
29 10 11
29 11 21
29 12 37
29 13 16
29 14 18
29 15 32
29 16 24
29 17 47
29 18 29
29 19 37
29 20 51
29 21 30
29 22 47
29 23 32
29 24 4
29 25 36
29 26 31
29 27 42
29 28 19
30 0 34
30 1 36
30 2 4
30 3 38
30 4 26
30 5 29
30 6 4
30 7 15
30 8 20
30 9 34
30 10 43
30 11 46
30 12 14
30 13 51
30 14 38
30 15 34
30 16 25
30 17 21
30 18 10
30 19 40
30 20 49
30 21 32
30 22 44
30 23 22
30 24 4
30 25 35
30 26 35
30 27 4
30 28 37
30 29 9
31 0 1
31 1 47
31 2 47
31 3 18
31 4 33
31 5 33
31 6 46
31 7 7
31 8 40
31 9 30
31 10 43
31 11 24
31 12 4
31 13 48
31 14 22
31 15 33
31 16 5
31 17 36
31 18 43
31 19 31
31 20 10
31 21 24
31 22 11
31 23 7
31 24 16
31 25 13
31 26 15
31 27 25
31 28 28
31 29 45
31 30 49
32 0 11
32 1 9
32 2 43
32 3 49
32 4 40
32 5 30
32 6 13
32 7 42
32 8 20
32 9 22
32 10 43
32 11 1
32 12 9
32 13 44
32 14 39
32 15 30
32 16 40
32 17 26
32 18 28
32 19 50
32 20 34
32 21 39
32 22 43
32 23 39
32 24 45
32 25 31
32 26 28
32 27 26
32 28 6
32 29 40
32 30 27
32 31 50
33 0 16
33 1 4
33 2 1
33 3 12
33 4 3
33 5 16
33 6 14
33 7 28
33 8 24
33 9 4
33 10 21
33 11 19
33 12 32
33 13 7
33 14 7
33 15 10
33 16 15
33 17 25
33 18 49
33 19 22
33 20 47
33 21 9
33 22 11
33 23 43
33 24 43
33 25 16
33 26 32
33 27 35
33 28 20
33 29 9
33 30 33
33 31 44
33 32 7
34 0 5
34 1 37
34 2 36
34 3 35
34 4 29
34 5 39
34 6 9
34 7 32
34 8 45
34 9 9
34 10 36
34 11 26
34 12 7
34 13 38
34 14 39
34 15 3
34 16 17
34 17 19
34 18 46
34 19 47
34 20 7
34 21 27
34 22 8
34 23 45
34 24 15
34 25 32
34 26 38
34 27 38
34 28 50
34 29 12
34 30 20
34 31 5
34 32 22
34 33 13
35 0 4
35 1 12
35 2 24
35 3 39
35 4 39
35 5 37
35 6 21
35 7 12
35 8 17
35 9 51
35 10 30
35 11 51
35 12 5
35 13 24
35 14 9
35 15 31
35 16 19
35 17 12
35 18 40
35 19 3
35 20 48
35 21 16
35 22 41
35 23 13
35 24 33
35 25 1
35 26 49
35 27 10
35 28 9
35 29 4
35 30 10
35 31 29
35 32 47
35 33 4
35 34 41
36 0 48
36 1 25
36 2 50
36 3 33
36 4 27
36 5 9
36 6 24
36 7 44
36 8 29
36 9 21
36 10 13
36 11 10
36 12 22
36 13 13
36 14 48
36 15 51
36 16 1
36 17 7
36 18 33
36 19 33
36 20 17
36 21 31
36 22 3
36 23 31
36 24 7
36 25 42
36 26 50
36 27 33
36 28 51
36 29 39
36 30 49
36 31 3
36 32 11
36 33 44
36 34 30
36 35 15
37 0 24
37 1 51
37 2 5
37 3 5
37 4 5
37 5 27
37 6 51
37 7 36
37 8 19
37 9 29
37 10 18
37 11 24
37 12 15
37 13 28
37 14 12
37 15 19
37 16 29
37 17 12
37 18 14
37 19 12
37 20 47
37 21 6
37 22 25
37 23 14
37 24 43
37 25 21
37 26 38
37 27 31
37 28 28
37 29 42
37 30 22
37 31 40
37 32 35
37 33 29
37 34 29
37 35 20
37 36 41
38 0 51
38 1 42
38 2 22
38 3 9
38 4 5
38 5 38
38 6 42
38 7 50
38 8 3
38 9 44
38 10 22
38 11 6
38 12 34
38 13 25
38 14 13
38 15 16
38 16 8
38 17 33
38 18 1
38 19 1
38 20 47
38 21 47
38 22 48
38 23 22
38 24 45
38 25 34
38 26 28
38 27 28
38 28 35
38 29 33
38 30 47
38 31 13
38 32 11
38 33 7
38 34 28
38 35 33
38 36 27
38 37 44
39 0 46
39 1 9
39 2 33
39 3 23
39 4 12
39 5 15
39 6 38
39 7 21
39 8 10
39 9 39
39 10 26
39 11 29
39 12 17
39 13 43
39 14 46
39 15 24
39 16 38
39 17 33
39 18 18
39 19 20
39 20 7
39 21 48
39 22 27
39 23 49
39 24 7
39 25 44
39 26 35
39 27 8
39 28 45
39 29 9
39 30 32
39 31 35
39 32 40
39 33 26
39 34 36
39 35 37
39 36 24
39 37 9
39 38 10
40 0 22
40 1 48
40 2 46
40 3 18
40 4 2
40 5 24
40 6 24
40 7 27
40 8 16
40 9 4
40 10 45
40 11 23
40 12 18
40 13 17
40 14 44
40 15 32
40 16 26
40 17 47
40 18 34
40 19 5
40 20 34
40 21 4
40 22 24
40 23 18
40 24 5
40 25 2
40 26 46
40 27 3
40 28 44
40 29 7
40 30 18
40 31 37
40 32 7
40 33 46
40 34 16
40 35 34
40 36 12
40 37 26
40 38 40
40 39 44
41 0 6
41 1 26
41 2 22
41 3 24
41 4 29
41 5 20
41 6 5
41 7 8
41 8 23
41 9 36
41 10 47
41 11 25
41 12 31
41 13 39
41 14 8
41 15 4
41 16 22
41 17 42
41 18 7
41 19 13
41 20 6
41 21 36
41 22 24
41 23 11
41 24 6
41 25 4
41 26 5
41 27 18
41 28 16
41 29 32
41 30 45
41 31 45
41 32 45
41 33 17
41 34 39
41 35 47
41 36 50
41 37 4
41 38 43
41 39 1
41 40 36
42 0 33
42 1 42
42 2 22
42 3 41
42 4 33
42 5 25
42 6 36
42 7 12
42 8 3
42 9 31
42 10 29
42 11 26
42 12 18
42 13 49
42 14 45
42 15 27
42 16 16
42 17 33
42 18 22
42 19 6
42 20 9
42 21 40
42 22 35
42 23 29
42 24 34
42 25 16
42 26 35
42 27 4
42 28 51
42 29 23
42 30 1
42 31 30
42 32 39
42 33 4
42 34 8
42 35 29
42 36 39
42 37 50
42 38 42
42 39 45
42 40 31
42 41 45
43 0 15
43 1 25
43 2 4
43 3 36
43 4 22
43 5 40
43 6 20
43 7 10
43 8 8
43 9 43
43 10 43
43 11 8
43 12 33
43 13 45
43 14 32
43 15 50
43 16 12
43 17 34
43 18 28
43 19 50
43 20 2
43 21 24
43 22 9
43 23 30
43 24 37
43 25 17
43 26 27
43 27 1
43 28 45
43 29 12
43 30 20
43 31 21
43 32 42
43 33 28
43 34 40
43 35 32
43 36 9
43 37 8
43 38 11
43 39 25
43 40 9
43 41 32
43 42 43
44 0 43
44 1 28
44 2 40
44 3 25
44 4 47
44 5 34
44 6 18
44 7 13
44 8 44
44 9 8
44 10 25
44 11 7
44 12 8
44 13 11
44 14 18
44 15 51
44 16 32
44 17 15
44 18 14
44 19 30
44 20 10
44 21 41
44 22 47
44 23 30
44 24 21
44 25 13
44 26 26
44 27 51
44 28 27
44 29 39
44 30 13
44 31 4
44 32 31
44 33 41
44 34 10
44 35 44
44 36 6
44 37 51
44 38 21
44 39 41
44 40 35
44 41 43
44 42 8
44 43 15
45 0 5
45 1 42
45 2 21
45 3 48
45 4 50
45 5 36
45 6 42
45 7 37
45 8 19
45 9 19
45 10 11
45 11 42
45 12 5
45 13 39
45 14 48
45 15 17
45 16 5
45 17 42
45 18 43
45 19 13
45 20 41
45 21 26
45 22 35
45 23 40
45 24 4
45 25 12
45 26 11
45 27 13
45 28 34
45 29 3
45 30 51
45 31 39
45 32 45
45 33 1
45 34 16
45 35 1
45 36 11
45 37 1
45 38 7
45 39 48
45 40 49
45 41 10
45 42 4
45 43 17
45 44 41
46 0 44
46 1 18
46 2 22
46 3 28
46 4 11
46 5 21
46 6 3
46 7 49
46 8 36
46 9 8
46 10 47
46 11 25
46 12 27
46 13 3
46 14 11
46 15 23
46 16 26
46 17 16
46 18 19
46 19 42
46 20 39
46 21 38
46 22 51
46 23 49
46 24 33
46 25 29
46 26 50
46 27 24
46 28 37
46 29 44
46 30 25
46 31 18
46 32 51
46 33 13
46 34 11
46 35 16
46 36 40
46 37 31
46 38 16
46 39 24
46 40 23
46 41 18
46 42 39
46 43 41
46 44 19
46 45 40
47 0 47
47 1 35
47 2 35
47 3 33
47 4 36
47 5 39
47 6 32
47 7 38
47 8 41
47 9 3
47 10 32
47 11 14
47 12 29
47 13 27
47 14 13
47 15 12
47 16 23
47 17 46
47 18 4
47 19 14
47 20 27
47 21 38
47 22 30
47 23 19
47 24 7
47 25 13
47 26 2
47 27 36
47 28 37
47 29 2
47 30 37
47 31 18
47 32 24
47 33 38
47 34 6
47 35 33
47 36 19
47 37 31
47 38 48
47 39 26
47 40 40
47 41 9
47 42 39
47 43 41
47 44 17
47 45 33
47 46 11
48 0 48
48 1 14
48 2 34
48 3 27
48 4 46
48 5 14
48 6 29
48 7 2
48 8 26
48 9 5
48 10 24
48 11 5
48 12 42
48 13 13
48 14 16
48 15 9
48 16 31
48 17 48
48 18 16
48 19 24
48 20 30
48 21 6
48 22 7
48 23 47
48 24 48
48 25 39
48 26 27
48 27 42
48 28 41
48 29 8
48 30 37
48 31 9
48 32 15
48 33 7
48 34 25
48 35 26
48 36 6
48 37 28
48 38 37
48 39 51
48 40 24
48 41 19
48 42 51
48 43 40
48 44 15
48 45 6
48 46 26
48 47 8
49 0 43
49 1 28
49 2 5
49 3 37
49 4 4
49 5 49
49 6 28
49 7 49
49 8 18
49 9 16
49 10 24
49 11 34
49 12 33
49 13 11
49 14 42
49 15 6
49 16 1
49 17 17
49 18 29
49 19 6
49 20 3
49 21 42
49 22 44
49 23 3
49 24 44
49 25 45
49 26 17
49 27 50
49 28 11
49 29 24
49 30 1
49 31 50
49 32 28
49 33 43
49 34 22
49 35 16
49 36 34
49 37 17
49 38 10
49 39 30
49 40 7
49 41 39
49 42 9
49 43 21
49 44 6
49 45 7
49 46 39
49 47 29
49 48 38
50 0 32
50 1 4
50 2 22
50 3 35
50 4 5
50 5 6
50 6 29
50 7 12
50 8 26
50 9 3
50 10 17
50 11 48
50 12 2
50 13 14
50 14 4
50 15 50
50 16 40
50 17 50
50 18 15
50 19 31
50 20 17
50 21 7
50 22 39
50 23 21
50 24 26
50 25 16
50 26 31
50 27 1
50 28 14
50 29 42
50 30 33
50 31 39
50 32 15
50 33 44
50 34 41
50 35 20
50 36 3
50 37 38
50 38 44
50 39 35
50 40 7
50 41 27
50 42 28
50 43 35
50 44 11
50 45 27
50 46 9
50 47 43
50 48 49
50 49 20
51 0 28
51 1 21
51 2 39
51 3 46
51 4 51
51 5 32
51 6 4
51 7 35
51 8 16
51 9 46
51 10 35
51 11 19
51 12 21
51 13 34
51 14 14
51 15 1
51 16 44
51 17 36
51 18 9
51 19 35
51 20 22
51 21 24
51 22 49
51 23 33
51 24 20
51 25 10
51 26 17
51 27 22
51 28 19
51 29 51
51 30 39
51 31 48
51 32 43
51 33 25
51 34 19
51 35 6
51 36 27
51 37 16
51 38 14
51 39 44
51 40 19
51 41 34
51 42 22
51 43 25
51 44 44
51 45 49
51 46 20
51 47 31
51 48 42
51 49 47
51 50 51
52 0 19
52 1 1
52 2 38
52 3 26
52 4 18
52 5 51
52 6 21
52 7 37
52 8 35
52 9 19
52 10 4
52 11 23
52 12 8
52 13 2
52 14 49
52 15 49
52 16 6
52 17 21
52 18 32
52 19 22
52 20 44
52 21 25
52 22 10
52 23 34
52 24 35
52 25 7
52 26 40
52 27 23
52 28 17
52 29 27
52 30 40
52 31 7
52 32 11
52 33 41
52 34 8
52 35 43
52 36 21
52 37 49
52 38 8
52 39 46
52 40 39
52 41 29
52 42 4
52 43 21
52 44 26
52 45 14
52 46 6
52 47 28
52 48 32
52 49 38
52 50 7
52 51 22
53 0 44
53 1 20
53 2 4
53 3 43
53 4 27
53 5 38
53 6 25
53 7 21
53 8 6
53 9 33
53 10 5
53 11 29
53 12 23
53 13 29
53 14 28
53 15 40
53 16 51
53 17 24
53 18 34
53 19 38
53 20 26
53 21 15
53 22 9
53 23 13
53 24 5
53 25 3
53 26 10
53 27 29
53 28 23
53 29 41
53 30 18
53 31 49
53 32 36
53 33 1
53 34 11
53 35 40
53 36 16
53 37 29
53 38 21
53 39 28
53 40 43
53 41 44
53 42 24
53 43 36
53 44 31
53 45 44
53 46 28
53 47 49
53 48 19
53 49 23
53 50 22
53 51 31
53 52 40
54 0 45
54 1 11
54 2 50
54 3 12
54 4 25
54 5 1
54 6 50
54 7 4
54 8 8
54 9 24
54 10 35
54 11 36
54 12 33
54 13 28
54 14 48
54 15 34
54 16 9
54 17 18
54 18 34
54 19 50
54 20 48
54 21 42
54 22 29
54 23 16
54 24 7
54 25 16
54 26 2
54 27 29
54 28 43
54 29 37
54 30 27
54 31 10
54 32 44
54 33 23
54 34 7
54 35 8
54 36 19
54 37 32
54 38 21
54 39 20
54 40 47
54 41 51
54 42 15
54 43 13
54 44 4
54 45 31
54 46 22
54 47 15
54 48 45
54 49 23
54 50 6
54 51 9
54 52 1
54 53 12
55 0 50
55 1 42
55 2 46
55 3 6
55 4 41
55 5 49
55 6 30
55 7 13
55 8 18
55 9 35
55 10 7
55 11 12
55 12 50
55 13 35
55 14 19
55 15 49
55 16 20
55 17 13
55 18 41
55 19 19
55 20 38
55 21 23
55 22 38
55 23 11
55 24 18
55 25 28
55 26 49
55 27 33
55 28 5
55 29 1
55 30 31
55 31 21
55 32 34
55 33 40
55 34 44
55 35 1
55 36 21
55 37 2
55 38 47
55 39 46
55 40 44
55 41 10
55 42 5
55 43 29
55 44 33
55 45 40
55 46 10
55 47 23
55 48 20
55 49 12
55 50 16
55 51 37
55 52 22
55 53 40
55 54 46
56 0 10
56 1 40
56 2 7
56 3 37
56 4 23
56 5 35
56 6 33
56 7 44
56 8 24
56 9 23
56 10 44
56 11 7
56 12 29
56 13 25
56 14 49
56 15 22
56 16 16
56 17 50
56 18 18
56 19 43
56 20 44
56 21 15
56 22 21
56 23 38
56 24 41
56 25 6
56 26 12
56 27 49
56 28 20
56 29 12
56 30 39
56 31 43
56 32 48
56 33 51
56 34 39
56 35 40
56 36 28
56 37 6
56 38 19
56 39 37
56 40 28
56 41 20
56 42 18
56 43 19
56 44 18
56 45 16
56 46 14
56 47 14
56 48 30
56 49 48
56 50 5
56 51 12
56 52 27
56 53 11
56 54 48
56 55 12
57 0 26
57 1 28
57 2 6
57 3 17
57 4 36
57 5 42
57 6 33
57 7 45
57 8 8
57 9 36
57 10 41
57 11 6
57 12 26
57 13 45
57 14 20
57 15 1
57 16 24
57 17 48
57 18 45
57 19 46
57 20 41
57 21 47
57 22 29
57 23 18
57 24 46
57 25 20
57 26 19
57 27 7
57 28 33
57 29 3
57 30 51
57 31 20
57 32 32
57 33 7
57 34 21
57 35 13
57 36 28
57 37 35
57 38 50
57 39 37
57 40 22
57 41 2
57 42 46
57 43 14
57 44 20
57 45 41
57 46 20
57 47 32
57 48 20
57 49 7
57 50 1
57 51 45
57 52 38
57 53 16
57 54 2
57 55 20
57 56 10
58 0 28
58 1 38
58 2 30
58 3 35
58 4 50
58 5 4
58 6 31
58 7 17
58 8 1
58 9 48
58 10 2
58 11 4
58 12 19
58 13 18
58 14 22
58 15 49
58 16 44
58 17 35
58 18 24
58 19 21
58 20 18
58 21 14
58 22 38
58 23 24
58 24 36
58 25 1
58 26 26
58 27 2
58 28 30
58 29 17
58 30 7
58 31 41
58 32 22
58 33 3
58 34 44
58 35 2
58 36 39
58 37 4
58 38 5
58 39 34
58 40 3
58 41 27
58 42 28
58 43 17
58 44 31
58 45 1
58 46 38
58 47 8
58 48 43
58 49 21
58 50 45
58 51 30
58 52 35
58 53 37
58 54 44
58 55 25
58 56 11
58 57 19
59 0 5
59 1 17
59 2 7
59 3 50
59 4 27
59 5 9
59 6 46
59 7 7
59 8 36
59 9 40
59 10 50
59 11 8
59 12 50
59 13 6
59 14 5
59 15 27
59 16 18
59 17 48
59 18 21
59 19 28
59 20 5
59 21 18
59 22 34
59 23 32
59 24 32
59 25 24
59 26 43
59 27 48
59 28 4
59 29 31
59 30 15
59 31 29
59 32 16
59 33 33
59 34 38
59 35 12
59 36 44
59 37 21
59 38 49
59 39 21
59 40 23
59 41 15
59 42 9
59 43 12
59 44 29
59 45 17
59 46 4
59 47 33
59 48 48
59 49 38
59 50 20
59 51 25
59 52 44
59 53 21
59 54 4
59 55 40
59 56 3
59 57 34
59 58 47
60 0 13
60 1 8
60 2 43
60 3 38
60 4 31
60 5 14
60 6 1
60 7 38
60 8 31
60 9 43
60 10 3
60 11 38
60 12 27
60 13 11
60 14 46
60 15 51
60 16 37
60 17 22
60 18 37
60 19 9
60 20 23
60 21 45
60 22 22
60 23 36
60 24 1
60 25 25
60 26 20
60 27 12
60 28 48
60 29 41
60 30 32
60 31 9
60 32 40
60 33 39
60 34 47
60 35 35
60 36 43
60 37 36
60 38 12
60 39 13
60 40 32
60 41 47
60 42 32
60 43 43
60 44 5
60 45 2
60 46 28
60 47 19
60 48 6
60 49 27
60 50 10
60 51 2
60 52 7
60 53 46
60 54 13
60 55 20
60 56 31
60 57 32
60 58 12
60 59 33
61 0 20
61 1 4
61 2 12
61 3 11
61 4 7
61 5 26
61 6 42
61 7 39
61 8 24
61 9 8
61 10 22
61 11 13
61 12 18
61 13 15
61 14 19
61 15 16
61 16 15
61 17 49
61 18 23
61 19 34
61 20 38
61 21 25
61 22 35
61 23 41
61 24 6
61 25 6
61 26 32
61 27 23
61 28 35
61 29 16
61 30 21
61 31 24
61 32 19
61 33 33
61 34 24
61 35 8
61 36 51
61 37 12
61 38 22
61 39 12
61 40 13
61 41 5
61 42 36
61 43 38
61 44 11
61 45 7
61 46 45
61 47 49
61 48 27
61 49 18
61 50 40
61 51 40
61 52 17
61 53 32
61 54 50
61 55 20
61 56 37
61 57 6
61 58 41
61 59 48
61 60 13
62 0 7
62 1 27
62 2 33
62 3 31
62 4 8
62 5 3
62 6 41
62 7 41
62 8 4
62 9 13
62 10 9
62 11 13
62 12 4
62 13 46
62 14 49
62 15 27
62 16 36
62 17 37
62 18 18
62 19 5
62 20 46
62 21 14
62 22 21
62 23 37
62 24 10
62 25 10
62 26 31
62 27 41
62 28 12
62 29 29
62 30 13
62 31 30
62 32 20
62 33 2
62 34 1
62 35 6
62 36 10
62 37 8
62 38 38
62 39 24
62 40 34
62 41 1
62 42 32
62 43 16
62 44 47
62 45 6
62 46 23
62 47 9
62 48 29
62 49 8
62 50 7
62 51 42
62 52 43
62 53 45
62 54 5
62 55 28
62 56 25
62 57 31
62 58 12
62 59 23
62 60 29
62 61 42
63 0 11
63 1 46
63 2 8
63 3 47
63 4 25
63 5 38
63 6 22
63 7 49
63 8 27
63 9 48
63 10 14
63 11 18
63 12 38
63 13 45
63 14 43
63 15 26
63 16 17
63 17 16
63 18 36
63 19 38
63 20 3
63 21 37
63 22 8
63 23 24
63 24 24
63 25 38
63 26 1
63 27 7
63 28 17
63 29 30
63 30 12
63 31 16
63 32 11
63 33 49
63 34 31
63 35 11
63 36 12
63 37 44
63 38 45
63 39 22
63 40 44
63 41 47
63 42 48
63 43 25
63 44 48
63 45 28
63 46 33
63 47 42
63 48 18
63 49 50
63 50 35
63 51 51
63 52 12
63 53 37
63 54 30
63 55 26
63 56 17
63 57 21
63 58 35
63 59 8
63 60 14
63 61 34
63 62 25
64 0 12
64 1 20
64 2 37
64 3 51
64 4 44
64 5 41
64 6 1
64 7 47
64 8 46
64 9 38
64 10 25
64 11 36
64 12 41
64 13 5
64 14 41
64 15 42
64 16 5
64 17 5
64 18 40
64 19 41
64 20 6
64 21 10
64 22 12
64 23 50
64 24 30
64 25 46
64 26 16
64 27 47
64 28 2
64 29 47
64 30 17
64 31 45
64 32 46
64 33 41
64 34 6
64 35 48
64 36 9
64 37 15
64 38 34
64 39 28
64 40 36
64 41 30
64 42 40
64 43 34
64 44 30
64 45 33
64 46 31
64 47 39
64 48 17
64 49 5
64 50 28
64 51 14
64 52 26
64 53 6
64 54 40
64 55 15
64 56 12
64 57 43
64 58 31
64 59 42
64 60 45
64 61 41
64 62 2
64 63 22
65 0 22
65 1 29
65 2 25
65 3 27
65 4 32
65 5 24
65 6 34
65 7 26
65 8 47
65 9 21
65 10 33
65 11 11
65 12 34
65 13 39
65 14 5
65 15 46
65 16 9
65 17 3
65 18 47
65 19 17
65 20 29
65 21 48
65 22 41
65 23 43
65 24 23
65 25 28
65 26 25
65 27 16
65 28 6
65 29 17
65 30 40
65 31 38
65 32 17
65 33 50
65 34 26
65 35 25
65 36 21
65 37 2
65 38 5
65 39 23
65 40 48
65 41 50
65 42 15
65 43 7
65 44 51
65 45 28
65 46 11
65 47 42
65 48 24
65 49 50
65 50 8
65 51 24
65 52 14
65 53 31
65 54 9
65 55 19
65 56 24
65 57 11
65 58 42
65 59 20
65 60 9
65 61 41
65 62 32
65 63 11
65 64 14
