39
1 0 5
2 0 1
2 1 3
3 0 3
3 1 3
3 2 3
4 0 5
4 1 2
4 2 6
4 3 3
5 0 6
5 1 7
5 2 2
5 3 2
5 4 4
6 0 2
6 1 4
6 2 4
6 3 7
6 4 5
6 5 5
7 0 1
7 1 4
7 2 2
7 3 1
7 4 3
7 5 4
7 6 5
8 0 1
8 1 4
8 2 2
8 3 6
8 4 2
8 5 3
8 6 2
8 7 2
9 0 2
9 1 5
9 2 7
9 3 3
9 4 4
9 5 6
9 6 5
9 7 5
9 8 4
10 0 2
10 1 5
10 2 6
10 3 1
10 4 4
10 5 7
10 6 2
10 7 7
10 8 3
10 9 7
11 0 6
11 1 6
11 2 6
11 3 1
11 4 4
11 5 2
11 6 4
11 7 1
11 8 4
11 9 4
11 10 2
12 0 2
12 1 4
12 2 2
12 3 7
12 4 4
12 5 5
12 6 7
12 7 5
12 8 5
12 9 6
12 10 2
12 11 2
13 0 1
13 1 7
13 2 1
13 3 7
13 4 4
13 5 1
13 6 7
13 7 4
13 8 4
13 9 6
13 10 1
13 11 1
13 12 3
14 0 6
14 1 6
14 2 2
14 3 2
14 4 5
14 5 4
14 6 3
14 7 2
14 8 3
14 9 5
14 10 5
14 11 4
14 12 4
14 13 1
15 0 7
15 1 5
15 2 1
15 3 6
15 4 4
15 5 2
15 6 6
15 7 6
15 8 1
15 9 4
15 10 1
15 11 4
15 12 2
15 13 2
15 14 2
16 0 5
16 1 3
16 2 1
16 3 4
16 4 7
16 5 3
16 6 2
16 7 4
16 8 6
16 9 6
16 10 3
16 11 4
16 12 5
16 13 7
16 14 7
16 15 5
17 0 6
17 1 1
17 2 3
17 3 7
17 4 2
17 5 3
17 6 6
17 7 5
17 8 7
17 9 5
17 10 6
17 11 7
17 12 7
17 13 7
17 14 1
17 15 6
17 16 6
18 0 1
18 1 6
18 2 7
18 3 1
18 4 1
18 5 7
18 6 4
18 7 2
18 8 5
18 9 5
18 10 2
18 11 3
18 12 7
18 13 6
18 14 5
18 15 2
18 16 6
18 17 6
19 0 5
19 1 5
19 2 3
19 3 6
19 4 5
19 5 5
19 6 7
19 7 1
19 8 7
19 9 6
19 10 2
19 11 6
19 12 3
19 13 6
19 14 5
19 15 4
19 16 6
19 17 4
19 18 3
20 0 4
20 1 1
20 2 7
20 3 1
20 4 5
20 5 3
20 6 5
20 7 7
20 8 1
20 9 2
20 10 7
20 11 6
20 12 3
20 13 2
20 14 5
20 15 3
20 16 1
20 17 1
20 18 4
20 19 5
21 0 2
21 1 5
21 2 5
21 3 7
21 4 7
21 5 1
21 6 7
21 7 2
21 8 7
21 9 4
21 10 1
21 11 5
21 12 2
21 13 7
21 14 3
21 15 4
21 16 2
21 17 1
21 18 2
21 19 4
21 20 7
22 0 1
22 1 3
22 2 5
22 3 1
22 4 2
22 5 4
22 6 1
22 7 4
22 8 3
22 9 6
22 10 5
22 11 3
22 12 5
22 13 4
22 14 6
22 15 1
22 16 1
22 17 7
22 18 4
22 19 1
22 20 6
22 21 6
23 0 6
23 1 7
23 2 7
23 3 3
23 4 5
23 5 1
23 6 3
23 7 7
23 8 2
23 9 5
23 10 6
23 11 1
23 12 5
23 13 3
23 14 1
23 15 3
23 16 2
23 17 5
23 18 4
23 19 2
23 20 5
23 21 7
23 22 1
24 0 5
24 1 5
24 2 5
24 3 2
24 4 4
24 5 6
24 6 3
24 7 4
24 8 6
24 9 4
24 10 3
24 11 6
24 12 2
24 13 1
24 14 1
24 15 3
24 16 1
24 17 7
24 18 1
24 19 6
24 20 1
24 21 5
24 22 7
24 23 1
25 0 7
25 1 4
25 2 2
25 3 1
25 4 5
25 5 3
25 6 2
25 7 1
25 8 6
25 9 5
25 10 4
25 11 1
25 12 4
25 13 4
25 14 5
25 15 5
25 16 1
25 17 4
25 18 4
25 19 3
25 20 2
25 21 5
25 22 6
25 23 6
25 24 7
26 0 5
26 1 4
26 2 1
26 3 1
26 4 4
26 5 7
26 6 5
26 7 4
26 8 3
26 9 7
26 10 4
26 11 6
26 12 1
26 13 7
26 14 2
26 15 6
26 16 6
26 17 1
26 18 5
26 19 7
26 20 2
26 21 2
26 22 2
26 23 5
26 24 4
26 25 2
27 0 7
27 1 1
27 2 4
27 3 2
27 4 2
27 5 1
27 6 5
27 7 1
27 8 6
27 9 3
27 10 5
27 11 7
27 12 5
27 13 1
27 14 5
27 15 1
27 16 6
27 17 7
27 18 2
27 19 1
27 20 7
27 21 2
27 22 1
27 23 6
27 24 1
27 25 1
27 26 4
28 0 6
28 1 4
28 2 4
28 3 5
28 4 5
28 5 2
28 6 6
28 7 4
28 8 1
28 9 1
28 10 2
28 11 6
28 12 5
28 13 4
28 14 7
28 15 4
28 16 2
28 17 7
28 18 4
28 19 4
28 20 1
28 21 4
28 22 7
28 23 1
28 24 2
28 25 4
28 26 4
28 27 4
29 0 3
29 1 7
29 2 7
29 3 3
29 4 2
29 5 4
29 6 7
29 7 2
29 8 6
29 9 5
29 10 5
29 11 6
29 12 6
29 13 5
29 14 1
29 15 7
29 16 5
29 17 5
29 18 2
29 19 7
29 20 5
29 21 3
29 22 1
29 23 3
29 24 3
29 25 7
29 26 3
29 27 4
29 28 5
30 0 5
30 1 6
30 2 5
30 3 2
30 4 4
30 5 5
30 6 3
30 7 2
30 8 5
30 9 5
30 10 4
30 11 7
30 12 4
30 13 2
30 14 7
30 15 2
30 16 5
30 17 4
30 18 2
30 19 5
30 20 5
30 21 3
30 22 5
30 23 3
30 24 3
30 25 5
30 26 5
30 27 4
30 28 1
30 29 1
31 0 4
31 1 4
31 2 6
31 3 1
31 4 2
31 5 4
31 6 5
31 7 3
31 8 2
31 9 3
31 10 4
31 11 5
31 12 1
31 13 7
31 14 5
31 15 3
31 16 7
31 17 1
31 18 7
31 19 5
31 20 3
31 21 6
31 22 3
31 23 7
31 24 6
31 25 3
31 26 1
31 27 1
31 28 2
31 29 7
31 30 2
32 0 7
32 1 5
32 2 7
32 3 3
32 4 2
32 5 5
32 6 2
32 7 1
32 8 5
32 9 4
32 10 7
32 11 1
32 12 7
32 13 4
32 14 3
32 15 4
32 16 6
32 17 3
32 18 4
32 19 7
32 20 5
32 21 7
32 22 7
32 23 3
32 24 4
32 25 6
32 26 7
32 27 1
32 28 1
32 29 1
32 30 3
32 31 5
33 0 1
33 1 4
33 2 3
33 3 6
33 4 5
33 5 1
33 6 1
33 7 7
33 8 4
33 9 7
33 10 2
33 11 7
33 12 1
33 13 4
33 14 7
33 15 3
33 16 6
33 17 6
33 18 2
33 19 6
33 20 6
33 21 6
33 22 7
33 23 1
33 24 5
33 25 1
33 26 7
33 27 5
33 28 6
33 29 4
33 30 3
33 31 1
33 32 2
34 0 3
34 1 4
34 2 2
34 3 5
34 4 5
34 5 4
34 6 3
34 7 4
34 8 5
34 9 2
34 10 7
34 11 1
34 12 7
34 13 2
34 14 4
34 15 2
34 16 4
34 17 5
34 18 4
34 19 3
34 20 5
34 21 3
34 22 7
34 23 5
34 24 1
34 25 5
34 26 7
34 27 5
34 28 6
34 29 2
34 30 5
34 31 5
34 32 2
34 33 3
35 0 2
35 1 4
35 2 4
35 3 4
35 4 4
35 5 2
35 6 3
35 7 7
35 8 7
35 9 4
35 10 7
35 11 2
35 12 2
35 13 2
35 14 7
35 15 7
35 16 7
35 17 7
35 18 3
35 19 7
35 20 4
35 21 4
35 22 2
35 23 1
35 24 3
35 25 3
35 26 5
35 27 4
35 28 3
35 29 2
35 30 1
35 31 7
35 32 7
35 33 6
35 34 7
36 0 4
36 1 5
36 2 2
36 3 3
36 4 1
36 5 6
36 6 7
36 7 4
36 8 1
36 9 5
36 10 7
36 11 2
36 12 2
36 13 7
36 14 6
36 15 6
36 16 1
36 17 2
36 18 5
36 19 6
36 20 3
36 21 6
36 22 3
36 23 5
36 24 1
36 25 5
36 26 3
36 27 4
36 28 6
36 29 4
36 30 1
36 31 5
36 32 5
36 33 5
36 34 4
36 35 3
37 0 7
37 1 1
37 2 5
37 3 4
37 4 6
37 5 1
37 6 3
37 7 2
37 8 6
37 9 1
37 10 5
37 11 1
37 12 2
37 13 5
37 14 7
37 15 2
37 16 3
37 17 2
37 18 2
37 19 6
37 20 1
37 21 4
37 22 7
37 23 7
37 24 4
37 25 3
37 26 5
37 27 7
37 28 3
37 29 4
37 30 2
37 31 7
37 32 7
37 33 1
37 34 3
37 35 4
37 36 6
38 0 5
38 1 5
38 2 1
38 3 1
38 4 7
38 5 1
38 6 6
38 7 4
38 8 3
38 9 1
38 10 6
38 11 3
38 12 5
38 13 7
38 14 2
38 15 7
38 16 2
38 17 2
38 18 4
38 19 6
38 20 5
38 21 4
38 22 5
38 23 1
38 24 2
38 25 4
38 26 7
38 27 3
38 28 1
38 29 7
38 30 4
38 31 4
38 32 5
38 33 1
38 34 1
38 35 3
38 36 6
38 37 5
