44
4 0 65
4 1 52
4 2 37
5 3 18
5 4 13
6 0 1
6 2 56
6 4 34
7 1 1
7 2 23
8 1 44
8 3 60
8 7 20
9 0 36
9 3 19
9 5 37
10 2 10
10 3 24
10 8 67
11 1 62
11 5 4
11 8 21
12 0 14
12 2 67
12 3 15
12 6 46
12 11 54
13 1 38
13 4 40
13 9 51
13 10 27
13 12 34
14 0 57
14 2 6
14 4 43
14 6 20
14 7 63
14 8 56
14 9 63
14 10 54
14 11 64
14 12 28
14 13 8
15 1 28
15 2 68
15 3 9
15 5 44
15 7 64
15 8 30
15 9 24
15 10 38
15 11 50
16 0 53
16 4 66
16 5 28
16 8 67
16 11 17
16 14 40
17 0 61
17 1 60
17 6 31
17 9 57
17 13 17
18 0 41
18 1 20
18 5 34
18 7 37
18 9 56
18 11 44
18 16 1
19 1 57
19 2 53
19 3 2
19 5 33
19 7 43
19 8 68
19 10 33
19 13 42
19 15 30
19 16 67
19 17 14
19 18 11
20 0 13
20 3 44
20 4 62
20 6 18
20 7 11
20 8 24
20 11 37
20 13 17
20 14 65
20 18 46
21 4 68
21 6 44
21 8 56
21 9 27
21 10 17
21 12 41
21 14 38
21 17 27
21 18 53
21 20 23
22 7 55
22 8 7
22 9 12
22 12 56
22 14 17
22 16 38
22 20 51
23 4 26
23 7 50
23 9 14
23 11 3
23 12 55
23 13 24
23 16 44
23 17 44
23 18 58
23 20 59
23 22 62
24 1 42
24 2 33
24 4 1
24 6 40
24 9 46
24 10 8
24 11 62
24 13 34
24 14 57
24 15 56
24 17 15
24 19 2
24 21 13
25 0 20
25 1 26
25 5 2
25 6 66
25 7 53
25 9 20
25 12 61
25 15 25
25 16 32
25 18 42
25 21 41
25 22 47
26 1 43
26 3 8
26 4 26
26 5 34
26 7 12
26 9 1
26 10 14
26 12 8
26 13 45
26 14 45
26 15 33
26 16 3
26 18 45
26 20 18
26 21 23
26 22 3
26 24 49
26 25 28
27 0 66
27 5 28
27 8 67
27 10 41
27 12 30
27 16 59
27 17 55
27 18 39
27 21 42
27 22 63
27 24 3
28 4 37
28 5 5
28 6 22
28 10 22
28 11 2
28 13 23
28 15 5
28 16 39
28 17 9
28 22 12
28 23 36
28 24 50
28 27 43
29 1 51
29 3 36
29 5 11
29 6 27
29 7 22
29 8 44
29 9 56
29 10 67
29 12 48
29 13 33
29 14 4
29 15 41
29 16 61
29 17 11
29 18 5
29 19 60
29 22 42
29 23 60
29 24 47
29 25 58
29 26 14
29 27 38
30 1 32
30 3 58
30 4 4
30 8 58
30 10 36
30 12 29
30 14 5
30 16 9
30 20 68
30 21 41
30 22 47
30 24 9
30 26 5
30 29 2
31 0 54
31 6 38
31 8 12
31 10 57
31 11 12
31 12 29
31 15 34
31 19 65
31 20 50
31 23 41
32 1 18
32 4 28
32 5 12
32 7 2
32 8 35
32 15 19
32 23 14
32 25 45
32 26 54
32 27 13
32 28 30
32 29 56
32 31 12
33 3 42
33 5 48
33 8 22
33 9 42
33 10 64
33 11 26
33 12 23
33 13 65
33 19 26
33 22 26
33 24 6
33 25 38
33 26 60
33 30 6
33 32 5
34 0 10
34 3 33
34 4 14
34 5 11
34 7 2
34 8 45
34 10 43
34 14 48
34 18 14
34 19 50
34 20 64
34 22 67
34 23 47
34 28 54
34 30 5
34 31 33
34 32 30
34 33 56
35 0 29
35 1 23
35 2 37
35 4 28
35 8 10
35 13 33
35 19 48
35 20 38
35 22 42
35 25 30
35 31 10
35 32 65
35 33 9
35 34 15
36 1 33
36 2 56
36 3 27
36 4 10
36 6 3
36 7 14
36 10 40
36 14 30
36 15 6
36 19 52
36 20 62
36 22 63
36 23 40
36 24 4
36 26 64
36 27 65
36 31 42
36 33 15
36 34 25
37 7 48
37 8 68
37 9 39
37 10 36
37 11 49
37 12 35
37 14 31
37 17 4
37 20 46
37 23 18
37 24 28
37 25 14
37 27 6
37 29 60
37 31 15
37 32 19
37 34 10
38 1 36
38 8 63
38 9 23
38 10 47
38 12 39
38 13 55
38 14 20
38 16 67
38 18 66
38 20 60
38 21 10
38 23 32
38 27 16
38 29 56
38 31 4
38 33 63
38 35 53
38 36 45
38 37 67
39 1 11
39 5 47
39 6 52
39 8 65
39 9 49
39 10 53
39 11 48
39 14 64
39 16 48
39 21 37
39 23 20
39 25 40
39 26 12
39 27 41
39 28 45
39 29 64
39 33 46
39 34 15
39 35 17
39 38 51
40 0 34
40 1 64
40 2 17
40 4 48
40 5 41
40 9 5
40 10 45
40 15 42
40 16 47
40 20 67
40 21 55
40 22 40
40 23 68
40 27 8
40 29 64
40 30 13
40 37 2
40 39 58
41 0 33
41 1 46
41 2 40
41 3 48
41 4 5
41 8 28
41 9 48
41 12 29
41 13 61
41 17 29
41 20 52
41 22 40
41 23 18
41 25 40
41 26 50
41 28 28
41 31 12
41 33 12
41 36 51
41 37 47
41 38 31
41 40 44
42 0 68
42 3 18
42 4 39
42 8 14
42 10 45
42 13 54
42 17 18
42 18 57
42 20 54
42 23 60
42 24 47
42 26 28
42 27 3
42 29 19
42 36 29
42 38 25
42 39 11
42 40 47
43 1 37
43 2 54
43 5 8
43 8 38
43 12 7
43 15 36
43 17 53
43 19 17
43 20 25
43 21 21
43 22 16
43 23 14
43 24 58
43 26 18
43 28 1
43 29 35
43 30 40
43 32 54
43 34 4
43 36 40
43 40 30
