20
1 0 23
2 0 1
2 1 14
3 0 20
3 1 26
3 2 19
4 0 17
4 1 6
4 2 21
4 3 5
5 0 14
5 1 4
5 2 8
5 3 32
5 4 7
6 0 23
6 1 1
6 2 9
6 3 24
6 4 20
6 5 33
7 0 23
7 1 20
7 2 20
7 3 13
7 4 1
7 5 13
7 6 11
8 0 28
8 1 18
8 2 11
8 3 30
8 4 9
8 5 4
8 6 10
8 7 15
9 0 33
9 1 28
9 2 17
9 3 20
9 4 23
9 5 17
9 6 3
9 7 8
9 8 12
10 0 16
10 1 30
10 2 16
10 3 9
10 4 3
10 5 2
10 6 12
10 7 23
10 8 22
10 9 12
11 0 31
11 1 21
11 2 28
11 3 4
11 4 16
11 5 10
11 6 9
11 7 23
11 8 13
11 9 15
11 10 21
12 0 27
12 1 21
12 2 16
12 3 10
12 4 25
12 5 30
12 6 18
12 7 9
12 8 17
12 9 3
12 10 24
12 11 25
13 0 32
13 1 11
13 2 32
13 3 11
13 4 14
13 5 3
13 6 15
13 7 16
13 8 1
13 9 25
13 10 33
13 11 7
13 12 2
14 0 31
14 1 20
14 2 19
14 3 2
14 4 12
14 5 3
14 6 32
14 7 8
14 8 32
14 9 27
14 10 27
14 11 27
14 12 21
14 13 20
15 0 15
15 1 26
15 2 29
15 3 10
15 4 16
15 5 25
15 6 1
15 7 27
15 8 5
15 9 23
15 10 33
15 11 19
15 12 12
15 13 22
15 14 26
16 0 19
16 1 4
16 2 26
16 3 28
16 4 17
16 5 3
16 6 11
16 7 17
16 8 29
16 9 3
16 10 9
16 11 22
16 12 19
16 13 19
16 14 1
16 15 24
17 0 25
17 1 10
17 2 9
17 3 9
17 4 7
17 5 29
17 6 19
17 7 4
17 8 21
17 9 20
17 10 23
17 11 26
17 12 17
17 13 8
17 14 20
17 15 33
17 16 33
18 0 12
18 1 27
18 2 25
18 3 1
18 4 12
18 5 5
18 6 5
18 7 24
18 8 14
18 9 9
18 10 8
18 11 21
18 12 31
18 13 22
18 14 2
18 15 19
18 16 7
18 17 29
19 0 2
19 1 28
19 2 18
19 3 6
19 4 23
19 5 15
19 6 21
19 7 21
19 8 5
19 9 5
19 10 18
19 11 29
19 12 11
19 13 29
19 14 4
19 15 23
19 16 7
19 17 20
19 18 21
