32
4 1 24
5 4 30
6 1 13
6 4 36
7 0 59
7 1 50
7 2 64
7 3 35
8 1 36
8 3 38
9 0 62
9 1 37
9 5 3
9 8 54
10 0 26
10 4 61
10 5 23
10 7 51
11 1 47
11 2 10
11 3 38
11 5 48
11 6 16
11 7 22
11 10 9
12 1 24
12 3 56
12 6 63
12 7 21
12 10 56
12 11 57
13 3 49
13 4 56
13 5 3
13 9 12
13 12 51
14 5 53
14 6 40
14 7 22
14 8 58
14 9 45
14 10 65
14 12 24
15 0 58
15 1 4
15 2 31
15 3 63
15 5 64
15 9 14
15 13 2
16 0 19
16 2 22
16 3 68
16 7 46
16 8 32
16 9 5
16 10 35
16 11 37
16 12 64
16 13 60
16 14 19
17 0 7
17 2 8
17 3 30
17 8 27
17 9 38
17 11 17
17 12 33
17 13 55
17 15 56
18 1 49
18 2 69
18 3 61
18 4 25
18 6 6
18 7 6
18 9 39
18 10 51
18 11 63
18 13 25
18 14 69
18 15 44
18 16 9
18 17 30
19 0 43
19 1 7
19 2 1
19 3 54
19 5 1
19 7 25
19 8 29
19 16 15
19 17 37
19 18 17
20 0 23
20 2 34
20 3 36
20 4 16
20 5 49
20 7 52
20 8 68
20 10 46
20 12 47
20 13 64
20 15 55
20 17 38
21 0 30
21 1 21
21 2 47
21 3 41
21 4 40
21 6 11
21 9 43
21 12 56
21 14 41
21 15 1
21 17 2
21 18 17
22 3 5
22 4 10
22 8 16
22 9 51
22 12 41
22 13 14
22 14 11
22 15 59
22 16 29
22 17 14
22 19 55
22 21 16
23 0 69
23 1 36
23 3 52
23 4 51
23 5 60
23 6 58
23 15 51
23 17 54
23 20 66
23 21 59
24 0 6
24 6 23
24 8 53
24 9 14
24 10 10
24 11 51
24 14 43
24 15 8
24 16 37
24 17 17
24 20 7
24 23 32
25 0 52
25 3 34
25 4 58
25 5 15
25 6 48
25 8 8
25 9 43
25 10 62
25 11 32
25 12 4
25 13 4
25 14 21
25 15 38
25 16 25
25 18 1
25 22 10
26 1 62
26 3 40
26 4 13
26 5 27
26 10 56
26 11 15
26 14 10
26 15 15
26 16 53
26 18 56
26 19 53
26 21 31
26 24 22
26 25 46
27 2 23
27 4 60
27 5 39
27 10 48
27 11 15
27 16 8
27 17 50
27 24 16
27 25 22
28 1 10
28 4 39
28 5 66
28 9 47
28 10 38
28 11 64
28 14 28
28 15 44
28 17 43
28 25 54
28 27 36
29 0 48
29 1 13
29 2 39
29 5 64
29 6 42
29 11 28
29 14 33
29 16 19
29 18 53
29 19 16
29 20 40
29 23 58
29 24 31
29 25 41
29 28 34
30 0 14
30 1 2
30 4 13
30 5 8
30 7 44
30 8 15
30 11 63
30 15 60
30 18 43
30 19 53
30 21 33
30 24 32
30 26 40
30 27 20
30 29 17
31 1 24
31 2 10
31 3 61
31 4 18
31 5 17
31 6 69
31 7 21
31 8 7
31 10 36
31 11 37
31 12 19
31 14 40
31 15 46
31 22 59
31 23 29
31 26 12
31 28 48
