57
1 0 11
2 0 10
2 1 45
3 0 30
3 1 47
3 2 43
4 0 32
4 1 26
4 2 24
4 3 17
5 0 4
5 1 3
5 2 46
5 3 22
5 4 40
6 0 10
6 1 11
6 2 17
6 3 13
6 4 44
6 5 39
7 0 2
7 1 35
7 2 6
7 3 5
7 4 34
7 5 35
7 6 6
8 0 38
8 1 31
8 2 48
8 3 8
8 4 15
8 5 33
8 6 27
8 7 31
9 0 37
9 1 28
9 2 48
9 3 5
9 4 30
9 5 44
9 6 41
9 7 41
9 8 8
10 0 7
10 1 34
10 2 9
10 3 16
10 4 15
10 5 21
10 6 15
10 7 40
10 8 45
10 9 31
11 0 18
11 1 9
11 2 36
11 3 7
11 4 23
11 5 19
11 6 47
11 7 19
11 8 26
11 9 12
11 10 3
12 0 38
12 1 43
12 2 30
12 3 31
12 4 19
12 5 33
12 6 46
12 7 37
12 8 31
12 9 6
12 10 10
12 11 25
13 0 48
13 1 46
13 2 34
13 3 5
13 4 27
13 5 11
13 6 28
13 7 29
13 8 1
13 9 29
13 10 47
13 11 45
13 12 33
14 0 10
14 1 5
14 2 45
14 3 25
14 4 41
14 5 41
14 6 36
14 7 41
14 8 31
14 9 17
14 10 19
14 11 46
14 12 33
14 13 1
15 0 32
15 1 13
15 2 19
15 3 37
15 4 33
15 5 38
15 6 26
15 7 19
15 8 26
15 9 16
15 10 38
15 11 20
15 12 46
15 13 13
15 14 42
16 0 42
16 1 48
16 2 19
16 3 22
16 4 46
16 5 11
16 6 31
16 7 39
16 8 1
16 9 30
16 10 38
16 11 40
16 12 46
16 13 26
16 14 37
16 15 15
17 0 36
17 1 4
17 2 42
17 3 24
17 4 18
17 5 4
17 6 2
17 7 38
17 8 43
17 9 18
17 10 4
17 11 39
17 12 4
17 13 40
17 14 25
17 15 6
17 16 46
18 0 45
18 1 16
18 2 29
18 3 2
18 4 10
18 5 36
18 6 47
18 7 24
18 8 6
18 9 8
18 10 10
18 11 6
18 12 18
18 13 21
18 14 34
18 15 44
18 16 16
18 17 18
19 0 20
19 1 38
19 2 20
19 3 3
19 4 24
19 5 35
19 6 20
19 7 21
19 8 42
19 9 16
19 10 9
19 11 11
19 12 6
19 13 16
19 14 3
19 15 8
19 16 14
19 17 48
19 18 8
20 0 44
20 1 38
20 2 12
20 3 11
20 4 21
20 5 9
20 6 37
20 7 35
20 8 28
20 9 40
20 10 34
20 11 22
20 12 3
20 13 22
20 14 33
20 15 32
20 16 5
20 17 15
20 18 48
20 19 28
21 0 30
21 1 18
21 2 18
21 3 48
21 4 28
21 5 28
21 6 44
21 7 1
21 8 32
21 9 25
21 10 32
21 11 4
21 12 44
21 13 32
21 14 3
21 15 22
21 16 28
21 17 6
21 18 24
21 19 1
21 20 19
22 0 30
22 1 13
22 2 20
22 3 3
22 4 12
22 5 6
22 6 8
22 7 42
22 8 41
22 9 38
22 10 40
22 11 12
22 12 24
22 13 19
22 14 18
22 15 6
22 16 7
22 17 35
22 18 36
22 19 13
22 20 26
22 21 20
23 0 44
23 1 36
23 2 44
23 3 4
23 4 48
23 5 31
23 6 3
23 7 12
23 8 13
23 9 6
23 10 47
23 11 11
23 12 46
23 13 47
23 14 34
23 15 2
23 16 33
23 17 48
23 18 32
23 19 44
23 20 13
23 21 31
23 22 13
24 0 9
24 1 26
24 2 12
24 3 23
24 4 26
24 5 29
24 6 27
24 7 47
24 8 43
24 9 21
24 10 7
24 11 41
24 12 13
24 13 32
24 14 8
24 15 1
24 16 37
24 17 7
24 18 33
24 19 37
24 20 8
24 21 39
24 22 15
24 23 9
25 0 40
25 1 15
25 2 33
25 3 17
25 4 9
25 5 8
25 6 22
25 7 30
25 8 28
25 9 41
25 10 37
25 11 10
25 12 22
25 13 20
25 14 42
25 15 41
25 16 20
25 17 18
25 18 5
25 19 40
25 20 3
25 21 44
25 22 39
25 23 42
25 24 6
26 0 2
26 1 8
26 2 45
26 3 11
26 4 27
26 5 2
26 6 19
26 7 42
26 8 31
26 9 7
26 10 25
26 11 10
26 12 46
26 13 13
26 14 20
26 15 1
26 16 46
26 17 17
26 18 48
26 19 15
26 20 18
26 21 35
26 22 30
26 23 25
26 24 19
26 25 20
27 0 12
27 1 36
27 2 46
27 3 42
27 4 20
27 5 14
27 6 1
27 7 13
27 8 20
27 9 30
27 10 41
27 11 8
27 12 25
27 13 3
27 14 33
27 15 7
27 16 40
27 17 33
27 18 18
27 19 46
27 20 19
27 21 5
27 22 29
27 23 10
27 24 31
27 25 14
27 26 9
28 0 21
28 1 9
28 2 26
28 3 6
28 4 11
28 5 27
28 6 7
28 7 35
28 8 37
28 9 19
28 10 29
28 11 42
28 12 1
28 13 14
28 14 8
28 15 11
28 16 10
28 17 9
28 18 13
28 19 47
28 20 28
28 21 3
28 22 5
28 23 14
28 24 17
28 25 15
28 26 3
28 27 44
29 0 23
29 1 48
29 2 22
29 3 5
29 4 31
29 5 44
29 6 6
29 7 14
29 8 28
29 9 17
29 10 3
29 11 43
29 12 31
29 13 27
29 14 17
29 15 9
29 16 4
29 17 34
29 18 38
29 19 15
29 20 36
29 21 24
29 22 1
29 23 28
29 24 47
29 25 5
29 26 10
29 27 47
29 28 38
30 0 45
30 1 19
30 2 10
30 3 40
30 4 1
30 5 13
30 6 42
30 7 38
30 8 32
30 9 35
30 10 27
30 11 42
30 12 15
30 13 37
30 14 47
30 15 39
30 16 35
30 17 14
30 18 18
30 19 23
30 20 47
30 21 3
30 22 38
30 23 48
30 24 6
30 25 42
30 26 6
30 27 1
30 28 1
30 29 25
31 0 45
31 1 23
31 2 3
31 3 14
31 4 9
31 5 46
31 6 44
31 7 3
31 8 39
31 9 32
31 10 44
31 11 10
31 12 36
31 13 21
31 14 18
31 15 31
31 16 15
31 17 18
31 18 32
31 19 10
31 20 30
31 21 2
31 22 31
31 23 38
31 24 19
31 25 13
31 26 14
31 27 4
31 28 41
31 29 5
31 30 1
32 0 42
32 1 3
32 2 11
32 3 26
32 4 8
32 5 41
32 6 9
32 7 48
32 8 32
32 9 43
32 10 48
32 11 31
32 12 13
32 13 36
32 14 4
32 15 30
32 16 32
32 17 3
32 18 32
32 19 14
32 20 18
32 21 3
32 22 43
32 23 20
32 24 22
32 25 2
32 26 25
32 27 38
32 28 47
32 29 27
32 30 39
32 31 29
33 0 47
33 1 29
33 2 42
33 3 17
33 4 15
33 5 31
33 6 44
33 7 43
33 8 44
33 9 32
33 10 44
33 11 22
33 12 4
33 13 29
33 14 29
33 15 18
33 16 44
33 17 16
33 18 41
33 19 31
33 20 7
33 21 31
33 22 4
33 23 11
33 24 40
33 25 35
33 26 46
33 27 3
33 28 32
33 29 38
33 30 25
33 31 23
33 32 45
34 0 12
34 1 37
34 2 27
34 3 15
34 4 18
34 5 8
34 6 20
34 7 7
34 8 20
34 9 26
34 10 31
34 11 37
34 12 26
34 13 15
34 14 12
34 15 5
34 16 6
34 17 23
34 18 43
34 19 22
34 20 15
34 21 3
34 22 16
34 23 21
34 24 33
34 25 22
34 26 9
34 27 21
34 28 34
34 29 42
34 30 29
34 31 35
34 32 4
34 33 22
35 0 21
35 1 28
35 2 15
35 3 9
35 4 34
35 5 33
35 6 2
35 7 19
35 8 5
35 9 46
35 10 46
35 11 29
35 12 7
35 13 7
35 14 20
35 15 43
35 16 18
35 17 18
35 18 46
35 19 10
35 20 13
35 21 7
35 22 17
35 23 8
35 24 46
35 25 17
35 26 11
35 27 18
35 28 16
35 29 40
35 30 34
35 31 3
35 32 19
35 33 45
35 34 10
36 0 42
36 1 11
36 2 27
36 3 12
36 4 7
36 5 22
36 6 11
36 7 25
36 8 21
36 9 13
36 10 33
36 11 8
36 12 43
36 13 31
36 14 30
36 15 19
36 16 16
36 17 44
36 18 31
36 19 20
36 20 2
36 21 39
36 22 35
36 23 48
36 24 40
36 25 15
36 26 32
36 27 10
36 28 43
36 29 8
36 30 8
36 31 15
36 32 20
36 33 37
36 34 38
36 35 22
37 0 43
37 1 4
37 2 39
37 3 7
37 4 42
37 5 12
37 6 27
37 7 16
37 8 9
37 9 24
37 10 5
37 11 28
37 12 16
37 13 25
37 14 48
37 15 38
37 16 15
37 17 1
37 18 37
37 19 22
37 20 46
37 21 27
37 22 8
37 23 10
37 24 46
37 25 30
37 26 21
37 27 20
37 28 33
37 29 27
37 30 5
37 31 44
37 32 44
37 33 4
37 34 46
37 35 2
37 36 31
38 0 2
38 1 22
38 2 47
38 3 46
38 4 48
38 5 22
38 6 21
38 7 27
38 8 35
38 9 10
38 10 37
38 11 4
38 12 28
38 13 45
38 14 40
38 15 43
38 16 25
38 17 15
38 18 42
38 19 24
38 20 47
38 21 45
38 22 42
38 23 46
38 24 9
38 25 19
38 26 31
38 27 1
38 28 17
38 29 27
38 30 36
38 31 32
38 32 3
38 33 14
38 34 7
38 35 19
38 36 24
38 37 26
39 0 47
39 1 23
39 2 30
39 3 34
39 4 46
39 5 41
39 6 16
39 7 32
39 8 12
39 9 34
39 10 4
39 11 33
39 12 1
39 13 24
39 14 39
39 15 18
39 16 32
39 17 11
39 18 33
39 19 13
39 20 28
39 21 11
39 22 32
39 23 32
39 24 8
39 25 27
39 26 7
39 27 42
39 28 6
39 29 10
39 30 34
39 31 48
39 32 19
39 33 4
39 34 35
39 35 41
39 36 14
39 37 48
39 38 44
40 0 35
40 1 31
40 2 45
40 3 28
40 4 44
40 5 2
40 6 14
40 7 45
40 8 23
40 9 18
40 10 46
40 11 31
40 12 26
40 13 24
40 14 10
40 15 29
40 16 46
40 17 27
40 18 9
40 19 33
40 20 17
40 21 11
40 22 7
40 23 34
40 24 39
40 25 45
40 26 28
40 27 5
40 28 29
40 29 8
40 30 16
40 31 42
40 32 43
40 33 44
40 34 8
40 35 43
40 36 15
40 37 48
40 38 47
40 39 32
41 0 27
41 1 12
41 2 20
41 3 3
41 4 39
41 5 6
41 6 40
41 7 31
41 8 18
41 9 33
41 10 9
41 11 24
41 12 39
41 13 48
41 14 28
41 15 45
41 16 37
41 17 6
41 18 37
41 19 15
41 20 41
41 21 19
41 22 34
41 23 32
41 24 19
41 25 41
41 26 22
41 27 18
41 28 17
41 29 33
41 30 2
41 31 30
41 32 4
41 33 13
41 34 15
41 35 26
41 36 48
41 37 5
41 38 34
41 39 9
41 40 27
42 0 33
42 1 24
42 2 1
42 3 35
42 4 11
42 5 47
42 6 15
42 7 4
42 8 30
42 9 32
42 10 21
42 11 5
42 12 12
42 13 19
42 14 30
42 15 21
42 16 11
42 17 1
42 18 46
42 19 8
42 20 27
42 21 40
42 22 46
42 23 3
42 24 5
42 25 17
42 26 10
42 27 38
42 28 4
42 29 36
42 30 29
42 31 22
42 32 9
42 33 43
42 34 12
42 35 27
42 36 41
42 37 23
42 38 7
42 39 39
42 40 18
42 41 48
43 0 10
43 1 45
43 2 23
43 3 37
43 4 7
43 5 39
43 6 40
43 7 28
43 8 11
43 9 8
43 10 43
43 11 6
43 12 13
43 13 37
43 14 8
43 15 33
43 16 42
43 17 16
43 18 34
43 19 30
43 20 11
43 21 39
43 22 19
43 23 26
43 24 36
43 25 14
43 26 6
43 27 19
43 28 14
43 29 22
43 30 27
43 31 35
43 32 45
43 33 30
43 34 19
43 35 35
43 36 25
43 37 17
43 38 23
43 39 4
43 40 17
43 41 23
43 42 32
44 0 33
44 1 29
44 2 6
44 3 35
44 4 24
44 5 43
44 6 27
44 7 33
44 8 17
44 9 19
44 10 33
44 11 47
44 12 22
44 13 39
44 14 41
44 15 31
44 16 37
44 17 5
44 18 27
44 19 35
44 20 30
44 21 29
44 22 23
44 23 40
44 24 13
44 25 7
44 26 23
44 27 1
44 28 4
44 29 6
44 30 27
44 31 37
44 32 33
44 33 30
44 34 15
44 35 38
44 36 23
44 37 16
44 38 44
44 39 38
44 40 40
44 41 25
44 42 1
44 43 12
45 0 6
45 1 16
45 2 38
45 3 12
45 4 41
45 5 24
45 6 3
45 7 32
45 8 37
45 9 41
45 10 30
45 11 12
45 12 3
45 13 22
45 14 38
45 15 19
45 16 16
45 17 3
45 18 33
45 19 40
45 20 19
45 21 25
45 22 12
45 23 13
45 24 23
45 25 46
45 26 37
45 27 42
45 28 16
45 29 3
45 30 7
45 31 4
45 32 48
45 33 45
45 34 36
45 35 10
45 36 35
45 37 47
45 38 47
45 39 30
45 40 3
45 41 3
45 42 16
45 43 33
45 44 43
46 0 45
46 1 23
46 2 36
46 3 16
46 4 21
46 5 22
46 6 23
46 7 26
46 8 4
46 9 9
46 10 46
46 11 42
46 12 12
46 13 45
46 14 45
46 15 3
46 16 29
46 17 16
46 18 2
46 19 47
46 20 47
46 21 47
46 22 7
46 23 36
46 24 30
46 25 44
46 26 9
46 27 39
46 28 16
46 29 31
46 30 43
46 31 13
46 32 12
46 33 48
46 34 13
46 35 40
46 36 10
46 37 17
46 38 6
46 39 47
46 40 37
46 41 8
46 42 25
46 43 12
46 44 21
46 45 15
47 0 9
47 1 33
47 2 40
47 3 14
47 4 15
47 5 3
47 6 28
47 7 40
47 8 7
47 9 6
47 10 11
47 11 26
47 12 20
47 13 10
47 14 27
47 15 43
47 16 11
47 17 43
47 18 10
47 19 24
47 20 21
47 21 19
47 22 8
47 23 17
47 24 12
47 25 8
47 26 30
47 27 29
47 28 30
47 29 39
47 30 27
47 31 15
47 32 46
47 33 41
47 34 33
47 35 36
47 36 38
47 37 34
47 38 33
47 39 21
47 40 35
47 41 20
47 42 9
47 43 6
47 44 37
47 45 43
47 46 20
48 0 11
48 1 39
48 2 11
48 3 37
48 4 19
48 5 41
48 6 40
48 7 42
48 8 13
48 9 9
48 10 34
48 11 22
48 12 39
48 13 41
48 14 47
48 15 24
48 16 20
48 17 43
48 18 36
48 19 9
48 20 44
48 21 8
48 22 26
48 23 1
48 24 2
48 25 43
48 26 6
48 27 31
48 28 6
48 29 13
48 30 22
48 31 21
48 32 6
48 33 25
48 34 2
48 35 6
48 36 41
48 37 21
48 38 44
48 39 37
48 40 23
48 41 17
48 42 39
48 43 38
48 44 24
48 45 41
48 46 46
48 47 44
49 0 37
49 1 41
49 2 28
49 3 34
49 4 5
49 5 39
49 6 38
49 7 11
49 8 33
49 9 9
49 10 7
49 11 24
49 12 33
49 13 20
49 14 2
49 15 48
49 16 46
49 17 47
49 18 44
49 19 36
49 20 19
49 21 18
49 22 33
49 23 9
49 24 15
49 25 9
49 26 47
49 27 41
49 28 18
49 29 14
49 30 6
49 31 22
49 32 30
49 33 48
49 34 9
49 35 39
49 36 8
49 37 46
49 38 37
49 39 38
49 40 35
49 41 33
49 42 17
49 43 20
49 44 7
49 45 13
49 46 35
49 47 22
49 48 24
50 0 29
50 1 37
50 2 17
50 3 20
50 4 7
50 5 9
50 6 14
50 7 33
50 8 8
50 9 17
50 10 34
50 11 27
50 12 41
50 13 37
50 14 28
50 15 42
50 16 38
50 17 21
50 18 17
50 19 5
50 20 29
50 21 27
50 22 7
50 23 11
50 24 3
50 25 8
50 26 39
50 27 29
50 28 24
50 29 13
50 30 47
50 31 23
50 32 35
50 33 19
50 34 46
50 35 30
50 36 28
50 37 42
50 38 13
50 39 28
50 40 42
50 41 21
50 42 10
50 43 13
50 44 20
50 45 19
50 46 37
50 47 33
50 48 4
50 49 45
51 0 26
51 1 26
51 2 33
51 3 20
51 4 32
51 5 32
51 6 27
51 7 45
51 8 47
51 9 22
51 10 17
51 11 22
51 12 38
51 13 2
51 14 22
51 15 1
51 16 46
51 17 33
51 18 43
51 19 8
51 20 11
51 21 27
51 22 2
51 23 20
51 24 5
51 25 9
51 26 44
51 27 22
51 28 23
51 29 44
51 30 4
51 31 20
51 32 46
51 33 15
51 34 45
51 35 15
51 36 36
51 37 18
51 38 6
51 39 31
51 40 5
51 41 43
51 42 37
51 43 33
51 44 3
51 45 21
51 46 41
51 47 38
51 48 4
51 49 34
51 50 34
52 0 1
52 1 15
52 2 16
52 3 27
52 4 43
52 5 46
52 6 6
52 7 23
52 8 35
52 9 5
52 10 34
52 11 22
52 12 15
52 13 26
52 14 44
52 15 5
52 16 25
52 17 37
52 18 3
52 19 17
52 20 18
52 21 9
52 22 20
52 23 15
52 24 27
52 25 48
52 26 16
52 27 44
52 28 15
52 29 24
52 30 37
52 31 3
52 32 19
52 33 31
52 34 13
52 35 22
52 36 13
52 37 14
52 38 23
52 39 22
52 40 47
52 41 7
52 42 1
52 43 14
52 44 16
52 45 30
52 46 7
52 47 40
52 48 6
52 49 8
52 50 20
52 51 26
53 0 36
53 1 12
53 2 23
53 3 16
53 4 16
53 5 43
53 6 27
53 7 29
53 8 13
53 9 38
53 10 22
53 11 23
53 12 42
53 13 24
53 14 46
53 15 3
53 16 17
53 17 26
53 18 38
53 19 17
53 20 18
53 21 8
53 22 4
53 23 7
53 24 44
53 25 3
53 26 24
53 27 36
53 28 27
53 29 21
53 30 26
53 31 34
53 32 30
53 33 10
53 34 41
53 35 40
53 36 23
53 37 3
53 38 23
53 39 41
53 40 37
53 41 1
53 42 19
53 43 47
53 44 5
53 45 7
53 46 33
53 47 43
53 48 44
53 49 8
53 50 14
53 51 1
53 52 3
54 0 40
54 1 3
54 2 5
54 3 41
54 4 7
54 5 41
54 6 24
54 7 3
54 8 11
54 9 27
54 10 33
54 11 25
54 12 46
54 13 15
54 14 31
54 15 12
54 16 48
54 17 28
54 18 31
54 19 4
54 20 34
54 21 36
54 22 5
54 23 17
54 24 2
54 25 2
54 26 39
54 27 4
54 28 27
54 29 18
54 30 25
54 31 37
54 32 44
54 33 22
54 34 38
54 35 34
54 36 32
54 37 41
54 38 40
54 39 16
54 40 15
54 41 5
54 42 4
54 43 7
54 44 23
54 45 2
54 46 20
54 47 8
54 48 15
54 49 5
54 50 48
54 51 2
54 52 46
54 53 40
55 0 47
55 1 5
55 2 39
55 3 17
55 4 45
55 5 2
55 6 10
55 7 9
55 8 13
55 9 10
55 10 18
55 11 35
55 12 20
55 13 22
55 14 48
55 15 27
55 16 23
55 17 48
55 18 29
55 19 43
55 20 16
55 21 47
55 22 37
55 23 15
55 24 28
55 25 27
55 26 40
55 27 16
55 28 2
55 29 29
55 30 20
55 31 27
55 32 15
55 33 23
55 34 10
55 35 16
55 36 37
55 37 21
55 38 31
55 39 8
55 40 2
55 41 34
55 42 19
55 43 38
55 44 37
55 45 44
55 46 4
55 47 43
55 48 17
55 49 5
55 50 13
55 51 9
55 52 35
55 53 37
55 54 43
56 0 39
56 1 23
56 2 5
56 3 26
56 4 19
56 5 1
56 6 18
56 7 15
56 8 1
56 9 20
56 10 42
56 11 13
56 12 23
56 13 9
56 14 1
56 15 24
56 16 25
56 17 47
56 18 31
56 19 16
56 20 26
56 21 14
56 22 20
56 23 21
56 24 11
56 25 24
56 26 35
56 27 34
56 28 21
56 29 23
56 30 4
56 31 3
56 32 17
56 33 16
56 34 16
56 35 34
56 36 30
56 37 15
56 38 10
56 39 23
56 40 48
56 41 14
56 42 19
56 43 13
56 44 35
56 45 22
56 46 3
56 47 26
56 48 36
56 49 31
56 50 7
56 51 40
56 52 17
56 53 5
56 54 7
56 55 12
