25
2 1 11
3 0 9
3 2 12
4 0 2
4 1 3
4 2 16
5 1 2
5 2 15
5 4 8
6 0 2
6 1 9
6 3 7
7 3 7
8 0 6
8 1 4
8 3 7
8 4 15
8 5 9
8 6 9
8 7 10
9 3 14
9 4 13
9 5 2
9 6 14
9 8 10
10 1 14
10 4 12
10 6 7
10 7 6
10 8 6
10 9 2
11 0 6
11 1 6
11 2 5
11 4 12
11 5 15
11 6 15
11 10 10
12 0 11
12 1 9
12 4 8
12 5 10
12 7 15
12 8 12
12 9 15
12 10 15
13 1 6
13 2 4
13 3 8
13 4 13
13 6 2
13 7 16
13 9 1
13 12 6
14 0 3
14 2 5
14 4 15
14 5 15
14 8 8
14 9 4
14 11 6
14 12 16
14 13 12
15 3 12
15 4 16
15 7 1
15 10 1
15 11 13
16 0 5
16 3 2
16 4 1
16 6 10
16 7 2
16 9 15
16 10 5
17 0 2
17 2 2
17 5 14
17 6 15
17 7 3
17 9 1
17 10 10
17 11 6
17 16 7
18 4 8
18 6 8
18 7 2
18 8 10
18 9 6
18 12 8
18 13 9
18 14 14
18 15 4
18 16 13
18 17 14
19 3 12
19 5 16
19 6 16
19 8 4
19 9 6
19 10 4
19 13 12
19 14 9
19 16 5
19 18 15
20 0 14
20 4 1
20 5 8
20 8 1
20 9 15
20 10 13
20 12 16
20 14 15
20 15 15
20 18 3
21 0 3
21 1 4
21 2 1
21 5 3
21 6 9
21 7 2
21 10 16
21 11 13
21 13 3
21 14 8
21 15 3
21 19 15
21 20 14
22 0 8
22 1 2
22 2 11
22 3 3
22 4 4
22 6 3
22 16 12
22 17 2
22 18 3
22 19 2
22 21 6
23 0 14
23 1 6
23 3 2
23 4 16
23 5 13
23 9 13
23 11 6
23 15 13
23 17 15
23 18 3
23 19 3
23 20 11
24 0 7
24 1 2
24 3 10
24 4 7
24 5 2
24 8 4
24 9 15
24 10 12
24 11 15
24 12 16
24 16 3
24 18 4
24 19 8
24 20 16
24 21 14
