54
2 0 14
3 1 13
3 2 22
4 0 40
4 1 24
5 0 34
5 1 33
5 3 16
6 3 20
6 4 17
8 0 4
8 1 27
8 3 5
8 5 19
8 6 31
8 7 25
9 0 5
9 1 40
9 2 36
9 3 12
9 4 9
9 5 8
9 6 10
9 8 31
10 0 24
10 1 10
10 5 8
10 6 12
10 9 12
11 2 16
11 5 39
11 8 18
11 9 10
12 2 33
12 3 9
12 4 29
12 5 30
12 8 20
13 0 28
13 3 24
13 4 30
13 7 7
13 8 36
13 12 33
14 0 15
14 1 10
14 2 32
14 4 21
14 5 16
14 7 31
14 9 37
14 12 33
14 13 27
15 0 20
15 1 15
15 4 4
15 6 5
15 10 13
15 12 31
15 14 14
16 0 23
16 4 17
16 8 4
16 10 29
16 11 18
16 12 28
16 13 20
17 0 36
17 3 29
17 4 18
17 5 16
17 7 31
17 8 7
17 9 22
17 12 13
17 15 39
18 2 40
18 4 16
18 5 1
18 7 37
18 10 33
18 11 38
18 13 15
18 15 18
19 1 34
19 3 9
19 4 7
19 5 15
19 6 35
19 11 26
19 12 16
19 13 10
20 0 15
20 1 20
20 4 8
20 9 29
20 11 12
20 12 25
20 13 11
20 14 33
20 15 33
20 16 28
20 17 4
20 18 14
20 19 15
21 0 8
21 3 20
21 8 7
21 10 30
21 11 28
21 12 11
21 13 2
21 14 22
21 15 4
22 1 9
22 2 39
22 4 20
22 6 11
22 7 3
22 8 11
22 16 28
22 19 17
22 20 28
22 21 18
23 1 27
23 3 19
23 4 4
23 5 17
23 9 15
23 10 1
23 11 14
23 13 21
23 14 25
23 15 32
23 16 7
23 21 14
24 0 2
24 2 3
24 3 27
24 6 24
24 9 31
24 11 35
24 13 8
24 15 1
24 16 33
24 20 32
25 0 29
25 1 39
25 2 31
25 3 21
25 4 3
25 5 31
25 6 40
25 8 35
25 11 32
25 12 19
25 17 9
25 18 25
25 20 20
25 23 29
26 0 9
26 3 27
26 5 26
26 7 22
26 9 37
26 12 9
26 13 8
26 15 34
26 16 14
26 17 5
26 20 5
26 21 9
26 23 1
26 25 20
27 0 8
27 1 36
27 2 10
27 5 33
27 6 1
27 7 34
27 13 4
27 14 37
27 16 30
27 18 4
27 19 21
27 20 19
27 22 30
27 23 16
27 24 33
27 26 8
28 0 32
28 2 4
28 3 7
28 6 6
28 7 18
28 8 9
28 10 29
28 11 19
28 12 7
28 13 39
28 17 12
28 22 16
28 25 2
28 27 2
29 0 34
29 3 13
29 6 16
29 7 40
29 8 21
29 13 1
29 15 30
29 16 14
29 18 11
29 20 12
29 23 30
29 25 8
29 27 40
29 28 32
30 1 29
30 3 24
30 4 24
30 5 30
30 6 8
30 7 31
30 8 7
30 11 27
30 12 32
30 13 10
30 14 34
30 15 38
30 16 16
30 17 11
30 21 19
30 22 26
30 24 31
30 25 1
30 27 24
30 28 34
31 0 30
31 3 6
31 5 27
31 7 40
31 10 25
31 12 39
31 13 16
31 14 23
31 15 18
31 16 18
31 17 31
31 18 23
31 21 3
31 25 17
31 28 9
31 29 21
32 2 6
32 7 31
32 8 35
32 13 34
32 21 19
32 23 39
32 24 39
32 25 9
32 27 7
32 28 37
32 30 24
32 31 28
33 1 5
33 6 32
33 7 34
33 9 24
33 16 35
33 17 26
33 18 38
33 19 36
33 21 28
33 23 3
33 24 1
33 25 28
33 26 20
33 28 30
33 29 5
33 32 12
34 1 25
34 3 38
34 6 39
34 9 14
34 11 38
34 12 1
34 17 34
34 19 26
34 21 25
34 24 22
34 25 28
34 26 17
34 27 13
34 28 9
34 29 11
34 30 6
34 31 34
34 33 30
35 0 11
35 2 15
35 3 34
35 7 6
35 13 23
35 15 10
35 16 28
35 20 8
35 21 1
35 22 23
35 23 36
35 26 23
35 30 29
35 31 25
35 34 12
36 2 8
36 3 4
36 4 32
36 5 15
36 6 9
36 7 18
36 9 23
36 10 35
36 11 11
36 15 31
36 17 20
36 21 16
36 23 37
36 25 2
36 26 36
36 31 40
36 32 27
36 33 2
37 7 18
37 9 35
37 10 3
37 13 31
37 15 21
37 19 26
37 20 5
37 22 35
37 26 14
37 27 6
37 30 2
37 32 1
37 35 16
38 3 3
38 5 27
38 6 20
38 7 18
38 9 13
38 10 3
38 11 30
38 13 18
38 16 30
38 17 9
38 19 24
38 20 36
38 23 21
38 25 34
38 26 21
38 30 12
38 31 13
38 33 37
38 34 37
38 35 15
38 36 29
39 0 29
39 1 30
39 2 35
39 3 2
39 8 28
39 9 40
39 13 18
39 15 40
39 16 10
39 17 37
39 18 9
39 19 24
39 22 33
39 29 23
39 30 34
39 31 35
39 32 33
39 33 8
39 35 10
40 7 5
40 13 15
40 16 21
40 20 25
40 22 17
40 23 21
40 25 35
40 26 13
40 27 6
40 28 3
40 30 3
40 31 3
40 32 12
40 33 1
40 36 20
41 2 9
41 4 2
41 6 25
41 8 6
41 11 13
41 14 31
41 15 32
41 16 12
41 17 3
41 19 35
41 20 17
41 27 35
41 32 25
41 33 31
41 34 26
42 0 35
42 1 2
42 2 32
42 7 1
42 8 21
42 9 40
42 11 9
42 14 23
42 15 29
42 16 20
42 18 8
42 19 31
42 21 24
42 25 21
42 34 37
42 37 7
42 39 25
42 40 19
43 0 13
43 5 37
43 7 32
43 11 19
43 14 22
43 15 26
43 16 19
43 18 29
43 21 34
43 23 38
43 25 11
43 26 11
43 28 40
43 29 13
43 30 2
43 32 40
43 34 28
43 37 9
43 38 9
43 39 34
43 41 24
43 42 37
44 9 9
44 10 37
44 11 34
44 12 5
44 13 40
44 15 40
44 17 15
44 19 16
44 20 35
44 21 28
44 22 9
44 23 29
44 26 6
44 28 23
44 30 19
44 31 31
44 36 30
44 37 7
44 39 19
44 40 21
44 42 35
45 1 19
45 5 5
45 6 27
45 7 38
45 8 22
45 9 32
45 11 37
45 13 36
45 14 24
45 16 30
45 17 12
45 19 1
45 20 27
45 21 13
45 26 2
45 29 40
45 30 37
45 34 32
45 36 26
45 37 5
45 40 14
45 41 27
45 43 17
45 44 2
46 0 30
46 2 14
46 3 31
46 5 12
46 6 23
46 7 13
46 9 22
46 10 30
46 13 34
46 15 32
46 16 37
46 20 20
46 21 1
46 27 34
46 28 3
46 29 5
46 30 23
46 32 8
46 37 12
46 39 37
46 41 13
46 42 37
46 43 15
46 45 5
47 1 3
47 3 37
47 6 36
47 8 29
47 9 26
47 10 12
47 11 28
47 13 12
47 14 39
47 16 12
47 18 19
47 20 2
47 21 16
47 24 21
47 25 4
47 28 33
47 30 35
47 31 2
47 33 19
47 41 27
47 43 19
47 44 29
48 0 14
48 1 23
48 2 33
48 3 12
48 4 34
48 6 6
48 7 12
48 9 6
48 10 15
48 15 22
48 17 35
48 22 11
48 25 3
48 26 1
48 27 39
48 28 2
48 29 26
48 30 38
48 31 25
48 33 7
48 35 20
48 36 14
48 41 11
48 43 35
48 45 32
49 0 30
49 2 34
49 4 6
49 10 14
49 11 26
49 12 32
49 13 19
49 14 5
49 16 15
49 20 32
49 23 5
49 24 25
49 26 34
49 27 23
49 31 2
49 33 20
49 34 32
49 35 22
49 38 13
49 39 20
49 40 34
49 41 33
49 42 23
49 43 18
49 45 24
49 47 40
49 48 29
50 0 22
50 1 5
50 3 5
50 6 30
50 8 11
50 9 19
50 14 24
50 15 40
50 17 12
50 19 33
50 20 26
50 21 16
50 22 9
50 23 3
50 24 36
50 26 14
50 29 27
50 30 18
50 34 40
50 37 20
50 39 30
50 47 24
50 48 8
51 0 35
51 1 38
51 2 9
51 3 33
51 4 39
51 9 36
51 10 40
51 11 23
51 13 23
51 14 35
51 16 33
51 17 7
51 19 24
51 21 8
51 24 21
51 26 13
51 27 16
51 28 12
51 29 6
51 31 27
51 32 15
51 33 13
51 34 4
51 38 40
51 40 21
51 41 34
51 42 8
51 44 2
51 46 7
51 47 20
52 0 25
52 2 38
52 3 34
52 4 4
52 7 5
52 8 16
52 9 11
52 14 31
52 15 28
52 17 18
52 20 34
52 22 14
52 25 14
52 26 20
52 28 37
52 29 16
52 30 10
52 32 26
52 33 24
52 35 15
52 38 12
52 40 14
52 41 25
52 42 7
52 43 34
52 45 30
52 49 9
53 0 7
53 4 38
53 8 12
53 9 23
53 10 33
53 14 25
53 17 23
53 18 34
53 20 29
53 24 39
53 26 31
53 28 12
53 30 29
53 32 5
53 34 36
53 35 40
53 36 7
53 38 15
53 39 10
53 41 2
53 42 30
53 44 35
53 45 12
53 46 14
53 47 22
53 50 21
