25
1 0 1
2 0 7
2 1 9
3 0 4
3 1 3
3 2 8
4 0 4
4 1 11
4 2 6
4 3 2
5 0 7
5 1 9
5 2 3
5 3 7
5 4 7
6 0 2
6 1 12
6 2 2
6 3 12
6 4 4
6 5 8
7 0 10
7 1 10
7 2 4
7 3 2
7 4 1
7 5 2
7 6 10
8 0 1
8 1 8
8 2 1
8 3 11
8 4 4
8 5 9
8 6 2
8 7 9
9 0 11
9 1 7
9 2 9
9 3 12
9 4 3
9 5 4
9 6 2
9 7 3
9 8 1
10 0 10
10 1 10
10 2 12
10 3 11
10 4 11
10 5 1
10 6 11
10 7 7
10 8 3
10 9 11
11 0 4
11 1 5
11 2 8
11 3 11
11 4 8
11 5 12
11 6 2
11 7 12
11 8 2
11 9 11
11 10 12
12 0 8
12 1 4
12 2 12
12 3 1
12 4 6
12 5 4
12 6 8
12 7 1
12 8 8
12 9 9
12 10 4
12 11 12
13 0 4
13 1 4
13 2 3
13 3 9
13 4 6
13 5 1
13 6 12
13 7 12
13 8 6
13 9 8
13 10 10
13 11 1
13 12 8
14 0 6
14 1 11
14 2 12
14 3 12
14 4 5
14 5 6
14 6 2
14 7 5
14 8 1
14 9 11
14 10 2
14 11 1
14 12 10
14 13 10
15 0 2
15 1 8
15 2 11
15 3 1
15 4 12
15 5 4
15 6 3
15 7 2
15 8 5
15 9 12
15 10 11
15 11 6
15 12 3
15 13 12
15 14 5
16 0 9
16 1 8
16 2 3
16 3 2
16 4 10
16 5 5
16 6 8
16 7 4
16 8 11
16 9 8
16 10 5
16 11 11
16 12 6
16 13 4
16 14 9
16 15 4
17 0 5
17 1 8
17 2 7
17 3 10
17 4 6
17 5 10
17 6 2
17 7 6
17 8 12
17 9 3
17 10 2
17 11 5
17 12 4
17 13 11
17 14 6
17 15 3
17 16 11
18 0 2
18 1 5
18 2 6
18 3 6
18 4 6
18 5 11
18 6 4
18 7 6
18 8 10
18 9 2
18 10 9
18 11 1
18 12 3
18 13 6
18 14 3
18 15 12
18 16 10
18 17 7
19 0 6
19 1 5
19 2 12
19 3 1
19 4 2
19 5 3
19 6 4
19 7 4
19 8 9
19 9 6
19 10 7
19 11 6
19 12 10
19 13 10
19 14 7
19 15 2
19 16 9
19 17 1
19 18 1
20 0 9
20 1 1
20 2 12
20 3 7
20 4 2
20 5 5
20 6 7
20 7 5
20 8 5
20 9 2
20 10 10
20 11 4
20 12 7
20 13 6
20 14 7
20 15 4
20 16 6
20 17 2
20 18 6
20 19 6
21 0 3
21 1 9
21 2 12
21 3 1
21 4 4
21 5 6
21 6 4
21 7 11
21 8 5
21 9 5
21 10 7
21 11 12
21 12 8
21 13 3
21 14 10
21 15 8
21 16 2
21 17 12
21 18 5
21 19 12
21 20 6
22 0 10
22 1 5
22 2 12
22 3 7
22 4 7
22 5 9
22 6 2
22 7 7
22 8 8
22 9 10
22 10 7
22 11 2
22 12 11
22 13 3
22 14 10
22 15 1
22 16 4
22 17 3
22 18 10
22 19 3
22 20 5
22 21 8
23 0 12
23 1 4
23 2 6
23 3 5
23 4 9
23 5 3
23 6 8
23 7 6
23 8 6
23 9 7
23 10 8
23 11 7
23 12 10
23 13 3
23 14 1
23 15 9
23 16 1
23 17 12
23 18 8
23 19 3
23 20 10
23 21 9
23 22 4
24 0 11
24 1 5
24 2 2
24 3 5
24 4 7
24 5 2
24 6 12
24 7 11
24 8 9
24 9 9
24 10 10
24 11 9
24 12 5
24 13 2
24 14 10
24 15 6
24 16 7
24 17 1
24 18 5
24 19 2
24 20 7
24 21 7
24 22 4
24 23 4
