55
1 0 52
2 0 5
2 1 21
3 0 22
3 1 30
3 2 10
4 0 25
4 1 10
4 2 35
4 3 37
5 0 20
5 1 44
5 2 33
5 3 15
5 4 34
6 0 46
6 1 5
6 2 50
6 3 7
6 4 45
6 5 14
7 0 50
7 1 25
7 2 7
7 3 4
7 4 49
7 5 35
7 6 13
8 0 17
8 1 15
8 2 18
8 3 9
8 4 12
8 5 40
8 6 7
8 7 54
9 0 4
9 1 54
9 2 33
9 3 5
9 4 32
9 5 28
9 6 22
9 7 53
9 8 34
10 0 16
10 1 3
10 2 1
10 3 8
10 4 48
10 5 46
10 6 47
10 7 18
10 8 48
10 9 46
11 0 40
11 1 46
11 2 3
11 3 22
11 4 3
11 5 1
11 6 28
11 7 17
11 8 28
11 9 38
11 10 32
12 0 14
12 1 7
12 2 20
12 3 32
12 4 9
12 5 31
12 6 10
12 7 20
12 8 34
12 9 53
12 10 16
12 11 18
13 0 23
13 1 44
13 2 46
13 3 30
13 4 8
13 5 36
13 6 10
13 7 51
13 8 51
13 9 7
13 10 12
13 11 38
13 12 18
14 0 49
14 1 9
14 2 23
14 3 22
14 4 53
14 5 46
14 6 41
14 7 41
14 8 15
14 9 28
14 10 16
14 11 14
14 12 29
14 13 40
15 0 14
15 1 14
15 2 2
15 3 43
15 4 54
15 5 49
15 6 9
15 7 44
15 8 27
15 9 42
15 10 35
15 11 13
15 12 17
15 13 42
15 14 20
16 0 44
16 1 43
16 2 14
16 3 5
16 4 45
16 5 15
16 6 40
16 7 4
16 8 18
16 9 40
16 10 19
16 11 32
16 12 42
16 13 12
16 14 28
16 15 30
17 0 7
17 1 34
17 2 52
17 3 17
17 4 27
17 5 14
17 6 15
17 7 27
17 8 33
17 9 38
17 10 34
17 11 27
17 12 1
17 13 2
17 14 12
17 15 42
17 16 35
18 0 42
18 1 47
18 2 25
18 3 3
18 4 39
18 5 23
18 6 21
18 7 31
18 8 32
18 9 14
18 10 4
18 11 16
18 12 19
18 13 38
18 14 54
18 15 24
18 16 25
18 17 29
19 0 8
19 1 28
19 2 26
19 3 35
19 4 46
19 5 25
19 6 41
19 7 20
19 8 15
19 9 41
19 10 6
19 11 34
19 12 8
19 13 44
19 14 39
19 15 12
19 16 28
19 17 27
19 18 49
20 0 14
20 1 38
20 2 27
20 3 54
20 4 40
20 5 33
20 6 44
20 7 42
20 8 23
20 9 14
20 10 36
20 11 25
20 12 28
20 13 3
20 14 24
20 15 36
20 16 4
20 17 2
20 18 49
20 19 2
21 0 6
21 1 31
21 2 2
21 3 39
21 4 27
21 5 41
21 6 5
21 7 29
21 8 26
21 9 35
21 10 5
21 11 39
21 12 13
21 13 9
21 14 7
21 15 27
21 16 47
21 17 17
21 18 11
21 19 44
21 20 39
22 0 49
22 1 15
22 2 14
22 3 46
22 4 53
22 5 2
22 6 32
22 7 15
22 8 43
22 9 20
22 10 44
22 11 53
22 12 38
22 13 28
22 14 20
22 15 5
22 16 36
22 17 32
22 18 3
22 19 31
22 20 9
22 21 42
23 0 47
23 1 23
23 2 23
23 3 14
23 4 35
23 5 5
23 6 26
23 7 14
23 8 10
23 9 40
23 10 40
23 11 53
23 12 23
23 13 32
23 14 27
23 15 42
23 16 52
23 17 13
23 18 54
23 19 50
23 20 22
23 21 50
23 22 45
24 0 28
24 1 54
24 2 7
24 3 43
24 4 28
24 5 10
24 6 45
24 7 34
24 8 54
24 9 5
24 10 22
24 11 44
24 12 7
24 13 6
24 14 50
24 15 51
24 16 14
24 17 5
24 18 24
24 19 4
24 20 17
24 21 44
24 22 28
24 23 47
25 0 30
25 1 30
25 2 47
25 3 38
25 4 48
25 5 22
25 6 11
25 7 8
25 8 36
25 9 10
25 10 22
25 11 6
25 12 36
25 13 10
25 14 34
25 15 44
25 16 31
25 17 12
25 18 5
25 19 25
25 20 5
25 21 48
25 22 34
25 23 3
25 24 35
26 0 28
26 1 10
26 2 45
26 3 18
26 4 29
26 5 41
26 6 11
26 7 22
26 8 19
26 9 37
26 10 24
26 11 28
26 12 40
26 13 12
26 14 2
26 15 35
26 16 16
26 17 30
26 18 41
26 19 13
26 20 35
26 21 3
26 22 54
26 23 6
26 24 27
26 25 15
27 0 29
27 1 9
27 2 23
27 3 45
27 4 52
27 5 38
27 6 13
27 7 23
27 8 36
27 9 13
27 10 14
27 11 28
27 12 40
27 13 4
27 14 44
27 15 26
27 16 14
27 17 34
27 18 49
27 19 54
27 20 9
27 21 41
27 22 32
27 23 28
27 24 13
27 25 20
27 26 43
28 0 31
28 1 5
28 2 48
28 3 31
28 4 19
28 5 14
28 6 47
28 7 43
28 8 9
28 9 37
28 10 11
28 11 4
28 12 19
28 13 11
28 14 3
28 15 15
28 16 39
28 17 44
28 18 37
28 19 48
28 20 48
28 21 50
28 22 14
28 23 4
28 24 54
28 25 39
28 26 35
28 27 25
29 0 21
29 1 31
29 2 46
29 3 31
29 4 37
29 5 41
29 6 20
29 7 40
29 8 50
29 9 13
29 10 39
29 11 44
29 12 2
29 13 19
29 14 2
29 15 54
29 16 31
29 17 8
29 18 14
29 19 40
29 20 33
29 21 11
29 22 24
29 23 12
29 24 10
29 25 4
29 26 18
29 27 16
29 28 35
30 0 29
30 1 48
30 2 27
30 3 52
30 4 22
30 5 43
30 6 44
30 7 31
30 8 31
30 9 47
30 10 4
30 11 30
30 12 25
30 13 52
30 14 15
30 15 6
30 16 16
30 17 49
30 18 17
30 19 40
30 20 23
30 21 25
30 22 38
30 23 24
30 24 8
30 25 14
30 26 20
30 27 43
30 28 21
30 29 17
31 0 32
31 1 4
31 2 11
31 3 39
31 4 42
31 5 22
31 6 13
31 7 14
31 8 22
31 9 41
31 10 13
31 11 15
31 12 33
31 13 14
31 14 31
31 15 10
31 16 54
31 17 6
31 18 10
31 19 52
31 20 44
31 21 12
31 22 20
31 23 5
31 24 22
31 25 9
31 26 30
31 27 21
31 28 48
31 29 3
31 30 40
32 0 48
32 1 11
32 2 39
32 3 18
32 4 33
32 5 45
32 6 51
32 7 30
32 8 48
32 9 23
32 10 41
32 11 38
32 12 38
32 13 25
32 14 18
32 15 52
32 16 3
32 17 7
32 18 22
32 19 15
32 20 26
32 21 48
32 22 40
32 23 46
32 24 52
32 25 17
32 26 2
32 27 8
32 28 9
32 29 26
32 30 46
32 31 18
33 0 31
33 1 33
33 2 3
33 3 31
33 4 2
33 5 53
33 6 26
33 7 49
33 8 33
33 9 16
33 10 40
33 11 15
33 12 2
33 13 54
33 14 48
33 15 49
33 16 47
33 17 6
33 18 36
33 19 26
33 20 25
33 21 41
33 22 4
33 23 26
33 24 1
33 25 20
33 26 16
33 27 37
33 28 28
33 29 12
33 30 13
33 31 46
33 32 22
34 0 46
34 1 9
34 2 48
34 3 53
34 4 20
34 5 15
34 6 11
34 7 17
34 8 1
34 9 11
34 10 46
34 11 39
34 12 1
34 13 31
34 14 44
34 15 17
34 16 2
34 17 32
34 18 32
34 19 19
34 20 33
34 21 34
34 22 38
34 23 52
34 24 6
34 25 46
34 26 53
34 27 42
34 28 36
34 29 5
34 30 35
34 31 31
34 32 29
34 33 24
35 0 37
35 1 40
35 2 12
35 3 34
35 4 42
35 5 23
35 6 10
35 7 30
35 8 2
35 9 19
35 10 46
35 11 11
35 12 16
35 13 2
35 14 34
35 15 23
35 16 19
35 17 37
35 18 36
35 19 11
35 20 54
35 21 49
35 22 43
35 23 45
35 24 10
35 25 13
35 26 53
35 27 44
35 28 49
35 29 6
35 30 6
35 31 13
35 32 47
35 33 27
35 34 48
36 0 24
36 1 28
36 2 32
36 3 14
36 4 48
36 5 16
36 6 19
36 7 32
36 8 23
36 9 18
36 10 18
36 11 29
36 12 42
36 13 39
36 14 39
36 15 27
36 16 30
36 17 2
36 18 53
36 19 32
36 20 22
36 21 47
36 22 46
36 23 9
36 24 52
36 25 40
36 26 28
36 27 50
36 28 27
36 29 9
36 30 53
36 31 6
36 32 54
36 33 6
36 34 23
36 35 38
37 0 30
37 1 6
37 2 33
37 3 9
37 4 20
37 5 27
37 6 45
37 7 22
37 8 8
37 9 51
37 10 4
37 11 1
37 12 5
37 13 42
37 14 5
37 15 42
37 16 16
37 17 14
37 18 46
37 19 10
37 20 49
37 21 22
37 22 23
37 23 25
37 24 27
37 25 9
37 26 9
37 27 4
37 28 29
37 29 10
37 30 1
37 31 4
37 32 45
37 33 10
37 34 8
37 35 31
37 36 17
38 0 2
38 1 5
38 2 4
38 3 35
38 4 38
38 5 24
38 6 41
38 7 30
38 8 39
38 9 27
38 10 43
38 11 25
38 12 15
38 13 26
38 14 5
38 15 26
38 16 24
38 17 15
38 18 23
38 19 19
38 20 26
38 21 47
38 22 35
38 23 50
38 24 19
38 25 38
38 26 15
38 27 31
38 28 28
38 29 42
38 30 53
38 31 16
38 32 3
38 33 18
38 34 37
38 35 36
38 36 19
38 37 13
39 0 52
39 1 33
39 2 54
39 3 28
39 4 25
39 5 46
39 6 44
39 7 28
39 8 11
39 9 36
39 10 45
39 11 52
39 12 54
39 13 46
39 14 52
39 15 26
39 16 28
39 17 17
39 18 28
39 19 36
39 20 33
39 21 49
39 22 33
39 23 40
39 24 50
39 25 48
39 26 36
39 27 54
39 28 49
39 29 26
39 30 2
39 31 11
39 32 42
39 33 31
39 34 29
39 35 6
39 36 10
39 37 51
39 38 42
40 0 6
40 1 16
40 2 11
40 3 6
40 4 23
40 5 46
40 6 51
40 7 44
40 8 28
40 9 17
40 10 45
40 11 50
40 12 34
40 13 3
40 14 46
40 15 34
40 16 22
40 17 24
40 18 37
40 19 9
40 20 29
40 21 2
40 22 51
40 23 43
40 24 4
40 25 20
40 26 54
40 27 12
40 28 34
40 29 53
40 30 25
40 31 19
40 32 13
40 33 38
40 34 14
40 35 32
40 36 24
40 37 24
40 38 28
40 39 40
41 0 21
41 1 43
41 2 8
41 3 22
41 4 23
41 5 15
41 6 54
41 7 29
41 8 48
41 9 11
41 10 5
41 11 9
41 12 49
41 13 11
41 14 6
41 15 44
41 16 17
41 17 7
41 18 23
41 19 2
41 20 23
41 21 41
41 22 53
41 23 5
41 24 29
41 25 27
41 26 7
41 27 26
41 28 9
41 29 5
41 30 54
41 31 7
41 32 53
41 33 1
41 34 15
41 35 24
41 36 44
41 37 51
41 38 8
41 39 15
41 40 38
42 0 39
42 1 51
42 2 41
42 3 19
42 4 25
42 5 51
42 6 25
42 7 37
42 8 42
42 9 50
42 10 16
42 11 25
42 12 23
42 13 38
42 14 5
42 15 47
42 16 36
42 17 45
42 18 4
42 19 45
42 20 9
42 21 3
42 22 12
42 23 19
42 24 22
42 25 3
42 26 20
42 27 52
42 28 39
42 29 50
42 30 47
42 31 24
42 32 25
42 33 7
42 34 38
42 35 1
42 36 54
42 37 51
42 38 33
42 39 50
42 40 31
42 41 45
43 0 35
43 1 4
43 2 2
43 3 50
43 4 7
43 5 52
43 6 11
43 7 44
43 8 45
43 9 21
43 10 11
43 11 8
43 12 11
43 13 18
43 14 3
43 15 53
43 16 29
43 17 13
43 18 31
43 19 32
43 20 35
43 21 24
43 22 2
43 23 16
43 24 27
43 25 33
43 26 15
43 27 42
43 28 33
43 29 23
43 30 22
43 31 21
43 32 23
43 33 29
43 34 51
43 35 48
43 36 46
43 37 7
43 38 19
43 39 30
43 40 35
43 41 10
43 42 6
44 0 18
44 1 24
44 2 15
44 3 41
44 4 38
44 5 25
44 6 40
44 7 46
44 8 25
44 9 19
44 10 21
44 11 19
44 12 25
44 13 35
44 14 2
44 15 11
44 16 52
44 17 30
44 18 46
44 19 1
44 20 20
44 21 34
44 22 41
44 23 54
44 24 17
44 25 49
44 26 47
44 27 38
44 28 17
44 29 48
44 30 34
44 31 17
44 32 43
44 33 30
44 34 34
44 35 12
44 36 43
44 37 53
44 38 6
44 39 21
44 40 44
44 41 19
44 42 1
44 43 38
45 0 38
45 1 40
45 2 5
45 3 13
45 4 31
45 5 25
45 6 45
45 7 8
45 8 43
45 9 10
45 10 51
45 11 35
45 12 3
45 13 6
45 14 32
45 15 20
45 16 35
45 17 35
45 18 43
45 19 48
45 20 31
45 21 37
45 22 33
45 23 12
45 24 20
45 25 20
45 26 2
45 27 43
45 28 18
45 29 38
45 30 41
45 31 3
45 32 44
45 33 33
45 34 3
45 35 32
45 36 41
45 37 17
45 38 34
45 39 34
45 40 29
45 41 4
45 42 13
45 43 7
45 44 46
46 0 34
46 1 10
46 2 8
46 3 11
46 4 44
46 5 7
46 6 39
46 7 9
46 8 29
46 9 47
46 10 39
46 11 38
46 12 32
46 13 54
46 14 27
46 15 48
46 16 23
46 17 23
46 18 5
46 19 49
46 20 29
46 21 23
46 22 22
46 23 30
46 24 18
46 25 39
46 26 33
46 27 54
46 28 26
46 29 19
46 30 34
46 31 49
46 32 3
46 33 38
46 34 34
46 35 15
46 36 18
46 37 4
46 38 38
46 39 15
46 40 30
46 41 11
46 42 4
46 43 53
46 44 19
46 45 48
47 0 51
47 1 9
47 2 28
47 3 42
47 4 20
47 5 9
47 6 21
47 7 30
47 8 45
47 9 24
47 10 3
47 11 31
47 12 37
47 13 39
47 14 50
47 15 15
47 16 23
47 17 28
47 18 35
47 19 5
47 20 24
47 21 31
47 22 14
47 23 41
47 24 44
47 25 18
47 26 10
47 27 5
47 28 9
47 29 46
47 30 17
47 31 38
47 32 43
47 33 18
47 34 14
47 35 14
47 36 31
47 37 22
47 38 39
47 39 13
47 40 14
47 41 2
47 42 29
47 43 8
47 44 3
47 45 7
47 46 28
48 0 49
48 1 1
48 2 45
48 3 24
48 4 40
48 5 18
48 6 38
48 7 53
48 8 35
48 9 20
48 10 16
48 11 49
48 12 24
48 13 30
48 14 7
48 15 14
48 16 9
48 17 52
48 18 34
48 19 14
48 20 37
48 21 32
48 22 43
48 23 2
48 24 26
48 25 23
48 26 40
48 27 27
48 28 37
48 29 36
48 30 8
48 31 53
48 32 39
48 33 19
48 34 23
48 35 24
48 36 11
48 37 19
48 38 54
48 39 19
48 40 6
48 41 7
48 42 10
48 43 23
48 44 14
48 45 34
48 46 26
48 47 10
49 0 20
49 1 49
49 2 6
49 3 36
49 4 41
49 5 36
49 6 24
49 7 43
49 8 2
49 9 32
49 10 21
49 11 23
49 12 18
49 13 24
49 14 44
49 15 48
49 16 20
49 17 49
49 18 52
49 19 41
49 20 46
49 21 54
49 22 6
49 23 44
49 24 14
49 25 21
49 26 44
49 27 46
49 28 11
49 29 44
49 30 1
49 31 28
49 32 26
49 33 39
49 34 14
49 35 18
49 36 48
49 37 33
49 38 10
49 39 41
49 40 8
49 41 41
49 42 50
49 43 46
49 44 41
49 45 16
49 46 54
49 47 45
49 48 23
50 0 48
50 1 50
50 2 38
50 3 26
50 4 22
50 5 34
50 6 35
50 7 22
50 8 15
50 9 24
50 10 47
50 11 19
50 12 34
50 13 54
50 14 16
50 15 21
50 16 14
50 17 35
50 18 49
50 19 40
50 20 48
50 21 3
50 22 53
50 23 12
50 24 36
50 25 3
50 26 20
50 27 44
50 28 23
50 29 54
50 30 29
50 31 53
50 32 22
50 33 7
50 34 4
50 35 2
50 36 25
50 37 42
50 38 1
50 39 46
50 40 44
50 41 19
50 42 45
50 43 43
50 44 52
50 45 25
50 46 11
50 47 17
50 48 19
50 49 32
51 0 3
51 1 49
51 2 47
51 3 6
51 4 3
51 5 19
51 6 6
51 7 48
51 8 49
51 9 13
51 10 22
51 11 15
51 12 53
51 13 18
51 14 29
51 15 29
51 16 12
51 17 11
51 18 53
51 19 3
51 20 11
51 21 28
51 22 3
51 23 34
51 24 52
51 25 17
51 26 6
51 27 50
51 28 46
51 29 26
51 30 51
51 31 43
51 32 32
51 33 32
51 34 46
51 35 54
51 36 12
51 37 8
51 38 1
51 39 31
51 40 42
51 41 16
51 42 18
51 43 2
51 44 36
51 45 31
51 46 33
51 47 44
51 48 10
51 49 8
51 50 47
52 0 50
52 1 40
52 2 30
52 3 18
52 4 38
52 5 28
52 6 2
52 7 2
52 8 53
52 9 49
52 10 46
52 11 13
52 12 4
52 13 33
52 14 16
52 15 19
52 16 34
52 17 32
52 18 15
52 19 34
52 20 3
52 21 51
52 22 20
52 23 2
52 24 50
52 25 38
52 26 20
52 27 14
52 28 1
52 29 51
52 30 3
52 31 14
52 32 23
52 33 29
52 34 3
52 35 18
52 36 6
52 37 49
52 38 4
52 39 23
52 40 53
52 41 10
52 42 35
52 43 47
52 44 49
52 45 40
52 46 21
52 47 10
52 48 45
52 49 10
52 50 6
52 51 33
53 0 30
53 1 4
53 2 40
53 3 10
53 4 36
53 5 50
53 6 27
53 7 33
53 8 13
53 9 26
53 10 49
53 11 36
53 12 45
53 13 5
53 14 35
53 15 16
53 16 3
53 17 48
53 18 12
53 19 53
53 20 37
53 21 46
53 22 8
53 23 1
53 24 9
53 25 7
53 26 44
53 27 34
53 28 2
53 29 13
53 30 27
53 31 16
53 32 23
53 33 42
53 34 6
53 35 23
53 36 40
53 37 8
53 38 31
53 39 27
53 40 16
53 41 54
53 42 2
53 43 10
53 44 20
53 45 34
53 46 12
53 47 8
53 48 5
53 49 37
53 50 30
53 51 22
53 52 50
54 0 34
54 1 11
54 2 34
54 3 39
54 4 43
54 5 40
54 6 33
54 7 47
54 8 13
54 9 15
54 10 42
54 11 36
54 12 39
54 13 18
54 14 35
54 15 2
54 16 13
54 17 36
54 18 28
54 19 17
54 20 1
54 21 48
54 22 33
54 23 43
54 24 10
54 25 29
54 26 35
54 27 46
54 28 11
54 29 7
54 30 38
54 31 17
54 32 47
54 33 54
54 34 30
54 35 10
54 36 33
54 37 13
54 38 45
54 39 48
54 40 7
54 41 2
54 42 2
54 43 34
54 44 43
54 45 5
54 46 1
54 47 24
54 48 17
54 49 53
54 50 14
54 51 27
54 52 35
54 53 29
