42
1 0 6
2 0 1
2 1 4
3 0 3
3 1 1
3 2 5
4 0 5
4 1 4
4 2 2
4 3 6
5 0 4
5 1 6
5 2 5
5 3 6
5 4 6
6 0 5
6 1 7
6 2 1
6 3 2
6 4 2
6 5 5
7 0 4
7 1 7
7 2 3
7 3 1
7 4 3
7 5 5
7 6 1
8 0 1
8 1 5
8 2 2
8 3 3
8 4 7
8 5 4
8 6 7
8 7 3
9 0 5
9 1 1
9 2 1
9 3 1
9 4 2
9 5 6
9 6 7
9 7 7
9 8 2
10 0 2
10 1 6
10 2 6
10 3 6
10 4 7
10 5 2
10 6 3
10 7 3
10 8 1
10 9 3
11 0 4
11 1 6
11 2 6
11 3 7
11 4 6
11 5 7
11 6 4
11 7 7
11 8 3
11 9 1
11 10 6
12 0 1
12 1 3
12 2 5
12 3 3
12 4 4
12 5 7
12 6 6
12 7 1
12 8 5
12 9 3
12 10 5
12 11 5
13 0 3
13 1 3
13 2 3
13 3 5
13 4 1
13 5 6
13 6 4
13 7 7
13 8 6
13 9 7
13 10 5
13 11 2
13 12 3
14 0 1
14 1 3
14 2 3
14 3 2
14 4 1
14 5 1
14 6 7
14 7 7
14 8 1
14 9 2
14 10 2
14 11 4
14 12 5
14 13 4
15 0 7
15 1 4
15 2 5
15 3 6
15 4 3
15 5 1
15 6 3
15 7 4
15 8 1
15 9 2
15 10 3
15 11 2
15 12 5
15 13 6
15 14 1
16 0 2
16 1 5
16 2 1
16 3 2
16 4 4
16 5 1
16 6 1
16 7 4
16 8 1
16 9 1
16 10 7
16 11 6
16 12 6
16 13 2
16 14 3
16 15 1
17 0 6
17 1 4
17 2 3
17 3 5
17 4 4
17 5 6
17 6 4
17 7 2
17 8 7
17 9 7
17 10 1
17 11 2
17 12 6
17 13 1
17 14 5
17 15 7
17 16 3
18 0 3
18 1 1
18 2 6
18 3 2
18 4 3
18 5 3
18 6 3
18 7 6
18 8 6
18 9 5
18 10 3
18 11 5
18 12 7
18 13 7
18 14 1
18 15 2
18 16 2
18 17 7
19 0 6
19 1 3
19 2 6
19 3 2
19 4 5
19 5 1
19 6 7
19 7 2
19 8 5
19 9 2
19 10 6
19 11 6
19 12 5
19 13 2
19 14 6
19 15 6
19 16 2
19 17 3
19 18 7
20 0 4
20 1 2
20 2 7
20 3 3
20 4 4
20 5 2
20 6 5
20 7 1
20 8 5
20 9 1
20 10 3
20 11 2
20 12 6
20 13 4
20 14 3
20 15 4
20 16 2
20 17 5
20 18 1
20 19 4
21 0 5
21 1 1
21 2 7
21 3 2
21 4 7
21 5 7
21 6 4
21 7 3
21 8 4
21 9 7
21 10 2
21 11 4
21 12 3
21 13 7
21 14 6
21 15 1
21 16 7
21 17 3
21 18 7
21 19 1
21 20 4
22 0 3
22 1 6
22 2 1
22 3 2
22 4 1
22 5 3
22 6 2
22 7 6
22 8 1
22 9 1
22 10 7
22 11 6
22 12 6
22 13 2
22 14 4
22 15 1
22 16 2
22 17 6
22 18 5
22 19 3
22 20 3
22 21 4
23 0 7
23 1 2
23 2 2
23 3 4
23 4 7
23 5 2
23 6 2
23 7 2
23 8 4
23 9 1
23 10 3
23 11 5
23 12 1
23 13 4
23 14 2
23 15 6
23 16 3
23 17 6
23 18 4
23 19 7
23 20 4
23 21 6
23 22 4
24 0 2
24 1 2
24 2 3
24 3 4
24 4 2
24 5 5
24 6 5
24 7 1
24 8 2
24 9 6
24 10 2
24 11 4
24 12 2
24 13 5
24 14 4
24 15 7
24 16 7
24 17 6
24 18 6
24 19 1
24 20 7
24 21 6
24 22 5
24 23 4
25 0 1
25 1 1
25 2 7
25 3 3
25 4 2
25 5 7
25 6 4
25 7 7
25 8 1
25 9 7
25 10 1
25 11 3
25 12 3
25 13 1
25 14 5
25 15 1
25 16 5
25 17 6
25 18 3
25 19 3
25 20 4
25 21 4
25 22 1
25 23 5
25 24 4
26 0 1
26 1 7
26 2 1
26 3 3
26 4 5
26 5 5
26 6 4
26 7 5
26 8 5
26 9 4
26 10 3
26 11 4
26 12 1
26 13 6
26 14 6
26 15 3
26 16 5
26 17 1
26 18 6
26 19 6
26 20 7
26 21 3
26 22 7
26 23 3
26 24 5
26 25 3
27 0 3
27 1 1
27 2 7
27 3 5
27 4 5
27 5 3
27 6 5
27 7 1
27 8 3
27 9 5
27 10 3
27 11 5
27 12 6
27 13 2
27 14 6
27 15 3
27 16 2
27 17 5
27 18 4
27 19 7
27 20 6
27 21 6
27 22 1
27 23 7
27 24 5
27 25 2
27 26 4
28 0 7
28 1 1
28 2 4
28 3 6
28 4 7
28 5 7
28 6 2
28 7 3
28 8 1
28 9 3
28 10 2
28 11 6
28 12 1
28 13 3
28 14 6
28 15 2
28 16 4
28 17 2
28 18 7
28 19 4
28 20 1
28 21 3
28 22 6
28 23 5
28 24 6
28 25 2
28 26 7
28 27 5
29 0 7
29 1 7
29 2 1
29 3 4
29 4 5
29 5 3
29 6 1
29 7 5
29 8 4
29 9 1
29 10 6
29 11 6
29 12 3
29 13 4
29 14 7
29 15 2
29 16 1
29 17 6
29 18 1
29 19 5
29 20 2
29 21 3
29 22 1
29 23 4
29 24 5
29 25 3
29 26 5
29 27 3
29 28 4
30 0 3
30 1 4
30 2 4
30 3 1
30 4 3
30 5 4
30 6 4
30 7 2
30 8 1
30 9 4
30 10 6
30 11 1
30 12 4
30 13 6
30 14 1
30 15 5
30 16 5
30 17 2
30 18 7
30 19 7
30 20 3
30 21 2
30 22 3
30 23 5
30 24 5
30 25 2
30 26 3
30 27 7
30 28 2
30 29 2
31 0 1
31 1 1
31 2 6
31 3 6
31 4 7
31 5 7
31 6 3
31 7 3
31 8 6
31 9 7
31 10 3
31 11 7
31 12 4
31 13 3
31 14 6
31 15 4
31 16 3
31 17 4
31 18 6
31 19 2
31 20 7
31 21 2
31 22 4
31 23 4
31 24 6
31 25 4
31 26 3
31 27 3
31 28 1
31 29 1
31 30 1
32 0 7
32 1 6
32 2 6
32 3 1
32 4 4
32 5 4
32 6 6
32 7 4
32 8 3
32 9 3
32 10 3
32 11 6
32 12 6
32 13 7
32 14 3
32 15 3
32 16 2
32 17 1
32 18 2
32 19 7
32 20 7
32 21 3
32 22 4
32 23 3
32 24 2
32 25 7
32 26 3
32 27 3
32 28 4
32 29 2
32 30 1
32 31 4
33 0 4
33 1 3
33 2 5
33 3 4
33 4 7
33 5 7
33 6 6
33 7 7
33 8 5
33 9 6
33 10 2
33 11 4
33 12 6
33 13 2
33 14 1
33 15 5
33 16 6
33 17 6
33 18 5
33 19 6
33 20 3
33 21 7
33 22 2
33 23 6
33 24 4
33 25 6
33 26 1
33 27 7
33 28 2
33 29 3
33 30 2
33 31 1
33 32 3
34 0 6
34 1 4
34 2 7
34 3 1
34 4 4
34 5 3
34 6 6
34 7 1
34 8 4
34 9 3
34 10 1
34 11 2
34 12 2
34 13 5
34 14 5
34 15 6
34 16 1
34 17 6
34 18 5
34 19 7
34 20 1
34 21 2
34 22 4
34 23 4
34 24 7
34 25 6
34 26 2
34 27 6
34 28 4
34 29 4
34 30 2
34 31 6
34 32 7
34 33 5
35 0 5
35 1 3
35 2 3
35 3 5
35 4 5
35 5 6
35 6 6
35 7 3
35 8 7
35 9 6
35 10 1
35 11 2
35 12 5
35 13 5
35 14 4
35 15 2
35 16 6
35 17 7
35 18 3
35 19 4
35 20 7
35 21 6
35 22 1
35 23 1
35 24 7
35 25 3
35 26 7
35 27 6
35 28 7
35 29 6
35 30 3
35 31 7
35 32 1
35 33 7
35 34 1
36 0 5
36 1 4
36 2 4
36 3 7
36 4 2
36 5 5
36 6 3
36 7 2
36 8 6
36 9 3
36 10 1
36 11 4
36 12 1
36 13 3
36 14 3
36 15 2
36 16 1
36 17 1
36 18 2
36 19 2
36 20 1
36 21 3
36 22 6
36 23 1
36 24 4
36 25 7
36 26 4
36 27 3
36 28 2
36 29 6
36 30 3
36 31 5
36 32 7
36 33 4
36 34 5
36 35 5
37 0 3
37 1 5
37 2 3
37 3 3
37 4 7
37 5 4
37 6 1
37 7 4
37 8 7
37 9 6
37 10 7
37 11 2
37 12 1
37 13 4
37 14 3
37 15 2
37 16 5
37 17 1
37 18 3
37 19 6
37 20 6
37 21 6
37 22 2
37 23 7
37 24 4
37 25 4
37 26 5
37 27 1
37 28 2
37 29 1
37 30 7
37 31 7
37 32 2
37 33 5
37 34 6
37 35 5
37 36 3
38 0 4
38 1 3
38 2 7
38 3 4
38 4 3
38 5 7
38 6 6
38 7 6
38 8 1
38 9 3
38 10 2
38 11 7
38 12 1
38 13 4
38 14 2
38 15 4
38 16 7
38 17 2
38 18 5
38 19 3
38 20 1
38 21 3
38 22 2
38 23 4
38 24 1
38 25 2
38 26 3
38 27 2
38 28 6
38 29 3
38 30 6
38 31 4
38 32 1
38 33 2
38 34 2
38 35 5
38 36 4
38 37 4
39 0 2
39 1 3
39 2 4
39 3 2
39 4 7
39 5 5
39 6 7
39 7 5
39 8 3
39 9 1
39 10 2
39 11 3
39 12 7
39 13 6
39 14 2
39 15 1
39 16 7
39 17 7
39 18 2
39 19 7
39 20 2
39 21 4
39 22 7
39 23 5
39 24 2
39 25 6
39 26 6
39 27 1
39 28 2
39 29 5
39 30 4
39 31 2
39 32 6
39 33 3
39 34 6
39 35 2
39 36 7
39 37 1
39 38 4
40 0 5
40 1 1
40 2 6
40 3 2
40 4 7
40 5 6
40 6 2
40 7 2
40 8 6
40 9 4
40 10 2
40 11 1
40 12 3
40 13 5
40 14 5
40 15 3
40 16 4
40 17 2
40 18 7
40 19 7
40 20 1
40 21 4
40 22 6
40 23 7
40 24 5
40 25 7
40 26 2
40 27 4
40 28 6
40 29 7
40 30 7
40 31 5
40 32 5
40 33 6
40 34 3
40 35 6
40 36 7
40 37 6
40 38 2
40 39 1
41 0 2
41 1 6
41 2 6
41 3 7
41 4 6
41 5 7
41 6 6
41 7 4
41 8 7
41 9 2
41 10 4
41 11 7
41 12 7
41 13 6
41 14 7
41 15 1
41 16 5
41 17 4
41 18 4
41 19 3
41 20 4
41 21 3
41 22 3
41 23 3
41 24 4
41 25 4
41 26 3
41 27 3
41 28 3
41 29 3
41 30 1
41 31 6
41 32 4
41 33 5
41 34 5
41 35 4
41 36 6
41 37 3
41 38 2
41 39 5
41 40 1
