28
2 1 22
3 1 16
3 2 21
4 2 4
4 3 12
5 0 30
5 3 25
6 0 23
6 1 6
6 2 13
6 3 29
7 1 1
7 6 7
8 0 21
8 1 28
8 4 28
8 6 19
8 7 17
9 1 28
9 3 30
9 7 26
9 8 12
10 0 20
10 2 27
10 4 11
10 5 9
10 6 18
11 0 14
11 1 4
11 2 10
11 3 6
11 4 12
11 5 14
11 7 1
11 8 5
11 10 15
12 0 2
12 1 4
12 5 24
12 6 17
12 7 4
12 8 5
12 10 21
13 0 18
13 1 7
13 2 12
13 9 27
13 10 22
13 12 26
14 0 6
14 1 28
14 2 24
14 3 7
14 6 26
14 8 22
14 11 25
15 2 21
15 8 1
15 12 26
16 0 8
16 1 26
16 2 19
16 6 3
16 7 23
16 13 29
17 0 23
17 2 9
17 3 6
17 4 23
17 7 13
17 11 27
17 16 16
18 1 13
18 5 26
18 7 27
18 8 10
18 10 11
18 13 4
18 14 15
18 17 5
19 0 9
19 2 13
19 3 3
19 5 21
19 7 23
19 8 21
19 10 25
19 12 17
19 14 12
19 15 6
19 16 10
19 18 18
20 0 23
20 1 8
20 5 21
20 7 7
20 9 7
20 10 13
20 13 6
20 14 26
20 15 28
20 17 25
20 18 15
21 0 24
21 1 26
21 2 24
21 4 5
21 5 29
21 7 6
21 8 23
21 9 4
21 17 25
21 18 10
21 19 17
22 3 23
22 5 11
22 7 14
22 9 24
22 11 25
22 12 9
22 14 13
22 17 22
22 18 22
22 19 23
22 21 23
23 1 26
23 3 22
23 4 20
23 5 2
23 6 23
23 10 25
23 11 29
23 12 25
23 13 14
23 15 11
23 16 3
23 17 2
23 20 9
23 22 7
24 3 17
24 6 16
24 9 4
24 10 1
24 11 7
24 14 16
24 15 15
24 19 4
24 21 21
24 22 5
25 1 19
25 2 24
25 4 2
25 7 15
25 9 21
25 12 15
25 13 6
25 14 1
25 15 30
25 19 5
25 23 2
25 24 30
26 3 19
26 4 19
26 6 6
26 7 16
26 9 30
26 12 22
26 15 14
26 18 12
26 22 9
26 23 5
27 2 6
27 5 9
27 6 4
27 7 2
27 8 25
27 10 3
27 13 12
27 14 27
27 17 4
27 18 25
27 19 4
27 21 29
27 26 12
