25
2 0 42
2 1 56
4 2 58
4 3 10
5 0 23
5 3 12
5 4 33
6 3 21
7 1 10
7 2 20
7 3 46
7 4 17
7 5 24
8 0 2
8 3 37
8 4 30
8 6 43
9 1 1
9 2 31
9 4 40
9 5 21
9 8 3
10 1 15
10 3 45
10 5 4
10 6 49
11 1 33
11 2 52
11 3 16
11 4 50
11 6 17
11 7 11
11 8 3
11 9 22
11 10 1
12 2 18
12 4 10
12 5 1
12 11 41
13 0 39
13 5 8
13 9 42
13 10 8
13 12 34
14 1 16
14 2 9
14 3 41
14 9 2
14 10 3
14 11 46
15 2 8
15 3 18
15 10 22
16 0 45
16 1 16
16 3 14
16 5 8
16 6 55
16 8 28
16 10 20
16 13 25
17 2 10
17 6 31
17 7 29
17 9 58
17 10 57
17 11 11
17 12 46
17 13 31
18 0 11
18 1 39
18 3 43
18 5 27
18 6 3
18 9 42
18 12 19
18 13 17
18 14 14
18 17 31
19 0 11
19 2 17
19 4 6
19 9 55
19 10 44
19 11 3
19 12 58
19 15 46
19 16 4
20 1 25
20 4 15
20 5 51
20 9 40
20 11 54
20 12 45
20 14 36
20 15 49
20 17 14
20 19 12
21 1 42
21 2 40
21 4 36
21 5 29
21 7 15
21 12 50
21 15 12
21 16 3
21 17 9
21 18 9
21 19 55
22 0 6
22 1 7
22 3 58
22 4 30
22 5 9
22 7 5
22 9 53
22 11 4
22 13 10
22 14 7
22 15 4
22 19 33
22 20 20
23 0 27
23 1 12
23 4 12
23 7 19
23 8 9
23 9 44
23 11 49
23 12 43
23 17 46
23 19 48
23 20 52
23 22 46
24 0 51
24 2 41
24 4 42
24 9 35
24 10 34
24 14 43
24 15 30
24 16 57
24 18 55
24 19 38
24 22 21
24 23 45
