20
1 0 30
2 0 15
2 1 18
3 0 31
3 1 11
3 2 27
4 0 50
4 1 51
4 2 19
4 3 39
5 0 43
5 1 41
5 2 15
5 3 22
5 4 21
6 0 18
6 1 34
6 2 36
6 3 29
6 4 23
6 5 14
7 0 38
7 1 47
7 2 18
7 3 44
7 4 46
7 5 11
7 6 29
8 0 49
8 1 14
8 2 19
8 3 45
8 4 39
8 5 37
8 6 55
8 7 25
9 0 4
9 1 32
9 2 18
9 3 11
9 4 53
9 5 17
9 6 41
9 7 6
9 8 33
10 0 28
10 1 50
10 2 22
10 3 33
10 4 39
10 5 44
10 6 56
10 7 12
10 8 36
10 9 12
11 0 15
11 1 7
11 2 7
11 3 49
11 4 9
11 5 19
11 6 26
11 7 8
11 8 56
11 9 46
11 10 5
12 0 46
12 1 13
12 2 19
12 3 44
12 4 53
12 5 6
12 6 10
12 7 31
12 8 10
12 9 14
12 10 9
12 11 6
13 0 15
13 1 12
13 2 49
13 3 26
13 4 44
13 5 42
13 6 48
13 7 15
13 8 6
13 9 24
13 10 43
13 11 40
13 12 15
14 0 31
14 1 9
14 2 3
14 3 9
14 4 41
14 5 28
14 6 22
14 7 19
14 8 36
14 9 2
14 10 56
14 11 8
14 12 35
14 13 55
15 0 22
15 1 11
15 2 2
15 3 27
15 4 5
15 5 19
15 6 1
15 7 29
15 8 21
15 9 31
15 10 34
15 11 4
15 12 54
15 13 20
15 14 25
16 0 55
16 1 6
16 2 54
16 3 45
16 4 44
16 5 36
16 6 56
16 7 13
16 8 30
16 9 1
16 10 34
16 11 26
16 12 38
16 13 56
16 14 12
16 15 9
17 0 11
17 1 19
17 2 22
17 3 30
17 4 42
17 5 41
17 6 24
17 7 13
17 8 15
17 9 19
17 10 38
17 11 45
17 12 39
17 13 46
17 14 43
17 15 38
17 16 27
18 0 8
18 1 7
18 2 28
18 3 51
18 4 55
18 5 37
18 6 8
18 7 49
18 8 34
18 9 12
18 10 1
18 11 11
18 12 9
18 13 24
18 14 10
18 15 38
18 16 51
18 17 54
19 0 27
19 1 48
19 2 7
19 3 15
19 4 48
19 5 35
19 6 8
19 7 17
19 8 23
19 9 31
19 10 17
19 11 2
19 12 44
19 13 25
19 14 27
19 15 27
19 16 10
19 17 24
19 18 27
