17
1 0 14
2 0 10
2 1 19
3 0 19
3 1 15
3 2 2
4 0 9
4 1 4
4 2 11
4 3 2
5 0 8
5 1 18
5 2 21
5 3 22
5 4 10
6 0 13
6 1 5
6 2 15
6 3 4
6 4 9
6 5 9
7 0 5
7 1 5
7 2 6
7 3 12
7 4 15
7 5 3
7 6 10
8 0 12
8 1 15
8 2 20
8 3 10
8 4 11
8 5 22
8 6 12
8 7 6
9 0 8
9 1 12
9 2 18
9 3 2
9 4 11
9 5 13
9 6 6
9 7 4
9 8 15
10 0 1
10 1 16
10 2 1
10 3 22
10 4 10
10 5 21
10 6 15
10 7 6
10 8 5
10 9 14
11 0 20
11 1 21
11 2 19
11 3 2
11 4 14
11 5 2
11 6 11
11 7 14
11 8 17
11 9 4
11 10 4
12 0 5
12 1 17
12 2 9
12 3 4
12 4 1
12 5 8
12 6 11
12 7 12
12 8 14
12 9 17
12 10 8
12 11 3
13 0 8
13 1 22
13 2 10
13 3 15
13 4 7
13 5 12
13 6 22
13 7 21
13 8 1
13 9 15
13 10 4
13 11 3
13 12 15
14 0 5
14 1 21
14 2 11
14 3 9
14 4 2
14 5 14
14 6 15
14 7 7
14 8 14
14 9 11
14 10 5
14 11 21
14 12 6
14 13 21
15 0 9
15 1 5
15 2 1
15 3 6
15 4 3
15 5 14
15 6 5
15 7 10
15 8 18
15 9 18
15 10 13
15 11 13
15 12 3
15 13 8
15 14 12
16 0 11
16 1 11
16 2 16
16 3 3
16 4 22
16 5 5
16 6 14
16 7 2
16 8 18
16 9 22
16 10 17
16 11 7
16 12 17
16 13 1
16 14 10
16 15 17
