31
1 0 10
2 0 8
2 1 14
3 0 6
3 1 16
3 2 2
4 0 12
4 1 7
4 2 1
4 3 2
5 0 13
5 1 3
5 2 1
5 3 2
5 4 5
6 0 17
6 1 18
6 2 3
6 3 14
6 4 16
6 5 15
7 0 2
7 1 9
7 2 7
7 3 5
7 4 5
7 5 9
7 6 8
8 0 11
8 1 10
8 2 15
8 3 6
8 4 6
8 5 18
8 6 13
8 7 18
9 0 7
9 1 13
9 2 15
9 3 15
9 4 4
9 5 1
9 6 14
9 7 6
9 8 17
10 0 13
10 1 12
10 2 7
10 3 6
10 4 9
10 5 18
10 6 5
10 7 12
10 8 16
10 9 8
11 0 5
11 1 5
11 2 18
11 3 11
11 4 3
11 5 11
11 6 9
11 7 16
11 8 8
11 9 6
11 10 4
12 0 9
12 1 5
12 2 16
12 3 1
12 4 8
12 5 1
12 6 15
12 7 3
12 8 14
12 9 6
12 10 11
12 11 19
13 0 19
13 1 8
13 2 18
13 3 11
13 4 18
13 5 10
13 6 2
13 7 14
13 8 6
13 9 15
13 10 2
13 11 8
13 12 3
14 0 13
14 1 9
14 2 3
14 3 8
14 4 6
14 5 6
14 6 18
14 7 13
14 8 14
14 9 10
14 10 16
14 11 18
14 12 2
14 13 10
15 0 12
15 1 13
15 2 10
15 3 5
15 4 6
15 5 18
15 6 4
15 7 7
15 8 8
15 9 6
15 10 7
15 11 11
15 12 1
15 13 19
15 14 14
16 0 17
16 1 2
16 2 18
16 3 15
16 4 6
16 5 15
16 6 2
16 7 6
16 8 7
16 9 1
16 10 15
16 11 3
16 12 14
16 13 1
16 14 11
16 15 16
17 0 6
17 1 15
17 2 12
17 3 2
17 4 13
17 5 17
17 6 4
17 7 10
17 8 12
17 9 6
17 10 17
17 11 9
17 12 8
17 13 17
17 14 5
17 15 9
17 16 17
18 0 17
18 1 17
18 2 12
18 3 11
18 4 15
18 5 4
18 6 19
18 7 13
18 8 15
18 9 12
18 10 19
18 11 17
18 12 15
18 13 19
18 14 7
18 15 3
18 16 12
18 17 4
19 0 17
19 1 1
19 2 8
19 3 18
19 4 2
19 5 11
19 6 4
19 7 6
19 8 15
19 9 18
19 10 3
19 11 15
19 12 1
19 13 5
19 14 7
19 15 3
19 16 16
19 17 1
19 18 6
20 0 12
20 1 12
20 2 7
20 3 7
20 4 8
20 5 11
20 6 2
20 7 1
20 8 2
20 9 3
20 10 18
20 11 17
20 12 13
20 13 4
20 14 15
20 15 7
20 16 1
20 17 1
20 18 19
20 19 16
21 0 19
21 1 18
21 2 19
21 3 4
21 4 18
21 5 13
21 6 1
21 7 19
21 8 13
21 9 19
21 10 14
21 11 3
21 12 15
21 13 8
21 14 5
21 15 13
21 16 8
21 17 8
21 18 19
21 19 7
21 20 17
22 0 6
22 1 2
22 2 6
22 3 10
22 4 12
22 5 4
22 6 3
22 7 6
22 8 18
22 9 3
22 10 4
22 11 16
22 12 4
22 13 18
22 14 16
22 15 12
22 16 17
22 17 12
22 18 8
22 19 4
22 20 15
22 21 8
23 0 8
23 1 18
23 2 11
23 3 11
23 4 4
23 5 14
23 6 10
23 7 11
23 8 19
23 9 5
23 10 2
23 11 13
23 12 1
23 13 6
23 14 15
23 15 10
23 16 8
23 17 1
23 18 2
23 19 15
23 20 11
23 21 18
23 22 1
24 0 8
24 1 14
24 2 15
24 3 16
24 4 18
24 5 16
24 6 15
24 7 6
24 8 9
24 9 8
24 10 12
24 11 19
24 12 16
24 13 15
24 14 5
24 15 11
24 16 18
24 17 2
24 18 12
24 19 19
24 20 14
24 21 17
24 22 7
24 23 2
25 0 8
25 1 9
25 2 17
25 3 2
25 4 13
25 5 19
25 6 8
25 7 5
25 8 17
25 9 12
25 10 11
25 11 12
25 12 15
25 13 4
25 14 15
25 15 6
25 16 17
25 17 7
25 18 14
25 19 2
25 20 14
25 21 4
25 22 3
25 23 7
25 24 19
26 0 4
26 1 17
26 2 19
26 3 8
26 4 12
26 5 15
26 6 10
26 7 17
26 8 6
26 9 11
26 10 14
26 11 13
26 12 11
26 13 6
26 14 6
26 15 13
26 16 15
26 17 15
26 18 9
26 19 18
26 20 12
26 21 12
26 22 13
26 23 13
26 24 6
26 25 18
27 0 10
27 1 10
27 2 7
27 3 16
27 4 18
27 5 7
27 6 4
27 7 1
27 8 19
27 9 10
27 10 1
27 11 17
27 12 11
27 13 2
27 14 3
27 15 11
27 16 11
27 17 2
27 18 12
27 19 4
27 20 14
27 21 14
27 22 1
27 23 17
27 24 4
27 25 16
27 26 7
28 0 8
28 1 7
28 2 19
28 3 11
28 4 1
28 5 19
28 6 6
28 7 11
28 8 14
28 9 17
28 10 4
28 11 19
28 12 3
28 13 18
28 14 10
28 15 13
28 16 7
28 17 13
28 18 2
28 19 11
28 20 5
28 21 1
28 22 1
28 23 19
28 24 19
28 25 1
28 26 4
28 27 5
29 0 13
29 1 7
29 2 6
29 3 9
29 4 18
29 5 2
29 6 15
29 7 1
29 8 17
29 9 19
29 10 6
29 11 17
29 12 2
29 13 15
29 14 15
29 15 8
29 16 18
29 17 5
29 18 3
29 19 11
29 20 15
29 21 7
29 22 10
29 23 14
29 24 5
29 25 17
29 26 12
29 27 8
29 28 17
30 0 11
30 1 8
30 2 9
30 3 19
30 4 10
30 5 9
30 6 16
30 7 5
30 8 4
30 9 8
30 10 8
30 11 3
30 12 15
30 13 4
30 14 3
30 15 13
30 16 4
30 17 8
30 18 17
30 19 13
30 20 19
30 21 4
30 22 18
30 23 8
30 24 15
30 25 12
30 26 18
30 27 9
30 28 5
30 29 3
