23
1 0 3
2 0 7
2 1 27
3 0 24
3 1 22
3 2 25
4 0 18
4 1 6
4 2 7
4 3 20
5 0 1
5 1 24
5 2 8
5 3 26
5 4 30
6 0 22
6 1 19
6 2 4
6 3 17
6 4 32
6 5 5
7 0 26
7 1 9
7 2 16
7 3 18
7 4 19
7 5 8
7 6 12
8 0 16
8 1 36
8 2 31
8 3 25
8 4 22
8 5 1
8 6 28
8 7 27
9 0 20
9 1 3
9 2 4
9 3 36
9 4 7
9 5 44
9 6 27
9 7 28
9 8 2
10 0 3
10 1 22
10 2 8
10 3 4
10 4 24
10 5 7
10 6 14
10 7 8
10 8 15
10 9 2
11 0 22
11 1 36
11 2 14
11 3 11
11 4 13
11 5 3
11 6 5
11 7 2
11 8 34
11 9 20
11 10 37
12 0 43
12 1 35
12 2 8
12 3 35
12 4 44
12 5 12
12 6 33
12 7 15
12 8 3
12 9 26
12 10 2
12 11 24
13 0 1
13 1 40
13 2 12
13 3 2
13 4 35
13 5 11
13 6 16
13 7 11
13 8 3
13 9 6
13 10 42
13 11 5
13 12 7
14 0 22
14 1 33
14 2 36
14 3 25
14 4 7
14 5 37
14 6 8
14 7 27
14 8 38
14 9 34
14 10 28
14 11 41
14 12 34
14 13 42
15 0 8
15 1 41
15 2 8
15 3 34
15 4 22
15 5 16
15 6 13
15 7 27
15 8 6
15 9 29
15 10 35
15 11 35
15 12 32
15 13 27
15 14 15
16 0 37
16 1 7
16 2 31
16 3 16
16 4 21
16 5 31
16 6 44
16 7 28
16 8 41
16 9 6
16 10 22
16 11 17
16 12 36
16 13 20
16 14 18
16 15 23
17 0 28
17 1 39
17 2 18
17 3 17
17 4 7
17 5 42
17 6 23
17 7 32
17 8 1
17 9 5
17 10 22
17 11 30
17 12 42
17 13 8
17 14 3
17 15 32
17 16 2
18 0 20
18 1 31
18 2 6
18 3 24
18 4 5
18 5 13
18 6 13
18 7 6
18 8 29
18 9 16
18 10 4
18 11 4
18 12 15
18 13 15
18 14 33
18 15 5
18 16 31
18 17 5
19 0 22
19 1 13
19 2 29
19 3 3
19 4 17
19 5 9
19 6 2
19 7 5
19 8 15
19 9 10
19 10 15
19 11 25
19 12 23
19 13 23
19 14 41
19 15 29
19 16 42
19 17 5
19 18 10
20 0 13
20 1 34
20 2 21
20 3 25
20 4 9
20 5 37
20 6 3
20 7 29
20 8 32
20 9 1
20 10 36
20 11 34
20 12 27
20 13 16
20 14 37
20 15 11
20 16 33
20 17 25
20 18 22
20 19 4
21 0 41
21 1 43
21 2 31
21 3 13
21 4 27
21 5 34
21 6 6
21 7 22
21 8 19
21 9 6
21 10 40
21 11 5
21 12 16
21 13 10
21 14 19
21 15 36
21 16 3
21 17 41
21 18 33
21 19 13
21 20 11
22 0 10
22 1 44
22 2 17
22 3 8
22 4 21
22 5 42
22 6 15
22 7 12
22 8 30
22 9 18
22 10 22
22 11 34
22 12 31
22 13 29
22 14 31
22 15 32
22 16 25
22 17 18
22 18 16
22 19 39
22 20 7
22 21 37
