42
2 0 7
2 1 6
3 0 21
3 2 10
4 0 16
4 1 2
4 3 3
5 3 12
5 4 12
6 1 2
6 3 20
6 4 23
7 1 23
7 5 33
7 6 29
8 0 31
8 2 3
8 6 20
9 0 16
9 1 23
9 2 32
9 3 6
9 4 17
9 5 25
9 6 25
10 1 18
10 2 15
10 4 19
10 6 10
10 7 20
10 8 22
11 0 27
11 4 15
11 6 22
11 7 34
11 8 16
12 0 22
12 2 4
12 3 13
12 6 27
12 7 27
12 8 8
12 10 35
13 4 9
13 6 39
13 8 11
13 10 5
13 11 19
14 0 25
14 1 12
14 2 25
14 6 36
14 7 13
14 8 31
14 10 38
14 11 13
15 0 2
15 4 22
15 7 7
15 9 10
15 14 33
16 0 39
16 5 37
16 6 30
16 8 27
16 9 30
16 10 21
16 11 11
16 12 19
16 13 34
17 1 37
17 2 10
17 4 10
17 5 33
17 6 2
17 7 3
17 10 36
17 11 26
17 12 26
17 13 14
17 14 10
17 16 38
18 2 4
18 3 18
18 5 16
18 7 35
18 10 1
18 11 1
18 12 27
18 14 38
18 16 27
19 0 2
19 1 39
19 4 25
19 6 4
19 7 25
19 12 13
19 13 6
19 14 4
19 15 34
19 17 29
20 0 12
20 2 38
20 5 37
20 7 6
20 10 23
20 11 31
20 14 6
20 16 38
20 18 23
21 0 31
21 3 19
21 9 37
21 11 6
21 15 24
21 16 3
21 18 16
22 0 37
22 4 14
22 8 13
22 9 34
22 10 29
22 11 26
22 12 20
22 17 5
22 18 10
22 19 18
22 21 27
23 0 26
23 3 36
23 4 17
23 5 27
23 7 35
23 8 23
23 9 22
23 11 22
23 12 39
23 14 29
23 16 1
23 18 11
23 22 33
24 0 22
24 1 24
24 3 10
24 5 7
24 8 13
24 10 24
24 11 37
24 14 28
24 15 30
24 16 26
24 17 15
24 18 31
24 22 23
24 23 13
25 0 7
25 1 24
25 3 38
25 4 6
25 7 39
25 9 27
25 13 13
25 14 13
25 16 31
25 17 18
25 18 12
25 19 24
25 21 2
25 22 20
25 23 31
26 4 24
26 8 14
26 9 20
26 11 35
26 13 23
26 15 24
26 17 39
26 20 38
26 21 32
26 24 9
26 25 26
27 2 34
27 5 38
27 6 3
27 7 18
27 10 6
27 11 30
27 13 9
27 17 32
27 18 18
27 19 10
27 23 7
28 1 12
28 3 2
28 5 14
28 7 10
28 9 26
28 10 4
28 12 38
28 13 4
28 14 12
28 19 9
28 20 23
28 22 32
28 23 17
28 25 19
28 27 8
29 7 39
29 10 34
29 13 26
29 15 32
29 16 9
29 17 38
29 21 3
29 22 6
29 23 6
29 25 36
29 26 12
29 27 14
30 2 35
30 3 4
30 5 21
30 6 39
30 9 28
30 10 10
30 13 11
30 14 28
30 19 11
30 24 11
30 27 35
30 28 22
31 1 30
31 2 31
31 3 31
31 5 27
31 6 2
31 7 24
31 9 12
31 10 38
31 11 39
31 13 23
31 14 9
31 15 28
31 16 4
31 18 17
31 19 31
31 20 21
31 21 10
31 22 39
31 23 13
31 24 3
31 26 23
31 29 35
32 0 36
32 1 31
32 3 16
32 6 19
32 8 2
32 10 14
32 11 19
32 12 24
32 13 13
32 16 34
32 17 12
32 19 11
32 20 14
32 21 17
32 22 28
32 23 34
32 24 11
32 26 11
32 27 6
33 0 29
33 4 9
33 5 3
33 6 25
33 8 9
33 9 6
33 18 7
33 20 22
33 21 3
33 22 27
33 24 30
33 25 6
33 26 19
33 27 9
33 28 18
33 29 37
33 31 11
33 32 2
34 0 18
34 3 39
34 4 36
34 5 9
34 7 36
34 11 8
34 12 4
34 16 10
34 18 20
34 20 1
34 23 19
34 24 17
34 25 23
34 26 31
34 27 21
34 28 22
34 29 10
34 30 4
34 31 29
34 32 4
34 33 20
35 1 21
35 8 22
35 10 23
35 11 10
35 13 7
35 14 22
35 18 16
35 20 20
35 21 3
35 22 20
35 30 18
35 31 24
35 32 23
35 33 30
36 2 11
36 4 20
36 5 1
36 8 19
36 15 38
36 16 39
36 17 35
36 19 36
36 22 25
36 23 17
36 26 18
36 28 32
36 30 6
36 31 31
36 32 20
36 34 11
36 35 7
37 0 24
37 1 19
37 9 6
37 11 22
37 14 1
37 15 31
37 17 36
37 18 13
37 19 7
37 25 18
37 26 4
37 28 3
37 32 3
37 33 37
37 36 33
38 0 23
38 1 31
38 6 37
38 7 26
38 11 35
38 12 19
38 13 16
38 14 2
38 15 23
38 16 23
38 17 7
38 19 12
38 20 23
38 24 15
38 25 12
38 26 13
38 29 18
38 31 9
38 33 33
38 34 6
38 35 1
38 37 24
39 1 5
39 2 17
39 6 2
39 7 13
39 8 22
39 9 28
39 11 11
39 13 4
39 14 2
39 16 25
39 17 1
39 18 15
39 21 21
39 23 14
39 24 9
39 28 23
39 29 5
39 31 15
39 33 36
39 35 8
39 37 22
39 38 36
40 0 7
40 2 2
40 3 20
40 5 25
40 6 22
40 7 16
40 9 38
40 10 29
40 13 22
40 17 6
40 18 20
40 19 32
40 20 2
40 22 15
40 23 31
40 24 6
40 25 39
40 28 37
40 31 39
40 32 12
40 33 16
40 37 31
41 0 20
41 1 28
41 3 24
41 5 5
41 6 27
41 7 18
41 8 23
41 9 21
41 10 19
41 11 30
41 12 36
41 13 5
41 14 23
41 17 8
41 20 35
41 21 28
41 24 36
41 25 35
41 26 32
41 27 36
41 30 3
41 32 30
41 34 30
41 36 1
41 37 39
