57
1 0 7
2 0 9
2 1 1
3 0 13
3 1 9
3 2 28
4 0 21
4 1 12
4 2 27
4 3 4
5 0 16
5 1 5
5 2 22
5 3 12
5 4 13
6 0 27
6 1 4
6 2 18
6 3 27
6 4 26
6 5 21
7 0 17
7 1 11
7 2 14
7 3 9
7 4 22
7 5 27
7 6 20
8 0 6
8 1 4
8 2 27
8 3 21
8 4 1
8 5 17
8 6 24
8 7 7
9 0 14
9 1 16
9 2 2
9 3 26
9 4 7
9 5 15
9 6 24
9 7 14
9 8 27
10 0 14
10 1 9
10 2 17
10 3 13
10 4 13
10 5 12
10 6 27
10 7 11
10 8 22
10 9 3
11 0 15
11 1 18
11 2 28
11 3 6
11 4 26
11 5 22
11 6 23
11 7 3
11 8 17
11 9 25
11 10 7
12 0 7
12 1 15
12 2 25
12 3 22
12 4 22
12 5 5
12 6 27
12 7 13
12 8 19
12 9 6
12 10 24
12 11 6
13 0 25
13 1 12
13 2 4
13 3 14
13 4 15
13 5 11
13 6 19
13 7 7
13 8 10
13 9 28
13 10 17
13 11 6
13 12 12
14 0 27
14 1 4
14 2 7
14 3 28
14 4 26
14 5 19
14 6 15
14 7 28
14 8 22
14 9 28
14 10 13
14 11 22
14 12 9
14 13 16
15 0 12
15 1 11
15 2 28
15 3 3
15 4 17
15 5 21
15 6 27
15 7 11
15 8 16
15 9 10
15 10 15
15 11 15
15 12 14
15 13 10
15 14 9
16 0 5
16 1 1
16 2 16
16 3 6
16 4 17
16 5 4
16 6 26
16 7 13
16 8 16
16 9 18
16 10 14
16 11 6
16 12 8
16 13 6
16 14 2
16 15 15
17 0 6
17 1 2
17 2 15
17 3 27
17 4 28
17 5 8
17 6 13
17 7 23
17 8 2
17 9 28
17 10 13
17 11 16
17 12 1
17 13 19
17 14 13
17 15 27
17 16 7
18 0 27
18 1 13
18 2 15
18 3 14
18 4 14
18 5 7
18 6 8
18 7 23
18 8 23
18 9 11
18 10 4
18 11 20
18 12 23
18 13 19
18 14 5
18 15 8
18 16 12
18 17 7
19 0 26
19 1 28
19 2 27
19 3 15
19 4 27
19 5 16
19 6 24
19 7 18
19 8 1
19 9 8
19 10 14
19 11 21
19 12 23
19 13 12
19 14 12
19 15 21
19 16 20
19 17 23
19 18 25
20 0 2
20 1 23
20 2 21
20 3 21
20 4 13
20 5 7
20 6 20
20 7 14
20 8 7
20 9 6
20 10 7
20 11 9
20 12 12
20 13 15
20 14 23
20 15 14
20 16 3
20 17 27
20 18 20
20 19 6
21 0 18
21 1 25
21 2 6
21 3 27
21 4 27
21 5 13
21 6 24
21 7 10
21 8 10
21 9 12
21 10 28
21 11 23
21 12 1
21 13 9
21 14 7
21 15 21
21 16 14
21 17 25
21 18 24
21 19 5
21 20 1
22 0 11
22 1 17
22 2 13
22 3 5
22 4 21
22 5 26
22 6 9
22 7 22
22 8 7
22 9 7
22 10 13
22 11 3
22 12 26
22 13 7
22 14 8
22 15 7
22 16 11
22 17 26
22 18 5
22 19 17
22 20 26
22 21 21
23 0 27
23 1 4
23 2 27
23 3 20
23 4 3
23 5 24
23 6 12
23 7 19
23 8 20
23 9 15
23 10 16
23 11 12
23 12 26
23 13 24
23 14 1
23 15 12
23 16 17
23 17 13
23 18 12
23 19 26
23 20 16
23 21 4
23 22 1
24 0 6
24 1 9
24 2 24
24 3 10
24 4 4
24 5 10
24 6 20
24 7 28
24 8 25
24 9 12
24 10 15
24 11 9
24 12 24
24 13 10
24 14 12
24 15 8
24 16 12
24 17 9
24 18 7
24 19 28
24 20 7
24 21 8
24 22 17
24 23 17
25 0 26
25 1 20
25 2 26
25 3 16
25 4 2
25 5 14
25 6 10
25 7 12
25 8 1
25 9 25
25 10 2
25 11 19
25 12 23
25 13 13
25 14 23
25 15 10
25 16 26
25 17 1
25 18 7
25 19 16
25 20 12
25 21 15
25 22 10
25 23 15
25 24 26
26 0 19
26 1 18
26 2 16
26 3 26
26 4 27
26 5 10
26 6 23
26 7 6
26 8 10
26 9 25
26 10 13
26 11 15
26 12 5
26 13 10
26 14 27
26 15 15
26 16 27
26 17 26
26 18 11
26 19 26
26 20 16
26 21 17
26 22 28
26 23 4
26 24 18
26 25 28
27 0 20
27 1 27
27 2 14
27 3 21
27 4 27
27 5 8
27 6 11
27 7 21
27 8 3
27 9 6
27 10 14
27 11 14
27 12 8
27 13 2
27 14 22
27 15 16
27 16 26
27 17 7
27 18 3
27 19 21
27 20 14
27 21 8
27 22 27
27 23 26
27 24 20
27 25 24
27 26 14
28 0 1
28 1 10
28 2 2
28 3 12
28 4 27
28 5 26
28 6 18
28 7 2
28 8 19
28 9 13
28 10 17
28 11 3
28 12 28
28 13 19
28 14 23
28 15 24
28 16 20
28 17 10
28 18 3
28 19 10
28 20 15
28 21 1
28 22 9
28 23 13
28 24 24
28 25 28
28 26 8
28 27 3
29 0 25
29 1 4
29 2 5
29 3 4
29 4 11
29 5 18
29 6 13
29 7 2
29 8 16
29 9 22
29 10 28
29 11 18
29 12 17
29 13 6
29 14 28
29 15 24
29 16 2
29 17 24
29 18 25
29 19 19
29 20 17
29 21 7
29 22 11
29 23 14
29 24 14
29 25 15
29 26 14
29 27 12
29 28 13
30 0 27
30 1 22
30 2 18
30 3 21
30 4 26
30 5 12
30 6 19
30 7 21
30 8 4
30 9 28
30 10 4
30 11 8
30 12 18
30 13 22
30 14 1
30 15 16
30 16 3
30 17 3
30 18 12
30 19 15
30 20 1
30 21 28
30 22 14
30 23 21
30 24 10
30 25 11
30 26 6
30 27 3
30 28 25
30 29 4
31 0 13
31 1 17
31 2 19
31 3 2
31 4 4
31 5 7
31 6 2
31 7 25
31 8 27
31 9 26
31 10 14
31 11 3
31 12 10
31 13 9
31 14 23
31 15 18
31 16 3
31 17 17
31 18 23
31 19 28
31 20 13
31 21 23
31 22 18
31 23 27
31 24 5
31 25 6
31 26 16
31 27 20
31 28 8
31 29 19
31 30 23
32 0 26
32 1 16
32 2 11
32 3 11
32 4 7
32 5 20
32 6 22
32 7 28
32 8 13
32 9 17
32 10 9
32 11 25
32 12 21
32 13 25
32 14 18
32 15 26
32 16 1
32 17 25
32 18 22
32 19 9
32 20 2
32 21 27
32 22 22
32 23 11
32 24 9
32 25 2
32 26 14
32 27 15
32 28 23
32 29 14
32 30 2
32 31 11
33 0 20
33 1 19
33 2 20
33 3 22
33 4 1
33 5 13
33 6 8
33 7 12
33 8 8
33 9 13
33 10 12
33 11 16
33 12 3
33 13 14
33 14 10
33 15 3
33 16 24
33 17 26
33 18 25
33 19 1
33 20 15
33 21 9
33 22 19
33 23 21
33 24 15
33 25 8
33 26 8
33 27 27
33 28 25
33 29 1
33 30 10
33 31 12
33 32 5
34 0 21
34 1 5
34 2 3
34 3 15
34 4 14
34 5 20
34 6 28
34 7 17
34 8 23
34 9 28
34 10 21
34 11 15
34 12 1
34 13 27
34 14 10
34 15 9
34 16 14
34 17 4
34 18 3
34 19 15
34 20 23
34 21 23
34 22 1
34 23 11
34 24 4
34 25 4
34 26 25
34 27 16
34 28 18
34 29 19
34 30 21
34 31 23
34 32 5
34 33 19
35 0 14
35 1 26
35 2 15
35 3 4
35 4 9
35 5 16
35 6 20
35 7 14
35 8 7
35 9 4
35 10 16
35 11 19
35 12 24
35 13 21
35 14 26
35 15 2
35 16 21
35 17 17
35 18 23
35 19 12
35 20 20
35 21 2
35 22 5
35 23 11
35 24 26
35 25 19
35 26 1
35 27 26
35 28 9
35 29 12
35 30 1
35 31 8
35 32 7
35 33 13
35 34 24
36 0 12
36 1 10
36 2 1
36 3 5
36 4 28
36 5 17
36 6 21
36 7 20
36 8 17
36 9 2
36 10 9
36 11 25
36 12 10
36 13 12
36 14 21
36 15 27
36 16 10
36 17 24
36 18 21
36 19 19
36 20 26
36 21 16
36 22 5
36 23 2
36 24 21
36 25 21
36 26 6
36 27 11
36 28 3
36 29 4
36 30 1
36 31 25
36 32 24
36 33 20
36 34 5
36 35 13
37 0 2
37 1 11
37 2 15
37 3 25
37 4 7
37 5 7
37 6 22
37 7 18
37 8 10
37 9 8
37 10 28
37 11 17
37 12 26
37 13 4
37 14 12
37 15 23
37 16 23
37 17 14
37 18 21
37 19 2
37 20 1
37 21 14
37 22 8
37 23 16
37 24 26
37 25 20
37 26 28
37 27 6
37 28 6
37 29 24
37 30 15
37 31 14
37 32 11
37 33 12
37 34 26
37 35 18
37 36 12
38 0 16
38 1 11
38 2 10
38 3 7
38 4 9
38 5 8
38 6 2
38 7 18
38 8 10
38 9 20
38 10 1
38 11 9
38 12 23
38 13 19
38 14 3
38 15 25
38 16 2
38 17 17
38 18 12
38 19 1
38 20 13
38 21 3
38 22 3
38 23 6
38 24 12
38 25 16
38 26 1
38 27 16
38 28 5
38 29 8
38 30 26
38 31 28
38 32 14
38 33 16
38 34 10
38 35 13
38 36 17
38 37 8
39 0 21
39 1 2
39 2 18
39 3 20
39 4 4
39 5 13
39 6 11
39 7 18
39 8 9
39 9 12
39 10 9
39 11 22
39 12 15
39 13 2
39 14 6
39 15 3
39 16 17
39 17 18
39 18 16
39 19 16
39 20 25
39 21 2
39 22 27
39 23 23
39 24 9
39 25 19
39 26 26
39 27 20
39 28 12
39 29 18
39 30 22
39 31 2
39 32 20
39 33 14
39 34 19
39 35 16
39 36 25
39 37 26
39 38 2
40 0 13
40 1 2
40 2 12
40 3 26
40 4 21
40 5 20
40 6 20
40 7 10
40 8 16
40 9 25
40 10 24
40 11 3
40 12 10
40 13 11
40 14 22
40 15 7
40 16 4
40 17 10
40 18 22
40 19 20
40 20 27
40 21 3
40 22 14
40 23 3
40 24 27
40 25 17
40 26 24
40 27 1
40 28 14
40 29 26
40 30 22
40 31 28
40 32 25
40 33 11
40 34 5
40 35 10
40 36 17
40 37 2
40 38 13
40 39 5
41 0 21
41 1 16
41 2 20
41 3 26
41 4 4
41 5 13
41 6 26
41 7 26
41 8 8
41 9 24
41 10 2
41 11 18
41 12 3
41 13 27
41 14 12
41 15 25
41 16 8
41 17 7
41 18 10
41 19 13
41 20 10
41 21 10
41 22 12
41 23 25
41 24 12
41 25 4
41 26 9
41 27 11
41 28 10
41 29 10
41 30 15
41 31 3
41 32 7
41 33 27
41 34 7
41 35 6
41 36 7
41 37 3
41 38 23
41 39 18
41 40 11
42 0 2
42 1 12
42 2 28
42 3 3
42 4 21
42 5 8
42 6 21
42 7 5
42 8 21
42 9 11
42 10 5
42 11 18
42 12 23
42 13 1
42 14 10
42 15 27
42 16 11
42 17 15
42 18 9
42 19 21
42 20 8
42 21 16
42 22 26
42 23 28
42 24 8
42 25 18
42 26 21
42 27 26
42 28 14
42 29 19
42 30 27
42 31 12
42 32 2
42 33 23
42 34 18
42 35 5
42 36 26
42 37 11
42 38 23
42 39 10
42 40 24
42 41 6
43 0 1
43 1 2
43 2 26
43 3 19
43 4 2
43 5 22
43 6 15
43 7 9
43 8 5
43 9 2
43 10 23
43 11 11
43 12 6
43 13 20
43 14 1
43 15 20
43 16 4
43 17 2
43 18 11
43 19 8
43 20 22
43 21 3
43 22 2
43 23 22
43 24 12
43 25 9
43 26 22
43 27 1
43 28 2
43 29 26
43 30 5
43 31 23
43 32 27
43 33 12
43 34 10
43 35 27
43 36 5
43 37 5
43 38 22
43 39 24
43 40 5
43 41 23
43 42 10
44 0 20
44 1 13
44 2 27
44 3 10
44 4 28
44 5 5
44 6 3
44 7 11
44 8 26
44 9 15
44 10 14
44 11 15
44 12 15
44 13 12
44 14 8
44 15 20
44 16 12
44 17 19
44 18 2
44 19 15
44 20 19
44 21 6
44 22 13
44 23 11
44 24 21
44 25 14
44 26 8
44 27 8
44 28 21
44 29 22
44 30 17
44 31 3
44 32 6
44 33 14
44 34 25
44 35 2
44 36 9
44 37 1
44 38 20
44 39 3
44 40 3
44 41 15
44 42 27
44 43 18
45 0 14
45 1 3
45 2 5
45 3 15
45 4 13
45 5 3
45 6 28
45 7 5
45 8 12
45 9 15
45 10 14
45 11 26
45 12 1
45 13 23
45 14 24
45 15 15
45 16 23
45 17 4
45 18 23
45 19 11
45 20 26
45 21 18
45 22 23
45 23 3
45 24 20
45 25 19
45 26 17
45 27 19
45 28 7
45 29 4
45 30 25
45 31 12
45 32 9
45 33 23
45 34 13
45 35 22
45 36 12
45 37 17
45 38 15
45 39 3
45 40 24
45 41 15
45 42 8
45 43 27
45 44 20
46 0 6
46 1 28
46 2 14
46 3 23
46 4 10
46 5 16
46 6 22
46 7 10
46 8 2
46 9 9
46 10 25
46 11 3
46 12 27
46 13 8
46 14 20
46 15 17
46 16 5
46 17 11
46 18 5
46 19 10
46 20 28
46 21 15
46 22 1
46 23 24
46 24 10
46 25 1
46 26 9
46 27 13
46 28 28
46 29 22
46 30 22
46 31 10
46 32 8
46 33 4
46 34 1
46 35 8
46 36 19
46 37 9
46 38 16
46 39 28
46 40 1
46 41 21
46 42 10
46 43 2
46 44 2
46 45 25
47 0 28
47 1 28
47 2 2
47 3 6
47 4 18
47 5 20
47 6 8
47 7 16
47 8 1
47 9 8
47 10 23
47 11 2
47 12 4
47 13 14
47 14 2
47 15 27
47 16 8
47 17 26
47 18 13
47 19 15
47 20 3
47 21 8
47 22 23
47 23 20
47 24 24
47 25 10
47 26 7
47 27 5
47 28 14
47 29 22
47 30 21
47 31 25
47 32 9
47 33 15
47 34 9
47 35 11
47 36 9
47 37 26
47 38 2
47 39 11
47 40 3
47 41 28
47 42 28
47 43 10
47 44 14
47 45 11
47 46 16
48 0 17
48 1 4
48 2 18
48 3 7
48 4 6
48 5 2
48 6 7
48 7 10
48 8 9
48 9 1
48 10 14
48 11 1
48 12 1
48 13 13
48 14 17
48 15 15
48 16 28
48 17 4
48 18 14
48 19 16
48 20 6
48 21 22
48 22 21
48 23 17
48 24 3
48 25 12
48 26 26
48 27 17
48 28 11
48 29 3
48 30 25
48 31 12
48 32 28
48 33 8
48 34 21
48 35 16
48 36 21
48 37 1
48 38 19
48 39 22
48 40 16
48 41 24
48 42 1
48 43 20
48 44 1
48 45 26
48 46 28
48 47 4
49 0 23
49 1 17
49 2 1
49 3 2
49 4 21
49 5 25
49 6 24
49 7 10
49 8 1
49 9 8
49 10 6
49 11 17
49 12 7
49 13 26
49 14 18
49 15 18
49 16 20
49 17 28
49 18 8
49 19 1
49 20 2
49 21 27
49 22 27
49 23 1
49 24 8
49 25 26
49 26 22
49 27 22
49 28 25
49 29 11
49 30 6
49 31 17
49 32 19
49 33 1
49 34 27
49 35 22
49 36 23
49 37 4
49 38 23
49 39 4
49 40 10
49 41 9
49 42 8
49 43 5
49 44 12
49 45 7
49 46 28
49 47 25
49 48 16
50 0 9
50 1 23
50 2 4
50 3 4
50 4 3
50 5 6
50 6 17
50 7 22
50 8 22
50 9 15
50 10 11
50 11 4
50 12 9
50 13 5
50 14 20
50 15 12
50 16 27
50 17 17
50 18 25
50 19 22
50 20 24
50 21 19
50 22 20
50 23 28
50 24 25
50 25 9
50 26 9
50 27 18
50 28 4
50 29 23
50 30 17
50 31 4
50 32 7
50 33 8
50 34 18
50 35 21
50 36 10
50 37 25
50 38 24
50 39 7
50 40 11
50 41 26
50 42 8
50 43 21
50 44 18
50 45 5
50 46 4
50 47 6
50 48 19
50 49 13
51 0 23
51 1 5
51 2 18
51 3 25
51 4 19
51 5 10
51 6 8
51 7 9
51 8 25
51 9 13
51 10 17
51 11 7
51 12 9
51 13 23
51 14 3
51 15 22
51 16 23
51 17 12
51 18 6
51 19 23
51 20 9
51 21 27
51 22 6
51 23 5
51 24 14
51 25 5
51 26 23
51 27 18
51 28 24
51 29 6
51 30 9
51 31 3
51 32 19
51 33 17
51 34 12
51 35 26
51 36 2
51 37 2
51 38 28
51 39 19
51 40 26
51 41 9
51 42 27
51 43 15
51 44 27
51 45 9
51 46 20
51 47 9
51 48 20
51 49 3
51 50 11
52 0 20
52 1 1
52 2 19
52 3 17
52 4 23
52 5 7
52 6 27
52 7 8
52 8 28
52 9 9
52 10 14
52 11 7
52 12 26
52 13 16
52 14 15
52 15 26
52 16 8
52 17 12
52 18 23
52 19 2
52 20 28
52 21 1
52 22 2
52 23 1
52 24 20
52 25 5
52 26 19
52 27 21
52 28 16
52 29 13
52 30 25
52 31 27
52 32 4
52 33 20
52 34 19
52 35 3
52 36 17
52 37 15
52 38 15
52 39 19
52 40 13
52 41 23
52 42 21
52 43 8
52 44 25
52 45 20
52 46 27
52 47 26
52 48 1
52 49 8
52 50 5
52 51 11
53 0 2
53 1 16
53 2 25
53 3 16
53 4 13
53 5 12
53 6 27
53 7 28
53 8 20
53 9 15
53 10 26
53 11 19
53 12 7
53 13 4
53 14 14
53 15 19
53 16 4
53 17 6
53 18 28
53 19 28
53 20 18
53 21 20
53 22 2
53 23 1
53 24 8
53 25 26
53 26 10
53 27 12
53 28 23
53 29 5
53 30 7
53 31 22
53 32 9
53 33 28
53 34 2
53 35 8
53 36 27
53 37 13
53 38 1
53 39 20
53 40 4
53 41 2
53 42 5
53 43 3
53 44 14
53 45 9
53 46 16
53 47 28
53 48 20
53 49 9
53 50 27
53 51 4
53 52 15
54 0 20
54 1 21
54 2 3
54 3 18
54 4 20
54 5 8
54 6 27
54 7 13
54 8 5
54 9 16
54 10 17
54 11 25
54 12 1
54 13 20
54 14 11
54 15 14
54 16 17
54 17 9
54 18 20
54 19 9
54 20 2
54 21 1
54 22 5
54 23 16
54 24 25
54 25 4
54 26 22
54 27 6
54 28 12
54 29 8
54 30 26
54 31 7
54 32 6
54 33 1
54 34 12
54 35 8
54 36 19
54 37 7
54 38 2
54 39 23
54 40 2
54 41 24
54 42 20
54 43 8
54 44 5
54 45 17
54 46 22
54 47 8
54 48 24
54 49 16
54 50 23
54 51 17
54 52 22
54 53 10
55 0 7
55 1 27
55 2 9
55 3 3
55 4 27
55 5 19
55 6 24
55 7 25
55 8 16
55 9 19
55 10 14
55 11 1
55 12 16
55 13 11
55 14 22
55 15 17
55 16 8
55 17 15
55 18 17
55 19 20
55 20 28
55 21 2
55 22 18
55 23 28
55 24 7
55 25 11
55 26 11
55 27 22
55 28 5
55 29 23
55 30 26
55 31 1
55 32 12
55 33 27
55 34 6
55 35 16
55 36 2
55 37 8
55 38 28
55 39 12
55 40 24
55 41 12
55 42 2
55 43 6
55 44 27
55 45 16
55 46 15
55 47 2
55 48 17
55 49 26
55 50 22
55 51 16
55 52 12
55 53 25
55 54 27
56 0 6
56 1 25
56 2 12
56 3 17
56 4 23
56 5 10
56 6 8
56 7 27
56 8 25
56 9 25
56 10 7
56 11 18
56 12 25
56 13 14
56 14 26
56 15 15
56 16 6
56 17 13
56 18 13
56 19 26
56 20 14
56 21 6
56 22 19
56 23 11
56 24 21
56 25 22
56 26 17
56 27 8
56 28 9
56 29 17
56 30 28
56 31 4
56 32 19
56 33 6
56 34 6
56 35 17
56 36 7
56 37 21
56 38 11
56 39 11
56 40 14
56 41 6
56 42 24
56 43 9
56 44 6
56 45 20
56 46 7
56 47 22
56 48 27
56 49 4
56 50 1
56 51 23
56 52 25
56 53 10
56 54 18
56 55 1
