16
1 0 35
2 0 33
2 1 25
3 0 39
3 1 26
3 2 23
4 0 23
4 1 27
4 2 16
4 3 4
5 0 30
5 1 19
5 2 15
5 3 28
5 4 35
6 0 13
6 1 2
6 2 20
6 3 38
6 4 18
6 5 26
7 0 20
7 1 23
7 2 9
7 3 26
7 4 9
7 5 4
7 6 6
8 0 1
8 1 29
8 2 18
8 3 18
8 4 26
8 5 21
8 6 7
8 7 38
9 0 10
9 1 10
9 2 31
9 3 24
9 4 39
9 5 33
9 6 38
9 7 16
9 8 20
10 0 24
10 1 19
10 2 20
10 3 27
10 4 19
10 5 16
10 6 12
10 7 5
10 8 12
10 9 36
11 0 16
11 1 28
11 2 4
11 3 21
11 4 18
11 5 6
11 6 14
11 7 35
11 8 3
11 9 27
11 10 39
12 0 1
12 1 28
12 2 25
12 3 28
12 4 8
12 5 6
12 6 27
12 7 15
12 8 16
12 9 23
12 10 28
12 11 3
13 0 10
13 1 31
13 2 28
13 3 1
13 4 30
13 5 1
13 6 12
13 7 6
13 8 16
13 9 10
13 10 28
13 11 8
13 12 10
14 0 38
14 1 26
14 2 28
14 3 12
14 4 34
14 5 39
14 6 6
14 7 1
14 8 1
14 9 24
14 10 4
14 11 37
14 12 7
14 13 4
15 0 13
15 1 34
15 2 29
15 3 19
15 4 2
15 5 28
15 6 39
15 7 13
15 8 23
15 9 18
15 10 7
15 11 35
15 12 22
15 13 10
15 14 2
