29
1 0 57
2 0 57
3 0 2
4 1 55
4 2 58
4 3 22
5 3 65
5 4 35
6 4 49
7 1 63
7 3 34
7 4 28
7 6 5
8 4 30
8 6 4
8 7 31
9 2 4
9 4 1
10 1 13
10 3 13
10 7 22
10 8 27
10 9 31
11 2 1
11 3 42
11 4 37
11 7 1
11 10 65
12 1 58
12 3 53
12 4 55
12 6 60
12 7 40
12 9 61
12 11 25
14 1 21
14 3 6
14 4 4
14 6 48
14 8 6
14 10 64
14 11 9
14 12 29
15 2 50
15 4 19
15 5 26
15 9 28
15 10 10
15 12 39
16 1 15
16 6 15
16 7 4
16 11 50
16 13 51
16 15 42
17 0 67
17 1 14
17 2 1
17 3 36
17 4 54
17 5 54
17 7 1
17 8 2
17 12 66
17 16 25
18 0 58
18 2 49
18 4 45
18 5 51
18 6 8
18 7 12
18 9 40
18 10 29
18 12 53
18 15 7
18 16 16
18 17 25
19 1 50
19 4 28
19 5 4
19 6 61
19 8 39
19 9 28
19 10 33
19 11 29
19 12 33
19 17 55
19 18 20
20 0 20
20 2 28
20 4 31
20 18 16
20 19 32
21 0 7
21 5 33
21 9 60
21 11 16
21 14 61
21 15 49
21 16 51
21 18 30
21 19 4
21 20 1
22 1 3
22 4 31
22 5 36
22 6 44
22 8 18
22 11 63
22 13 11
22 14 44
22 15 66
22 16 34
22 18 66
22 20 67
22 21 17
23 1 21
23 4 8
23 6 13
23 7 39
23 8 54
23 10 7
23 11 28
23 13 53
23 16 21
23 20 3
23 21 42
24 0 56
24 1 1
24 2 43
24 4 5
24 8 67
24 10 2
24 12 20
24 15 9
24 20 60
24 22 44
25 1 21
25 2 11
25 4 24
25 5 67
25 7 7
25 8 44
25 13 6
25 14 55
25 17 35
25 18 30
25 20 42
25 24 33
26 1 34
26 2 60
26 8 46
26 11 10
26 13 4
26 14 48
26 15 1
26 17 62
26 18 65
26 19 31
26 20 41
26 22 4
26 25 27
27 1 56
27 2 50
27 4 5
27 5 58
27 6 12
27 7 37
27 9 58
27 10 44
27 11 51
27 12 9
27 13 33
27 14 21
27 15 48
27 16 8
27 18 47
27 20 37
27 23 1
28 1 22
28 2 56
28 3 19
28 5 53
28 6 23
28 8 35
28 9 58
28 15 8
28 16 3
28 18 22
28 19 37
28 20 40
28 21 43
28 24 4
28 25 4
