37
1 0 12
2 0 33
2 1 28
3 0 32
3 1 13
3 2 34
4 0 16
4 1 4
4 2 40
4 3 25
5 0 39
5 1 27
5 2 7
5 3 12
5 4 15
6 0 44
6 1 27
6 2 29
6 3 5
6 4 30
6 5 25
7 0 29
7 1 27
7 2 13
7 3 2
7 4 43
7 5 24
7 6 35
8 0 42
8 1 13
8 2 14
8 3 20
8 4 26
8 5 1
8 6 6
8 7 40
9 0 18
9 1 3
9 2 33
9 3 38
9 4 33
9 5 33
9 6 12
9 7 2
9 8 14
10 0 34
10 1 38
10 2 21
10 3 7
10 4 5
10 5 8
10 6 16
10 7 23
10 8 13
10 9 33
11 0 5
11 1 6
11 2 36
11 3 24
11 4 39
11 5 16
11 6 17
11 7 42
11 8 17
11 9 23
11 10 10
12 0 20
12 1 19
12 2 24
12 3 39
12 4 20
12 5 2
12 6 6
12 7 39
12 8 5
12 9 11
12 10 22
12 11 15
13 0 42
13 1 29
13 2 36
13 3 42
13 4 44
13 5 38
13 6 33
13 7 31
13 8 18
13 9 4
13 10 30
13 11 11
13 12 37
14 0 17
14 1 30
14 2 39
14 3 4
14 4 24
14 5 5
14 6 26
14 7 44
14 8 16
14 9 24
14 10 17
14 11 44
14 12 21
14 13 9
15 0 2
15 1 27
15 2 40
15 3 28
15 4 13
15 5 14
15 6 38
15 7 25
15 8 4
15 9 13
15 10 10
15 11 29
15 12 34
15 13 37
15 14 27
16 0 29
16 1 23
16 2 24
16 3 41
16 4 26
16 5 7
16 6 6
16 7 4
16 8 35
16 9 43
16 10 19
16 11 8
16 12 14
16 13 32
16 14 23
16 15 41
17 0 13
17 1 29
17 2 21
17 3 36
17 4 3
17 5 32
17 6 3
17 7 36
17 8 24
17 9 20
17 10 21
17 11 25
17 12 29
17 13 13
17 14 16
17 15 33
17 16 6
18 0 6
18 1 27
18 2 36
18 3 5
18 4 27
18 5 5
18 6 7
18 7 35
18 8 7
18 9 22
18 10 35
18 11 27
18 12 42
18 13 30
18 14 25
18 15 24
18 16 19
18 17 23
19 0 6
19 1 22
19 2 36
19 3 20
19 4 38
19 5 30
19 6 32
19 7 7
19 8 42
19 9 32
19 10 6
19 11 3
19 12 21
19 13 39
19 14 5
19 15 17
19 16 11
19 17 17
19 18 33
20 0 25
20 1 3
20 2 3
20 3 40
20 4 20
20 5 35
20 6 24
20 7 11
20 8 7
20 9 42
20 10 30
20 11 28
20 12 17
20 13 19
20 14 14
20 15 39
20 16 17
20 17 2
20 18 12
20 19 32
21 0 41
21 1 36
21 2 2
21 3 20
21 4 19
21 5 34
21 6 41
21 7 2
21 8 18
21 9 23
21 10 5
21 11 11
21 12 43
21 13 19
21 14 36
21 15 4
21 16 39
21 17 29
21 18 18
21 19 9
21 20 17
22 0 11
22 1 24
22 2 11
22 3 3
22 4 41
22 5 22
22 6 27
22 7 7
22 8 14
22 9 34
22 10 23
22 11 43
22 12 40
22 13 38
22 14 31
22 15 42
22 16 35
22 17 15
22 18 14
22 19 40
22 20 1
22 21 18
23 0 16
23 1 28
23 2 11
23 3 3
23 4 45
23 5 8
23 6 35
23 7 6
23 8 34
23 9 4
23 10 19
23 11 38
23 12 6
23 13 32
23 14 25
23 15 7
23 16 10
23 17 6
23 18 28
23 19 14
23 20 24
23 21 32
23 22 25
24 0 37
24 1 40
24 2 37
24 3 45
24 4 39
24 5 13
24 6 22
24 7 25
24 8 14
24 9 36
24 10 6
24 11 12
24 12 23
24 13 15
24 14 21
24 15 34
24 16 6
24 17 25
24 18 8
24 19 12
24 20 35
24 21 6
24 22 8
24 23 12
25 0 10
25 1 25
25 2 19
25 3 9
25 4 21
25 5 36
25 6 23
25 7 40
25 8 42
25 9 35
25 10 32
25 11 17
25 12 25
25 13 15
25 14 43
25 15 21
25 16 25
25 17 2
25 18 9
25 19 40
25 20 45
25 21 18
25 22 1
25 23 18
25 24 39
26 0 43
26 1 6
26 2 30
26 3 29
26 4 12
26 5 32
26 6 45
26 7 5
26 8 12
26 9 19
26 10 23
26 11 38
26 12 1
26 13 11
26 14 36
26 15 45
26 16 41
26 17 8
26 18 25
26 19 18
26 20 5
26 21 32
26 22 29
26 23 5
26 24 21
26 25 7
27 0 25
27 1 14
27 2 16
27 3 45
27 4 2
27 5 21
27 6 12
27 7 36
27 8 35
27 9 25
27 10 39
27 11 28
27 12 1
27 13 17
27 14 44
27 15 24
27 16 29
27 17 34
27 18 34
27 19 3
27 20 11
27 21 20
27 22 40
27 23 24
27 24 41
27 25 2
27 26 32
28 0 29
28 1 41
28 2 45
28 3 22
28 4 30
28 5 32
28 6 33
28 7 10
28 8 6
28 9 26
28 10 21
28 11 39
28 12 4
28 13 2
28 14 3
28 15 33
28 16 44
28 17 41
28 18 13
28 19 20
28 20 41
28 21 12
28 22 40
28 23 27
28 24 42
28 25 18
28 26 37
28 27 20
29 0 17
29 1 37
29 2 18
29 3 33
29 4 27
29 5 1
29 6 34
29 7 33
29 8 19
29 9 3
29 10 34
29 11 8
29 12 17
29 13 32
29 14 18
29 15 18
29 16 24
29 17 24
29 18 40
29 19 17
29 20 7
29 21 38
29 22 28
29 23 31
29 24 42
29 25 42
29 26 44
29 27 15
29 28 17
30 0 34
30 1 27
30 2 29
30 3 16
30 4 34
30 5 14
30 6 24
30 7 8
30 8 37
30 9 12
30 10 8
30 11 34
30 12 35
30 13 32
30 14 28
30 15 23
30 16 45
30 17 25
30 18 41
30 19 43
30 20 42
30 21 18
30 22 45
30 23 25
30 24 33
30 25 10
30 26 8
30 27 2
30 28 5
30 29 17
31 0 1
31 1 7
31 2 12
31 3 31
31 4 1
31 5 31
31 6 20
31 7 9
31 8 13
31 9 12
31 10 23
31 11 12
31 12 15
31 13 15
31 14 23
31 15 21
31 16 18
31 17 37
31 18 6
31 19 20
31 20 45
31 21 9
31 22 36
31 23 23
31 24 37
31 25 14
31 26 14
31 27 32
31 28 45
31 29 12
31 30 21
32 0 37
32 1 13
32 2 35
32 3 28
32 4 10
32 5 34
32 6 42
32 7 4
32 8 35
32 9 11
32 10 39
32 11 32
32 12 5
32 13 17
32 14 33
32 15 28
32 16 1
32 17 40
32 18 37
32 19 1
32 20 31
32 21 41
32 22 32
32 23 32
32 24 5
32 25 6
32 26 37
32 27 15
32 28 4
32 29 43
32 30 43
32 31 42
33 0 1
33 1 15
33 2 16
33 3 10
33 4 7
33 5 37
33 6 28
33 7 18
33 8 28
33 9 37
33 10 23
33 11 27
33 12 19
33 13 12
33 14 9
33 15 18
33 16 9
33 17 9
33 18 36
33 19 43
33 20 21
33 21 39
33 22 10
33 23 18
33 24 41
33 25 24
33 26 25
33 27 33
33 28 20
33 29 34
33 30 17
33 31 40
33 32 16
34 0 9
34 1 3
34 2 24
34 3 39
34 4 5
34 5 40
34 6 40
34 7 41
34 8 34
34 9 8
34 10 7
34 11 30
34 12 45
34 13 11
34 14 6
34 15 13
34 16 14
34 17 24
34 18 35
34 19 15
34 20 1
34 21 20
34 22 38
34 23 43
34 24 43
34 25 27
34 26 38
34 27 26
34 28 8
34 29 21
34 30 13
34 31 20
34 32 40
34 33 44
35 0 4
35 1 43
35 2 29
35 3 5
35 4 41
35 5 1
35 6 15
35 7 34
35 8 12
35 9 39
35 10 32
35 11 14
35 12 13
35 13 35
35 14 12
35 15 45
35 16 45
35 17 34
35 18 35
35 19 29
35 20 27
35 21 15
35 22 45
35 23 13
35 24 17
35 25 30
35 26 11
35 27 15
35 28 40
35 29 44
35 30 21
35 31 26
35 32 31
35 33 32
35 34 30
36 0 29
36 1 39
36 2 8
36 3 19
36 4 34
36 5 39
36 6 12
36 7 37
36 8 19
36 9 29
36 10 39
36 11 12
36 12 40
36 13 1
36 14 40
36 15 36
36 16 15
36 17 35
36 18 39
36 19 43
36 20 1
36 21 35
36 22 41
36 23 15
36 24 3
36 25 15
36 26 6
36 27 16
36 28 21
36 29 28
36 30 44
36 31 40
36 32 16
36 33 19
36 34 7
36 35 34
