43
1 0 23
2 0 24
2 1 4
3 0 36
3 1 30
3 2 14
4 0 24
4 1 6
4 2 34
4 3 29
5 0 21
5 1 33
5 2 21
5 3 6
5 4 35
6 0 7
6 1 31
6 2 11
6 3 12
6 4 16
6 5 30
7 0 17
7 1 27
7 2 11
7 3 36
7 4 18
7 5 4
7 6 29
8 0 23
8 1 17
8 2 6
8 3 33
8 4 30
8 5 18
8 6 21
8 7 14
9 0 4
9 1 10
9 2 10
9 3 1
9 4 13
9 5 6
9 6 11
9 7 12
9 8 22
10 0 20
10 1 11
10 2 3
10 3 17
10 4 9
10 5 26
10 6 5
10 7 15
10 8 8
10 9 9
11 0 26
11 1 23
11 2 7
11 3 12
11 4 24
11 5 14
11 6 36
11 7 8
11 8 21
11 9 15
11 10 27
12 0 8
12 1 4
12 2 19
12 3 20
12 4 23
12 5 16
12 6 4
12 7 34
12 8 15
12 9 20
12 10 37
12 11 35
13 0 15
13 1 17
13 2 13
13 3 25
13 4 20
13 5 15
13 6 9
13 7 16
13 8 1
13 9 20
13 10 37
13 11 12
13 12 31
14 0 9
14 1 26
14 2 17
14 3 21
14 4 18
14 5 19
14 6 5
14 7 36
14 8 34
14 9 13
14 10 11
14 11 19
14 12 5
14 13 5
15 0 1
15 1 15
15 2 24
15 3 2
15 4 26
15 5 23
15 6 28
15 7 11
15 8 16
15 9 17
15 10 23
15 11 30
15 12 11
15 13 24
15 14 33
16 0 28
16 1 5
16 2 2
16 3 23
16 4 14
16 5 29
16 6 31
16 7 28
16 8 9
16 9 15
16 10 6
16 11 37
16 12 13
16 13 5
16 14 28
16 15 4
17 0 21
17 1 32
17 2 26
17 3 27
17 4 12
17 5 20
17 6 13
17 7 19
17 8 14
17 9 34
17 10 18
17 11 34
17 12 13
17 13 7
17 14 23
17 15 6
17 16 9
18 0 35
18 1 14
18 2 5
18 3 33
18 4 33
18 5 27
18 6 3
18 7 21
18 8 24
18 9 17
18 10 20
18 11 27
18 12 26
18 13 7
18 14 34
18 15 28
18 16 23
18 17 23
19 0 23
19 1 18
19 2 4
19 3 37
19 4 6
19 5 8
19 6 34
19 7 2
19 8 24
19 9 8
19 10 14
19 11 24
19 12 28
19 13 19
19 14 26
19 15 4
19 16 2
19 17 15
19 18 19
20 0 33
20 1 8
20 2 15
20 3 3
20 4 2
20 5 7
20 6 3
20 7 7
20 8 27
20 9 15
20 10 8
20 11 34
20 12 16
20 13 5
20 14 17
20 15 17
20 16 3
20 17 17
20 18 33
20 19 34
21 0 1
21 1 36
21 2 24
21 3 15
21 4 14
21 5 18
21 6 14
21 7 20
21 8 17
21 9 2
21 10 32
21 11 19
21 12 4
21 13 19
21 14 28
21 15 15
21 16 21
21 17 26
21 18 22
21 19 34
21 20 15
22 0 1
22 1 28
22 2 10
22 3 14
22 4 32
22 5 16
22 6 27
22 7 7
22 8 36
22 9 36
22 10 25
22 11 29
22 12 11
22 13 35
22 14 27
22 15 24
22 16 9
22 17 14
22 18 9
22 19 25
22 20 26
22 21 35
23 0 19
23 1 13
23 2 17
23 3 21
23 4 12
23 5 3
23 6 12
23 7 34
23 8 31
23 9 12
23 10 23
23 11 17
23 12 22
23 13 26
23 14 20
23 15 32
23 16 17
23 17 1
23 18 27
23 19 22
23 20 31
23 21 7
23 22 33
24 0 15
24 1 7
24 2 16
24 3 13
24 4 32
24 5 31
24 6 1
24 7 2
24 8 6
24 9 17
24 10 23
24 11 8
24 12 32
24 13 11
24 14 10
24 15 18
24 16 11
24 17 3
24 18 28
24 19 28
24 20 26
24 21 32
24 22 25
24 23 26
25 0 21
25 1 11
25 2 19
25 3 24
25 4 17
25 5 15
25 6 24
25 7 14
25 8 18
25 9 21
25 10 31
25 11 9
25 12 3
25 13 2
25 14 31
25 15 7
25 16 32
25 17 4
25 18 8
25 19 3
25 20 30
25 21 27
25 22 13
25 23 6
25 24 21
26 0 15
26 1 9
26 2 11
26 3 9
26 4 20
26 5 24
26 6 3
26 7 24
26 8 18
26 9 28
26 10 3
26 11 32
26 12 8
26 13 7
26 14 13
26 15 24
26 16 2
26 17 8
26 18 34
26 19 37
26 20 34
26 21 17
26 22 26
26 23 9
26 24 20
26 25 20
27 0 5
27 1 23
27 2 31
27 3 3
27 4 21
27 5 8
27 6 33
27 7 16
27 8 2
27 9 8
27 10 3
27 11 3
27 12 9
27 13 25
27 14 13
27 15 3
27 16 15
27 17 28
27 18 24
27 19 15
27 20 26
27 21 21
27 22 33
27 23 5
27 24 19
27 25 24
27 26 12
28 0 17
28 1 8
28 2 14
28 3 26
28 4 12
28 5 25
28 6 26
28 7 36
28 8 33
28 9 20
28 10 11
28 11 12
28 12 11
28 13 4
28 14 5
28 15 23
28 16 20
28 17 2
28 18 21
28 19 32
28 20 1
28 21 19
28 22 27
28 23 34
28 24 19
28 25 14
28 26 3
28 27 30
29 0 15
29 1 31
29 2 32
29 3 15
29 4 17
29 5 37
29 6 12
29 7 35
29 8 19
29 9 28
29 10 23
29 11 6
29 12 32
29 13 8
29 14 24
29 15 28
29 16 3
29 17 21
29 18 37
29 19 11
29 20 29
29 21 10
29 22 26
29 23 6
29 24 19
29 25 11
29 26 5
29 27 30
29 28 18
30 0 30
30 1 8
30 2 24
30 3 8
30 4 30
30 5 18
30 6 9
30 7 11
30 8 15
30 9 4
30 10 22
30 11 16
30 12 31
30 13 6
30 14 28
30 15 28
30 16 15
30 17 29
30 18 4
30 19 11
30 20 33
30 21 8
30 22 34
30 23 27
30 24 36
30 25 35
30 26 3
30 27 26
30 28 11
30 29 35
31 0 3
31 1 32
31 2 15
31 3 8
31 4 28
31 5 37
31 6 5
31 7 12
31 8 11
31 9 1
31 10 17
31 11 24
31 12 15
31 13 24
31 14 5
31 15 15
31 16 32
31 17 1
31 18 11
31 19 36
31 20 23
31 21 33
31 22 21
31 23 29
31 24 19
31 25 20
31 26 10
31 27 24
31 28 27
31 29 6
31 30 5
32 0 37
32 1 3
32 2 1
32 3 5
32 4 24
32 5 24
32 6 22
32 7 26
32 8 9
32 9 36
32 10 33
32 11 13
32 12 36
32 13 7
32 14 6
32 15 11
32 16 24
32 17 34
32 18 34
32 19 31
32 20 10
32 21 18
32 22 3
32 23 23
32 24 6
32 25 27
32 26 24
32 27 24
32 28 28
32 29 34
32 30 31
32 31 3
33 0 33
33 1 8
33 2 3
33 3 4
33 4 11
33 5 18
33 6 8
33 7 10
33 8 4
33 9 3
33 10 18
33 11 2
33 12 6
33 13 8
33 14 14
33 15 31
33 16 19
33 17 7
33 18 15
33 19 13
33 20 19
33 21 7
33 22 22
33 23 2
33 24 14
33 25 18
33 26 26
33 27 21
33 28 25
33 29 31
33 30 1
33 31 20
33 32 2
34 0 18
34 1 34
34 2 37
34 3 13
34 4 23
34 5 20
34 6 28
34 7 32
34 8 20
34 9 25
34 10 25
34 11 13
34 12 32
34 13 4
34 14 27
34 15 35
34 16 13
34 17 12
34 18 37
34 19 16
34 20 10
34 21 19
34 22 18
34 23 4
34 24 17
34 25 29
34 26 1
34 27 20
34 28 16
34 29 21
34 30 26
34 31 26
34 32 3
34 33 10
35 0 23
35 1 12
35 2 2
35 3 23
35 4 3
35 5 24
35 6 25
35 7 22
35 8 9
35 9 30
35 10 3
35 11 23
35 12 35
35 13 11
35 14 35
35 15 12
35 16 15
35 17 21
35 18 25
35 19 16
35 20 23
35 21 23
35 22 24
35 23 8
35 24 3
35 25 2
35 26 2
35 27 26
35 28 34
35 29 1
35 30 32
35 31 27
35 32 19
35 33 3
35 34 4
36 0 2
36 1 15
36 2 24
36 3 36
36 4 31
36 5 35
36 6 35
36 7 37
36 8 25
36 9 34
36 10 12
36 11 36
36 12 34
36 13 5
36 14 17
36 15 16
36 16 16
36 17 31
36 18 32
36 19 30
36 20 28
36 21 13
36 22 21
36 23 34
36 24 9
36 25 13
36 26 4
36 27 32
36 28 28
36 29 14
36 30 36
36 31 31
36 32 35
36 33 32
36 34 11
36 35 16
37 0 13
37 1 35
37 2 12
37 3 12
37 4 23
37 5 6
37 6 6
37 7 17
37 8 20
37 9 7
37 10 18
37 11 37
37 12 6
37 13 22
37 14 17
37 15 5
37 16 21
37 17 21
37 18 6
37 19 25
37 20 18
37 21 17
37 22 35
37 23 33
37 24 27
37 25 25
37 26 29
37 27 22
37 28 35
37 29 37
37 30 6
37 31 9
37 32 19
37 33 26
37 34 29
37 35 37
37 36 9
38 0 25
38 1 18
38 2 32
38 3 21
38 4 22
38 5 2
38 6 2
38 7 29
38 8 5
38 9 27
38 10 23
38 11 10
38 12 3
38 13 22
38 14 34
38 15 13
38 16 19
38 17 21
38 18 37
38 19 1
38 20 6
38 21 27
38 22 23
38 23 11
38 24 12
38 25 5
38 26 7
38 27 5
38 28 22
38 29 13
38 30 26
38 31 2
38 32 23
38 33 14
38 34 26
38 35 11
38 36 35
38 37 20
39 0 27
39 1 3
39 2 33
39 3 30
39 4 28
39 5 33
39 6 16
39 7 18
39 8 28
39 9 12
39 10 6
39 11 37
39 12 1
39 13 36
39 14 13
39 15 24
39 16 17
39 17 30
39 18 31
39 19 12
39 20 9
39 21 20
39 22 17
39 23 13
39 24 11
39 25 2
39 26 29
39 27 19
39 28 2
39 29 3
39 30 33
39 31 14
39 32 14
39 33 17
39 34 2
39 35 21
39 36 35
39 37 3
39 38 32
40 0 4
40 1 10
40 2 19
40 3 34
40 4 9
40 5 8
40 6 32
40 7 4
40 8 31
40 9 21
40 10 37
40 11 21
40 12 4
40 13 6
40 14 23
40 15 3
40 16 15
40 17 18
40 18 37
40 19 3
40 20 5
40 21 6
40 22 9
40 23 23
40 24 1
40 25 36
40 26 1
40 27 5
40 28 27
40 29 2
40 30 33
40 31 31
40 32 24
40 33 4
40 34 28
40 35 28
40 36 18
40 37 23
40 38 5
40 39 8
41 0 6
41 1 33
41 2 37
41 3 4
41 4 10
41 5 31
41 6 27
41 7 27
41 8 16
41 9 10
41 10 9
41 11 6
41 12 37
41 13 29
41 14 10
41 15 20
41 16 4
41 17 28
41 18 17
41 19 16
41 20 30
41 21 1
41 22 2
41 23 23
41 24 5
41 25 37
41 26 19
41 27 22
41 28 34
41 29 25
41 30 8
41 31 29
41 32 7
41 33 9
41 34 25
41 35 4
41 36 34
41 37 2
41 38 33
41 39 27
41 40 30
42 0 18
42 1 34
42 2 31
42 3 21
42 4 34
42 5 22
42 6 25
42 7 11
42 8 22
42 9 11
42 10 23
42 11 10
42 12 10
42 13 31
42 14 26
42 15 16
42 16 12
42 17 1
42 18 31
42 19 35
42 20 28
42 21 24
42 22 31
42 23 1
42 24 1
42 25 23
42 26 33
42 27 20
42 28 31
42 29 24
42 30 36
42 31 8
42 32 13
42 33 32
42 34 27
42 35 33
42 36 9
42 37 33
42 38 9
42 39 16
42 40 25
42 41 28
