38
1 0 43
2 0 7
2 1 20
3 0 42
3 1 34
3 2 13
4 0 28
4 1 23
4 2 26
4 3 10
5 0 40
5 1 33
5 2 19
5 3 35
5 4 28
6 0 2
6 1 12
6 2 18
6 3 39
6 4 3
6 5 19
7 0 25
7 1 29
7 2 22
7 3 19
7 4 11
7 5 33
7 6 26
8 0 15
8 1 1
8 2 1
8 3 35
8 4 17
8 5 5
8 6 5
8 7 14
9 0 5
9 1 1
9 2 6
9 3 26
9 4 18
9 5 11
9 6 22
9 7 1
9 8 6
10 0 13
10 1 3
10 2 23
10 3 10
10 4 7
10 5 14
10 6 8
10 7 28
10 8 26
10 9 8
11 0 19
11 1 9
11 2 9
11 3 36
11 4 31
11 5 16
11 6 9
11 7 15
11 8 39
11 9 32
11 10 36
12 0 12
12 1 24
12 2 17
12 3 19
12 4 19
12 5 42
12 6 25
12 7 24
12 8 15
12 9 15
12 10 15
12 11 7
13 0 16
13 1 2
13 2 11
13 3 2
13 4 18
13 5 4
13 6 41
13 7 20
13 8 17
13 9 3
13 10 19
13 11 35
13 12 17
14 0 23
14 1 23
14 2 20
14 3 37
14 4 35
14 5 17
14 6 34
14 7 11
14 8 39
14 9 12
14 10 1
14 11 10
14 12 22
14 13 13
15 0 33
15 1 4
15 2 3
15 3 10
15 4 34
15 5 38
15 6 20
15 7 40
15 8 31
15 9 2
15 10 14
15 11 2
15 12 43
15 13 31
15 14 7
16 0 36
16 1 34
16 2 24
16 3 18
16 4 23
16 5 32
16 6 29
16 7 13
16 8 6
16 9 11
16 10 29
16 11 5
16 12 2
16 13 42
16 14 16
16 15 13
17 0 33
17 1 14
17 2 22
17 3 17
17 4 21
17 5 37
17 6 12
17 7 33
17 8 11
17 9 29
17 10 37
17 11 32
17 12 8
17 13 38
17 14 4
17 15 17
17 16 1
18 0 38
18 1 42
18 2 11
18 3 24
18 4 24
18 5 33
18 6 34
18 7 8
18 8 28
18 9 21
18 10 42
18 11 18
18 12 27
18 13 30
18 14 39
18 15 1
18 16 41
18 17 17
19 0 36
19 1 12
19 2 32
19 3 21
19 4 10
19 5 26
19 6 38
19 7 13
19 8 36
19 9 5
19 10 6
19 11 42
19 12 25
19 13 17
19 14 18
19 15 34
19 16 2
19 17 10
19 18 12
20 0 32
20 1 33
20 2 1
20 3 1
20 4 35
20 5 26
20 6 25
20 7 31
20 8 40
20 9 34
20 10 35
20 11 3
20 12 18
20 13 28
20 14 7
20 15 41
20 16 24
20 17 39
20 18 23
20 19 42
21 0 19
21 1 10
21 2 39
21 3 19
21 4 7
21 5 10
21 6 5
21 7 21
21 8 21
21 9 8
21 10 22
21 11 26
21 12 37
21 13 12
21 14 15
21 15 13
21 16 39
21 17 40
21 18 42
21 19 42
21 20 30
22 0 36
22 1 27
22 2 5
22 3 5
22 4 11
22 5 43
22 6 21
22 7 29
22 8 5
22 9 36
22 10 38
22 11 38
22 12 1
22 13 37
22 14 26
22 15 34
22 16 39
22 17 40
22 18 23
22 19 35
22 20 40
22 21 26
23 0 40
23 1 37
23 2 7
23 3 38
23 4 40
23 5 41
23 6 3
23 7 13
23 8 18
23 9 14
23 10 26
23 11 22
23 12 4
23 13 32
23 14 25
23 15 33
23 16 9
23 17 38
23 18 29
23 19 12
23 20 3
23 21 30
23 22 9
24 0 22
24 1 41
24 2 5
24 3 25
24 4 6
24 5 30
24 6 31
24 7 34
24 8 35
24 9 32
24 10 39
24 11 28
24 12 21
24 13 43
24 14 5
24 15 32
24 16 14
24 17 34
24 18 34
24 19 37
24 20 42
24 21 37
24 22 6
24 23 24
25 0 27
25 1 16
25 2 8
25 3 20
25 4 27
25 5 43
25 6 14
25 7 3
25 8 17
25 9 31
25 10 25
25 11 3
25 12 20
25 13 6
25 14 11
25 15 38
25 16 24
25 17 4
25 18 23
25 19 26
25 20 34
25 21 40
25 22 15
25 23 29
25 24 38
26 0 39
26 1 28
26 2 36
26 3 41
26 4 26
26 5 32
26 6 17
26 7 30
26 8 39
26 9 14
26 10 33
26 11 21
26 12 22
26 13 18
26 14 26
26 15 4
26 16 20
26 17 24
26 18 20
26 19 43
26 20 28
26 21 20
26 22 19
26 23 8
26 24 42
26 25 19
27 0 2
27 1 16
27 2 29
27 3 13
27 4 42
27 5 31
27 6 8
27 7 38
27 8 36
27 9 27
27 10 7
27 11 19
27 12 7
27 13 43
27 14 40
27 15 32
27 16 28
27 17 11
27 18 14
27 19 39
27 20 40
27 21 2
27 22 23
27 23 15
27 24 25
27 25 2
27 26 35
28 0 10
28 1 6
28 2 38
28 3 29
28 4 23
28 5 22
28 6 19
28 7 10
28 8 11
28 9 27
28 10 20
28 11 41
28 12 37
28 13 20
28 14 19
28 15 24
28 16 17
28 17 1
28 18 18
28 19 3
28 20 20
28 21 20
28 22 1
28 23 13
28 24 29
28 25 30
28 26 19
28 27 16
29 0 4
29 1 8
29 2 5
29 3 25
29 4 13
29 5 24
29 6 27
29 7 10
29 8 29
29 9 19
29 10 38
29 11 42
29 12 3
29 13 35
29 14 19
29 15 38
29 16 8
29 17 6
29 18 38
29 19 12
29 20 6
29 21 32
29 22 22
29 23 36
29 24 1
29 25 5
29 26 19
29 27 41
29 28 30
30 0 21
30 1 11
30 2 40
30 3 28
30 4 28
30 5 31
30 6 27
30 7 7
30 8 21
30 9 4
30 10 36
30 11 33
30 12 26
30 13 5
30 14 7
30 15 43
30 16 13
30 17 27
30 18 17
30 19 29
30 20 18
30 21 22
30 22 33
30 23 12
30 24 4
30 25 21
30 26 10
30 27 15
30 28 26
30 29 28
31 0 37
31 1 34
31 2 8
31 3 43
31 4 9
31 5 22
31 6 6
31 7 15
31 8 33
31 9 35
31 10 20
31 11 21
31 12 11
31 13 22
31 14 23
31 15 43
31 16 10
31 17 28
31 18 42
31 19 25
31 20 2
31 21 10
31 22 20
31 23 34
31 24 34
31 25 23
31 26 8
31 27 4
31 28 37
31 29 29
31 30 13
32 0 9
32 1 41
32 2 24
32 3 18
32 4 30
32 5 20
32 6 30
32 7 7
32 8 19
32 9 14
32 10 38
32 11 5
32 12 23
32 13 9
32 14 18
32 15 38
32 16 33
32 17 12
32 18 37
32 19 6
32 20 14
32 21 1
32 22 31
32 23 20
32 24 42
32 25 36
32 26 26
32 27 42
32 28 21
32 29 27
32 30 19
32 31 21
33 0 42
33 1 4
33 2 15
33 3 1
33 4 37
33 5 36
33 6 28
33 7 38
33 8 5
33 9 25
33 10 17
33 11 22
33 12 16
33 13 33
33 14 26
33 15 36
33 16 36
33 17 20
33 18 30
33 19 38
33 20 10
33 21 16
33 22 40
33 23 43
33 24 4
33 25 25
33 26 2
33 27 25
33 28 8
33 29 40
33 30 11
33 31 29
33 32 43
34 0 13
34 1 4
34 2 13
34 3 10
34 4 22
34 5 8
34 6 27
34 7 10
34 8 6
34 9 29
34 10 31
34 11 17
34 12 33
34 13 35
34 14 25
34 15 39
34 16 15
34 17 8
34 18 28
34 19 43
34 20 28
34 21 17
34 22 17
34 23 36
34 24 10
34 25 11
34 26 33
34 27 1
34 28 7
34 29 30
34 30 2
34 31 19
34 32 13
34 33 10
35 0 24
35 1 37
35 2 15
35 3 17
35 4 8
35 5 11
35 6 18
35 7 15
35 8 1
35 9 9
35 10 12
35 11 12
35 12 28
35 13 27
35 14 16
35 15 19
35 16 20
35 17 18
35 18 2
35 19 20
35 20 11
35 21 16
35 22 39
35 23 11
35 24 12
35 25 37
35 26 3
35 27 13
35 28 34
35 29 24
35 30 39
35 31 29
35 32 21
35 33 37
35 34 6
36 0 20
36 1 12
36 2 4
36 3 39
36 4 7
36 5 20
36 6 24
36 7 38
36 8 24
36 9 14
36 10 30
36 11 12
36 12 15
36 13 21
36 14 20
36 15 4
36 16 42
36 17 35
36 18 16
36 19 7
36 20 32
36 21 12
36 22 33
36 23 11
36 24 21
36 25 28
36 26 18
36 27 13
36 28 25
36 29 22
36 30 19
36 31 4
36 32 32
36 33 40
36 34 6
36 35 33
37 0 40
37 1 10
37 2 9
37 3 9
37 4 24
37 5 2
37 6 29
37 7 18
37 8 27
37 9 13
37 10 2
37 11 33
37 12 17
37 13 11
37 14 36
37 15 12
37 16 38
37 17 34
37 18 29
37 19 20
37 20 16
37 21 8
37 22 1
37 23 27
37 24 19
37 25 11
37 26 33
37 27 9
37 28 20
37 29 40
37 30 43
37 31 2
37 32 17
37 33 43
37 34 36
37 35 11
37 36 17
