38
1 0 13
2 0 34
2 1 25
3 0 16
3 1 41
3 2 21
4 0 13
4 1 28
4 2 4
4 3 23
5 0 4
5 1 42
5 2 7
5 3 43
5 4 39
6 0 24
6 1 9
6 2 27
6 3 26
6 4 22
6 5 13
7 0 28
7 1 27
7 2 9
7 3 3
7 4 27
7 5 2
7 6 20
8 0 28
8 1 39
8 2 4
8 3 3
8 4 28
8 5 10
8 6 26
8 7 19
9 0 45
9 1 26
9 2 43
9 3 7
9 4 43
9 5 40
9 6 43
9 7 4
9 8 39
10 0 15
10 1 1
10 2 11
10 3 10
10 4 11
10 5 34
10 6 46
10 7 7
10 8 20
10 9 24
11 0 20
11 1 23
11 2 9
11 3 18
11 4 39
11 5 4
11 6 29
11 7 2
11 8 14
11 9 27
11 10 16
12 0 25
12 1 33
12 2 23
12 3 46
12 4 20
12 5 18
12 6 46
12 7 13
12 8 18
12 9 36
12 10 8
12 11 14
13 0 36
13 1 9
13 2 42
13 3 15
13 4 17
13 5 2
13 6 36
13 7 24
13 8 46
13 9 34
13 10 7
13 11 41
13 12 40
14 0 22
14 1 40
14 2 44
14 3 25
14 4 22
14 5 10
14 6 24
14 7 13
14 8 8
14 9 16
14 10 24
14 11 1
14 12 35
14 13 15
15 0 15
15 1 40
15 2 43
15 3 41
15 4 18
15 5 31
15 6 35
15 7 27
15 8 15
15 9 13
15 10 40
15 11 6
15 12 2
15 13 31
15 14 35
16 0 1
16 1 5
16 2 33
16 3 22
16 4 32
16 5 34
16 6 25
16 7 9
16 8 40
16 9 9
16 10 30
16 11 28
16 12 37
16 13 3
16 14 12
16 15 35
17 0 29
17 1 2
17 2 22
17 3 2
17 4 45
17 5 9
17 6 22
17 7 19
17 8 22
17 9 28
17 10 24
17 11 43
17 12 7
17 13 6
17 14 23
17 15 21
17 16 16
18 0 20
18 1 39
18 2 34
18 3 1
18 4 31
18 5 11
18 6 23
18 7 20
18 8 24
18 9 36
18 10 8
18 11 32
18 12 15
18 13 46
18 14 20
18 15 19
18 16 25
18 17 1
19 0 27
19 1 28
19 2 42
19 3 17
19 4 18
19 5 39
19 6 43
19 7 13
19 8 14
19 9 33
19 10 17
19 11 37
19 12 29
19 13 27
19 14 15
19 15 44
19 16 23
19 17 46
19 18 37
20 0 10
20 1 20
20 2 14
20 3 36
20 4 2
20 5 1
20 6 14
20 7 6
20 8 22
20 9 45
20 10 40
20 11 20
20 12 45
20 13 28
20 14 12
20 15 40
20 16 39
20 17 8
20 18 44
20 19 46
21 0 1
21 1 10
21 2 37
21 3 14
21 4 10
21 5 21
21 6 22
21 7 22
21 8 19
21 9 34
21 10 31
21 11 5
21 12 20
21 13 25
21 14 18
21 15 43
21 16 45
21 17 29
21 18 21
21 19 9
21 20 15
22 0 10
22 1 3
22 2 21
22 3 31
22 4 10
22 5 31
22 6 1
22 7 38
22 8 1
22 9 6
22 10 44
22 11 23
22 12 31
22 13 16
22 14 3
22 15 39
22 16 2
22 17 5
22 18 23
22 19 19
22 20 38
22 21 36
23 0 42
23 1 12
23 2 19
23 3 7
23 4 11
23 5 23
23 6 28
23 7 26
23 8 20
23 9 25
23 10 6
23 11 36
23 12 42
23 13 8
23 14 8
23 15 43
23 16 22
23 17 27
23 18 23
23 19 36
23 20 45
23 21 34
23 22 42
24 0 22
24 1 38
24 2 6
24 3 42
24 4 39
24 5 15
24 6 44
24 7 2
24 8 45
24 9 25
24 10 21
24 11 10
24 12 32
24 13 31
24 14 37
24 15 45
24 16 28
24 17 29
24 18 29
24 19 19
24 20 36
24 21 13
24 22 17
24 23 16
25 0 22
25 1 6
25 2 43
25 3 45
25 4 18
25 5 34
25 6 5
25 7 43
25 8 17
25 9 16
25 10 4
25 11 26
25 12 20
25 13 40
25 14 39
25 15 1
25 16 35
25 17 35
25 18 15
25 19 10
25 20 32
25 21 22
25 22 19
25 23 38
25 24 13
26 0 43
26 1 24
26 2 46
26 3 29
26 4 34
26 5 3
26 6 15
26 7 7
26 8 2
26 9 7
26 10 11
26 11 29
26 12 1
26 13 15
26 14 2
26 15 16
26 16 24
26 17 5
26 18 46
26 19 4
26 20 18
26 21 37
26 22 17
26 23 26
26 24 17
26 25 28
27 0 14
27 1 25
27 2 36
27 3 13
27 4 39
27 5 38
27 6 16
27 7 31
27 8 28
27 9 37
27 10 28
27 11 40
27 12 40
27 13 10
27 14 4
27 15 46
27 16 43
27 17 16
27 18 5
27 19 25
27 20 18
27 21 44
27 22 42
27 23 11
27 24 11
27 25 17
27 26 10
28 0 20
28 1 8
28 2 33
28 3 32
28 4 28
28 5 25
28 6 13
28 7 3
28 8 33
28 9 37
28 10 13
28 11 17
28 12 4
28 13 12
28 14 36
28 15 1
28 16 18
28 17 23
28 18 16
28 19 20
28 20 36
28 21 9
28 22 26
28 23 24
28 24 14
28 25 26
28 26 42
28 27 12
29 0 44
29 1 43
29 2 17
29 3 5
29 4 13
29 5 23
29 6 26
29 7 5
29 8 10
29 9 33
29 10 31
29 11 28
29 12 25
29 13 6
29 14 16
29 15 17
29 16 17
29 17 35
29 18 1
29 19 15
29 20 6
29 21 46
29 22 35
29 23 5
29 24 21
29 25 3
29 26 26
29 27 14
29 28 29
30 0 43
30 1 9
30 2 46
30 3 19
30 4 35
30 5 29
30 6 43
30 7 39
30 8 46
30 9 18
30 10 30
30 11 40
30 12 38
30 13 13
30 14 11
30 15 46
30 16 19
30 17 24
30 18 12
30 19 31
30 20 14
30 21 42
30 22 32
30 23 28
30 24 45
30 25 8
30 26 22
30 27 24
30 28 5
30 29 41
31 0 37
31 1 1
31 2 20
31 3 2
31 4 39
31 5 16
31 6 1
31 7 11
31 8 2
31 9 30
31 10 17
31 11 27
31 12 21
31 13 30
31 14 27
31 15 20
31 16 29
31 17 38
31 18 44
31 19 2
31 20 42
31 21 36
31 22 46
31 23 45
31 24 29
31 25 15
31 26 16
31 27 36
31 28 37
31 29 7
31 30 41
32 0 18
32 1 1
32 2 23
32 3 41
32 4 1
32 5 13
32 6 6
32 7 11
32 8 39
32 9 44
32 10 11
32 11 40
32 12 25
32 13 14
32 14 16
32 15 4
32 16 10
32 17 45
32 18 16
32 19 13
32 20 1
32 21 38
32 22 11
32 23 17
32 24 35
32 25 23
32 26 39
32 27 42
32 28 22
32 29 38
32 30 7
32 31 27
33 0 10
33 1 9
33 2 30
33 3 29
33 4 46
33 5 7
33 6 40
33 7 27
33 8 32
33 9 36
33 10 8
33 11 44
33 12 34
33 13 9
33 14 15
33 15 8
33 16 29
33 17 23
33 18 20
33 19 30
33 20 19
33 21 24
33 22 7
33 23 40
33 24 43
33 25 2
33 26 38
33 27 39
33 28 31
33 29 8
33 30 4
33 31 18
33 32 44
34 0 18
34 1 29
34 2 2
34 3 10
34 4 2
34 5 14
34 6 20
34 7 28
34 8 38
34 9 8
34 10 32
34 11 39
34 12 39
34 13 37
34 14 3
34 15 26
34 16 44
34 17 24
34 18 32
34 19 46
34 20 6
34 21 21
34 22 21
34 23 14
34 24 45
34 25 45
34 26 13
34 27 20
34 28 2
34 29 10
34 30 8
34 31 24
34 32 43
34 33 10
35 0 2
35 1 17
35 2 2
35 3 45
35 4 44
35 5 6
35 6 1
35 7 2
35 8 18
35 9 30
35 10 11
35 11 30
35 12 41
35 13 34
35 14 6
35 15 33
35 16 37
35 17 26
35 18 43
35 19 38
35 20 4
35 21 39
35 22 21
35 23 10
35 24 36
35 25 25
35 26 27
35 27 28
35 28 43
35 29 12
35 30 46
35 31 39
35 32 31
35 33 22
35 34 1
36 0 10
36 1 26
36 2 19
36 3 27
36 4 34
36 5 1
36 6 4
36 7 7
36 8 26
36 9 7
36 10 41
36 11 23
36 12 36
36 13 34
36 14 34
36 15 42
36 16 31
36 17 15
36 18 32
36 19 26
36 20 27
36 21 42
36 22 20
36 23 26
36 24 4
36 25 16
36 26 46
36 27 8
36 28 28
36 29 27
36 30 6
36 31 17
36 32 5
36 33 24
36 34 18
36 35 22
37 0 18
37 1 40
37 2 18
37 3 32
37 4 3
37 5 15
37 6 32
37 7 27
37 8 8
37 9 8
37 10 10
37 11 9
37 12 14
37 13 34
37 14 13
37 15 45
37 16 15
37 17 36
37 18 13
37 19 36
37 20 15
37 21 14
37 22 2
37 23 41
37 24 14
37 25 26
37 26 15
37 27 20
37 28 27
37 29 20
37 30 33
37 31 43
37 32 19
37 33 45
37 34 44
37 35 35
37 36 21
