56
1 0 13
2 0 15
2 1 14
3 0 18
3 1 2
3 2 21
4 0 18
4 1 17
4 2 18
4 3 8
5 0 22
5 1 18
5 2 18
5 3 5
5 4 6
6 0 19
6 1 1
6 2 12
6 3 20
6 4 13
6 5 17
7 0 16
7 1 5
7 2 22
7 3 17
7 4 2
7 5 6
7 6 16
8 0 16
8 1 18
8 2 10
8 3 9
8 4 5
8 5 1
8 6 18
8 7 12
9 0 6
9 1 3
9 2 13
9 3 24
9 4 20
9 5 7
9 6 5
9 7 11
9 8 24
10 0 14
10 1 13
10 2 20
10 3 1
10 4 13
10 5 11
10 6 17
10 7 1
10 8 25
10 9 11
11 0 9
11 1 3
11 2 2
11 3 4
11 4 21
11 5 8
11 6 14
11 7 23
11 8 4
11 9 4
11 10 6
12 0 4
12 1 21
12 2 22
12 3 24
12 4 1
12 5 14
12 6 19
12 7 10
12 8 5
12 9 2
12 10 19
12 11 2
13 0 5
13 1 15
13 2 17
13 3 24
13 4 12
13 5 4
13 6 20
13 7 19
13 8 24
13 9 11
13 10 25
13 11 25
13 12 10
14 0 21
14 1 26
14 2 6
14 3 22
14 4 11
14 5 20
14 6 21
14 7 15
14 8 4
14 9 5
14 10 19
14 11 19
14 12 13
14 13 25
15 0 1
15 1 11
15 2 21
15 3 10
15 4 10
15 5 17
15 6 19
15 7 10
15 8 14
15 9 10
15 10 16
15 11 6
15 12 10
15 13 1
15 14 25
16 0 19
16 1 25
16 2 11
16 3 12
16 4 11
16 5 2
16 6 23
16 7 13
16 8 5
16 9 16
16 10 3
16 11 2
16 12 22
16 13 5
16 14 5
16 15 3
17 0 22
17 1 3
17 2 5
17 3 5
17 4 1
17 5 22
17 6 5
17 7 1
17 8 17
17 9 21
17 10 20
17 11 12
17 12 5
17 13 23
17 14 21
17 15 2
17 16 3
18 0 4
18 1 9
18 2 5
18 3 4
18 4 19
18 5 5
18 6 25
18 7 18
18 8 10
18 9 15
18 10 24
18 11 23
18 12 21
18 13 5
18 14 18
18 15 23
18 16 14
18 17 2
19 0 8
19 1 25
19 2 14
19 3 3
19 4 3
19 5 4
19 6 15
19 7 17
19 8 1
19 9 1
19 10 14
19 11 6
19 12 17
19 13 2
19 14 2
19 15 24
19 16 14
19 17 4
19 18 21
20 0 17
20 1 1
20 2 24
20 3 17
20 4 1
20 5 24
20 6 2
20 7 22
20 8 6
20 9 5
20 10 3
20 11 3
20 12 25
20 13 7
20 14 20
20 15 20
20 16 6
20 17 9
20 18 2
20 19 19
21 0 22
21 1 5
21 2 4
21 3 19
21 4 13
21 5 9
21 6 7
21 7 15
21 8 25
21 9 4
21 10 20
21 11 18
21 12 9
21 13 18
21 14 7
21 15 10
21 16 20
21 17 16
21 18 12
21 19 26
21 20 17
22 0 7
22 1 7
22 2 13
22 3 9
22 4 2
22 5 18
22 6 6
22 7 3
22 8 18
22 9 12
22 10 1
22 11 25
22 12 5
22 13 4
22 14 18
22 15 12
22 16 4
22 17 2
22 18 17
22 19 16
22 20 11
22 21 7
23 0 10
23 1 14
23 2 7
23 3 26
23 4 24
23 5 21
23 6 20
23 7 9
23 8 7
23 9 24
23 10 23
23 11 2
23 12 17
23 13 20
23 14 13
23 15 24
23 16 11
23 17 6
23 18 7
23 19 13
23 20 1
23 21 4
23 22 10
24 0 5
24 1 10
24 2 16
24 3 11
24 4 6
24 5 3
24 6 14
24 7 8
24 8 23
24 9 4
24 10 6
24 11 6
24 12 18
24 13 16
24 14 24
24 15 8
24 16 17
24 17 17
24 18 1
24 19 2
24 20 19
24 21 26
24 22 25
24 23 18
25 0 24
25 1 15
25 2 9
25 3 10
25 4 18
25 5 16
25 6 23
25 7 2
25 8 3
25 9 2
25 10 17
25 11 11
25 12 21
25 13 12
25 14 9
25 15 6
25 16 7
25 17 13
25 18 8
25 19 1
25 20 10
25 21 17
25 22 8
25 23 23
25 24 9
26 0 26
26 1 18
26 2 22
26 3 22
26 4 20
26 5 6
26 6 3
26 7 17
26 8 15
26 9 21
26 10 3
26 11 6
26 12 25
26 13 15
26 14 5
26 15 24
26 16 9
26 17 16
26 18 6
26 19 16
26 20 15
26 21 21
26 22 17
26 23 19
26 24 18
26 25 23
27 0 23
27 1 26
27 2 23
27 3 11
27 4 18
27 5 14
27 6 21
27 7 14
27 8 22
27 9 25
27 10 7
27 11 15
27 12 7
27 13 20
27 14 12
27 15 19
27 16 5
27 17 6
27 18 9
27 19 20
27 20 6
27 21 24
27 22 18
27 23 4
27 24 14
27 25 14
27 26 18
28 0 3
28 1 24
28 2 13
28 3 22
28 4 12
28 5 14
28 6 11
28 7 16
28 8 16
28 9 9
28 10 21
28 11 22
28 12 16
28 13 5
28 14 22
28 15 6
28 16 5
28 17 11
28 18 3
28 19 11
28 20 10
28 21 20
28 22 2
28 23 18
28 24 10
28 25 22
28 26 3
28 27 14
29 0 25
29 1 9
29 2 17
29 3 23
29 4 4
29 5 7
29 6 24
29 7 11
29 8 10
29 9 25
29 10 2
29 11 7
29 12 7
29 13 17
29 14 14
29 15 3
29 16 13
29 17 7
29 18 15
29 19 22
29 20 13
29 21 13
29 22 20
29 23 13
29 24 13
29 25 5
29 26 15
29 27 16
29 28 26
30 0 23
30 1 9
30 2 17
30 3 21
30 4 23
30 5 20
30 6 3
30 7 21
30 8 5
30 9 25
30 10 6
30 11 25
30 12 6
30 13 21
30 14 7
30 15 25
30 16 7
30 17 6
30 18 17
30 19 15
30 20 12
30 21 2
30 22 13
30 23 19
30 24 19
30 25 12
30 26 10
30 27 8
30 28 20
30 29 10
31 0 3
31 1 5
31 2 21
31 3 18
31 4 8
31 5 1
31 6 4
31 7 10
31 8 22
31 9 9
31 10 16
31 11 7
31 12 1
31 13 22
31 14 10
31 15 16
31 16 21
31 17 1
31 18 16
31 19 16
31 20 1
31 21 11
31 22 26
31 23 4
31 24 13
31 25 23
31 26 14
31 27 24
31 28 4
31 29 5
31 30 15
32 0 7
32 1 7
32 2 20
32 3 23
32 4 20
32 5 22
32 6 20
32 7 26
32 8 7
32 9 24
32 10 11
32 11 12
32 12 14
32 13 11
32 14 8
32 15 26
32 16 15
32 17 15
32 18 16
32 19 14
32 20 2
32 21 13
32 22 26
32 23 17
32 24 26
32 25 22
32 26 5
32 27 8
32 28 24
32 29 5
32 30 17
32 31 5
33 0 7
33 1 3
33 2 1
33 3 16
33 4 21
33 5 13
33 6 5
33 7 17
33 8 13
33 9 8
33 10 18
33 11 12
33 12 23
33 13 18
33 14 13
33 15 3
33 16 6
33 17 18
33 18 1
33 19 7
33 20 26
33 21 14
33 22 1
33 23 17
33 24 7
33 25 4
33 26 12
33 27 2
33 28 22
33 29 19
33 30 19
33 31 14
33 32 2
34 0 10
34 1 3
34 2 20
34 3 6
34 4 4
34 5 20
34 6 16
34 7 26
34 8 21
34 9 23
34 10 26
34 11 24
34 12 9
34 13 17
34 14 26
34 15 26
34 16 7
34 17 2
34 18 26
34 19 20
34 20 18
34 21 4
34 22 7
34 23 14
34 24 6
34 25 5
34 26 12
34 27 20
34 28 23
34 29 7
34 30 17
34 31 7
34 32 10
34 33 7
35 0 26
35 1 18
35 2 7
35 3 18
35 4 14
35 5 13
35 6 1
35 7 1
35 8 20
35 9 5
35 10 5
35 11 15
35 12 22
35 13 8
35 14 7
35 15 5
35 16 21
35 17 11
35 18 9
35 19 7
35 20 20
35 21 12
35 22 1
35 23 24
35 24 8
35 25 19
35 26 6
35 27 7
35 28 10
35 29 18
35 30 14
35 31 1
35 32 18
35 33 13
35 34 10
36 0 24
36 1 19
36 2 2
36 3 25
36 4 2
36 5 19
36 6 12
36 7 23
36 8 18
36 9 18
36 10 23
36 11 13
36 12 22
36 13 10
36 14 15
36 15 16
36 16 22
36 17 4
36 18 2
36 19 10
36 20 14
36 21 14
36 22 6
36 23 20
36 24 25
36 25 9
36 26 16
36 27 12
36 28 17
36 29 20
36 30 20
36 31 6
36 32 18
36 33 7
36 34 11
36 35 23
37 0 18
37 1 19
37 2 24
37 3 21
37 4 11
37 5 2
37 6 3
37 7 26
37 8 23
37 9 20
37 10 26
37 11 23
37 12 5
37 13 23
37 14 4
37 15 16
37 16 15
37 17 24
37 18 6
37 19 14
37 20 8
37 21 14
37 22 2
37 23 13
37 24 8
37 25 11
37 26 23
37 27 6
37 28 19
37 29 13
37 30 26
37 31 1
37 32 25
37 33 11
37 34 11
37 35 25
37 36 16
38 0 23
38 1 7
38 2 4
38 3 18
38 4 6
38 5 18
38 6 23
38 7 17
38 8 19
38 9 12
38 10 18
38 11 9
38 12 23
38 13 16
38 14 14
38 15 6
38 16 4
38 17 3
38 18 20
38 19 8
38 20 24
38 21 15
38 22 12
38 23 11
38 24 26
38 25 7
38 26 15
38 27 11
38 28 24
38 29 26
38 30 13
38 31 12
38 32 4
38 33 20
38 34 9
38 35 10
38 36 1
38 37 6
39 0 5
39 1 2
39 2 13
39 3 23
39 4 15
39 5 13
39 6 5
39 7 13
39 8 9
39 9 19
39 10 12
39 11 3
39 12 15
39 13 16
39 14 10
39 15 11
39 16 9
39 17 6
39 18 7
39 19 7
39 20 4
39 21 13
39 22 16
39 23 21
39 24 17
39 25 6
39 26 20
39 27 14
39 28 18
39 29 9
39 30 3
39 31 4
39 32 7
39 33 23
39 34 21
39 35 26
39 36 9
39 37 25
39 38 23
40 0 8
40 1 2
40 2 10
40 3 12
40 4 3
40 5 15
40 6 20
40 7 15
40 8 23
40 9 11
40 10 23
40 11 15
40 12 15
40 13 24
40 14 15
40 15 2
40 16 18
40 17 15
40 18 3
40 19 8
40 20 5
40 21 25
40 22 9
40 23 25
40 24 2
40 25 26
40 26 11
40 27 25
40 28 2
40 29 21
40 30 14
40 31 22
40 32 8
40 33 1
40 34 15
40 35 18
40 36 25
40 37 7
40 38 14
40 39 17
41 0 21
41 1 7
41 2 21
41 3 16
41 4 21
41 5 26
41 6 15
41 7 16
41 8 8
41 9 25
41 10 23
41 11 21
41 12 11
41 13 6
41 14 22
41 15 10
41 16 1
41 17 18
41 18 10
41 19 17
41 20 14
41 21 8
41 22 26
41 23 23
41 24 17
41 25 15
41 26 16
41 27 4
41 28 17
41 29 1
41 30 24
41 31 26
41 32 15
41 33 1
41 34 4
41 35 13
41 36 18
41 37 16
41 38 26
41 39 6
41 40 14
42 0 26
42 1 24
42 2 14
42 3 5
42 4 18
42 5 6
42 6 7
42 7 21
42 8 19
42 9 23
42 10 19
42 11 3
42 12 13
42 13 9
42 14 5
42 15 24
42 16 23
42 17 8
42 18 23
42 19 18
42 20 16
42 21 15
42 22 25
42 23 10
42 24 12
42 25 8
42 26 8
42 27 16
42 28 17
42 29 5
42 30 11
42 31 15
42 32 1
42 33 15
42 34 20
42 35 1
42 36 11
42 37 5
42 38 9
42 39 5
42 40 8
42 41 23
43 0 26
43 1 7
43 2 4
43 3 6
43 4 9
43 5 2
43 6 16
43 7 24
43 8 22
43 9 8
43 10 3
43 11 26
43 12 17
43 13 17
43 14 15
43 15 4
43 16 1
43 17 17
43 18 12
43 19 24
43 20 20
43 21 9
43 22 9
43 23 12
43 24 17
43 25 10
43 26 8
43 27 26
43 28 1
43 29 6
43 30 11
43 31 9
43 32 2
43 33 10
43 34 26
43 35 5
43 36 25
43 37 3
43 38 24
43 39 19
43 40 19
43 41 17
43 42 21
44 0 26
44 1 18
44 2 4
44 3 10
44 4 3
44 5 8
44 6 26
44 7 19
44 8 8
44 9 23
44 10 22
44 11 26
44 12 19
44 13 22
44 14 21
44 15 15
44 16 17
44 17 4
44 18 13
44 19 10
44 20 17
44 21 1
44 22 26
44 23 9
44 24 22
44 25 16
44 26 26
44 27 1
44 28 2
44 29 17
44 30 6
44 31 19
44 32 18
44 33 1
44 34 9
44 35 21
44 36 20
44 37 4
44 38 5
44 39 5
44 40 6
44 41 5
44 42 7
44 43 16
45 0 9
45 1 10
45 2 7
45 3 21
45 4 8
45 5 20
45 6 11
45 7 23
45 8 20
45 9 8
45 10 6
45 11 25
45 12 6
45 13 13
45 14 6
45 15 1
45 16 22
45 17 26
45 18 2
45 19 15
45 20 26
45 21 20
45 22 19
45 23 9
45 24 24
45 25 21
45 26 11
45 27 9
45 28 20
45 29 16
45 30 9
45 31 2
45 32 11
45 33 12
45 34 13
45 35 16
45 36 13
45 37 23
45 38 16
45 39 11
45 40 17
45 41 10
45 42 24
45 43 24
45 44 3
46 0 5
46 1 24
46 2 23
46 3 17
46 4 6
46 5 5
46 6 14
46 7 24
46 8 22
46 9 1
46 10 23
46 11 23
46 12 13
46 13 21
46 14 11
46 15 6
46 16 10
46 17 17
46 18 10
46 19 9
46 20 5
46 21 4
46 22 9
46 23 11
46 24 8
46 25 26
46 26 13
46 27 11
46 28 17
46 29 25
46 30 6
46 31 8
46 32 15
46 33 4
46 34 22
46 35 2
46 36 15
46 37 14
46 38 24
46 39 18
46 40 23
46 41 12
46 42 15
46 43 23
46 44 6
46 45 17
47 0 1
47 1 16
47 2 23
47 3 23
47 4 13
47 5 6
47 6 11
47 7 7
47 8 26
47 9 5
47 10 12
47 11 6
47 12 1
47 13 18
47 14 4
47 15 17
47 16 20
47 17 19
47 18 13
47 19 8
47 20 16
47 21 2
47 22 24
47 23 15
47 24 4
47 25 4
47 26 25
47 27 4
47 28 11
47 29 7
47 30 12
47 31 18
47 32 24
47 33 19
47 34 11
47 35 4
47 36 23
47 37 5
47 38 11
47 39 7
47 40 1
47 41 6
47 42 26
47 43 23
47 44 10
47 45 19
47 46 9
48 0 23
48 1 24
48 2 25
48 3 15
48 4 6
48 5 21
48 6 4
48 7 11
48 8 12
48 9 7
48 10 1
48 11 8
48 12 8
48 13 6
48 14 18
48 15 3
48 16 14
48 17 23
48 18 19
48 19 24
48 20 5
48 21 14
48 22 11
48 23 22
48 24 14
48 25 25
48 26 9
48 27 20
48 28 22
48 29 26
48 30 1
48 31 23
48 32 10
48 33 13
48 34 11
48 35 26
48 36 18
48 37 24
48 38 16
48 39 14
48 40 8
48 41 25
48 42 4
48 43 8
48 44 12
48 45 10
48 46 15
48 47 2
49 0 20
49 1 9
49 2 2
49 3 19
49 4 19
49 5 18
49 6 19
49 7 7
49 8 14
49 9 6
49 10 6
49 11 13
49 12 12
49 13 8
49 14 8
49 15 12
49 16 6
49 17 9
49 18 16
49 19 8
49 20 11
49 21 3
49 22 26
49 23 15
49 24 14
49 25 7
49 26 21
49 27 25
49 28 23
49 29 12
49 30 8
49 31 7
49 32 8
49 33 11
49 34 2
49 35 13
49 36 19
49 37 15
49 38 17
49 39 5
49 40 4
49 41 3
49 42 16
49 43 14
49 44 24
49 45 9
49 46 22
49 47 15
49 48 20
50 0 10
50 1 11
50 2 5
50 3 17
50 4 22
50 5 6
50 6 15
50 7 26
50 8 9
50 9 1
50 10 26
50 11 20
50 12 6
50 13 13
50 14 3
50 15 18
50 16 10
50 17 1
50 18 24
50 19 17
50 20 4
50 21 23
50 22 18
50 23 23
50 24 9
50 25 15
50 26 22
50 27 12
50 28 18
50 29 23
50 30 5
50 31 5
50 32 3
50 33 9
50 34 4
50 35 5
50 36 22
50 37 26
50 38 2
50 39 13
50 40 3
50 41 20
50 42 11
50 43 13
50 44 7
50 45 8
50 46 18
50 47 8
50 48 18
50 49 16
51 0 10
51 1 19
51 2 26
51 3 8
51 4 6
51 5 7
51 6 24
51 7 22
51 8 11
51 9 21
51 10 5
51 11 22
51 12 18
51 13 21
51 14 14
51 15 25
51 16 14
51 17 21
51 18 18
51 19 23
51 20 26
51 21 20
51 22 10
51 23 8
51 24 9
51 25 1
51 26 21
51 27 17
51 28 2
51 29 20
51 30 17
51 31 25
51 32 24
51 33 10
51 34 26
51 35 15
51 36 13
51 37 26
51 38 24
51 39 2
51 40 12
51 41 4
51 42 18
51 43 13
51 44 14
51 45 1
51 46 25
51 47 26
51 48 26
51 49 13
51 50 21
52 0 20
52 1 5
52 2 3
52 3 7
52 4 12
52 5 23
52 6 2
52 7 14
52 8 15
52 9 15
52 10 3
52 11 5
52 12 7
52 13 23
52 14 6
52 15 6
52 16 5
52 17 2
52 18 10
52 19 7
52 20 1
52 21 23
52 22 19
52 23 24
52 24 12
52 25 3
52 26 2
52 27 19
52 28 19
52 29 15
52 30 20
52 31 1
52 32 4
52 33 11
52 34 10
52 35 4
52 36 22
52 37 19
52 38 11
52 39 10
52 40 13
52 41 3
52 42 3
52 43 20
52 44 18
52 45 23
52 46 19
52 47 16
52 48 23
52 49 9
52 50 12
52 51 15
53 0 1
53 1 6
53 2 1
53 3 3
53 4 8
53 5 13
53 6 24
53 7 25
53 8 6
53 9 7
53 10 23
53 11 16
53 12 7
53 13 3
53 14 10
53 15 12
53 16 8
53 17 4
53 18 5
53 19 6
53 20 13
53 21 8
53 22 15
53 23 25
53 24 26
53 25 7
53 26 2
53 27 20
53 28 20
53 29 5
53 30 9
53 31 20
53 32 5
53 33 11
53 34 25
53 35 25
53 36 23
53 37 6
53 38 17
53 39 12
53 40 15
53 41 23
53 42 5
53 43 22
53 44 14
53 45 1
53 46 4
53 47 13
53 48 26
53 49 18
53 50 5
53 51 18
53 52 15
54 0 3
54 1 14
54 2 10
54 3 14
54 4 7
54 5 20
54 6 22
54 7 22
54 8 20
54 9 16
54 10 2
54 11 14
54 12 11
54 13 4
54 14 9
54 15 17
54 16 2
54 17 24
54 18 10
54 19 8
54 20 22
54 21 11
54 22 20
54 23 20
54 24 5
54 25 7
54 26 26
54 27 19
54 28 21
54 29 3
54 30 2
54 31 23
54 32 15
54 33 18
54 34 12
54 35 20
54 36 12
54 37 21
54 38 5
54 39 1
54 40 8
54 41 9
54 42 15
54 43 15
54 44 6
54 45 12
54 46 1
54 47 23
54 48 22
54 49 25
54 50 1
54 51 14
54 52 25
54 53 21
55 0 7
55 1 10
55 2 15
55 3 1
55 4 4
55 5 9
55 6 23
55 7 22
55 8 22
55 9 6
55 10 18
55 11 13
55 12 3
55 13 9
55 14 21
55 15 23
55 16 4
55 17 17
55 18 25
55 19 18
55 20 7
55 21 6
55 22 15
55 23 24
55 24 15
55 25 2
55 26 5
55 27 4
55 28 19
55 29 10
55 30 4
55 31 17
55 32 12
55 33 21
55 34 23
55 35 22
55 36 9
55 37 23
55 38 24
55 39 20
55 40 20
55 41 26
55 42 3
55 43 18
55 44 17
55 45 13
55 46 5
55 47 21
55 48 26
55 49 15
55 50 14
55 51 24
55 52 13
55 53 12
55 54 16
