50
1 0 11
2 0 3
2 1 30
3 0 22
3 1 21
3 2 7
4 0 40
4 1 14
4 2 39
4 3 22
5 0 12
5 1 16
5 2 14
5 3 17
5 4 5
6 0 36
6 1 11
6 2 3
6 3 31
6 4 7
6 5 4
7 0 34
7 1 8
7 2 14
7 3 4
7 4 29
7 5 39
7 6 7
8 0 41
8 1 32
8 2 4
8 3 35
8 4 20
8 5 15
8 6 14
8 7 25
9 0 19
9 1 33
9 2 30
9 3 10
9 4 26
9 5 10
9 6 1
9 7 37
9 8 13
10 0 41
10 1 19
10 2 38
10 3 1
10 4 41
10 5 1
10 6 19
10 7 19
10 8 26
10 9 16
11 0 8
11 1 4
11 2 7
11 3 10
11 4 18
11 5 6
11 6 7
11 7 1
11 8 5
11 9 38
11 10 30
12 0 25
12 1 41
12 2 29
12 3 28
12 4 40
12 5 32
12 6 24
12 7 31
12 8 31
12 9 26
12 10 2
12 11 25
13 0 1
13 1 3
13 2 13
13 3 2
13 4 7
13 5 29
13 6 17
13 7 34
13 8 4
13 9 5
13 10 24
13 11 7
13 12 26
14 0 16
14 1 39
14 2 11
14 3 28
14 4 34
14 5 34
14 6 10
14 7 13
14 8 30
14 9 25
14 10 23
14 11 9
14 12 17
14 13 1
15 0 10
15 1 39
15 2 37
15 3 36
15 4 18
15 5 34
15 6 36
15 7 7
15 8 40
15 9 33
15 10 35
15 11 27
15 12 7
15 13 3
15 14 22
16 0 17
16 1 26
16 2 32
16 3 2
16 4 5
16 5 23
16 6 40
16 7 18
16 8 3
16 9 41
16 10 10
16 11 22
16 12 33
16 13 12
16 14 9
16 15 39
17 0 17
17 1 6
17 2 34
17 3 8
17 4 19
17 5 19
17 6 20
17 7 2
17 8 13
17 9 41
17 10 8
17 11 13
17 12 11
17 13 29
17 14 38
17 15 38
17 16 24
18 0 9
18 1 33
18 2 9
18 3 33
18 4 25
18 5 1
18 6 14
18 7 10
18 8 37
18 9 16
18 10 17
18 11 13
18 12 15
18 13 10
18 14 1
18 15 18
18 16 35
18 17 25
19 0 28
19 1 37
19 2 40
19 3 14
19 4 5
19 5 13
19 6 14
19 7 15
19 8 27
19 9 33
19 10 25
19 11 14
19 12 24
19 13 24
19 14 28
19 15 14
19 16 15
19 17 25
19 18 27
20 0 8
20 1 25
20 2 40
20 3 12
20 4 5
20 5 18
20 6 32
20 7 30
20 8 6
20 9 36
20 10 14
20 11 13
20 12 28
20 13 41
20 14 38
20 15 13
20 16 26
20 17 3
20 18 32
20 19 2
21 0 12
21 1 11
21 2 19
21 3 29
21 4 6
21 5 5
21 6 16
21 7 33
21 8 30
21 9 8
21 10 36
21 11 13
21 12 17
21 13 25
21 14 36
21 15 21
21 16 12
21 17 11
21 18 21
21 19 12
21 20 23
22 0 41
22 1 37
22 2 29
22 3 29
22 4 31
22 5 2
22 6 23
22 7 30
22 8 4
22 9 19
22 10 21
22 11 41
22 12 2
22 13 12
22 14 8
22 15 24
22 16 10
22 17 29
22 18 37
22 19 11
22 20 8
22 21 33
23 0 10
23 1 9
23 2 28
23 3 35
23 4 28
23 5 17
23 6 36
23 7 31
23 8 28
23 9 3
23 10 29
23 11 32
23 12 5
23 13 33
23 14 15
23 15 27
23 16 3
23 17 7
23 18 6
23 19 19
23 20 9
23 21 31
23 22 40
24 0 12
24 1 12
24 2 14
24 3 15
24 4 4
24 5 19
24 6 7
24 7 22
24 8 26
24 9 29
24 10 39
24 11 33
24 12 10
24 13 12
24 14 33
24 15 8
24 16 35
24 17 35
24 18 13
24 19 37
24 20 21
24 21 8
24 22 27
24 23 23
25 0 11
25 1 12
25 2 34
25 3 24
25 4 13
25 5 14
25 6 11
25 7 34
25 8 22
25 9 35
25 10 34
25 11 11
25 12 6
25 13 36
25 14 39
25 15 18
25 16 27
25 17 16
25 18 37
25 19 10
25 20 36
25 21 36
25 22 32
25 23 32
25 24 10
26 0 32
26 1 9
26 2 28
26 3 31
26 4 30
26 5 31
26 6 3
26 7 27
26 8 10
26 9 9
26 10 39
26 11 10
26 12 17
26 13 31
26 14 34
26 15 20
26 16 3
26 17 10
26 18 30
26 19 25
26 20 4
26 21 15
26 22 5
26 23 25
26 24 38
26 25 19
27 0 7
27 1 14
27 2 27
27 3 32
27 4 17
27 5 32
27 6 2
27 7 3
27 8 38
27 9 16
27 10 18
27 11 22
27 12 16
27 13 41
27 14 12
27 15 20
27 16 22
27 17 10
27 18 1
27 19 6
27 20 12
27 21 39
27 22 7
27 23 31
27 24 10
27 25 24
27 26 10
28 0 30
28 1 8
28 2 26
28 3 25
28 4 14
28 5 14
28 6 4
28 7 9
28 8 22
28 9 34
28 10 35
28 11 25
28 12 30
28 13 5
28 14 32
28 15 22
28 16 19
28 17 11
28 18 39
28 19 34
28 20 23
28 21 41
28 22 10
28 23 16
28 24 10
28 25 11
28 26 15
28 27 39
29 0 29
29 1 25
29 2 26
29 3 11
29 4 40
29 5 22
29 6 21
29 7 40
29 8 25
29 9 34
29 10 25
29 11 7
29 12 9
29 13 15
29 14 21
29 15 13
29 16 31
29 17 34
29 18 32
29 19 15
29 20 9
29 21 21
29 22 39
29 23 33
29 24 21
29 25 5
29 26 13
29 27 6
29 28 35
30 0 11
30 1 38
30 2 22
30 3 29
30 4 25
30 5 1
30 6 26
30 7 36
30 8 30
30 9 35
30 10 25
30 11 39
30 12 22
30 13 22
30 14 29
30 15 25
30 16 23
30 17 24
30 18 29
30 19 25
30 20 19
30 21 41
30 22 8
30 23 38
30 24 22
30 25 11
30 26 20
30 27 17
30 28 18
30 29 30
31 0 35
31 1 1
31 2 32
31 3 28
31 4 40
31 5 33
31 6 30
31 7 31
31 8 40
31 9 7
31 10 40
31 11 7
31 12 26
31 13 31
31 14 39
31 15 37
31 16 19
31 17 8
31 18 36
31 19 38
31 20 22
31 21 31
31 22 39
31 23 37
31 24 27
31 25 9
31 26 4
31 27 10
31 28 3
31 29 33
31 30 34
32 0 11
32 1 31
32 2 3
32 3 5
32 4 34
32 5 38
32 6 27
32 7 28
32 8 33
32 9 28
32 10 28
32 11 20
32 12 3
32 13 20
32 14 16
32 15 33
32 16 7
32 17 39
32 18 18
32 19 12
32 20 22
32 21 22
32 22 34
32 23 12
32 24 2
32 25 26
32 26 19
32 27 37
32 28 14
32 29 16
32 30 24
32 31 9
33 0 8
33 1 15
33 2 33
33 3 38
33 4 30
33 5 14
33 6 29
33 7 9
33 8 11
33 9 29
33 10 23
33 11 14
33 12 20
33 13 22
33 14 6
33 15 28
33 16 21
33 17 16
33 18 34
33 19 1
33 20 30
33 21 1
33 22 34
33 23 13
33 24 5
33 25 30
33 26 35
33 27 11
33 28 17
33 29 21
33 30 12
33 31 10
33 32 23
34 0 7
34 1 29
34 2 35
34 3 4
34 4 4
34 5 11
34 6 26
34 7 21
34 8 3
34 9 14
34 10 2
34 11 27
34 12 28
34 13 25
34 14 28
34 15 36
34 16 9
34 17 4
34 18 5
34 19 8
34 20 22
34 21 9
34 22 11
34 23 7
34 24 2
34 25 24
34 26 32
34 27 30
34 28 15
34 29 13
34 30 39
34 31 11
34 32 14
34 33 3
35 0 11
35 1 9
35 2 23
35 3 32
35 4 23
35 5 14
35 6 22
35 7 9
35 8 9
35 9 21
35 10 5
35 11 29
35 12 5
35 13 7
35 14 36
35 15 16
35 16 7
35 17 13
35 18 23
35 19 5
35 20 21
35 21 32
35 22 32
35 23 2
35 24 41
35 25 11
35 26 22
35 27 38
35 28 13
35 29 12
35 30 9
35 31 4
35 32 36
35 33 3
35 34 18
36 0 35
36 1 20
36 2 4
36 3 17
36 4 3
36 5 8
36 6 25
36 7 38
36 8 36
36 9 5
36 10 19
36 11 16
36 12 12
36 13 38
36 14 9
36 15 5
36 16 20
36 17 6
36 18 7
36 19 37
36 20 40
36 21 1
36 22 34
36 23 30
36 24 20
36 25 2
36 26 32
36 27 6
36 28 6
36 29 18
36 30 19
36 31 11
36 32 21
36 33 23
36 34 38
36 35 1
37 0 30
37 1 33
37 2 18
37 3 29
37 4 8
37 5 15
37 6 1
37 7 2
37 8 8
37 9 40
37 10 37
37 11 17
37 12 9
37 13 29
37 14 15
37 15 32
37 16 22
37 17 10
37 18 4
37 19 27
37 20 27
37 21 6
37 22 11
37 23 1
37 24 35
37 25 11
37 26 8
37 27 6
37 28 13
37 29 5
37 30 33
37 31 18
37 32 1
37 33 36
37 34 22
37 35 12
37 36 27
38 0 25
38 1 28
38 2 1
38 3 10
38 4 16
38 5 20
38 6 24
38 7 14
38 8 32
38 9 16
38 10 36
38 11 24
38 12 37
38 13 39
38 14 18
38 15 18
38 16 25
38 17 31
38 18 41
38 19 10
38 20 4
38 21 9
38 22 13
38 23 23
38 24 17
38 25 33
38 26 7
38 27 3
38 28 1
38 29 24
38 30 15
38 31 6
38 32 20
38 33 29
38 34 4
38 35 28
38 36 17
38 37 14
39 0 10
39 1 4
39 2 29
39 3 15
39 4 17
39 5 30
39 6 34
39 7 20
39 8 20
39 9 20
39 10 4
39 11 40
39 12 5
39 13 39
39 14 23
39 15 33
39 16 40
39 17 13
39 18 10
39 19 7
39 20 33
39 21 13
39 22 8
39 23 27
39 24 6
39 25 31
39 26 3
39 27 9
39 28 10
39 29 34
39 30 1
39 31 8
39 32 10
39 33 11
39 34 8
39 35 29
39 36 41
39 37 23
39 38 3
40 0 11
40 1 40
40 2 4
40 3 21
40 4 17
40 5 41
40 6 15
40 7 39
40 8 29
40 9 31
40 10 30
40 11 26
40 12 22
40 13 26
40 14 31
40 15 18
40 16 14
40 17 2
40 18 35
40 19 23
40 20 9
40 21 16
40 22 15
40 23 30
40 24 14
40 25 8
40 26 6
40 27 39
40 28 13
40 29 9
40 30 30
40 31 23
40 32 18
40 33 27
40 34 18
40 35 30
40 36 24
40 37 19
40 38 30
40 39 35
41 0 12
41 1 20
41 2 3
41 3 20
41 4 2
41 5 11
41 6 2
41 7 18
41 8 35
41 9 10
41 10 10
41 11 39
41 12 30
41 13 38
41 14 18
41 15 4
41 16 31
41 17 12
41 18 31
41 19 18
41 20 26
41 21 19
41 22 10
41 23 28
41 24 34
41 25 17
41 26 33
41 27 11
41 28 5
41 29 7
41 30 16
41 31 32
41 32 29
41 33 34
41 34 40
41 35 6
41 36 22
41 37 17
41 38 29
41 39 12
41 40 10
42 0 20
42 1 16
42 2 26
42 3 1
42 4 19
42 5 35
42 6 20
42 7 12
42 8 34
42 9 4
42 10 18
42 11 36
42 12 17
42 13 18
42 14 3
42 15 11
42 16 39
42 17 25
42 18 36
42 19 40
42 20 14
42 21 35
42 22 34
42 23 2
42 24 37
42 25 21
42 26 10
42 27 26
42 28 20
42 29 10
42 30 3
42 31 23
42 32 24
42 33 19
42 34 5
42 35 30
42 36 19
42 37 6
42 38 28
42 39 33
42 40 39
42 41 6
43 0 30
43 1 7
43 2 33
43 3 10
43 4 9
43 5 23
43 6 18
43 7 24
43 8 10
43 9 19
43 10 16
43 11 1
43 12 16
43 13 20
43 14 41
43 15 17
43 16 8
43 17 40
43 18 8
43 19 14
43 20 20
43 21 40
43 22 11
43 23 25
43 24 29
43 25 1
43 26 38
43 27 34
43 28 21
43 29 14
43 30 8
43 31 7
43 32 31
43 33 29
43 34 41
43 35 14
43 36 1
43 37 30
43 38 7
43 39 1
43 40 25
43 41 26
43 42 21
44 0 13
44 1 28
44 2 18
44 3 6
44 4 8
44 5 36
44 6 15
44 7 10
44 8 40
44 9 27
44 10 39
44 11 24
44 12 2
44 13 1
44 14 31
44 15 39
44 16 22
44 17 25
44 18 11
44 19 13
44 20 30
44 21 14
44 22 37
44 23 32
44 24 14
44 25 26
44 26 9
44 27 11
44 28 36
44 29 19
44 30 9
44 31 17
44 32 33
44 33 24
44 34 31
44 35 37
44 36 13
44 37 15
44 38 37
44 39 1
44 40 23
44 41 25
44 42 14
44 43 32
45 0 7
45 1 32
45 2 24
45 3 23
45 4 4
45 5 39
45 6 18
45 7 33
45 8 38
45 9 8
45 10 23
45 11 32
45 12 32
45 13 38
45 14 39
45 15 9
45 16 35
45 17 7
45 18 35
45 19 1
45 20 18
45 21 6
45 22 35
45 23 36
45 24 14
45 25 22
45 26 3
45 27 10
45 28 8
45 29 1
45 30 28
45 31 36
45 32 36
45 33 19
45 34 9
45 35 6
45 36 34
45 37 24
45 38 13
45 39 22
45 40 25
45 41 28
45 42 41
45 43 16
45 44 22
46 0 11
46 1 20
46 2 28
46 3 27
46 4 28
46 5 12
46 6 39
46 7 6
46 8 12
46 9 33
46 10 17
46 11 4
46 12 27
46 13 3
46 14 23
46 15 29
46 16 37
46 17 9
46 18 12
46 19 20
46 20 35
46 21 19
46 22 12
46 23 22
46 24 10
46 25 7
46 26 22
46 27 16
46 28 22
46 29 10
46 30 11
46 31 30
46 32 8
46 33 14
46 34 1
46 35 7
46 36 4
46 37 20
46 38 15
46 39 39
46 40 20
46 41 25
46 42 15
46 43 34
46 44 8
46 45 34
47 0 11
47 1 35
47 2 5
47 3 5
47 4 22
47 5 5
47 6 34
47 7 19
47 8 15
47 9 34
47 10 2
47 11 12
47 12 24
47 13 37
47 14 12
47 15 6
47 16 40
47 17 2
47 18 39
47 19 37
47 20 3
47 21 21
47 22 17
47 23 34
47 24 21
47 25 10
47 26 17
47 27 13
47 28 25
47 29 13
47 30 15
47 31 7
47 32 38
47 33 23
47 34 10
47 35 26
47 36 35
47 37 30
47 38 37
47 39 34
47 40 7
47 41 5
47 42 5
47 43 41
47 44 33
47 45 38
47 46 9
48 0 24
48 1 31
48 2 36
48 3 9
48 4 32
48 5 27
48 6 9
48 7 5
48 8 7
48 9 17
48 10 35
48 11 23
48 12 6
48 13 29
48 14 6
48 15 32
48 16 1
48 17 3
48 18 37
48 19 3
48 20 10
48 21 36
48 22 12
48 23 39
48 24 33
48 25 26
48 26 38
48 27 10
48 28 36
48 29 19
48 30 23
48 31 32
48 32 25
48 33 2
48 34 15
48 35 34
48 36 35
48 37 17
48 38 19
48 39 36
48 40 6
48 41 22
48 42 8
48 43 39
48 44 24
48 45 28
48 46 30
48 47 6
49 0 24
49 1 33
49 2 17
49 3 11
49 4 32
49 5 12
49 6 37
49 7 35
49 8 15
49 9 16
49 10 38
49 11 23
49 12 1
49 13 19
49 14 14
49 15 14
49 16 22
49 17 12
49 18 27
49 19 11
49 20 19
49 21 10
49 22 6
49 23 8
49 24 7
49 25 18
49 26 20
49 27 30
49 28 31
49 29 24
49 30 22
49 31 40
49 32 17
49 33 19
49 34 8
49 35 7
49 36 26
49 37 23
49 38 2
49 39 5
49 40 20
49 41 23
49 42 5
49 43 8
49 44 40
49 45 5
49 46 19
49 47 35
49 48 8
