49
2 0 22
3 0 23
3 1 7
4 0 15
4 2 9
5 2 15
5 3 21
6 0 1
6 3 6
6 4 21
7 1 14
8 3 12
8 4 22
8 7 19
9 0 17
9 1 14
9 5 12
9 7 2
9 8 11
10 0 25
10 1 10
10 3 16
10 8 8
10 9 7
11 1 13
11 3 6
11 4 19
11 9 14
12 3 3
12 4 20
12 6 26
12 7 16
12 10 5
12 11 17
13 0 7
13 1 23
13 2 21
13 3 9
13 4 26
13 5 23
13 6 12
13 8 25
13 10 27
13 11 18
13 12 18
14 2 3
14 7 24
14 10 20
14 11 25
15 0 8
15 2 14
15 5 16
15 7 15
15 8 21
15 10 10
15 11 3
15 14 14
16 0 6
16 1 22
16 2 6
16 3 22
16 4 11
16 5 15
16 7 22
16 14 17
17 1 19
17 2 7
17 4 13
17 6 10
17 7 10
17 8 5
17 10 15
17 13 17
17 15 4
18 0 3
18 1 19
18 3 21
18 6 19
18 10 13
19 0 15
19 3 1
19 7 22
19 8 13
19 9 6
19 10 14
19 12 22
19 13 13
19 15 24
19 18 20
20 1 12
20 3 4
20 4 23
20 6 23
20 7 5
20 8 12
20 9 10
20 10 2
20 11 20
20 14 21
20 17 10
21 4 26
21 6 22
21 8 10
21 10 11
21 13 7
21 14 16
21 15 6
21 17 22
21 20 9
22 0 14
22 1 26
22 3 19
22 5 13
22 6 4
22 8 1
22 9 13
22 11 8
22 12 8
22 13 20
22 16 5
22 17 19
22 19 13
22 20 24
22 21 2
23 0 13
23 3 27
23 4 8
23 6 21
23 7 16
23 8 25
23 10 2
23 13 9
23 14 18
23 17 21
23 20 13
23 22 16
24 0 26
24 2 1
24 3 7
24 4 5
24 5 3
24 6 1
24 7 8
24 9 23
24 10 9
24 11 22
24 13 13
24 15 12
24 18 15
24 20 10
24 22 3
25 1 14
25 2 2
25 3 20
25 4 4
25 6 16
25 7 23
25 8 20
25 14 10
25 15 6
25 18 14
25 19 21
25 20 22
25 22 24
25 23 7
25 24 19
26 0 10
26 1 15
26 2 13
26 3 3
26 7 17
26 8 12
26 9 27
26 10 17
26 13 8
26 21 5
26 22 16
26 23 19
26 25 17
27 0 3
27 1 2
27 2 2
27 6 19
27 7 21
27 9 2
27 10 6
27 13 5
27 16 17
27 17 23
27 19 14
27 23 23
27 24 23
27 25 21
27 26 3
28 5 15
28 7 7
28 8 8
28 11 5
28 12 22
28 16 14
28 17 16
28 18 14
28 21 5
29 0 3
29 3 14
29 7 11
29 10 12
29 11 26
29 12 16
29 13 12
29 14 3
29 15 22
29 16 19
29 17 5
29 21 19
29 23 10
29 24 2
29 25 2
29 26 18
29 28 7
30 0 25
30 3 26
30 6 13
30 8 17
30 9 6
30 12 9
30 15 26
30 17 14
30 18 2
30 20 8
30 21 7
30 24 25
30 25 27
30 28 5
30 29 25
31 0 1
31 1 9
31 4 12
31 6 1
31 10 21
31 14 10
31 16 2
31 17 4
31 19 9
31 21 23
31 22 14
31 23 3
31 24 9
31 25 19
31 27 23
31 29 1
32 0 21
32 1 26
32 3 23
32 4 24
32 6 23
32 7 1
32 8 17
32 9 18
32 10 1
32 11 18
32 12 3
32 13 6
32 15 27
32 19 3
32 20 4
32 23 22
32 25 7
32 27 1
32 28 20
32 30 26
33 0 7
33 1 13
33 3 14
33 4 27
33 5 12
33 6 5
33 7 27
33 11 15
33 12 14
33 13 10
33 15 8
33 18 8
33 19 10
33 20 6
33 22 12
33 23 15
33 25 2
33 28 20
33 30 20
33 31 19
34 0 23
34 2 20
34 4 18
34 7 25
34 8 2
34 9 13
34 13 24
34 16 8
34 18 8
34 19 10
34 20 21
34 22 22
34 27 14
34 29 10
34 30 2
34 32 6
35 2 25
35 5 26
35 6 12
35 10 19
35 12 25
35 13 22
35 15 8
35 18 8
35 19 20
35 22 20
35 23 10
35 25 3
35 26 15
35 27 21
35 30 15
35 32 25
35 34 25
36 0 22
36 3 7
36 5 11
36 10 27
36 12 5
36 15 17
36 18 1
36 19 7
36 21 27
36 22 5
36 23 6
36 25 21
36 28 1
36 31 16
36 32 21
36 33 11
36 34 7
36 35 22
37 0 9
37 2 13
37 3 15
37 6 1
37 8 23
37 12 19
37 13 12
37 15 16
37 16 12
37 17 24
37 20 27
37 21 10
37 23 11
37 27 21
37 28 27
37 29 20
37 30 15
37 32 10
37 35 11
37 36 1
38 0 7
38 3 14
38 7 15
38 9 23
38 10 22
38 15 2
38 17 10
38 18 26
38 19 6
38 21 18
38 22 18
38 23 15
38 25 9
38 28 5
38 29 2
38 32 25
38 35 6
38 36 26
39 1 23
39 2 24
39 3 15
39 5 21
39 8 6
39 9 16
39 10 20
39 11 25
39 13 1
39 14 6
39 15 24
39 17 2
39 18 14
39 19 23
39 22 2
39 24 11
39 26 5
39 27 9
39 28 21
39 30 19
39 33 1
39 36 17
39 38 6
40 4 15
40 6 17
40 7 7
40 8 2
40 9 16
40 11 9
40 12 2
40 15 10
40 16 7
40 18 15
40 23 22
40 24 7
40 26 3
40 28 6
40 29 23
40 32 21
40 35 23
40 38 26
40 39 16
41 0 27
41 1 23
41 3 16
41 5 24
41 7 5
41 10 2
41 15 19
41 16 5
41 19 20
41 20 20
41 22 1
41 23 2
41 24 16
41 26 21
41 27 6
41 28 12
41 31 24
41 32 21
41 34 17
41 35 20
41 36 8
41 38 2
41 40 1
42 1 10
42 4 9
42 6 9
42 8 11
42 11 17
42 12 10
42 13 6
42 16 15
42 18 11
42 19 22
42 21 8
42 23 25
42 24 13
42 25 6
42 26 16
42 27 23
42 28 5
42 29 12
42 33 25
42 35 4
42 36 15
42 37 26
42 38 22
42 39 22
42 41 21
43 0 17
43 1 10
43 8 25
43 10 19
43 14 14
43 16 11
43 18 2
43 19 12
43 20 1
43 21 6
43 27 19
43 37 14
43 38 5
43 39 5
43 40 16
43 41 14
44 1 3
44 2 20
44 3 6
44 7 1
44 8 10
44 11 27
44 18 9
44 23 9
44 24 24
44 25 16
44 26 10
44 32 24
44 33 7
44 34 4
44 37 23
44 39 6
44 41 8
44 43 23
45 1 2
45 4 4
45 7 8
45 8 16
45 9 13
45 10 21
45 12 5
45 16 17
45 21 17
45 22 27
45 24 21
45 25 18
45 28 7
45 29 1
45 30 21
45 32 20
45 33 9
45 36 13
45 37 11
45 38 12
45 39 12
45 43 26
45 44 8
46 0 9
46 1 12
46 3 1
46 4 4
46 5 5
46 7 14
46 9 13
46 12 8
46 15 26
46 16 21
46 19 7
46 20 9
46 21 4
46 23 27
46 24 5
46 26 11
46 29 3
46 30 11
46 32 14
46 34 1
46 35 25
46 36 23
46 38 1
46 41 19
46 43 16
46 44 1
46 45 21
47 0 23
47 3 8
47 6 23
47 12 18
47 13 5
47 14 11
47 15 8
47 17 20
47 19 19
47 21 22
47 23 13
47 24 8
47 25 9
47 28 1
47 29 20
47 32 6
47 33 24
47 34 14
47 38 14
47 39 9
47 40 15
47 41 1
47 44 18
47 45 23
47 46 13
48 1 6
48 2 5
48 5 4
48 6 13
48 10 20
48 11 9
48 12 25
48 13 15
48 14 15
48 17 22
48 18 2
48 20 24
48 21 13
48 23 16
48 28 7
48 33 7
48 35 10
48 37 14
48 42 13
48 44 18
48 47 14
