20
1 0 20
2 0 35
2 1 36
3 0 31
3 1 38
3 2 12
4 0 43
4 1 29
4 2 36
4 3 19
5 0 40
5 1 21
5 2 39
5 3 6
5 4 24
6 0 3
6 1 10
6 2 9
6 3 17
6 4 32
6 5 6
7 0 11
7 1 41
7 2 27
7 3 40
7 4 44
7 5 41
7 6 14
8 0 32
8 1 6
8 2 13
8 3 23
8 4 2
8 5 28
8 6 13
8 7 25
9 0 17
9 1 19
9 2 9
9 3 27
9 4 24
9 5 13
9 6 1
9 7 17
9 8 39
10 0 7
10 1 39
10 2 44
10 3 36
10 4 9
10 5 25
10 6 9
10 7 37
10 8 23
10 9 10
11 0 1
11 1 42
11 2 7
11 3 34
11 4 26
11 5 41
11 6 32
11 7 1
11 8 38
11 9 40
11 10 8
12 0 31
12 1 17
12 2 24
12 3 8
12 4 6
12 5 8
12 6 8
12 7 5
12 8 33
12 9 25
12 10 7
12 11 43
13 0 4
13 1 23
13 2 12
13 3 17
13 4 4
13 5 34
13 6 30
13 7 29
13 8 10
13 9 35
13 10 38
13 11 23
13 12 19
14 0 17
14 1 32
14 2 5
14 3 20
14 4 21
14 5 29
14 6 1
14 7 12
14 8 18
14 9 3
14 10 42
14 11 31
14 12 34
14 13 1
15 0 41
15 1 8
15 2 30
15 3 32
15 4 1
15 5 30
15 6 31
15 7 9
15 8 28
15 9 34
15 10 12
15 11 10
15 12 7
15 13 29
15 14 4
16 0 14
16 1 28
16 2 28
16 3 37
16 4 32
16 5 13
16 6 12
16 7 11
16 8 8
16 9 15
16 10 44
16 11 12
16 12 11
16 13 38
16 14 20
16 15 44
17 0 22
17 1 32
17 2 13
17 3 24
17 4 25
17 5 15
17 6 23
17 7 2
17 8 7
17 9 15
17 10 21
17 11 18
17 12 17
17 13 7
17 14 6
17 15 28
17 16 42
18 0 43
18 1 13
18 2 28
18 3 10
18 4 37
18 5 28
18 6 42
18 7 7
18 8 30
18 9 9
18 10 2
18 11 20
18 12 24
18 13 9
18 14 24
18 15 31
18 16 19
18 17 20
19 0 1
19 1 5
19 2 22
19 3 9
19 4 12
19 5 10
19 6 11
19 7 22
19 8 32
19 9 36
19 10 14
19 11 29
19 12 34
19 13 26
19 14 40
19 15 33
19 16 1
19 17 24
19 18 38
