32
1 0 14
2 0 28
2 1 36
3 0 32
3 1 20
3 2 30
4 0 15
4 1 31
4 2 33
4 3 9
5 0 35
5 1 20
5 2 27
5 3 20
5 4 6
6 0 14
6 1 19
6 2 2
6 3 18
6 4 20
6 5 17
7 0 13
7 1 30
7 2 15
7 3 37
7 4 9
7 5 30
7 6 25
8 0 14
8 1 16
8 2 1
8 3 26
8 4 10
8 5 36
8 6 24
8 7 13
9 0 13
9 1 15
9 2 15
9 3 36
9 4 29
9 5 32
9 6 20
9 7 33
9 8 2
10 0 8
10 1 1
10 2 28
10 3 14
10 4 27
10 5 3
10 6 15
10 7 22
10 8 24
10 9 15
11 0 9
11 1 20
11 2 31
11 3 19
11 4 16
11 5 10
11 6 28
11 7 28
11 8 36
11 9 7
11 10 24
12 0 1
12 1 36
12 2 22
12 3 37
12 4 26
12 5 13
12 6 30
12 7 16
12 8 20
12 9 26
12 10 30
12 11 6
13 0 6
13 1 15
13 2 14
13 3 30
13 4 12
13 5 4
13 6 2
13 7 3
13 8 25
13 9 34
13 10 9
13 11 21
13 12 34
14 0 3
14 1 14
14 2 7
14 3 7
14 4 4
14 5 3
14 6 10
14 7 33
14 8 18
14 9 21
14 10 28
14 11 37
14 12 21
14 13 30
15 0 37
15 1 2
15 2 34
15 3 11
15 4 2
15 5 3
15 6 25
15 7 10
15 8 11
15 9 11
15 10 24
15 11 23
15 12 4
15 13 33
15 14 21
16 0 10
16 1 27
16 2 3
16 3 26
16 4 18
16 5 18
16 6 16
16 7 4
16 8 8
16 9 2
16 10 20
16 11 7
16 12 25
16 13 22
16 14 20
16 15 30
17 0 34
17 1 29
17 2 36
17 3 23
17 4 29
17 5 1
17 6 32
17 7 26
17 8 15
17 9 16
17 10 10
17 11 21
17 12 21
17 13 17
17 14 27
17 15 36
17 16 18
18 0 7
18 1 24
18 2 13
18 3 16
18 4 19
18 5 29
18 6 24
18 7 22
18 8 4
18 9 6
18 10 34
18 11 6
18 12 13
18 13 27
18 14 37
18 15 13
18 16 3
18 17 23
19 0 35
19 1 33
19 2 34
19 3 17
19 4 10
19 5 6
19 6 34
19 7 15
19 8 3
19 9 8
19 10 10
19 11 21
19 12 26
19 13 36
19 14 14
19 15 19
19 16 8
19 17 27
19 18 12
20 0 10
20 1 4
20 2 24
20 3 16
20 4 23
20 5 6
20 6 20
20 7 26
20 8 17
20 9 30
20 10 25
20 11 11
20 12 9
20 13 5
20 14 5
20 15 8
20 16 12
20 17 32
20 18 22
20 19 30
21 0 1
21 1 35
21 2 15
21 3 2
21 4 11
21 5 1
21 6 21
21 7 17
21 8 6
21 9 24
21 10 4
21 11 1
21 12 7
21 13 26
21 14 25
21 15 33
21 16 29
21 17 36
21 18 6
21 19 10
21 20 31
22 0 23
22 1 23
22 2 1
22 3 21
22 4 22
22 5 20
22 6 36
22 7 36
22 8 30
22 9 34
22 10 21
22 11 17
22 12 21
22 13 5
22 14 29
22 15 23
22 16 37
22 17 13
22 18 9
22 19 14
22 20 2
22 21 37
23 0 37
23 1 23
23 2 11
23 3 14
23 4 13
23 5 4
23 6 6
23 7 27
23 8 22
23 9 23
23 10 24
23 11 13
23 12 3
23 13 9
23 14 30
23 15 5
23 16 3
23 17 17
23 18 7
23 19 35
23 20 6
23 21 10
23 22 1
24 0 35
24 1 31
24 2 28
24 3 16
24 4 11
24 5 9
24 6 25
24 7 4
24 8 4
24 9 29
24 10 36
24 11 26
24 12 15
24 13 21
24 14 10
24 15 5
24 16 31
24 17 8
24 18 30
24 19 34
24 20 7
24 21 16
24 22 20
24 23 22
25 0 15
25 1 1
25 2 33
25 3 33
25 4 28
25 5 36
25 6 36
25 7 6
25 8 22
25 9 5
25 10 29
25 11 3
25 12 25
25 13 27
25 14 31
25 15 24
25 16 33
25 17 7
25 18 18
25 19 17
25 20 33
25 21 14
25 22 20
25 23 2
25 24 19
26 0 25
26 1 4
26 2 10
26 3 37
26 4 14
26 5 24
26 6 32
26 7 35
26 8 7
26 9 2
26 10 27
26 11 8
26 12 37
26 13 20
26 14 19
26 15 19
26 16 4
26 17 15
26 18 17
26 19 24
26 20 28
26 21 17
26 22 30
26 23 6
26 24 11
26 25 29
27 0 2
27 1 37
27 2 22
27 3 15
27 4 33
27 5 26
27 6 20
27 7 16
27 8 18
27 9 31
27 10 19
27 11 18
27 12 35
27 13 35
27 14 25
27 15 30
27 16 13
27 17 15
27 18 25
27 19 33
27 20 14
27 21 12
27 22 27
27 23 10
27 24 1
27 25 28
27 26 7
28 0 19
28 1 36
28 2 22
28 3 21
28 4 16
28 5 33
28 6 14
28 7 6
28 8 4
28 9 12
28 10 31
28 11 16
28 12 23
28 13 9
28 14 15
28 15 27
28 16 35
28 17 11
28 18 23
28 19 16
28 20 28
28 21 14
28 22 9
28 23 5
28 24 17
28 25 33
28 26 15
28 27 21
29 0 23
29 1 8
29 2 19
29 3 26
29 4 32
29 5 31
29 6 8
29 7 25
29 8 16
29 9 10
29 10 31
29 11 2
29 12 4
29 13 33
29 14 16
29 15 4
29 16 27
29 17 6
29 18 25
29 19 10
29 20 25
29 21 31
29 22 36
29 23 10
29 24 26
29 25 12
29 26 35
29 27 1
29 28 23
30 0 36
30 1 17
30 2 30
30 3 30
30 4 12
30 5 34
30 6 32
30 7 28
30 8 15
30 9 36
30 10 30
30 11 28
30 12 17
30 13 27
30 14 16
30 15 27
30 16 36
30 17 16
30 18 17
30 19 26
30 20 30
30 21 10
30 22 29
30 23 17
30 24 29
30 25 1
30 26 32
30 27 6
30 28 27
30 29 24
31 0 27
31 1 17
31 2 18
31 3 36
31 4 10
31 5 29
31 6 28
31 7 34
31 8 6
31 9 14
31 10 6
31 11 8
31 12 17
31 13 32
31 14 28
31 15 20
31 16 21
31 17 20
31 18 30
31 19 37
31 20 19
31 21 34
31 22 31
31 23 5
31 24 11
31 25 28
31 26 27
31 27 24
31 28 31
31 29 36
31 30 7
