39
1 0 1
2 0 8
2 1 5
3 0 6
3 1 10
3 2 9
4 0 10
4 1 7
4 2 7
4 3 11
5 0 3
5 1 2
5 2 4
5 3 8
5 4 7
6 0 5
6 1 11
6 2 9
6 3 6
6 4 3
6 5 4
7 0 4
7 1 9
7 2 3
7 3 10
7 4 7
7 5 7
7 6 2
8 0 10
8 1 11
8 2 1
8 3 9
8 4 1
8 5 5
8 6 2
8 7 7
9 0 8
9 1 10
9 2 5
9 3 2
9 4 3
9 5 3
9 6 5
9 7 5
9 8 4
10 0 5
10 1 7
10 2 8
10 3 3
10 4 6
10 5 11
10 6 9
10 7 5
10 8 8
10 9 2
11 0 3
11 1 6
11 2 3
11 3 4
11 4 11
11 5 8
11 6 2
11 7 10
11 8 4
11 9 3
11 10 3
12 0 3
12 1 8
12 2 7
12 3 6
12 4 3
12 5 8
12 6 11
12 7 11
12 8 3
12 9 9
12 10 8
12 11 5
13 0 4
13 1 11
13 2 1
13 3 5
13 4 11
13 5 5
13 6 10
13 7 7
13 8 11
13 9 3
13 10 6
13 11 10
13 12 3
14 0 8
14 1 10
14 2 9
14 3 4
14 4 7
14 5 6
14 6 5
14 7 5
14 8 5
14 9 5
14 10 5
14 11 5
14 12 4
14 13 7
15 0 2
15 1 7
15 2 1
15 3 10
15 4 3
15 5 1
15 6 4
15 7 2
15 8 3
15 9 4
15 10 4
15 11 9
15 12 7
15 13 7
15 14 2
16 0 11
16 1 3
16 2 9
16 3 3
16 4 1
16 5 5
16 6 8
16 7 4
16 8 1
16 9 7
16 10 1
16 11 7
16 12 1
16 13 4
16 14 10
16 15 2
17 0 3
17 1 4
17 2 2
17 3 2
17 4 2
17 5 3
17 6 5
17 7 9
17 8 8
17 9 4
17 10 7
17 11 10
17 12 1
17 13 3
17 14 7
17 15 9
17 16 8
18 0 4
18 1 9
18 2 11
18 3 3
18 4 11
18 5 7
18 6 5
18 7 9
18 8 9
18 9 3
18 10 1
18 11 4
18 12 7
18 13 3
18 14 5
18 15 10
18 16 4
18 17 11
19 0 11
19 1 2
19 2 2
19 3 4
19 4 7
19 5 11
19 6 11
19 7 6
19 8 3
19 9 6
19 10 9
19 11 5
19 12 5
19 13 6
19 14 11
19 15 3
19 16 10
19 17 9
19 18 9
20 0 3
20 1 11
20 2 11
20 3 3
20 4 10
20 5 6
20 6 2
20 7 9
20 8 2
20 9 8
20 10 10
20 11 11
20 12 11
20 13 7
20 14 4
20 15 7
20 16 9
20 17 4
20 18 10
20 19 4
21 0 10
21 1 11
21 2 5
21 3 5
21 4 9
21 5 4
21 6 2
21 7 3
21 8 10
21 9 7
21 10 6
21 11 3
21 12 1
21 13 3
21 14 8
21 15 9
21 16 7
21 17 1
21 18 5
21 19 11
21 20 10
22 0 7
22 1 10
22 2 5
22 3 6
22 4 11
22 5 7
22 6 6
22 7 10
22 8 7
22 9 4
22 10 4
22 11 3
22 12 6
22 13 3
22 14 1
22 15 4
22 16 1
22 17 6
22 18 6
22 19 7
22 20 2
22 21 7
23 0 2
23 1 3
23 2 1
23 3 6
23 4 6
23 5 10
23 6 9
23 7 1
23 8 4
23 9 8
23 10 2
23 11 10
23 12 7
23 13 10
23 14 7
23 15 11
23 16 10
23 17 5
23 18 6
23 19 1
23 20 1
23 21 8
23 22 7
24 0 10
24 1 10
24 2 1
24 3 7
24 4 3
24 5 1
24 6 1
24 7 6
24 8 9
24 9 9
24 10 4
24 11 1
24 12 9
24 13 10
24 14 2
24 15 11
24 16 3
24 17 10
24 18 9
24 19 7
24 20 9
24 21 2
24 22 9
24 23 8
25 0 10
25 1 1
25 2 1
25 3 2
25 4 10
25 5 4
25 6 11
25 7 1
25 8 5
25 9 8
25 10 11
25 11 11
25 12 5
25 13 5
25 14 2
25 15 1
25 16 4
25 17 7
25 18 8
25 19 7
25 20 4
25 21 11
25 22 6
25 23 11
25 24 3
26 0 10
26 1 4
26 2 6
26 3 4
26 4 6
26 5 3
26 6 1
26 7 7
26 8 4
26 9 2
26 10 4
26 11 3
26 12 2
26 13 5
26 14 10
26 15 7
26 16 6
26 17 6
26 18 9
26 19 10
26 20 8
26 21 5
26 22 3
26 23 10
26 24 6
26 25 10
27 0 2
27 1 2
27 2 3
27 3 4
27 4 5
27 5 4
27 6 1
27 7 6
27 8 10
27 9 2
27 10 9
27 11 6
27 12 5
27 13 2
27 14 6
27 15 1
27 16 10
27 17 11
27 18 3
27 19 2
27 20 5
27 21 6
27 22 3
27 23 2
27 24 10
27 25 10
27 26 10
28 0 10
28 1 10
28 2 10
28 3 2
28 4 6
28 5 6
28 6 5
28 7 10
28 8 6
28 9 5
28 10 3
28 11 10
28 12 4
28 13 11
28 14 7
28 15 9
28 16 1
28 17 11
28 18 6
28 19 7
28 20 10
28 21 2
28 22 8
28 23 9
28 24 11
28 25 3
28 26 7
28 27 11
29 0 10
29 1 6
29 2 7
29 3 5
29 4 4
29 5 8
29 6 1
29 7 3
29 8 7
29 9 2
29 10 7
29 11 4
29 12 3
29 13 1
29 14 8
29 15 4
29 16 2
29 17 6
29 18 5
29 19 4
29 20 1
29 21 1
29 22 6
29 23 11
29 24 10
29 25 11
29 26 2
29 27 7
29 28 4
30 0 2
30 1 10
30 2 7
30 3 7
30 4 4
30 5 5
30 6 2
30 7 1
30 8 6
30 9 3
30 10 1
30 11 1
30 12 9
30 13 7
30 14 1
30 15 6
30 16 10
30 17 10
30 18 9
30 19 11
30 20 9
30 21 8
30 22 1
30 23 6
30 24 6
30 25 10
30 26 5
30 27 11
30 28 7
30 29 1
31 0 1
31 1 6
31 2 5
31 3 2
31 4 7
31 5 2
31 6 8
31 7 2
31 8 2
31 9 2
31 10 5
31 11 4
31 12 11
31 13 3
31 14 8
31 15 7
31 16 8
31 17 8
31 18 9
31 19 2
31 20 5
31 21 6
31 22 3
31 23 10
31 24 5
31 25 6
31 26 3
31 27 2
31 28 10
31 29 5
31 30 9
32 0 7
32 1 4
32 2 8
32 3 8
32 4 2
32 5 2
32 6 1
32 7 1
32 8 8
32 9 2
32 10 2
32 11 11
32 12 6
32 13 2
32 14 6
32 15 5
32 16 3
32 17 10
32 18 8
32 19 1
32 20 4
32 21 2
32 22 11
32 23 4
32 24 4
32 25 9
32 26 1
32 27 1
32 28 10
32 29 1
32 30 3
32 31 7
33 0 7
33 1 11
33 2 10
33 3 9
33 4 11
33 5 10
33 6 11
33 7 9
33 8 2
33 9 11
33 10 6
33 11 3
33 12 3
33 13 7
33 14 10
33 15 5
33 16 5
33 17 9
33 18 2
33 19 3
33 20 5
33 21 5
33 22 4
33 23 6
33 24 7
33 25 6
33 26 11
33 27 6
33 28 8
33 29 9
33 30 8
33 31 1
33 32 6
34 0 7
34 1 9
34 2 1
34 3 7
34 4 6
34 5 4
34 6 5
34 7 4
34 8 2
34 9 4
34 10 4
34 11 1
34 12 7
34 13 5
34 14 5
34 15 8
34 16 3
34 17 3
34 18 8
34 19 10
34 20 6
34 21 3
34 22 3
34 23 1
34 24 11
34 25 5
34 26 3
34 27 3
34 28 7
34 29 9
34 30 5
34 31 9
34 32 2
34 33 2
35 0 6
35 1 4
35 2 1
35 3 6
35 4 6
35 5 9
35 6 7
35 7 8
35 8 5
35 9 10
35 10 2
35 11 7
35 12 10
35 13 9
35 14 1
35 15 9
35 16 9
35 17 7
35 18 5
35 19 1
35 20 4
35 21 6
35 22 5
35 23 4
35 24 10
35 25 1
35 26 5
35 27 2
35 28 7
35 29 3
35 30 10
35 31 8
35 32 6
35 33 8
35 34 9
36 0 1
36 1 10
36 2 11
36 3 10
36 4 3
36 5 7
36 6 11
36 7 4
36 8 3
36 9 9
36 10 4
36 11 8
36 12 6
36 13 8
36 14 11
36 15 11
36 16 11
36 17 4
36 18 5
36 19 5
36 20 10
36 21 11
36 22 11
36 23 9
36 24 2
36 25 4
36 26 8
36 27 3
36 28 11
36 29 8
36 30 2
36 31 3
36 32 4
36 33 1
36 34 5
36 35 11
37 0 7
37 1 10
37 2 1
37 3 5
37 4 9
37 5 10
37 6 3
37 7 4
37 8 6
37 9 1
37 10 10
37 11 8
37 12 10
37 13 4
37 14 1
37 15 2
37 16 2
37 17 3
37 18 8
37 19 10
37 20 7
37 21 10
37 22 7
37 23 1
37 24 8
37 25 7
37 26 8
37 27 4
37 28 2
37 29 6
37 30 4
37 31 7
37 32 3
37 33 6
37 34 10
37 35 7
37 36 10
38 0 7
38 1 11
38 2 3
38 3 1
38 4 2
38 5 6
38 6 1
38 7 7
38 8 4
38 9 4
38 10 5
38 11 8
38 12 3
38 13 4
38 14 4
38 15 3
38 16 2
38 17 6
38 18 5
38 19 5
38 20 4
38 21 5
38 22 4
38 23 9
38 24 1
38 25 4
38 26 10
38 27 8
38 28 9
38 29 1
38 30 4
38 31 8
38 32 11
38 33 9
38 34 3
38 35 11
38 36 7
38 37 10
