56
1 0 31
2 0 13
2 1 54
3 1 3
3 2 13
4 1 19
4 2 52
4 3 39
5 0 43
5 1 1
5 2 53
5 4 2
6 0 22
6 3 3
6 4 36
6 5 55
7 2 53
7 3 12
7 4 4
7 5 47
8 1 42
8 3 21
8 4 47
8 5 34
8 7 1
9 0 55
9 8 51
10 1 51
10 4 18
10 5 31
10 8 6
10 9 12
11 1 34
11 7 12
11 9 39
12 0 2
12 1 12
12 2 28
12 5 42
12 7 50
12 8 41
12 10 43
13 0 47
13 2 25
13 3 23
13 7 41
13 8 2
13 12 37
14 3 15
14 6 26
14 10 34
14 13 18
15 0 13
15 2 14
15 4 12
15 5 46
15 6 27
15 7 38
15 9 11
15 10 51
15 11 39
15 14 32
16 0 1
16 1 48
16 2 29
16 3 37
16 5 41
16 11 7
16 12 39
17 3 39
17 4 34
17 6 20
17 7 10
17 8 2
17 11 32
17 12 35
17 13 11
17 14 35
17 15 5
17 16 16
18 0 7
18 1 9
18 2 22
18 3 10
18 4 15
18 5 42
18 6 44
18 7 54
18 9 50
18 10 12
18 11 14
18 13 54
18 14 25
18 16 45
18 17 46
19 2 34
19 3 41
19 4 45
19 6 2
19 9 4
19 10 52
19 11 7
19 12 17
19 14 21
19 15 5
19 17 32
20 0 19
20 5 42
20 6 22
20 7 36
20 8 53
20 9 1
20 10 14
20 12 48
21 2 31
21 4 17
21 5 13
21 8 42
21 10 19
21 13 10
21 20 31
22 0 37
22 1 38
22 3 6
22 4 55
22 5 33
22 6 51
22 7 33
22 9 18
22 11 46
22 12 40
22 13 13
22 14 39
22 15 38
22 17 26
22 18 32
22 19 50
23 0 49
23 8 12
23 9 31
23 11 3
23 12 2
23 16 13
23 17 48
23 19 41
23 20 10
23 22 39
24 0 33
24 1 37
24 3 45
24 4 20
24 8 16
24 10 40
24 12 29
24 13 14
24 14 13
24 16 32
24 21 50
24 23 38
25 0 39
25 1 1
25 5 7
25 7 51
25 9 8
25 10 55
25 11 45
25 16 29
25 20 42
25 21 31
25 22 34
25 23 2
26 0 29
26 2 29
26 6 38
26 7 8
26 9 10
26 11 10
26 12 48
26 14 44
26 16 55
26 18 11
26 21 13
26 22 4
26 23 46
27 0 4
27 1 7
27 2 9
27 3 14
27 4 35
27 5 9
27 6 38
27 7 14
27 8 18
27 9 33
27 10 12
27 11 46
27 12 35
27 13 16
27 15 34
27 16 47
27 18 7
27 19 39
27 20 11
27 21 4
27 22 40
27 26 44
28 1 48
28 3 18
28 6 47
28 11 13
28 12 48
28 13 11
28 14 29
28 16 24
28 17 16
28 18 36
28 19 6
28 20 23
28 24 45
28 26 51
28 27 19
29 0 46
29 3 50
29 4 46
29 7 41
29 11 2
29 12 40
29 14 26
29 20 41
29 22 45
29 25 13
30 0 14
30 1 54
30 2 13
30 4 13
30 7 21
30 8 6
30 11 46
30 13 31
30 16 24
30 17 15
30 18 55
30 20 41
30 21 41
30 22 2
30 25 49
30 26 16
30 28 50
30 29 55
31 0 37
31 1 48
31 3 8
31 4 40
31 8 7
31 11 28
31 13 48
31 15 29
31 17 32
31 20 12
31 22 41
31 25 2
31 28 16
31 30 35
32 0 8
32 1 10
32 2 35
32 4 28
32 5 16
32 8 37
32 9 40
32 11 40
32 12 22
32 14 13
32 15 2
32 16 10
32 17 4
32 19 5
32 21 43
32 27 33
32 29 39
32 30 39
32 31 4
33 0 47
33 1 53
33 2 55
33 3 43
33 6 53
33 7 32
33 9 40
33 10 4
33 11 52
33 14 36
33 18 44
33 19 11
33 21 11
33 23 11
33 25 48
33 26 46
33 28 14
33 31 19
34 4 25
34 5 6
34 6 19
34 9 6
34 10 20
34 15 43
34 17 11
34 19 38
34 24 13
34 25 48
34 26 22
34 27 23
34 28 44
34 30 19
34 33 31
35 0 44
35 3 35
35 4 55
35 5 21
35 9 26
35 11 48
35 12 1
35 15 38
35 23 46
35 26 14
35 27 16
35 33 53
36 0 3
36 1 23
36 5 28
36 7 39
36 8 55
36 9 46
36 11 24
36 13 53
36 14 24
36 16 45
36 17 46
36 19 15
36 20 10
36 23 22
36 24 49
36 27 5
36 30 18
36 31 42
36 32 28
36 33 38
36 34 31
36 35 54
37 0 41
37 1 35
37 2 27
37 8 35
37 13 32
37 16 51
37 18 3
37 19 55
37 21 11
37 26 46
37 30 8
37 35 50
38 0 12
38 2 30
38 5 43
38 8 7
38 9 9
38 10 23
38 11 21
38 13 38
38 14 7
38 16 47
38 20 15
38 22 53
38 24 7
38 26 50
38 28 27
38 31 3
38 32 35
38 33 2
38 34 16
38 36 1
38 37 15
39 3 55
39 5 7
39 7 21
39 8 41
39 16 2
39 17 44
39 21 28
39 22 29
39 23 40
39 25 44
39 27 38
39 32 3
39 33 47
39 34 49
39 37 36
39 38 48
40 1 35
40 2 46
40 3 1
40 4 16
40 7 33
40 8 47
40 9 28
40 11 12
40 13 10
40 14 49
40 16 30
40 18 22
40 22 14
40 23 3
40 25 37
40 33 30
40 34 16
40 36 38
40 39 53
41 0 24
41 1 50
41 3 24
41 8 49
41 11 16
41 12 22
41 13 18
41 15 2
41 17 18
41 20 4
41 23 14
41 25 49
41 28 7
41 29 36
41 30 1
41 32 45
41 33 36
41 35 33
42 3 5
42 4 18
42 9 28
42 10 43
42 11 11
42 13 34
42 18 14
42 19 49
42 20 30
42 22 24
42 24 33
42 25 15
42 26 40
42 29 8
42 30 19
42 31 52
42 32 47
42 35 40
42 36 37
42 37 36
42 41 4
43 3 6
43 5 42
43 6 26
43 9 41
43 12 51
43 16 32
43 17 7
43 19 32
43 21 32
43 23 10
43 24 50
43 26 39
43 30 13
43 33 37
43 35 29
43 36 24
43 37 29
43 38 17
43 40 20
43 41 42
44 0 47
44 1 6
44 2 30
44 3 35
44 4 14
44 5 49
44 6 3
44 7 38
44 10 32
44 12 1
44 24 12
44 25 43
44 27 5
44 29 35
44 34 27
44 39 7
44 42 43
44 43 9
45 0 5
45 1 48
45 2 42
45 3 14
45 4 46
45 5 45
45 6 14
45 7 11
45 8 33
45 10 16
45 11 2
45 12 32
45 14 2
45 16 3
45 18 21
45 20 17
45 23 35
45 25 54
45 26 2
45 28 36
45 29 5
45 30 41
45 31 10
45 32 32
45 34 7
45 35 38
45 40 33
45 41 5
45 43 36
45 44 46
46 0 50
46 3 2
46 4 21
46 5 52
46 6 31
46 7 27
46 8 27
46 9 50
46 11 52
46 12 43
46 16 6
46 19 15
46 22 55
46 27 41
46 28 48
46 35 13
46 36 17
46 37 33
46 38 51
46 41 41
46 42 33
46 43 4
46 45 49
47 0 49
47 5 48
47 6 52
47 7 15
47 8 51
47 10 5
47 14 26
47 20 44
47 23 15
47 24 45
47 28 19
47 30 27
47 34 50
47 35 34
47 36 8
47 37 50
47 40 30
47 43 55
47 45 26
48 0 6
48 1 55
48 2 11
48 3 25
48 5 35
48 6 1
48 7 40
48 8 53
48 11 25
48 12 37
48 14 2
48 15 13
48 17 32
48 18 48
48 20 46
48 23 20
48 24 31
48 26 29
48 27 21
48 29 50
48 31 5
48 34 53
48 35 28
48 36 17
48 38 16
48 39 21
48 40 16
48 44 13
48 45 9
48 46 42
49 0 7
49 1 51
49 3 11
49 5 5
49 9 30
49 12 32
49 13 5
49 14 4
49 18 5
49 20 17
49 22 19
49 24 49
49 27 26
49 28 32
49 30 5
49 31 31
49 32 42
49 33 42
49 39 21
49 41 42
49 42 42
49 46 7
49 47 37
49 48 51
50 3 3
50 4 44
50 6 30
50 8 20
50 9 44
50 10 6
50 11 53
50 12 30
50 14 37
50 15 49
50 25 12
50 26 44
50 27 24
50 28 55
50 29 23
50 30 17
50 34 5
50 35 38
50 37 33
50 38 27
50 39 19
50 40 16
50 41 17
50 42 24
50 43 14
50 44 34
50 46 23
50 47 42
50 48 5
50 49 10
51 1 19
51 2 33
51 5 26
51 6 30
51 8 29
51 9 44
51 10 22
51 11 3
51 12 6
51 15 3
51 18 20
51 20 6
51 21 49
51 23 34
51 26 53
51 27 23
51 28 29
51 29 26
51 30 12
51 31 24
51 34 1
51 36 45
51 39 31
51 40 16
51 41 34
51 42 29
51 44 50
51 45 53
51 46 24
51 48 3
52 1 29
52 2 38
52 3 42
52 4 8
52 7 17
52 9 15
52 16 5
52 17 54
52 23 31
52 26 5
52 27 1
52 30 42
52 31 25
52 33 16
52 34 53
52 36 32
52 37 33
52 46 50
52 47 54
52 48 2
52 50 45
53 5 21
53 6 32
53 9 5
53 10 49
53 12 35
53 14 38
53 17 31
53 19 25
53 20 45
53 22 48
53 23 25
53 28 48
53 33 5
53 36 12
53 37 35
53 39 18
53 40 7
53 41 21
53 43 39
53 45 4
53 47 24
53 48 42
53 51 41
53 52 47
54 3 23
54 5 38
54 6 27
54 8 22
54 12 29
54 13 17
54 14 14
54 15 36
54 20 25
54 22 55
54 23 38
54 24 36
54 26 20
54 27 8
54 29 51
54 30 15
54 31 41
54 32 32
54 34 11
54 36 43
54 37 27
54 38 29
54 40 24
54 41 2
54 42 55
54 43 55
54 44 39
54 45 12
54 46 8
54 52 9
55 1 54
55 6 21
55 8 39
55 9 30
55 11 20
55 15 43
55 16 50
55 17 2
55 19 52
55 20 3
55 21 21
55 23 10
55 27 12
55 28 38
55 30 45
55 31 53
55 32 31
55 37 37
55 39 41
55 45 21
55 47 13
55 49 44
55 51 12
55 53 5
55 54 14
