21
1 0 26
2 0 3
2 1 24
3 0 35
3 1 35
3 2 15
4 0 7
4 1 22
4 2 21
4 3 16
5 0 26
5 1 16
5 2 32
5 3 9
5 4 15
6 0 16
6 1 17
6 2 23
6 3 33
6 4 12
6 5 3
7 0 6
7 1 33
7 2 16
7 3 28
7 4 25
7 5 7
7 6 1
8 0 3
8 1 22
8 2 30
8 3 21
8 4 28
8 5 29
8 6 23
8 7 11
9 0 28
9 1 8
9 2 5
9 3 15
9 4 14
9 5 7
9 6 25
9 7 34
9 8 22
10 0 2
10 1 14
10 2 24
10 3 21
10 4 1
10 5 35
10 6 31
10 7 34
10 8 31
10 9 36
11 0 33
11 1 5
11 2 35
11 3 27
11 4 23
11 5 25
11 6 12
11 7 24
11 8 11
11 9 1
11 10 28
12 0 27
12 1 22
12 2 11
12 3 31
12 4 16
12 5 24
12 6 13
12 7 17
12 8 10
12 9 8
12 10 35
12 11 26
13 0 34
13 1 32
13 2 25
13 3 23
13 4 9
13 5 5
13 6 3
13 7 36
13 8 11
13 9 7
13 10 2
13 11 9
13 12 13
14 0 13
14 1 35
14 2 4
14 3 3
14 4 36
14 5 11
14 6 23
14 7 23
14 8 15
14 9 35
14 10 24
14 11 3
14 12 23
14 13 5
15 0 34
15 1 32
15 2 11
15 3 23
15 4 11
15 5 34
15 6 21
15 7 20
15 8 29
15 9 16
15 10 21
15 11 12
15 12 25
15 13 27
15 14 25
16 0 31
16 1 16
16 2 33
16 3 10
16 4 4
16 5 18
16 6 21
16 7 28
16 8 9
16 9 1
16 10 12
16 11 31
16 12 23
16 13 19
16 14 28
16 15 5
17 0 24
17 1 15
17 2 1
17 3 3
17 4 28
17 5 35
17 6 8
17 7 26
17 8 24
17 9 4
17 10 7
17 11 30
17 12 1
17 13 23
17 14 19
17 15 3
17 16 5
18 0 30
18 1 35
18 2 35
18 3 23
18 4 10
18 5 3
18 6 30
18 7 8
18 8 2
18 9 11
18 10 35
18 11 18
18 12 4
18 13 31
18 14 1
18 15 7
18 16 5
18 17 17
19 0 28
19 1 30
19 2 11
19 3 19
19 4 4
19 5 10
19 6 25
19 7 36
19 8 10
19 9 28
19 10 21
19 11 33
19 12 26
19 13 23
19 14 11
19 15 21
19 16 6
19 17 16
19 18 33
20 0 28
20 1 34
20 2 10
20 3 19
20 4 12
20 5 10
20 6 1
20 7 12
20 8 9
20 9 22
20 10 35
20 11 12
20 12 33
20 13 12
20 14 20
20 15 24
20 16 12
20 17 33
20 18 8
20 19 27
