24
1 0 18
2 0 24
2 1 5
3 0 17
4 0 13
5 0 17
5 1 15
5 2 16
5 4 7
6 0 18
6 2 23
6 3 8
6 5 23
7 2 16
7 6 3
8 0 1
8 1 20
8 2 9
8 4 7
8 5 12
8 7 22
9 0 25
9 2 22
9 6 6
10 1 1
10 2 13
10 4 24
10 5 14
10 6 19
10 7 23
10 8 5
11 0 23
11 1 10
11 3 6
11 4 23
11 5 20
11 10 13
12 2 27
12 4 25
12 5 17
12 7 19
12 9 16
12 11 7
13 0 19
13 1 4
13 7 26
13 8 4
13 9 12
13 10 3
13 11 5
14 1 11
14 2 20
14 4 9
14 5 17
14 6 10
14 7 22
14 8 28
14 11 28
15 0 6
15 1 3
15 3 27
15 5 22
15 6 3
15 8 21
15 9 20
15 11 4
15 12 2
16 1 25
16 2 12
16 9 19
16 10 17
16 12 10
16 14 26
16 15 12
17 0 21
17 1 16
17 2 24
17 6 25
17 7 17
17 10 22
17 12 15
17 16 2
18 0 23
18 1 16
18 2 12
18 4 25
18 5 2
18 6 3
18 7 16
18 8 27
18 10 17
18 17 4
19 0 18
19 1 11
19 2 26
19 3 26
19 4 17
19 8 16
19 9 2
19 10 15
19 13 25
19 14 1
19 17 24
19 18 6
20 1 24
20 2 26
20 4 8
20 5 5
20 6 18
20 10 10
20 11 17
20 14 11
20 15 22
20 16 4
20 17 15
20 18 20
20 19 1
21 0 15
21 1 5
21 2 22
21 11 11
21 12 3
21 14 13
21 16 1
21 20 4
22 1 13
22 9 20
22 14 4
22 15 12
22 18 28
22 19 22
22 20 2
22 21 3
23 0 27
23 1 10
23 2 26
23 4 13
23 5 5
23 8 17
23 9 27
23 11 5
23 12 25
23 13 18
23 16 5
23 17 5
23 20 9
23 22 3
