28
1 0 11
2 0 3
2 1 19
3 0 10
3 1 3
3 2 2
4 0 12
4 1 17
4 2 26
4 3 27
5 0 24
5 1 17
5 2 12
5 3 28
5 4 14
6 0 24
6 1 6
6 2 4
6 3 16
6 4 2
6 5 22
7 0 8
7 1 10
7 2 27
7 3 3
7 4 26
7 5 17
7 6 16
8 0 22
8 1 27
8 2 25
8 3 16
8 4 13
8 5 12
8 6 18
8 7 1
9 0 22
9 1 18
9 2 20
9 3 9
9 4 10
9 5 18
9 6 12
9 7 20
9 8 22
10 0 15
10 1 21
10 2 4
10 3 28
10 4 21
10 5 20
10 6 5
10 7 24
10 8 3
10 9 18
11 0 29
11 1 17
11 2 21
11 3 17
11 4 15
11 5 13
11 6 25
11 7 26
11 8 16
11 9 16
11 10 8
12 0 18
12 1 5
12 2 16
12 3 11
12 4 11
12 5 8
12 6 9
12 7 1
12 8 10
12 9 22
12 10 4
12 11 3
13 0 28
13 1 14
13 2 2
13 3 4
13 4 18
13 5 27
13 6 1
13 7 9
13 8 19
13 9 21
13 10 5
13 11 26
13 12 16
14 0 2
14 1 23
14 2 8
14 3 5
14 4 7
14 5 14
14 6 3
14 7 23
14 8 1
14 9 29
14 10 7
14 11 21
14 12 19
14 13 22
15 0 10
15 1 28
15 2 16
15 3 19
15 4 17
15 5 9
15 6 24
15 7 7
15 8 20
15 9 29
15 10 26
15 11 27
15 12 29
15 13 8
15 14 26
16 0 20
16 1 23
16 2 24
16 3 5
16 4 3
16 5 22
16 6 4
16 7 9
16 8 4
16 9 7
16 10 27
16 11 23
16 12 19
16 13 27
16 14 5
16 15 16
17 0 24
17 1 1
17 2 11
17 3 17
17 4 24
17 5 24
17 6 21
17 7 10
17 8 2
17 9 19
17 10 14
17 11 7
17 12 29
17 13 7
17 14 19
17 15 17
17 16 28
18 0 5
18 1 28
18 2 5
18 3 29
18 4 29
18 5 11
18 6 3
18 7 9
18 8 27
18 9 6
18 10 23
18 11 23
18 12 13
18 13 25
18 14 27
18 15 12
18 16 5
18 17 6
19 0 10
19 1 5
19 2 26
19 3 17
19 4 9
19 5 25
19 6 10
19 7 10
19 8 25
19 9 5
19 10 10
19 11 6
19 12 12
19 13 9
19 14 11
19 15 12
19 16 28
19 17 28
19 18 28
20 0 7
20 1 20
20 2 7
20 3 18
20 4 21
20 5 23
20 6 28
20 7 28
20 8 14
20 9 22
20 10 22
20 11 15
20 12 10
20 13 10
20 14 4
20 15 5
20 16 10
20 17 12
20 18 9
20 19 10
21 0 7
21 1 14
21 2 15
21 3 28
21 4 29
21 5 19
21 6 12
21 7 18
21 8 2
21 9 3
21 10 2
21 11 29
21 12 16
21 13 2
21 14 12
21 15 29
21 16 9
21 17 25
21 18 19
21 19 5
21 20 25
22 0 10
22 1 7
22 2 18
22 3 10
22 4 13
22 5 10
22 6 16
22 7 10
22 8 23
22 9 28
22 10 18
22 11 23
22 12 27
22 13 27
22 14 10
22 15 19
22 16 10
22 17 20
22 18 26
22 19 27
22 20 27
22 21 18
23 0 1
23 1 7
23 2 14
23 3 29
23 4 9
23 5 2
23 6 24
23 7 2
23 8 9
23 9 14
23 10 11
23 11 25
23 12 2
23 13 10
23 14 26
23 15 19
23 16 14
23 17 8
23 18 12
23 19 3
23 20 17
23 21 9
23 22 8
24 0 23
24 1 9
24 2 25
24 3 17
24 4 6
24 5 9
24 6 25
24 7 24
24 8 23
24 9 19
24 10 27
24 11 7
24 12 20
24 13 8
24 14 4
24 15 6
24 16 20
24 17 13
24 18 10
24 19 1
24 20 3
24 21 17
24 22 18
24 23 13
25 0 14
25 1 8
25 2 28
25 3 27
25 4 8
25 5 13
25 6 11
25 7 23
25 8 16
25 9 18
25 10 1
25 11 14
25 12 5
25 13 9
25 14 5
25 15 9
25 16 8
25 17 12
25 18 23
25 19 6
25 20 8
25 21 16
25 22 5
25 23 15
25 24 26
26 0 15
26 1 15
26 2 7
26 3 11
26 4 6
26 5 5
26 6 19
26 7 21
26 8 6
26 9 27
26 10 2
26 11 26
26 12 5
26 13 13
26 14 14
26 15 15
26 16 28
26 17 1
26 18 15
26 19 20
26 20 16
26 21 9
26 22 7
26 23 28
26 24 25
26 25 27
27 0 22
27 1 9
27 2 17
27 3 6
27 4 8
27 5 20
27 6 14
27 7 23
27 8 23
27 9 24
27 10 12
27 11 15
27 12 26
27 13 6
27 14 19
27 15 6
27 16 21
27 17 3
27 18 23
27 19 20
27 20 23
27 21 9
27 22 5
27 23 21
27 24 17
27 25 11
27 26 11
