47
2 0 48
3 1 11
3 2 2
4 0 47
4 3 28
5 4 18
6 1 18
6 4 7
6 5 44
7 2 10
7 5 18
7 6 8
8 0 50
8 1 11
8 2 38
8 4 50
8 5 32
8 6 50
8 7 17
9 1 26
9 4 53
9 5 38
10 0 40
10 2 12
10 4 35
10 5 21
10 6 44
10 7 22
10 8 4
11 1 52
11 5 20
12 1 37
12 2 12
12 3 10
12 4 25
12 10 14
13 0 38
13 2 42
13 3 1
13 4 42
13 6 23
13 9 48
13 11 43
13 12 43
14 0 19
14 1 46
14 2 13
14 3 36
14 4 21
14 7 1
14 8 15
14 9 48
14 11 7
14 13 1
15 0 37
15 1 29
15 2 9
15 4 39
15 5 43
15 7 6
15 9 8
15 10 8
15 13 7
16 1 7
16 5 24
16 6 22
16 7 9
16 9 13
16 14 51
16 15 36
17 3 38
17 5 34
17 7 33
17 10 38
17 11 24
17 12 19
17 13 30
17 14 48
18 1 4
18 3 16
18 5 45
18 6 48
18 10 13
18 13 39
18 14 42
18 15 26
18 16 40
18 17 19
19 1 35
19 3 9
19 4 30
19 5 38
19 6 32
19 8 29
19 10 25
19 12 29
19 13 31
19 14 38
19 18 22
20 0 53
20 1 27
20 2 3
20 3 48
20 4 26
20 5 27
20 6 47
20 7 27
20 10 12
20 11 28
20 12 51
20 14 20
20 19 23
21 0 46
21 1 15
21 2 9
21 5 22
21 7 21
21 9 33
21 13 40
21 14 42
21 15 10
21 16 14
21 18 10
21 20 22
22 1 21
22 2 48
22 4 40
22 5 32
22 9 24
22 10 9
22 13 46
22 14 27
22 16 6
22 18 18
22 20 24
22 21 49
23 0 21
23 2 19
23 4 19
23 7 8
23 8 26
23 10 22
23 11 47
23 12 45
23 13 11
23 14 14
23 15 51
23 17 9
23 19 10
23 20 33
23 22 24
24 2 47
24 4 26
24 5 38
24 9 5
24 14 9
24 16 23
24 17 4
24 18 51
24 19 17
24 20 17
24 22 43
24 23 45
25 0 30
25 4 30
25 8 40
25 9 4
25 10 40
25 12 30
25 14 3
25 18 51
25 21 37
26 1 50
26 3 36
26 4 20
26 7 1
26 8 3
26 10 41
26 11 27
26 12 9
26 15 42
26 17 24
26 18 47
26 19 5
26 21 42
26 22 17
27 0 20
27 1 51
27 2 46
27 4 31
27 5 18
27 6 1
27 7 47
27 10 1
27 11 50
27 13 2
27 15 50
27 22 17
27 23 10
27 24 50
27 25 32
27 26 6
28 0 40
28 2 9
28 4 13
28 5 39
28 7 20
28 9 20
28 11 53
28 12 21
28 13 4
28 14 22
28 15 51
28 16 26
28 17 37
28 18 30
28 22 35
28 24 3
28 25 23
29 0 8
29 1 12
29 3 22
29 6 25
29 7 40
29 8 13
29 9 28
29 10 40
29 15 50
29 17 35
29 18 21
29 19 49
29 20 44
29 21 24
29 23 50
29 24 4
29 26 52
30 0 44
30 1 16
30 3 39
30 7 12
30 12 47
30 13 34
30 18 51
30 21 43
30 22 4
30 24 26
30 27 42
31 0 46
31 4 39
31 5 37
31 6 43
31 7 3
31 15 5
31 16 43
31 17 23
31 21 44
31 22 30
31 24 1
31 25 23
31 26 14
32 0 2
32 4 29
32 6 7
32 7 3
32 8 42
32 9 35
32 12 24
32 13 29
32 14 51
32 18 47
32 19 48
32 20 19
32 21 18
32 22 31
32 23 49
32 24 44
32 25 10
32 27 21
32 29 29
32 30 16
33 0 36
33 2 15
33 8 1
33 11 53
33 14 42
33 16 50
33 17 42
33 20 3
33 22 29
33 23 26
33 25 11
33 28 22
33 29 1
33 30 9
33 31 14
33 32 28
34 3 50
34 7 36
34 8 14
34 9 18
34 10 20
34 11 3
34 12 25
34 14 31
34 16 28
34 17 25
34 20 11
34 21 36
34 24 16
34 25 14
34 26 27
34 30 18
35 0 42
35 2 35
35 4 15
35 5 3
35 7 15
35 8 31
35 10 49
35 11 21
35 12 46
35 14 5
35 17 23
35 18 32
35 19 26
35 20 32
35 23 42
35 25 50
35 32 5
35 34 47
36 4 7
36 5 47
36 7 46
36 12 23
36 14 42
36 15 15
36 17 5
36 19 8
36 20 21
36 22 45
36 26 17
36 29 47
36 31 45
36 32 24
36 35 5
37 0 6
37 4 9
37 5 15
37 7 16
37 8 22
37 9 21
37 11 49
37 12 23
37 13 27
37 18 23
37 21 6
37 22 24
37 23 23
37 27 33
37 28 7
37 31 32
37 33 6
37 35 4
38 1 39
38 4 4
38 6 40
38 7 32
38 9 49
38 11 29
38 12 19
38 14 36
38 16 21
38 21 13
38 22 21
38 23 14
38 24 19
38 26 5
38 27 44
38 31 18
38 34 12
38 35 48
39 2 50
39 3 15
39 6 11
39 8 15
39 9 29
39 11 24
39 12 6
39 13 17
39 15 9
39 18 22
39 20 18
39 27 48
39 28 21
39 29 33
39 31 48
39 32 35
39 36 40
39 37 34
39 38 15
40 0 50
40 2 47
40 4 45
40 6 32
40 7 17
40 10 40
40 13 9
40 15 53
40 16 24
40 17 14
40 19 43
40 20 51
40 22 47
40 23 13
40 24 39
40 25 12
40 27 12
40 28 20
40 31 22
40 32 5
40 33 44
40 34 32
40 36 44
40 37 33
40 38 37
41 0 17
41 4 48
41 7 42
41 8 10
41 9 8
41 10 25
41 11 30
41 13 44
41 14 50
41 19 11
41 20 27
41 23 10
41 26 36
41 32 12
41 33 53
41 34 40
41 35 22
41 38 13
42 0 41
42 3 7
42 4 41
42 5 16
42 7 48
42 8 26
42 12 51
42 16 32
42 17 18
42 19 5
42 20 24
42 21 14
42 24 45
42 26 44
42 27 11
42 28 40
42 31 48
42 32 34
42 33 23
42 34 4
42 39 41
43 2 9
43 5 40
43 7 8
43 8 10
43 10 21
43 12 19
43 13 6
43 14 43
43 15 37
43 16 6
43 21 35
43 23 25
43 24 13
43 25 15
43 30 7
43 32 50
43 33 23
43 35 25
43 36 43
43 37 42
43 39 12
43 40 37
43 42 45
44 1 4
44 3 43
44 5 10
44 6 25
44 7 14
44 8 53
44 9 23
44 11 35
44 12 22
44 13 6
44 14 12
44 15 20
44 16 18
44 17 27
44 18 49
44 19 17
44 21 14
44 23 9
44 24 48
44 25 47
44 28 19
44 29 28
44 30 30
44 32 6
44 36 23
44 40 47
44 41 44
44 42 13
44 43 51
45 5 43
45 6 16
45 7 33
45 13 28
45 15 44
45 18 33
45 19 36
45 21 48
45 24 48
45 25 48
45 26 17
45 27 39
45 31 10
45 34 18
45 36 45
45 38 20
45 39 37
45 40 53
45 42 24
46 4 37
46 5 20
46 7 25
46 8 53
46 9 10
46 10 10
46 13 40
46 14 9
46 15 52
46 21 29
46 24 43
46 28 38
46 29 35
46 31 46
46 34 38
46 36 22
46 37 21
46 39 7
46 41 19
46 42 3
46 44 34
