51
2 0 10
2 1 38
3 2 9
4 0 33
4 1 2
4 2 34
5 0 4
5 1 29
6 1 5
6 3 33
6 4 10
7 4 30
7 5 38
8 4 15
8 6 8
9 3 2
9 5 33
9 6 13
10 0 27
10 1 37
10 2 33
10 5 19
10 8 32
11 0 17
11 2 13
11 5 34
11 6 18
11 7 27
11 8 1
11 9 32
11 10 28
12 0 16
12 1 6
12 2 3
12 3 24
12 4 37
12 6 4
12 7 21
12 11 34
13 0 38
13 2 22
13 5 18
13 8 8
13 9 34
13 10 19
14 1 37
14 2 26
14 3 3
14 5 23
14 7 17
14 9 34
14 10 14
14 11 8
14 12 2
15 0 15
15 1 31
15 5 15
15 7 5
15 8 21
15 9 5
15 11 19
15 12 6
16 6 6
16 8 9
16 10 1
16 11 33
16 12 19
16 14 4
16 15 21
17 0 30
17 1 21
17 2 26
17 3 32
17 7 5
17 8 35
17 9 31
17 10 27
17 12 1
17 13 30
17 14 11
17 15 26
17 16 5
18 0 20
18 4 14
18 6 17
18 9 6
18 11 29
18 13 1
18 14 9
18 17 20
19 2 27
19 3 1
19 6 25
19 8 19
19 9 10
19 11 8
19 12 38
19 18 10
20 1 12
20 6 11
20 8 35
20 9 21
20 12 16
20 13 24
20 17 35
20 18 3
21 0 10
21 1 7
21 2 17
21 3 31
21 5 8
21 6 37
21 10 13
21 11 20
21 12 28
21 14 32
21 16 7
22 6 22
22 9 1
22 10 32
22 11 2
22 14 31
22 15 14
22 16 28
22 17 37
22 19 5
23 5 22
23 9 9
23 11 16
23 13 13
23 15 1
23 16 30
23 22 25
24 0 34
24 1 9
24 2 12
24 5 30
24 6 13
24 9 2
24 11 30
24 12 38
24 14 33
24 19 35
24 22 18
24 23 27
25 9 23
25 10 29
25 11 28
25 12 17
25 13 14
25 16 17
25 17 30
25 18 38
25 19 7
25 20 16
25 21 11
25 24 21
26 0 36
26 3 24
26 5 21
26 7 37
26 8 9
26 9 29
26 14 33
26 17 24
26 19 12
26 20 5
26 22 23
26 24 9
26 25 13
27 0 37
27 1 32
27 2 11
27 3 32
27 4 33
27 9 21
27 10 28
27 11 25
27 12 23
27 13 6
27 16 23
27 18 6
27 21 33
27 23 7
27 24 13
28 0 26
28 3 29
28 4 15
28 6 29
28 8 19
28 10 15
28 12 1
28 13 38
28 14 7
28 17 32
28 20 15
28 22 27
28 23 23
28 25 15
28 26 27
28 27 2
29 0 11
29 1 14
29 3 16
29 5 19
29 7 16
29 9 23
29 14 26
29 17 13
29 20 36
29 24 22
29 25 24
30 1 26
30 2 25
30 5 35
30 6 11
30 9 29
30 11 3
30 15 4
30 16 35
30 19 37
30 20 3
30 21 26
30 22 23
30 24 37
30 25 38
30 26 16
30 28 31
31 0 19
31 1 24
31 2 26
31 6 18
31 8 17
31 9 8
31 10 15
31 11 9
31 12 32
31 14 5
31 21 24
31 22 37
31 26 2
31 28 20
31 29 32
31 30 27
32 0 27
32 3 19
32 5 34
32 6 15
32 7 3
32 12 19
32 14 10
32 16 8
32 20 13
32 23 30
32 24 28
32 28 10
32 29 32
32 30 25
32 31 23
33 0 18
33 2 34
33 8 4
33 10 25
33 12 28
33 16 22
33 17 38
33 18 29
33 20 11
33 22 19
33 26 12
33 27 18
33 28 38
33 29 1
33 30 20
33 31 25
34 1 27
34 3 3
34 4 30
34 10 21
34 11 11
34 17 25
34 23 10
34 28 9
34 29 20
34 31 35
35 0 23
35 1 32
35 3 38
35 7 18
35 8 36
35 9 29
35 11 22
35 14 24
35 17 23
35 18 3
35 20 34
35 21 21
35 26 31
35 30 29
35 32 37
35 34 18
36 0 6
36 1 30
36 3 23
36 4 2
36 7 26
36 8 30
36 9 24
36 10 3
36 14 8
36 15 27
36 17 12
36 19 37
36 21 35
36 22 27
36 25 30
36 28 1
36 29 24
36 31 33
37 1 6
37 2 8
37 6 25
37 8 11
37 9 32
37 10 13
37 11 37
37 13 24
37 15 21
37 17 31
37 22 7
37 23 4
37 28 12
37 29 22
37 35 31
37 36 13
38 0 32
38 3 27
38 6 26
38 7 38
38 8 13
38 11 20
38 15 18
38 17 20
38 19 23
38 20 38
38 22 16
38 26 23
38 31 22
38 34 16
38 35 10
39 0 26
39 5 12
39 7 36
39 9 8
39 11 27
39 13 16
39 14 35
39 15 9
39 19 12
39 20 16
39 22 30
39 23 30
39 26 32
39 28 19
39 30 27
39 31 17
39 32 37
39 34 17
39 35 32
39 38 4
40 0 35
40 3 18
40 4 21
40 8 11
40 9 3
40 11 15
40 12 17
40 13 23
40 14 9
40 15 1
40 16 7
40 17 35
40 19 34
40 23 21
40 26 7
40 27 27
40 29 9
40 30 18
40 33 9
40 37 33
40 38 26
41 1 13
41 3 13
41 4 7
41 5 33
41 7 13
41 8 29
41 10 5
41 11 3
41 12 21
41 13 35
41 14 18
41 16 34
41 17 10
41 19 36
41 20 28
41 21 1
41 22 2
41 24 9
41 25 23
41 27 17
41 28 12
41 29 33
41 32 29
41 37 1
41 38 14
42 0 31
42 1 3
42 2 37
42 3 37
42 4 10
42 5 22
42 8 23
42 9 13
42 11 10
42 15 32
42 17 11
42 19 3
42 20 3
42 22 3
42 24 32
42 25 32
42 26 6
42 27 17
42 28 29
42 31 29
42 36 15
42 37 29
42 41 11
43 0 15
43 4 17
43 5 23
43 6 6
43 7 18
43 9 9
43 11 22
43 13 29
43 14 16
43 15 13
43 16 32
43 17 30
43 18 38
43 21 31
43 26 27
43 27 8
43 28 36
43 31 16
43 32 10
43 33 21
43 34 38
43 35 19
43 38 31
43 39 4
43 40 10
43 41 7
43 42 20
44 0 20
44 1 2
44 2 33
44 3 34
44 4 28
44 5 5
44 6 12
44 9 1
44 10 2
44 12 24
44 15 13
44 18 32
44 22 24
44 24 6
44 26 21
44 29 37
44 31 27
44 32 28
44 35 2
44 36 2
44 38 38
44 39 37
44 43 33
45 1 6
45 3 8
45 4 26
45 6 36
45 7 11
45 8 32
45 12 6
45 13 30
45 16 3
45 17 9
45 20 6
45 22 13
45 23 23
45 24 2
45 26 14
45 28 21
45 30 13
45 31 28
45 34 2
45 35 20
45 36 21
45 37 25
45 39 21
45 40 23
45 42 6
46 5 20
46 7 27
46 8 26
46 9 25
46 11 7
46 12 13
46 13 18
46 14 24
46 16 8
46 17 15
46 18 30
46 24 18
46 27 21
46 30 26
46 33 32
46 34 17
46 41 15
46 44 16
47 0 34
47 1 13
47 4 3
47 6 34
47 7 24
47 8 24
47 9 32
47 10 29
47 11 34
47 12 12
47 13 4
47 14 37
47 16 36
47 17 25
47 18 9
47 20 29
47 21 4
47 23 25
47 25 21
47 26 27
47 28 35
47 29 23
47 31 34
47 33 13
47 35 30
47 40 35
47 41 36
47 42 12
47 43 32
47 46 23
48 1 16
48 3 3
48 4 17
48 7 9
48 12 34
48 14 9
48 16 27
48 18 20
48 19 26
48 22 8
48 23 35
48 24 23
48 26 27
48 27 29
48 29 18
48 31 10
48 33 31
48 35 14
48 36 34
48 37 12
48 38 3
48 40 22
48 41 27
48 44 6
48 45 34
48 46 28
49 0 17
49 1 21
49 3 37
49 11 9
49 12 9
49 14 15
49 15 14
49 16 14
49 18 22
49 20 33
49 21 16
49 23 7
49 29 3
49 34 33
49 39 21
49 41 19
49 42 14
49 47 22
50 1 37
50 2 36
50 4 7
50 5 10
50 7 8
50 8 2
50 12 18
50 16 15
50 17 29
50 22 19
50 26 27
50 28 7
50 29 35
50 30 15
50 31 8
50 32 34
50 33 36
50 34 36
50 37 9
50 39 12
50 40 38
50 43 8
50 45 34
50 46 36
