64
1 0 26
2 1 16
3 1 8
3 2 18
5 0 25
6 1 10
6 4 17
7 2 20
7 4 5
7 6 18
8 1 17
8 3 2
8 5 17
8 7 13
9 0 18
9 1 7
9 3 28
9 6 35
9 8 33
10 8 29
11 0 1
11 1 7
11 7 34
11 8 16
12 2 18
12 3 11
12 4 18
12 7 10
12 8 19
12 10 35
12 11 8
13 5 37
13 7 23
13 8 2
13 9 21
13 11 2
13 12 17
14 3 17
14 5 11
14 6 2
14 7 5
14 10 17
14 11 9
14 13 22
15 0 31
15 1 9
15 2 18
15 3 7
15 4 34
15 5 14
15 6 32
15 12 20
16 2 11
16 3 12
16 4 37
16 5 11
16 6 1
16 8 28
16 10 32
16 11 9
16 12 11
16 14 35
17 3 2
17 5 14
17 6 36
17 7 21
17 8 28
17 12 8
17 13 3
17 14 14
17 16 2
18 5 6
18 8 29
18 9 2
18 10 12
18 12 13
18 13 13
18 14 13
18 16 30
19 1 12
19 3 18
19 4 5
19 7 1
19 8 22
19 9 5
19 10 2
19 13 17
19 17 10
19 18 34
20 2 25
20 3 35
20 5 14
20 6 26
20 7 1
20 9 32
20 11 37
20 12 20
20 15 34
20 18 30
21 0 17
21 3 28
21 7 7
21 9 10
21 10 34
21 14 19
21 16 20
21 17 7
21 18 20
21 19 19
22 3 17
22 7 22
22 9 9
22 11 5
22 13 36
22 14 5
22 16 3
22 17 30
22 18 21
22 20 1
23 1 15
23 6 2
23 7 5
23 11 3
23 12 3
23 14 37
23 18 12
23 19 13
23 21 9
24 3 34
24 6 22
24 10 27
24 11 28
24 12 15
24 13 24
24 20 20
24 23 11
25 0 13
25 6 30
25 7 30
25 12 3
25 13 12
25 14 5
25 20 4
25 21 22
25 22 9
25 23 11
26 3 28
26 4 3
26 5 15
26 7 25
26 11 8
26 12 17
26 15 9
26 16 25
26 18 16
26 19 28
26 20 37
26 22 14
26 23 23
26 24 13
26 25 11
27 3 10
27 4 14
27 6 19
27 7 15
27 9 10
27 11 17
27 13 16
27 15 2
27 16 16
27 18 15
27 19 12
27 20 35
27 21 12
27 25 13
28 1 36
28 3 31
28 4 1
28 5 16
28 7 6
28 8 25
28 11 9
28 12 33
28 13 20
28 18 29
28 19 1
28 22 37
28 26 33
28 27 22
29 1 15
29 2 35
29 4 11
29 5 18
29 6 23
29 7 16
29 8 16
29 10 26
29 11 37
29 12 34
29 14 27
29 16 28
29 17 14
29 18 10
29 20 10
29 21 31
29 22 26
29 23 8
29 25 17
29 28 22
30 0 30
30 1 23
30 3 18
30 5 19
30 6 21
30 9 2
30 10 24
30 11 23
30 13 2
30 15 17
30 16 10
30 19 34
30 21 5
30 22 37
30 23 34
30 24 37
30 26 8
30 27 14
30 29 7
31 0 24
31 1 2
31 3 32
31 6 8
31 7 15
31 8 1
31 9 28
31 13 4
31 14 32
31 16 1
31 17 6
31 19 17
31 20 10
31 21 18
31 24 7
31 26 5
31 29 14
32 5 18
32 7 7
32 10 22
32 16 4
32 17 13
32 18 33
32 21 24
32 24 31
32 25 16
32 28 36
32 30 19
32 31 15
33 1 13
33 3 25
33 4 18
33 5 33
33 7 12
33 10 7
33 11 13
33 13 26
33 14 29
33 15 2
33 16 36
33 17 28
33 21 30
33 22 27
33 23 15
33 24 21
33 25 14
33 27 36
33 28 31
34 0 15
34 3 13
34 4 29
34 5 4
34 7 19
34 8 23
34 9 6
34 11 3
34 15 30
34 19 5
34 20 13
34 22 13
34 23 5
34 26 24
34 27 27
34 28 19
34 29 9
34 30 24
34 31 32
34 32 18
35 0 2
35 3 22
35 5 32
35 7 12
35 9 12
35 10 33
35 11 27
35 15 6
35 17 21
35 20 14
35 21 8
35 22 28
35 23 9
35 24 28
35 25 10
35 26 37
35 28 4
35 30 16
35 33 35
36 0 12
36 2 11
36 3 20
36 4 35
36 5 35
36 10 32
36 18 36
36 20 32
36 21 28
36 22 24
36 23 26
36 24 35
36 25 2
36 29 37
36 30 27
36 32 27
36 33 4
36 35 2
37 0 18
37 1 37
37 2 23
37 5 25
37 6 29
37 7 34
37 8 33
37 13 30
37 14 19
37 16 21
37 20 32
37 21 9
37 23 17
37 24 4
37 25 34
37 26 37
37 27 6
37 30 24
37 31 21
37 33 28
38 0 28
38 1 6
38 3 10
38 5 34
38 8 9
38 9 15
38 11 37
38 12 36
38 13 36
38 14 25
38 15 27
38 17 31
38 18 11
38 21 8
38 23 18
38 25 17
38 27 8
38 28 20
38 30 7
38 31 34
38 34 27
38 35 13
38 36 10
38 37 34
39 0 27
39 1 8
39 3 23
39 6 22
39 11 28
39 15 31
39 16 24
39 17 9
39 19 27
39 22 27
39 24 10
39 28 21
39 30 20
39 33 13
39 35 6
39 36 32
39 38 36
40 1 14
40 2 17
40 3 21
40 4 26
40 6 11
40 8 12
40 11 14
40 12 18
40 14 20
40 15 19
40 17 7
40 18 15
40 20 7
40 21 35
40 22 24
40 26 2
40 29 6
40 31 21
40 34 27
40 38 29
41 0 5
41 1 10
41 8 31
41 9 20
41 11 14
41 12 5
41 14 6
41 15 27
41 17 32
41 24 33
41 27 10
41 29 36
41 30 28
41 31 19
41 33 29
41 40 11
42 0 17
42 2 30
42 6 17
42 7 24
42 10 10
42 11 9
42 12 1
42 14 12
42 15 14
42 18 15
42 19 37
42 20 1
42 21 8
42 26 4
42 27 19
42 34 16
42 35 19
42 36 35
42 38 33
42 39 14
42 41 16
43 3 17
43 4 20
43 9 8
43 13 12
43 14 29
43 20 4
43 21 21
43 24 31
43 26 31
43 28 21
43 33 11
43 34 7
43 37 20
43 41 13
43 42 28
44 1 11
44 4 1
44 5 37
44 8 35
44 10 17
44 11 11
44 14 8
44 16 6
44 17 31
44 19 21
44 21 2
44 23 21
44 25 29
44 27 15
44 28 30
44 29 33
44 30 10
44 31 32
44 34 13
44 41 34
44 42 20
45 0 30
45 4 9
45 8 3
45 9 27
45 10 8
45 11 33
45 14 14
45 15 20
45 16 37
45 17 6
45 21 17
45 24 28
45 25 24
45 26 17
45 27 10
45 28 24
45 31 21
45 36 26
45 38 26
45 40 28
45 41 21
45 44 34
46 0 18
46 7 28
46 8 20
46 10 27
46 12 16
46 13 25
46 14 7
46 17 25
46 18 2
46 19 24
46 20 6
46 21 7
46 22 15
46 26 22
46 28 36
46 29 37
46 30 20
46 32 36
46 33 29
46 35 15
46 36 2
46 37 31
46 38 6
46 39 33
46 43 14
46 44 35
47 0 4
47 2 29
47 4 20
47 6 20
47 7 13
47 9 30
47 10 17
47 12 9
47 13 36
47 14 4
47 15 20
47 16 21
47 20 12
47 21 33
47 23 37
47 26 6
47 30 30
47 32 34
47 36 21
47 38 31
47 42 24
48 0 29
48 1 20
48 4 30
48 6 26
48 9 34
48 10 23
48 11 6
48 14 31
48 21 12
48 25 28
48 27 29
48 29 32
48 32 35
48 33 3
48 34 7
48 36 17
48 37 12
48 39 3
48 41 2
48 43 36
48 46 19
49 3 2
49 4 10
49 5 10
49 6 16
49 7 12
49 9 10
49 11 22
49 12 25
49 13 36
49 14 19
49 16 13
49 17 17
49 18 31
49 19 22
49 20 18
49 25 27
49 28 15
49 29 8
49 33 34
49 35 1
49 37 37
49 38 10
49 39 6
49 40 1
49 41 9
49 44 35
49 46 17
50 3 24
50 4 17
50 8 26
50 15 18
50 16 25
50 18 1
50 22 32
50 23 18
50 24 36
50 30 4
50 32 32
50 34 14
50 35 18
50 38 7
50 40 11
50 42 21
50 44 33
51 0 24
51 2 16
51 3 2
51 4 13
51 6 34
51 7 21
51 9 17
51 12 35
51 13 9
51 14 26
51 17 4
51 18 6
51 19 7
51 22 34
51 23 30
51 24 17
51 26 36
51 29 26
51 30 30
51 32 17
51 33 28
51 35 25
51 38 36
51 39 29
51 40 19
51 42 10
51 46 26
51 47 29
51 48 25
52 0 16
52 1 15
52 3 11
52 5 23
52 6 16
52 8 18
52 13 12
52 15 6
52 16 29
52 20 25
52 30 11
52 34 4
52 36 15
52 39 1
52 41 21
52 42 13
52 43 25
52 48 17
52 49 34
52 51 31
53 0 34
53 6 17
53 7 6
53 8 20
53 10 1
53 13 35
53 15 32
53 16 7
53 18 7
53 19 27
53 24 37
53 25 11
53 27 23
53 29 10
53 32 9
53 33 36
53 37 28
53 39 8
53 43 32
53 44 33
53 46 4
53 48 23
53 49 4
53 50 25
53 51 14
54 0 32
54 4 35
54 5 34
54 6 34
54 8 29
54 9 18
54 14 32
54 16 8
54 22 3
54 23 17
54 31 30
54 32 31
54 34 16
54 36 18
54 37 33
54 38 3
54 40 11
54 41 36
54 42 25
54 43 6
54 45 4
54 46 9
54 50 11
54 51 29
54 52 6
55 0 36
55 4 9
55 6 7
55 8 27
55 10 5
55 12 13
55 13 31
55 17 31
55 18 28
55 19 1
55 22 12
55 25 36
55 29 5
55 30 31
55 32 22
55 35 29
55 39 6
55 42 31
55 43 27
55 44 35
55 46 29
55 50 14
55 51 16
55 52 10
55 54 23
56 1 14
56 2 27
56 5 35
56 6 1
56 8 26
56 11 5
56 20 4
56 21 7
56 23 13
56 25 20
56 26 15
56 27 36
56 33 10
56 37 12
56 38 20
56 41 30
56 45 20
56 46 17
56 47 15
56 50 27
56 52 12
56 53 25
56 54 23
56 55 31
57 1 14
57 3 33
57 5 7
57 7 6
57 8 16
57 9 3
57 12 10
57 16 27
57 19 24
57 21 22
57 22 8
57 23 23
57 25 9
57 26 6
57 27 31
57 28 11
57 29 4
57 31 31
57 32 14
57 33 2
57 35 2
57 36 4
57 39 12
57 41 30
57 44 7
57 45 11
57 50 20
57 51 34
57 52 2
57 53 30
57 54 31
57 55 22
58 0 19
58 3 20
58 8 30
58 10 30
58 11 32
58 14 13
58 16 7
58 19 16
58 24 28
58 25 3
58 28 19
58 31 6
58 32 19
58 38 12
58 39 28
58 41 6
58 43 8
58 46 1
58 47 5
58 49 17
58 52 10
58 53 13
58 55 8
58 56 32
59 2 31
59 4 26
59 5 26
59 6 1
59 8 6
59 10 36
59 13 27
59 14 8
59 15 31
59 17 30
59 20 2
59 21 6
59 25 19
59 27 25
59 29 28
59 30 13
59 32 34
59 33 32
59 35 4
59 36 35
59 39 26
59 40 28
59 41 1
59 45 37
59 47 25
59 51 25
59 52 32
59 56 31
59 58 35
60 0 8
60 3 28
60 4 16
60 8 22
60 10 10
60 11 29
60 12 14
60 16 15
60 18 13
60 26 26
60 29 12
60 33 8
60 34 13
60 37 3
60 39 28
60 42 27
60 43 21
60 44 2
60 48 35
60 50 32
60 51 9
60 53 14
60 54 18
60 55 17
60 56 8
60 57 36
60 58 25
61 1 13
61 2 3
61 3 10
61 4 31
61 5 3
61 8 32
61 9 5
61 12 11
61 13 13
61 15 16
61 16 12
61 17 7
61 21 35
61 22 24
61 27 23
61 31 2
61 35 28
61 36 15
61 38 3
61 41 19
61 42 17
61 43 30
61 44 32
61 45 4
61 51 7
61 53 4
61 57 12
61 59 22
61 60 33
62 0 3
62 1 28
62 2 17
62 3 13
62 7 1
62 8 11
62 9 22
62 11 19
62 12 26
62 13 9
62 17 32
62 18 29
62 19 19
62 20 9
62 24 7
62 25 33
62 32 10
62 34 17
62 37 20
62 39 29
62 40 17
62 41 30
62 43 28
62 45 37
62 46 31
62 49 31
62 52 9
62 54 25
62 56 19
62 58 12
62 59 20
62 60 17
62 61 35
63 1 2
63 2 35
63 12 8
63 13 28
63 16 32
63 17 7
63 18 27
63 19 16
63 22 37
63 25 11
63 27 15
63 28 37
63 32 4
63 33 3
63 34 15
63 35 2
63 37 7
63 39 29
63 40 1
63 41 3
63 42 28
63 44 1
63 46 24
63 47 26
63 50 4
63 52 13
63 53 8
63 55 24
63 58 19
63 60 16
