35
3 2 27
4 2 32
5 3 28
5 4 26
6 0 38
6 1 23
6 5 17
7 6 22
8 3 6
8 4 8
8 6 35
9 1 20
9 2 37
9 3 17
9 4 12
9 5 30
9 6 36
9 8 10
10 0 3
10 1 24
10 2 28
10 3 4
10 6 24
10 7 29
10 8 1
10 9 33
11 2 18
11 3 16
11 5 12
11 10 15
12 1 2
12 6 12
12 8 29
13 0 11
13 1 37
13 3 35
13 5 16
13 7 13
13 8 38
13 9 37
13 10 25
13 11 19
13 12 32
14 1 35
14 2 3
14 3 38
14 4 31
14 5 39
14 6 32
14 7 28
14 9 19
14 10 2
14 11 1
15 0 34
15 1 31
15 2 29
15 3 38
15 4 7
15 6 15
15 7 23
15 8 8
15 9 36
15 13 6
15 14 20
16 0 32
16 1 23
16 2 29
16 3 7
16 4 35
16 5 22
16 7 6
16 8 12
16 10 5
16 13 20
16 14 3
16 15 21
17 1 7
17 7 36
17 8 22
17 9 21
17 11 16
17 12 36
17 14 11
17 15 13
18 0 32
18 1 27
18 3 14
18 4 35
18 5 13
18 6 6
18 8 9
18 10 4
18 12 4
18 16 38
19 0 1
19 1 38
19 2 23
19 3 15
19 5 18
19 6 19
19 7 9
19 8 21
19 11 3
19 13 13
19 14 30
19 15 21
19 16 3
19 17 15
19 18 23
20 0 28
20 1 3
20 3 8
20 6 34
20 7 32
20 9 14
20 10 8
20 13 30
20 14 29
20 15 15
20 16 31
20 17 6
21 1 36
21 3 16
21 5 11
21 12 2
21 13 33
21 14 5
21 16 14
21 17 37
22 0 12
22 3 27
22 4 19
22 5 19
22 6 28
22 8 32
22 9 13
22 10 8
22 12 15
22 13 4
22 14 25
22 15 10
22 16 33
22 17 1
22 21 30
23 0 31
23 2 31
23 6 8
23 8 38
23 9 17
23 10 33
23 11 5
23 15 2
23 17 24
23 18 6
24 2 5
24 4 33
24 6 37
24 7 31
24 8 14
24 9 32
24 11 30
24 12 36
24 13 31
24 14 14
24 16 30
24 17 7
24 18 20
24 19 2
24 20 35
24 22 17
24 23 15
25 1 29
25 2 33
25 4 23
25 5 37
25 6 34
25 7 25
25 8 21
25 14 19
25 18 6
25 21 1
25 22 26
25 23 25
26 4 26
26 5 26
26 6 29
26 8 14
26 10 17
26 12 21
26 14 33
26 17 13
26 18 39
26 19 3
26 21 34
26 22 11
26 23 26
26 25 9
27 0 11
27 1 18
27 3 10
27 4 9
27 5 9
27 9 36
27 10 27
27 11 12
27 15 18
27 17 1
27 18 31
27 19 32
27 20 17
27 21 6
27 22 26
27 24 34
27 25 14
28 0 29
28 1 1
28 3 16
28 8 7
28 9 16
28 11 26
28 17 31
28 21 32
28 24 26
28 25 27
29 2 29
29 3 22
29 5 27
29 6 33
29 10 34
29 12 20
29 20 10
29 21 26
29 22 34
29 25 30
29 27 35
30 2 10
30 4 23
30 5 36
30 8 25
30 10 31
30 11 34
30 13 11
30 14 34
30 15 19
30 16 17
30 17 24
30 18 22
30 19 17
30 20 31
30 21 30
30 22 11
30 23 37
30 24 11
30 25 18
30 29 16
31 0 7
31 1 35
31 3 24
31 4 22
31 5 27
31 6 34
31 9 25
31 11 39
31 13 15
31 15 7
31 17 34
31 18 9
31 20 32
31 21 31
31 23 26
31 24 30
31 26 36
31 28 26
32 0 32
32 2 16
32 3 35
32 6 3
32 8 30
32 9 31
32 12 15
32 17 37
32 18 32
32 19 8
32 20 33
32 21 27
32 23 13
32 25 14
32 30 1
33 0 8
33 2 13
33 3 34
33 6 38
33 7 13
33 8 25
33 9 12
33 17 21
33 18 6
33 22 36
33 24 27
33 25 14
33 29 8
33 30 23
33 31 24
33 32 24
34 2 13
34 5 18
34 6 34
34 7 12
34 8 34
34 10 26
34 12 34
34 13 26
34 14 23
34 15 38
34 17 19
34 18 4
34 19 8
34 20 13
34 21 7
34 22 6
34 23 10
34 25 25
34 26 37
34 29 22
34 30 11
34 31 3
34 32 9
34 33 39
