53
1 0 8
2 1 4
3 0 2
4 0 4
4 1 13
4 3 14
5 2 9
5 3 10
5 4 11
6 0 11
6 1 3
6 2 6
6 4 8
7 0 3
7 2 9
7 4 7
7 6 11
8 0 3
8 2 1
8 5 5
9 2 15
9 3 4
9 6 11
10 4 3
10 5 6
10 6 3
10 8 13
10 9 15
11 2 6
11 4 10
11 9 15
12 0 5
12 2 12
12 4 11
12 5 6
13 0 5
13 2 2
13 3 11
13 4 5
13 5 2
13 8 2
13 9 3
13 11 12
14 4 14
14 5 14
14 6 10
14 7 4
14 9 3
14 10 15
15 4 2
15 5 12
15 6 7
15 8 8
15 10 8
15 14 7
16 0 14
16 2 10
16 3 6
16 4 9
16 5 10
16 8 3
16 9 2
16 12 14
17 0 13
17 1 13
17 2 1
17 3 6
17 5 1
17 7 13
17 8 10
17 10 2
17 12 2
17 13 10
17 16 9
18 2 8
18 4 1
18 5 7
18 7 4
18 8 13
18 11 15
18 13 15
18 14 4
18 16 14
18 17 2
19 0 11
19 1 15
19 4 3
19 5 7
19 6 9
19 7 3
19 8 15
19 9 4
19 10 7
19 16 2
19 17 4
19 18 5
20 0 13
20 2 3
20 3 8
20 7 13
20 9 13
20 10 10
20 11 12
20 13 4
20 15 6
20 17 11
20 19 1
21 1 8
21 4 3
21 5 14
21 6 15
21 7 15
21 11 12
21 14 9
21 15 11
21 19 10
22 1 3
22 3 2
22 4 14
22 6 12
22 7 9
22 9 9
22 11 2
22 13 1
22 14 12
22 18 11
23 4 1
23 9 4
23 10 1
23 12 9
23 14 7
23 15 1
23 18 2
23 20 1
23 21 3
23 22 5
24 2 8
24 5 13
24 6 7
24 7 2
24 8 14
24 11 12
24 14 9
24 16 11
24 17 11
24 18 2
24 23 8
25 3 5
25 4 13
25 5 1
25 6 9
25 9 4
25 10 2
25 11 8
25 12 5
25 13 2
25 15 6
25 19 13
25 20 14
25 21 8
25 23 7
25 24 15
26 2 10
26 4 5
26 6 6
26 8 5
26 9 14
26 12 13
26 13 3
26 14 7
26 19 14
26 20 2
26 21 5
26 22 2
26 24 6
27 2 10
27 9 2
27 11 12
27 13 1
27 15 10
27 17 6
27 19 10
27 21 9
27 23 10
27 24 10
27 25 5
28 1 10
28 2 2
28 3 3
28 4 1
28 6 10
28 8 12
28 9 11
28 10 7
28 13 4
28 15 15
28 16 14
28 18 2
28 19 6
28 22 10
28 24 14
28 25 11
28 27 12
29 3 13
29 6 13
29 8 3
29 10 11
29 13 8
29 14 3
29 18 10
29 19 7
29 20 10
29 23 3
29 27 14
29 28 15
30 5 14
30 7 8
30 11 11
30 12 14
30 13 8
30 14 7
30 16 9
30 17 10
30 20 3
30 21 14
30 23 15
30 24 11
30 26 2
30 29 5
31 0 11
31 4 5
31 6 12
31 7 5
31 8 15
31 9 3
31 11 3
31 12 8
31 15 5
31 16 6
31 18 6
31 19 12
31 20 2
31 22 13
31 24 14
31 27 10
31 30 14
32 1 1
32 3 2
32 5 2
32 6 1
32 7 10
32 12 11
32 13 5
32 15 15
32 16 10
32 19 4
32 20 6
32 21 13
32 22 5
32 26 6
33 0 8
33 2 1
33 3 8
33 8 9
33 9 11
33 11 9
33 12 9
33 13 4
33 18 1
33 19 1
33 20 13
33 21 3
33 22 4
33 23 3
33 24 14
33 25 14
33 27 5
33 28 11
33 29 1
33 31 14
34 0 5
34 1 7
34 4 13
34 6 6
34 8 15
34 9 12
34 11 5
34 16 7
34 17 2
34 18 2
34 20 8
34 21 15
34 22 5
34 24 9
34 25 2
34 28 11
34 30 14
34 31 12
34 33 9
35 0 8
35 1 9
35 2 7
35 3 14
35 8 3
35 9 9
35 13 10
35 15 8
35 17 4
35 22 12
35 24 8
35 27 11
35 28 15
35 29 6
35 31 7
36 1 13
36 3 9
36 5 6
36 8 13
36 13 8
36 14 4
36 15 4
36 17 13
36 19 9
36 20 12
36 21 8
36 22 5
36 23 4
36 24 5
36 29 2
36 31 5
36 32 3
37 0 5
37 2 15
37 4 1
37 5 6
37 7 1
37 8 5
37 11 14
37 12 4
37 15 8
37 16 1
37 19 7
37 23 14
37 24 7
37 26 10
37 27 6
37 29 14
37 31 15
37 32 11
38 3 12
38 6 7
38 8 10
38 10 11
38 11 15
38 12 4
38 13 13
38 14 6
38 15 7
38 18 8
38 21 13
38 22 3
38 23 3
38 24 9
38 31 4
38 32 14
38 34 12
38 35 2
39 1 3
39 2 10
39 3 3
39 4 7
39 5 15
39 6 8
39 7 9
39 9 3
39 10 14
39 12 15
39 14 7
39 16 15
39 17 9
39 19 7
39 20 11
39 22 9
39 23 13
39 24 7
39 26 5
39 27 8
39 31 3
39 32 11
39 34 11
39 35 9
39 36 7
39 37 1
40 1 12
40 2 9
40 3 3
40 4 10
40 8 3
40 9 12
40 11 11
40 13 15
40 17 7
40 18 2
40 21 11
40 22 9
40 25 9
40 26 7
40 27 2
40 28 8
40 29 8
40 30 14
40 34 15
40 35 2
40 39 5
41 2 6
41 3 4
41 4 13
41 6 6
41 8 15
41 12 4
41 14 7
41 16 1
41 20 6
41 23 13
41 29 6
41 31 5
41 37 11
41 38 6
42 0 4
42 1 11
42 3 11
42 4 2
42 5 2
42 7 7
42 10 11
42 12 13
42 16 7
42 17 8
42 19 14
42 21 15
42 22 9
42 23 11
42 25 13
42 29 7
42 30 4
42 39 7
42 40 8
43 1 13
43 2 7
43 3 2
43 4 8
43 5 8
43 9 5
43 10 1
43 12 6
43 13 10
43 16 9
43 18 8
43 19 5
43 23 7
43 24 10
43 25 11
43 27 14
43 28 14
43 29 2
43 30 8
43 35 14
43 37 2
43 38 11
43 39 12
43 40 15
44 0 9
44 3 13
44 4 3
44 5 8
44 6 12
44 7 13
44 8 7
44 11 8
44 12 10
44 13 15
44 14 15
44 16 15
44 18 7
44 19 8
44 22 2
44 24 6
44 25 4
44 26 2
44 28 15
44 32 4
44 33 12
44 34 15
44 35 15
44 36 15
44 37 11
44 39 8
44 42 5
44 43 10
45 3 11
45 4 1
45 5 2
45 6 12
45 7 14
45 8 3
45 9 14
45 10 9
45 12 5
45 13 7
45 14 5
45 16 7
45 17 4
45 18 2
45 23 6
45 29 11
45 34 7
45 39 4
45 40 8
45 42 7
45 43 2
46 0 7
46 1 6
46 3 6
46 5 4
46 8 5
46 9 6
46 10 4
46 11 7
46 14 8
46 15 15
46 16 6
46 19 1
46 20 5
46 24 11
46 26 7
46 31 4
46 32 9
46 33 6
46 35 1
46 37 10
46 38 7
46 41 5
47 3 13
47 6 10
47 9 13
47 10 3
47 11 4
47 15 8
47 17 6
47 21 11
47 24 10
47 25 15
47 26 1
47 27 3
47 30 11
47 31 12
47 33 9
47 34 4
47 35 9
47 39 3
47 41 6
47 42 12
47 43 11
47 45 14
47 46 2
48 3 15
48 6 1
48 7 13
48 8 13
48 10 13
48 11 2
48 12 8
48 14 9
48 17 12
48 18 7
48 19 11
48 21 2
48 25 12
48 28 2
48 29 8
48 32 11
48 34 8
48 38 8
48 39 5
48 40 12
48 41 3
48 42 10
48 46 10
49 0 9
49 1 5
49 2 4
49 3 3
49 4 9
49 5 11
49 6 7
49 8 8
49 10 10
49 11 5
49 12 14
49 14 4
49 15 12
49 17 5
49 18 8
49 19 13
49 22 13
49 27 9
49 28 12
49 29 15
49 30 7
49 32 3
49 34 4
49 37 5
49 38 3
49 39 5
49 40 12
49 42 12
49 46 9
49 48 10
50 2 10
50 4 6
50 6 2
50 7 4
50 11 6
50 12 6
50 13 15
50 17 13
50 18 3
50 19 10
50 22 11
50 28 13
50 29 10
50 33 7
50 35 13
50 38 14
50 39 6
50 42 13
50 45 5
50 46 13
50 48 6
50 49 3
51 0 14
51 1 15
51 2 3
51 4 5
51 5 10
51 6 4
51 8 12
51 11 5
51 13 9
51 14 6
51 15 2
51 16 13
51 17 9
51 18 1
51 19 8
51 21 15
51 22 9
51 23 4
51 24 13
51 25 8
51 26 4
51 27 13
51 30 4
51 34 13
51 35 3
51 39 5
51 41 2
51 43 7
51 44 1
51 45 1
51 49 1
51 50 3
52 2 5
52 3 5
52 4 12
52 7 14
52 9 9
52 10 5
52 12 4
52 15 15
52 19 6
52 25 3
52 27 8
52 28 5
52 29 1
52 30 2
52 31 8
52 32 7
52 33 4
52 34 11
52 35 10
52 36 3
52 37 4
52 41 13
52 43 5
52 49 2
52 50 8
52 51 3
