33
1 0 7
2 0 21
3 0 24
3 1 5
4 0 5
4 2 26
5 2 11
5 3 21
5 4 20
6 0 14
6 2 13
6 3 3
6 4 14
7 3 6
7 5 26
8 0 13
8 1 14
8 2 12
8 5 11
9 1 17
9 4 10
9 6 3
9 7 16
9 8 6
10 0 21
10 1 17
10 4 23
10 6 6
11 1 8
11 2 26
11 3 23
11 6 1
11 9 23
11 10 3
12 0 25
12 5 17
12 6 5
12 7 15
12 9 21
12 10 8
13 1 15
13 6 26
13 8 3
13 9 14
13 12 6
14 2 22
14 4 26
14 5 23
14 10 14
14 11 10
14 12 20
14 13 10
15 0 26
15 3 21
15 4 1
15 6 22
15 7 4
15 8 14
15 11 23
16 2 24
16 4 16
16 5 7
16 7 23
16 13 8
16 14 24
17 1 3
17 6 14
17 9 7
17 13 17
17 14 19
17 15 10
17 16 16
18 1 8
18 2 1
18 4 10
18 5 23
18 7 22
18 10 26
18 11 8
18 12 9
18 15 23
19 0 7
19 1 17
19 3 25
19 5 21
19 8 21
19 9 21
19 14 24
19 15 25
20 0 7
20 1 22
20 2 24
20 3 9
20 4 6
20 14 16
20 16 4
20 19 11
21 3 26
21 4 8
21 6 17
21 7 13
21 10 20
21 11 13
21 12 20
21 13 10
21 14 10
21 15 7
21 17 25
21 19 1
22 1 22
22 3 20
22 10 8
22 12 25
22 16 9
23 0 18
23 1 20
23 3 3
23 4 5
23 5 22
23 6 17
23 10 11
23 13 26
23 16 18
23 18 11
23 19 26
23 20 15
23 21 6
24 4 13
24 12 12
24 13 20
24 14 14
24 15 21
24 17 5
24 18 21
24 19 24
24 21 24
25 5 16
25 11 15
25 12 19
25 16 18
25 17 20
25 20 4
25 22 1
25 23 6
26 1 21
26 2 7
26 8 4
26 11 9
26 18 1
26 19 10
26 20 21
26 22 15
26 24 13
26 25 9
27 0 3
27 1 20
27 2 15
27 4 3
27 5 20
27 15 26
27 16 9
27 17 13
27 18 18
27 19 11
27 20 2
27 22 9
27 23 19
27 25 17
28 6 6
28 7 11
28 9 24
28 10 12
28 11 24
28 12 20
28 14 21
28 15 20
28 16 2
28 19 7
28 20 15
28 25 22
28 27 18
29 1 17
29 3 25
29 4 18
29 6 26
29 8 16
29 9 7
29 13 21
29 14 3
29 15 7
29 16 9
29 19 1
29 21 19
29 24 21
29 25 21
29 27 20
30 2 25
30 5 15
30 7 9
30 8 23
30 13 11
30 14 12
30 15 22
30 17 12
30 18 22
30 19 25
30 20 10
30 25 15
30 26 9
31 0 4
31 2 24
31 3 15
31 4 23
31 6 7
31 8 25
31 10 9
31 12 20
31 13 24
31 15 4
31 18 4
31 28 16
32 2 21
32 3 1
32 4 2
32 5 15
32 6 1
32 8 7
32 9 16
32 12 11
32 13 6
32 14 4
32 15 1
32 16 21
32 19 25
32 23 8
32 24 18
32 27 1
32 28 4
32 30 2
32 31 14
