28
1 0 14
2 1 54
3 0 12
4 0 34
4 1 3
5 0 32
5 1 59
5 2 33
5 3 62
5 4 21
6 0 67
6 4 16
8 0 61
8 1 63
8 2 41
8 6 59
8 7 49
9 1 30
9 4 66
9 5 64
9 7 10
10 1 29
10 4 35
10 5 31
10 8 42
11 0 47
11 2 7
11 3 41
11 8 32
12 2 46
12 4 43
12 7 25
12 8 9
13 0 55
13 1 63
13 4 57
13 6 66
13 11 10
14 1 45
14 2 16
14 5 62
14 7 66
14 8 57
14 11 41
15 0 3
15 7 63
15 8 34
15 9 43
15 11 43
15 13 14
15 14 56
16 0 40
16 1 42
16 2 9
16 5 26
16 8 15
16 11 15
16 13 17
16 14 57
17 0 7
17 3 33
17 5 13
17 9 41
17 11 52
17 12 3
17 14 53
17 15 19
17 16 34
18 0 3
18 1 49
18 2 60
18 3 3
18 4 44
18 6 50
18 8 2
18 9 48
18 11 33
18 14 27
18 16 56
18 17 40
19 1 46
19 5 5
19 6 64
19 9 1
19 12 21
19 13 14
19 14 37
19 18 59
20 0 39
20 2 4
20 5 44
20 6 67
20 7 58
20 10 30
20 11 54
20 12 19
20 14 53
20 15 38
20 16 51
20 17 30
21 0 43
21 1 48
21 3 50
21 6 41
21 10 29
21 12 36
21 15 30
21 17 14
21 18 12
21 20 29
22 0 25
22 2 16
22 3 16
22 5 6
22 11 27
22 12 5
22 14 60
22 15 8
22 18 46
22 19 61
23 4 8
23 5 49
23 7 16
23 8 58
23 13 19
23 14 66
23 15 58
23 16 38
23 18 62
24 4 7
24 5 50
24 8 62
24 11 9
24 12 21
24 14 5
24 15 52
24 18 31
24 19 30
24 20 62
24 21 7
24 22 42
24 23 57
25 1 20
25 2 5
25 4 38
25 10 43
25 11 30
25 12 28
25 14 41
25 17 44
25 18 45
25 19 10
25 21 13
25 24 56
26 0 19
26 4 38
26 5 34
26 7 41
26 8 56
26 9 5
26 10 40
26 13 49
26 14 68
26 15 25
26 20 33
26 21 41
26 22 55
26 24 30
26 25 34
27 0 55
27 3 15
27 4 55
27 5 36
27 7 9
27 8 38
27 11 10
27 14 24
27 16 27
27 17 22
27 21 38
27 24 53
27 25 63
