37
1 0 14
2 0 5
2 1 20
3 0 6
3 1 3
3 2 3
4 0 4
4 1 19
4 2 24
4 3 20
5 0 10
5 1 23
5 2 19
5 3 14
5 4 5
6 0 3
6 1 10
6 2 2
6 3 25
6 4 15
6 5 12
7 0 1
7 1 25
7 2 18
7 3 11
7 4 15
7 5 15
7 6 18
8 0 22
8 1 2
8 2 22
8 3 7
8 4 7
8 5 6
8 6 19
8 7 18
9 0 12
9 1 21
9 2 21
9 3 23
9 4 3
9 5 3
9 6 15
9 7 16
9 8 19
10 0 16
10 1 21
10 2 10
10 3 8
10 4 24
10 5 20
10 6 19
10 7 5
10 8 1
10 9 14
11 0 4
11 1 24
11 2 21
11 3 11
11 4 9
11 5 24
11 6 19
11 7 3
11 8 7
11 9 12
11 10 17
12 0 9
12 1 16
12 2 25
12 3 6
12 4 18
12 5 25
12 6 12
12 7 19
12 8 12
12 9 17
12 10 12
12 11 25
13 0 12
13 1 19
13 2 18
13 3 11
13 4 3
13 5 15
13 6 14
13 7 24
13 8 10
13 9 5
13 10 8
13 11 11
13 12 19
14 0 21
14 1 2
14 2 23
14 3 24
14 4 24
14 5 4
14 6 15
14 7 18
14 8 11
14 9 23
14 10 11
14 11 9
14 12 16
14 13 9
15 0 7
15 1 23
15 2 12
15 3 9
15 4 1
15 5 8
15 6 24
15 7 23
15 8 20
15 9 24
15 10 19
15 11 19
15 12 6
15 13 7
15 14 15
16 0 19
16 1 2
16 2 11
16 3 10
16 4 12
16 5 9
16 6 7
16 7 6
16 8 18
16 9 23
16 10 20
16 11 17
16 12 9
16 13 4
16 14 9
16 15 25
17 0 18
17 1 20
17 2 25
17 3 21
17 4 17
17 5 23
17 6 12
17 7 3
17 8 5
17 9 21
17 10 5
17 11 11
17 12 8
17 13 15
17 14 2
17 15 4
17 16 22
18 0 18
18 1 24
18 2 25
18 3 18
18 4 15
18 5 1
18 6 15
18 7 4
18 8 19
18 9 11
18 10 17
18 11 19
18 12 2
18 13 9
18 14 15
18 15 12
18 16 15
18 17 10
19 0 13
19 1 15
19 2 9
19 3 5
19 4 7
19 5 3
19 6 11
19 7 19
19 8 20
19 9 16
19 10 20
19 11 20
19 12 7
19 13 15
19 14 11
19 15 6
19 16 20
19 17 20
19 18 13
20 0 9
20 1 20
20 2 6
20 3 4
20 4 18
20 5 9
20 6 15
20 7 20
20 8 7
20 9 22
20 10 15
20 11 25
20 12 12
20 13 21
20 14 9
20 15 9
20 16 3
20 17 1
20 18 11
20 19 7
21 0 19
21 1 1
21 2 20
21 3 4
21 4 19
21 5 14
21 6 17
21 7 1
21 8 24
21 9 1
21 10 12
21 11 1
21 12 20
21 13 11
21 14 16
21 15 22
21 16 22
21 17 16
21 18 25
21 19 9
21 20 11
22 0 19
22 1 5
22 2 16
22 3 6
22 4 13
22 5 9
22 6 18
22 7 4
22 8 9
22 9 12
22 10 14
22 11 17
22 12 15
22 13 1
22 14 5
22 15 22
22 16 13
22 17 14
22 18 16
22 19 18
22 20 12
22 21 5
23 0 20
23 1 9
23 2 21
23 3 3
23 4 21
23 5 16
23 6 7
23 7 14
23 8 20
23 9 19
23 10 14
23 11 21
23 12 12
23 13 22
23 14 3
23 15 11
23 16 19
23 17 1
23 18 22
23 19 7
23 20 11
23 21 12
23 22 3
24 0 18
24 1 14
24 2 15
24 3 7
24 4 14
24 5 9
24 6 3
24 7 6
24 8 10
24 9 19
24 10 21
24 11 11
24 12 17
24 13 24
24 14 5
24 15 12
24 16 15
24 17 25
24 18 22
24 19 9
24 20 13
24 21 8
24 22 13
24 23 22
25 0 25
25 1 25
25 2 3
25 3 1
25 4 14
25 5 23
25 6 19
25 7 1
25 8 12
25 9 8
25 10 6
25 11 4
25 12 4
25 13 1
25 14 25
25 15 8
25 16 18
25 17 22
25 18 21
25 19 15
25 20 16
25 21 19
25 22 17
25 23 12
25 24 13
26 0 8
26 1 7
26 2 22
26 3 24
26 4 10
26 5 17
26 6 7
26 7 2
26 8 19
26 9 19
26 10 9
26 11 3
26 12 11
26 13 1
26 14 5
26 15 14
26 16 20
26 17 2
26 18 10
26 19 4
26 20 20
26 21 13
26 22 8
26 23 24
26 24 19
26 25 23
27 0 6
27 1 25
27 2 24
27 3 23
27 4 9
27 5 13
27 6 1
27 7 13
27 8 25
27 9 18
27 10 4
27 11 6
27 12 17
27 13 15
27 14 23
27 15 7
27 16 7
27 17 19
27 18 11
27 19 18
27 20 11
27 21 17
27 22 9
27 23 12
27 24 17
27 25 15
27 26 19
28 0 10
28 1 2
28 2 10
28 3 10
28 4 20
28 5 11
28 6 7
28 7 4
28 8 23
28 9 14
28 10 7
28 11 7
28 12 10
28 13 11
28 14 7
28 15 21
28 16 19
28 17 1
28 18 11
28 19 9
28 20 10
28 21 17
28 22 17
28 23 3
28 24 7
28 25 12
28 26 12
28 27 19
29 0 2
29 1 25
29 2 7
29 3 18
29 4 24
29 5 8
29 6 22
29 7 17
29 8 14
29 9 4
29 10 24
29 11 15
29 12 21
29 13 14
29 14 16
29 15 14
29 16 23
29 17 14
29 18 8
29 19 3
29 20 10
29 21 14
29 22 18
29 23 24
29 24 2
29 25 19
29 26 10
29 27 2
29 28 15
30 0 7
30 1 13
30 2 2
30 3 25
30 4 2
30 5 13
30 6 18
30 7 9
30 8 8
30 9 24
30 10 3
30 11 19
30 12 22
30 13 13
30 14 15
30 15 5
30 16 15
30 17 2
30 18 9
30 19 19
30 20 18
30 21 21
30 22 22
30 23 9
30 24 8
30 25 20
30 26 22
30 27 22
30 28 12
30 29 2
31 0 24
31 1 24
31 2 23
31 3 10
31 4 5
31 5 22
31 6 7
31 7 18
31 8 19
31 9 19
31 10 16
31 11 5
31 12 14
31 13 13
31 14 7
31 15 14
31 16 12
31 17 2
31 18 6
31 19 19
31 20 22
31 21 5
31 22 6
31 23 5
31 24 16
31 25 20
31 26 22
31 27 15
31 28 11
31 29 3
31 30 8
32 0 17
32 1 25
32 2 5
32 3 7
32 4 2
32 5 15
32 6 3
32 7 25
32 8 3
32 9 11
32 10 13
32 11 16
32 12 2
32 13 20
32 14 19
32 15 19
32 16 3
32 17 24
32 18 5
32 19 4
32 20 16
32 21 18
32 22 6
32 23 24
32 24 12
32 25 13
32 26 5
32 27 2
32 28 14
32 29 20
32 30 23
32 31 22
33 0 23
33 1 23
33 2 25
33 3 10
33 4 23
33 5 21
33 6 1
33 7 12
33 8 7
33 9 18
33 10 4
33 11 5
33 12 10
33 13 4
33 14 9
33 15 7
33 16 14
33 17 2
33 18 2
33 19 17
33 20 19
33 21 11
33 22 1
33 23 17
33 24 11
33 25 16
33 26 9
33 27 15
33 28 1
33 29 11
33 30 10
33 31 15
33 32 17
34 0 9
34 1 21
34 2 11
34 3 20
34 4 11
34 5 1
34 6 13
34 7 1
34 8 8
34 9 18
34 10 10
34 11 5
34 12 7
34 13 7
34 14 24
34 15 24
34 16 14
34 17 8
34 18 10
34 19 4
34 20 8
34 21 19
34 22 6
34 23 21
34 24 22
34 25 13
34 26 14
34 27 5
34 28 25
34 29 23
34 30 9
34 31 2
34 32 17
34 33 8
35 0 8
35 1 9
35 2 8
35 3 16
35 4 24
35 5 21
35 6 17
35 7 22
35 8 4
35 9 5
35 10 16
35 11 18
35 12 17
35 13 5
35 14 17
35 15 15
35 16 2
35 17 10
35 18 22
35 19 22
35 20 18
35 21 11
35 22 13
35 23 19
35 24 7
35 25 9
35 26 21
35 27 2
35 28 6
35 29 13
35 30 12
35 31 8
35 32 3
35 33 4
35 34 14
36 0 19
36 1 11
36 2 15
36 3 9
36 4 1
36 5 22
36 6 17
36 7 9
36 8 9
36 9 18
36 10 2
36 11 24
36 12 22
36 13 24
36 14 7
36 15 19
36 16 8
36 17 12
36 18 7
36 19 23
36 20 23
36 21 24
36 22 5
36 23 17
36 24 1
36 25 1
36 26 24
36 27 11
36 28 24
36 29 1
36 30 20
36 31 3
36 32 23
36 33 3
36 34 6
36 35 23
