69
1 0 40
3 0 23
5 0 4
5 1 47
5 2 17
5 3 28
6 3 33
7 0 60
7 2 1
7 3 1
7 5 54
7 6 2
8 0 40
8 2 60
8 3 60
8 5 7
9 5 55
9 8 46
10 1 64
10 3 48
10 4 14
10 5 16
10 9 11
11 1 16
11 4 46
11 5 4
11 7 32
11 10 31
12 1 21
12 3 31
12 5 20
12 6 69
12 8 60
12 9 61
12 10 29
12 11 38
13 0 5
13 1 2
13 2 55
13 3 39
13 5 13
13 6 18
13 7 7
13 11 64
14 2 35
14 3 36
14 4 14
14 5 32
14 6 19
14 7 41
14 10 41
14 11 12
14 12 33
15 1 35
15 2 67
15 6 16
15 7 16
15 13 52
15 14 50
16 0 10
16 2 66
16 3 69
16 5 35
16 8 17
16 9 56
16 10 36
16 11 66
16 12 21
16 13 24
17 2 50
17 6 9
17 7 43
17 9 56
17 13 56
17 14 60
17 16 49
18 0 17
18 1 45
18 2 37
18 3 32
18 6 36
18 7 26
18 9 55
18 10 51
18 12 57
18 13 8
18 14 8
19 0 28
19 1 40
19 2 42
19 3 19
19 5 15
19 6 66
19 7 50
19 10 44
19 16 16
19 17 17
19 18 19
20 4 47
20 5 22
20 6 52
20 11 33
20 12 53
20 14 2
20 15 9
21 0 48
21 2 62
21 8 67
21 9 10
21 11 10
21 14 56
21 15 64
21 18 19
21 19 52
22 0 68
22 4 52
22 5 6
22 7 30
22 10 25
22 11 64
22 14 5
22 15 50
22 17 45
22 18 2
22 20 27
22 21 4
23 1 47
23 4 57
23 7 8
23 8 12
23 9 61
23 11 37
23 12 13
23 17 35
23 20 44
23 21 68
24 5 65
24 7 59
24 8 59
24 9 46
24 11 14
24 14 34
24 15 21
24 16 48
24 17 18
24 18 6
24 20 16
24 21 39
25 0 8
25 2 7
25 4 18
25 6 63
25 7 69
25 8 6
25 9 62
25 10 5
25 11 14
25 12 13
25 13 68
25 14 69
25 17 64
25 19 14
25 20 44
25 23 12
26 0 55
26 1 65
26 2 7
26 4 10
26 8 36
26 10 17
26 11 4
26 12 59
26 16 58
26 18 38
26 19 11
26 20 35
26 22 60
26 24 11
27 1 51
27 4 63
27 7 51
27 8 22
27 9 63
27 10 62
27 11 22
27 13 10
27 17 33
27 22 42
27 24 9
27 25 59
28 1 3
28 3 16
28 8 66
28 9 68
28 12 1
28 16 53
28 17 22
28 18 21
28 22 37
28 26 25
28 27 39
29 0 66
29 1 39
29 2 51
29 3 9
29 5 56
29 13 48
29 18 39
29 19 9
29 20 27
29 21 55
29 23 68
29 24 47
29 26 10
29 27 24
29 28 34
30 0 61
30 2 22
30 3 28
30 5 57
30 7 26
30 8 45
30 9 3
30 10 32
30 12 8
30 14 21
30 15 36
30 16 51
30 17 63
30 21 26
30 23 39
30 24 28
30 29 24
31 0 14
31 1 58
31 5 16
31 7 42
31 8 15
31 9 62
31 12 14
31 13 66
31 17 25
31 18 15
31 19 50
31 20 4
31 21 9
31 22 40
31 23 1
31 25 20
31 26 53
31 28 8
31 29 20
32 8 58
32 9 14
32 12 41
32 13 13
32 15 45
32 16 65
32 17 54
32 18 29
32 20 3
32 21 46
32 22 20
32 30 3
33 1 34
33 2 30
33 5 9
33 6 32
33 9 66
33 10 13
33 11 20
33 12 67
33 13 54
33 14 19
33 15 4
33 18 64
33 19 7
33 21 17
33 23 65
33 24 25
33 26 48
33 28 16
33 30 42
33 31 24
34 0 27
34 3 67
34 4 14
34 5 59
34 6 7
34 12 68
34 13 21
34 14 20
34 16 64
34 18 54
34 19 18
34 20 38
34 21 10
34 22 14
34 27 20
34 32 39
35 0 26
35 3 52
35 4 52
35 5 65
35 7 6
35 8 17
35 9 48
35 10 46
35 12 43
35 14 15
35 15 62
35 16 59
35 24 66
35 28 45
35 30 27
35 32 37
36 0 51
36 1 63
36 3 5
36 5 57
36 6 67
36 8 66
36 9 15
36 10 61
36 12 50
36 13 19
36 17 68
36 18 30
36 24 10
36 25 50
36 26 18
36 32 27
36 33 55
37 2 25
37 3 5
37 4 4
37 5 34
37 7 43
37 10 42
37 12 22
37 13 11
37 14 19
37 16 19
37 17 65
37 18 12
37 19 35
37 20 9
37 23 67
37 25 5
37 31 48
37 33 12
37 34 26
37 35 29
38 0 22
38 1 25
38 6 16
38 8 57
38 11 26
38 14 41
38 19 28
38 21 59
38 22 27
38 24 20
38 26 55
38 29 33
38 30 17
38 32 42
38 34 15
38 36 11
39 3 43
39 8 61
39 10 53
39 11 42
39 12 2
39 14 33
39 15 12
39 19 11
39 25 65
39 28 10
39 29 31
39 31 46
39 33 8
39 38 53
40 2 8
40 4 41
40 6 23
40 9 55
40 10 6
40 18 29
40 19 56
40 20 65
40 22 56
40 23 48
40 25 69
40 29 21
40 30 59
40 31 12
40 32 18
40 34 28
40 35 8
40 38 50
40 39 53
41 2 19
41 4 46
41 7 25
41 8 49
41 11 26
41 12 15
41 14 67
41 16 23
41 18 64
41 21 11
41 23 11
41 24 35
41 25 2
41 28 42
41 30 66
41 33 66
41 34 51
41 35 6
41 37 3
41 38 3
42 1 44
42 3 54
42 4 53
42 6 69
42 7 31
42 8 12
42 11 9
42 13 12
42 14 35
42 15 40
42 16 24
42 17 61
42 18 47
42 19 50
42 23 7
42 24 11
42 26 27
42 27 62
42 28 56
42 29 30
42 31 34
42 34 3
42 36 34
42 40 22
43 0 46
43 1 8
43 2 26
43 3 40
43 4 44
43 5 34
43 6 24
43 8 47
43 9 10
43 10 66
43 13 46
43 15 25
43 17 62
43 18 39
43 19 46
43 20 7
43 21 6
43 22 13
43 23 61
43 27 27
43 28 18
43 31 52
43 32 19
43 33 62
43 34 31
43 36 55
43 40 1
44 1 25
44 6 52
44 12 24
44 13 6
44 14 35
44 15 12
44 16 15
44 19 53
44 21 52
44 23 58
44 24 34
44 25 3
44 26 2
44 30 6
44 33 6
44 41 69
44 42 10
45 0 21
45 1 38
45 2 45
45 3 27
45 4 5
45 7 9
45 8 32
45 10 32
45 11 38
45 12 45
45 13 10
45 14 10
45 16 65
45 17 60
45 18 42
45 19 11
45 20 8
45 22 44
45 24 33
45 25 43
45 26 48
45 27 36
45 32 67
45 33 14
45 35 45
45 36 19
45 39 64
46 0 15
46 2 22
46 3 40
46 5 62
46 9 27
46 10 41
46 11 36
46 12 59
46 16 32
46 17 14
46 18 42
46 21 27
46 22 34
46 23 41
46 24 61
46 25 19
46 30 61
46 32 43
46 33 19
46 34 20
46 38 47
46 41 31
47 1 15
47 2 51
47 3 2
47 5 65
47 8 52
47 9 48
47 11 25
47 12 66
47 14 46
47 15 59
47 20 35
47 22 62
47 24 38
47 26 27
47 28 21
47 29 69
47 30 6
47 31 50
47 33 65
47 34 26
47 35 13
47 36 51
47 42 48
47 43 9
47 44 48
47 45 22
47 46 62
48 1 61
48 2 46
48 3 5
48 12 43
48 14 20
48 16 17
48 17 35
48 18 39
48 21 18
48 22 37
48 23 47
48 24 4
48 25 34
48 26 53
48 27 4
48 28 39
48 30 55
48 36 4
48 39 67
48 40 53
48 41 10
48 43 63
48 44 57
48 47 60
49 1 16
49 7 65
49 9 34
49 15 9
49 20 53
49 24 69
49 25 57
49 29 39
49 35 19
49 36 66
49 37 38
49 38 60
49 44 52
49 46 14
50 0 21
50 1 39
50 2 34
50 3 36
50 4 24
50 5 24
50 6 16
50 10 11
50 11 14
50 13 8
50 18 42
50 20 8
50 21 29
50 22 30
50 25 8
50 27 57
50 28 7
50 29 51
50 31 65
50 34 20
50 35 52
50 36 12
50 38 48
50 40 25
50 42 40
50 49 19
51 1 24
51 6 64
51 7 34
51 9 54
51 10 35
51 11 3
51 16 19
51 17 43
51 19 64
51 20 27
51 21 20
51 24 35
51 27 11
51 28 60
51 30 21
51 32 20
51 33 24
51 35 11
51 39 61
51 40 48
51 41 55
51 42 69
51 47 65
51 48 1
51 49 42
51 50 24
52 0 31
52 1 67
52 2 15
52 5 25
52 6 34
52 8 40
52 9 15
52 10 59
52 14 50
52 19 69
52 21 69
52 24 54
52 25 35
52 27 48
52 29 25
52 30 29
52 31 53
52 32 21
52 33 26
52 34 23
52 38 31
52 39 54
52 42 67
52 43 39
52 46 50
52 47 27
52 49 45
53 2 54
53 4 42
53 5 34
53 10 47
53 11 38
53 12 42
53 13 35
53 14 66
53 15 37
53 16 36
53 17 5
53 20 21
53 21 38
53 28 42
53 32 48
53 34 69
53 35 3
53 36 5
53 37 10
53 39 6
53 42 44
53 45 43
53 48 38
53 49 42
53 51 57
53 52 8
54 0 10
54 1 56
54 3 69
54 4 50
54 7 30
54 8 36
54 9 61
54 12 54
54 15 18
54 17 9
54 19 9
54 21 36
54 22 6
54 24 5
54 25 33
54 27 14
54 28 39
54 33 52
54 35 21
54 36 61
54 37 25
54 40 33
54 42 9
54 44 27
54 45 52
54 47 40
54 48 25
54 49 37
54 50 56
54 51 8
54 52 37
55 3 5
55 4 42
55 5 57
55 6 13
55 7 58
55 9 33
55 10 6
55 11 25
55 12 25
55 13 51
55 15 22
55 18 47
55 19 22
55 23 23
55 26 23
55 27 10
55 28 6
55 29 16
55 30 43
55 31 60
55 32 40
55 36 17
55 37 37
55 38 33
55 39 15
55 42 47
55 45 59
55 46 28
55 47 35
55 49 56
55 51 57
55 53 8
56 0 38
56 4 44
56 5 28
56 9 61
56 12 20
56 14 26
56 15 11
56 17 9
56 19 23
56 20 26
56 21 62
56 23 47
56 24 26
56 25 52
56 30 16
56 31 55
56 33 54
56 34 5
56 36 7
56 37 23
56 40 57
56 41 43
56 42 37
56 43 1
56 44 14
56 46 13
56 47 56
56 49 36
56 50 15
56 54 2
56 55 52
57 0 47
57 1 59
57 2 63
57 3 7
57 6 61
57 8 35
57 9 36
57 10 5
57 12 7
57 15 63
57 18 4
57 22 50
57 26 69
57 29 29
57 31 30
57 35 58
57 36 35
57 38 62
57 39 37
57 42 54
57 43 16
57 44 20
57 45 4
57 46 61
57 47 37
57 50 69
57 51 23
57 54 51
57 55 67
58 0 40
58 1 19
58 3 18
58 5 65
58 6 21
58 7 12
58 10 38
58 11 3
58 12 52
58 16 6
58 17 62
58 18 44
58 20 38
58 21 58
58 24 65
58 25 15
58 28 68
58 32 13
58 33 47
58 34 52
58 36 24
58 37 8
58 40 62
58 43 65
58 44 17
58 46 63
58 47 3
58 48 69
58 49 13
58 52 59
58 54 1
58 55 54
59 0 53
59 1 9
59 2 23
59 3 59
59 5 55
59 6 48
59 10 48
59 11 50
59 19 54
59 20 16
59 21 52
59 22 46
59 23 2
59 26 39
59 31 35
59 35 44
59 37 62
59 39 48
59 40 26
59 41 31
59 42 6
59 43 44
59 45 28
59 48 18
59 50 11
59 54 14
59 55 14
59 56 13
59 57 56
60 3 48
60 4 33
60 7 66
60 15 31
60 17 6
60 19 33
60 22 19
60 23 13
60 24 51
60 25 9
60 32 69
60 33 64
60 35 44
60 37 68
60 39 35
60 40 20
60 42 10
60 44 25
60 45 10
60 48 36
60 49 22
60 51 16
60 52 7
60 53 48
60 55 30
60 56 20
60 57 65
60 58 55
61 0 44
61 2 30
61 4 34
61 6 66
61 7 21
61 9 31
61 10 13
61 11 48
61 13 48
61 15 30
61 16 59
61 19 36
61 21 11
61 23 66
61 27 38
61 28 40
61 30 68
61 32 50
61 34 6
61 35 64
61 37 9
61 40 8
61 43 60
61 45 16
61 51 43
61 55 64
61 56 25
61 57 64
61 59 36
62 1 9
62 3 26
62 4 42
62 10 3
62 13 13
62 14 59
62 15 59
62 16 9
62 17 18
62 18 24
62 20 36
62 22 11
62 23 2
62 25 28
62 28 26
62 29 10
62 31 1
62 35 50
62 36 1
62 38 54
62 39 30
62 42 36
62 44 10
62 46 4
62 47 64
62 48 68
62 50 2
62 51 20
62 52 68
62 53 7
62 54 58
62 55 28
62 56 55
62 58 5
62 59 27
62 60 46
63 1 31
63 3 1
63 5 18
63 10 49
63 11 9
63 12 47
63 13 39
63 17 21
63 18 34
63 19 38
63 20 40
63 21 39
63 25 54
63 26 67
63 28 66
63 29 35
63 32 45
63 33 64
63 34 67
63 35 61
63 36 53
63 38 54
63 42 16
63 43 61
63 44 17
63 45 2
63 46 6
63 47 29
63 49 60
63 54 58
63 57 41
63 59 51
63 60 43
64 0 43
64 1 53
64 2 25
64 7 43
64 8 49
64 9 14
64 11 57
64 12 51
64 14 28
64 15 58
64 16 36
64 18 25
64 19 65
64 21 50
64 24 61
64 29 6
64 30 16
64 31 26
64 33 32
64 36 13
64 37 12
64 38 18
64 40 41
64 41 37
64 42 36
64 43 42
64 46 57
64 47 31
64 48 41
64 49 26
64 51 17
64 52 46
64 54 2
64 56 14
64 59 10
64 60 20
64 61 69
64 62 2
64 63 30
65 3 48
65 4 22
65 7 34
65 8 29
65 9 14
65 10 18
65 13 3
65 14 3
65 17 1
65 22 29
65 23 16
65 24 37
65 26 39
65 29 32
65 30 11
65 35 50
65 36 52
65 37 21
65 38 31
65 39 66
65 40 8
65 42 46
65 45 65
65 47 16
65 49 39
65 52 27
65 54 67
65 55 16
65 56 62
65 59 26
65 60 28
65 62 25
66 2 7
66 5 44
66 7 42
66 8 64
66 13 31
66 14 23
66 15 54
66 16 40
66 18 23
66 19 57
66 23 51
66 24 15
66 25 61
66 27 7
66 29 64
66 33 45
66 35 2
66 36 47
66 37 17
66 38 59
66 39 3
66 40 20
66 45 65
66 48 16
66 49 68
66 52 17
66 54 44
66 55 22
66 56 32
66 57 68
66 59 11
66 65 7
67 3 25
67 4 59
67 7 15
67 8 30
67 9 54
67 12 5
67 17 49
67 20 5
67 22 59
67 23 39
67 25 54
67 26 47
67 27 29
67 29 64
67 30 6
67 33 11
67 36 45
67 40 66
67 41 68
67 42 25
67 44 49
67 45 58
67 49 24
67 50 1
67 55 52
67 56 67
67 58 33
67 62 58
67 63 20
67 65 66
68 3 46
68 5 36
68 11 21
68 17 32
68 21 19
68 22 20
68 24 48
68 25 1
68 27 35
68 28 9
68 34 55
68 37 61
68 38 59
68 40 32
68 43 29
68 44 55
68 45 30
68 46 4
68 49 24
68 51 65
68 56 59
68 59 25
68 65 25
68 66 63
