64
1 0 12
2 0 13
2 1 5
3 0 7
3 1 21
3 2 1
4 0 11
4 1 5
4 2 5
4 3 6
5 0 4
5 1 16
5 2 11
5 3 4
5 4 2
6 0 20
6 1 11
6 2 21
6 3 14
6 4 16
6 5 4
7 0 10
7 1 14
7 2 3
7 3 20
7 4 16
7 5 19
7 6 16
8 0 3
8 1 1
8 2 13
8 3 14
8 4 17
8 5 8
8 6 17
8 7 16
9 0 2
9 1 12
9 2 2
9 3 11
9 4 21
9 5 4
9 6 12
9 7 16
9 8 6
10 0 21
10 1 8
10 2 1
10 3 20
10 4 3
10 5 4
10 6 6
10 7 21
10 8 21
10 9 4
11 0 13
11 1 20
11 2 18
11 3 8
11 4 8
11 5 3
11 6 5
11 7 1
11 8 18
11 9 1
11 10 5
12 0 16
12 1 9
12 2 8
12 3 10
12 4 9
12 5 18
12 6 11
12 7 12
12 8 21
12 9 19
12 10 9
12 11 17
13 0 3
13 1 20
13 2 6
13 3 12
13 4 13
13 5 19
13 6 18
13 7 16
13 8 11
13 9 7
13 10 3
13 11 16
13 12 11
14 0 4
14 1 5
14 2 4
14 3 12
14 4 16
14 5 15
14 6 19
14 7 2
14 8 7
14 9 12
14 10 1
14 11 3
14 12 5
14 13 16
15 0 14
15 1 9
15 2 13
15 3 19
15 4 6
15 5 4
15 6 20
15 7 5
15 8 10
15 9 18
15 10 9
15 11 15
15 12 11
15 13 14
15 14 17
16 0 21
16 1 6
16 2 7
16 3 16
16 4 4
16 5 12
16 6 20
16 7 11
16 8 17
16 9 18
16 10 14
16 11 9
16 12 6
16 13 21
16 14 8
16 15 7
17 0 9
17 1 20
17 2 6
17 3 18
17 4 12
17 5 12
17 6 19
17 7 1
17 8 17
17 9 16
17 10 19
17 11 1
17 12 4
17 13 9
17 14 13
17 15 14
17 16 6
18 0 12
18 1 17
18 2 17
18 3 6
18 4 11
18 5 19
18 6 18
18 7 1
18 8 10
18 9 16
18 10 8
18 11 12
18 12 11
18 13 10
18 14 11
18 15 8
18 16 4
18 17 21
19 0 6
19 1 15
19 2 5
19 3 1
19 4 3
19 5 11
19 6 5
19 7 9
19 8 7
19 9 6
19 10 3
19 11 12
19 12 14
19 13 1
19 14 4
19 15 1
19 16 3
19 17 1
19 18 12
20 0 17
20 1 15
20 2 16
20 3 21
20 4 13
20 5 18
20 6 13
20 7 6
20 8 5
20 9 15
20 10 11
20 11 13
20 12 14
20 13 2
20 14 7
20 15 10
20 16 2
20 17 4
20 18 5
20 19 12
21 0 8
21 1 4
21 2 13
21 3 19
21 4 16
21 5 15
21 6 15
21 7 21
21 8 3
21 9 15
21 10 11
21 11 20
21 12 18
21 13 12
21 14 3
21 15 13
21 16 21
21 17 9
21 18 1
21 19 11
21 20 18
22 0 12
22 1 20
22 2 19
22 3 9
22 4 7
22 5 21
22 6 19
22 7 15
22 8 19
22 9 9
22 10 8
22 11 8
22 12 2
22 13 4
22 14 10
22 15 15
22 16 21
22 17 21
22 18 8
22 19 10
22 20 16
22 21 2
23 0 7
23 1 20
23 2 7
23 3 20
23 4 8
23 5 12
23 6 13
23 7 11
23 8 21
23 9 21
23 10 10
23 11 15
23 12 1
23 13 2
23 14 14
23 15 3
23 16 16
23 17 12
23 18 3
23 19 20
23 20 6
23 21 8
23 22 21
24 0 17
24 1 2
24 2 1
24 3 18
24 4 5
24 5 3
24 6 9
24 7 15
24 8 15
24 9 20
24 10 21
24 11 8
24 12 19
24 13 7
24 14 12
24 15 21
24 16 8
24 17 2
24 18 15
24 19 13
24 20 5
24 21 14
24 22 13
24 23 11
25 0 17
25 1 19
25 2 13
25 3 13
25 4 9
25 5 15
25 6 1
25 7 6
25 8 15
25 9 16
25 10 18
25 11 20
25 12 18
25 13 11
25 14 15
25 15 6
25 16 15
25 17 17
25 18 14
25 19 14
25 20 9
25 21 10
25 22 8
25 23 2
25 24 3
26 0 16
26 1 16
26 2 17
26 3 20
26 4 17
26 5 15
26 6 4
26 7 18
26 8 16
26 9 14
26 10 4
26 11 16
26 12 7
26 13 10
26 14 19
26 15 21
26 16 1
26 17 4
26 18 4
26 19 1
26 20 8
26 21 2
26 22 11
26 23 2
26 24 7
26 25 13
27 0 16
27 1 18
27 2 21
27 3 18
27 4 12
27 5 19
27 6 15
27 7 3
27 8 17
27 9 16
27 10 21
27 11 5
27 12 15
27 13 20
27 14 11
27 15 21
27 16 17
27 17 17
27 18 14
27 19 13
27 20 11
27 21 4
27 22 3
27 23 14
27 24 19
27 25 7
27 26 1
28 0 16
28 1 17
28 2 6
28 3 18
28 4 7
28 5 13
28 6 8
28 7 19
28 8 2
28 9 4
28 10 19
28 11 6
28 12 17
28 13 6
28 14 12
28 15 9
28 16 20
28 17 21
28 18 12
28 19 21
28 20 18
28 21 10
28 22 15
28 23 9
28 24 15
28 25 4
28 26 15
28 27 2
29 0 2
29 1 15
29 2 18
29 3 11
29 4 20
29 5 17
29 6 11
29 7 7
29 8 10
29 9 1
29 10 2
29 11 11
29 12 18
29 13 17
29 14 5
29 15 11
29 16 21
29 17 12
29 18 17
29 19 17
29 20 15
29 21 18
29 22 20
29 23 17
29 24 19
29 25 6
29 26 14
29 27 9
29 28 2
30 0 15
30 1 13
30 2 10
30 3 16
30 4 13
30 5 5
30 6 7
30 7 10
30 8 14
30 9 6
30 10 8
30 11 8
30 12 7
30 13 20
30 14 3
30 15 20
30 16 8
30 17 5
30 18 5
30 19 15
30 20 3
30 21 20
30 22 13
30 23 8
30 24 21
30 25 10
30 26 4
30 27 20
30 28 13
30 29 5
31 0 10
31 1 9
31 2 14
31 3 18
31 4 18
31 5 5
31 6 3
31 7 18
31 8 15
31 9 6
31 10 20
31 11 4
31 12 10
31 13 17
31 14 12
31 15 3
31 16 6
31 17 3
31 18 2
31 19 19
31 20 1
31 21 12
31 22 5
31 23 3
31 24 16
31 25 2
31 26 2
31 27 4
31 28 6
31 29 4
31 30 21
32 0 21
32 1 17
32 2 9
32 3 3
32 4 21
32 5 9
32 6 14
32 7 4
32 8 8
32 9 11
32 10 19
32 11 15
32 12 2
32 13 19
32 14 5
32 15 10
32 16 12
32 17 13
32 18 4
32 19 10
32 20 15
32 21 9
32 22 1
32 23 3
32 24 15
32 25 2
32 26 18
32 27 15
32 28 6
32 29 1
32 30 2
32 31 3
33 0 21
33 1 12
33 2 7
33 3 1
33 4 15
33 5 5
33 6 10
33 7 2
33 8 11
33 9 8
33 10 20
33 11 8
33 12 20
33 13 17
33 14 11
33 15 11
33 16 7
33 17 1
33 18 18
33 19 1
33 20 20
33 21 11
33 22 2
33 23 4
33 24 10
33 25 1
33 26 4
33 27 12
33 28 15
33 29 6
33 30 11
33 31 1
33 32 10
34 0 8
34 1 7
34 2 2
34 3 5
34 4 7
34 5 16
34 6 18
34 7 8
34 8 12
34 9 19
34 10 1
34 11 3
34 12 2
34 13 7
34 14 2
34 15 10
34 16 16
34 17 3
34 18 18
34 19 4
34 20 11
34 21 14
34 22 14
34 23 14
34 24 18
34 25 10
34 26 6
34 27 16
34 28 13
34 29 14
34 30 2
34 31 2
34 32 21
34 33 8
35 0 16
35 1 1
35 2 10
35 3 21
35 4 19
35 5 20
35 6 6
35 7 5
35 8 5
35 9 3
35 10 15
35 11 19
35 12 3
35 13 8
35 14 3
35 15 18
35 16 3
35 17 1
35 18 11
35 19 6
35 20 20
35 21 1
35 22 9
35 23 13
35 24 13
35 25 8
35 26 14
35 27 5
35 28 17
35 29 15
35 30 11
35 31 8
35 32 8
35 33 2
35 34 9
36 0 8
36 1 6
36 2 18
36 3 8
36 4 8
36 5 4
36 6 19
36 7 9
36 8 6
36 9 15
36 10 4
36 11 20
36 12 5
36 13 10
36 14 10
36 15 9
36 16 11
36 17 11
36 18 18
36 19 15
36 20 10
36 21 9
36 22 21
36 23 21
36 24 7
36 25 4
36 26 18
36 27 7
36 28 21
36 29 21
36 30 17
36 31 19
36 32 11
36 33 15
36 34 13
36 35 13
37 0 19
37 1 13
37 2 11
37 3 1
37 4 20
37 5 11
37 6 13
37 7 5
37 8 10
37 9 18
37 10 11
37 11 5
37 12 12
37 13 1
37 14 19
37 15 6
37 16 13
37 17 15
37 18 17
37 19 1
37 20 13
37 21 14
37 22 3
37 23 4
37 24 1
37 25 16
37 26 4
37 27 14
37 28 17
37 29 11
37 30 8
37 31 12
37 32 5
37 33 21
37 34 15
37 35 6
37 36 12
38 0 6
38 1 4
38 2 11
38 3 3
38 4 14
38 5 13
38 6 18
38 7 15
38 8 5
38 9 10
38 10 15
38 11 10
38 12 13
38 13 8
38 14 8
38 15 2
38 16 20
38 17 20
38 18 6
38 19 21
38 20 13
38 21 12
38 22 7
38 23 3
38 24 13
38 25 9
38 26 16
38 27 3
38 28 9
38 29 8
38 30 20
38 31 2
38 32 13
38 33 21
38 34 12
38 35 16
38 36 15
38 37 6
39 0 7
39 1 21
39 2 1
39 3 13
39 4 11
39 5 5
39 6 9
39 7 6
39 8 12
39 9 13
39 10 7
39 11 20
39 12 2
39 13 13
39 14 10
39 15 1
39 16 16
39 17 5
39 18 15
39 19 11
39 20 13
39 21 6
39 22 16
39 23 3
39 24 19
39 25 17
39 26 3
39 27 1
39 28 16
39 29 9
39 30 6
39 31 15
39 32 15
39 33 13
39 34 15
39 35 19
39 36 1
39 37 3
39 38 16
40 0 10
40 1 5
40 2 5
40 3 10
40 4 9
40 5 16
40 6 9
40 7 5
40 8 2
40 9 16
40 10 7
40 11 6
40 12 15
40 13 11
40 14 15
40 15 11
40 16 14
40 17 1
40 18 7
40 19 10
40 20 20
40 21 17
40 22 6
40 23 4
40 24 1
40 25 2
40 26 9
40 27 13
40 28 15
40 29 15
40 30 4
40 31 9
40 32 21
40 33 3
40 34 21
40 35 14
40 36 3
40 37 15
40 38 6
40 39 19
41 0 1
41 1 6
41 2 14
41 3 10
41 4 14
41 5 19
41 6 8
41 7 2
41 8 12
41 9 10
41 10 14
41 11 3
41 12 9
41 13 21
41 14 20
41 15 15
41 16 2
41 17 16
41 18 13
41 19 11
41 20 18
41 21 19
41 22 10
41 23 11
41 24 5
41 25 2
41 26 7
41 27 13
41 28 13
41 29 21
41 30 16
41 31 7
41 32 13
41 33 9
41 34 21
41 35 7
41 36 7
41 37 2
41 38 16
41 39 12
41 40 13
42 0 8
42 1 5
42 2 19
42 3 14
42 4 2
42 5 4
42 6 16
42 7 19
42 8 5
42 9 4
42 10 9
42 11 3
42 12 21
42 13 20
42 14 10
42 15 16
42 16 5
42 17 9
42 18 14
42 19 14
42 20 4
42 21 20
42 22 13
42 23 11
42 24 10
42 25 3
42 26 15
42 27 6
42 28 13
42 29 7
42 30 20
42 31 11
42 32 3
42 33 17
42 34 10
42 35 1
42 36 9
42 37 10
42 38 16
42 39 4
42 40 21
42 41 9
43 0 16
43 1 21
43 2 11
43 3 15
43 4 2
43 5 14
43 6 15
43 7 3
43 8 17
43 9 2
43 10 7
43 11 17
43 12 20
43 13 17
43 14 18
43 15 11
43 16 5
43 17 11
43 18 20
43 19 1
43 20 2
43 21 3
43 22 6
43 23 17
43 24 16
43 25 14
43 26 20
43 27 8
43 28 19
43 29 17
43 30 21
43 31 9
43 32 6
43 33 16
43 34 1
43 35 15
43 36 12
43 37 5
43 38 21
43 39 5
43 40 13
43 41 2
43 42 6
44 0 12
44 1 13
44 2 13
44 3 8
44 4 12
44 5 11
44 6 15
44 7 16
44 8 19
44 9 16
44 10 9
44 11 16
44 12 20
44 13 17
44 14 15
44 15 5
44 16 2
44 17 18
44 18 10
44 19 6
44 20 16
44 21 3
44 22 9
44 23 7
44 24 5
44 25 8
44 26 6
44 27 18
44 28 19
44 29 6
44 30 18
44 31 8
44 32 14
44 33 21
44 34 12
44 35 19
44 36 12
44 37 3
44 38 20
44 39 17
44 40 13
44 41 11
44 42 12
44 43 13
45 0 15
45 1 17
45 2 3
45 3 10
45 4 4
45 5 2
45 6 4
45 7 5
45 8 19
45 9 20
45 10 1
45 11 5
45 12 9
45 13 14
45 14 17
45 15 6
45 16 11
45 17 17
45 18 1
45 19 14
45 20 18
45 21 19
45 22 8
45 23 18
45 24 17
45 25 10
45 26 5
45 27 3
45 28 19
45 29 3
45 30 17
45 31 6
45 32 19
45 33 5
45 34 5
45 35 12
45 36 18
45 37 16
45 38 15
45 39 11
45 40 14
45 41 18
45 42 6
45 43 17
45 44 16
46 0 18
46 1 13
46 2 13
46 3 21
46 4 18
46 5 5
46 6 19
46 7 20
46 8 3
46 9 7
46 10 15
46 11 8
46 12 1
46 13 18
46 14 19
46 15 3
46 16 3
46 17 16
46 18 11
46 19 2
46 20 15
46 21 20
46 22 3
46 23 13
46 24 16
46 25 5
46 26 5
46 27 21
46 28 7
46 29 2
46 30 7
46 31 15
46 32 21
46 33 14
46 34 11
46 35 6
46 36 18
46 37 16
46 38 13
46 39 6
46 40 19
46 41 17
46 42 10
46 43 12
46 44 6
46 45 2
47 0 11
47 1 21
47 2 5
47 3 3
47 4 10
47 5 8
47 6 5
47 7 14
47 8 11
47 9 18
47 10 17
47 11 15
47 12 15
47 13 5
47 14 13
47 15 21
47 16 9
47 17 3
47 18 12
47 19 14
47 20 2
47 21 3
47 22 1
47 23 18
47 24 20
47 25 9
47 26 14
47 27 18
47 28 11
47 29 10
47 30 16
47 31 16
47 32 14
47 33 16
47 34 2
47 35 3
47 36 14
47 37 14
47 38 2
47 39 9
47 40 19
47 41 6
47 42 9
47 43 13
47 44 17
47 45 17
47 46 8
48 0 17
48 1 19
48 2 20
48 3 16
48 4 14
48 5 17
48 6 6
48 7 11
48 8 9
48 9 1
48 10 8
48 11 5
48 12 14
48 13 14
48 14 10
48 15 2
48 16 11
48 17 8
48 18 20
48 19 11
48 20 21
48 21 21
48 22 7
48 23 18
48 24 19
48 25 5
48 26 10
48 27 19
48 28 8
48 29 17
48 30 15
48 31 18
48 32 3
48 33 20
48 34 11
48 35 5
48 36 11
48 37 13
48 38 7
48 39 3
48 40 12
48 41 15
48 42 8
48 43 15
48 44 5
48 45 2
48 46 18
48 47 21
49 0 15
49 1 20
49 2 21
49 3 9
49 4 12
49 5 20
49 6 14
49 7 10
49 8 10
49 9 6
49 10 9
49 11 10
49 12 17
49 13 8
49 14 2
49 15 21
49 16 17
49 17 21
49 18 6
49 19 8
49 20 11
49 21 20
49 22 1
49 23 15
49 24 21
49 25 15
49 26 6
49 27 14
49 28 14
49 29 12
49 30 4
49 31 6
49 32 13
49 33 2
49 34 10
49 35 17
49 36 17
49 37 9
49 38 11
49 39 8
49 40 1
49 41 15
49 42 2
49 43 5
49 44 18
49 45 17
49 46 13
49 47 8
49 48 10
50 0 21
50 1 5
50 2 4
50 3 14
50 4 14
50 5 19
50 6 21
50 7 14
50 8 14
50 9 7
50 10 3
50 11 21
50 12 7
50 13 20
50 14 1
50 15 5
50 16 19
50 17 19
50 18 20
50 19 8
50 20 18
50 21 18
50 22 8
50 23 11
50 24 2
50 25 18
50 26 7
50 27 18
50 28 18
50 29 6
50 30 5
50 31 5
50 32 5
50 33 11
50 34 8
50 35 13
50 36 6
50 37 17
50 38 12
50 39 5
50 40 1
50 41 5
50 42 9
50 43 10
50 44 2
50 45 2
50 46 12
50 47 11
50 48 19
50 49 4
51 0 6
51 1 3
51 2 6
51 3 21
51 4 15
51 5 6
51 6 19
51 7 3
51 8 16
51 9 6
51 10 17
51 11 12
51 12 13
51 13 21
51 14 9
51 15 18
51 16 8
51 17 16
51 18 17
51 19 9
51 20 4
51 21 15
51 22 8
51 23 5
51 24 10
51 25 3
51 26 7
51 27 12
51 28 6
51 29 5
51 30 21
51 31 1
51 32 10
51 33 12
51 34 4
51 35 11
51 36 3
51 37 16
51 38 14
51 39 20
51 40 11
51 41 7
51 42 13
51 43 9
51 44 5
51 45 3
51 46 18
51 47 4
51 48 8
51 49 3
51 50 19
52 0 16
52 1 8
52 2 17
52 3 3
52 4 3
52 5 16
52 6 10
52 7 21
52 8 15
52 9 20
52 10 5
52 11 16
52 12 16
52 13 11
52 14 10
52 15 18
52 16 13
52 17 1
52 18 18
52 19 18
52 20 6
52 21 14
52 22 2
52 23 17
52 24 7
52 25 13
52 26 19
52 27 3
52 28 3
52 29 8
52 30 16
52 31 17
52 32 17
52 33 20
52 34 13
52 35 16
52 36 7
52 37 3
52 38 18
52 39 14
52 40 19
52 41 13
52 42 2
52 43 2
52 44 10
52 45 13
52 46 10
52 47 2
52 48 13
52 49 4
52 50 15
52 51 19
53 0 16
53 1 8
53 2 12
53 3 12
53 4 6
53 5 2
53 6 3
53 7 14
53 8 13
53 9 3
53 10 2
53 11 10
53 12 17
53 13 13
53 14 3
53 15 17
53 16 18
53 17 5
53 18 1
53 19 15
53 20 5
53 21 15
53 22 15
53 23 12
53 24 18
53 25 9
53 26 9
53 27 9
53 28 10
53 29 1
53 30 21
53 31 9
53 32 3
53 33 17
53 34 16
53 35 18
53 36 18
53 37 18
53 38 12
53 39 3
53 40 4
53 41 7
53 42 17
53 43 12
53 44 3
53 45 5
53 46 13
53 47 19
53 48 6
53 49 4
53 50 18
53 51 1
53 52 15
54 0 20
54 1 15
54 2 7
54 3 13
54 4 18
54 5 1
54 6 4
54 7 9
54 8 14
54 9 12
54 10 1
54 11 19
54 12 7
54 13 11
54 14 6
54 15 5
54 16 1
54 17 11
54 18 2
54 19 18
54 20 10
54 21 2
54 22 8
54 23 12
54 24 19
54 25 9
54 26 15
54 27 1
54 28 15
54 29 10
54 30 10
54 31 21
54 32 11
54 33 20
54 34 2
54 35 21
54 36 7
54 37 11
54 38 5
54 39 11
54 40 17
54 41 2
54 42 11
54 43 12
54 44 10
54 45 18
54 46 3
54 47 6
54 48 11
54 49 11
54 50 11
54 51 5
54 52 1
54 53 9
55 0 3
55 1 20
55 2 15
55 3 5
55 4 1
55 5 1
55 6 8
55 7 4
55 8 11
55 9 20
55 10 21
55 11 5
55 12 5
55 13 9
55 14 12
55 15 16
55 16 9
55 17 20
55 18 18
55 19 5
55 20 17
55 21 12
55 22 18
55 23 15
55 24 13
55 25 9
55 26 7
55 27 9
55 28 3
55 29 12
55 30 9
55 31 15
55 32 14
55 33 13
55 34 2
55 35 17
55 36 21
55 37 5
55 38 6
55 39 18
55 40 8
55 41 1
55 42 7
55 43 16
55 44 17
55 45 18
55 46 19
55 47 6
55 48 7
55 49 19
55 50 19
55 51 12
55 52 21
55 53 10
55 54 9
56 0 4
56 1 15
56 2 19
56 3 5
56 4 11
56 5 8
56 6 16
56 7 20
56 8 6
56 9 15
56 10 21
56 11 13
56 12 7
56 13 15
56 14 20
56 15 7
56 16 7
56 17 6
56 18 2
56 19 2
56 20 10
56 21 13
56 22 9
56 23 21
56 24 10
56 25 6
56 26 15
56 27 18
56 28 19
56 29 9
56 30 13
56 31 7
56 32 8
56 33 4
56 34 11
56 35 5
56 36 12
56 37 8
56 38 5
56 39 1
56 40 2
56 41 18
56 42 3
56 43 5
56 44 3
56 45 14
56 46 17
56 47 5
56 48 5
56 49 4
56 50 12
56 51 7
56 52 20
56 53 3
56 54 20
56 55 3
57 0 6
57 1 13
57 2 15
57 3 7
57 4 20
57 5 14
57 6 17
57 7 20
57 8 13
57 9 16
57 10 3
57 11 5
57 12 12
57 13 21
57 14 9
57 15 1
57 16 8
57 17 13
57 18 5
57 19 21
57 20 1
57 21 12
57 22 15
57 23 8
57 24 3
57 25 21
57 26 3
57 27 12
57 28 12
57 29 15
57 30 11
57 31 4
57 32 14
57 33 11
57 34 13
57 35 16
57 36 13
57 37 12
57 38 10
57 39 2
57 40 7
57 41 1
57 42 21
57 43 4
57 44 7
57 45 20
57 46 3
57 47 12
57 48 4
57 49 8
57 50 5
57 51 10
57 52 3
57 53 10
57 54 21
57 55 2
57 56 9
58 0 10
58 1 9
58 2 1
58 3 7
58 4 7
58 5 18
58 6 10
58 7 3
58 8 1
58 9 2
58 10 9
58 11 17
58 12 7
58 13 14
58 14 18
58 15 4
58 16 10
58 17 12
58 18 5
58 19 17
58 20 16
58 21 5
58 22 1
58 23 20
58 24 9
58 25 2
58 26 9
58 27 20
58 28 13
58 29 8
58 30 10
58 31 15
58 32 9
58 33 7
58 34 10
58 35 3
58 36 20
58 37 1
58 38 2
58 39 7
58 40 6
58 41 6
58 42 10
58 43 17
58 44 8
58 45 4
58 46 13
58 47 21
58 48 14
58 49 19
58 50 12
58 51 18
58 52 14
58 53 3
58 54 7
58 55 17
58 56 3
58 57 15
59 0 4
59 1 8
59 2 15
59 3 18
59 4 14
59 5 7
59 6 13
59 7 13
59 8 7
59 9 13
59 10 8
59 11 21
59 12 15
59 13 9
59 14 7
59 15 7
59 16 21
59 17 17
59 18 13
59 19 7
59 20 7
59 21 1
59 22 1
59 23 1
59 24 13
59 25 13
59 26 21
59 27 7
59 28 4
59 29 10
59 30 16
59 31 3
59 32 7
59 33 18
59 34 19
59 35 5
59 36 11
59 37 16
59 38 16
59 39 9
59 40 15
59 41 6
59 42 5
59 43 20
59 44 13
59 45 18
59 46 5
59 47 17
59 48 21
59 49 11
59 50 8
59 51 7
59 52 6
59 53 12
59 54 4
59 55 19
59 56 19
59 57 21
59 58 18
60 0 19
60 1 16
60 2 9
60 3 15
60 4 6
60 5 21
60 6 3
60 7 12
60 8 9
60 9 21
60 10 10
60 11 14
60 12 18
60 13 8
60 14 8
60 15 4
60 16 20
60 17 19
60 18 15
60 19 4
60 20 12
60 21 8
60 22 13
60 23 7
60 24 1
60 25 4
60 26 10
60 27 14
60 28 10
60 29 5
60 30 10
60 31 6
60 32 2
60 33 8
60 34 15
60 35 8
60 36 6
60 37 15
60 38 18
60 39 16
60 40 3
60 41 21
60 42 4
60 43 7
60 44 10
60 45 19
60 46 9
60 47 16
60 48 11
60 49 9
60 50 6
60 51 7
60 52 18
60 53 3
60 54 9
60 55 14
60 56 4
60 57 8
60 58 15
60 59 5
61 0 11
61 1 14
61 2 6
61 3 8
61 4 17
61 5 11
61 6 7
61 7 7
61 8 6
61 9 12
61 10 15
61 11 18
61 12 9
61 13 9
61 14 11
61 15 13
61 16 19
61 17 13
61 18 7
61 19 11
61 20 3
61 21 14
61 22 13
61 23 3
61 24 3
61 25 5
61 26 3
61 27 1
61 28 5
61 29 14
61 30 18
61 31 14
61 32 21
61 33 12
61 34 4
61 35 4
61 36 3
61 37 1
61 38 15
61 39 6
61 40 16
61 41 5
61 42 9
61 43 17
61 44 3
61 45 4
61 46 9
61 47 17
61 48 4
61 49 12
61 50 11
61 51 1
61 52 14
61 53 1
61 54 1
61 55 21
61 56 12
61 57 15
61 58 14
61 59 16
61 60 13
62 0 8
62 1 16
62 2 19
62 3 15
62 4 11
62 5 20
62 6 18
62 7 20
62 8 4
62 9 10
62 10 21
62 11 21
62 12 18
62 13 1
62 14 2
62 15 10
62 16 8
62 17 18
62 18 3
62 19 9
62 20 17
62 21 21
62 22 20
62 23 1
62 24 17
62 25 16
62 26 14
62 27 8
62 28 14
62 29 2
62 30 10
62 31 9
62 32 11
62 33 18
62 34 4
62 35 17
62 36 12
62 37 15
62 38 9
62 39 7
62 40 9
62 41 14
62 42 11
62 43 21
62 44 6
62 45 9
62 46 16
62 47 14
62 48 2
62 49 4
62 50 3
62 51 8
62 52 1
62 53 1
62 54 20
62 55 14
62 56 20
62 57 4
62 58 20
62 59 14
62 60 8
62 61 2
63 0 12
63 1 21
63 2 13
63 3 17
63 4 19
63 5 5
63 6 1
63 7 18
63 8 6
63 9 4
63 10 14
63 11 13
63 12 3
63 13 10
63 14 20
63 15 20
63 16 11
63 17 3
63 18 14
63 19 16
63 20 13
63 21 19
63 22 21
63 23 18
63 24 19
63 25 1
63 26 12
63 27 15
63 28 2
63 29 13
63 30 5
63 31 11
63 32 2
63 33 5
63 34 20
63 35 1
63 36 14
63 37 9
63 38 16
63 39 3
63 40 16
63 41 16
63 42 4
63 43 4
63 44 8
63 45 17
63 46 21
63 47 19
63 48 14
63 49 11
63 50 12
63 51 12
63 52 11
63 53 11
63 54 7
63 55 17
63 56 14
63 57 6
63 58 10
63 59 3
63 60 10
63 61 8
63 62 18
