52
2 0 24
4 1 46
4 2 28
5 1 11
5 2 15
5 3 56
6 1 26
6 2 15
6 3 47
7 0 22
7 1 45
7 4 22
8 0 42
8 3 15
8 6 6
9 2 1
9 6 15
10 2 13
10 3 51
10 4 8
10 5 7
10 7 4
10 9 40
11 1 41
11 3 24
11 4 27
11 5 44
11 6 1
11 7 6
12 0 29
12 2 23
12 3 38
12 4 28
12 6 31
12 7 51
12 8 17
13 1 34
13 5 53
13 6 14
13 7 43
13 9 33
13 10 15
13 12 13
14 1 21
14 3 16
14 6 44
14 7 27
14 9 46
15 1 42
15 2 29
15 3 4
15 4 33
15 5 12
15 6 34
15 8 48
15 11 15
15 14 6
16 0 10
16 1 37
16 3 27
16 4 37
16 5 2
16 7 44
16 9 7
16 13 28
16 14 50
16 15 2
17 3 26
17 4 11
17 5 54
17 6 25
17 8 4
17 10 17
17 11 28
17 15 13
17 16 25
18 4 17
18 6 17
18 7 1
18 8 47
18 9 5
18 10 18
18 13 23
18 15 7
18 17 6
19 2 7
19 4 36
19 5 27
19 6 41
19 7 18
19 9 31
19 10 30
19 11 26
19 12 8
19 13 20
19 15 19
19 16 37
19 18 55
20 2 19
20 3 7
20 5 42
20 6 9
20 7 28
20 8 9
20 9 18
20 10 50
20 11 30
20 13 51
20 14 10
20 18 41
20 19 54
21 1 57
21 2 3
21 3 22
21 4 35
21 6 31
21 8 1
21 10 21
21 15 41
21 16 56
21 19 33
21 20 30
22 0 46
22 2 23
22 5 46
22 6 13
22 10 40
22 12 35
22 16 20
22 17 28
22 18 47
22 19 49
23 1 19
23 2 36
23 3 50
23 5 33
23 11 40
23 12 55
23 14 56
23 16 21
23 17 29
23 18 12
23 19 15
23 21 8
24 1 54
24 2 55
24 3 12
24 4 4
24 5 12
24 7 26
24 9 54
24 11 40
24 14 3
24 15 4
24 16 27
24 17 6
24 18 45
24 20 27
24 22 26
24 23 20
25 0 41
25 1 25
25 2 1
25 3 50
25 5 44
25 7 7
25 8 51
25 9 28
25 12 39
25 13 13
25 14 3
25 15 18
25 16 35
25 17 15
25 20 52
26 0 10
26 1 41
26 2 34
26 3 18
26 5 11
26 6 28
26 8 52
26 9 7
26 12 49
26 13 28
26 18 28
26 20 52
26 25 9
27 1 10
27 4 33
27 6 35
27 7 24
27 8 12
27 9 27
27 13 52
27 14 12
27 16 7
27 17 17
27 20 7
27 23 46
27 25 20
28 0 1
28 2 46
28 4 43
28 5 45
28 7 10
28 8 28
28 10 10
28 12 28
28 15 51
28 20 6
28 21 56
28 23 35
28 26 40
29 0 15
29 2 38
29 4 21
29 5 17
29 6 6
29 8 21
29 12 53
29 13 44
29 14 25
29 18 1
29 23 53
29 24 17
29 28 55
30 1 5
30 2 21
30 3 31
30 8 7
30 9 6
30 10 11
30 11 49
30 12 32
30 13 13
30 14 56
30 16 6
30 18 6
30 19 16
30 23 49
30 25 49
30 27 49
30 28 49
30 29 36
31 1 46
31 2 21
31 3 36
31 4 6
31 6 55
31 7 37
31 8 30
31 13 52
31 14 19
31 15 48
31 16 26
31 17 57
31 19 51
31 21 19
31 23 50
31 25 52
31 29 34
32 1 43
32 4 54
32 5 38
32 6 40
32 7 26
32 11 42
32 12 41
32 15 33
32 16 48
32 17 43
32 18 7
32 20 20
32 21 39
32 22 9
32 25 25
32 26 46
32 28 23
32 29 48
32 30 23
32 31 3
33 0 27
33 2 27
33 3 7
33 4 36
33 5 42
33 7 45
33 9 31
33 11 12
33 14 37
33 15 39
33 16 22
33 17 11
33 20 28
33 21 22
33 22 53
33 24 18
33 27 38
33 30 43
33 31 57
33 32 1
34 2 36
34 3 11
34 4 38
34 6 38
34 9 47
34 13 51
34 15 24
34 17 30
34 19 6
34 20 56
34 21 9
34 22 34
34 23 57
34 25 37
34 27 20
34 28 42
34 29 9
34 30 11
34 32 36
34 33 7
35 1 41
35 3 46
35 4 10
35 6 22
35 8 21
35 10 38
35 11 41
35 13 12
35 14 11
35 15 17
35 17 12
35 18 56
35 26 13
35 30 18
35 32 45
35 34 55
36 3 35
36 7 5
36 10 49
36 12 57
36 14 18
36 19 2
36 20 14
36 23 36
36 26 7
36 27 4
36 28 48
36 30 33
36 31 25
36 33 9
36 34 27
37 0 38
37 1 35
37 3 51
37 4 38
37 6 28
37 7 53
37 8 24
37 9 2
37 10 24
37 12 14
37 14 52
37 16 17
37 21 50
37 28 11
37 31 52
37 35 26
37 36 18
38 4 55
38 6 40
38 8 53
38 9 37
38 10 10
38 11 38
38 14 13
38 15 43
38 16 27
38 17 5
38 18 34
38 19 11
38 21 34
38 24 12
38 25 2
38 26 33
38 30 39
38 37 11
39 0 48
39 2 23
39 5 46
39 6 19
39 8 3
39 9 8
39 11 10
39 13 32
39 18 2
39 19 11
39 24 17
39 25 30
39 26 34
39 27 2
39 37 52
39 38 10
40 0 26
40 1 54
40 2 26
40 4 54
40 6 54
40 8 36
40 9 14
40 11 42
40 14 34
40 15 45
40 22 38
40 24 36
40 28 16
40 29 22
40 31 34
40 38 19
41 0 36
41 4 13
41 5 13
41 6 26
41 7 45
41 8 33
41 9 22
41 10 24
41 11 46
41 12 1
41 13 35
41 14 57
41 15 1
41 17 39
41 21 46
41 23 34
41 24 31
41 26 9
41 27 38
41 28 32
41 29 9
41 32 11
41 33 41
41 34 54
41 35 49
41 37 56
41 39 22
41 40 57
42 0 22
42 1 52
42 3 4
42 4 5
42 5 21
42 6 12
42 9 35
42 10 52
42 11 5
42 13 55
42 15 17
42 16 13
42 23 26
42 25 49
42 26 39
42 27 29
42 30 52
42 35 34
42 37 18
42 38 9
42 40 3
43 0 41
43 1 55
43 3 34
43 7 15
43 11 52
43 14 44
43 15 25
43 18 2
43 20 51
43 22 33
43 24 31
43 27 42
43 28 22
43 29 43
43 30 57
43 31 25
43 32 32
43 33 10
43 35 2
43 39 45
43 40 40
44 0 48
44 1 2
44 3 14
44 4 25
44 5 25
44 7 3
44 8 29
44 9 17
44 14 39
44 16 14
44 17 33
44 18 26
44 21 27
44 22 46
44 23 18
44 28 22
44 30 14
44 32 43
44 34 25
44 35 53
44 37 49
44 40 4
45 1 8
45 2 53
45 4 55
45 5 1
45 6 19
45 7 6
45 9 51
45 12 38
45 14 31
45 15 49
45 17 37
45 19 1
45 20 29
45 21 48
45 26 55
45 27 26
45 28 13
45 30 22
45 34 15
45 38 50
45 41 37
45 42 23
45 43 5
45 44 37
46 0 40
46 1 42
46 3 38
46 5 38
46 6 27
46 7 13
46 9 13
46 10 1
46 12 13
46 15 42
46 19 50
46 22 18
46 28 14
46 33 57
46 37 16
46 38 43
46 42 44
47 5 25
47 7 34
47 9 3
47 10 38
47 11 12
47 12 45
47 16 54
47 17 23
47 18 22
47 21 43
47 22 17
47 23 41
47 24 50
47 25 33
47 28 42
47 29 53
47 30 49
47 32 43
47 34 5
47 36 41
47 39 42
47 41 1
47 43 39
47 46 33
48 0 16
48 3 14
48 4 24
48 5 43
48 8 19
48 9 1
48 12 28
48 14 41
48 16 4
48 17 52
48 18 32
48 20 55
48 26 53
48 27 10
48 29 29
48 31 45
48 36 29
48 45 40
49 0 49
49 3 18
49 4 20
49 5 12
49 11 9
49 13 11
49 14 16
49 16 17
49 19 13
49 20 43
49 21 22
49 24 55
49 27 56
49 29 52
49 30 34
49 32 1
49 34 28
49 35 6
49 37 20
49 40 2
49 42 26
49 43 30
49 44 3
49 45 14
49 46 8
49 48 30
50 3 7
50 5 2
50 6 10
50 7 41
50 15 34
50 16 47
50 17 17
50 19 48
50 20 17
50 23 22
50 28 12
50 29 10
50 30 9
50 35 3
50 36 25
50 40 2
50 41 30
50 42 56
50 43 26
50 44 50
50 46 12
50 48 35
50 49 38
51 2 34
51 3 23
51 5 36
51 6 1
51 9 44
51 10 29
51 11 42
51 13 27
51 14 1
51 15 23
51 16 39
51 20 49
51 21 3
51 23 34
51 24 20
51 25 30
51 29 21
51 30 34
51 33 44
51 34 10
51 35 26
51 36 44
51 39 30
51 42 52
51 43 33
51 44 27
51 48 27
51 50 11
