61
1 0 1
2 0 1
2 1 2
3 2 3
4 1 1
4 3 3
5 2 2
5 3 2
6 0 3
6 1 1
6 4 1
6 5 2
7 0 2
7 2 1
7 5 1
7 6 2
8 1 1
8 4 2
8 5 2
8 7 2
9 1 2
9 3 1
9 6 3
9 7 1
10 0 3
10 1 3
10 2 2
10 4 1
10 8 1
11 0 2
11 2 2
11 4 2
11 5 2
11 7 3
11 8 2
11 9 1
12 1 1
12 3 1
12 4 3
12 5 3
12 9 2
13 0 1
13 1 2
13 3 2
13 6 1
13 7 2
13 8 2
13 12 2
14 1 1
14 3 2
14 8 1
14 9 1
14 12 2
15 0 2
15 3 2
15 10 1
15 12 3
15 14 1
16 0 2
16 4 1
16 6 2
16 7 1
16 8 2
16 9 3
16 10 2
16 11 2
16 12 2
16 15 3
17 1 3
17 2 3
17 3 3
17 5 2
17 9 1
17 10 2
17 11 2
17 12 2
17 14 2
18 0 2
18 2 1
18 4 2
18 7 2
18 9 1
18 11 1
18 12 1
18 13 3
18 17 1
19 1 1
19 2 2
19 4 3
19 5 1
19 8 2
19 9 1
19 11 3
19 12 1
19 13 3
19 14 2
19 17 3
19 18 3
20 1 1
20 2 1
20 3 3
20 6 3
20 7 2
20 12 2
20 16 2
20 17 2
21 1 2
21 2 1
21 3 3
21 8 3
21 11 1
21 13 2
21 14 1
21 18 3
21 20 3
22 5 3
22 6 2
22 16 3
22 17 2
22 18 1
22 20 2
23 1 3
23 6 3
23 9 2
23 12 2
23 14 3
23 16 1
23 17 3
23 19 1
23 21 1
24 0 3
24 1 2
24 2 1
24 4 1
24 7 3
24 8 1
24 9 1
24 10 3
24 11 1
24 12 2
24 15 3
24 16 3
24 18 2
24 19 1
24 20 1
24 21 2
24 22 3
25 1 2
25 4 1
25 7 3
25 12 2
25 13 3
25 15 2
25 20 1
25 21 2
25 22 3
26 3 2
26 7 2
26 12 2
26 16 3
26 18 3
26 19 2
26 20 3
26 21 1
26 22 1
26 23 1
27 2 1
27 6 3
27 12 2
27 15 3
27 16 2
27 20 3
27 21 3
27 22 3
27 24 2
28 0 2
28 1 2
28 2 1
28 3 1
28 6 2
28 7 3
28 11 3
28 13 3
28 15 3
28 16 2
28 17 2
28 18 1
28 20 2
28 22 1
28 23 2
28 24 2
28 25 1
28 27 3
29 0 2
29 1 2
29 3 2
29 7 2
29 8 1
29 10 3
29 11 2
29 12 3
29 14 2
29 15 3
29 18 1
29 19 3
29 24 3
29 26 1
29 27 1
29 28 3
30 0 3
30 1 2
30 4 2
30 6 1
30 7 3
30 8 3
30 9 2
30 13 3
30 17 2
30 18 2
30 19 3
30 22 1
30 26 3
30 27 2
30 29 3
31 0 1
31 2 1
31 3 3
31 6 2
31 7 2
31 9 3
31 10 2
31 11 3
31 13 1
31 15 3
31 19 3
31 24 3
31 25 2
31 29 2
31 30 1
32 1 3
32 2 2
32 3 3
32 4 1
32 6 1
32 7 3
32 8 2
32 9 1
32 11 3
32 16 1
32 17 1
32 18 2
32 20 1
32 24 1
32 25 1
32 28 3
32 31 1
33 2 1
33 4 1
33 5 2
33 7 3
33 9 1
33 12 1
33 13 2
33 14 1
33 18 3
33 24 1
33 27 1
33 29 1
33 30 2
33 31 2
33 32 1
34 0 2
34 3 3
34 4 1
34 5 1
34 10 3
34 13 3
34 15 1
34 18 3
34 20 1
34 25 1
34 30 3
35 0 1
35 5 2
35 7 2
35 10 2
35 11 3
35 12 1
35 13 1
35 14 3
35 15 1
35 16 2
35 20 1
35 21 1
35 22 1
35 24 2
35 26 2
35 28 3
35 29 2
35 30 2
35 32 1
35 33 2
35 34 2
36 0 3
36 1 1
36 3 1
36 4 1
36 5 3
36 8 3
36 10 2
36 11 2
36 12 1
36 13 2
36 15 3
36 18 2
36 19 2
36 26 2
36 29 3
36 30 1
36 32 1
36 34 3
37 0 3
37 1 1
37 2 2
37 3 2
37 4 2
37 5 1
37 6 3
37 7 2
37 8 3
37 9 1
37 10 3
37 12 3
37 13 1
37 17 2
37 18 3
37 19 2
37 20 1
37 22 1
37 23 2
37 27 3
37 28 2
37 29 3
37 30 1
38 0 1
38 3 2
38 4 3
38 5 3
38 6 3
38 7 1
38 8 3
38 10 1
38 12 2
38 17 1
38 20 3
38 22 2
38 32 3
38 34 1
38 35 2
38 36 1
38 37 1
39 0 3
39 2 1
39 3 2
39 4 3
39 6 1
39 7 1
39 8 1
39 9 3
39 10 1
39 11 3
39 13 2
39 14 2
39 21 2
39 25 1
39 26 1
39 33 1
39 34 1
39 38 3
40 2 2
40 4 1
40 5 2
40 6 1
40 9 1
40 11 3
40 13 3
40 17 3
40 21 3
40 22 3
40 23 3
40 24 2
40 26 1
40 28 3
40 31 2
40 33 2
40 34 1
40 37 2
40 38 3
41 3 3
41 4 1
41 6 2
41 7 3
41 10 2
41 15 1
41 16 1
41 20 1
41 22 2
41 23 1
41 24 3
41 25 2
41 27 2
41 28 1
41 29 1
41 30 2
41 31 2
41 32 1
41 37 2
41 38 2
41 39 2
42 0 1
42 3 1
42 4 1
42 8 2
42 10 3
42 13 3
42 20 3
42 21 2
42 22 1
42 23 2
42 26 1
42 29 1
42 34 3
42 35 1
42 36 3
42 38 2
43 2 3
43 5 3
43 8 2
43 10 1
43 12 1
43 13 1
43 14 2
43 15 1
43 16 3
43 19 3
43 22 3
43 24 1
43 25 2
43 26 1
43 27 2
43 28 3
43 30 3
43 32 3
43 34 3
43 35 3
43 36 2
43 38 1
43 41 2
44 0 1
44 4 3
44 8 3
44 9 3
44 11 3
44 12 1
44 14 3
44 15 2
44 17 3
44 18 3
44 21 2
44 22 3
44 24 1
44 25 2
44 26 2
44 27 1
44 28 1
44 30 3
44 31 3
44 32 2
44 33 3
44 34 3
44 38 1
44 40 3
44 41 3
44 42 3
44 43 3
45 1 3
45 2 1
45 6 2
45 9 1
45 10 1
45 11 3
45 12 3
45 15 1
45 17 3
45 20 1
45 23 2
45 24 1
45 26 3
45 28 2
45 35 2
45 36 3
45 37 3
45 38 2
45 39 3
45 40 2
45 43 2
45 44 3
46 0 3
46 1 1
46 7 2
46 11 3
46 12 1
46 13 1
46 15 1
46 17 3
46 19 3
46 21 3
46 22 2
46 23 2
46 24 3
46 28 1
46 29 1
46 30 2
46 32 1
46 33 1
46 34 2
46 38 2
46 40 1
46 41 3
46 42 2
46 43 1
46 44 3
47 0 1
47 1 1
47 2 2
47 3 1
47 4 1
47 9 2
47 10 3
47 12 1
47 14 3
47 16 2
47 19 3
47 21 2
47 23 2
47 24 2
47 25 3
47 26 1
47 28 1
47 31 2
47 32 2
47 35 1
47 36 3
47 38 2
47 39 3
47 42 2
47 43 1
48 0 1
48 3 2
48 4 2
48 5 3
48 6 3
48 8 2
48 9 1
48 11 2
48 12 1
48 14 3
48 20 1
48 21 2
48 22 3
48 23 1
48 26 3
48 28 3
48 29 2
48 30 3
48 31 1
48 32 3
48 34 3
48 36 2
48 38 2
48 41 3
48 45 3
48 47 3
49 0 1
49 1 1
49 4 2
49 5 2
49 8 3
49 11 1
49 16 3
49 20 3
49 21 2
49 23 2
49 24 3
49 26 2
49 27 2
49 28 2
49 29 3
49 31 3
49 33 2
49 35 1
49 37 2
49 39 2
49 42 2
49 44 1
49 46 3
49 47 3
49 48 2
50 2 2
50 4 2
50 6 1
50 8 2
50 9 1
50 13 2
50 14 3
50 21 2
50 22 3
50 23 3
50 24 2
50 26 3
50 27 3
50 31 2
50 32 2
50 34 1
50 41 3
50 43 1
50 44 2
50 48 3
51 0 3
51 3 3
51 4 1
51 5 1
51 6 1
51 7 3
51 9 2
51 11 1
51 12 2
51 13 2
51 17 2
51 21 2
51 23 1
51 26 3
51 27 1
51 28 3
51 31 2
51 32 3
51 37 1
51 38 3
51 42 3
51 43 3
51 47 3
51 48 3
51 49 3
51 50 2
52 3 3
52 4 2
52 5 3
52 6 2
52 7 2
52 8 2
52 14 3
52 15 1
52 21 1
52 22 2
52 23 2
52 26 3
52 32 3
52 34 1
52 35 1
52 36 2
52 37 2
52 41 3
52 43 3
52 44 2
52 46 3
52 49 1
53 1 2
53 2 1
53 3 2
53 7 1
53 10 3
53 18 1
53 19 2
53 20 3
53 21 3
53 24 3
53 26 3
53 28 3
53 29 2
53 35 1
53 37 3
53 38 1
53 40 1
53 42 1
53 47 2
53 49 1
53 52 3
54 0 1
54 3 3
54 5 1
54 6 2
54 8 1
54 10 2
54 11 2
54 12 3
54 14 3
54 16 3
54 18 2
54 19 3
54 20 1
54 21 1
54 22 3
54 23 3
54 25 1
54 31 1
54 33 1
54 40 2
54 41 2
54 43 1
54 44 1
54 45 3
54 47 3
54 49 3
54 51 1
55 3 1
55 4 1
55 9 3
55 10 2
55 13 3
55 14 1
55 18 3
55 19 1
55 21 2
55 23 1
55 30 2
55 32 2
55 33 1
55 34 1
55 39 1
55 41 2
55 42 2
55 43 2
55 44 2
55 46 3
55 48 2
55 53 2
56 0 1
56 1 3
56 2 3
56 4 2
56 6 1
56 7 2
56 10 1
56 12 2
56 13 1
56 14 2
56 16 2
56 18 3
56 19 2
56 20 2
56 21 3
56 22 1
56 23 2
56 24 3
56 25 1
56 31 3
56 32 3
56 38 3
56 40 2
56 41 1
56 43 1
56 48 3
56 49 2
56 51 1
56 52 3
56 54 2
57 1 3
57 2 1
57 4 2
57 5 1
57 10 3
57 11 3
57 12 2
57 14 1
57 16 1
57 18 2
57 22 3
57 23 2
57 24 2
57 27 1
57 28 3
57 29 3
57 30 2
57 31 3
57 33 2
57 36 3
57 38 1
57 40 2
57 42 1
57 43 1
57 44 1
57 46 2
57 47 1
57 50 2
57 52 1
57 54 1
57 55 3
58 0 1
58 2 3
58 3 3
58 4 1
58 5 3
58 6 2
58 7 1
58 11 3
58 12 3
58 14 2
58 17 1
58 20 2
58 21 1
58 23 2
58 24 2
58 27 3
58 30 3
58 32 1
58 33 3
58 35 2
58 36 3
58 40 1
58 46 1
58 47 2
58 50 2
58 51 2
58 54 1
58 55 3
58 56 2
59 0 3
59 1 3
59 2 1
59 3 1
59 5 1
59 17 1
59 18 3
59 20 3
59 23 1
59 24 3
59 25 1
59 27 3
59 29 3
59 30 3
59 31 1
59 34 3
59 35 3
59 41 2
59 42 2
59 43 3
59 44 3
59 45 1
59 47 1
59 49 2
59 51 1
59 53 2
59 54 1
59 56 2
59 58 2
60 2 3
60 4 3
60 5 1
60 6 3
60 7 1
60 11 2
60 12 3
60 13 2
60 16 3
60 18 1
60 20 2
60 21 2
60 22 3
60 32 1
60 33 1
60 34 2
60 36 1
60 37 1
60 38 3
60 39 3
60 43 2
60 44 1
60 46 3
60 52 2
60 53 3
60 55 2
60 58 1
