42
1 0 3
2 0 6
2 1 6
3 0 2
3 1 8
3 2 2
4 2 2
4 3 1
5 1 2
5 2 4
5 3 1
6 1 4
6 2 6
6 5 7
7 0 3
7 1 7
7 2 6
7 4 1
8 1 3
8 3 7
8 4 1
8 7 1
9 3 7
9 5 1
9 6 6
10 0 6
10 1 3
10 5 5
10 6 2
10 7 7
11 1 8
11 2 3
11 3 8
11 5 7
11 8 1
12 1 4
12 3 2
12 4 2
12 5 5
12 6 6
12 7 2
12 9 2
12 10 2
13 1 8
13 2 3
13 5 2
13 7 4
13 8 7
13 10 7
14 0 7
14 2 3
14 4 6
14 5 1
14 7 4
14 8 1
14 9 6
14 10 1
14 11 2
14 12 8
15 0 1
15 1 5
15 2 5
15 3 8
15 4 5
15 5 4
15 6 3
15 7 4
15 13 8
15 14 1
16 1 8
16 2 2
16 3 3
16 5 4
16 7 4
16 9 6
16 14 2
16 15 6
17 0 1
17 1 8
17 5 4
17 6 3
17 8 8
17 9 8
17 15 5
18 3 2
18 4 5
18 8 2
18 10 7
18 14 8
18 15 2
18 16 6
19 0 7
19 5 6
19 6 8
19 8 4
19 11 4
19 15 4
19 17 4
19 18 2
20 3 8
20 4 7
20 5 5
20 6 3
20 10 2
20 11 5
20 14 1
20 18 2
20 19 2
21 0 6
21 5 6
21 6 4
21 8 5
21 9 1
21 10 4
21 12 6
21 15 2
21 17 8
21 18 2
21 19 7
21 20 8
22 4 3
22 6 2
22 12 4
22 13 8
22 14 6
22 15 7
22 16 1
22 17 6
22 18 8
23 2 5
23 3 8
23 4 4
23 5 6
23 8 1
23 13 4
23 14 8
23 15 5
23 17 5
23 18 7
23 20 8
24 1 2
24 3 8
24 6 4
24 7 3
24 9 4
24 13 1
24 15 3
24 17 7
24 20 8
24 22 1
25 0 4
25 2 7
25 4 6
25 8 1
25 9 1
25 12 6
25 15 8
25 17 5
25 22 1
25 23 3
26 1 4
26 3 7
26 6 3
26 7 4
26 9 7
26 11 2
26 13 2
26 15 8
26 16 8
26 20 8
26 23 4
26 24 7
27 0 1
27 4 8
27 6 3
27 7 4
27 8 4
27 9 2
27 12 1
27 13 8
27 16 3
27 17 5
27 18 5
27 21 5
28 2 8
28 3 2
28 5 3
28 6 1
28 7 6
28 8 6
28 9 6
28 10 4
28 11 5
28 14 3
28 15 2
28 18 5
28 19 5
28 20 3
28 22 1
28 25 6
28 26 6
28 27 7
29 3 8
29 5 5
29 10 7
29 11 1
29 12 2
29 13 2
29 14 8
29 17 6
29 23 6
29 24 3
29 26 4
29 28 3
30 0 1
30 3 2
30 4 7
30 6 4
30 7 2
30 11 4
30 15 1
30 17 3
30 20 6
30 21 1
30 23 1
30 24 7
30 25 1
30 26 1
30 27 2
30 28 1
31 7 2
31 8 3
31 10 1
31 11 6
31 14 2
31 15 3
31 19 5
31 20 4
31 21 2
31 24 5
31 26 2
31 27 1
31 30 8
32 1 5
32 5 7
32 8 3
32 9 7
32 12 7
32 16 3
32 17 2
32 18 3
32 20 7
32 23 6
32 24 5
32 27 8
32 29 6
32 31 4
33 0 6
33 2 5
33 4 1
33 6 5
33 9 7
33 10 5
33 13 1
33 14 6
33 15 2
33 16 3
33 18 8
33 19 2
33 20 7
33 22 3
33 24 7
33 25 6
33 27 8
33 28 6
33 29 4
33 30 7
34 1 7
34 4 2
34 6 8
34 7 5
34 8 8
34 10 1
34 11 7
34 12 7
34 13 5
34 15 5
34 18 7
34 19 2
34 21 3
34 22 8
34 23 6
34 24 2
34 25 5
34 28 6
34 29 2
34 30 5
34 32 3
34 33 4
35 0 7
35 1 5
35 2 5
35 3 8
35 5 4
35 6 4
35 10 3
35 11 6
35 12 8
35 14 6
35 16 4
35 17 1
35 18 2
35 20 6
35 22 7
35 23 7
35 25 7
35 27 6
35 29 6
35 30 4
35 31 8
36 0 4
36 1 8
36 2 6
36 3 6
36 9 5
36 10 7
36 12 2
36 13 2
36 16 7
36 17 8
36 19 8
36 20 2
36 22 6
36 23 6
36 25 8
36 26 7
36 27 5
36 29 3
36 31 4
36 34 3
36 35 6
37 1 4
37 2 2
37 5 7
37 9 7
37 10 1
37 12 6
37 18 3
37 20 3
37 22 4
37 23 4
37 24 2
37 27 2
37 29 8
37 32 4
37 33 6
37 35 5
37 36 7
38 0 3
38 1 8
38 3 6
38 4 2
38 7 3
38 8 4
38 9 8
38 10 4
38 11 6
38 13 2
38 16 7
38 17 7
38 18 8
38 21 1
38 22 4
38 24 6
38 25 4
38 32 4
38 37 6
39 1 8
39 2 8
39 3 8
39 6 6
39 7 2
39 10 4
39 11 8
39 12 6
39 14 4
39 16 2
39 18 8
39 20 7
39 21 2
39 22 1
39 24 1
39 27 3
39 33 7
39 35 4
39 37 4
39 38 7
40 0 6
40 2 8
40 3 8
40 5 6
40 6 1
40 7 7
40 8 6
40 10 1
40 11 5
40 12 2
40 13 4
40 16 8
40 18 2
40 19 4
40 25 3
40 27 7
40 29 1
40 30 4
40 31 1
40 32 8
40 34 8
40 35 3
40 38 6
41 0 2
41 1 3
41 4 6
41 8 5
41 15 6
41 17 6
41 18 5
41 20 3
41 21 6
41 25 8
41 26 7
41 28 4
41 31 8
41 34 2
41 35 3
41 38 3
41 39 3
41 40 7
