38
1 0 24
2 0 52
2 1 2
3 0 58
3 1 7
3 2 47
4 0 42
4 1 19
4 2 56
4 3 48
5 0 44
5 1 40
5 2 59
5 3 23
5 4 47
6 0 55
6 1 45
6 2 12
6 3 34
6 4 38
6 5 4
7 0 20
7 1 28
7 2 9
7 3 46
7 4 19
7 5 57
7 6 12
8 0 20
8 1 46
8 2 26
8 3 13
8 4 50
8 5 4
8 6 31
8 7 39
9 0 44
9 1 16
9 2 2
9 3 39
9 4 39
9 5 7
9 6 22
9 7 29
9 8 59
10 0 11
10 1 42
10 2 7
10 3 3
10 4 3
10 5 27
10 6 45
10 7 6
10 8 27
10 9 51
11 0 43
11 1 24
11 2 29
11 3 33
11 4 37
11 5 11
11 6 33
11 7 35
11 8 42
11 9 22
11 10 28
12 0 18
12 1 1
12 2 55
12 3 57
12 4 46
12 5 31
12 6 46
12 7 36
12 8 60
12 9 37
12 10 18
12 11 39
13 0 60
13 1 25
13 2 52
13 3 35
13 4 20
13 5 50
13 6 7
13 7 9
13 8 53
13 9 22
13 10 39
13 11 25
13 12 50
14 0 8
14 1 43
14 2 43
14 3 14
14 4 31
14 5 40
14 6 2
14 7 27
14 8 22
14 9 28
14 10 53
14 11 36
14 12 54
14 13 40
15 0 40
15 1 39
15 2 27
15 3 21
15 4 18
15 5 40
15 6 50
15 7 60
15 8 31
15 9 43
15 10 4
15 11 32
15 12 58
15 13 2
15 14 28
16 0 46
16 1 15
16 2 39
16 3 40
16 4 59
16 5 29
16 6 46
16 7 56
16 8 36
16 9 45
16 10 7
16 11 34
16 12 53
16 13 60
16 14 29
16 15 49
17 0 20
17 1 46
17 2 5
17 3 14
17 4 15
17 5 7
17 6 11
17 7 14
17 8 17
17 9 41
17 10 33
17 11 46
17 12 25
17 13 20
17 14 24
17 15 1
17 16 23
18 0 19
18 1 52
18 2 36
18 3 33
18 4 36
18 5 21
18 6 42
18 7 53
18 8 51
18 9 10
18 10 12
18 11 8
18 12 21
18 13 21
18 14 35
18 15 1
18 16 37
18 17 28
19 0 14
19 1 28
19 2 40
19 3 5
19 4 31
19 5 15
19 6 11
19 7 50
19 8 35
19 9 3
19 10 56
19 11 23
19 12 54
19 13 15
19 14 15
19 15 6
19 16 52
19 17 11
19 18 32
20 0 36
20 1 12
20 2 43
20 3 51
20 4 53
20 5 45
20 6 18
20 7 13
20 8 39
20 9 53
20 10 53
20 11 18
20 12 2
20 13 53
20 14 26
20 15 19
20 16 41
20 17 48
20 18 42
20 19 32
21 0 14
21 1 38
21 2 39
21 3 41
21 4 14
21 5 55
21 6 52
21 7 8
21 8 19
21 9 10
21 10 27
21 11 36
21 12 12
21 13 33
21 14 30
21 15 48
21 16 33
21 17 43
21 18 8
21 19 17
21 20 11
22 0 59
22 1 40
22 2 28
22 3 40
22 4 58
22 5 17
22 6 23
22 7 43
22 8 32
22 9 28
22 10 50
22 11 51
22 12 36
22 13 60
22 14 3
22 15 52
22 16 3
22 17 6
22 18 41
22 19 33
22 20 9
22 21 24
23 0 8
23 1 34
23 2 49
23 3 23
23 4 23
23 5 12
23 6 50
23 7 51
23 8 46
23 9 34
23 10 50
23 11 19
23 12 24
23 13 40
23 14 43
23 15 25
23 16 14
23 17 59
23 18 41
23 19 2
23 20 55
23 21 47
23 22 60
24 0 6
24 1 5
24 2 21
24 3 35
24 4 56
24 5 21
24 6 30
24 7 29
24 8 14
24 9 35
24 10 33
24 11 10
24 12 4
24 13 7
24 14 10
24 15 9
24 16 41
24 17 37
24 18 3
24 19 19
24 20 41
24 21 19
24 22 20
24 23 3
25 0 15
25 1 30
25 2 59
25 3 51
25 4 9
25 5 31
25 6 49
25 7 16
25 8 52
25 9 36
25 10 42
25 11 13
25 12 1
25 13 33
25 14 15
25 15 4
25 16 57
25 17 48
25 18 2
25 19 57
25 20 19
25 21 29
25 22 51
25 23 14
25 24 34
26 0 36
26 1 3
26 2 17
26 3 10
26 4 21
26 5 40
26 6 39
26 7 46
26 8 14
26 9 40
26 10 30
26 11 33
26 12 23
26 13 5
26 14 53
26 15 42
26 16 26
26 17 27
26 18 16
26 19 22
26 20 48
26 21 51
26 22 11
26 23 60
26 24 5
26 25 35
27 0 58
27 1 42
27 2 4
27 3 17
27 4 21
27 5 51
27 6 33
27 7 54
27 8 49
27 9 21
27 10 53
27 11 57
27 12 11
27 13 16
27 14 2
27 15 56
27 16 1
27 17 34
27 18 30
27 19 42
27 20 39
27 21 14
27 22 26
27 23 22
27 24 51
27 25 3
27 26 48
28 0 2
28 1 38
28 2 56
28 3 20
28 4 13
28 5 33
28 6 15
28 7 45
28 8 50
28 9 33
28 10 51
28 11 27
28 12 26
28 13 18
28 14 40
28 15 33
28 16 31
28 17 23
28 18 59
28 19 11
28 20 29
28 21 58
28 22 48
28 23 11
28 24 27
28 25 41
28 26 55
28 27 45
29 0 3
29 1 57
29 2 50
29 3 42
29 4 50
29 5 55
29 6 3
29 7 18
29 8 52
29 9 44
29 10 3
29 11 52
29 12 52
29 13 52
29 14 35
29 15 38
29 16 42
29 17 38
29 18 6
29 19 31
29 20 19
29 21 18
29 22 44
29 23 53
29 24 16
29 25 10
29 26 46
29 27 18
29 28 26
30 0 43
30 1 46
30 2 56
30 3 38
30 4 39
30 5 46
30 6 12
30 7 17
30 8 24
30 9 7
30 10 40
30 11 15
30 12 27
30 13 59
30 14 20
30 15 21
30 16 29
30 17 25
30 18 53
30 19 33
30 20 23
30 21 45
30 22 32
30 23 34
30 24 23
30 25 36
30 26 20
30 27 19
30 28 54
30 29 36
31 0 21
31 1 41
31 2 10
31 3 54
31 4 5
31 5 24
31 6 17
31 7 56
31 8 40
31 9 2
31 10 25
31 11 56
31 12 11
31 13 21
31 14 36
31 15 18
31 16 47
31 17 35
31 18 52
31 19 41
31 20 42
31 21 24
31 22 56
31 23 34
31 24 11
31 25 31
31 26 40
31 27 33
31 28 55
31 29 18
31 30 3
32 0 37
32 1 42
32 2 53
32 3 21
32 4 17
32 5 3
32 6 29
32 7 32
32 8 3
32 9 24
32 10 59
32 11 28
32 12 4
32 13 54
32 14 10
32 15 19
32 16 20
32 17 49
32 18 48
32 19 56
32 20 23
32 21 18
32 22 46
32 23 34
32 24 58
32 25 58
32 26 57
32 27 54
32 28 7
32 29 23
32 30 12
32 31 14
33 0 5
33 1 40
33 2 59
33 3 34
33 4 20
33 5 32
33 6 29
33 7 40
33 8 11
33 9 40
33 10 3
33 11 24
33 12 25
33 13 17
33 14 21
33 15 1
33 16 10
33 17 3
33 18 49
33 19 12
33 20 48
33 21 55
33 22 60
33 23 47
33 24 30
33 25 29
33 26 59
33 27 47
33 28 3
33 29 57
33 30 59
33 31 60
33 32 46
34 0 43
34 1 53
34 2 20
34 3 39
34 4 17
34 5 11
34 6 38
34 7 18
34 8 56
34 9 41
34 10 28
34 11 60
34 12 22
34 13 51
34 14 39
34 15 13
34 16 20
34 17 45
34 18 56
34 19 12
34 20 52
34 21 57
34 22 18
34 23 32
34 24 37
34 25 38
34 26 59
34 27 60
34 28 29
34 29 16
34 30 57
34 31 40
34 32 38
34 33 3
35 0 29
35 1 35
35 2 16
35 3 7
35 4 13
35 5 1
35 6 1
35 7 37
35 8 37
35 9 30
35 10 54
35 11 36
35 12 48
35 13 57
35 14 54
35 15 38
35 16 21
35 17 27
35 18 44
35 19 31
35 20 17
35 21 52
35 22 37
35 23 30
35 24 27
35 25 6
35 26 41
35 27 57
35 28 55
35 29 39
35 30 38
35 31 12
35 32 21
35 33 54
35 34 44
36 0 17
36 1 16
36 2 15
36 3 12
36 4 29
36 5 32
36 6 58
36 7 33
36 8 7
36 9 49
36 10 32
36 11 29
36 12 2
36 13 41
36 14 41
36 15 34
36 16 28
36 17 30
36 18 23
36 19 22
36 20 25
36 21 26
36 22 42
36 23 12
36 24 51
36 25 7
36 26 6
36 27 32
36 28 59
36 29 56
36 30 32
36 31 30
36 32 49
36 33 46
36 34 48
36 35 26
37 0 30
37 1 52
37 2 26
37 3 60
37 4 13
37 5 4
37 6 28
37 7 34
37 8 48
37 9 27
37 10 59
37 11 57
37 12 56
37 13 28
37 14 46
37 15 26
37 16 8
37 17 45
37 18 60
37 19 48
37 20 25
37 21 19
37 22 32
37 23 56
37 24 35
37 25 60
37 26 8
37 27 1
37 28 35
37 29 2
37 30 6
37 31 28
37 32 6
37 33 21
37 34 39
37 35 8
37 36 38
