46
1 0 7
3 1 11
3 2 3
4 0 3
6 1 3
6 3 6
6 4 6
7 1 8
7 3 3
8 0 1
8 2 2
8 4 3
8 6 10
8 7 11
9 1 7
9 4 9
9 5 4
9 7 8
9 8 5
10 1 8
10 2 2
10 5 10
10 6 10
10 7 9
10 8 3
11 2 5
11 4 7
11 5 9
11 7 10
11 8 4
11 9 11
12 0 6
12 1 7
12 2 9
12 5 5
12 7 2
12 10 5
13 1 7
13 5 6
13 7 9
13 8 8
13 9 3
14 1 4
14 4 1
14 5 5
14 6 2
14 8 3
14 9 2
14 12 6
15 0 6
15 2 2
15 3 10
15 4 11
15 5 5
15 6 10
15 9 9
15 12 3
15 14 7
16 0 6
16 1 9
16 3 6
16 4 2
16 5 7
16 8 8
16 10 1
16 11 1
16 12 1
16 14 11
16 15 9
17 2 4
17 3 5
17 4 10
17 6 7
17 7 10
17 8 2
17 9 2
17 12 4
17 13 11
17 14 8
17 15 9
17 16 9
18 4 8
18 8 1
18 13 4
18 15 10
19 2 2
19 3 11
19 10 7
19 12 5
19 13 5
19 15 10
19 16 3
20 0 9
20 2 5
20 3 8
20 4 8
20 9 7
20 11 6
20 12 3
20 13 8
20 18 9
20 19 6
21 5 8
21 7 1
21 8 6
21 12 8
21 13 10
21 15 4
21 18 5
21 19 3
22 0 9
22 1 5
22 2 1
22 3 4
22 4 7
22 7 1
22 8 5
22 9 10
22 10 8
22 11 3
22 14 2
22 15 5
22 16 2
22 17 11
22 20 11
22 21 9
23 0 2
23 1 9
23 4 6
23 5 4
23 6 6
23 7 1
23 8 9
23 9 8
23 10 6
23 11 1
23 12 1
23 13 11
23 15 4
23 16 9
23 19 8
23 20 4
23 21 3
23 22 11
24 0 10
24 3 11
24 4 5
24 9 1
24 10 8
24 12 9
24 13 8
24 16 1
24 17 4
24 18 3
24 19 9
24 22 6
24 23 8
25 0 6
25 1 7
25 2 5
25 9 11
25 11 10
25 13 3
25 17 4
25 18 8
25 19 2
25 22 8
26 1 3
26 3 1
26 5 3
26 6 1
26 7 11
26 8 2
26 10 10
26 11 5
26 12 6
26 13 6
26 14 4
26 15 9
26 17 5
26 18 3
26 21 7
26 22 7
26 23 8
27 0 11
27 2 3
27 4 2
27 5 8
27 6 8
27 8 10
27 11 2
27 13 2
27 14 7
27 19 9
27 20 1
27 21 2
28 3 3
28 5 3
28 7 10
28 8 8
28 10 5
28 11 3
28 13 11
28 14 2
28 16 9
28 17 1
28 19 8
28 22 4
28 23 4
28 25 11
28 27 9
29 1 4
29 2 5
29 6 8
29 11 7
29 12 4
29 17 1
29 18 1
29 20 10
29 23 11
29 24 1
29 25 2
29 28 10
30 6 4
30 7 1
30 9 9
30 11 6
30 13 3
30 14 4
30 17 10
30 18 5
30 19 4
30 20 3
30 22 5
30 24 2
30 25 8
30 26 11
30 27 8
30 28 2
30 29 3
31 2 6
31 4 5
31 7 2
31 8 3
31 10 9
31 13 6
31 15 9
31 16 1
31 19 3
31 20 9
31 22 9
31 23 6
31 24 3
31 28 6
31 29 4
32 0 8
32 1 5
32 2 5
32 3 7
32 4 10
32 7 7
32 8 4
32 9 11
32 10 7
32 11 7
32 12 11
32 13 9
32 15 8
32 16 5
32 17 11
32 20 3
32 22 11
32 23 4
32 31 9
33 1 11
33 3 6
33 4 1
33 5 4
33 6 2
33 7 6
33 8 8
33 10 9
33 11 2
33 12 10
33 15 7
33 16 4
33 17 11
33 20 10
33 21 8
33 26 4
33 27 9
33 30 7
34 0 3
34 1 11
34 2 4
34 3 11
34 5 1
34 7 10
34 9 6
34 13 3
34 14 6
34 16 4
34 17 1
34 21 6
34 23 5
34 26 5
34 28 7
34 29 8
34 32 8
35 0 2
35 6 8
35 11 5
35 12 8
35 14 3
35 15 2
35 19 4
35 20 5
35 21 8
35 25 6
35 26 9
35 28 10
35 29 9
35 30 10
35 31 2
35 32 2
36 0 7
36 2 7
36 7 5
36 10 11
36 12 3
36 15 8
36 16 1
36 19 4
36 20 2
36 22 2
36 27 7
36 29 10
36 33 7
36 34 8
37 0 1
37 3 11
37 5 6
37 6 11
37 9 8
37 10 7
37 13 1
37 15 5
37 16 5
37 20 3
37 21 3
37 23 11
37 24 1
37 26 11
37 27 3
37 28 2
37 30 3
37 31 3
37 32 1
37 33 6
37 34 4
38 0 8
38 3 4
38 6 5
38 7 8
38 9 1
38 11 8
38 14 2
38 15 4
38 17 6
38 18 1
38 19 11
38 22 6
38 24 2
38 25 1
38 26 11
38 28 8
38 30 2
39 0 2
39 3 8
39 4 5
39 5 2
39 11 11
39 14 1
39 16 4
39 18 4
39 19 3
39 20 6
39 22 5
39 23 1
39 24 2
39 25 4
39 26 7
39 27 10
39 28 11
39 29 6
39 33 4
39 34 8
39 35 8
39 38 5
40 0 10
40 1 5
40 4 1
40 10 9
40 12 10
40 14 2
40 15 8
40 16 8
40 19 8
40 21 7
40 22 2
40 23 4
40 25 7
40 28 1
40 31 11
40 33 4
40 36 9
40 38 6
41 2 7
41 3 8
41 6 11
41 9 4
41 11 5
41 16 2
41 18 10
41 19 4
41 20 6
41 21 8
41 22 7
41 23 8
41 26 9
41 28 6
41 34 2
41 40 2
42 2 4
42 3 4
42 8 4
42 9 7
42 10 9
42 14 11
42 15 6
42 16 8
42 17 10
42 19 3
42 21 2
42 28 8
42 29 7
42 30 5
42 32 1
42 34 6
42 35 4
42 36 11
42 37 10
42 39 7
42 41 11
43 0 3
43 1 7
43 4 7
43 6 5
43 7 1
43 9 4
43 10 9
43 13 2
43 18 11
43 19 5
43 20 9
43 21 6
43 25 3
43 26 11
43 27 11
43 31 4
43 32 7
43 33 6
43 34 1
43 35 8
43 41 6
44 1 3
44 5 11
44 6 11
44 7 3
44 8 8
44 10 5
44 12 5
44 14 6
44 16 8
44 17 11
44 20 10
44 22 2
44 23 7
44 25 10
44 26 11
44 29 5
44 33 5
44 38 3
44 40 9
44 43 8
45 0 9
45 1 10
45 2 9
45 3 1
45 5 6
45 9 4
45 15 10
45 16 3
45 17 10
45 18 8
45 19 7
45 20 1
45 23 8
45 25 4
45 26 3
45 27 5
45 28 8
45 29 3
45 30 5
45 34 1
45 37 2
45 38 10
45 42 2
