28
1 0 39
2 0 3
2 1 32
3 0 34
3 2 46
4 0 26
4 1 37
4 2 30
4 3 41
5 2 35
6 0 49
6 1 45
6 3 41
6 4 32
6 5 41
7 1 51
7 3 8
7 6 43
8 0 41
8 3 35
8 4 35
8 5 20
9 0 10
9 1 37
9 2 24
9 8 9
10 1 13
10 3 14
10 4 21
10 7 4
10 8 35
11 1 41
11 4 33
11 7 32
11 9 45
11 10 20
12 2 12
12 6 18
12 7 25
12 8 51
13 0 3
13 3 18
13 5 40
13 6 45
13 9 10
13 11 5
13 12 39
14 0 49
14 2 36
14 6 3
14 8 8
14 9 18
14 10 5
14 11 38
14 13 12
15 1 41
15 2 20
15 7 20
15 9 48
15 10 6
15 11 50
16 0 19
16 2 48
16 3 30
16 5 29
16 6 48
16 8 7
16 9 5
16 13 27
16 14 48
16 15 38
17 0 33
17 1 29
17 6 35
17 8 34
17 15 15
17 16 44
18 1 26
18 2 6
18 3 2
18 7 34
18 9 41
18 12 42
18 13 33
18 14 27
19 0 7
19 5 13
19 9 52
19 12 52
19 13 29
19 16 7
20 0 12
20 2 4
20 7 18
20 9 13
20 10 52
20 11 21
20 17 16
20 19 22
21 0 16
21 6 21
21 8 37
21 10 44
21 11 6
21 12 35
21 13 27
21 14 49
21 15 29
21 18 36
22 1 36
22 3 15
22 4 23
22 7 31
22 8 18
22 10 31
22 12 11
22 13 33
22 14 24
22 18 26
22 19 32
22 21 31
23 0 6
23 2 16
23 4 7
23 6 9
23 8 32
23 9 8
23 10 19
23 11 20
23 15 48
23 16 50
23 17 28
23 18 27
23 19 46
23 20 49
23 22 1
24 2 2
24 3 30
24 5 49
24 7 11
24 8 2
24 9 3
24 10 3
24 14 3
24 15 18
24 19 42
24 20 6
24 21 28
24 22 24
25 1 42
25 2 10
25 3 5
25 4 26
25 6 43
25 7 34
25 8 34
25 10 8
25 11 1
25 12 33
25 13 14
25 20 43
25 24 4
26 0 49
26 1 26
26 2 24
26 3 11
26 5 40
26 6 18
26 7 45
26 8 37
26 10 8
26 11 25
26 13 12
26 14 39
26 16 42
26 17 17
26 18 11
26 20 52
26 21 45
26 22 28
26 24 27
27 3 50
27 5 51
27 7 37
27 10 29
27 11 25
27 12 50
27 13 21
27 14 51
27 15 37
27 17 30
27 19 44
27 20 34
27 21 50
27 23 14
