16
1 0 23
2 0 47
2 1 29
3 0 12
3 1 7
3 2 48
4 0 15
4 1 1
4 2 47
4 3 49
5 0 34
5 1 7
5 2 18
5 3 43
5 4 36
6 0 33
6 1 28
6 2 2
6 3 49
6 4 19
6 5 47
7 0 31
7 1 48
7 2 49
7 3 17
7 4 29
7 5 29
7 6 34
8 0 10
8 1 14
8 2 12
8 3 6
8 4 38
8 5 37
8 6 15
8 7 4
9 0 5
9 1 37
9 2 3
9 3 11
9 4 5
9 5 30
9 6 45
9 7 18
9 8 11
10 0 41
10 1 34
10 2 31
10 3 22
10 4 32
10 5 36
10 6 11
10 7 28
10 8 25
10 9 11
11 0 28
11 1 48
11 2 20
11 3 31
11 4 14
11 5 30
11 6 33
11 7 22
11 8 4
11 9 24
11 10 5
12 0 22
12 1 33
12 2 10
12 3 11
12 4 14
12 5 49
12 6 13
12 7 30
12 8 3
12 9 36
12 10 47
12 11 33
13 0 9
13 1 40
13 2 23
13 3 20
13 4 34
13 5 4
13 6 10
13 7 46
13 8 44
13 9 34
13 10 26
13 11 41
13 12 42
14 0 38
14 1 25
14 2 34
14 3 13
14 4 20
14 5 10
14 6 12
14 7 28
14 8 48
14 9 42
14 10 2
14 11 24
14 12 19
14 13 34
15 0 32
15 1 13
15 2 36
15 3 18
15 4 34
15 5 12
15 6 33
15 7 17
15 8 10
15 9 41
15 10 3
15 11 29
15 12 15
15 13 22
15 14 48
