34
1 0 5
2 0 7
2 1 6
3 0 13
3 1 14
3 2 12
4 0 5
4 1 2
4 2 17
4 3 9
5 0 10
5 1 15
5 2 8
5 3 11
5 4 3
6 0 1
6 1 10
6 2 7
6 3 20
6 4 18
6 5 21
7 0 1
7 1 5
7 2 4
7 3 21
7 4 16
7 5 4
7 6 7
8 0 18
8 1 21
8 2 17
8 3 1
8 4 12
8 5 10
8 6 21
8 7 2
9 0 21
9 1 3
9 2 19
9 3 3
9 4 20
9 5 2
9 6 11
9 7 3
9 8 18
10 0 11
10 1 17
10 2 10
10 3 4
10 4 14
10 5 10
10 6 12
10 7 15
10 8 4
10 9 7
11 0 14
11 1 13
11 2 7
11 3 13
11 4 11
11 5 19
11 6 5
11 7 6
11 8 8
11 9 11
11 10 4
12 0 5
12 1 14
12 2 14
12 3 3
12 4 7
12 5 6
12 6 4
12 7 17
12 8 15
12 9 8
12 10 18
12 11 5
13 0 2
13 1 3
13 2 11
13 3 3
13 4 2
13 5 11
13 6 21
13 7 16
13 8 18
13 9 19
13 10 19
13 11 11
13 12 21
14 0 18
14 1 15
14 2 18
14 3 5
14 4 8
14 5 17
14 6 4
14 7 9
14 8 7
14 9 8
14 10 21
14 11 14
14 12 3
14 13 15
15 0 10
15 1 16
15 2 14
15 3 9
15 4 18
15 5 13
15 6 2
15 7 11
15 8 10
15 9 15
15 10 2
15 11 18
15 12 5
15 13 20
15 14 7
16 0 10
16 1 6
16 2 15
16 3 3
16 4 2
16 5 7
16 6 17
16 7 7
16 8 11
16 9 17
16 10 18
16 11 14
16 12 11
16 13 7
16 14 11
16 15 10
17 0 4
17 1 18
17 2 12
17 3 4
17 4 3
17 5 8
17 6 8
17 7 10
17 8 19
17 9 5
17 10 19
17 11 1
17 12 10
17 13 11
17 14 1
17 15 13
17 16 15
18 0 18
18 1 2
18 2 21
18 3 9
18 4 9
18 5 4
18 6 14
18 7 14
18 8 16
18 9 4
18 10 17
18 11 1
18 12 17
18 13 11
18 14 5
18 15 9
18 16 11
18 17 18
19 0 4
19 1 12
19 2 13
19 3 3
19 4 12
19 5 13
19 6 5
19 7 6
19 8 17
19 9 10
19 10 6
19 11 5
19 12 9
19 13 9
19 14 19
19 15 21
19 16 5
19 17 11
19 18 8
20 0 2
20 1 1
20 2 15
20 3 12
20 4 19
20 5 8
20 6 13
20 7 4
20 8 14
20 9 12
20 10 16
20 11 20
20 12 11
20 13 1
20 14 14
20 15 7
20 16 21
20 17 18
20 18 7
20 19 7
21 0 4
21 1 7
21 2 19
21 3 15
21 4 17
21 5 19
21 6 3
21 7 8
21 8 8
21 9 15
21 10 17
21 11 13
21 12 9
21 13 8
21 14 2
21 15 6
21 16 1
21 17 15
21 18 11
21 19 8
21 20 19
22 0 19
22 1 14
22 2 8
22 3 7
22 4 2
22 5 13
22 6 2
22 7 21
22 8 3
22 9 19
22 10 11
22 11 3
22 12 6
22 13 4
22 14 13
22 15 18
22 16 6
22 17 19
22 18 15
22 19 14
22 20 11
22 21 5
23 0 2
23 1 13
23 2 18
23 3 18
23 4 12
23 5 11
23 6 15
23 7 17
23 8 10
23 9 16
23 10 17
23 11 6
23 12 2
23 13 9
23 14 1
23 15 3
23 16 9
23 17 10
23 18 9
23 19 1
23 20 21
23 21 7
23 22 18
24 0 6
24 1 13
24 2 16
24 3 1
24 4 13
24 5 16
24 6 10
24 7 17
24 8 10
24 9 5
24 10 10
24 11 17
24 12 21
24 13 20
24 14 15
24 15 1
24 16 3
24 17 16
24 18 19
24 19 7
24 20 20
24 21 7
24 22 14
24 23 13
25 0 2
25 1 17
25 2 18
25 3 2
25 4 16
25 5 5
25 6 5
25 7 21
25 8 15
25 9 20
25 10 15
25 11 3
25 12 12
25 13 18
25 14 21
25 15 19
25 16 12
25 17 19
25 18 5
25 19 2
25 20 2
25 21 12
25 22 2
25 23 19
25 24 4
26 0 15
26 1 9
26 2 15
26 3 13
26 4 5
26 5 10
26 6 17
26 7 19
26 8 17
26 9 17
26 10 18
26 11 18
26 12 19
26 13 3
26 14 10
26 15 8
26 16 14
26 17 5
26 18 15
26 19 3
26 20 16
26 21 15
26 22 10
26 23 13
26 24 9
26 25 13
27 0 16
27 1 18
27 2 6
27 3 13
27 4 9
27 5 3
27 6 3
27 7 14
27 8 12
27 9 12
27 10 1
27 11 4
27 12 17
27 13 6
27 14 18
27 15 6
27 16 14
27 17 13
27 18 18
27 19 13
27 20 12
27 21 18
27 22 11
27 23 15
27 24 9
27 25 4
27 26 20
28 0 13
28 1 7
28 2 1
28 3 16
28 4 20
28 5 7
28 6 14
28 7 19
28 8 9
28 9 8
28 10 6
28 11 3
28 12 12
28 13 20
28 14 18
28 15 1
28 16 11
28 17 4
28 18 14
28 19 11
28 20 11
28 21 1
28 22 3
28 23 10
28 24 4
28 25 12
28 26 6
28 27 3
29 0 1
29 1 4
29 2 11
29 3 6
29 4 1
29 5 13
29 6 8
29 7 7
29 8 20
29 9 15
29 10 2
29 11 20
29 12 2
29 13 7
29 14 11
29 15 1
29 16 4
29 17 7
29 18 18
29 19 12
29 20 5
29 21 14
29 22 13
29 23 10
29 24 20
29 25 19
29 26 20
29 27 5
29 28 11
30 0 8
30 1 12
30 2 21
30 3 20
30 4 9
30 5 13
30 6 6
30 7 3
30 8 17
30 9 10
30 10 5
30 11 2
30 12 6
30 13 7
30 14 16
30 15 11
30 16 15
30 17 19
30 18 15
30 19 8
30 20 14
30 21 16
30 22 2
30 23 14
30 24 8
30 25 12
30 26 10
30 27 13
30 28 10
30 29 15
31 0 3
31 1 10
31 2 20
31 3 21
31 4 9
31 5 16
31 6 3
31 7 1
31 8 2
31 9 5
31 10 15
31 11 8
31 12 4
31 13 5
31 14 18
31 15 19
31 16 15
31 17 4
31 18 17
31 19 5
31 20 5
31 21 5
31 22 5
31 23 2
31 24 4
31 25 2
31 26 18
31 27 7
31 28 10
31 29 12
31 30 15
32 0 7
32 1 12
32 2 3
32 3 19
32 4 17
32 5 13
32 6 14
32 7 14
32 8 1
32 9 11
32 10 12
32 11 10
32 12 15
32 13 12
32 14 4
32 15 16
32 16 21
32 17 20
32 18 18
32 19 16
32 20 8
32 21 5
32 22 12
32 23 1
32 24 6
32 25 14
32 26 12
32 27 20
32 28 9
32 29 10
32 30 13
32 31 19
33 0 21
33 1 7
33 2 14
33 3 20
33 4 18
33 5 17
33 6 11
33 7 19
33 8 18
33 9 3
33 10 14
33 11 15
33 12 4
33 13 9
33 14 1
33 15 19
33 16 4
33 17 13
33 18 19
33 19 14
33 20 21
33 21 14
33 22 12
33 23 12
33 24 6
33 25 10
33 26 1
33 27 21
33 28 18
33 29 19
33 30 16
33 31 20
33 32 6
