58
1 0 29
2 0 29
2 1 3
3 0 41
3 1 56
3 2 56
4 0 2
4 1 12
4 2 11
4 3 16
5 0 47
5 1 34
5 2 37
5 3 44
5 4 30
6 0 11
6 1 21
6 2 25
6 3 43
6 4 6
6 5 48
7 0 55
7 1 8
7 2 52
7 3 11
7 4 5
7 5 49
7 6 53
8 0 33
8 1 5
8 2 52
8 3 36
8 4 5
8 5 12
8 6 55
8 7 23
9 0 27
9 1 28
9 2 53
9 3 48
9 4 44
9 5 44
9 6 14
9 7 46
9 8 18
10 0 4
10 1 26
10 2 38
10 3 9
10 4 20
10 5 20
10 6 6
10 7 13
10 8 30
10 9 46
11 0 58
11 1 16
11 2 55
11 3 32
11 4 41
11 5 26
11 6 50
11 7 32
11 8 12
11 9 42
11 10 34
12 0 53
12 1 49
12 2 35
12 3 17
12 4 2
12 5 7
12 6 5
12 7 23
12 8 22
12 9 42
12 10 37
12 11 46
13 0 54
13 1 46
13 2 22
13 3 41
13 4 49
13 5 37
13 6 18
13 7 29
13 8 59
13 9 29
13 10 52
13 11 12
13 12 5
14 0 32
14 1 17
14 2 13
14 3 24
14 4 40
14 5 19
14 6 31
14 7 50
14 8 43
14 9 43
14 10 35
14 11 39
14 12 53
14 13 24
15 0 33
15 1 38
15 2 53
15 3 37
15 4 23
15 5 17
15 6 44
15 7 35
15 8 17
15 9 39
15 10 25
15 11 31
15 12 24
15 13 22
15 14 54
16 0 23
16 1 33
16 2 39
16 3 58
16 4 58
16 5 39
16 6 33
16 7 9
16 8 41
16 9 4
16 10 39
16 11 19
16 12 30
16 13 57
16 14 57
16 15 21
17 0 48
17 1 25
17 2 48
17 3 24
17 4 13
17 5 57
17 6 41
17 7 34
17 8 25
17 9 33
17 10 56
17 11 43
17 12 49
17 13 33
17 14 4
17 15 6
17 16 18
18 0 54
18 1 24
18 2 6
18 3 33
18 4 35
18 5 33
18 6 33
18 7 54
18 8 12
18 9 30
18 10 21
18 11 17
18 12 10
18 13 32
18 14 1
18 15 49
18 16 55
18 17 16
19 0 44
19 1 34
19 2 5
19 3 32
19 4 7
19 5 58
19 6 22
19 7 47
19 8 14
19 9 3
19 10 56
19 11 23
19 12 14
19 13 41
19 14 25
19 15 51
19 16 19
19 17 29
19 18 26
20 0 57
20 1 37
20 2 41
20 3 53
20 4 19
20 5 55
20 6 29
20 7 9
20 8 43
20 9 39
20 10 43
20 11 36
20 12 33
20 13 48
20 14 37
20 15 39
20 16 49
20 17 56
20 18 14
20 19 55
21 0 45
21 1 56
21 2 20
21 3 11
21 4 7
21 5 40
21 6 40
21 7 17
21 8 21
21 9 25
21 10 13
21 11 23
21 12 37
21 13 45
21 14 52
21 15 53
21 16 8
21 17 26
21 18 4
21 19 55
21 20 4
22 0 12
22 1 58
22 2 34
22 3 38
22 4 44
22 5 24
22 6 55
22 7 37
22 8 15
22 9 26
22 10 47
22 11 15
22 12 8
22 13 33
22 14 22
22 15 53
22 16 52
22 17 40
22 18 43
22 19 23
22 20 24
22 21 28
23 0 25
23 1 10
23 2 55
23 3 45
23 4 41
23 5 32
23 6 29
23 7 54
23 8 27
23 9 41
23 10 37
23 11 38
23 12 23
23 13 26
23 14 50
23 15 25
23 16 18
23 17 26
23 18 46
23 19 34
23 20 36
23 21 54
23 22 10
24 0 40
24 1 5
24 2 41
24 3 19
24 4 58
24 5 52
24 6 6
24 7 22
24 8 40
24 9 7
24 10 19
24 11 35
24 12 33
24 13 24
24 14 6
24 15 43
24 16 12
24 17 34
24 18 45
24 19 51
24 20 46
24 21 57
24 22 6
24 23 29
25 0 9
25 1 19
25 2 37
25 3 39
25 4 40
25 5 10
25 6 4
25 7 30
25 8 13
25 9 11
25 10 12
25 11 22
25 12 1
25 13 40
25 14 36
25 15 26
25 16 25
25 17 37
25 18 26
25 19 35
25 20 44
25 21 41
25 22 43
25 23 51
25 24 50
26 0 55
26 1 49
26 2 43
26 3 49
26 4 30
26 5 34
26 6 1
26 7 21
26 8 27
26 9 49
26 10 25
26 11 18
26 12 16
26 13 2
26 14 32
26 15 36
26 16 44
26 17 12
26 18 15
26 19 51
26 20 47
26 21 26
26 22 39
26 23 47
26 24 35
26 25 46
27 0 4
27 1 34
27 2 40
27 3 5
27 4 28
27 5 53
27 6 47
27 7 14
27 8 46
27 9 4
27 10 22
27 11 51
27 12 42
27 13 34
27 14 11
27 15 19
27 16 49
27 17 55
27 18 32
27 19 39
27 20 33
27 21 35
27 22 3
27 23 57
27 24 51
27 25 35
27 26 29
28 0 56
28 1 57
28 2 50
28 3 57
28 4 58
28 5 21
28 6 21
28 7 47
28 8 59
28 9 58
28 10 55
28 11 6
28 12 34
28 13 17
28 14 58
28 15 58
28 16 30
28 17 34
28 18 28
28 19 42
28 20 27
28 21 45
28 22 20
28 23 29
28 24 40
28 25 33
28 26 41
28 27 20
29 0 43
29 1 47
29 2 40
29 3 37
29 4 42
29 5 58
29 6 56
29 7 59
29 8 29
29 9 55
29 10 55
29 11 47
29 12 54
29 13 30
29 14 30
29 15 13
29 16 5
29 17 5
29 18 39
29 19 47
29 20 57
29 21 21
29 22 15
29 23 3
29 24 5
29 25 12
29 26 3
29 27 18
29 28 2
30 0 16
30 1 34
30 2 51
30 3 4
30 4 7
30 5 26
30 6 25
30 7 56
30 8 2
30 9 14
30 10 7
30 11 53
30 12 14
30 13 5
30 14 32
30 15 12
30 16 49
30 17 29
30 18 56
30 19 58
30 20 30
30 21 15
30 22 6
30 23 3
30 24 23
30 25 4
30 26 47
30 27 55
30 28 6
30 29 40
31 0 46
31 1 24
31 2 58
31 3 26
31 4 42
31 5 14
31 6 22
31 7 26
31 8 30
31 9 54
31 10 55
31 11 1
31 12 49
31 13 24
31 14 40
31 15 53
31 16 59
31 17 40
31 18 13
31 19 32
31 20 23
31 21 57
31 22 17
31 23 17
31 24 2
31 25 19
31 26 32
31 27 27
31 28 4
31 29 59
31 30 16
32 0 25
32 1 15
32 2 34
32 3 28
32 4 28
32 5 44
32 6 42
32 7 29
32 8 50
32 9 43
32 10 17
32 11 3
32 12 8
32 13 38
32 14 13
32 15 27
32 16 14
32 17 6
32 18 54
32 19 25
32 20 26
32 21 53
32 22 33
32 23 26
32 24 12
32 25 24
32 26 26
32 27 4
32 28 40
32 29 27
32 30 2
32 31 17
33 0 22
33 1 28
33 2 46
33 3 53
33 4 13
33 5 28
33 6 26
33 7 34
33 8 53
33 9 6
33 10 36
33 11 2
33 12 24
33 13 55
33 14 53
33 15 32
33 16 5
33 17 40
33 18 42
33 19 31
33 20 35
33 21 53
33 22 34
33 23 14
33 24 38
33 25 39
33 26 39
33 27 33
33 28 13
33 29 53
33 30 49
33 31 27
33 32 1
34 0 34
34 1 11
34 2 43
34 3 58
34 4 59
34 5 22
34 6 58
34 7 15
34 8 42
34 9 40
34 10 53
34 11 2
34 12 53
34 13 51
34 14 31
34 15 57
34 16 18
34 17 25
34 18 51
34 19 21
34 20 51
34 21 25
34 22 1
34 23 53
34 24 44
34 25 12
34 26 50
34 27 7
34 28 35
34 29 42
34 30 38
34 31 33
34 32 53
34 33 17
35 0 39
35 1 16
35 2 53
35 3 48
35 4 4
35 5 27
35 6 35
35 7 56
35 8 45
35 9 59
35 10 27
35 11 42
35 12 31
35 13 23
35 14 20
35 15 30
35 16 55
35 17 26
35 18 12
35 19 37
35 20 11
35 21 19
35 22 1
35 23 36
35 24 51
35 25 22
35 26 51
35 27 55
35 28 13
35 29 22
35 30 53
35 31 14
35 32 28
35 33 10
35 34 9
36 0 49
36 1 11
36 2 18
36 3 39
36 4 57
36 5 51
36 6 27
36 7 8
36 8 40
36 9 8
36 10 13
36 11 38
36 12 45
36 13 17
36 14 23
36 15 11
36 16 11
36 17 2
36 18 46
36 19 11
36 20 14
36 21 38
36 22 25
36 23 8
36 24 4
36 25 58
36 26 23
36 27 10
36 28 23
36 29 58
36 30 43
36 31 59
36 32 39
36 33 36
36 34 14
36 35 38
37 0 42
37 1 27
37 2 12
37 3 55
37 4 1
37 5 18
37 6 5
37 7 40
37 8 50
37 9 27
37 10 54
37 11 47
37 12 54
37 13 42
37 14 55
37 15 11
37 16 35
37 17 7
37 18 28
37 19 47
37 20 23
37 21 59
37 22 33
37 23 12
37 24 34
37 25 53
37 26 26
37 27 54
37 28 7
37 29 20
37 30 48
37 31 55
37 32 5
37 33 39
37 34 56
37 35 21
37 36 24
38 0 15
38 1 46
38 2 14
38 3 38
38 4 51
38 5 22
38 6 40
38 7 58
38 8 7
38 9 45
38 10 6
38 11 47
38 12 6
38 13 54
38 14 7
38 15 20
38 16 35
38 17 10
38 18 23
38 19 34
38 20 47
38 21 34
38 22 28
38 23 2
38 24 7
38 25 2
38 26 29
38 27 15
38 28 27
38 29 54
38 30 11
38 31 23
38 32 21
38 33 42
38 34 29
38 35 41
38 36 41
38 37 4
39 0 4
39 1 12
39 2 47
39 3 56
39 4 3
39 5 54
39 6 8
39 7 47
39 8 10
39 9 53
39 10 12
39 11 17
39 12 51
39 13 30
39 14 59
39 15 38
39 16 14
39 17 35
39 18 16
39 19 49
39 20 50
39 21 6
39 22 27
39 23 3
39 24 27
39 25 43
39 26 4
39 27 14
39 28 49
39 29 33
39 30 50
39 31 45
39 32 36
39 33 31
39 34 48
39 35 13
39 36 8
39 37 27
39 38 27
40 0 10
40 1 39
40 2 58
40 3 16
40 4 11
40 5 29
40 6 15
40 7 26
40 8 43
40 9 43
40 10 48
40 11 36
40 12 22
40 13 51
40 14 33
40 15 58
40 16 33
40 17 21
40 18 50
40 19 51
40 20 8
40 21 45
40 22 15
40 23 46
40 24 2
40 25 23
40 26 21
40 27 43
40 28 50
40 29 16
40 30 43
40 31 53
40 32 27
40 33 58
40 34 50
40 35 14
40 36 44
40 37 39
40 38 49
40 39 35
41 0 58
41 1 16
41 2 52
41 3 24
41 4 33
41 5 46
41 6 7
41 7 47
41 8 15
41 9 8
41 10 13
41 11 2
41 12 58
41 13 50
41 14 40
41 15 30
41 16 38
41 17 43
41 18 2
41 19 28
41 20 56
41 21 11
41 22 11
41 23 42
41 24 58
41 25 58
41 26 33
41 27 18
41 28 50
41 29 20
41 30 49
41 31 27
41 32 55
41 33 54
41 34 37
41 35 13
41 36 24
41 37 1
41 38 10
41 39 11
41 40 2
42 0 58
42 1 46
42 2 44
42 3 33
42 4 35
42 5 57
42 6 24
42 7 2
42 8 7
42 9 13
42 10 14
42 11 59
42 12 15
42 13 59
42 14 35
42 15 15
42 16 53
42 17 17
42 18 29
42 19 46
42 20 47
42 21 47
42 22 18
42 23 1
42 24 21
42 25 52
42 26 49
42 27 25
42 28 8
42 29 24
42 30 42
42 31 9
42 32 56
42 33 21
42 34 49
42 35 15
42 36 21
42 37 54
42 38 12
42 39 41
42 40 11
42 41 17
43 0 22
43 1 10
43 2 26
43 3 16
43 4 29
43 5 26
43 6 19
43 7 48
43 8 26
43 9 37
43 10 40
43 11 40
43 12 44
43 13 50
43 14 49
43 15 54
43 16 10
43 17 2
43 18 43
43 19 15
43 20 11
43 21 45
43 22 52
43 23 1
43 24 42
43 25 28
43 26 14
43 27 27
43 28 48
43 29 31
43 30 31
43 31 42
43 32 20
43 33 45
43 34 11
43 35 35
43 36 34
43 37 45
43 38 4
43 39 53
43 40 21
43 41 42
43 42 48
44 0 9
44 1 31
44 2 43
44 3 3
44 4 48
44 5 11
44 6 1
44 7 19
44 8 16
44 9 35
44 10 16
44 11 15
44 12 31
44 13 20
44 14 5
44 15 2
44 16 55
44 17 19
44 18 16
44 19 38
44 20 33
44 21 35
44 22 35
44 23 19
44 24 21
44 25 6
44 26 52
44 27 5
44 28 40
44 29 56
44 30 1
44 31 9
44 32 8
44 33 29
44 34 58
44 35 2
44 36 52
44 37 48
44 38 50
44 39 18
44 40 34
44 41 57
44 42 41
44 43 12
45 0 45
45 1 8
45 2 43
45 3 6
45 4 36
45 5 47
45 6 59
45 7 50
45 8 46
45 9 28
45 10 24
45 11 1
45 12 12
45 13 21
45 14 19
45 15 18
45 16 4
45 17 13
45 18 31
45 19 41
45 20 7
45 21 27
45 22 26
45 23 7
45 24 7
45 25 47
45 26 8
45 27 46
45 28 10
45 29 18
45 30 9
45 31 17
45 32 4
45 33 45
45 34 20
45 35 15
45 36 4
45 37 18
45 38 21
45 39 11
45 40 42
45 41 8
45 42 19
45 43 34
45 44 24
46 0 31
46 1 52
46 2 41
46 3 11
46 4 33
46 5 38
46 6 19
46 7 32
46 8 10
46 9 45
46 10 46
46 11 32
46 12 39
46 13 5
46 14 32
46 15 28
46 16 28
46 17 14
46 18 28
46 19 40
46 20 10
46 21 27
46 22 42
46 23 31
46 24 41
46 25 6
46 26 19
46 27 24
46 28 25
46 29 9
46 30 29
46 31 20
46 32 38
46 33 1
46 34 57
46 35 47
46 36 27
46 37 40
46 38 47
46 39 20
46 40 9
46 41 52
46 42 33
46 43 36
46 44 33
46 45 46
47 0 55
47 1 36
47 2 8
47 3 22
47 4 4
47 5 10
47 6 27
47 7 41
47 8 58
47 9 23
47 10 38
47 11 30
47 12 24
47 13 6
47 14 48
47 15 55
47 16 11
47 17 47
47 18 27
47 19 16
47 20 40
47 21 35
47 22 31
47 23 10
47 24 35
47 25 11
47 26 36
47 27 27
47 28 59
47 29 40
47 30 15
47 31 43
47 32 46
47 33 54
47 34 35
47 35 18
47 36 31
47 37 48
47 38 42
47 39 7
47 40 46
47 41 31
47 42 25
47 43 39
47 44 4
47 45 35
47 46 18
48 0 11
48 1 5
48 2 25
48 3 19
48 4 40
48 5 59
48 6 45
48 7 23
48 8 17
48 9 52
48 10 1
48 11 23
48 12 10
48 13 31
48 14 20
48 15 57
48 16 8
48 17 16
48 18 14
48 19 46
48 20 28
48 21 27
48 22 59
48 23 3
48 24 38
48 25 53
48 26 44
48 27 53
48 28 58
48 29 17
48 30 38
48 31 20
48 32 25
48 33 24
48 34 10
48 35 12
48 36 10
48 37 39
48 38 17
48 39 33
48 40 17
48 41 19
48 42 20
48 43 51
48 44 14
48 45 22
48 46 51
48 47 18
49 0 24
49 1 52
49 2 27
49 3 6
49 4 23
49 5 29
49 6 37
49 7 24
49 8 28
49 9 8
49 10 9
49 11 25
49 12 33
49 13 15
49 14 24
49 15 39
49 16 34
49 17 5
49 18 39
49 19 27
49 20 55
49 21 54
49 22 20
49 23 22
49 24 56
49 25 6
49 26 44
49 27 48
49 28 44
49 29 26
49 30 36
49 31 10
49 32 32
49 33 17
49 34 47
49 35 22
49 36 3
49 37 11
49 38 33
49 39 27
49 40 29
49 41 15
49 42 37
49 43 40
49 44 36
49 45 19
49 46 47
49 47 16
49 48 16
50 0 45
50 1 35
50 2 49
50 3 53
50 4 21
50 5 47
50 6 52
50 7 50
50 8 43
50 9 14
50 10 21
50 11 8
50 12 16
50 13 27
50 14 38
50 15 29
50 16 14
50 17 15
50 18 43
50 19 23
50 20 54
50 21 58
50 22 35
50 23 38
50 24 46
50 25 10
50 26 40
50 27 51
50 28 55
50 29 54
50 30 20
50 31 23
50 32 32
50 33 10
50 34 16
50 35 6
50 36 50
50 37 31
50 38 45
50 39 52
50 40 1
50 41 39
50 42 50
50 43 30
50 44 52
50 45 6
50 46 54
50 47 35
50 48 29
50 49 4
51 0 29
51 1 38
51 2 47
51 3 48
51 4 44
51 5 23
51 6 58
51 7 19
51 8 36
51 9 54
51 10 26
51 11 30
51 12 3
51 13 21
51 14 3
51 15 26
51 16 58
51 17 5
51 18 30
51 19 51
51 20 12
51 21 40
51 22 55
51 23 6
51 24 45
51 25 6
51 26 45
51 27 35
51 28 11
51 29 59
51 30 43
51 31 3
51 32 7
51 33 45
51 34 35
51 35 10
51 36 22
51 37 2
51 38 47
51 39 33
51 40 45
51 41 43
51 42 8
51 43 16
51 44 35
51 45 37
51 46 14
51 47 50
51 48 11
51 49 18
51 50 29
52 0 58
52 1 50
52 2 52
52 3 33
52 4 19
52 5 41
52 6 40
52 7 40
52 8 41
52 9 33
52 10 2
52 11 25
52 12 2
52 13 6
52 14 50
52 15 38
52 16 38
52 17 18
52 18 15
52 19 40
52 20 46
52 21 25
52 22 58
52 23 3
52 24 19
52 25 57
52 26 1
52 27 20
52 28 27
52 29 5
52 30 34
52 31 59
52 32 20
52 33 41
52 34 42
52 35 56
52 36 7
52 37 6
52 38 55
52 39 38
52 40 14
52 41 57
52 42 39
52 43 46
52 44 13
52 45 50
52 46 29
52 47 42
52 48 52
52 49 37
52 50 22
52 51 30
53 0 33
53 1 46
53 2 28
53 3 52
53 4 36
53 5 1
53 6 12
53 7 46
53 8 29
53 9 46
53 10 24
53 11 7
53 12 2
53 13 57
53 14 15
53 15 5
53 16 46
53 17 22
53 18 52
53 19 48
53 20 35
53 21 4
53 22 49
53 23 37
53 24 40
53 25 36
53 26 14
53 27 56
53 28 48
53 29 41
53 30 51
53 31 32
53 32 42
53 33 50
53 34 34
53 35 57
53 36 17
53 37 11
53 38 2
53 39 59
53 40 41
53 41 9
53 42 29
53 43 46
53 44 15
53 45 3
53 46 56
53 47 41
53 48 27
53 49 38
53 50 18
53 51 24
53 52 5
54 0 9
54 1 54
54 2 19
54 3 40
54 4 24
54 5 59
54 6 45
54 7 13
54 8 54
54 9 41
54 10 18
54 11 35
54 12 22
54 13 32
54 14 6
54 15 9
54 16 34
54 17 59
54 18 29
54 19 44
54 20 48
54 21 1
54 22 35
54 23 40
54 24 24
54 25 55
54 26 18
54 27 34
54 28 43
54 29 7
54 30 32
54 31 18
54 32 3
54 33 7
54 34 40
54 35 8
54 36 52
54 37 24
54 38 44
54 39 1
54 40 44
54 41 47
54 42 27
54 43 32
54 44 42
54 45 3
54 46 30
54 47 59
54 48 43
54 49 37
54 50 36
54 51 36
54 52 55
54 53 11
55 0 51
55 1 49
55 2 26
55 3 28
55 4 58
55 5 15
55 6 1
55 7 46
55 8 15
55 9 37
55 10 1
55 11 51
55 12 50
55 13 59
55 14 14
55 15 16
55 16 33
55 17 43
55 18 33
55 19 22
55 20 44
55 21 19
55 22 45
55 23 29
55 24 43
55 25 6
55 26 36
55 27 50
55 28 30
55 29 4
55 30 14
55 31 30
55 32 22
55 33 33
55 34 26
55 35 23
55 36 22
55 37 41
55 38 23
55 39 44
55 40 17
55 41 34
55 42 40
55 43 13
55 44 11
55 45 38
55 46 10
55 47 56
55 48 53
55 49 50
55 50 32
55 51 26
55 52 54
55 53 26
55 54 51
56 0 26
56 1 28
56 2 34
56 3 28
56 4 27
56 5 4
56 6 58
56 7 49
56 8 18
56 9 22
56 10 24
56 11 30
56 12 24
56 13 31
56 14 36
56 15 7
56 16 48
56 17 5
56 18 11
56 19 55
56 20 18
56 21 17
56 22 19
56 23 41
56 24 45
56 25 18
56 26 17
56 27 37
56 28 6
56 29 33
56 30 37
56 31 41
56 32 1
56 33 36
56 34 44
56 35 47
56 36 29
56 37 43
56 38 47
56 39 10
56 40 1
56 41 27
56 42 59
56 43 23
56 44 38
56 45 49
56 46 37
56 47 45
56 48 33
56 49 40
56 50 29
56 51 48
56 52 40
56 53 45
56 54 30
56 55 9
57 0 26
57 1 7
57 2 47
57 3 23
57 4 2
57 5 5
57 6 14
57 7 13
57 8 21
57 9 2
57 10 39
57 11 11
57 12 38
57 13 30
57 14 54
57 15 54
57 16 41
57 17 29
57 18 29
57 19 26
57 20 56
57 21 53
57 22 37
57 23 8
57 24 43
57 25 32
57 26 49
57 27 24
57 28 44
57 29 11
57 30 23
57 31 3
57 32 27
57 33 27
57 34 17
57 35 55
57 36 51
57 37 35
57 38 37
57 39 30
57 40 55
57 41 34
57 42 23
57 43 13
57 44 38
57 45 48
57 46 6
57 47 53
57 48 24
57 49 29
57 50 57
57 51 29
57 52 20
57 53 33
57 54 17
57 55 6
57 56 40
