50
1 0 27
2 0 58
2 1 47
3 0 14
3 1 55
3 2 12
4 0 58
4 1 20
4 2 42
4 3 14
5 0 46
5 1 8
5 2 34
5 3 30
5 4 35
6 0 19
6 1 51
6 2 54
6 3 1
6 4 60
6 5 18
7 0 22
7 1 30
7 2 48
7 3 1
7 4 11
7 5 18
7 6 9
8 0 42
8 1 35
8 2 34
8 3 12
8 4 62
8 5 2
8 6 12
8 7 63
9 0 42
9 1 5
9 2 43
9 3 34
9 4 57
9 5 59
9 6 46
9 7 60
9 8 58
10 0 23
10 1 28
10 2 17
10 3 40
10 4 45
10 5 29
10 6 50
10 7 18
10 8 6
10 9 26
11 0 34
11 1 25
11 2 8
11 3 60
11 4 38
11 5 33
11 6 11
11 7 20
11 8 20
11 9 49
11 10 63
12 0 61
12 1 40
12 2 4
12 3 36
12 4 62
12 5 55
12 6 15
12 7 11
12 8 61
12 9 62
12 10 59
12 11 13
13 0 60
13 1 62
13 2 50
13 3 7
13 4 22
13 5 3
13 6 59
13 7 39
13 8 2
13 9 34
13 10 26
13 11 11
13 12 1
14 0 54
14 1 45
14 2 55
14 3 26
14 4 3
14 5 31
14 6 46
14 7 40
14 8 20
14 9 21
14 10 3
14 11 49
14 12 17
14 13 1
15 0 54
15 1 11
15 2 3
15 3 41
15 4 5
15 5 58
15 6 61
15 7 47
15 8 46
15 9 20
15 10 24
15 11 2
15 12 15
15 13 27
15 14 43
16 0 20
16 1 57
16 2 1
16 3 53
16 4 11
16 5 52
16 6 53
16 7 40
16 8 7
16 9 2
16 10 54
16 11 51
16 12 5
16 13 33
16 14 54
16 15 43
17 0 8
17 1 34
17 2 44
17 3 45
17 4 5
17 5 5
17 6 1
17 7 23
17 8 48
17 9 50
17 10 8
17 11 16
17 12 11
17 13 36
17 14 32
17 15 5
17 16 23
18 0 16
18 1 6
18 2 19
18 3 21
18 4 56
18 5 21
18 6 13
18 7 53
18 8 57
18 9 26
18 10 55
18 11 8
18 12 6
18 13 40
18 14 31
18 15 60
18 16 57
18 17 27
19 0 37
19 1 18
19 2 46
19 3 32
19 4 23
19 5 49
19 6 31
19 7 33
19 8 20
19 9 42
19 10 61
19 11 47
19 12 30
19 13 50
19 14 61
19 15 57
19 16 21
19 17 3
19 18 4
20 0 13
20 1 6
20 2 5
20 3 2
20 4 6
20 5 41
20 6 27
20 7 19
20 8 13
20 9 57
20 10 14
20 11 9
20 12 48
20 13 51
20 14 9
20 15 18
20 16 18
20 17 35
20 18 20
20 19 22
21 0 16
21 1 51
21 2 21
21 3 62
21 4 14
21 5 39
21 6 37
21 7 3
21 8 31
21 9 45
21 10 28
21 11 50
21 12 23
21 13 15
21 14 16
21 15 9
21 16 33
21 17 6
21 18 62
21 19 31
21 20 5
22 0 20
22 1 62
22 2 21
22 3 26
22 4 25
22 5 18
22 6 19
22 7 44
22 8 22
22 9 27
22 10 40
22 11 55
22 12 1
22 13 35
22 14 45
22 15 30
22 16 44
22 17 31
22 18 1
22 19 17
22 20 19
22 21 57
23 0 30
23 1 7
23 2 41
23 3 47
23 4 28
23 5 10
23 6 24
23 7 47
23 8 21
23 9 16
23 10 52
23 11 26
23 12 57
23 13 24
23 14 43
23 15 4
23 16 54
23 17 29
23 18 26
23 19 36
23 20 52
23 21 44
23 22 37
24 0 6
24 1 12
24 2 22
24 3 48
24 4 58
24 5 31
24 6 51
24 7 32
24 8 59
24 9 52
24 10 5
24 11 46
24 12 51
24 13 63
24 14 10
24 15 16
24 16 32
24 17 8
24 18 62
24 19 31
24 20 52
24 21 61
24 22 55
24 23 46
25 0 22
25 1 7
25 2 40
25 3 1
25 4 32
25 5 58
25 6 43
25 7 63
25 8 1
25 9 55
25 10 1
25 11 3
25 12 49
25 13 31
25 14 56
25 15 41
25 16 5
25 17 17
25 18 10
25 19 48
25 20 30
25 21 8
25 22 16
25 23 33
25 24 51
26 0 19
26 1 48
26 2 55
26 3 32
26 4 49
26 5 10
26 6 45
26 7 35
26 8 40
26 9 27
26 10 33
26 11 16
26 12 60
26 13 22
26 14 60
26 15 36
26 16 60
26 17 51
26 18 31
26 19 30
26 20 53
26 21 16
26 22 23
26 23 50
26 24 24
26 25 26
27 0 16
27 1 26
27 2 55
27 3 47
27 4 25
27 5 57
27 6 45
27 7 16
27 8 23
27 9 42
27 10 7
27 11 30
27 12 20
27 13 29
27 14 53
27 15 11
27 16 46
27 17 59
27 18 18
27 19 45
27 20 50
27 21 12
27 22 52
27 23 8
27 24 4
27 25 46
27 26 41
28 0 40
28 1 63
28 2 24
28 3 14
28 4 58
28 5 24
28 6 59
28 7 21
28 8 21
28 9 59
28 10 36
28 11 8
28 12 6
28 13 39
28 14 18
28 15 45
28 16 1
28 17 13
28 18 8
28 19 23
28 20 15
28 21 17
28 22 44
28 23 8
28 24 9
28 25 56
28 26 17
28 27 31
29 0 22
29 1 13
29 2 34
29 3 38
29 4 40
29 5 5
29 6 59
29 7 56
29 8 47
29 9 24
29 10 51
29 11 7
29 12 1
29 13 28
29 14 5
29 15 39
29 16 55
29 17 60
29 18 7
29 19 41
29 20 46
29 21 20
29 22 54
29 23 32
29 24 54
29 25 6
29 26 42
29 27 52
29 28 17
30 0 3
30 1 10
30 2 59
30 3 50
30 4 13
30 5 6
30 6 32
30 7 34
30 8 40
30 9 10
30 10 46
30 11 52
30 12 61
30 13 13
30 14 46
30 15 3
30 16 52
30 17 5
30 18 59
30 19 5
30 20 48
30 21 30
30 22 47
30 23 18
30 24 26
30 25 1
30 26 39
30 27 8
30 28 49
30 29 50
31 0 25
31 1 59
31 2 58
31 3 4
31 4 35
31 5 33
31 6 40
31 7 41
31 8 36
31 9 24
31 10 43
31 11 23
31 12 59
31 13 56
31 14 45
31 15 36
31 16 62
31 17 53
31 18 5
31 19 34
31 20 60
31 21 56
31 22 56
31 23 17
31 24 61
31 25 62
31 26 21
31 27 3
31 28 31
31 29 54
31 30 62
32 0 50
32 1 52
32 2 6
32 3 27
32 4 57
32 5 33
32 6 22
32 7 48
32 8 25
32 9 57
32 10 44
32 11 35
32 12 19
32 13 49
32 14 20
32 15 31
32 16 38
32 17 25
32 18 53
32 19 40
32 20 37
32 21 4
32 22 11
32 23 5
32 24 50
32 25 56
32 26 40
32 27 33
32 28 18
32 29 51
32 30 32
32 31 56
33 0 1
33 1 31
33 2 41
33 3 10
33 4 17
33 5 19
33 6 43
33 7 58
33 8 31
33 9 53
33 10 35
33 11 24
33 12 6
33 13 11
33 14 6
33 15 53
33 16 6
33 17 39
33 18 27
33 19 52
33 20 30
33 21 36
33 22 23
33 23 25
33 24 43
33 25 2
33 26 30
33 27 25
33 28 54
33 29 31
33 30 4
33 31 34
33 32 27
34 0 42
34 1 29
34 2 46
34 3 18
34 4 56
34 5 27
34 6 59
34 7 51
34 8 27
34 9 22
34 10 28
34 11 10
34 12 60
34 13 44
34 14 26
34 15 54
34 16 52
34 17 54
34 18 14
34 19 28
34 20 7
34 21 23
34 22 35
34 23 54
34 24 17
34 25 6
34 26 44
34 27 44
34 28 12
34 29 61
34 30 16
34 31 27
34 32 50
34 33 10
35 0 17
35 1 35
35 2 25
35 3 60
35 4 36
35 5 62
35 6 49
35 7 52
35 8 37
35 9 8
35 10 23
35 11 1
35 12 23
35 13 39
35 14 8
35 15 10
35 16 3
35 17 43
35 18 2
35 19 27
35 20 25
35 21 23
35 22 18
35 23 20
35 24 62
35 25 20
35 26 37
35 27 1
35 28 7
35 29 51
35 30 61
35 31 6
35 32 48
35 33 3
35 34 20
36 0 59
36 1 52
36 2 15
36 3 31
36 4 53
36 5 41
36 6 43
36 7 28
36 8 14
36 9 46
36 10 61
36 11 59
36 12 1
36 13 42
36 14 10
36 15 53
36 16 10
36 17 17
36 18 19
36 19 61
36 20 6
36 21 62
36 22 53
36 23 56
36 24 17
36 25 16
36 26 42
36 27 20
36 28 19
36 29 31
36 30 1
36 31 62
36 32 19
36 33 30
36 34 18
36 35 3
37 0 28
37 1 56
37 2 33
37 3 24
37 4 46
37 5 55
37 6 14
37 7 29
37 8 43
37 9 57
37 10 39
37 11 38
37 12 18
37 13 25
37 14 49
37 15 49
37 16 29
37 17 2
37 18 49
37 19 12
37 20 60
37 21 23
37 22 16
37 23 28
37 24 16
37 25 26
37 26 54
37 27 2
37 28 7
37 29 23
37 30 19
37 31 16
37 32 40
37 33 18
37 34 17
37 35 1
37 36 5
38 0 57
38 1 21
38 2 1
38 3 58
38 4 29
38 5 26
38 6 19
38 7 41
38 8 25
38 9 44
38 10 11
38 11 24
38 12 27
38 13 3
38 14 55
38 15 23
38 16 2
38 17 60
38 18 49
38 19 60
38 20 39
38 21 7
38 22 43
38 23 31
38 24 57
38 25 46
38 26 37
38 27 20
38 28 5
38 29 22
38 30 10
38 31 49
38 32 63
38 33 51
38 34 33
38 35 55
38 36 22
38 37 27
39 0 20
39 1 9
39 2 35
39 3 52
39 4 2
39 5 46
39 6 57
39 7 52
39 8 3
39 9 49
39 10 11
39 11 10
39 12 1
39 13 41
39 14 42
39 15 16
39 16 17
39 17 31
39 18 25
39 19 19
39 20 43
39 21 18
39 22 5
39 23 57
39 24 4
39 25 22
39 26 58
39 27 39
39 28 52
39 29 62
39 30 20
39 31 63
39 32 47
39 33 31
39 34 19
39 35 36
39 36 3
39 37 6
39 38 62
40 0 28
40 1 60
40 2 23
40 3 30
40 4 8
40 5 33
40 6 59
40 7 3
40 8 45
40 9 35
40 10 4
40 11 32
40 12 53
40 13 41
40 14 61
40 15 9
40 16 43
40 17 49
40 18 7
40 19 21
40 20 7
40 21 8
40 22 55
40 23 12
40 24 52
40 25 56
40 26 19
40 27 39
40 28 58
40 29 8
40 30 51
40 31 27
40 32 21
40 33 19
40 34 5
40 35 44
40 36 62
40 37 47
40 38 31
40 39 34
41 0 44
41 1 14
41 2 57
41 3 40
41 4 17
41 5 34
41 6 31
41 7 32
41 8 1
41 9 36
41 10 6
41 11 17
41 12 55
41 13 29
41 14 18
41 15 22
41 16 54
41 17 39
41 18 54
41 19 28
41 20 25
41 21 52
41 22 47
41 23 36
41 24 57
41 25 49
41 26 36
41 27 14
41 28 35
41 29 37
41 30 6
41 31 43
41 32 7
41 33 12
41 34 24
41 35 21
41 36 25
41 37 46
41 38 31
41 39 16
41 40 40
42 0 24
42 1 4
42 2 31
42 3 44
42 4 63
42 5 1
42 6 3
42 7 13
42 8 50
42 9 6
42 10 1
42 11 56
42 12 45
42 13 17
42 14 52
42 15 29
42 16 25
42 17 7
42 18 20
42 19 19
42 20 54
42 21 31
42 22 8
42 23 33
42 24 4
42 25 29
42 26 44
42 27 60
42 28 21
42 29 3
42 30 44
42 31 40
42 32 8
42 33 17
42 34 60
42 35 28
42 36 32
42 37 45
42 38 59
42 39 6
42 40 40
42 41 30
43 0 26
43 1 39
43 2 50
43 3 11
43 4 2
43 5 5
43 6 56
43 7 28
43 8 43
43 9 14
43 10 41
43 11 17
43 12 4
43 13 60
43 14 36
43 15 37
43 16 49
43 17 23
43 18 40
43 19 39
43 20 49
43 21 21
43 22 13
43 23 29
43 24 7
43 25 61
43 26 48
43 27 58
43 28 22
43 29 41
43 30 12
43 31 58
43 32 50
43 33 1
43 34 58
43 35 33
43 36 52
43 37 38
43 38 9
43 39 50
43 40 45
43 41 48
43 42 47
44 0 52
44 1 38
44 2 60
44 3 59
44 4 39
44 5 1
44 6 49
44 7 27
44 8 56
44 9 30
44 10 15
44 11 55
44 12 47
44 13 29
44 14 2
44 15 57
44 16 54
44 17 50
44 18 59
44 19 44
44 20 41
44 21 60
44 22 40
44 23 14
44 24 39
44 25 9
44 26 26
44 27 38
44 28 41
44 29 1
44 30 43
44 31 3
44 32 15
44 33 15
44 34 19
44 35 15
44 36 42
44 37 40
44 38 56
44 39 29
44 40 45
44 41 16
44 42 58
44 43 40
45 0 33
45 1 52
45 2 12
45 3 59
45 4 26
45 5 20
45 6 51
45 7 63
45 8 13
45 9 38
45 10 4
45 11 29
45 12 53
45 13 34
45 14 28
45 15 44
45 16 48
45 17 48
45 18 4
45 19 61
45 20 11
45 21 13
45 22 8
45 23 59
45 24 7
45 25 62
45 26 57
45 27 56
45 28 2
45 29 26
45 30 56
45 31 40
45 32 22
45 33 51
45 34 43
45 35 2
45 36 2
45 37 60
45 38 51
45 39 60
45 40 15
45 41 57
45 42 51
45 43 29
45 44 41
46 0 41
46 1 4
46 2 11
46 3 1
46 4 8
46 5 6
46 6 50
46 7 52
46 8 55
46 9 39
46 10 11
46 11 24
46 12 4
46 13 24
46 14 37
46 15 46
46 16 30
46 17 36
46 18 6
46 19 56
46 20 16
46 21 25
46 22 63
46 23 37
46 24 3
46 25 3
46 26 52
46 27 29
46 28 47
46 29 15
46 30 34
46 31 25
46 32 36
46 33 60
46 34 36
46 35 19
46 36 41
46 37 3
46 38 13
46 39 46
46 40 13
46 41 5
46 42 12
46 43 61
46 44 52
46 45 12
47 0 40
47 1 39
47 2 43
47 3 8
47 4 47
47 5 51
47 6 32
47 7 46
47 8 42
47 9 20
47 10 48
47 11 12
47 12 47
47 13 38
47 14 16
47 15 29
47 16 55
47 17 16
47 18 16
47 19 1
47 20 39
47 21 33
47 22 44
47 23 11
47 24 35
47 25 50
47 26 9
47 27 46
47 28 50
47 29 17
47 30 40
47 31 25
47 32 43
47 33 16
47 34 22
47 35 29
47 36 10
47 37 41
47 38 1
47 39 31
47 40 19
47 41 47
47 42 26
47 43 20
47 44 3
47 45 14
47 46 9
48 0 15
48 1 60
48 2 11
48 3 58
48 4 21
48 5 39
48 6 24
48 7 50
48 8 37
48 9 22
48 10 8
48 11 63
48 12 45
48 13 46
48 14 33
48 15 42
48 16 12
48 17 22
48 18 58
48 19 15
48 20 2
48 21 13
48 22 50
48 23 36
48 24 55
48 25 1
48 26 34
48 27 56
48 28 51
48 29 44
48 30 44
48 31 9
48 32 55
48 33 56
48 34 47
48 35 33
48 36 1
48 37 54
48 38 23
48 39 8
48 40 14
48 41 41
48 42 60
48 43 54
48 44 57
48 45 3
48 46 45
48 47 17
49 0 48
49 1 43
49 2 30
49 3 1
49 4 51
49 5 28
49 6 20
49 7 50
49 8 15
49 9 8
49 10 29
49 11 6
49 12 17
49 13 46
49 14 6
49 15 23
49 16 10
49 17 61
49 18 5
49 19 5
49 20 7
49 21 3
49 22 39
49 23 55
49 24 42
49 25 28
49 26 33
49 27 63
49 28 55
49 29 38
49 30 28
49 31 30
49 32 13
49 33 31
49 34 19
49 35 42
49 36 11
49 37 36
49 38 58
49 39 32
49 40 9
49 41 41
49 42 15
49 43 20
49 44 29
49 45 39
49 46 3
49 47 50
49 48 16
