29
2 0 13
2 1 38
3 2 31
4 3 27
5 0 30
5 1 47
5 2 45
5 3 21
6 0 42
6 1 48
6 3 7
6 4 20
6 5 43
7 0 8
7 1 10
7 6 3
8 2 51
8 3 6
8 4 29
8 5 46
8 6 48
8 7 46
9 3 27
9 6 40
9 7 2
9 8 17
10 0 12
10 2 44
10 6 6
10 8 13
10 9 27
11 0 19
11 1 10
11 4 28
11 5 19
11 6 31
11 9 31
11 10 43
12 1 21
12 3 13
12 4 41
12 5 33
12 6 23
12 9 26
12 10 36
12 11 7
13 2 41
13 3 10
13 8 48
13 9 3
14 0 34
14 2 10
14 3 13
14 6 8
15 1 33
15 4 44
15 5 49
15 6 17
15 9 9
15 11 10
16 0 34
16 1 13
16 2 9
16 4 27
16 5 23
16 6 2
16 10 12
16 11 2
16 13 10
16 14 38
16 15 11
17 0 12
17 1 4
17 6 23
17 8 14
17 9 27
17 10 28
17 12 17
17 13 16
17 15 36
17 16 11
18 0 9
18 1 22
18 2 21
18 3 26
18 4 5
18 7 16
18 10 37
18 11 47
18 12 39
19 1 1
19 6 37
19 9 44
19 10 36
19 11 19
19 14 15
19 16 11
20 0 17
20 3 17
20 4 31
20 7 15
20 9 23
20 11 13
20 12 37
20 16 4
20 19 31
21 0 20
21 1 24
21 2 31
21 4 46
21 5 31
21 6 39
21 7 25
21 8 27
21 9 18
21 10 18
21 12 16
21 14 35
21 15 18
21 16 39
21 19 2
22 2 25
22 4 31
22 5 28
22 10 22
22 12 48
22 13 28
22 15 37
22 18 51
22 21 31
23 1 17
23 2 50
23 4 14
23 9 14
23 10 22
23 11 39
23 13 45
23 16 24
23 20 51
23 21 37
23 22 40
24 2 20
24 4 4
24 5 7
24 7 35
24 9 18
24 11 34
24 13 14
24 15 17
24 21 30
25 1 1
25 4 24
25 5 49
25 10 16
25 13 44
25 15 5
25 16 49
25 18 40
25 21 47
25 23 51
26 1 32
26 3 17
26 4 51
26 8 39
26 10 48
26 12 29
26 14 10
26 16 16
26 17 24
26 19 44
26 22 43
26 24 30
27 0 48
27 2 21
27 4 4
27 9 36
27 10 20
27 12 41
27 14 6
27 16 8
27 19 36
27 20 29
27 23 44
28 0 40
28 2 8
28 3 50
28 5 41
28 6 17
28 7 38
28 11 31
28 13 36
28 14 14
28 15 10
28 17 43
28 18 45
28 20 25
28 23 31
28 27 46
