63
1 0 9
2 0 22
2 1 7
3 0 50
3 1 61
3 2 26
4 0 62
4 1 19
4 2 50
4 3 27
5 0 8
5 1 53
5 2 46
5 3 20
5 4 42
6 0 58
6 1 60
6 2 10
6 3 57
6 4 60
6 5 38
7 0 28
7 1 11
7 2 7
7 3 6
7 4 17
7 5 2
7 6 5
8 0 31
8 1 22
8 2 13
8 3 33
8 4 14
8 5 32
8 6 10
8 7 38
9 0 20
9 1 37
9 2 60
9 3 25
9 4 4
9 5 63
9 6 24
9 7 12
9 8 62
10 0 57
10 1 23
10 2 22
10 3 30
10 4 17
10 5 51
10 6 22
10 7 3
10 8 61
10 9 26
11 0 23
11 1 28
11 2 16
11 3 37
11 4 66
11 5 28
11 6 41
11 7 32
11 8 20
11 9 7
11 10 33
12 0 13
12 1 21
12 2 1
12 3 38
12 4 4
12 5 25
12 6 57
12 7 35
12 8 39
12 9 28
12 10 37
12 11 28
13 0 65
13 1 45
13 2 54
13 3 46
13 4 28
13 5 38
13 6 65
13 7 12
13 8 27
13 9 51
13 10 52
13 11 50
13 12 18
14 0 40
14 1 15
14 2 30
14 3 55
14 4 32
14 5 46
14 6 18
14 7 66
14 8 55
14 9 67
14 10 53
14 11 28
14 12 44
14 13 13
15 0 37
15 1 58
15 2 6
15 3 61
15 4 48
15 5 41
15 6 7
15 7 64
15 8 30
15 9 8
15 10 27
15 11 26
15 12 3
15 13 3
15 14 29
16 0 66
16 1 49
16 2 67
16 3 38
16 4 13
16 5 53
16 6 44
16 7 15
16 8 50
16 9 18
16 10 23
16 11 32
16 12 46
16 13 29
16 14 7
16 15 7
17 0 23
17 1 58
17 2 50
17 3 35
17 4 36
17 5 51
17 6 32
17 7 63
17 8 17
17 9 57
17 10 10
17 11 30
17 12 18
17 13 66
17 14 18
17 15 10
17 16 32
18 0 19
18 1 3
18 2 30
18 3 20
18 4 35
18 5 33
18 6 7
18 7 67
18 8 67
18 9 4
18 10 46
18 11 55
18 12 4
18 13 24
18 14 34
18 15 43
18 16 12
18 17 17
19 0 6
19 1 4
19 2 13
19 3 59
19 4 2
19 5 30
19 6 61
19 7 52
19 8 33
19 9 27
19 10 32
19 11 1
19 12 55
19 13 18
19 14 5
19 15 7
19 16 5
19 17 4
19 18 61
20 0 58
20 1 23
20 2 59
20 3 22
20 4 52
20 5 17
20 6 30
20 7 59
20 8 26
20 9 66
20 10 31
20 11 31
20 12 49
20 13 47
20 14 5
20 15 48
20 16 4
20 17 9
20 18 31
20 19 50
21 0 67
21 1 63
21 2 20
21 3 25
21 4 15
21 5 60
21 6 53
21 7 49
21 8 10
21 9 2
21 10 28
21 11 63
21 12 15
21 13 23
21 14 38
21 15 67
21 16 61
21 17 53
21 18 51
21 19 20
21 20 17
22 0 29
22 1 7
22 2 23
22 3 52
22 4 12
22 5 9
22 6 34
22 7 9
22 8 26
22 9 26
22 10 1
22 11 42
22 12 15
22 13 6
22 14 27
22 15 42
22 16 51
22 17 59
22 18 16
22 19 24
22 20 64
22 21 45
23 0 55
23 1 54
23 2 3
23 3 52
23 4 61
23 5 38
23 6 7
23 7 3
23 8 12
23 9 57
23 10 56
23 11 42
23 12 36
23 13 8
23 14 43
23 15 35
23 16 41
23 17 64
23 18 41
23 19 23
23 20 18
23 21 4
23 22 10
24 0 28
24 1 31
24 2 49
24 3 10
24 4 41
24 5 25
24 6 4
24 7 5
24 8 26
24 9 20
24 10 40
24 11 21
24 12 51
24 13 43
24 14 29
24 15 44
24 16 39
24 17 22
24 18 51
24 19 50
24 20 57
24 21 14
24 22 41
24 23 64
25 0 20
25 1 24
25 2 6
25 3 57
25 4 27
25 5 27
25 6 14
25 7 27
25 8 29
25 9 8
25 10 44
25 11 35
25 12 19
25 13 6
25 14 37
25 15 31
25 16 20
25 17 9
25 18 14
25 19 26
25 20 11
25 21 52
25 22 45
25 23 61
25 24 35
26 0 60
26 1 11
26 2 46
26 3 16
26 4 29
26 5 2
26 6 5
26 7 7
26 8 51
26 9 45
26 10 42
26 11 35
26 12 5
26 13 33
26 14 57
26 15 36
26 16 65
26 17 8
26 18 35
26 19 15
26 20 60
26 21 3
26 22 40
26 23 14
26 24 30
26 25 51
27 0 16
27 1 62
27 2 22
27 3 58
27 4 52
27 5 56
27 6 52
27 7 51
27 8 33
27 9 52
27 10 38
27 11 1
27 12 36
27 13 8
27 14 61
27 15 20
27 16 32
27 17 24
27 18 3
27 19 42
27 20 2
27 21 30
27 22 2
27 23 18
27 24 24
27 25 52
27 26 24
28 0 43
28 1 44
28 2 60
28 3 11
28 4 56
28 5 3
28 6 15
28 7 14
28 8 59
28 9 67
28 10 12
28 11 1
28 12 43
28 13 54
28 14 58
28 15 46
28 16 2
28 17 54
28 18 63
28 19 29
28 20 2
28 21 18
28 22 21
28 23 43
28 24 42
28 25 35
28 26 2
28 27 14
29 0 45
29 1 12
29 2 12
29 3 27
29 4 6
29 5 66
29 6 2
29 7 28
29 8 25
29 9 34
29 10 22
29 11 35
29 12 55
29 13 40
29 14 56
29 15 11
29 16 18
29 17 30
29 18 20
29 19 63
29 20 12
29 21 45
29 22 36
29 23 55
29 24 9
29 25 46
29 26 22
29 27 10
29 28 43
30 0 22
30 1 13
30 2 42
30 3 7
30 4 36
30 5 32
30 6 51
30 7 58
30 8 29
30 9 3
30 10 64
30 11 36
30 12 22
30 13 40
30 14 4
30 15 60
30 16 12
30 17 39
30 18 54
30 19 20
30 20 52
30 21 8
30 22 67
30 23 12
30 24 47
30 25 4
30 26 60
30 27 11
30 28 38
30 29 53
31 0 15
31 1 59
31 2 23
31 3 55
31 4 6
31 5 39
31 6 50
31 7 29
31 8 26
31 9 61
31 10 59
31 11 6
31 12 35
31 13 45
31 14 40
31 15 17
31 16 45
31 17 21
31 18 32
31 19 44
31 20 56
31 21 36
31 22 12
31 23 32
31 24 30
31 25 18
31 26 42
31 27 59
31 28 13
31 29 49
31 30 21
32 0 37
32 1 17
32 2 38
32 3 45
32 4 47
32 5 33
32 6 13
32 7 22
32 8 25
32 9 59
32 10 47
32 11 33
32 12 63
32 13 20
32 14 12
32 15 12
32 16 26
32 17 46
32 18 15
32 19 43
32 20 40
32 21 63
32 22 55
32 23 27
32 24 45
32 25 14
32 26 4
32 27 48
32 28 25
32 29 25
32 30 33
32 31 24
33 0 46
33 1 56
33 2 53
33 3 10
33 4 25
33 5 10
33 6 67
33 7 25
33 8 13
33 9 54
33 10 66
33 11 18
33 12 57
33 13 17
33 14 30
33 15 9
33 16 58
33 17 20
33 18 44
33 19 50
33 20 11
33 21 66
33 22 62
33 23 67
33 24 62
33 25 61
33 26 33
33 27 16
33 28 61
33 29 41
33 30 3
33 31 35
33 32 35
34 0 9
34 1 27
34 2 44
34 3 5
34 4 21
34 5 66
34 6 1
34 7 15
34 8 14
34 9 56
34 10 24
34 11 33
34 12 43
34 13 48
34 14 11
34 15 12
34 16 67
34 17 20
34 18 5
34 19 21
34 20 27
34 21 36
34 22 48
34 23 23
34 24 23
34 25 47
34 26 56
34 27 47
34 28 4
34 29 52
34 30 29
34 31 31
34 32 21
34 33 67
35 0 36
35 1 42
35 2 33
35 3 65
35 4 49
35 5 6
35 6 64
35 7 33
35 8 32
35 9 58
35 10 23
35 11 3
35 12 60
35 13 25
35 14 64
35 15 37
35 16 44
35 17 66
35 18 43
35 19 2
35 20 64
35 21 56
35 22 54
35 23 67
35 24 63
35 25 51
35 26 12
35 27 56
35 28 61
35 29 62
35 30 61
35 31 48
35 32 3
35 33 26
35 34 60
36 0 28
36 1 58
36 2 45
36 3 11
36 4 17
36 5 25
36 6 13
36 7 16
36 8 9
36 9 31
36 10 65
36 11 29
36 12 24
36 13 38
36 14 8
36 15 37
36 16 34
36 17 5
36 18 65
36 19 37
36 20 44
36 21 11
36 22 50
36 23 11
36 24 1
36 25 27
36 26 18
36 27 18
36 28 18
36 29 49
36 30 6
36 31 56
36 32 31
36 33 65
36 34 1
36 35 40
37 0 26
37 1 8
37 2 56
37 3 49
37 4 22
37 5 51
37 6 58
37 7 15
37 8 7
37 9 27
37 10 34
37 11 49
37 12 39
37 13 58
37 14 65
37 15 15
37 16 64
37 17 48
37 18 64
37 19 26
37 20 44
37 21 27
37 22 44
37 23 63
37 24 48
37 25 55
37 26 53
37 27 8
37 28 52
37 29 13
37 30 12
37 31 6
37 32 7
37 33 45
37 34 14
37 35 1
37 36 31
38 0 62
38 1 16
38 2 66
38 3 37
38 4 45
38 5 47
38 6 4
38 7 28
38 8 67
38 9 35
38 10 13
38 11 64
38 12 55
38 13 8
38 14 54
38 15 37
38 16 54
38 17 67
38 18 6
38 19 33
38 20 44
38 21 51
38 22 32
38 23 28
38 24 51
38 25 15
38 26 60
38 27 24
38 28 10
38 29 43
38 30 40
38 31 51
38 32 50
38 33 30
38 34 48
38 35 50
38 36 10
38 37 61
39 0 65
39 1 34
39 2 22
39 3 49
39 4 67
39 5 34
39 6 7
39 7 28
39 8 20
39 9 58
39 10 23
39 11 55
39 12 59
39 13 14
39 14 8
39 15 27
39 16 64
39 17 55
39 18 19
39 19 2
39 20 13
39 21 56
39 22 18
39 23 23
39 24 42
39 25 53
39 26 67
39 27 62
39 28 10
39 29 59
39 30 25
39 31 63
39 32 65
39 33 46
39 34 24
39 35 2
39 36 50
39 37 7
39 38 2
40 0 21
40 1 8
40 2 2
40 3 1
40 4 14
40 5 63
40 6 43
40 7 66
40 8 10
40 9 23
40 10 44
40 11 17
40 12 20
40 13 27
40 14 55
40 15 53
40 16 18
40 17 23
40 18 22
40 19 66
40 20 9
40 21 8
40 22 17
40 23 66
40 24 7
40 25 65
40 26 62
40 27 43
40 28 3
40 29 37
40 30 54
40 31 16
40 32 33
40 33 24
40 34 43
40 35 30
40 36 48
40 37 47
40 38 40
40 39 22
41 0 25
41 1 34
41 2 50
41 3 28
41 4 24
41 5 43
41 6 7
41 7 62
41 8 4
41 9 31
41 10 19
41 11 52
41 12 28
41 13 66
41 14 12
41 15 8
41 16 5
41 17 47
41 18 23
41 19 14
41 20 39
41 21 59
41 22 8
41 23 4
41 24 49
41 25 15
41 26 25
41 27 22
41 28 15
41 29 55
41 30 56
41 31 67
41 32 21
41 33 62
41 34 63
41 35 10
41 36 10
41 37 7
41 38 62
41 39 44
41 40 60
42 0 40
42 1 38
42 2 51
42 3 63
42 4 6
42 5 55
42 6 61
42 7 56
42 8 10
42 9 5
42 10 61
42 11 30
42 12 67
42 13 64
42 14 54
42 15 58
42 16 36
42 17 62
42 18 53
42 19 59
42 20 41
42 21 64
42 22 65
42 23 62
42 24 64
42 25 8
42 26 61
42 27 7
42 28 33
42 29 55
42 30 17
42 31 30
42 32 43
42 33 7
42 34 65
42 35 39
42 36 6
42 37 12
42 38 52
42 39 37
42 40 64
42 41 10
43 0 59
43 1 27
43 2 26
43 3 32
43 4 17
43 5 44
43 6 10
43 7 56
43 8 59
43 9 1
43 10 30
43 11 20
43 12 50
43 13 55
43 14 24
43 15 65
43 16 41
43 17 3
43 18 26
43 19 39
43 20 41
43 21 52
43 22 14
43 23 40
43 24 33
43 25 56
43 26 26
43 27 65
43 28 61
43 29 37
43 30 54
43 31 30
43 32 63
43 33 4
43 34 9
43 35 5
43 36 2
43 37 45
43 38 19
43 39 33
43 40 58
43 41 1
43 42 10
44 0 61
44 1 54
44 2 15
44 3 39
44 4 67
44 5 4
44 6 5
44 7 47
44 8 8
44 9 46
44 10 16
44 11 66
44 12 35
44 13 62
44 14 48
44 15 38
44 16 32
44 17 44
44 18 8
44 19 57
44 20 35
44 21 66
44 22 51
44 23 19
44 24 13
44 25 2
44 26 18
44 27 66
44 28 64
44 29 48
44 30 19
44 31 26
44 32 25
44 33 63
44 34 51
44 35 21
44 36 24
44 37 22
44 38 37
44 39 4
44 40 28
44 41 59
44 42 26
44 43 15
45 0 2
45 1 48
45 2 47
45 3 51
45 4 39
45 5 61
45 6 34
45 7 6
45 8 43
45 9 24
45 10 38
45 11 24
45 12 19
45 13 52
45 14 28
45 15 33
45 16 61
45 17 34
45 18 5
45 19 7
45 20 50
45 21 49
45 22 33
45 23 51
45 24 56
45 25 13
45 26 60
45 27 11
45 28 26
45 29 32
45 30 57
45 31 4
45 32 56
45 33 42
45 34 39
45 35 6
45 36 36
45 37 36
45 38 52
45 39 54
45 40 37
45 41 23
45 42 2
45 43 46
45 44 48
46 0 58
46 1 44
46 2 48
46 3 38
46 4 51
46 5 31
46 6 63
46 7 32
46 8 63
46 9 50
46 10 9
46 11 44
46 12 33
46 13 39
46 14 21
46 15 55
46 16 67
46 17 20
46 18 65
46 19 7
46 20 6
46 21 28
46 22 1
46 23 63
46 24 51
46 25 49
46 26 65
46 27 33
46 28 33
46 29 16
46 30 54
46 31 44
46 32 26
46 33 67
46 34 37
46 35 37
46 36 63
46 37 13
46 38 39
46 39 22
46 40 60
46 41 67
46 42 66
46 43 33
46 44 41
46 45 1
47 0 45
47 1 18
47 2 45
47 3 20
47 4 10
47 5 26
47 6 44
47 7 28
47 8 56
47 9 43
47 10 40
47 11 54
47 12 41
47 13 1
47 14 5
47 15 43
47 16 60
47 17 1
47 18 21
47 19 54
47 20 24
47 21 55
47 22 53
47 23 44
47 24 16
47 25 14
47 26 60
47 27 59
47 28 46
47 29 21
47 30 54
47 31 27
47 32 53
47 33 62
47 34 53
47 35 17
47 36 63
47 37 36
47 38 27
47 39 55
47 40 67
47 41 43
47 42 17
47 43 1
47 44 19
47 45 64
47 46 30
48 0 65
48 1 13
48 2 19
48 3 58
48 4 49
48 5 21
48 6 39
48 7 53
48 8 49
48 9 64
48 10 10
48 11 41
48 12 66
48 13 54
48 14 20
48 15 43
48 16 48
48 17 62
48 18 39
48 19 10
48 20 18
48 21 16
48 22 39
48 23 19
48 24 60
48 25 37
48 26 66
48 27 34
48 28 52
48 29 27
48 30 23
48 31 34
48 32 10
48 33 26
48 34 36
48 35 65
48 36 39
48 37 58
48 38 11
48 39 33
48 40 47
48 41 10
48 42 14
48 43 37
48 44 56
48 45 34
48 46 51
48 47 30
49 0 39
49 1 35
49 2 37
49 3 29
49 4 8
49 5 59
49 6 43
49 7 40
49 8 48
49 9 39
49 10 47
49 11 9
49 12 60
49 13 48
49 14 15
49 15 5
49 16 13
49 17 65
49 18 17
49 19 46
49 20 20
49 21 7
49 22 64
49 23 2
49 24 15
49 25 60
49 26 23
49 27 26
49 28 50
49 29 63
49 30 67
49 31 41
49 32 10
49 33 36
49 34 31
49 35 41
49 36 6
49 37 5
49 38 58
49 39 24
49 40 11
49 41 34
49 42 42
49 43 22
49 44 31
49 45 45
49 46 45
49 47 19
49 48 9
50 0 51
50 1 17
50 2 36
50 3 51
50 4 12
50 5 22
50 6 28
50 7 9
50 8 26
50 9 21
50 10 27
50 11 52
50 12 45
50 13 19
50 14 8
50 15 3
50 16 63
50 17 21
50 18 27
50 19 62
50 20 52
50 21 19
50 22 48
50 23 54
50 24 44
50 25 30
50 26 6
50 27 49
50 28 54
50 29 41
50 30 67
50 31 62
50 32 14
50 33 41
50 34 66
50 35 53
50 36 48
50 37 32
50 38 3
50 39 30
50 40 23
50 41 41
50 42 61
50 43 39
50 44 8
50 45 49
50 46 58
50 47 16
50 48 2
50 49 16
51 0 39
51 1 48
51 2 7
51 3 50
51 4 25
51 5 55
51 6 34
51 7 31
51 8 41
51 9 67
51 10 15
51 11 54
51 12 17
51 13 21
51 14 56
51 15 38
51 16 51
51 17 67
51 18 14
51 19 26
51 20 1
51 21 14
51 22 27
51 23 27
51 24 42
51 25 26
51 26 60
51 27 11
51 28 4
51 29 2
51 30 61
51 31 36
51 32 32
51 33 56
51 34 52
51 35 57
51 36 64
51 37 56
51 38 12
51 39 41
51 40 50
51 41 40
51 42 62
51 43 44
51 44 39
51 45 53
51 46 43
51 47 27
51 48 26
51 49 47
51 50 30
52 0 48
52 1 39
52 2 26
52 3 37
52 4 21
52 5 6
52 6 55
52 7 16
52 8 7
52 9 48
52 10 54
52 11 57
52 12 33
52 13 25
52 14 53
52 15 33
52 16 53
52 17 31
52 18 61
52 19 58
52 20 18
52 21 22
52 22 49
52 23 17
52 24 14
52 25 35
52 26 31
52 27 35
52 28 27
52 29 30
52 30 57
52 31 58
52 32 46
52 33 38
52 34 57
52 35 31
52 36 33
52 37 5
52 38 59
52 39 31
52 40 39
52 41 65
52 42 7
52 43 47
52 44 21
52 45 54
52 46 11
52 47 22
52 48 22
52 49 42
52 50 29
52 51 10
53 0 18
53 1 44
53 2 26
53 3 20
53 4 1
53 5 63
53 6 66
53 7 45
53 8 46
53 9 8
53 10 60
53 11 1
53 12 2
53 13 51
53 14 15
53 15 1
53 16 26
53 17 67
53 18 54
53 19 19
53 20 8
53 21 35
53 22 30
53 23 22
53 24 3
53 25 9
53 26 37
53 27 10
53 28 41
53 29 25
53 30 65
53 31 32
53 32 46
53 33 58
53 34 20
53 35 20
53 36 3
53 37 32
53 38 30
53 39 63
53 40 11
53 41 33
53 42 52
53 43 65
53 44 58
53 45 20
53 46 51
53 47 40
53 48 49
53 49 21
53 50 67
53 51 19
53 52 41
54 0 3
54 1 14
54 2 66
54 3 30
54 4 54
54 5 26
54 6 3
54 7 13
54 8 12
54 9 16
54 10 38
54 11 57
54 12 23
54 13 50
54 14 1
54 15 39
54 16 63
54 17 19
54 18 24
54 19 31
54 20 67
54 21 46
54 22 46
54 23 41
54 24 7
54 25 22
54 26 38
54 27 27
54 28 62
54 29 61
54 30 20
54 31 15
54 32 41
54 33 42
54 34 50
54 35 63
54 36 57
54 37 62
54 38 47
54 39 57
54 40 34
54 41 65
54 42 51
54 43 14
54 44 8
54 45 39
54 46 15
54 47 10
54 48 50
54 49 13
54 50 25
54 51 52
54 52 56
54 53 8
55 0 27
55 1 59
55 2 19
55 3 18
55 4 43
55 5 24
55 6 39
55 7 65
55 8 56
55 9 21
55 10 3
55 11 39
55 12 58
55 13 32
55 14 15
55 15 6
55 16 54
55 17 36
55 18 13
55 19 56
55 20 33
55 21 13
55 22 18
55 23 4
55 24 67
55 25 27
55 26 16
55 27 3
55 28 28
55 29 52
55 30 24
55 31 47
55 32 8
55 33 29
55 34 34
55 35 21
55 36 20
55 37 36
55 38 22
55 39 34
55 40 31
55 41 21
55 42 24
55 43 42
55 44 17
55 45 32
55 46 19
55 47 30
55 48 32
55 49 16
55 50 58
55 51 22
55 52 44
55 53 14
55 54 24
56 0 52
56 1 17
56 2 2
56 3 14
56 4 50
56 5 16
56 6 40
56 7 33
56 8 9
56 9 63
56 10 1
56 11 30
56 12 32
56 13 13
56 14 51
56 15 56
56 16 39
56 17 16
56 18 43
56 19 11
56 20 54
56 21 56
56 22 48
56 23 8
56 24 2
56 25 45
56 26 64
56 27 24
56 28 49
56 29 2
56 30 31
56 31 54
56 32 36
56 33 2
56 34 45
56 35 14
56 36 14
56 37 18
56 38 43
56 39 10
56 40 3
56 41 33
56 42 20
56 43 14
56 44 66
56 45 39
56 46 40
56 47 58
56 48 67
56 49 4
56 50 43
56 51 7
56 52 39
56 53 63
56 54 15
56 55 2
57 0 22
57 1 38
57 2 35
57 3 6
57 4 63
57 5 43
57 6 61
57 7 22
57 8 21
57 9 65
57 10 57
57 11 67
57 12 14
57 13 8
57 14 35
57 15 38
57 16 65
57 17 25
57 18 53
57 19 44
57 20 11
57 21 45
57 22 25
57 23 46
57 24 9
57 25 11
57 26 31
57 27 11
57 28 52
57 29 53
57 30 13
57 31 60
57 32 7
57 33 65
57 34 41
57 35 35
57 36 30
57 37 19
57 38 12
57 39 21
57 40 8
57 41 48
57 42 55
57 43 66
57 44 21
57 45 62
57 46 2
57 47 56
57 48 12
57 49 31
57 50 51
57 51 59
57 52 24
57 53 6
57 54 66
57 55 28
57 56 56
58 0 30
58 1 65
58 2 14
58 3 29
58 4 54
58 5 61
58 6 36
58 7 27
58 8 50
58 9 36
58 10 32
58 11 11
58 12 50
58 13 28
58 14 16
58 15 61
58 16 19
58 17 34
58 18 35
58 19 53
58 20 51
58 21 62
58 22 14
58 23 43
58 24 30
58 25 7
58 26 41
58 27 55
58 28 17
58 29 56
58 30 32
58 31 28
58 32 61
58 33 41
58 34 18
58 35 51
58 36 5
58 37 44
58 38 15
58 39 24
58 40 14
58 41 16
58 42 43
58 43 28
58 44 28
58 45 18
58 46 4
58 47 36
58 48 36
58 49 27
58 50 31
58 51 32
58 52 6
58 53 62
58 54 34
58 55 63
58 56 9
58 57 16
59 0 38
59 1 44
59 2 52
59 3 49
59 4 1
59 5 31
59 6 5
59 7 28
59 8 3
59 9 66
59 10 49
59 11 39
59 12 1
59 13 12
59 14 36
59 15 9
59 16 61
59 17 53
59 18 36
59 19 46
59 20 46
59 21 37
59 22 32
59 23 34
59 24 29
59 25 50
59 26 7
59 27 42
59 28 41
59 29 7
59 30 61
59 31 6
59 32 60
59 33 44
59 34 60
59 35 55
59 36 15
59 37 52
59 38 24
59 39 55
59 40 16
59 41 21
59 42 27
59 43 43
59 44 11
59 45 65
59 46 11
59 47 6
59 48 55
59 49 4
59 50 44
59 51 65
59 52 19
59 53 18
59 54 54
59 55 12
59 56 20
59 57 25
59 58 11
60 0 23
60 1 53
60 2 40
60 3 7
60 4 60
60 5 43
60 6 20
60 7 59
60 8 31
60 9 59
60 10 22
60 11 35
60 12 39
60 13 66
60 14 56
60 15 38
60 16 33
60 17 35
60 18 51
60 19 13
60 20 16
60 21 63
60 22 5
60 23 5
60 24 36
60 25 50
60 26 34
60 27 12
60 28 5
60 29 41
60 30 30
60 31 13
60 32 1
60 33 7
60 34 11
60 35 30
60 36 14
60 37 1
60 38 38
60 39 26
60 40 10
60 41 43
60 42 5
60 43 1
60 44 50
60 45 19
60 46 25
60 47 64
60 48 26
60 49 1
60 50 20
60 51 54
60 52 66
60 53 19
60 54 49
60 55 14
60 56 62
60 57 8
60 58 40
60 59 48
61 0 5
61 1 61
61 2 19
61 3 10
61 4 14
61 5 58
61 6 53
61 7 30
61 8 49
61 9 61
61 10 62
61 11 62
61 12 29
61 13 32
61 14 62
61 15 30
61 16 32
61 17 26
61 18 30
61 19 67
61 20 8
61 21 63
61 22 65
61 23 44
61 24 55
61 25 48
61 26 51
61 27 1
61 28 44
61 29 63
61 30 19
61 31 23
61 32 8
61 33 15
61 34 22
61 35 19
61 36 60
61 37 1
61 38 38
61 39 51
61 40 17
61 41 19
61 42 12
61 43 17
61 44 52
61 45 8
61 46 44
61 47 64
61 48 66
61 49 13
61 50 12
61 51 16
61 52 59
61 53 30
61 54 52
61 55 22
61 56 21
61 57 25
61 58 52
61 59 24
61 60 10
62 0 47
62 1 37
62 2 17
62 3 13
62 4 29
62 5 5
62 6 49
62 7 32
62 8 34
62 9 39
62 10 45
62 11 36
62 12 36
62 13 27
62 14 49
62 15 35
62 16 28
62 17 52
62 18 42
62 19 34
62 20 44
62 21 8
62 22 46
62 23 13
62 24 63
62 25 13
62 26 43
62 27 61
62 28 3
62 29 2
62 30 34
62 31 40
62 32 15
62 33 45
62 34 19
62 35 13
62 36 46
62 37 62
62 38 51
62 39 41
62 40 51
62 41 61
62 42 32
62 43 18
62 44 64
62 45 55
62 46 55
62 47 50
62 48 51
62 49 31
62 50 59
62 51 5
62 52 14
62 53 19
62 54 18
62 55 56
62 56 29
62 57 5
62 58 10
62 59 65
62 60 40
62 61 31
