39
1 0 20
2 0 59
2 1 28
3 0 8
3 1 53
3 2 11
4 0 49
4 1 57
4 2 14
4 3 27
5 0 19
5 1 65
5 2 28
5 3 46
5 4 26
6 0 20
6 1 39
6 2 6
6 3 34
6 4 45
6 5 16
7 0 13
7 1 25
7 2 37
7 3 7
7 4 1
7 5 64
7 6 31
8 0 21
8 1 53
8 2 15
8 3 13
8 4 42
8 5 25
8 6 4
8 7 8
9 0 1
9 1 64
9 2 18
9 3 15
9 4 46
9 5 42
9 6 52
9 7 35
9 8 42
10 0 62
10 1 49
10 2 4
10 3 61
10 4 10
10 5 46
10 6 39
10 7 32
10 8 17
10 9 65
11 0 51
11 1 23
11 2 55
11 3 61
11 4 34
11 5 62
11 6 15
11 7 19
11 8 23
11 9 53
11 10 29
12 0 25
12 1 37
12 2 63
12 3 26
12 4 47
12 5 15
12 6 16
12 7 43
12 8 62
12 9 11
12 10 32
12 11 13
13 0 40
13 1 53
13 2 59
13 3 58
13 4 53
13 5 21
13 6 26
13 7 24
13 8 7
13 9 25
13 10 35
13 11 1
13 12 58
14 0 44
14 1 25
14 2 43
14 3 18
14 4 56
14 5 40
14 6 42
14 7 15
14 8 39
14 9 19
14 10 16
14 11 22
14 12 62
14 13 27
15 0 27
15 1 44
15 2 6
15 3 20
15 4 37
15 5 28
15 6 18
15 7 6
15 8 52
15 9 27
15 10 40
15 11 56
15 12 48
15 13 33
15 14 51
16 0 45
16 1 60
16 2 50
16 3 55
16 4 12
16 5 25
16 6 47
16 7 7
16 8 15
16 9 59
16 10 61
16 11 18
16 12 33
16 13 8
16 14 6
16 15 25
17 0 33
17 1 17
17 2 65
17 3 43
17 4 16
17 5 30
17 6 31
17 7 53
17 8 8
17 9 50
17 10 48
17 11 39
17 12 28
17 13 20
17 14 57
17 15 49
17 16 18
18 0 22
18 1 52
18 2 38
18 3 24
18 4 57
18 5 11
18 6 42
18 7 40
18 8 33
18 9 50
18 10 31
18 11 35
18 12 18
18 13 64
18 14 23
18 15 63
18 16 55
18 17 30
19 0 22
19 1 38
19 2 27
19 3 10
19 4 22
19 5 11
19 6 59
19 7 8
19 8 42
19 9 44
19 10 42
19 11 14
19 12 25
19 13 38
19 14 16
19 15 60
19 16 61
19 17 57
19 18 48
20 0 36
20 1 64
20 2 62
20 3 60
20 4 17
20 5 55
20 6 64
20 7 36
20 8 37
20 9 24
20 10 54
20 11 63
20 12 34
20 13 33
20 14 17
20 15 65
20 16 32
20 17 14
20 18 16
20 19 34
21 0 31
21 1 23
21 2 41
21 3 53
21 4 11
21 5 58
21 6 10
21 7 52
21 8 13
21 9 25
21 10 63
21 11 35
21 12 36
21 13 37
21 14 65
21 15 48
21 16 46
21 17 43
21 18 43
21 19 17
21 20 15
22 0 41
22 1 65
22 2 37
22 3 60
22 4 29
22 5 11
22 6 52
22 7 32
22 8 11
22 9 46
22 10 63
22 11 36
22 12 29
22 13 12
22 14 24
22 15 32
22 16 41
22 17 13
22 18 10
22 19 16
22 20 47
22 21 38
23 0 49
23 1 8
23 2 40
23 3 33
23 4 37
23 5 34
23 6 50
23 7 56
23 8 9
23 9 46
23 10 55
23 11 51
23 12 37
23 13 13
23 14 13
23 15 42
23 16 15
23 17 37
23 18 12
23 19 38
23 20 40
23 21 33
23 22 38
24 0 31
24 1 12
24 2 31
24 3 60
24 4 62
24 5 31
24 6 35
24 7 62
24 8 49
24 9 48
24 10 48
24 11 8
24 12 45
24 13 64
24 14 40
24 15 28
24 16 60
24 17 10
24 18 26
24 19 12
24 20 18
24 21 52
24 22 63
24 23 32
25 0 53
25 1 30
25 2 63
25 3 27
25 4 4
25 5 44
25 6 10
25 7 26
25 8 21
25 9 23
25 10 19
25 11 63
25 12 11
25 13 49
25 14 61
25 15 18
25 16 4
25 17 32
25 18 63
25 19 43
25 20 34
25 21 24
25 22 57
25 23 21
25 24 33
26 0 35
26 1 56
26 2 9
26 3 45
26 4 60
26 5 26
26 6 43
26 7 4
26 8 24
26 9 7
26 10 9
26 11 54
26 12 13
26 13 34
26 14 20
26 15 39
26 16 11
26 17 28
26 18 54
26 19 29
26 20 50
26 21 3
26 22 58
26 23 1
26 24 48
26 25 49
27 0 22
27 1 16
27 2 56
27 3 35
27 4 24
27 5 3
27 6 40
27 7 8
27 8 33
27 9 55
27 10 19
27 11 40
27 12 34
27 13 22
27 14 27
27 15 4
27 16 36
27 17 32
27 18 58
27 19 9
27 20 30
27 21 44
27 22 62
27 23 7
27 24 15
27 25 41
27 26 63
28 0 39
28 1 62
28 2 27
28 3 42
28 4 56
28 5 49
28 6 47
28 7 16
28 8 35
28 9 43
28 10 12
28 11 46
28 12 12
28 13 14
28 14 36
28 15 60
28 16 6
28 17 19
28 18 44
28 19 36
28 20 59
28 21 52
28 22 65
28 23 6
28 24 32
28 25 42
28 26 51
28 27 2
29 0 43
29 1 35
29 2 21
29 3 24
29 4 59
29 5 31
29 6 55
29 7 59
29 8 20
29 9 52
29 10 53
29 11 57
29 12 1
29 13 26
29 14 9
29 15 5
29 16 24
29 17 17
29 18 63
29 19 22
29 20 2
29 21 35
29 22 35
29 23 8
29 24 12
29 25 51
29 26 2
29 27 42
29 28 29
30 0 12
30 1 31
30 2 38
30 3 65
30 4 41
30 5 12
30 6 33
30 7 14
30 8 16
30 9 65
30 10 33
30 11 46
30 12 40
30 13 58
30 14 37
30 15 43
30 16 49
30 17 7
30 18 52
30 19 46
30 20 42
30 21 7
30 22 33
30 23 55
30 24 63
30 25 14
30 26 50
30 27 16
30 28 9
30 29 29
31 0 52
31 1 41
31 2 53
31 3 64
31 4 36
31 5 60
31 6 54
31 7 22
31 8 18
31 9 10
31 10 47
31 11 9
31 12 47
31 13 51
31 14 36
31 15 9
31 16 32
31 17 9
31 18 51
31 19 46
31 20 45
31 21 26
31 22 16
31 23 8
31 24 51
31 25 33
31 26 32
31 27 18
31 28 23
31 29 45
31 30 6
32 0 41
32 1 9
32 2 54
32 3 43
32 4 42
32 5 39
32 6 39
32 7 52
32 8 56
32 9 59
32 10 8
32 11 59
32 12 31
32 13 64
32 14 41
32 15 62
32 16 63
32 17 7
32 18 30
32 19 24
32 20 24
32 21 13
32 22 14
32 23 47
32 24 53
32 25 46
32 26 60
32 27 65
32 28 61
32 29 55
32 30 51
32 31 26
33 0 60
33 1 31
33 2 27
33 3 6
33 4 20
33 5 63
33 6 64
33 7 27
33 8 9
33 9 52
33 10 46
33 11 22
33 12 37
33 13 51
33 14 18
33 15 12
33 16 35
33 17 4
33 18 29
33 19 7
33 20 46
33 21 22
33 22 54
33 23 27
33 24 65
33 25 3
33 26 29
33 27 22
33 28 31
33 29 17
33 30 57
33 31 15
33 32 3
34 0 50
34 1 48
34 2 41
34 3 48
34 4 25
34 5 9
34 6 48
34 7 15
34 8 32
34 9 4
34 10 58
34 11 50
34 12 39
34 13 62
34 14 32
34 15 63
34 16 6
34 17 7
34 18 11
34 19 64
34 20 37
34 21 22
34 22 21
34 23 58
34 24 37
34 25 12
34 26 11
34 27 41
34 28 33
34 29 46
34 30 7
34 31 31
34 32 65
34 33 37
35 0 56
35 1 2
35 2 64
35 3 47
35 4 56
35 5 24
35 6 34
35 7 23
35 8 49
35 9 38
35 10 52
35 11 38
35 12 55
35 13 62
35 14 60
35 15 2
35 16 19
35 17 30
35 18 45
35 19 36
35 20 57
35 21 36
35 22 5
35 23 28
35 24 60
35 25 3
35 26 24
35 27 63
35 28 48
35 29 58
35 30 7
35 31 28
35 32 24
35 33 64
35 34 17
36 0 23
36 1 57
36 2 19
36 3 25
36 4 9
36 5 21
36 6 8
36 7 33
36 8 11
36 9 63
36 10 65
36 11 11
36 12 54
36 13 39
36 14 56
36 15 50
36 16 33
36 17 64
36 18 16
36 19 13
36 20 6
36 21 45
36 22 41
36 23 21
36 24 38
36 25 2
36 26 35
36 27 57
36 28 4
36 29 37
36 30 38
36 31 56
36 32 4
36 33 44
36 34 45
36 35 23
37 0 51
37 1 6
37 2 29
37 3 37
37 4 11
37 5 9
37 6 61
37 7 17
37 8 31
37 9 39
37 10 48
37 11 5
37 12 52
37 13 55
37 14 58
37 15 25
37 16 7
37 17 7
37 18 64
37 19 36
37 20 11
37 21 59
37 22 42
37 23 57
37 24 56
37 25 47
37 26 19
37 27 38
37 28 40
37 29 65
37 30 36
37 31 33
37 32 56
37 33 37
37 34 2
37 35 28
37 36 63
38 0 11
38 1 17
38 2 25
38 3 52
38 4 63
38 5 57
38 6 61
38 7 1
38 8 59
38 9 32
38 10 49
38 11 51
38 12 18
38 13 51
38 14 48
38 15 28
38 16 16
38 17 56
38 18 21
38 19 10
38 20 49
38 21 36
38 22 18
38 23 65
38 24 15
38 25 43
38 26 33
38 27 36
38 28 12
38 29 10
38 30 3
38 31 15
38 32 16
38 33 40
38 34 18
38 35 54
38 36 40
38 37 46
