29
1 0 5
2 0 30
2 1 7
3 0 19
3 1 15
3 2 31
4 0 4
4 1 27
4 2 18
4 3 30
5 0 23
5 1 7
5 2 14
5 3 7
5 4 23
6 0 23
6 1 25
6 2 30
6 3 28
6 4 30
6 5 27
7 0 19
7 1 8
7 2 10
7 3 10
7 4 1
7 5 5
7 6 3
8 0 5
8 1 19
8 2 14
8 3 17
8 4 13
8 5 4
8 6 30
8 7 15
9 0 29
9 1 23
9 2 27
9 3 13
9 4 8
9 5 10
9 6 10
9 7 13
9 8 5
10 0 9
10 1 25
10 2 25
10 3 28
10 4 15
10 5 10
10 6 23
10 7 30
10 8 29
10 9 5
11 0 31
11 1 7
11 2 9
11 3 21
11 4 25
11 5 31
11 6 15
11 7 31
11 8 9
11 9 27
11 10 25
12 0 10
12 1 29
12 2 20
12 3 10
12 4 2
12 5 8
12 6 24
12 7 22
12 8 1
12 9 16
12 10 25
12 11 16
13 0 29
13 1 31
13 2 5
13 3 20
13 4 31
13 5 18
13 6 5
13 7 16
13 8 2
13 9 2
13 10 22
13 11 9
13 12 22
14 0 4
14 1 15
14 2 28
14 3 13
14 4 13
14 5 15
14 6 27
14 7 15
14 8 31
14 9 7
14 10 15
14 11 8
14 12 2
14 13 28
15 0 3
15 1 10
15 2 11
15 3 1
15 4 12
15 5 6
15 6 23
15 7 11
15 8 14
15 9 22
15 10 18
15 11 24
15 12 25
15 13 19
15 14 8
16 0 8
16 1 11
16 2 15
16 3 5
16 4 8
16 5 11
16 6 10
16 7 25
16 8 10
16 9 7
16 10 16
16 11 23
16 12 20
16 13 10
16 14 15
16 15 30
17 0 9
17 1 19
17 2 28
17 3 4
17 4 15
17 5 16
17 6 28
17 7 26
17 8 9
17 9 8
17 10 20
17 11 18
17 12 15
17 13 26
17 14 14
17 15 19
17 16 10
18 0 2
18 1 26
18 2 2
18 3 25
18 4 22
18 5 29
18 6 18
18 7 12
18 8 7
18 9 14
18 10 19
18 11 6
18 12 1
18 13 7
18 14 8
18 15 21
18 16 3
18 17 18
19 0 26
19 1 16
19 2 3
19 3 16
19 4 30
19 5 23
19 6 5
19 7 12
19 8 20
19 9 10
19 10 29
19 11 2
19 12 29
19 13 14
19 14 2
19 15 11
19 16 19
19 17 18
19 18 19
20 0 6
20 1 15
20 2 24
20 3 11
20 4 7
20 5 4
20 6 23
20 7 7
20 8 10
20 9 21
20 10 28
20 11 16
20 12 13
20 13 30
20 14 19
20 15 16
20 16 22
20 17 10
20 18 19
20 19 19
21 0 1
21 1 18
21 2 25
21 3 6
21 4 2
21 5 11
21 6 5
21 7 11
21 8 11
21 9 24
21 10 31
21 11 8
21 12 25
21 13 14
21 14 23
21 15 21
21 16 26
21 17 10
21 18 16
21 19 18
21 20 8
22 0 5
22 1 27
22 2 19
22 3 23
22 4 26
22 5 5
22 6 23
22 7 14
22 8 3
22 9 28
22 10 29
22 11 6
22 12 15
22 13 30
22 14 31
22 15 30
22 16 29
22 17 8
22 18 1
22 19 28
22 20 5
22 21 12
23 0 19
23 1 7
23 2 8
23 3 16
23 4 12
23 5 8
23 6 9
23 7 8
23 8 10
23 9 29
23 10 6
23 11 18
23 12 12
23 13 4
23 14 7
23 15 16
23 16 31
23 17 30
23 18 28
23 19 23
23 20 26
23 21 31
23 22 11
24 0 11
24 1 18
24 2 11
24 3 1
24 4 17
24 5 20
24 6 28
24 7 20
24 8 5
24 9 8
24 10 22
24 11 28
24 12 18
24 13 10
24 14 18
24 15 22
24 16 10
24 17 26
24 18 27
24 19 15
24 20 7
24 21 19
24 22 16
24 23 29
25 0 3
25 1 8
25 2 26
25 3 16
25 4 13
25 5 28
25 6 6
25 7 16
25 8 30
25 9 16
25 10 29
25 11 2
25 12 2
25 13 25
25 14 1
25 15 24
25 16 25
25 17 21
25 18 13
25 19 6
25 20 17
25 21 17
25 22 29
25 23 14
25 24 15
26 0 1
26 1 6
26 2 14
26 3 6
26 4 13
26 5 6
26 6 7
26 7 14
26 8 22
26 9 30
26 10 8
26 11 13
26 12 8
26 13 2
26 14 5
26 15 15
26 16 10
26 17 15
26 18 24
26 19 2
26 20 23
26 21 27
26 22 13
26 23 27
26 24 28
26 25 9
27 0 9
27 1 10
27 2 24
27 3 17
27 4 31
27 5 7
27 6 3
27 7 19
27 8 21
27 9 3
27 10 23
27 11 23
27 12 13
27 13 4
27 14 12
27 15 20
27 16 14
27 17 14
27 18 30
27 19 19
27 20 29
27 21 5
27 22 28
27 23 28
27 24 1
27 25 29
27 26 25
28 0 29
28 1 9
28 2 30
28 3 3
28 4 6
28 5 7
28 6 30
28 7 1
28 8 27
28 9 31
28 10 19
28 11 26
28 12 16
28 13 17
28 14 22
28 15 28
28 16 8
28 17 14
28 18 26
28 19 19
28 20 18
28 21 7
28 22 16
28 23 18
28 24 14
28 25 14
28 26 27
28 27 4
