52
1 0 16
2 0 35
2 1 3
3 0 11
3 1 13
3 2 32
4 0 32
4 1 31
4 2 35
4 3 24
5 0 53
5 1 46
5 2 53
5 3 7
5 4 35
6 0 22
6 1 15
6 2 1
6 3 41
6 4 6
6 5 24
7 0 54
7 1 50
7 2 25
7 3 4
7 4 51
7 5 35
7 6 47
8 0 56
8 1 17
8 2 3
8 3 31
8 4 12
8 5 23
8 6 10
8 7 26
9 0 56
9 1 16
9 2 18
9 3 40
9 4 18
9 5 39
9 6 25
9 7 4
9 8 57
10 0 36
10 1 11
10 2 42
10 3 7
10 4 17
10 5 14
10 6 24
10 7 35
10 8 48
10 9 49
11 0 24
11 1 6
11 2 7
11 3 5
11 4 48
11 5 25
11 6 30
11 7 6
11 8 55
11 9 26
11 10 4
12 0 1
12 1 43
12 2 45
12 3 58
12 4 50
12 5 54
12 6 6
12 7 3
12 8 8
12 9 52
12 10 36
12 11 19
13 0 20
13 1 33
13 2 12
13 3 37
13 4 13
13 5 2
13 6 10
13 7 16
13 8 41
13 9 26
13 10 33
13 11 5
13 12 51
14 0 30
14 1 44
14 2 56
14 3 19
14 4 33
14 5 27
14 6 10
14 7 45
14 8 14
14 9 22
14 10 23
14 11 39
14 12 51
14 13 29
15 0 6
15 1 30
15 2 31
15 3 21
15 4 36
15 5 43
15 6 3
15 7 54
15 8 22
15 9 32
15 10 25
15 11 54
15 12 47
15 13 4
15 14 51
16 0 49
16 1 54
16 2 38
16 3 46
16 4 46
16 5 53
16 6 21
16 7 49
16 8 55
16 9 47
16 10 33
16 11 51
16 12 30
16 13 19
16 14 37
16 15 14
17 0 7
17 1 26
17 2 3
17 3 45
17 4 9
17 5 7
17 6 4
17 7 32
17 8 37
17 9 26
17 10 15
17 11 15
17 12 27
17 13 7
17 14 13
17 15 26
17 16 9
18 0 45
18 1 27
18 2 29
18 3 25
18 4 45
18 5 6
18 6 47
18 7 18
18 8 37
18 9 1
18 10 14
18 11 27
18 12 47
18 13 33
18 14 33
18 15 8
18 16 44
18 17 51
19 0 43
19 1 45
19 2 30
19 3 31
19 4 35
19 5 7
19 6 12
19 7 5
19 8 15
19 9 32
19 10 58
19 11 31
19 12 16
19 13 55
19 14 42
19 15 58
19 16 20
19 17 10
19 18 3
20 0 6
20 1 7
20 2 1
20 3 43
20 4 32
20 5 30
20 6 20
20 7 51
20 8 27
20 9 14
20 10 38
20 11 31
20 12 56
20 13 53
20 14 15
20 15 31
20 16 9
20 17 40
20 18 53
20 19 22
21 0 44
21 1 15
21 2 32
21 3 13
21 4 47
21 5 42
21 6 19
21 7 44
21 8 11
21 9 44
21 10 26
21 11 9
21 12 56
21 13 55
21 14 4
21 15 29
21 16 47
21 17 20
21 18 36
21 19 29
21 20 1
22 0 21
22 1 6
22 2 9
22 3 39
22 4 55
22 5 15
22 6 48
22 7 12
22 8 20
22 9 46
22 10 58
22 11 27
22 12 56
22 13 47
22 14 25
22 15 41
22 16 20
22 17 26
22 18 31
22 19 24
22 20 48
22 21 58
23 0 23
23 1 44
23 2 48
23 3 20
23 4 33
23 5 8
23 6 43
23 7 24
23 8 30
23 9 58
23 10 39
23 11 41
23 12 37
23 13 6
23 14 34
23 15 29
23 16 49
23 17 40
23 18 50
23 19 6
23 20 18
23 21 15
23 22 55
24 0 8
24 1 6
24 2 12
24 3 45
24 4 52
24 5 27
24 6 4
24 7 13
24 8 21
24 9 51
24 10 28
24 11 35
24 12 1
24 13 39
24 14 50
24 15 3
24 16 56
24 17 29
24 18 38
24 19 23
24 20 46
24 21 39
24 22 29
24 23 38
25 0 10
25 1 44
25 2 36
25 3 20
25 4 13
25 5 33
25 6 23
25 7 30
25 8 3
25 9 24
25 10 52
25 11 36
25 12 9
25 13 26
25 14 51
25 15 6
25 16 13
25 17 20
25 18 19
25 19 18
25 20 58
25 21 39
25 22 47
25 23 46
25 24 2
26 0 40
26 1 5
26 2 13
26 3 18
26 4 25
26 5 40
26 6 48
26 7 17
26 8 24
26 9 32
26 10 32
26 11 54
26 12 7
26 13 50
26 14 36
26 15 23
26 16 8
26 17 31
26 18 20
26 19 55
26 20 55
26 21 19
26 22 55
26 23 48
26 24 11
26 25 15
27 0 9
27 1 18
27 2 19
27 3 39
27 4 32
27 5 19
27 6 51
27 7 41
27 8 11
27 9 9
27 10 31
27 11 24
27 12 38
27 13 13
27 14 11
27 15 52
27 16 44
27 17 48
27 18 9
27 19 37
27 20 44
27 21 33
27 22 34
27 23 18
27 24 15
27 25 40
27 26 42
28 0 5
28 1 33
28 2 25
28 3 14
28 4 15
28 5 16
28 6 28
28 7 15
28 8 23
28 9 58
28 10 47
28 11 20
28 12 37
28 13 33
28 14 33
28 15 55
28 16 49
28 17 24
28 18 53
28 19 51
28 20 22
28 21 46
28 22 43
28 23 40
28 24 13
28 25 54
28 26 1
28 27 27
29 0 19
29 1 19
29 2 49
29 3 50
29 4 22
29 5 54
29 6 37
29 7 45
29 8 51
29 9 49
29 10 58
29 11 49
29 12 35
29 13 38
29 14 15
29 15 44
29 16 5
29 17 44
29 18 37
29 19 49
29 20 51
29 21 1
29 22 28
29 23 38
29 24 25
29 25 47
29 26 10
29 27 28
29 28 58
30 0 28
30 1 37
30 2 50
30 3 58
30 4 10
30 5 25
30 6 39
30 7 24
30 8 7
30 9 48
30 10 19
30 11 31
30 12 44
30 13 40
30 14 11
30 15 1
30 16 53
30 17 31
30 18 2
30 19 45
30 20 16
30 21 35
30 22 34
30 23 38
30 24 54
30 25 27
30 26 56
30 27 33
30 28 16
30 29 35
31 0 52
31 1 36
31 2 58
31 3 8
31 4 3
31 5 27
31 6 51
31 7 16
31 8 30
31 9 46
31 10 13
31 11 36
31 12 40
31 13 57
31 14 43
31 15 5
31 16 52
31 17 47
31 18 48
31 19 4
31 20 19
31 21 18
31 22 33
31 23 17
31 24 33
31 25 48
31 26 4
31 27 21
31 28 23
31 29 49
31 30 47
32 0 1
32 1 48
32 2 24
32 3 18
32 4 29
32 5 27
32 6 54
32 7 56
32 8 32
32 9 45
32 10 54
32 11 12
32 12 12
32 13 45
32 14 37
32 15 6
32 16 54
32 17 6
32 18 6
32 19 9
32 20 14
32 21 49
32 22 39
32 23 56
32 24 32
32 25 7
32 26 8
32 27 41
32 28 54
32 29 37
32 30 14
32 31 11
33 0 12
33 1 34
33 2 48
33 3 16
33 4 20
33 5 36
33 6 12
33 7 18
33 8 8
33 9 44
33 10 22
33 11 51
33 12 44
33 13 28
33 14 8
33 15 44
33 16 27
33 17 20
33 18 16
33 19 10
33 20 44
33 21 49
33 22 30
33 23 32
33 24 37
33 25 30
33 26 37
33 27 23
33 28 37
33 29 19
33 30 2
33 31 9
33 32 15
34 0 50
34 1 47
34 2 46
34 3 21
34 4 55
34 5 56
34 6 57
34 7 2
34 8 35
34 9 22
34 10 44
34 11 53
34 12 40
34 13 32
34 14 2
34 15 55
34 16 24
34 17 25
34 18 33
34 19 9
34 20 24
34 21 39
34 22 7
34 23 35
34 24 41
34 25 15
34 26 51
34 27 6
34 28 1
34 29 16
34 30 21
34 31 53
34 32 34
34 33 12
35 0 37
35 1 42
35 2 43
35 3 13
35 4 11
35 5 41
35 6 8
35 7 7
35 8 58
35 9 5
35 10 6
35 11 56
35 12 36
35 13 55
35 14 18
35 15 46
35 16 25
35 17 4
35 18 32
35 19 28
35 20 3
35 21 44
35 22 22
35 23 7
35 24 53
35 25 24
35 26 1
35 27 8
35 28 17
35 29 56
35 30 49
35 31 13
35 32 23
35 33 26
35 34 6
36 0 45
36 1 13
36 2 35
36 3 49
36 4 13
36 5 16
36 6 55
36 7 7
36 8 45
36 9 31
36 10 50
36 11 11
36 12 4
36 13 5
36 14 44
36 15 54
36 16 15
36 17 14
36 18 1
36 19 47
36 20 54
36 21 17
36 22 38
36 23 22
36 24 20
36 25 10
36 26 43
36 27 44
36 28 42
36 29 21
36 30 49
36 31 45
36 32 32
36 33 16
36 34 28
36 35 43
37 0 10
37 1 40
37 2 45
37 3 51
37 4 6
37 5 54
37 6 15
37 7 10
37 8 55
37 9 1
37 10 25
37 11 48
37 12 37
37 13 55
37 14 18
37 15 42
37 16 29
37 17 42
37 18 9
37 19 42
37 20 33
37 21 48
37 22 22
37 23 26
37 24 44
37 25 26
37 26 53
37 27 6
37 28 58
37 29 25
37 30 48
37 31 17
37 32 36
37 33 41
37 34 51
37 35 1
37 36 16
38 0 1
38 1 14
38 2 19
38 3 25
38 4 46
38 5 42
38 6 7
38 7 1
38 8 45
38 9 1
38 10 17
38 11 1
38 12 37
38 13 5
38 14 12
38 15 49
38 16 36
38 17 21
38 18 52
38 19 51
38 20 6
38 21 43
38 22 51
38 23 33
38 24 30
38 25 16
38 26 18
38 27 53
38 28 4
38 29 4
38 30 38
38 31 9
38 32 3
38 33 58
38 34 30
38 35 13
38 36 56
38 37 3
39 0 3
39 1 57
39 2 31
39 3 24
39 4 56
39 5 29
39 6 15
39 7 39
39 8 23
39 9 56
39 10 22
39 11 50
39 12 51
39 13 34
39 14 11
39 15 53
39 16 21
39 17 5
39 18 3
39 19 58
39 20 50
39 21 23
39 22 35
39 23 53
39 24 15
39 25 34
39 26 8
39 27 2
39 28 23
39 29 12
39 30 55
39 31 58
39 32 16
39 33 39
39 34 7
39 35 54
39 36 24
39 37 16
39 38 19
40 0 44
40 1 9
40 2 53
40 3 15
40 4 8
40 5 48
40 6 42
40 7 54
40 8 53
40 9 1
40 10 6
40 11 6
40 12 9
40 13 11
40 14 52
40 15 16
40 16 18
40 17 36
40 18 44
40 19 14
40 20 42
40 21 11
40 22 47
40 23 56
40 24 47
40 25 39
40 26 12
40 27 31
40 28 44
40 29 23
40 30 15
40 31 11
40 32 7
40 33 36
40 34 15
40 35 39
40 36 57
40 37 47
40 38 54
40 39 44
41 0 31
41 1 35
41 2 23
41 3 14
41 4 15
41 5 35
41 6 5
41 7 57
41 8 47
41 9 39
41 10 40
41 11 55
41 12 36
41 13 42
41 14 25
41 15 54
41 16 41
41 17 15
41 18 5
41 19 37
41 20 5
41 21 43
41 22 27
41 23 32
41 24 52
41 25 3
41 26 29
41 27 12
41 28 4
41 29 20
41 30 54
41 31 17
41 32 18
41 33 55
41 34 17
41 35 23
41 36 31
41 37 21
41 38 51
41 39 30
41 40 57
42 0 26
42 1 31
42 2 32
42 3 52
42 4 15
42 5 47
42 6 21
42 7 21
42 8 9
42 9 35
42 10 11
42 11 35
42 12 9
42 13 20
42 14 28
42 15 58
42 16 42
42 17 34
42 18 30
42 19 25
42 20 23
42 21 5
42 22 10
42 23 52
42 24 52
42 25 10
42 26 48
42 27 27
42 28 37
42 29 52
42 30 24
42 31 54
42 32 57
42 33 6
42 34 47
42 35 44
42 36 24
42 37 27
42 38 16
42 39 13
42 40 25
42 41 14
43 0 37
43 1 50
43 2 13
43 3 15
43 4 15
43 5 31
43 6 52
43 7 14
43 8 13
43 9 47
43 10 14
43 11 40
43 12 1
43 13 25
43 14 13
43 15 42
43 16 57
43 17 3
43 18 22
43 19 47
43 20 54
43 21 35
43 22 12
43 23 8
43 24 53
43 25 49
43 26 3
43 27 5
43 28 7
43 29 2
43 30 4
43 31 5
43 32 9
43 33 41
43 34 14
43 35 46
43 36 20
43 37 11
43 38 37
43 39 23
43 40 47
43 41 6
43 42 19
44 0 25
44 1 20
44 2 2
44 3 32
44 4 30
44 5 24
44 6 18
44 7 14
44 8 44
44 9 54
44 10 15
44 11 50
44 12 49
44 13 23
44 14 38
44 15 14
44 16 56
44 17 38
44 18 7
44 19 45
44 20 15
44 21 23
44 22 38
44 23 10
44 24 15
44 25 12
44 26 35
44 27 49
44 28 33
44 29 34
44 30 41
44 31 17
44 32 45
44 33 23
44 34 9
44 35 13
44 36 17
44 37 39
44 38 38
44 39 26
44 40 47
44 41 44
44 42 49
44 43 24
45 0 11
45 1 2
45 2 52
45 3 7
45 4 20
45 5 50
45 6 53
45 7 58
45 8 14
45 9 33
45 10 20
45 11 32
45 12 3
45 13 17
45 14 50
45 15 2
45 16 20
45 17 31
45 18 58
45 19 43
45 20 23
45 21 6
45 22 58
45 23 14
45 24 25
45 25 15
45 26 16
45 27 45
45 28 16
45 29 9
45 30 22
45 31 53
45 32 24
45 33 44
45 34 53
45 35 46
45 36 53
45 37 51
45 38 13
45 39 45
45 40 22
45 41 9
45 42 53
45 43 18
45 44 3
46 0 52
46 1 48
46 2 17
46 3 39
46 4 13
46 5 42
46 6 15
46 7 31
46 8 1
46 9 53
46 10 7
46 11 19
46 12 27
46 13 34
46 14 22
46 15 12
46 16 12
46 17 25
46 18 57
46 19 21
46 20 29
46 21 11
46 22 16
46 23 6
46 24 51
46 25 46
46 26 36
46 27 13
46 28 58
46 29 23
46 30 47
46 31 3
46 32 5
46 33 34
46 34 12
46 35 21
46 36 42
46 37 21
46 38 15
46 39 28
46 40 10
46 41 47
46 42 51
46 43 47
46 44 20
46 45 35
47 0 43
47 1 44
47 2 12
47 3 26
47 4 37
47 5 51
47 6 13
47 7 33
47 8 20
47 9 35
47 10 55
47 11 32
47 12 27
47 13 57
47 14 6
47 15 7
47 16 37
47 17 8
47 18 35
47 19 47
47 20 43
47 21 26
47 22 33
47 23 31
47 24 53
47 25 51
47 26 56
47 27 33
47 28 50
47 29 30
47 30 33
47 31 21
47 32 33
47 33 32
47 34 32
47 35 13
47 36 16
47 37 16
47 38 42
47 39 48
47 40 30
47 41 40
47 42 5
47 43 11
47 44 35
47 45 51
47 46 30
48 0 11
48 1 36
48 2 7
48 3 44
48 4 15
48 5 10
48 6 37
48 7 32
48 8 29
48 9 1
48 10 14
48 11 8
48 12 26
48 13 42
48 14 22
48 15 20
48 16 19
48 17 42
48 18 10
48 19 41
48 20 14
48 21 29
48 22 42
48 23 31
48 24 1
48 25 53
48 26 39
48 27 56
48 28 23
48 29 27
48 30 34
48 31 21
48 32 46
48 33 35
48 34 54
48 35 21
48 36 2
48 37 54
48 38 36
48 39 41
48 40 25
48 41 57
48 42 17
48 43 37
48 44 27
48 45 14
48 46 54
48 47 23
49 0 46
49 1 4
49 2 30
49 3 3
49 4 9
49 5 6
49 6 35
49 7 52
49 8 48
49 9 9
49 10 15
49 11 1
49 12 21
49 13 41
49 14 37
49 15 36
49 16 39
49 17 27
49 18 3
49 19 36
49 20 8
49 21 34
49 22 35
49 23 12
49 24 55
49 25 37
49 26 20
49 27 30
49 28 50
49 29 18
49 30 46
49 31 41
49 32 16
49 33 26
49 34 12
49 35 48
49 36 7
49 37 51
49 38 58
49 39 39
49 40 6
49 41 17
49 42 2
49 43 11
49 44 11
49 45 54
49 46 47
49 47 4
49 48 28
50 0 56
50 1 50
50 2 58
50 3 45
50 4 41
50 5 36
50 6 15
50 7 23
50 8 13
50 9 47
50 10 51
50 11 25
50 12 47
50 13 1
50 14 33
50 15 56
50 16 31
50 17 2
50 18 58
50 19 16
50 20 37
50 21 1
50 22 8
50 23 7
50 24 40
50 25 46
50 26 53
50 27 16
50 28 43
50 29 33
50 30 15
50 31 15
50 32 39
50 33 6
50 34 14
50 35 47
50 36 47
50 37 56
50 38 1
50 39 22
50 40 13
50 41 28
50 42 42
50 43 57
50 44 30
50 45 32
50 46 28
50 47 4
50 48 43
50 49 16
51 0 13
51 1 4
51 2 3
51 3 14
51 4 58
51 5 5
51 6 56
51 7 55
51 8 58
51 9 39
51 10 33
51 11 25
51 12 17
51 13 45
51 14 50
51 15 14
51 16 7
51 17 10
51 18 10
51 19 37
51 20 27
51 21 4
51 22 20
51 23 3
51 24 53
51 25 43
51 26 56
51 27 35
51 28 55
51 29 16
51 30 12
51 31 11
51 32 40
51 33 42
51 34 31
51 35 10
51 36 18
51 37 30
51 38 51
51 39 3
51 40 35
51 41 35
51 42 33
51 43 23
51 44 49
51 45 56
51 46 26
51 47 54
51 48 27
51 49 14
51 50 50
