54
2 1 4
3 0 5
3 1 1
3 2 1
4 0 2
4 1 5
4 3 2
5 0 3
6 0 1
6 3 1
6 4 2
6 5 5
7 0 3
8 0 3
8 1 3
8 3 4
8 5 3
8 6 3
9 1 1
9 2 5
9 8 3
10 0 5
10 5 4
10 8 3
11 0 4
11 2 1
11 3 1
11 4 3
11 7 2
11 9 5
11 10 5
12 2 5
12 4 2
12 8 2
12 9 1
12 11 4
13 0 3
13 1 2
13 2 2
13 9 3
14 0 2
14 3 4
14 4 2
14 6 2
14 8 4
14 10 1
14 12 2
14 13 3
15 1 1
15 2 4
15 8 1
15 10 2
15 12 5
15 13 4
16 1 1
16 3 1
16 4 2
16 8 3
16 9 1
16 10 1
16 11 3
16 13 2
16 14 1
16 15 3
17 0 1
17 1 3
17 2 5
17 3 4
17 6 1
17 7 2
17 9 3
17 10 3
17 11 3
17 13 1
17 16 1
18 0 3
18 2 4
18 3 5
18 4 3
18 5 3
18 8 5
18 9 1
18 10 1
18 12 4
18 13 2
18 15 5
18 16 3
18 17 2
19 5 4
19 6 1
19 7 2
19 9 4
19 10 2
19 11 4
19 12 3
19 15 1
19 16 3
20 1 3
20 2 3
20 3 3
20 5 2
20 6 4
20 10 2
20 12 1
20 16 3
20 17 1
20 18 4
20 19 3
21 2 3
21 11 2
21 12 1
21 13 4
21 14 3
21 16 1
22 0 3
22 1 3
22 2 2
22 4 1
22 5 4
22 6 1
22 8 3
22 11 5
22 12 2
22 13 1
22 14 3
22 16 2
22 17 5
22 18 3
23 0 3
23 2 5
23 3 4
23 5 3
23 7 4
23 9 2
23 10 2
23 11 4
23 12 4
23 13 2
23 15 4
23 16 1
23 17 3
23 19 3
23 20 2
23 22 5
24 1 3
24 2 4
24 3 2
24 4 3
24 6 3
24 7 2
24 10 4
24 13 1
24 15 2
24 16 2
24 17 1
24 18 2
24 20 3
24 23 2
25 3 2
25 4 4
25 9 1
25 10 4
25 11 4
25 13 2
25 14 3
25 15 5
25 19 5
25 23 3
25 24 5
26 0 2
26 2 2
26 4 4
26 7 1
26 9 1
26 11 4
26 12 2
26 13 2
26 14 1
26 16 4
26 18 1
26 20 4
26 23 1
26 24 4
27 0 2
27 3 2
27 4 2
27 5 2
27 7 5
27 11 2
27 14 4
27 16 4
27 19 2
27 20 4
27 21 4
27 23 3
27 26 1
28 2 3
28 3 1
28 5 5
28 6 2
28 7 5
28 8 1
28 10 5
28 11 1
28 14 2
28 15 3
28 18 2
28 19 5
28 23 4
28 24 2
28 26 4
28 27 1
29 0 1
29 1 4
29 2 1
29 3 4
29 5 1
29 6 1
29 7 1
29 8 4
29 11 2
29 16 3
29 17 1
29 20 5
29 21 1
29 22 3
29 24 2
29 27 5
29 28 4
30 0 3
30 2 3
30 3 3
30 7 4
30 10 1
30 11 4
30 12 2
30 17 3
30 18 5
30 19 4
30 21 3
30 22 5
30 24 1
30 25 2
30 27 3
31 0 5
31 2 4
31 5 4
31 8 4
31 10 5
31 12 1
31 15 4
31 16 3
31 18 5
31 21 1
31 22 4
31 23 1
31 24 3
31 25 5
31 26 3
31 27 1
31 29 5
32 0 4
32 2 3
32 3 1
32 4 5
32 7 2
32 8 2
32 9 1
32 10 4
32 11 3
32 12 4
32 13 1
32 14 2
32 16 2
32 17 1
32 18 4
32 19 5
32 20 5
32 21 5
32 22 2
32 23 5
32 24 3
32 25 3
32 27 1
32 29 5
32 30 1
32 31 1
33 2 3
33 3 2
33 8 2
33 10 1
33 12 1
33 13 3
33 14 2
33 16 4
33 19 5
33 21 1
33 24 2
33 26 4
33 27 4
33 28 4
33 29 4
33 32 2
34 2 2
34 5 5
34 11 5
34 12 3
34 13 2
34 14 5
34 18 1
34 19 5
34 21 1
34 22 4
34 26 4
34 27 4
34 29 1
34 30 4
34 32 5
35 1 3
35 3 1
35 4 3
35 5 1
35 6 3
35 9 3
35 10 2
35 11 3
35 12 2
35 14 4
35 17 5
35 18 2
35 20 5
35 22 4
35 23 2
35 24 4
35 25 2
35 26 5
35 32 1
36 3 1
36 10 4
36 12 2
36 14 5
36 16 5
36 17 3
36 19 5
36 21 5
36 22 3
36 33 3
36 35 4
37 0 3
37 1 1
37 3 1
37 4 5
37 5 2
37 9 2
37 10 1
37 12 5
37 15 2
37 18 3
37 21 2
37 22 1
37 23 3
37 30 1
37 34 3
37 36 1
38 0 5
38 1 3
38 2 2
38 3 3
38 4 3
38 5 5
38 6 1
38 7 4
38 8 3
38 9 5
38 10 5
38 11 3
38 14 3
38 15 4
38 17 1
38 18 4
38 20 4
38 25 2
38 27 1
38 29 3
38 30 1
38 31 3
38 32 3
38 33 2
38 35 4
38 36 5
39 2 3
39 3 2
39 4 3
39 5 4
39 6 1
39 8 5
39 12 1
39 13 1
39 14 3
39 15 3
39 16 1
39 20 1
39 21 4
39 23 4
39 24 5
39 25 4
39 27 5
39 28 4
39 32 5
39 36 3
39 38 4
40 4 3
40 6 5
40 7 2
40 8 1
40 10 5
40 12 5
40 16 1
40 24 5
40 25 1
40 28 4
40 32 2
40 33 2
40 36 5
40 37 3
40 38 4
40 39 5
41 2 2
41 3 1
41 4 2
41 6 3
41 9 4
41 15 1
41 17 4
41 18 4
41 19 5
41 20 1
41 22 1
41 24 1
41 28 2
41 29 2
41 30 3
41 31 2
41 32 2
41 34 3
41 35 3
41 36 2
41 38 4
42 0 3
42 3 1
42 4 5
42 5 5
42 6 2
42 7 2
42 8 2
42 11 5
42 12 2
42 13 1
42 14 4
42 15 4
42 16 2
42 19 2
42 20 5
42 21 2
42 22 5
42 23 1
42 26 1
42 27 2
42 32 2
42 33 2
42 34 4
42 35 3
42 37 1
42 38 5
42 39 2
42 41 4
43 1 3
43 4 3
43 9 1
43 11 1
43 12 1
43 16 5
43 17 1
43 18 3
43 19 1
43 21 4
43 24 2
43 28 5
43 31 1
43 34 4
43 35 3
43 36 5
43 37 4
43 38 3
43 42 5
44 4 2
44 5 2
44 6 3
44 7 3
44 10 3
44 11 3
44 12 1
44 14 1
44 15 1
44 16 1
44 18 3
44 19 1
44 20 1
44 21 1
44 25 3
44 26 1
44 27 2
44 32 3
44 34 3
44 36 4
44 38 1
44 39 5
44 40 4
45 0 4
45 1 1
45 2 4
45 3 1
45 5 4
45 6 5
45 7 2
45 11 3
45 12 5
45 14 2
45 15 5
45 21 1
45 25 5
45 27 1
45 30 4
45 32 2
45 34 3
45 41 2
46 10 1
46 11 1
46 13 2
46 14 1
46 15 5
46 19 5
46 20 1
46 21 3
46 22 3
46 23 1
46 24 3
46 26 3
46 27 3
46 29 1
46 31 1
46 38 4
46 40 5
46 42 3
46 43 2
46 45 1
47 0 3
47 1 5
47 2 2
47 4 2
47 6 3
47 7 4
47 8 3
47 10 4
47 11 2
47 12 3
47 15 5
47 16 5
47 20 2
47 21 4
47 22 4
47 24 5
47 25 1
47 29 1
47 30 4
47 35 2
47 36 2
47 41 5
47 46 5
48 4 2
48 6 1
48 9 5
48 11 4
48 12 2
48 13 2
48 15 3
48 18 4
48 20 2
48 21 3
48 22 5
48 23 3
48 27 3
48 28 1
48 31 4
48 32 5
48 33 2
48 34 1
48 38 5
48 40 1
48 41 3
48 44 4
48 45 5
48 46 1
49 1 3
49 2 3
49 3 1
49 4 3
49 5 2
49 8 3
49 9 4
49 11 3
49 12 5
49 15 4
49 16 5
49 18 2
49 20 2
49 22 3
49 25 5
49 32 3
49 34 3
49 35 1
49 37 1
49 38 1
49 40 4
49 41 2
49 42 5
49 43 1
49 45 3
49 46 4
49 47 4
49 48 5
50 1 3
50 2 1
50 4 2
50 5 1
50 6 4
50 7 3
50 9 1
50 11 3
50 12 1
50 13 3
50 15 4
50 16 5
50 18 2
50 19 4
50 21 4
50 23 5
50 24 2
50 32 5
50 38 5
50 39 5
50 41 2
50 42 4
50 43 3
50 45 2
50 47 1
51 2 5
51 6 2
51 7 5
51 8 3
51 9 5
51 10 4
51 12 4
51 14 3
51 18 3
51 19 3
51 20 2
51 21 1
51 23 1
51 25 1
51 30 4
51 31 1
51 36 2
51 40 5
51 43 5
51 46 1
51 49 5
52 1 3
52 3 3
52 4 5
52 5 1
52 7 5
52 10 4
52 12 3
52 13 2
52 15 1
52 16 1
52 17 5
52 18 5
52 19 4
52 20 4
52 22 5
52 23 2
52 26 5
52 28 2
52 30 5
52 31 3
52 33 1
52 34 4
52 35 2
52 36 3
52 37 2
52 39 5
52 40 1
52 41 2
52 42 5
52 44 4
52 45 3
52 46 4
53 0 3
53 1 1
53 4 2
53 6 3
53 7 2
53 11 3
53 14 3
53 15 2
53 24 3
53 25 2
53 29 4
53 30 4
53 31 1
53 33 1
53 34 3
53 36 4
53 39 3
53 41 1
53 42 2
53 44 3
53 49 3
53 50 3
53 52 2
