27
1 0 3
2 0 5
2 1 38
3 0 29
3 1 8
3 2 5
4 0 15
4 1 20
4 2 23
4 3 13
5 0 18
5 1 8
5 2 38
5 3 22
5 4 16
6 0 42
6 1 38
6 2 36
6 3 45
6 4 10
6 5 31
7 0 5
7 1 6
7 2 19
7 3 18
7 4 35
7 5 32
7 6 4
8 0 6
8 1 24
8 2 4
8 3 15
8 4 26
8 5 23
8 6 6
8 7 1
9 0 15
9 1 44
9 2 41
9 3 38
9 4 2
9 5 42
9 6 9
9 7 18
9 8 7
10 0 3
10 1 22
10 2 36
10 3 5
10 4 23
10 5 23
10 6 24
10 7 22
10 8 11
10 9 43
11 0 24
11 1 17
11 2 16
11 3 39
11 4 31
11 5 3
11 6 23
11 7 34
11 8 12
11 9 36
11 10 41
12 0 17
12 1 41
12 2 1
12 3 7
12 4 42
12 5 16
12 6 33
12 7 25
12 8 37
12 9 37
12 10 24
12 11 26
13 0 27
13 1 41
13 2 24
13 3 41
13 4 20
13 5 14
13 6 19
13 7 45
13 8 15
13 9 26
13 10 4
13 11 7
13 12 1
14 0 10
14 1 38
14 2 27
14 3 45
14 4 19
14 5 42
14 6 44
14 7 26
14 8 2
14 9 41
14 10 15
14 11 17
14 12 9
14 13 14
15 0 21
15 1 3
15 2 16
15 3 15
15 4 5
15 5 7
15 6 25
15 7 34
15 8 29
15 9 40
15 10 17
15 11 4
15 12 37
15 13 43
15 14 32
16 0 34
16 1 5
16 2 16
16 3 22
16 4 2
16 5 26
16 6 25
16 7 1
16 8 32
16 9 7
16 10 42
16 11 17
16 12 29
16 13 44
16 14 3
16 15 45
17 0 8
17 1 2
17 2 20
17 3 31
17 4 27
17 5 20
17 6 22
17 7 20
17 8 15
17 9 34
17 10 6
17 11 44
17 12 20
17 13 23
17 14 10
17 15 28
17 16 32
18 0 38
18 1 29
18 2 7
18 3 17
18 4 21
18 5 34
18 6 38
18 7 9
18 8 41
18 9 30
18 10 20
18 11 33
18 12 28
18 13 19
18 14 5
18 15 13
18 16 2
18 17 40
19 0 28
19 1 39
19 2 8
19 3 21
19 4 2
19 5 22
19 6 43
19 7 15
19 8 42
19 9 30
19 10 30
19 11 1
19 12 37
19 13 8
19 14 1
19 15 42
19 16 9
19 17 17
19 18 35
20 0 17
20 1 27
20 2 25
20 3 45
20 4 37
20 5 22
20 6 7
20 7 5
20 8 11
20 9 35
20 10 39
20 11 37
20 12 27
20 13 14
20 14 40
20 15 4
20 16 12
20 17 38
20 18 45
20 19 41
21 0 14
21 1 3
21 2 37
21 3 34
21 4 25
21 5 42
21 6 4
21 7 24
21 8 23
21 9 2
21 10 12
21 11 40
21 12 23
21 13 7
21 14 35
21 15 36
21 16 1
21 17 43
21 18 14
21 19 45
21 20 25
22 0 24
22 1 10
22 2 30
22 3 37
22 4 27
22 5 25
22 6 20
22 7 9
22 8 29
22 9 37
22 10 24
22 11 18
22 12 18
22 13 34
22 14 27
22 15 2
22 16 42
22 17 38
22 18 40
22 19 22
22 20 44
22 21 32
23 0 11
23 1 7
23 2 37
23 3 26
23 4 27
23 5 11
23 6 24
23 7 31
23 8 29
23 9 13
23 10 19
23 11 23
23 12 3
23 13 25
23 14 9
23 15 21
23 16 8
23 17 22
23 18 38
23 19 2
23 20 10
23 21 8
23 22 20
24 0 39
24 1 26
24 2 28
24 3 22
24 4 1
24 5 17
24 6 34
24 7 14
24 8 24
24 9 30
24 10 9
24 11 30
24 12 1
24 13 33
24 14 25
24 15 27
24 16 31
24 17 32
24 18 8
24 19 12
24 20 23
24 21 42
24 22 19
24 23 4
25 0 41
25 1 13
25 2 3
25 3 33
25 4 23
25 5 8
25 6 12
25 7 22
25 8 34
25 9 38
25 10 45
25 11 8
25 12 12
25 13 19
25 14 28
25 15 31
25 16 28
25 17 26
25 18 45
25 19 33
25 20 21
25 21 5
25 22 2
25 23 22
25 24 20
26 0 10
26 1 17
26 2 44
26 3 18
26 4 2
26 5 19
26 6 32
26 7 24
26 8 2
26 9 13
26 10 33
26 11 32
26 12 33
26 13 1
26 14 43
26 15 8
26 16 31
26 17 15
26 18 38
26 19 2
26 20 38
26 21 30
26 22 19
26 23 27
26 24 20
26 25 18
