19
2 1 3
4 1 1
4 3 6
5 1 3
6 0 3
6 1 5
6 2 4
6 3 4
6 5 5
7 0 2
7 2 6
7 3 4
7 5 1
7 6 6
8 0 5
8 2 3
8 3 4
8 5 4
9 0 5
9 4 5
9 5 3
9 6 1
9 7 1
9 8 1
10 0 1
10 6 5
10 7 1
10 8 5
11 2 5
11 3 5
11 4 6
11 5 4
11 6 4
12 4 1
12 6 2
12 7 4
12 10 3
13 0 5
13 1 3
13 4 5
13 5 5
13 6 2
13 10 4
13 11 4
14 0 2
14 3 1
14 4 1
14 5 4
14 6 3
14 13 4
15 1 1
15 3 6
15 11 4
15 12 6
15 14 4
16 0 1
16 1 3
16 5 4
16 6 1
16 7 4
16 8 1
16 10 3
16 12 4
16 15 4
17 2 6
17 4 4
17 7 2
17 8 4
17 9 2
17 11 1
17 15 3
18 0 4
18 3 2
18 6 2
18 8 4
18 11 1
18 14 6
18 15 5
