34
1 0 40
3 0 47
3 1 39
3 2 46
4 1 10
5 1 12
6 0 12
6 1 50
6 2 44
6 3 4
6 4 35
6 5 35
7 1 3
7 2 14
7 5 32
8 5 2
8 6 9
9 0 20
9 1 15
9 4 21
9 7 48
10 0 7
10 4 33
10 6 28
10 7 7
10 8 1
11 0 14
11 1 7
11 3 22
11 4 6
11 9 38
12 0 2
12 2 30
12 3 41
12 8 49
12 10 22
13 1 24
13 3 17
13 4 32
13 5 17
13 6 51
13 7 10
13 8 8
13 10 34
13 11 3
13 12 27
14 3 8
14 4 28
14 6 17
14 8 1
14 9 21
14 10 23
14 12 19
15 1 13
15 2 8
15 3 30
15 6 18
15 7 22
15 9 17
15 13 1
15 14 27
16 0 21
16 1 32
16 4 48
16 8 43
16 9 41
16 10 21
16 11 46
16 13 25
16 15 15
17 0 50
17 1 4
17 4 22
17 6 7
17 7 34
17 8 12
17 9 10
17 13 13
17 15 2
18 0 12
18 6 4
18 7 49
18 9 38
18 10 45
18 13 8
18 15 16
19 1 5
19 10 41
19 11 41
19 13 1
19 16 4
19 17 4
20 1 24
20 9 8
20 11 1
20 12 25
20 13 30
20 18 47
20 19 38
21 1 43
21 5 2
21 9 11
21 11 48
21 12 6
21 15 45
21 17 40
21 19 37
21 20 9
22 2 7
22 3 11
22 4 12
22 7 33
22 9 44
22 11 12
22 12 9
22 13 46
22 14 38
22 15 44
22 17 20
22 18 16
22 21 51
23 0 18
23 1 39
23 5 9
23 6 36
23 7 13
23 8 40
23 9 42
23 11 45
23 13 8
23 14 13
23 15 14
23 16 27
23 17 45
23 19 38
23 22 2
24 0 20
24 1 27
24 2 24
24 3 52
24 5 43
24 6 10
24 7 22
24 10 44
24 11 9
24 12 50
24 13 15
24 16 35
24 17 6
24 18 2
24 20 24
24 22 2
24 23 7
25 0 51
25 2 22
25 4 32
25 6 22
25 8 50
25 10 11
25 11 14
25 12 24
25 13 2
25 15 47
25 16 13
25 19 16
25 21 9
25 22 28
26 0 16
26 3 46
26 6 52
26 7 50
26 8 52
26 11 39
26 13 13
26 15 26
26 17 3
26 19 36
26 21 44
26 22 24
26 24 26
26 25 4
27 1 43
27 2 27
27 4 25
27 6 37
27 10 3
27 11 52
27 12 35
27 13 30
27 20 11
27 25 48
28 1 52
28 2 47
28 3 46
28 4 52
28 5 29
28 6 12
28 9 26
28 13 36
28 14 16
28 16 51
28 17 52
28 18 41
28 19 37
28 20 5
28 21 3
28 23 16
28 24 23
28 25 40
29 1 18
29 2 25
29 4 11
29 5 10
29 7 18
29 11 17
29 13 20
29 14 32
29 19 28
29 24 51
29 25 6
29 26 19
30 1 7
30 2 32
30 3 42
30 5 31
30 10 48
30 12 14
30 13 37
30 17 33
30 20 27
30 22 33
30 24 10
30 26 43
30 27 22
30 29 50
31 2 27
31 3 23
31 4 33
31 9 43
31 11 26
31 14 36
31 15 42
31 16 47
31 17 3
31 19 48
31 20 9
31 24 29
31 26 13
31 27 20
31 28 1
31 29 17
31 30 49
32 1 45
32 2 4
32 4 35
32 5 28
32 6 50
32 7 19
32 9 19
32 11 52
32 13 28
32 14 52
32 19 3
32 20 2
32 21 10
32 22 26
32 23 1
32 25 46
32 26 24
32 29 21
32 30 38
33 3 43
33 5 39
33 7 32
33 9 21
33 13 26
33 14 23
33 16 40
33 17 1
33 20 24
33 23 4
33 24 37
33 26 32
33 27 9
33 29 51
33 31 47
33 32 51
