32
1 0 19
2 0 46
2 1 49
3 0 10
3 1 23
3 2 22
4 0 35
4 1 36
4 2 24
4 3 32
5 0 35
5 1 27
5 2 4
5 3 37
5 4 9
6 0 36
6 1 2
6 2 2
6 3 37
6 4 22
6 5 35
7 0 35
7 1 38
7 2 47
7 3 18
7 4 56
7 5 29
7 6 28
8 0 12
8 1 10
8 2 36
8 3 30
8 4 18
8 5 19
8 6 8
8 7 2
9 0 44
9 1 2
9 2 36
9 3 34
9 4 27
9 5 54
9 6 28
9 7 35
9 8 28
10 0 30
10 1 43
10 2 23
10 3 11
10 4 6
10 5 14
10 6 26
10 7 13
10 8 42
10 9 14
11 0 12
11 1 32
11 2 4
11 3 9
11 4 17
11 5 8
11 6 52
11 7 55
11 8 3
11 9 22
11 10 39
12 0 14
12 1 53
12 2 48
12 3 5
12 4 10
12 5 41
12 6 12
12 7 47
12 8 44
12 9 10
12 10 42
12 11 49
13 0 11
13 1 15
13 2 45
13 3 58
13 4 6
13 5 48
13 6 13
13 7 30
13 8 9
13 9 54
13 10 17
13 11 51
13 12 12
14 0 46
14 1 52
14 2 21
14 3 47
14 4 17
14 5 13
14 6 43
14 7 10
14 8 11
14 9 25
14 10 16
14 11 26
14 12 46
14 13 5
15 0 55
15 1 15
15 2 44
15 3 41
15 4 26
15 5 39
15 6 49
15 7 26
15 8 31
15 9 2
15 10 15
15 11 36
15 12 32
15 13 30
15 14 51
16 0 1
16 1 31
16 2 4
16 3 3
16 4 55
16 5 50
16 6 20
16 7 14
16 8 13
16 9 34
16 10 37
16 11 36
16 12 5
16 13 52
16 14 57
16 15 4
17 0 26
17 1 12
17 2 57
17 3 33
17 4 45
17 5 3
17 6 46
17 7 45
17 8 57
17 9 26
17 10 38
17 11 15
17 12 37
17 13 43
17 14 48
17 15 41
17 16 43
18 0 2
18 1 26
18 2 1
18 3 43
18 4 26
18 5 6
18 6 20
18 7 24
18 8 4
18 9 11
18 10 6
18 11 2
18 12 21
18 13 48
18 14 44
18 15 39
18 16 12
18 17 20
19 0 58
19 1 47
19 2 54
19 3 38
19 4 24
19 5 31
19 6 9
19 7 30
19 8 41
19 9 50
19 10 55
19 11 12
19 12 23
19 13 58
19 14 57
19 15 29
19 16 16
19 17 51
19 18 33
20 0 18
20 1 3
20 2 48
20 3 34
20 4 23
20 5 14
20 6 27
20 7 54
20 8 37
20 9 45
20 10 20
20 11 52
20 12 20
20 13 24
20 14 22
20 15 36
20 16 5
20 17 27
20 18 43
20 19 22
21 0 15
21 1 36
21 2 21
21 3 40
21 4 26
21 5 1
21 6 12
21 7 11
21 8 3
21 9 35
21 10 13
21 11 43
21 12 54
21 13 30
21 14 27
21 15 36
21 16 58
21 17 2
21 18 37
21 19 19
21 20 56
22 0 27
22 1 23
22 2 22
22 3 38
22 4 42
22 5 56
22 6 30
22 7 44
22 8 40
22 9 50
22 10 49
22 11 43
22 12 39
22 13 51
22 14 48
22 15 17
22 16 16
22 17 36
22 18 20
22 19 39
22 20 39
22 21 9
23 0 10
23 1 50
23 2 13
23 3 37
23 4 29
23 5 3
23 6 34
23 7 5
23 8 22
23 9 14
23 10 7
23 11 17
23 12 22
23 13 47
23 14 1
23 15 4
23 16 33
23 17 21
23 18 28
23 19 55
23 20 49
23 21 15
23 22 57
24 0 58
24 1 6
24 2 28
24 3 13
24 4 37
24 5 40
24 6 54
24 7 42
24 8 34
24 9 27
24 10 6
24 11 38
24 12 57
24 13 55
24 14 7
24 15 37
24 16 39
24 17 43
24 18 4
24 19 40
24 20 7
24 21 2
24 22 21
24 23 19
25 0 22
25 1 55
25 2 41
25 3 35
25 4 3
25 5 58
25 6 38
25 7 38
25 8 13
25 9 54
25 10 1
25 11 55
25 12 53
25 13 38
25 14 24
25 15 11
25 16 14
25 17 13
25 18 51
25 19 1
25 20 40
25 21 50
25 22 21
25 23 21
25 24 50
26 0 27
26 1 20
26 2 30
26 3 48
26 4 29
26 5 4
26 6 9
26 7 52
26 8 36
26 9 56
26 10 46
26 11 16
26 12 49
26 13 28
26 14 32
26 15 13
26 16 56
26 17 12
26 18 7
26 19 25
26 20 31
26 21 2
26 22 21
26 23 44
26 24 44
26 25 47
27 0 43
27 1 36
27 2 48
27 3 43
27 4 54
27 5 49
27 6 41
27 7 22
27 8 50
27 9 20
27 10 34
27 11 57
27 12 15
27 13 9
27 14 7
27 15 45
27 16 24
27 17 2
27 18 29
27 19 9
27 20 49
27 21 57
27 22 46
27 23 52
27 24 46
27 25 47
27 26 6
28 0 4
28 1 2
28 2 47
28 3 42
28 4 6
28 5 18
28 6 29
28 7 53
28 8 11
28 9 11
28 10 37
28 11 24
28 12 4
28 13 39
28 14 40
28 15 26
28 16 38
28 17 9
28 18 20
28 19 7
28 20 24
28 21 10
28 22 9
28 23 20
28 24 8
28 25 41
28 26 50
28 27 34
29 0 35
29 1 55
29 2 20
29 3 18
29 4 22
29 5 12
29 6 20
29 7 42
29 8 36
29 9 45
29 10 3
29 11 15
29 12 43
29 13 19
29 14 16
29 15 52
29 16 5
29 17 7
29 18 12
29 19 16
29 20 18
29 21 55
29 22 26
29 23 8
29 24 54
29 25 41
29 26 3
29 27 39
29 28 4
30 0 58
30 1 50
30 2 43
30 3 38
30 4 11
30 5 11
30 6 53
30 7 32
30 8 40
30 9 41
30 10 3
30 11 9
30 12 31
30 13 8
30 14 41
30 15 39
30 16 31
30 17 58
30 18 33
30 19 57
30 20 24
30 21 39
30 22 49
30 23 54
30 24 49
30 25 23
30 26 7
30 27 19
30 28 15
30 29 48
31 0 19
31 1 53
31 2 53
31 3 43
31 4 33
31 5 23
31 6 23
31 7 31
31 8 10
31 9 3
31 10 45
31 11 44
31 12 17
31 13 28
31 14 51
31 15 55
31 16 28
31 17 39
31 18 38
31 19 22
31 20 30
31 21 23
31 22 18
31 23 30
31 24 14
31 25 29
31 26 50
31 27 17
31 28 13
31 29 42
31 30 21
