50
1 0 8
2 0 2
2 1 2
3 0 8
3 1 6
3 2 5
4 0 2
4 1 3
4 2 11
4 3 6
5 0 3
5 1 5
5 2 8
5 3 1
5 4 8
6 0 6
6 1 4
6 2 8
6 3 7
6 4 9
6 5 10
7 0 4
7 1 5
7 2 9
7 3 4
7 4 11
7 5 7
7 6 10
8 0 7
8 1 7
8 2 10
8 3 5
8 4 11
8 5 5
8 6 1
8 7 3
9 0 11
9 1 5
9 2 3
9 3 3
9 4 5
9 5 4
9 6 5
9 7 1
9 8 5
10 0 2
10 1 1
10 2 8
10 3 3
10 4 4
10 5 1
10 6 7
10 7 8
10 8 6
10 9 4
11 0 8
11 1 9
11 2 11
11 3 11
11 4 2
11 5 5
11 6 5
11 7 6
11 8 7
11 9 10
11 10 5
12 0 1
12 1 9
12 2 5
12 3 6
12 4 9
12 5 2
12 6 3
12 7 9
12 8 4
12 9 9
12 10 10
12 11 11
13 0 3
13 1 6
13 2 5
13 3 5
13 4 9
13 5 3
13 6 4
13 7 6
13 8 2
13 9 10
13 10 4
13 11 5
13 12 1
14 0 6
14 1 10
14 2 8
14 3 2
14 4 11
14 5 2
14 6 4
14 7 4
14 8 6
14 9 11
14 10 6
14 11 9
14 12 6
14 13 1
15 0 7
15 1 5
15 2 9
15 3 11
15 4 11
15 5 4
15 6 6
15 7 3
15 8 8
15 9 5
15 10 5
15 11 7
15 12 7
15 13 8
15 14 10
16 0 1
16 1 1
16 2 10
16 3 2
16 4 4
16 5 8
16 6 1
16 7 1
16 8 1
16 9 10
16 10 10
16 11 3
16 12 6
16 13 1
16 14 6
16 15 11
17 0 7
17 1 11
17 2 4
17 3 10
17 4 7
17 5 1
17 6 8
17 7 3
17 8 1
17 9 5
17 10 1
17 11 6
17 12 2
17 13 3
17 14 1
17 15 11
17 16 11
18 0 10
18 1 2
18 2 2
18 3 1
18 4 1
18 5 7
18 6 8
18 7 4
18 8 2
18 9 1
18 10 8
18 11 8
18 12 6
18 13 2
18 14 7
18 15 5
18 16 2
18 17 1
19 0 11
19 1 10
19 2 9
19 3 10
19 4 3
19 5 5
19 6 10
19 7 1
19 8 6
19 9 7
19 10 10
19 11 3
19 12 10
19 13 1
19 14 10
19 15 8
19 16 3
19 17 1
19 18 3
20 0 5
20 1 1
20 2 11
20 3 1
20 4 11
20 5 9
20 6 7
20 7 1
20 8 8
20 9 1
20 10 7
20 11 6
20 12 1
20 13 4
20 14 6
20 15 3
20 16 11
20 17 6
20 18 10
20 19 2
21 0 5
21 1 8
21 2 4
21 3 7
21 4 5
21 5 7
21 6 10
21 7 1
21 8 4
21 9 9
21 10 6
21 11 8
21 12 3
21 13 3
21 14 11
21 15 5
21 16 5
21 17 10
21 18 11
21 19 10
21 20 5
22 0 9
22 1 4
22 2 10
22 3 11
22 4 1
22 5 2
22 6 2
22 7 11
22 8 3
22 9 5
22 10 1
22 11 5
22 12 4
22 13 10
22 14 3
22 15 3
22 16 3
22 17 8
22 18 11
22 19 11
22 20 2
22 21 4
23 0 8
23 1 5
23 2 1
23 3 11
23 4 7
23 5 3
23 6 11
23 7 11
23 8 4
23 9 4
23 10 8
23 11 3
23 12 1
23 13 6
23 14 8
23 15 6
23 16 6
23 17 9
23 18 1
23 19 7
23 20 1
23 21 4
23 22 8
24 0 4
24 1 9
24 2 11
24 3 7
24 4 10
24 5 7
24 6 9
24 7 1
24 8 10
24 9 7
24 10 8
24 11 9
24 12 5
24 13 4
24 14 1
24 15 2
24 16 3
24 17 11
24 18 1
24 19 11
24 20 7
24 21 8
24 22 11
24 23 8
25 0 10
25 1 10
25 2 2
25 3 4
25 4 2
25 5 9
25 6 4
25 7 8
25 8 5
25 9 4
25 10 9
25 11 4
25 12 9
25 13 2
25 14 7
25 15 11
25 16 11
25 17 2
25 18 4
25 19 2
25 20 11
25 21 7
25 22 9
25 23 8
25 24 8
26 0 6
26 1 7
26 2 7
26 3 7
26 4 10
26 5 4
26 6 3
26 7 11
26 8 2
26 9 2
26 10 3
26 11 9
26 12 8
26 13 1
26 14 6
26 15 1
26 16 11
26 17 4
26 18 3
26 19 7
26 20 9
26 21 4
26 22 11
26 23 4
26 24 5
26 25 7
27 0 1
27 1 6
27 2 2
27 3 8
27 4 7
27 5 8
27 6 3
27 7 1
27 8 7
27 9 5
27 10 5
27 11 7
27 12 11
27 13 8
27 14 5
27 15 9
27 16 4
27 17 10
27 18 4
27 19 7
27 20 7
27 21 4
27 22 5
27 23 7
27 24 6
27 25 3
27 26 5
28 0 8
28 1 5
28 2 8
28 3 7
28 4 7
28 5 10
28 6 6
28 7 5
28 8 2
28 9 7
28 10 11
28 11 2
28 12 5
28 13 4
28 14 1
28 15 9
28 16 5
28 17 10
28 18 3
28 19 11
28 20 8
28 21 6
28 22 6
28 23 9
28 24 3
28 25 7
28 26 9
28 27 8
29 0 5
29 1 2
29 2 9
29 3 6
29 4 5
29 5 2
29 6 6
29 7 10
29 8 1
29 9 2
29 10 7
29 11 7
29 12 11
29 13 8
29 14 2
29 15 5
29 16 8
29 17 10
29 18 1
29 19 10
29 20 8
29 21 11
29 22 2
29 23 8
29 24 7
29 25 8
29 26 2
29 27 5
29 28 1
30 0 8
30 1 3
30 2 4
30 3 9
30 4 1
30 5 7
30 6 11
30 7 6
30 8 8
30 9 5
30 10 9
30 11 2
30 12 7
30 13 6
30 14 11
30 15 1
30 16 11
30 17 5
30 18 8
30 19 10
30 20 11
30 21 11
30 22 9
30 23 5
30 24 4
30 25 11
30 26 2
30 27 5
30 28 9
30 29 1
31 0 10
31 1 2
31 2 8
31 3 3
31 4 7
31 5 3
31 6 6
31 7 11
31 8 7
31 9 4
31 10 6
31 11 7
31 12 9
31 13 4
31 14 1
31 15 7
31 16 8
31 17 3
31 18 8
31 19 9
31 20 11
31 21 7
31 22 8
31 23 9
31 24 9
31 25 8
31 26 3
31 27 4
31 28 2
31 29 10
31 30 11
32 0 10
32 1 7
32 2 9
32 3 8
32 4 10
32 5 7
32 6 7
32 7 3
32 8 9
32 9 3
32 10 6
32 11 6
32 12 11
32 13 2
32 14 10
32 15 8
32 16 8
32 17 1
32 18 8
32 19 8
32 20 6
32 21 5
32 22 6
32 23 6
32 24 3
32 25 7
32 26 2
32 27 11
32 28 3
32 29 8
32 30 3
32 31 1
33 0 4
33 1 11
33 2 8
33 3 1
33 4 3
33 5 3
33 6 11
33 7 10
33 8 7
33 9 3
33 10 3
33 11 9
33 12 4
33 13 6
33 14 11
33 15 2
33 16 2
33 17 10
33 18 7
33 19 3
33 20 9
33 21 6
33 22 1
33 23 7
33 24 6
33 25 10
33 26 3
33 27 5
33 28 4
33 29 9
33 30 5
33 31 1
33 32 1
34 0 8
34 1 9
34 2 10
34 3 11
34 4 6
34 5 6
34 6 1
34 7 2
34 8 8
34 9 6
34 10 10
34 11 1
34 12 11
34 13 5
34 14 8
34 15 3
34 16 3
34 17 8
34 18 1
34 19 10
34 20 9
34 21 3
34 22 4
34 23 5
34 24 4
34 25 3
34 26 1
34 27 3
34 28 10
34 29 2
34 30 9
34 31 10
34 32 9
34 33 6
35 0 1
35 1 3
35 2 7
35 3 11
35 4 2
35 5 2
35 6 8
35 7 8
35 8 9
35 9 10
35 10 6
35 11 11
35 12 2
35 13 1
35 14 7
35 15 2
35 16 10
35 17 8
35 18 1
35 19 6
35 20 10
35 21 11
35 22 10
35 23 10
35 24 6
35 25 9
35 26 2
35 27 6
35 28 1
35 29 5
35 30 4
35 31 3
35 32 10
35 33 8
35 34 9
36 0 9
36 1 9
36 2 5
36 3 4
36 4 5
36 5 5
36 6 6
36 7 4
36 8 1
36 9 3
36 10 8
36 11 3
36 12 8
36 13 4
36 14 6
36 15 9
36 16 6
36 17 8
36 18 10
36 19 4
36 20 6
36 21 5
36 22 5
36 23 9
36 24 1
36 25 9
36 26 4
36 27 5
36 28 8
36 29 9
36 30 11
36 31 8
36 32 8
36 33 9
36 34 2
36 35 8
37 0 2
37 1 2
37 2 10
37 3 8
37 4 5
37 5 7
37 6 4
37 7 2
37 8 10
37 9 6
37 10 9
37 11 1
37 12 11
37 13 5
37 14 2
37 15 3
37 16 2
37 17 5
37 18 2
37 19 2
37 20 2
37 21 7
37 22 8
37 23 6
37 24 6
37 25 6
37 26 6
37 27 10
37 28 6
37 29 2
37 30 11
37 31 2
37 32 5
37 33 4
37 34 2
37 35 11
37 36 1
38 0 9
38 1 7
38 2 11
38 3 2
38 4 1
38 5 2
38 6 5
38 7 1
38 8 4
38 9 8
38 10 8
38 11 4
38 12 9
38 13 5
38 14 5
38 15 1
38 16 11
38 17 11
38 18 8
38 19 9
38 20 3
38 21 7
38 22 8
38 23 10
38 24 6
38 25 8
38 26 7
38 27 10
38 28 8
38 29 6
38 30 1
38 31 9
38 32 6
38 33 10
38 34 7
38 35 6
38 36 9
38 37 11
39 0 5
39 1 9
39 2 9
39 3 3
39 4 9
39 5 7
39 6 9
39 7 8
39 8 5
39 9 8
39 10 4
39 11 11
39 12 2
39 13 11
39 14 2
39 15 8
39 16 10
39 17 3
39 18 2
39 19 3
39 20 3
39 21 10
39 22 3
39 23 10
39 24 5
39 25 3
39 26 1
39 27 7
39 28 11
39 29 6
39 30 6
39 31 1
39 32 7
39 33 2
39 34 1
39 35 5
39 36 9
39 37 6
39 38 4
40 0 4
40 1 2
40 2 3
40 3 8
40 4 1
40 5 1
40 6 3
40 7 4
40 8 7
40 9 9
40 10 4
40 11 8
40 12 2
40 13 9
40 14 7
40 15 1
40 16 6
40 17 10
40 18 8
40 19 5
40 20 7
40 21 10
40 22 7
40 23 10
40 24 8
40 25 3
40 26 7
40 27 2
40 28 9
40 29 10
40 30 6
40 31 2
40 32 4
40 33 10
40 34 1
40 35 7
40 36 8
40 37 3
40 38 11
40 39 4
41 0 2
41 1 6
41 2 4
41 3 8
41 4 7
41 5 1
41 6 5
41 7 2
41 8 4
41 9 2
41 10 6
41 11 8
41 12 3
41 13 9
41 14 7
41 15 9
41 16 3
41 17 3
41 18 3
41 19 8
41 20 5
41 21 7
41 22 5
41 23 5
41 24 3
41 25 10
41 26 7
41 27 7
41 28 5
41 29 4
41 30 10
41 31 8
41 32 10
41 33 6
41 34 1
41 35 10
41 36 9
41 37 2
41 38 1
41 39 11
41 40 11
42 0 9
42 1 3
42 2 5
42 3 8
42 4 8
42 5 7
42 6 8
42 7 1
42 8 4
42 9 9
42 10 6
42 11 3
42 12 11
42 13 6
42 14 3
42 15 10
42 16 2
42 17 9
42 18 5
42 19 7
42 20 11
42 21 2
42 22 3
42 23 10
42 24 4
42 25 6
42 26 5
42 27 5
42 28 4
42 29 11
42 30 8
42 31 5
42 32 1
42 33 4
42 34 6
42 35 6
42 36 7
42 37 9
42 38 2
42 39 1
42 40 10
42 41 5
43 0 6
43 1 10
43 2 4
43 3 11
43 4 9
43 5 8
43 6 1
43 7 4
43 8 6
43 9 11
43 10 1
43 11 2
43 12 10
43 13 7
43 14 5
43 15 1
43 16 2
43 17 8
43 18 2
43 19 5
43 20 2
43 21 8
43 22 7
43 23 8
43 24 2
43 25 4
43 26 7
43 27 10
43 28 7
43 29 10
43 30 8
43 31 9
43 32 5
43 33 5
43 34 7
43 35 11
43 36 3
43 37 7
43 38 4
43 39 10
43 40 9
43 41 9
43 42 5
44 0 2
44 1 3
44 2 8
44 3 2
44 4 6
44 5 11
44 6 8
44 7 9
44 8 4
44 9 9
44 10 10
44 11 2
44 12 10
44 13 4
44 14 10
44 15 8
44 16 6
44 17 10
44 18 1
44 19 3
44 20 1
44 21 8
44 22 6
44 23 9
44 24 3
44 25 11
44 26 5
44 27 9
44 28 6
44 29 8
44 30 4
44 31 5
44 32 2
44 33 4
44 34 6
44 35 3
44 36 9
44 37 11
44 38 10
44 39 2
44 40 10
44 41 3
44 42 10
44 43 5
45 0 7
45 1 9
45 2 7
45 3 2
45 4 6
45 5 8
45 6 7
45 7 7
45 8 7
45 9 2
45 10 5
45 11 2
45 12 2
45 13 6
45 14 10
45 15 1
45 16 9
45 17 6
45 18 7
45 19 11
45 20 9
45 21 10
45 22 4
45 23 8
45 24 7
45 25 11
45 26 11
45 27 6
45 28 1
45 29 2
45 30 8
45 31 11
45 32 5
45 33 9
45 34 5
45 35 9
45 36 10
45 37 8
45 38 9
45 39 9
45 40 1
45 41 9
45 42 8
45 43 4
45 44 1
46 0 3
46 1 5
46 2 4
46 3 4
46 4 7
46 5 8
46 6 1
46 7 7
46 8 4
46 9 7
46 10 9
46 11 6
46 12 5
46 13 5
46 14 3
46 15 1
46 16 11
46 17 1
46 18 8
46 19 10
46 20 1
46 21 10
46 22 5
46 23 6
46 24 7
46 25 1
46 26 11
46 27 7
46 28 7
46 29 3
46 30 11
46 31 5
46 32 7
46 33 8
46 34 4
46 35 8
46 36 11
46 37 9
46 38 10
46 39 9
46 40 5
46 41 4
46 42 4
46 43 7
46 44 11
46 45 11
47 0 8
47 1 6
47 2 8
47 3 6
47 4 11
47 5 9
47 6 11
47 7 11
47 8 10
47 9 11
47 10 10
47 11 10
47 12 10
47 13 5
47 14 5
47 15 7
47 16 6
47 17 6
47 18 10
47 19 9
47 20 10
47 21 1
47 22 2
47 23 6
47 24 3
47 25 9
47 26 2
47 27 3
47 28 1
47 29 11
47 30 8
47 31 4
47 32 1
47 33 6
47 34 10
47 35 6
47 36 1
47 37 6
47 38 3
47 39 4
47 40 7
47 41 7
47 42 8
47 43 1
47 44 10
47 45 8
47 46 6
48 0 3
48 1 3
48 2 3
48 3 3
48 4 8
48 5 9
48 6 3
48 7 7
48 8 4
48 9 7
48 10 2
48 11 4
48 12 2
48 13 11
48 14 1
48 15 5
48 16 1
48 17 9
48 18 4
48 19 11
48 20 2
48 21 4
48 22 6
48 23 9
48 24 8
48 25 5
48 26 7
48 27 5
48 28 2
48 29 8
48 30 1
48 31 6
48 32 1
48 33 7
48 34 5
48 35 5
48 36 2
48 37 8
48 38 11
48 39 3
48 40 8
48 41 9
48 42 6
48 43 7
48 44 3
48 45 3
48 46 10
48 47 8
49 0 5
49 1 11
49 2 5
49 3 7
49 4 11
49 5 6
49 6 1
49 7 2
49 8 6
49 9 5
49 10 6
49 11 8
49 12 9
49 13 1
49 14 11
49 15 1
49 16 1
49 17 4
49 18 8
49 19 6
49 20 4
49 21 8
49 22 5
49 23 6
49 24 5
49 25 8
49 26 10
49 27 3
49 28 2
49 29 2
49 30 4
49 31 6
49 32 11
49 33 6
49 34 7
49 35 11
49 36 6
49 37 10
49 38 1
49 39 2
49 40 4
49 41 10
49 42 7
49 43 10
49 44 7
49 45 6
49 46 9
49 47 10
49 48 6
