21
1 0 11
2 0 23
2 1 28
3 1 21
4 3 8
5 1 30
5 3 19
5 4 2
6 0 10
6 2 1
6 3 12
6 4 25
7 0 4
7 1 6
7 4 7
7 6 11
8 5 10
8 6 12
9 2 24
9 3 23
9 4 3
9 8 1
10 0 29
10 3 26
10 4 6
10 7 12
11 2 15
11 10 29
12 1 27
12 2 26
12 4 21
12 5 2
12 7 30
12 8 9
12 10 3
12 11 23
13 0 7
13 2 24
13 5 25
13 6 24
13 7 7
13 8 31
13 9 4
13 11 13
13 12 17
14 0 1
14 2 22
14 3 3
14 4 10
14 8 8
14 11 23
14 13 15
15 0 9
15 3 13
15 6 8
15 7 26
15 8 6
15 9 1
15 11 17
15 14 8
16 3 16
16 5 9
16 6 20
16 8 5
16 11 2
16 14 18
17 0 26
17 10 1
17 13 29
17 14 13
17 16 25
18 0 2
18 5 16
18 7 18
18 9 2
18 12 9
18 14 30
18 15 3
18 17 22
19 0 9
19 1 6
19 3 25
19 5 31
19 6 11
19 7 28
19 8 24
19 10 19
19 16 4
19 17 31
20 2 21
20 3 30
20 4 2
20 8 7
20 11 12
20 13 1
20 14 22
20 15 17
20 17 23
20 18 5
20 19 4
