69
1 0 21
2 0 57
2 1 8
3 0 37
3 1 42
3 2 23
4 0 54
4 1 15
4 2 5
4 3 20
5 0 44
5 1 30
5 2 44
5 3 17
5 4 16
6 0 22
6 1 31
6 2 54
6 3 53
6 4 33
6 5 49
7 0 19
7 1 46
7 2 5
7 3 20
7 4 15
7 5 24
7 6 2
8 0 29
8 1 55
8 2 38
8 3 47
8 4 10
8 5 36
8 6 23
8 7 36
9 0 8
9 1 23
9 2 37
9 3 41
9 4 6
9 5 43
9 6 49
9 7 30
9 8 26
10 0 16
10 1 5
10 2 8
10 3 4
10 4 30
10 5 4
10 6 23
10 7 48
10 8 21
10 9 5
11 0 27
11 1 28
11 2 52
11 3 38
11 4 3
11 5 20
11 6 57
11 7 15
11 8 26
11 9 39
11 10 49
12 0 20
12 1 51
12 2 49
12 3 29
12 4 47
12 5 5
12 6 40
12 7 38
12 8 19
12 9 1
12 10 32
12 11 30
13 0 18
13 1 4
13 2 54
13 3 54
13 4 30
13 5 19
13 6 46
13 7 5
13 8 30
13 9 32
13 10 58
13 11 17
13 12 16
14 0 3
14 1 14
14 2 34
14 3 3
14 4 38
14 5 29
14 6 38
14 7 57
14 8 18
14 9 12
14 10 50
14 11 10
14 12 13
14 13 3
15 0 5
15 1 12
15 2 15
15 3 36
15 4 45
15 5 17
15 6 21
15 7 10
15 8 22
15 9 38
15 10 5
15 11 55
15 12 2
15 13 34
15 14 13
16 0 24
16 1 12
16 2 38
16 3 38
16 4 40
16 5 38
16 6 28
16 7 28
16 8 26
16 9 55
16 10 36
16 11 7
16 12 2
16 13 22
16 14 7
16 15 10
17 0 19
17 1 57
17 2 47
17 3 55
17 4 56
17 5 56
17 6 37
17 7 9
17 8 35
17 9 55
17 10 11
17 11 3
17 12 31
17 13 28
17 14 38
17 15 58
17 16 47
18 0 12
18 1 36
18 2 24
18 3 36
18 4 10
18 5 23
18 6 24
18 7 41
18 8 20
18 9 1
18 10 38
18 11 49
18 12 32
18 13 56
18 14 8
18 15 51
18 16 54
18 17 3
19 0 9
19 1 52
19 2 6
19 3 27
19 4 25
19 5 8
19 6 15
19 7 34
19 8 11
19 9 8
19 10 6
19 11 7
19 12 52
19 13 10
19 14 21
19 15 43
19 16 32
19 17 35
19 18 3
20 0 14
20 1 4
20 2 11
20 3 58
20 4 49
20 5 6
20 6 8
20 7 13
20 8 17
20 9 10
20 10 37
20 11 58
20 12 44
20 13 58
20 14 4
20 15 54
20 16 39
20 17 39
20 18 58
20 19 23
21 0 13
21 1 42
21 2 1
21 3 49
21 4 44
21 5 13
21 6 39
21 7 7
21 8 38
21 9 47
21 10 10
21 11 50
21 12 26
21 13 3
21 14 45
21 15 20
21 16 47
21 17 25
21 18 41
21 19 22
21 20 9
22 0 56
22 1 19
22 2 25
22 3 52
22 4 29
22 5 43
22 6 48
22 7 16
22 8 45
22 9 5
22 10 35
22 11 43
22 12 55
22 13 19
22 14 38
22 15 58
22 16 16
22 17 52
22 18 2
22 19 16
22 20 11
22 21 6
23 0 41
23 1 37
23 2 41
23 3 38
23 4 51
23 5 58
23 6 56
23 7 52
23 8 53
23 9 24
23 10 39
23 11 43
23 12 32
23 13 52
23 14 20
23 15 58
23 16 29
23 17 36
23 18 42
23 19 10
23 20 4
23 21 17
23 22 57
24 0 23
24 1 18
24 2 12
24 3 12
24 4 12
24 5 34
24 6 7
24 7 42
24 8 38
24 9 50
24 10 57
24 11 50
24 12 31
24 13 54
24 14 13
24 15 19
24 16 51
24 17 25
24 18 1
24 19 37
24 20 3
24 21 25
24 22 55
24 23 35
25 0 8
25 1 46
25 2 40
25 3 25
25 4 13
25 5 43
25 6 48
25 7 35
25 8 3
25 9 10
25 10 56
25 11 46
25 12 54
25 13 53
25 14 34
25 15 16
25 16 54
25 17 40
25 18 23
25 19 38
25 20 57
25 21 28
25 22 10
25 23 9
25 24 54
26 0 56
26 1 15
26 2 12
26 3 7
26 4 41
26 5 13
26 6 37
26 7 49
26 8 29
26 9 24
26 10 26
26 11 41
26 12 3
26 13 22
26 14 1
26 15 51
26 16 57
26 17 20
26 18 8
26 19 41
26 20 37
26 21 11
26 22 18
26 23 4
26 24 19
26 25 49
27 0 21
27 1 37
27 2 53
27 3 46
27 4 52
27 5 44
27 6 50
27 7 3
27 8 30
27 9 41
27 10 25
27 11 11
27 12 43
27 13 33
27 14 5
27 15 54
27 16 52
27 17 46
27 18 46
27 19 22
27 20 34
27 21 29
27 22 34
27 23 10
27 24 32
27 25 44
27 26 36
28 0 54
28 1 41
28 2 35
28 3 32
28 4 40
28 5 2
28 6 33
28 7 47
28 8 30
28 9 32
28 10 42
28 11 29
28 12 13
28 13 14
28 14 46
28 15 43
28 16 52
28 17 1
28 18 42
28 19 32
28 20 48
28 21 3
28 22 43
28 23 45
28 24 50
28 25 40
28 26 49
28 27 46
29 0 23
29 1 18
29 2 9
29 3 44
29 4 29
29 5 29
29 6 40
29 7 28
29 8 51
29 9 25
29 10 30
29 11 41
29 12 34
29 13 30
29 14 9
29 15 3
29 16 48
29 17 22
29 18 49
29 19 42
29 20 16
29 21 9
29 22 1
29 23 5
29 24 30
29 25 16
29 26 5
29 27 41
29 28 47
30 0 25
30 1 27
30 2 8
30 3 12
30 4 21
30 5 5
30 6 42
30 7 34
30 8 39
30 9 23
30 10 23
30 11 16
30 12 41
30 13 10
30 14 55
30 15 17
30 16 19
30 17 37
30 18 19
30 19 22
30 20 6
30 21 7
30 22 7
30 23 21
30 24 8
30 25 41
30 26 1
30 27 23
30 28 43
30 29 58
31 0 56
31 1 24
31 2 26
31 3 45
31 4 37
31 5 29
31 6 14
31 7 12
31 8 49
31 9 10
31 10 55
31 11 1
31 12 31
31 13 55
31 14 14
31 15 26
31 16 19
31 17 17
31 18 26
31 19 15
31 20 28
31 21 9
31 22 25
31 23 55
31 24 12
31 25 35
31 26 6
31 27 55
31 28 24
31 29 14
31 30 12
32 0 29
32 1 18
32 2 20
32 3 42
32 4 21
32 5 31
32 6 58
32 7 40
32 8 48
32 9 44
32 10 46
32 11 33
32 12 18
32 13 49
32 14 25
32 15 21
32 16 47
32 17 2
32 18 50
32 19 3
32 20 53
32 21 50
32 22 27
32 23 5
32 24 57
32 25 29
32 26 12
32 27 5
32 28 55
32 29 2
32 30 25
32 31 48
33 0 44
33 1 43
33 2 4
33 3 20
33 4 16
33 5 13
33 6 40
33 7 35
33 8 14
33 9 17
33 10 47
33 11 4
33 12 48
33 13 44
33 14 58
33 15 13
33 16 30
33 17 19
33 18 12
33 19 47
33 20 35
33 21 44
33 22 54
33 23 17
33 24 28
33 25 33
33 26 17
33 27 47
33 28 21
33 29 57
33 30 12
33 31 52
33 32 26
34 0 12
34 1 4
34 2 14
34 3 16
34 4 49
34 5 56
34 6 39
34 7 2
34 8 12
34 9 42
34 10 2
34 11 7
34 12 58
34 13 56
34 14 28
34 15 51
34 16 19
34 17 40
34 18 38
34 19 39
34 20 10
34 21 48
34 22 25
34 23 36
34 24 45
34 25 17
34 26 28
34 27 31
34 28 31
34 29 1
34 30 38
34 31 52
34 32 28
34 33 12
35 0 3
35 1 7
35 2 11
35 3 55
35 4 15
35 5 18
35 6 55
35 7 26
35 8 55
35 9 7
35 10 21
35 11 56
35 12 9
35 13 34
35 14 50
35 15 11
35 16 34
35 17 7
35 18 38
35 19 16
35 20 58
35 21 46
35 22 8
35 23 10
35 24 30
35 25 44
35 26 55
35 27 43
35 28 3
35 29 26
35 30 50
35 31 54
35 32 48
35 33 50
35 34 28
36 0 49
36 1 7
36 2 58
36 3 29
36 4 33
36 5 54
36 6 19
36 7 29
36 8 13
36 9 19
36 10 1
36 11 8
36 12 18
36 13 24
36 14 52
36 15 57
36 16 32
36 17 15
36 18 46
36 19 2
36 20 40
36 21 22
36 22 33
36 23 11
36 24 2
36 25 34
36 26 45
36 27 55
36 28 34
36 29 49
36 30 8
36 31 5
36 32 7
36 33 12
36 34 8
36 35 5
37 0 37
37 1 28
37 2 10
37 3 38
37 4 48
37 5 3
37 6 23
37 7 38
37 8 41
37 9 34
37 10 7
37 11 4
37 12 23
37 13 3
37 14 13
37 15 58
37 16 45
37 17 23
37 18 5
37 19 43
37 20 31
37 21 57
37 22 4
37 23 31
37 24 40
37 25 24
37 26 25
37 27 20
37 28 49
37 29 29
37 30 9
37 31 1
37 32 26
37 33 21
37 34 12
37 35 29
37 36 3
38 0 58
38 1 13
38 2 50
38 3 21
38 4 56
38 5 26
38 6 37
38 7 17
38 8 36
38 9 38
38 10 31
38 11 40
38 12 23
38 13 10
38 14 24
38 15 10
38 16 3
38 17 23
38 18 12
38 19 14
38 20 35
38 21 20
38 22 19
38 23 56
38 24 39
38 25 8
38 26 26
38 27 20
38 28 15
38 29 28
38 30 53
38 31 35
38 32 18
38 33 26
38 34 1
38 35 48
38 36 32
38 37 17
39 0 4
39 1 42
39 2 19
39 3 1
39 4 52
39 5 23
39 6 37
39 7 49
39 8 4
39 9 27
39 10 28
39 11 54
39 12 19
39 13 56
39 14 5
39 15 53
39 16 38
39 17 33
39 18 57
39 19 9
39 20 8
39 21 28
39 22 39
39 23 45
39 24 40
39 25 52
39 26 21
39 27 46
39 28 55
39 29 34
39 30 18
39 31 6
39 32 8
39 33 25
39 34 29
39 35 46
39 36 47
39 37 46
39 38 32
40 0 27
40 1 26
40 2 49
40 3 32
40 4 16
40 5 38
40 6 36
40 7 50
40 8 50
40 9 13
40 10 10
40 11 58
40 12 26
40 13 15
40 14 5
40 15 35
40 16 50
40 17 25
40 18 19
40 19 31
40 20 4
40 21 48
40 22 13
40 23 58
40 24 39
40 25 49
40 26 46
40 27 8
40 28 20
40 29 18
40 30 1
40 31 26
40 32 2
40 33 53
40 34 46
40 35 55
40 36 42
40 37 12
40 38 14
40 39 2
41 0 51
41 1 2
41 2 58
41 3 23
41 4 48
41 5 8
41 6 44
41 7 25
41 8 47
41 9 15
41 10 38
41 11 4
41 12 21
41 13 56
41 14 47
41 15 48
41 16 26
41 17 7
41 18 56
41 19 46
41 20 13
41 21 30
41 22 42
41 23 23
41 24 31
41 25 15
41 26 16
41 27 34
41 28 31
41 29 1
41 30 27
41 31 39
41 32 54
41 33 56
41 34 17
41 35 43
41 36 50
41 37 7
41 38 44
41 39 35
41 40 16
42 0 33
42 1 6
42 2 41
42 3 24
42 4 33
42 5 8
42 6 21
42 7 42
42 8 41
42 9 18
42 10 14
42 11 22
42 12 23
42 13 21
42 14 55
42 15 8
42 16 28
42 17 56
42 18 18
42 19 13
42 20 54
42 21 46
42 22 31
42 23 29
42 24 31
42 25 33
42 26 14
42 27 12
42 28 16
42 29 17
42 30 27
42 31 47
42 32 51
42 33 47
42 34 35
42 35 49
42 36 32
42 37 57
42 38 14
42 39 58
42 40 50
42 41 33
43 0 20
43 1 27
43 2 32
43 3 25
43 4 56
43 5 30
43 6 33
43 7 29
43 8 44
43 9 48
43 10 21
43 11 51
43 12 47
43 13 53
43 14 39
43 15 50
43 16 35
43 17 51
43 18 11
43 19 45
43 20 3
43 21 2
43 22 36
43 23 1
43 24 2
43 25 26
43 26 17
43 27 24
43 28 54
43 29 13
43 30 9
43 31 11
43 32 45
43 33 9
43 34 2
43 35 48
43 36 18
43 37 7
43 38 16
43 39 46
43 40 3
43 41 12
43 42 5
44 0 46
44 1 57
44 2 34
44 3 31
44 4 5
44 5 41
44 6 29
44 7 45
44 8 8
44 9 47
44 10 3
44 11 48
44 12 22
44 13 13
44 14 28
44 15 24
44 16 6
44 17 36
44 18 6
44 19 15
44 20 34
44 21 51
44 22 23
44 23 3
44 24 5
44 25 44
44 26 29
44 27 52
44 28 17
44 29 38
44 30 21
44 31 3
44 32 19
44 33 34
44 34 18
44 35 17
44 36 14
44 37 27
44 38 38
44 39 58
44 40 2
44 41 27
44 42 37
44 43 56
45 0 13
45 1 5
45 2 54
45 3 34
45 4 30
45 5 49
45 6 22
45 7 45
45 8 25
45 9 21
45 10 40
45 11 48
45 12 35
45 13 38
45 14 29
45 15 4
45 16 18
45 17 9
45 18 35
45 19 6
45 20 14
45 21 53
45 22 33
45 23 51
45 24 44
45 25 35
45 26 6
45 27 44
45 28 14
45 29 44
45 30 33
45 31 46
45 32 51
45 33 1
45 34 47
45 35 19
45 36 16
45 37 24
45 38 3
45 39 53
45 40 56
45 41 6
45 42 22
45 43 18
45 44 3
46 0 45
46 1 37
46 2 31
46 3 14
46 4 57
46 5 55
46 6 48
46 7 34
46 8 54
46 9 44
46 10 44
46 11 44
46 12 24
46 13 4
46 14 33
46 15 50
46 16 10
46 17 51
46 18 57
46 19 52
46 20 40
46 21 26
46 22 40
46 23 26
46 24 5
46 25 43
46 26 21
46 27 13
46 28 56
46 29 54
46 30 1
46 31 32
46 32 5
46 33 15
46 34 52
46 35 50
46 36 13
46 37 19
46 38 14
46 39 56
46 40 54
46 41 30
46 42 43
46 43 15
46 44 28
46 45 34
47 0 22
47 1 35
47 2 47
47 3 8
47 4 3
47 5 22
47 6 47
47 7 43
47 8 9
47 9 43
47 10 25
47 11 53
47 12 1
47 13 21
47 14 33
47 15 13
47 16 47
47 17 56
47 18 29
47 19 58
47 20 29
47 21 39
47 22 26
47 23 54
47 24 41
47 25 47
47 26 23
47 27 58
47 28 46
47 29 34
47 30 37
47 31 40
47 32 21
47 33 5
47 34 8
47 35 44
47 36 3
47 37 13
47 38 56
47 39 25
47 40 21
47 41 50
47 42 30
47 43 14
47 44 46
47 45 52
47 46 3
48 0 45
48 1 37
48 2 14
48 3 41
48 4 52
48 5 4
48 6 5
48 7 22
48 8 24
48 9 34
48 10 39
48 11 44
48 12 7
48 13 42
48 14 34
48 15 31
48 16 43
48 17 40
48 18 7
48 19 42
48 20 15
48 21 22
48 22 27
48 23 17
48 24 24
48 25 51
48 26 46
48 27 48
48 28 43
48 29 23
48 30 4
48 31 49
48 32 7
48 33 18
48 34 36
48 35 53
48 36 43
48 37 35
48 38 43
48 39 46
48 40 13
48 41 5
48 42 29
48 43 9
48 44 52
48 45 4
48 46 51
48 47 34
49 0 43
49 1 18
49 2 57
49 3 7
49 4 32
49 5 33
49 6 28
49 7 22
49 8 3
49 9 57
49 10 58
49 11 51
49 12 12
49 13 6
49 14 57
49 15 27
49 16 1
49 17 20
49 18 57
49 19 36
49 20 23
49 21 7
49 22 49
49 23 15
49 24 52
49 25 3
49 26 52
49 27 14
49 28 39
49 29 47
49 30 12
49 31 36
49 32 31
49 33 43
49 34 40
49 35 29
49 36 12
49 37 4
49 38 17
49 39 53
49 40 20
49 41 29
49 42 48
49 43 8
49 44 22
49 45 32
49 46 3
49 47 18
49 48 44
50 0 41
50 1 5
50 2 26
50 3 56
50 4 25
50 5 22
50 6 50
50 7 18
50 8 39
50 9 26
50 10 56
50 11 26
50 12 9
50 13 38
50 14 46
50 15 9
50 16 46
50 17 17
50 18 35
50 19 45
50 20 57
50 21 53
50 22 37
50 23 20
50 24 29
50 25 38
50 26 42
50 27 18
50 28 29
50 29 8
50 30 27
50 31 26
50 32 32
50 33 49
50 34 51
50 35 14
50 36 53
50 37 22
50 38 5
50 39 56
50 40 21
50 41 57
50 42 20
50 43 8
50 44 21
50 45 57
50 46 16
50 47 6
50 48 27
50 49 11
51 0 21
51 1 2
51 2 53
51 3 30
51 4 54
51 5 20
51 6 7
51 7 19
51 8 14
51 9 34
51 10 36
51 11 53
51 12 22
51 13 14
51 14 6
51 15 36
51 16 3
51 17 47
51 18 18
51 19 15
51 20 29
51 21 14
51 22 27
51 23 50
51 24 13
51 25 47
51 26 28
51 27 49
51 28 3
51 29 34
51 30 36
51 31 16
51 32 46
51 33 14
51 34 41
51 35 48
51 36 45
51 37 10
51 38 23
51 39 16
51 40 30
51 41 37
51 42 16
51 43 8
51 44 45
51 45 43
51 46 21
51 47 31
51 48 32
51 49 26
51 50 31
52 0 6
52 1 36
52 2 45
52 3 6
52 4 11
52 5 7
52 6 4
52 7 9
52 8 9
52 9 42
52 10 47
52 11 48
52 12 25
52 13 44
52 14 29
52 15 14
52 16 18
52 17 23
52 18 30
52 19 55
52 20 52
52 21 23
52 22 58
52 23 20
52 24 54
52 25 19
52 26 7
52 27 51
52 28 40
52 29 9
52 30 21
52 31 22
52 32 51
52 33 37
52 34 35
52 35 50
52 36 14
52 37 54
52 38 13
52 39 23
52 40 16
52 41 15
52 42 17
52 43 6
52 44 36
52 45 39
52 46 55
52 47 11
52 48 32
52 49 7
52 50 10
52 51 47
53 0 49
53 1 32
53 2 36
53 3 53
53 4 58
53 5 29
53 6 31
53 7 33
53 8 31
53 9 38
53 10 28
53 11 20
53 12 46
53 13 11
53 14 35
53 15 38
53 16 33
53 17 43
53 18 38
53 19 21
53 20 23
53 21 48
53 22 9
53 23 41
53 24 15
53 25 22
53 26 7
53 27 51
53 28 25
53 29 9
53 30 18
53 31 13
53 32 13
53 33 12
53 34 6
53 35 9
53 36 1
53 37 20
53 38 21
53 39 30
53 40 1
53 41 38
53 42 44
53 43 27
53 44 30
53 45 11
53 46 34
53 47 30
53 48 26
53 49 38
53 50 3
53 51 7
53 52 41
54 0 30
54 1 19
54 2 55
54 3 28
54 4 52
54 5 10
54 6 55
54 7 28
54 8 18
54 9 47
54 10 23
54 11 57
54 12 57
54 13 4
54 14 1
54 15 48
54 16 12
54 17 25
54 18 40
54 19 1
54 20 15
54 21 22
54 22 58
54 23 28
54 24 36
54 25 45
54 26 17
54 27 2
54 28 29
54 29 41
54 30 29
54 31 45
54 32 9
54 33 51
54 34 55
54 35 24
54 36 9
54 37 11
54 38 12
54 39 7
54 40 50
54 41 27
54 42 17
54 43 5
54 44 36
54 45 17
54 46 6
54 47 44
54 48 34
54 49 23
54 50 45
54 51 31
54 52 55
54 53 7
55 0 14
55 1 12
55 2 12
55 3 54
55 4 28
55 5 41
55 6 37
55 7 47
55 8 45
55 9 46
55 10 5
55 11 19
55 12 22
55 13 28
55 14 51
55 15 27
55 16 25
55 17 57
55 18 15
55 19 21
55 20 24
55 21 51
55 22 48
55 23 10
55 24 20
55 25 53
55 26 49
55 27 54
55 28 54
55 29 54
55 30 20
55 31 36
55 32 22
55 33 29
55 34 19
55 35 40
55 36 2
55 37 20
55 38 45
55 39 40
55 40 30
55 41 46
55 42 55
55 43 51
55 44 20
55 45 38
55 46 16
55 47 43
55 48 5
55 49 10
55 50 56
55 51 4
55 52 34
55 53 20
55 54 57
56 0 48
56 1 51
56 2 24
56 3 5
56 4 5
56 5 34
56 6 20
56 7 54
56 8 34
56 9 7
56 10 45
56 11 42
56 12 52
56 13 5
56 14 33
56 15 41
56 16 8
56 17 21
56 18 5
56 19 25
56 20 41
56 21 2
56 22 43
56 23 47
56 24 33
56 25 8
56 26 30
56 27 11
56 28 55
56 29 42
56 30 20
56 31 57
56 32 30
56 33 45
56 34 41
56 35 47
56 36 29
56 37 12
56 38 51
56 39 53
56 40 11
56 41 37
56 42 23
56 43 16
56 44 46
56 45 45
56 46 5
56 47 5
56 48 38
56 49 44
56 50 20
56 51 6
56 52 15
56 53 37
56 54 40
56 55 6
57 0 32
57 1 52
57 2 53
57 3 41
57 4 27
57 5 35
57 6 56
57 7 57
57 8 48
57 9 48
57 10 50
57 11 48
57 12 42
57 13 5
57 14 50
57 15 55
57 16 15
57 17 15
57 18 50
57 19 48
57 20 22
57 21 58
57 22 53
57 23 15
57 24 45
57 25 46
57 26 3
57 27 9
57 28 30
57 29 58
57 30 48
57 31 33
57 32 32
57 33 37
57 34 31
57 35 36
57 36 26
57 37 41
57 38 44
57 39 11
57 40 2
57 41 20
57 42 47
57 43 54
57 44 29
57 45 8
57 46 12
57 47 55
57 48 35
57 49 13
57 50 6
57 51 55
57 52 35
57 53 13
57 54 41
57 55 2
57 56 18
58 0 54
58 1 41
58 2 11
58 3 17
58 4 31
58 5 12
58 6 18
58 7 8
58 8 31
58 9 11
58 10 8
58 11 21
58 12 53
58 13 2
58 14 38
58 15 18
58 16 53
58 17 39
58 18 42
58 19 2
58 20 38
58 21 36
58 22 50
58 23 16
58 24 34
58 25 48
58 26 40
58 27 45
58 28 14
58 29 1
58 30 22
58 31 36
58 32 50
58 33 5
58 34 2
58 35 29
58 36 50
58 37 47
58 38 46
58 39 39
58 40 24
58 41 31
58 42 21
58 43 35
58 44 22
58 45 7
58 46 3
58 47 3
58 48 12
58 49 57
58 50 24
58 51 17
58 52 4
58 53 57
58 54 25
58 55 50
58 56 49
58 57 43
59 0 23
59 1 41
59 2 56
59 3 30
59 4 20
59 5 56
59 6 10
59 7 34
59 8 27
59 9 26
59 10 40
59 11 50
59 12 43
59 13 45
59 14 27
59 15 23
59 16 5
59 17 44
59 18 12
59 19 40
59 20 25
59 21 8
59 22 44
59 23 2
59 24 34
59 25 13
59 26 47
59 27 27
59 28 58
59 29 44
59 30 49
59 31 50
59 32 28
59 33 6
59 34 9
59 35 25
59 36 41
59 37 40
59 38 14
59 39 26
59 40 2
59 41 6
59 42 34
59 43 9
59 44 48
59 45 28
59 46 4
59 47 3
59 48 31
59 49 54
59 50 18
59 51 58
59 52 1
59 53 15
59 54 41
59 55 8
59 56 55
59 57 7
59 58 58
60 0 57
60 1 17
60 2 26
60 3 27
60 4 45
60 5 13
60 6 43
60 7 19
60 8 37
60 9 50
60 10 33
60 11 56
60 12 6
60 13 49
60 14 23
60 15 42
60 16 16
60 17 29
60 18 31
60 19 34
60 20 27
60 21 11
60 22 56
60 23 10
60 24 11
60 25 2
60 26 6
60 27 37
60 28 49
60 29 10
60 30 51
60 31 18
60 32 23
60 33 11
60 34 48
60 35 27
60 36 54
60 37 28
60 38 51
60 39 23
60 40 6
60 41 30
60 42 5
60 43 31
60 44 21
60 45 17
60 46 27
60 47 39
60 48 51
60 49 45
60 50 43
60 51 8
60 52 37
60 53 32
60 54 46
60 55 37
60 56 33
60 57 25
60 58 43
60 59 17
61 0 20
61 1 35
61 2 13
61 3 40
61 4 43
61 5 29
61 6 23
61 7 17
61 8 54
61 9 33
61 10 25
61 11 31
61 12 3
61 13 30
61 14 40
61 15 13
61 16 45
61 17 53
61 18 56
61 19 11
61 20 2
61 21 55
61 22 10
61 23 21
61 24 48
61 25 52
61 26 37
61 27 39
61 28 52
61 29 38
61 30 48
61 31 25
61 32 36
61 33 8
61 34 3
61 35 8
61 36 38
61 37 43
61 38 36
61 39 42
61 40 45
61 41 55
61 42 15
61 43 55
61 44 18
61 45 38
61 46 6
61 47 11
61 48 51
61 49 7
61 50 22
61 51 1
61 52 25
61 53 28
61 54 29
61 55 13
61 56 51
61 57 7
61 58 20
61 59 7
61 60 35
62 0 27
62 1 54
62 2 32
62 3 48
62 4 51
62 5 42
62 6 32
62 7 28
62 8 56
62 9 10
62 10 49
62 11 12
62 12 7
62 13 30
62 14 36
62 15 33
62 16 22
62 17 32
62 18 14
62 19 30
62 20 56
62 21 13
62 22 36
62 23 41
62 24 39
62 25 13
62 26 45
62 27 28
62 28 26
62 29 39
62 30 33
62 31 13
62 32 42
62 33 47
62 34 41
62 35 31
62 36 4
62 37 14
62 38 26
62 39 40
62 40 26
62 41 15
62 42 36
62 43 54
62 44 15
62 45 51
62 46 8
62 47 39
62 48 37
62 49 6
62 50 34
62 51 2
62 52 57
62 53 22
62 54 58
62 55 42
62 56 29
62 57 2
62 58 54
62 59 25
62 60 15
62 61 32
63 0 4
63 1 27
63 2 9
63 3 38
63 4 14
63 5 58
63 6 42
63 7 41
63 8 43
63 9 7
63 10 34
63 11 48
63 12 51
63 13 52
63 14 7
63 15 49
63 16 26
63 17 51
63 18 36
63 19 55
63 20 39
63 21 39
63 22 54
63 23 21
63 24 28
63 25 48
63 26 26
63 27 58
63 28 17
63 29 55
63 30 50
63 31 21
63 32 51
63 33 41
63 34 8
63 35 26
63 36 37
63 37 26
63 38 29
63 39 23
63 40 34
63 41 13
63 42 34
63 43 51
63 44 54
63 45 39
63 46 44
63 47 1
63 48 37
63 49 10
63 50 32
63 51 36
63 52 56
63 53 43
63 54 32
63 55 37
63 56 26
63 57 9
63 58 9
63 59 52
63 60 51
63 61 54
63 62 15
64 0 13
64 1 20
64 2 7
64 3 25
64 4 8
64 5 13
64 6 22
64 7 27
64 8 11
64 9 6
64 10 21
64 11 16
64 12 47
64 13 25
64 14 34
64 15 20
64 16 19
64 17 41
64 18 29
64 19 28
64 20 20
64 21 36
64 22 57
64 23 24
64 24 48
64 25 12
64 26 52
64 27 20
64 28 29
64 29 55
64 30 15
64 31 56
64 32 15
64 33 35
64 34 1
64 35 4
64 36 58
64 37 3
64 38 48
64 39 50
64 40 49
64 41 10
64 42 7
64 43 52
64 44 36
64 45 10
64 46 6
64 47 53
64 48 26
64 49 23
64 50 6
64 51 5
64 52 16
64 53 26
64 54 47
64 55 36
64 56 3
64 57 38
64 58 35
64 59 28
64 60 49
64 61 42
64 62 3
64 63 43
65 0 55
65 1 25
65 2 6
65 3 3
65 4 54
65 5 31
65 6 39
65 7 52
65 8 9
65 9 11
65 10 32
65 11 52
65 12 10
65 13 47
65 14 6
65 15 8
65 16 53
65 17 53
65 18 44
65 19 23
65 20 47
65 21 32
65 22 34
65 23 40
65 24 12
65 25 9
65 26 23
65 27 37
65 28 31
65 29 14
65 30 58
65 31 23
65 32 16
65 33 54
65 34 49
65 35 7
65 36 36
65 37 24
65 38 50
65 39 30
65 40 23
65 41 54
65 42 29
65 43 38
65 44 34
65 45 39
65 46 6
65 47 11
65 48 32
65 49 43
65 50 7
65 51 34
65 52 49
65 53 7
65 54 56
65 55 13
65 56 11
65 57 18
65 58 21
65 59 15
65 60 55
65 61 6
65 62 32
65 63 35
65 64 8
66 0 22
66 1 34
66 2 36
66 3 57
66 4 20
66 5 44
66 6 12
66 7 29
66 8 14
66 9 48
66 10 19
66 11 24
66 12 33
66 13 35
66 14 23
66 15 37
66 16 25
66 17 52
66 18 48
66 19 4
66 20 17
66 21 3
66 22 44
66 23 16
66 24 40
66 25 43
66 26 50
66 27 37
66 28 13
66 29 17
66 30 34
66 31 33
66 32 2
66 33 1
66 34 11
66 35 18
66 36 48
66 37 21
66 38 43
66 39 19
66 40 51
66 41 42
66 42 34
66 43 55
66 44 29
66 45 19
66 46 8
66 47 15
66 48 18
66 49 13
66 50 56
66 51 13
66 52 50
66 53 49
66 54 29
66 55 18
66 56 38
66 57 15
66 58 56
66 59 28
66 60 39
66 61 10
66 62 1
66 63 1
66 64 48
66 65 17
67 0 37
67 1 37
67 2 54
67 3 37
67 4 58
67 5 3
67 6 14
67 7 1
67 8 25
67 9 31
67 10 31
67 11 30
67 12 31
67 13 33
67 14 24
67 15 54
67 16 22
67 17 24
67 18 6
67 19 20
67 20 12
67 21 2
67 22 6
67 23 22
67 24 44
67 25 5
67 26 25
67 27 46
67 28 43
67 29 39
67 30 13
67 31 26
67 32 35
67 33 57
67 34 4
67 35 45
67 36 43
67 37 18
67 38 11
67 39 21
67 40 53
67 41 47
67 42 29
67 43 11
67 44 18
67 45 4
67 46 5
67 47 45
67 48 44
67 49 23
67 50 30
67 51 57
67 52 48
67 53 21
67 54 17
67 55 33
67 56 52
67 57 58
67 58 9
67 59 41
67 60 30
67 61 38
67 62 56
67 63 33
67 64 26
67 65 35
67 66 45
68 0 28
68 1 20
68 2 34
68 3 47
68 4 37
68 5 1
68 6 2
68 7 48
68 8 30
68 9 30
68 10 51
68 11 51
68 12 44
68 13 47
68 14 48
68 15 37
68 16 47
68 17 21
68 18 38
68 19 36
68 20 38
68 21 18
68 22 55
68 23 55
68 24 38
68 25 51
68 26 24
68 27 50
68 28 9
68 29 57
68 30 22
68 31 30
68 32 14
68 33 38
68 34 26
68 35 14
68 36 9
68 37 19
68 38 18
68 39 16
68 40 54
68 41 21
68 42 2
68 43 19
68 44 26
68 45 6
68 46 32
68 47 46
68 48 48
68 49 39
68 50 57
68 51 20
68 52 2
68 53 58
68 54 15
68 55 13
68 56 55
68 57 51
68 58 52
68 59 34
68 60 20
68 61 16
68 62 55
68 63 26
68 64 36
68 65 41
68 66 47
68 67 21
