32
1 0 58
2 0 47
2 1 12
3 0 35
3 1 7
3 2 34
4 0 15
4 1 17
4 2 59
4 3 41
5 0 6
5 1 49
5 2 5
5 3 52
5 4 17
6 0 50
6 1 62
6 2 50
6 3 16
6 4 1
6 5 51
7 0 22
7 1 59
7 2 55
7 3 62
7 4 5
7 5 22
7 6 7
8 0 42
8 1 46
8 2 68
8 3 69
8 4 64
8 5 36
8 6 34
8 7 1
9 0 42
9 1 63
9 2 26
9 3 44
9 4 13
9 5 25
9 6 42
9 7 39
9 8 33
10 0 47
10 1 40
10 2 4
10 3 52
10 4 30
10 5 22
10 6 50
10 7 63
10 8 60
10 9 16
11 0 18
11 1 31
11 2 47
11 3 33
11 4 29
11 5 20
11 6 66
11 7 52
11 8 64
11 9 31
11 10 26
12 0 22
12 1 10
12 2 23
12 3 22
12 4 12
12 5 54
12 6 4
12 7 43
12 8 4
12 9 67
12 10 7
12 11 3
13 0 35
13 1 30
13 2 12
13 3 43
13 4 13
13 5 33
13 6 5
13 7 50
13 8 14
13 9 26
13 10 68
13 11 11
13 12 11
14 0 66
14 1 36
14 2 58
14 3 12
14 4 48
14 5 20
14 6 60
14 7 63
14 8 44
14 9 68
14 10 68
14 11 57
14 12 56
14 13 7
15 0 51
15 1 41
15 2 11
15 3 1
15 4 55
15 5 53
15 6 62
15 7 56
15 8 29
15 9 15
15 10 3
15 11 3
15 12 51
15 13 34
15 14 29
16 0 46
16 1 48
16 2 43
16 3 28
16 4 34
16 5 30
16 6 46
16 7 19
16 8 64
16 9 54
16 10 12
16 11 49
16 12 3
16 13 69
16 14 29
16 15 9
17 0 7
17 1 61
17 2 58
17 3 49
17 4 8
17 5 66
17 6 24
17 7 21
17 8 1
17 9 29
17 10 9
17 11 35
17 12 37
17 13 67
17 14 29
17 15 59
17 16 68
18 0 43
18 1 13
18 2 50
18 3 27
18 4 21
18 5 40
18 6 18
18 7 48
18 8 53
18 9 63
18 10 54
18 11 3
18 12 7
18 13 20
18 14 13
18 15 21
18 16 55
18 17 14
19 0 28
19 1 30
19 2 22
19 3 52
19 4 66
19 5 14
19 6 37
19 7 13
19 8 6
19 9 32
19 10 34
19 11 10
19 12 9
19 13 69
19 14 20
19 15 42
19 16 64
19 17 43
19 18 14
20 0 31
20 1 47
20 2 7
20 3 12
20 4 12
20 5 21
20 6 56
20 7 28
20 8 18
20 9 22
20 10 46
20 11 43
20 12 6
20 13 64
20 14 25
20 15 19
20 16 22
20 17 34
20 18 4
20 19 50
21 0 35
21 1 61
21 2 11
21 3 10
21 4 66
21 5 26
21 6 43
21 7 57
21 8 20
21 9 60
21 10 11
21 11 60
21 12 14
21 13 49
21 14 6
21 15 54
21 16 32
21 17 33
21 18 56
21 19 12
21 20 63
22 0 34
22 1 11
22 2 43
22 3 12
22 4 52
22 5 67
22 6 42
22 7 32
22 8 43
22 9 58
22 10 56
22 11 22
22 12 47
22 13 52
22 14 27
22 15 39
22 16 22
22 17 67
22 18 59
22 19 38
22 20 2
22 21 52
23 0 56
23 1 39
23 2 35
23 3 22
23 4 44
23 5 5
23 6 7
23 7 24
23 8 49
23 9 62
23 10 6
23 11 3
23 12 2
23 13 56
23 14 56
23 15 20
23 16 17
23 17 68
23 18 62
23 19 48
23 20 16
23 21 20
23 22 49
24 0 23
24 1 67
24 2 26
24 3 65
24 4 37
24 5 24
24 6 69
24 7 20
24 8 18
24 9 5
24 10 18
24 11 1
24 12 32
24 13 53
24 14 24
24 15 22
24 16 63
24 17 67
24 18 13
24 19 45
24 20 11
24 21 52
24 22 10
24 23 26
25 0 39
25 1 4
25 2 24
25 3 39
25 4 61
25 5 58
25 6 53
25 7 31
25 8 22
25 9 56
25 10 53
25 11 24
25 12 39
25 13 27
25 14 50
25 15 49
25 16 62
25 17 3
25 18 19
25 19 47
25 20 33
25 21 2
25 22 65
25 23 26
25 24 30
26 0 33
26 1 28
26 2 51
26 3 13
26 4 16
26 5 35
26 6 53
26 7 40
26 8 44
26 9 64
26 10 15
26 11 7
26 12 46
26 13 3
26 14 28
26 15 51
26 16 50
26 17 25
26 18 32
26 19 18
26 20 65
26 21 41
26 22 23
26 23 39
26 24 13
26 25 14
27 0 17
27 1 60
27 2 59
27 3 11
27 4 31
27 5 38
27 6 6
27 7 2
27 8 46
27 9 67
27 10 9
27 11 47
27 12 11
27 13 61
27 14 3
27 15 23
27 16 50
27 17 52
27 18 51
27 19 50
27 20 60
27 21 30
27 22 17
27 23 26
27 24 63
27 25 8
27 26 43
28 0 41
28 1 64
28 2 5
28 3 62
28 4 35
28 5 40
28 6 1
28 7 3
28 8 12
28 9 30
28 10 64
28 11 46
28 12 51
28 13 19
28 14 52
28 15 16
28 16 8
28 17 26
28 18 8
28 19 45
28 20 48
28 21 61
28 22 16
28 23 57
28 24 61
28 25 50
28 26 31
28 27 25
29 0 53
29 1 50
29 2 15
29 3 36
29 4 1
29 5 56
29 6 31
29 7 15
29 8 54
29 9 28
29 10 25
29 11 35
29 12 23
29 13 45
29 14 36
29 15 1
29 16 46
29 17 51
29 18 31
29 19 7
29 20 22
29 21 47
29 22 21
29 23 61
29 24 61
29 25 21
29 26 13
29 27 14
29 28 32
30 0 16
30 1 14
30 2 22
30 3 46
30 4 11
30 5 29
30 6 64
30 7 57
30 8 41
30 9 17
30 10 45
30 11 1
30 12 10
30 13 59
30 14 9
30 15 30
30 16 49
30 17 57
30 18 37
30 19 49
30 20 22
30 21 68
30 22 68
30 23 69
30 24 33
30 25 3
30 26 1
30 27 60
30 28 8
30 29 57
31 0 34
31 1 33
31 2 54
31 3 60
31 4 28
31 5 37
31 6 30
31 7 53
31 8 12
31 9 62
31 10 68
31 11 51
31 12 63
31 13 65
31 14 40
31 15 3
31 16 32
31 17 4
31 18 16
31 19 15
31 20 7
31 21 53
31 22 13
31 23 37
31 24 33
31 25 35
31 26 14
31 27 64
31 28 64
31 29 64
31 30 54
