52
1 0 17
2 0 47
2 1 3
3 0 9
3 1 2
3 2 35
4 0 33
4 1 8
4 2 42
4 3 47
5 0 4
5 1 28
5 2 41
5 3 41
5 4 31
6 0 10
6 1 13
6 2 45
6 3 14
6 4 13
6 5 47
7 0 57
7 1 33
7 2 27
7 3 51
7 4 56
7 5 46
7 6 5
8 0 9
8 1 38
8 2 8
8 3 16
8 4 21
8 5 47
8 6 27
8 7 49
9 0 40
9 1 27
9 2 17
9 3 39
9 4 1
9 5 39
9 6 12
9 7 54
9 8 30
10 0 42
10 1 23
10 2 41
10 3 27
10 4 40
10 5 28
10 6 45
10 7 22
10 8 15
10 9 27
11 0 46
11 1 26
11 2 49
11 3 15
11 4 54
11 5 24
11 6 36
11 7 57
11 8 55
11 9 60
11 10 10
12 0 1
12 1 51
12 2 16
12 3 35
12 4 55
12 5 7
12 6 30
12 7 8
12 8 1
12 9 46
12 10 35
12 11 16
13 0 41
13 1 44
13 2 48
13 3 11
13 4 45
13 5 53
13 6 44
13 7 28
13 8 5
13 9 50
13 10 36
13 11 20
13 12 45
14 0 52
14 1 7
14 2 32
14 3 2
14 4 45
14 5 49
14 6 10
14 7 22
14 8 43
14 9 29
14 10 38
14 11 40
14 12 28
14 13 4
15 0 41
15 1 7
15 2 40
15 3 60
15 4 18
15 5 57
15 6 15
15 7 16
15 8 40
15 9 56
15 10 43
15 11 16
15 12 41
15 13 39
15 14 4
16 0 23
16 1 47
16 2 48
16 3 7
16 4 59
16 5 48
16 6 58
16 7 19
16 8 4
16 9 17
16 10 36
16 11 24
16 12 47
16 13 36
16 14 26
16 15 21
17 0 43
17 1 30
17 2 10
17 3 31
17 4 32
17 5 9
17 6 29
17 7 11
17 8 19
17 9 46
17 10 29
17 11 23
17 12 52
17 13 23
17 14 18
17 15 10
17 16 38
18 0 16
18 1 20
18 2 35
18 3 11
18 4 11
18 5 22
18 6 47
18 7 16
18 8 21
18 9 48
18 10 30
18 11 54
18 12 58
18 13 12
18 14 17
18 15 4
18 16 35
18 17 25
19 0 36
19 1 5
19 2 31
19 3 50
19 4 38
19 5 23
19 6 26
19 7 13
19 8 10
19 9 29
19 10 28
19 11 36
19 12 13
19 13 36
19 14 42
19 15 7
19 16 5
19 17 48
19 18 52
20 0 27
20 1 53
20 2 42
20 3 26
20 4 33
20 5 9
20 6 23
20 7 35
20 8 44
20 9 38
20 10 54
20 11 44
20 12 20
20 13 29
20 14 19
20 15 37
20 16 29
20 17 45
20 18 27
20 19 56
21 0 38
21 1 23
21 2 41
21 3 18
21 4 5
21 5 39
21 6 28
21 7 49
21 8 21
21 9 17
21 10 24
21 11 34
21 12 31
21 13 60
21 14 55
21 15 2
21 16 29
21 17 10
21 18 11
21 19 50
21 20 60
22 0 39
22 1 39
22 2 39
22 3 60
22 4 11
22 5 5
22 6 6
22 7 13
22 8 52
22 9 32
22 10 57
22 11 38
22 12 34
22 13 8
22 14 46
22 15 47
22 16 16
22 17 49
22 18 14
22 19 12
22 20 46
22 21 33
23 0 27
23 1 30
23 2 8
23 3 18
23 4 57
23 5 49
23 6 2
23 7 7
23 8 35
23 9 46
23 10 30
23 11 57
23 12 53
23 13 44
23 14 7
23 15 4
23 16 12
23 17 45
23 18 28
23 19 17
23 20 29
23 21 53
23 22 23
24 0 12
24 1 15
24 2 48
24 3 20
24 4 14
24 5 28
24 6 15
24 7 2
24 8 23
24 9 13
24 10 30
24 11 2
24 12 37
24 13 29
24 14 53
24 15 53
24 16 25
24 17 15
24 18 2
24 19 19
24 20 11
24 21 55
24 22 35
24 23 9
25 0 13
25 1 38
25 2 13
25 3 17
25 4 27
25 5 2
25 6 29
25 7 44
25 8 23
25 9 42
25 10 46
25 11 36
25 12 48
25 13 59
25 14 10
25 15 35
25 16 5
25 17 10
25 18 21
25 19 8
25 20 29
25 21 17
25 22 38
25 23 38
25 24 17
26 0 50
26 1 43
26 2 11
26 3 2
26 4 13
26 5 53
26 6 39
26 7 20
26 8 43
26 9 43
26 10 14
26 11 25
26 12 31
26 13 24
26 14 45
26 15 57
26 16 40
26 17 26
26 18 17
26 19 37
26 20 13
26 21 5
26 22 54
26 23 27
26 24 10
26 25 3
27 0 37
27 1 57
27 2 33
27 3 11
27 4 54
27 5 23
27 6 55
27 7 2
27 8 12
27 9 56
27 10 10
27 11 47
27 12 28
27 13 35
27 14 25
27 15 51
27 16 31
27 17 47
27 18 22
27 19 3
27 20 51
27 21 23
27 22 17
27 23 8
27 24 8
27 25 22
27 26 34
28 0 14
28 1 30
28 2 24
28 3 44
28 4 25
28 5 29
28 6 2
28 7 58
28 8 24
28 9 7
28 10 26
28 11 44
28 12 6
28 13 32
28 14 42
28 15 13
28 16 43
28 17 1
28 18 2
28 19 17
28 20 14
28 21 40
28 22 50
28 23 30
28 24 49
28 25 45
28 26 58
28 27 21
29 0 26
29 1 27
29 2 52
29 3 30
29 4 28
29 5 56
29 6 30
29 7 60
29 8 31
29 9 31
29 10 13
29 11 42
29 12 19
29 13 33
29 14 41
29 15 10
29 16 30
29 17 23
29 18 58
29 19 50
29 20 2
29 21 18
29 22 10
29 23 35
29 24 4
29 25 31
29 26 8
29 27 26
29 28 35
30 0 29
30 1 18
30 2 22
30 3 31
30 4 9
30 5 29
30 6 31
30 7 44
30 8 54
30 9 34
30 10 50
30 11 17
30 12 22
30 13 58
30 14 35
30 15 46
30 16 18
30 17 26
30 18 48
30 19 43
30 20 7
30 21 47
30 22 35
30 23 28
30 24 56
30 25 27
30 26 15
30 27 36
30 28 17
30 29 60
31 0 13
31 1 15
31 2 29
31 3 48
31 4 32
31 5 50
31 6 44
31 7 48
31 8 13
31 9 40
31 10 11
31 11 6
31 12 47
31 13 57
31 14 34
31 15 21
31 16 58
31 17 53
31 18 22
31 19 37
31 20 57
31 21 46
31 22 10
31 23 7
31 24 7
31 25 40
31 26 9
31 27 51
31 28 59
31 29 43
31 30 32
32 0 4
32 1 34
32 2 18
32 3 33
32 4 18
32 5 47
32 6 34
32 7 22
32 8 6
32 9 20
32 10 5
32 11 43
32 12 52
32 13 12
32 14 41
32 15 32
32 16 28
32 17 52
32 18 37
32 19 37
32 20 20
32 21 42
32 22 39
32 23 11
32 24 26
32 25 14
32 26 44
32 27 51
32 28 18
32 29 15
32 30 29
32 31 19
33 0 48
33 1 49
33 2 18
33 3 57
33 4 30
33 5 50
33 6 12
33 7 55
33 8 51
33 9 45
33 10 32
33 11 40
33 12 26
33 13 10
33 14 3
33 15 38
33 16 3
33 17 57
33 18 17
33 19 55
33 20 18
33 21 54
33 22 56
33 23 60
33 24 8
33 25 54
33 26 48
33 27 40
33 28 21
33 29 17
33 30 35
33 31 6
33 32 4
34 0 57
34 1 26
34 2 21
34 3 34
34 4 13
34 5 60
34 6 58
34 7 18
34 8 31
34 9 48
34 10 22
34 11 41
34 12 35
34 13 33
34 14 14
34 15 56
34 16 35
34 17 5
34 18 6
34 19 28
34 20 16
34 21 16
34 22 40
34 23 9
34 24 16
34 25 29
34 26 57
34 27 37
34 28 12
34 29 59
34 30 52
34 31 36
34 32 44
34 33 2
35 0 59
35 1 38
35 2 17
35 3 38
35 4 48
35 5 58
35 6 55
35 7 30
35 8 26
35 9 19
35 10 15
35 11 10
35 12 41
35 13 40
35 14 51
35 15 37
35 16 58
35 17 33
35 18 18
35 19 53
35 20 32
35 21 30
35 22 46
35 23 28
35 24 49
35 25 21
35 26 55
35 27 21
35 28 5
35 29 34
35 30 35
35 31 8
35 32 32
35 33 18
35 34 16
36 0 35
36 1 31
36 2 13
36 3 29
36 4 31
36 5 44
36 6 30
36 7 47
36 8 55
36 9 20
36 10 57
36 11 37
36 12 28
36 13 24
36 14 28
36 15 28
36 16 13
36 17 10
36 18 45
36 19 2
36 20 2
36 21 10
36 22 53
36 23 18
36 24 39
36 25 49
36 26 9
36 27 47
36 28 59
36 29 18
36 30 16
36 31 17
36 32 46
36 33 2
36 34 42
36 35 60
37 0 38
37 1 30
37 2 13
37 3 43
37 4 21
37 5 41
37 6 15
37 7 29
37 8 41
37 9 19
37 10 59
37 11 5
37 12 20
37 13 34
37 14 35
37 15 2
37 16 32
37 17 46
37 18 20
37 19 5
37 20 38
37 21 40
37 22 59
37 23 20
37 24 35
37 25 9
37 26 43
37 27 25
37 28 4
37 29 4
37 30 2
37 31 37
37 32 58
37 33 14
37 34 59
37 35 34
37 36 3
38 0 14
38 1 17
38 2 56
38 3 20
38 4 47
38 5 10
38 6 27
38 7 29
38 8 59
38 9 20
38 10 4
38 11 1
38 12 11
38 13 56
38 14 1
38 15 24
38 16 52
38 17 44
38 18 6
38 19 12
38 20 31
38 21 58
38 22 40
38 23 48
38 24 15
38 25 10
38 26 47
38 27 35
38 28 53
38 29 13
38 30 46
38 31 16
38 32 41
38 33 34
38 34 14
38 35 3
38 36 58
38 37 58
39 0 49
39 1 43
39 2 7
39 3 32
39 4 45
39 5 41
39 6 55
39 7 43
39 8 46
39 9 56
39 10 18
39 11 39
39 12 51
39 13 55
39 14 34
39 15 59
39 16 4
39 17 19
39 18 4
39 19 2
39 20 18
39 21 58
39 22 44
39 23 54
39 24 47
39 25 21
39 26 52
39 27 56
39 28 34
39 29 30
39 30 11
39 31 42
39 32 28
39 33 18
39 34 3
39 35 23
39 36 7
39 37 28
39 38 24
40 0 58
40 1 4
40 2 35
40 3 30
40 4 1
40 5 11
40 6 10
40 7 4
40 8 51
40 9 39
40 10 27
40 11 58
40 12 3
40 13 26
40 14 37
40 15 35
40 16 2
40 17 6
40 18 19
40 19 48
40 20 4
40 21 2
40 22 60
40 23 58
40 24 38
40 25 43
40 26 19
40 27 22
40 28 20
40 29 37
40 30 31
40 31 58
40 32 47
40 33 42
40 34 41
40 35 45
40 36 49
40 37 40
40 38 15
40 39 34
41 0 22
41 1 30
41 2 10
41 3 23
41 4 35
41 5 51
41 6 28
41 7 38
41 8 12
41 9 17
41 10 22
41 11 45
41 12 3
41 13 40
41 14 58
41 15 5
41 16 27
41 17 57
41 18 11
41 19 3
41 20 38
41 21 9
41 22 45
41 23 59
41 24 36
41 25 30
41 26 58
41 27 2
41 28 8
41 29 49
41 30 52
41 31 17
41 32 31
41 33 50
41 34 58
41 35 42
41 36 35
41 37 40
41 38 35
41 39 38
41 40 2
42 0 58
42 1 29
42 2 12
42 3 54
42 4 28
42 5 31
42 6 32
42 7 51
42 8 40
42 9 11
42 10 40
42 11 48
42 12 6
42 13 25
42 14 48
42 15 43
42 16 25
42 17 14
42 18 7
42 19 45
42 20 9
42 21 41
42 22 17
42 23 3
42 24 56
42 25 32
42 26 20
42 27 4
42 28 32
42 29 30
42 30 49
42 31 53
42 32 56
42 33 52
42 34 57
42 35 2
42 36 28
42 37 58
42 38 38
42 39 2
42 40 29
42 41 59
43 0 18
43 1 12
43 2 22
43 3 35
43 4 50
43 5 50
43 6 34
43 7 44
43 8 34
43 9 39
43 10 11
43 11 47
43 12 22
43 13 2
43 14 15
43 15 11
43 16 49
43 17 38
43 18 36
43 19 57
43 20 60
43 21 13
43 22 7
43 23 30
43 24 6
43 25 54
43 26 41
43 27 22
43 28 59
43 29 15
43 30 11
43 31 10
43 32 35
43 33 33
43 34 22
43 35 41
43 36 35
43 37 34
43 38 13
43 39 51
43 40 47
43 41 36
43 42 29
44 0 17
44 1 13
44 2 19
44 3 26
44 4 23
44 5 41
44 6 60
44 7 36
44 8 12
44 9 37
44 10 10
44 11 38
44 12 43
44 13 5
44 14 26
44 15 14
44 16 60
44 17 34
44 18 20
44 19 47
44 20 48
44 21 47
44 22 29
44 23 8
44 24 2
44 25 37
44 26 1
44 27 51
44 28 29
44 29 1
44 30 36
44 31 44
44 32 49
44 33 21
44 34 4
44 35 19
44 36 24
44 37 39
44 38 35
44 39 51
44 40 47
44 41 41
44 42 10
44 43 50
45 0 41
45 1 45
45 2 38
45 3 22
45 4 59
45 5 44
45 6 15
45 7 27
45 8 54
45 9 49
45 10 2
45 11 16
45 12 25
45 13 42
45 14 16
45 15 10
45 16 43
45 17 26
45 18 30
45 19 43
45 20 6
45 21 14
45 22 22
45 23 60
45 24 42
45 25 35
45 26 56
45 27 16
45 28 49
45 29 55
45 30 22
45 31 19
45 32 59
45 33 20
45 34 2
45 35 25
45 36 45
45 37 16
45 38 33
45 39 42
45 40 3
45 41 14
45 42 13
45 43 3
45 44 32
46 0 43
46 1 56
46 2 10
46 3 14
46 4 7
46 5 27
46 6 20
46 7 25
46 8 11
46 9 42
46 10 51
46 11 32
46 12 30
46 13 23
46 14 27
46 15 45
46 16 40
46 17 11
46 18 57
46 19 5
46 20 30
46 21 19
46 22 52
46 23 35
46 24 21
46 25 59
46 26 17
46 27 49
46 28 18
46 29 31
46 30 24
46 31 36
46 32 47
46 33 39
46 34 8
46 35 55
46 36 5
46 37 31
46 38 41
46 39 10
46 40 34
46 41 29
46 42 32
46 43 30
46 44 40
46 45 30
47 0 41
47 1 42
47 2 4
47 3 55
47 4 55
47 5 55
47 6 25
47 7 46
47 8 27
47 9 9
47 10 42
47 11 3
47 12 17
47 13 24
47 14 60
47 15 28
47 16 57
47 17 51
47 18 16
47 19 42
47 20 40
47 21 23
47 22 22
47 23 8
47 24 6
47 25 26
47 26 40
47 27 35
47 28 4
47 29 60
47 30 33
47 31 37
47 32 57
47 33 7
47 34 56
47 35 9
47 36 46
47 37 22
47 38 44
47 39 53
47 40 5
47 41 3
47 42 31
47 43 24
47 44 9
47 45 6
47 46 6
48 0 7
48 1 3
48 2 4
48 3 44
48 4 25
48 5 44
48 6 28
48 7 1
48 8 40
48 9 7
48 10 29
48 11 50
48 12 54
48 13 49
48 14 51
48 15 57
48 16 23
48 17 59
48 18 17
48 19 55
48 20 24
48 21 25
48 22 53
48 23 38
48 24 49
48 25 57
48 26 21
48 27 30
48 28 31
48 29 42
48 30 51
48 31 8
48 32 36
48 33 51
48 34 8
48 35 8
48 36 50
48 37 42
48 38 47
48 39 7
48 40 58
48 41 33
48 42 17
48 43 28
48 44 52
48 45 34
48 46 45
48 47 55
49 0 21
49 1 19
49 2 47
49 3 27
49 4 35
49 5 11
49 6 54
49 7 52
49 8 58
49 9 30
49 10 4
49 11 59
49 12 10
49 13 11
49 14 47
49 15 29
49 16 42
49 17 14
49 18 30
49 19 40
49 20 9
49 21 21
49 22 17
49 23 51
49 24 54
49 25 33
49 26 2
49 27 1
49 28 56
49 29 32
49 30 51
49 31 54
49 32 23
49 33 17
49 34 7
49 35 48
49 36 33
49 37 49
49 38 27
49 39 48
49 40 30
49 41 32
49 42 44
49 43 52
49 44 54
49 45 16
49 46 41
49 47 22
49 48 19
50 0 59
50 1 50
50 2 56
50 3 17
50 4 56
50 5 43
50 6 31
50 7 48
50 8 32
50 9 46
50 10 6
50 11 11
50 12 23
50 13 17
50 14 40
50 15 18
50 16 1
50 17 12
50 18 10
50 19 39
50 20 33
50 21 41
50 22 25
50 23 54
50 24 11
50 25 58
50 26 41
50 27 41
50 28 8
50 29 39
50 30 54
50 31 2
50 32 40
50 33 26
50 34 56
50 35 21
50 36 10
50 37 12
50 38 31
50 39 7
50 40 21
50 41 47
50 42 26
50 43 49
50 44 17
50 45 41
50 46 26
50 47 21
50 48 36
50 49 52
51 0 34
51 1 13
51 2 8
51 3 21
51 4 21
51 5 25
51 6 58
51 7 55
51 8 39
51 9 22
51 10 27
51 11 28
51 12 7
51 13 39
51 14 48
51 15 48
51 16 3
51 17 17
51 18 18
51 19 49
51 20 29
51 21 53
51 22 12
51 23 14
51 24 58
51 25 42
51 26 55
51 27 40
51 28 48
51 29 43
51 30 57
51 31 27
51 32 2
51 33 8
51 34 48
51 35 25
51 36 56
51 37 42
51 38 49
51 39 52
51 40 38
51 41 11
51 42 26
51 43 17
51 44 59
51 45 40
51 46 47
51 47 14
51 48 9
51 49 20
51 50 8
