30
1 0 12
3 0 5
3 1 8
3 2 15
4 2 1
5 2 15
6 1 1
7 5 4
8 0 8
8 1 12
8 2 12
8 5 13
8 6 3
9 0 2
9 1 3
9 4 15
9 6 12
9 7 8
9 8 9
10 7 13
10 9 17
11 5 9
11 8 5
11 9 15
11 10 3
12 1 13
12 2 10
12 4 10
12 6 1
12 7 4
12 9 17
12 11 11
13 1 5
13 2 11
13 4 6
13 5 4
13 6 7
13 8 2
13 10 2
13 11 12
13 12 3
14 0 15
14 3 6
14 6 15
14 7 7
14 8 5
14 9 17
14 11 10
14 12 2
14 13 15
15 1 13
15 3 3
15 4 12
15 7 17
15 8 16
15 9 8
15 11 9
15 12 4
16 2 1
16 6 4
16 15 2
17 0 13
17 1 2
17 2 17
17 3 4
17 7 13
17 8 12
17 9 2
17 11 2
17 12 15
17 13 16
17 16 7
18 0 6
18 1 9
18 2 15
18 5 9
18 6 2
18 7 12
18 10 17
18 11 2
18 12 11
18 14 5
18 15 11
18 16 10
18 17 8
19 0 9
19 1 13
19 3 13
19 10 2
19 17 11
20 0 9
20 1 9
20 2 6
20 3 4
20 4 5
20 6 1
20 7 1
20 8 12
20 11 10
20 16 14
20 17 10
20 19 13
21 1 2
21 2 13
21 4 3
21 5 7
21 8 17
21 10 15
21 12 9
21 14 15
21 15 5
21 16 14
21 17 12
21 19 12
21 20 15
22 0 7
22 1 10
22 2 13
22 4 4
22 7 13
22 8 8
22 9 4
22 11 9
22 15 5
22 16 13
22 17 8
22 19 3
23 0 11
23 2 2
23 5 2
23 9 17
23 10 16
23 11 9
23 12 10
23 16 15
23 20 9
23 21 15
24 0 2
24 2 4
24 4 12
24 10 9
24 13 16
24 14 9
24 15 7
24 18 16
24 19 15
24 21 16
24 23 8
25 0 9
25 4 8
25 5 7
25 6 11
25 9 3
25 10 9
25 11 9
25 12 2
25 13 3
25 16 11
25 18 1
25 20 5
26 0 15
26 2 13
26 4 17
26 5 17
26 6 7
26 7 12
26 9 16
26 10 8
26 11 4
26 14 5
26 16 9
26 19 2
26 21 14
26 22 5
26 24 15
26 25 8
27 6 12
27 7 11
27 8 13
27 9 6
27 11 15
27 15 5
27 16 9
27 17 5
27 18 8
27 19 4
27 20 7
27 22 15
27 24 5
27 25 14
27 26 5
28 1 5
28 2 13
28 5 17
28 7 9
28 13 14
28 14 9
28 16 11
28 18 4
28 22 6
28 23 8
28 24 12
28 27 11
29 3 16
29 4 7
29 5 7
29 7 11
29 8 10
29 10 11
29 11 6
29 12 4
29 19 14
29 20 4
29 24 17
29 25 6
29 26 14
