59
1 0 21
3 0 16
4 2 18
5 0 16
5 1 13
5 2 9
5 3 8
5 4 5
6 3 20
6 5 15
7 0 22
7 2 17
7 3 21
7 4 1
7 5 2
8 0 11
8 3 6
8 7 9
9 0 11
9 2 1
9 3 13
9 4 19
9 5 15
9 7 1
10 0 1
10 1 16
10 2 23
10 4 2
10 5 21
10 6 8
10 7 4
10 8 4
10 9 11
11 2 18
11 5 4
11 10 14
12 0 2
12 1 14
12 2 21
12 3 18
12 4 2
12 5 3
12 7 10
13 3 2
13 4 20
13 5 2
13 6 18
13 7 19
13 8 1
13 9 15
13 10 2
13 12 21
14 0 4
14 3 8
14 4 12
14 5 4
14 6 16
14 7 20
14 8 9
14 9 8
14 10 12
14 11 7
14 12 1
14 13 15
15 2 18
15 5 3
15 6 12
15 7 21
15 8 18
15 9 12
15 10 20
15 11 12
15 12 16
15 13 16
15 14 2
16 1 13
16 3 23
16 5 3
16 7 22
16 9 21
16 10 16
16 11 20
16 12 19
16 13 22
16 14 2
16 15 12
17 0 12
17 1 22
17 2 23
17 3 20
17 6 4
17 8 22
17 9 6
17 11 12
17 12 8
18 0 4
18 4 6
18 5 8
18 6 19
18 7 3
18 9 14
18 12 19
18 14 18
18 17 12
19 1 3
19 2 2
19 6 14
19 7 22
19 8 19
19 10 23
19 16 15
19 18 23
20 1 19
20 2 1
20 3 10
20 4 5
20 8 1
20 9 4
20 15 1
20 18 8
20 19 1
21 0 8
21 1 6
21 6 9
21 7 9
21 8 13
21 11 7
21 12 4
21 14 22
21 20 5
22 2 2
22 3 19
22 4 2
22 5 17
22 6 12
22 8 13
22 9 6
22 10 6
22 11 22
22 13 4
22 14 22
22 16 17
22 17 15
23 1 21
23 4 3
23 7 13
23 8 15
23 12 22
23 13 18
23 15 1
23 18 12
23 20 14
23 21 17
24 0 16
24 1 5
24 3 20
24 5 8
24 6 8
24 7 9
24 8 18
24 9 2
24 11 14
24 12 2
24 13 15
24 14 20
24 18 11
24 19 4
24 20 23
24 22 13
25 0 7
25 1 3
25 4 22
25 5 12
25 6 18
25 8 14
25 13 19
25 23 19
26 0 15
26 3 6
26 6 17
26 8 5
26 9 18
26 10 22
26 12 9
26 13 5
26 17 9
26 18 9
26 20 17
26 23 20
26 24 5
27 0 8
27 1 18
27 2 20
27 3 9
27 4 8
27 5 11
27 7 10
27 8 4
27 13 5
27 14 23
27 15 16
27 16 14
27 17 17
27 18 20
27 21 3
27 23 19
27 25 19
28 1 5
28 7 8
28 9 19
28 11 15
28 12 15
28 13 1
28 18 7
28 20 11
28 24 23
28 27 11
29 2 21
29 7 23
29 15 17
29 16 14
29 19 11
29 22 14
29 23 17
30 0 7
30 1 7
30 2 21
30 3 6
30 4 22
30 5 14
30 6 10
30 9 14
30 10 13
30 14 10
30 15 19
30 16 17
30 18 6
30 19 5
30 24 12
30 26 5
30 27 3
30 28 12
30 29 4
31 0 17
31 1 21
31 2 9
31 3 22
31 6 21
31 9 23
31 11 1
31 12 14
31 13 3
31 14 3
31 18 5
31 19 12
31 21 13
31 24 18
31 26 22
31 27 11
31 29 7
32 0 16
32 2 2
32 3 20
32 5 21
32 6 16
32 8 2
32 9 9
32 11 22
32 12 22
32 14 21
32 15 20
32 16 16
32 17 1
32 18 4
32 19 2
32 22 14
32 24 5
32 28 8
32 30 5
32 31 10
33 3 13
33 5 23
33 7 17
33 10 15
33 11 8
33 13 14
33 14 15
33 17 4
33 19 12
33 20 14
33 22 12
33 24 4
33 25 22
33 27 4
33 29 14
33 30 19
33 31 5
34 4 22
34 6 11
34 7 14
34 9 4
34 14 21
34 18 8
34 19 18
34 21 13
34 22 10
34 24 2
34 25 1
34 27 15
34 28 16
34 32 16
35 0 8
35 1 1
35 2 6
35 7 2
35 8 4
35 15 6
35 17 4
35 19 18
35 21 4
35 23 8
35 24 17
35 25 12
35 28 19
35 30 12
35 31 22
36 0 1
36 5 19
36 6 13
36 10 20
36 11 7
36 12 17
36 16 22
36 18 12
36 19 9
36 21 18
36 25 12
36 26 21
36 28 3
36 32 9
36 33 13
36 34 19
36 35 4
37 0 18
37 1 7
37 4 7
37 5 19
37 7 20
37 9 22
37 10 20
37 13 20
37 18 6
37 20 4
37 21 8
37 29 19
37 33 8
37 36 17
38 1 22
38 4 18
38 5 7
38 6 10
38 7 23
38 8 18
38 10 20
38 12 22
38 13 4
38 15 2
38 17 16
38 19 17
38 20 6
38 21 23
38 22 6
38 24 9
38 26 23
38 27 5
38 30 23
38 31 13
38 35 7
38 36 22
39 0 10
39 1 13
39 2 4
39 5 21
39 8 4
39 10 9
39 11 19
39 12 6
39 14 7
39 17 21
39 18 1
39 19 2
39 22 12
39 23 23
39 26 23
39 33 9
39 36 17
39 37 7
39 38 4
40 3 17
40 7 23
40 8 17
40 10 7
40 12 15
40 13 17
40 15 12
40 18 3
40 19 2
40 20 11
40 24 3
40 25 14
40 26 16
40 28 8
40 29 18
40 30 4
40 31 2
40 33 2
40 35 3
40 37 10
41 1 17
41 4 3
41 5 15
41 6 7
41 7 4
41 8 15
41 9 5
41 10 1
41 12 9
41 13 15
41 14 9
41 17 14
41 20 5
41 21 18
41 23 5
41 26 3
41 27 12
41 28 13
41 29 7
41 33 16
41 34 1
41 37 7
41 38 12
41 39 20
41 40 22
42 0 13
42 3 16
42 6 19
42 12 1
42 13 14
42 14 18
42 15 15
42 16 8
42 19 5
42 20 21
42 21 23
42 22 7
42 23 9
42 24 11
42 25 19
42 31 21
42 32 20
42 33 7
42 34 23
42 36 21
42 37 4
42 39 16
42 40 6
42 41 17
43 0 15
43 4 4
43 5 22
43 6 19
43 7 17
43 10 10
43 12 22
43 13 23
43 14 4
43 18 8
43 19 18
43 22 10
43 23 12
43 25 4
43 26 18
43 27 15
43 28 15
43 30 11
43 35 16
43 36 15
43 38 20
43 39 2
43 40 9
43 42 16
44 0 6
44 3 18
44 5 11
44 6 4
44 9 14
44 13 13
44 14 17
44 15 15
44 16 1
44 17 11
44 18 13
44 19 11
44 20 6
44 21 8
44 22 23
44 23 10
44 25 8
44 31 22
44 34 8
44 38 21
44 40 5
44 41 13
44 42 20
45 0 9
45 2 19
45 3 8
45 4 11
45 6 7
45 7 9
45 9 22
45 12 19
45 14 23
45 15 2
45 18 2
45 19 17
45 21 14
45 22 7
45 23 18
45 26 13
45 28 13
45 29 10
45 30 10
45 35 12
45 36 14
45 37 20
45 39 21
45 42 10
45 44 10
46 0 14
46 1 5
46 2 8
46 3 9
46 4 20
46 7 7
46 9 17
46 11 13
46 12 4
46 13 14
46 14 13
46 15 2
46 17 22
46 19 14
46 20 20
46 21 10
46 23 21
46 25 13
46 27 3
46 28 14
46 29 12
46 31 3
46 32 16
46 33 17
46 35 14
46 39 1
46 42 15
46 43 9
46 44 10
47 1 20
47 2 21
47 3 23
47 8 23
47 11 19
47 12 9
47 18 9
47 23 11
47 25 16
47 31 14
47 33 22
47 35 17
47 36 15
47 37 19
47 39 11
47 41 8
47 45 11
47 46 21
48 1 14
48 5 11
48 7 1
48 11 11
48 12 10
48 14 9
48 18 18
48 20 6
48 22 3
48 25 2
48 27 22
48 29 21
48 31 8
48 34 3
48 35 8
48 42 15
48 43 9
48 44 12
48 47 7
49 0 20
49 1 9
49 5 21
49 6 18
49 9 10
49 10 14
49 11 14
49 12 22
49 17 10
49 18 20
49 19 1
49 20 4
49 23 15
49 24 21
49 26 4
49 28 23
49 29 14
49 31 17
49 32 23
49 34 11
49 36 12
49 37 23
49 40 5
49 42 13
49 43 4
49 44 9
49 47 11
49 48 14
50 1 22
50 8 4
50 9 22
50 10 7
50 11 12
50 12 12
50 16 9
50 18 12
50 19 5
50 20 19
50 23 8
50 24 3
50 27 15
50 28 9
50 30 4
50 35 6
50 36 9
50 38 22
50 39 13
50 41 15
50 43 20
50 44 6
50 46 21
50 47 14
50 49 19
51 0 1
51 1 13
51 4 5
51 6 4
51 7 23
51 11 5
51 15 12
51 16 11
51 17 16
51 21 16
51 22 1
51 23 20
51 25 7
51 26 16
51 27 18
51 28 15
51 29 20
51 30 12
51 32 11
51 35 16
51 36 12
51 38 17
51 40 23
51 41 12
51 43 16
51 44 5
51 47 3
51 48 10
51 49 19
51 50 16
52 1 21
52 2 17
52 5 17
52 8 9
52 9 15
52 11 16
52 12 4
52 13 11
52 14 4
52 17 17
52 20 14
52 23 8
52 24 16
52 26 23
52 28 14
52 31 4
52 32 23
52 33 17
52 34 12
52 35 12
52 41 9
52 42 3
52 43 8
52 44 7
52 47 20
52 49 3
52 50 17
52 51 15
53 1 5
53 2 8
53 3 8
53 4 22
53 5 19
53 6 20
53 8 13
53 9 6
53 11 12
53 14 5
53 16 6
53 19 16
53 23 6
53 24 13
53 25 16
53 27 18
53 28 8
53 29 21
53 31 20
53 33 9
53 35 1
53 36 23
53 38 18
53 41 9
53 43 6
53 47 4
53 49 21
53 50 8
53 51 19
53 52 8
54 1 8
54 2 22
54 6 21
54 7 20
54 8 5
54 10 10
54 11 1
54 12 9
54 13 19
54 14 11
54 15 11
54 16 13
54 17 17
54 20 11
54 21 8
54 22 21
54 24 18
54 25 16
54 26 9
54 27 9
54 28 2
54 29 22
54 30 20
54 34 21
54 35 3
54 37 16
54 41 4
54 43 11
54 45 17
54 49 18
54 53 1
55 4 5
55 7 9
55 9 20
55 10 22
55 12 4
55 16 5
55 17 23
55 19 22
55 20 11
55 21 16
55 24 20
55 26 6
55 28 9
55 32 16
55 36 5
55 38 14
55 40 23
55 41 2
55 44 3
55 45 20
55 49 12
55 50 16
55 51 18
55 52 13
55 53 20
55 54 16
56 0 2
56 1 17
56 2 14
56 3 19
56 4 11
56 5 17
56 6 6
56 7 12
56 9 1
56 10 13
56 15 19
56 22 7
56 23 22
56 24 18
56 27 2
56 30 20
56 32 10
56 33 17
56 35 13
56 37 9
56 39 9
56 40 22
56 41 21
56 43 7
56 45 18
56 47 19
56 49 20
56 52 13
56 53 7
56 54 6
56 55 8
57 0 6
57 1 3
57 3 6
57 5 16
57 6 23
57 7 14
57 8 14
57 10 1
57 12 14
57 20 22
57 21 17
57 23 21
57 25 4
57 26 1
57 28 1
57 31 18
57 35 16
57 39 20
57 40 14
57 41 3
57 42 14
57 43 9
57 45 16
57 46 9
57 47 16
57 48 21
57 49 8
57 50 19
57 52 6
57 53 9
57 54 3
57 55 7
58 3 12
58 6 11
58 8 7
58 10 18
58 17 23
58 20 13
58 21 1
58 24 18
58 29 21
58 31 14
58 34 15
58 36 1
58 37 15
58 39 7
58 41 19
58 44 1
58 49 14
58 50 2
58 51 4
58 53 5
58 56 10
58 57 6
