57
1 0 36
2 0 45
2 1 61
3 0 21
3 1 61
3 2 18
4 0 53
4 1 18
4 2 54
4 3 11
5 0 55
5 1 49
5 2 48
5 3 53
5 4 10
6 0 22
6 1 38
6 2 31
6 3 52
6 4 9
6 5 3
7 0 23
7 1 25
7 2 35
7 3 45
7 4 44
7 5 16
7 6 16
8 0 53
8 1 10
8 2 52
8 3 3
8 4 48
8 5 18
8 6 43
8 7 28
9 0 20
9 1 55
9 2 34
9 3 42
9 4 24
9 5 21
9 6 52
9 7 6
9 8 2
10 0 36
10 1 16
10 2 33
10 3 36
10 4 12
10 5 49
10 6 16
10 7 4
10 8 15
10 9 59
11 0 17
11 1 45
11 2 48
11 3 40
11 4 54
11 5 29
11 6 39
11 7 4
11 8 34
11 9 30
11 10 18
12 0 45
12 1 45
12 2 18
12 3 34
12 4 19
12 5 28
12 6 17
12 7 47
12 8 57
12 9 61
12 10 5
12 11 16
13 0 9
13 1 40
13 2 42
13 3 59
13 4 44
13 5 43
13 6 54
13 7 28
13 8 60
13 9 50
13 10 33
13 11 2
13 12 17
14 0 42
14 1 58
14 2 19
14 3 52
14 4 42
14 5 56
14 6 37
14 7 15
14 8 30
14 9 41
14 10 6
14 11 57
14 12 25
14 13 37
15 0 35
15 1 46
15 2 39
15 3 20
15 4 60
15 5 33
15 6 33
15 7 45
15 8 26
15 9 55
15 10 61
15 11 4
15 12 15
15 13 55
15 14 12
16 0 52
16 1 10
16 2 29
16 3 30
16 4 42
16 5 45
16 6 25
16 7 6
16 8 57
16 9 44
16 10 25
16 11 54
16 12 44
16 13 49
16 14 45
16 15 36
17 0 7
17 1 7
17 2 11
17 3 54
17 4 10
17 5 21
17 6 25
17 7 32
17 8 13
17 9 6
17 10 3
17 11 16
17 12 37
17 13 27
17 14 7
17 15 19
17 16 57
18 0 20
18 1 19
18 2 32
18 3 6
18 4 9
18 5 38
18 6 40
18 7 5
18 8 15
18 9 14
18 10 22
18 11 13
18 12 40
18 13 24
18 14 33
18 15 9
18 16 29
18 17 10
19 0 42
19 1 60
19 2 47
19 3 46
19 4 52
19 5 8
19 6 46
19 7 16
19 8 37
19 9 2
19 10 51
19 11 50
19 12 16
19 13 41
19 14 35
19 15 23
19 16 50
19 17 31
19 18 49
20 0 56
20 1 52
20 2 23
20 3 16
20 4 33
20 5 60
20 6 19
20 7 50
20 8 53
20 9 51
20 10 34
20 11 47
20 12 41
20 13 33
20 14 61
20 15 59
20 16 40
20 17 6
20 18 61
20 19 54
21 0 51
21 1 30
21 2 6
21 3 34
21 4 59
21 5 54
21 6 20
21 7 17
21 8 46
21 9 42
21 10 2
21 11 27
21 12 12
21 13 12
21 14 16
21 15 48
21 16 54
21 17 59
21 18 27
21 19 3
21 20 19
22 0 25
22 1 33
22 2 42
22 3 38
22 4 53
22 5 14
22 6 22
22 7 3
22 8 36
22 9 43
22 10 7
22 11 15
22 12 10
22 13 54
22 14 34
22 15 7
22 16 5
22 17 34
22 18 29
22 19 56
22 20 2
22 21 31
23 0 43
23 1 43
23 2 40
23 3 33
23 4 7
23 5 23
23 6 60
23 7 15
23 8 3
23 9 58
23 10 59
23 11 40
23 12 47
23 13 46
23 14 27
23 15 21
23 16 23
23 17 44
23 18 48
23 19 25
23 20 32
23 21 61
23 22 5
24 0 35
24 1 57
24 2 25
24 3 16
24 4 18
24 5 22
24 6 36
24 7 50
24 8 26
24 9 30
24 10 60
24 11 1
24 12 15
24 13 14
24 14 41
24 15 37
24 16 28
24 17 58
24 18 2
24 19 27
24 20 41
24 21 56
24 22 33
24 23 46
25 0 34
25 1 61
25 2 12
25 3 40
25 4 29
25 5 8
25 6 38
25 7 16
25 8 26
25 9 25
25 10 27
25 11 41
25 12 36
25 13 36
25 14 45
25 15 27
25 16 47
25 17 26
25 18 45
25 19 20
25 20 32
25 21 17
25 22 52
25 23 40
25 24 50
26 0 39
26 1 44
26 2 21
26 3 28
26 4 43
26 5 7
26 6 30
26 7 39
26 8 4
26 9 37
26 10 10
26 11 22
26 12 17
26 13 28
26 14 47
26 15 40
26 16 42
26 17 8
26 18 58
26 19 37
26 20 48
26 21 23
26 22 11
26 23 59
26 24 12
26 25 47
27 0 19
27 1 36
27 2 56
27 3 17
27 4 46
27 5 60
27 6 15
27 7 59
27 8 12
27 9 55
27 10 51
27 11 9
27 12 51
27 13 41
27 14 45
27 15 40
27 16 38
27 17 32
27 18 2
27 19 40
27 20 2
27 21 19
27 22 53
27 23 44
27 24 23
27 25 30
27 26 53
28 0 34
28 1 33
28 2 50
28 3 1
28 4 55
28 5 43
28 6 39
28 7 42
28 8 37
28 9 33
28 10 26
28 11 27
28 12 29
28 13 57
28 14 53
28 15 36
28 16 48
28 17 60
28 18 5
28 19 54
28 20 27
28 21 5
28 22 20
28 23 35
28 24 4
28 25 19
28 26 17
28 27 53
29 0 35
29 1 23
29 2 14
29 3 32
29 4 14
29 5 43
29 6 21
29 7 61
29 8 48
29 9 45
29 10 43
29 11 34
29 12 35
29 13 14
29 14 21
29 15 60
29 16 33
29 17 19
29 18 1
29 19 9
29 20 32
29 21 29
29 22 31
29 23 29
29 24 30
29 25 48
29 26 57
29 27 40
29 28 4
30 0 7
30 1 3
30 2 49
30 3 10
30 4 53
30 5 40
30 6 33
30 7 10
30 8 58
30 9 44
30 10 36
30 11 58
30 12 31
30 13 36
30 14 9
30 15 60
30 16 58
30 17 35
30 18 59
30 19 61
30 20 18
30 21 46
30 22 3
30 23 8
30 24 39
30 25 40
30 26 60
30 27 31
30 28 34
30 29 18
31 0 58
31 1 37
31 2 32
31 3 47
31 4 27
31 5 57
31 6 46
31 7 17
31 8 18
31 9 54
31 10 1
31 11 12
31 12 56
31 13 37
31 14 26
31 15 47
31 16 16
31 17 38
31 18 9
31 19 30
31 20 25
31 21 10
31 22 30
31 23 11
31 24 33
31 25 34
31 26 59
31 27 16
31 28 53
31 29 26
31 30 12
32 0 55
32 1 30
32 2 61
32 3 44
32 4 2
32 5 33
32 6 15
32 7 12
32 8 13
32 9 6
32 10 29
32 11 31
32 12 60
32 13 18
32 14 36
32 15 32
32 16 18
32 17 18
32 18 5
32 19 1
32 20 55
32 21 28
32 22 38
32 23 35
32 24 56
32 25 7
32 26 51
32 27 35
32 28 61
32 29 52
32 30 13
32 31 54
33 0 52
33 1 5
33 2 54
33 3 16
33 4 51
33 5 21
33 6 13
33 7 11
33 8 3
33 9 37
33 10 39
33 11 21
33 12 10
33 13 33
33 14 14
33 15 60
33 16 46
33 17 34
33 18 45
33 19 54
33 20 61
33 21 59
33 22 18
33 23 37
33 24 3
33 25 44
33 26 60
33 27 33
33 28 22
33 29 26
33 30 52
33 31 37
33 32 39
34 0 40
34 1 5
34 2 36
34 3 30
34 4 54
34 5 43
34 6 46
34 7 53
34 8 16
34 9 28
34 10 10
34 11 39
34 12 25
34 13 21
34 14 28
34 15 3
34 16 44
34 17 38
34 18 38
34 19 10
34 20 50
34 21 12
34 22 32
34 23 4
34 24 23
34 25 56
34 26 21
34 27 35
34 28 16
34 29 9
34 30 33
34 31 7
34 32 47
34 33 37
35 0 23
35 1 32
35 2 28
35 3 9
35 4 36
35 5 2
35 6 40
35 7 24
35 8 39
35 9 56
35 10 1
35 11 3
35 12 32
35 13 28
35 14 16
35 15 24
35 16 6
35 17 1
35 18 19
35 19 26
35 20 33
35 21 41
35 22 24
35 23 22
35 24 18
35 25 29
35 26 31
35 27 46
35 28 30
35 29 24
35 30 55
35 31 25
35 32 60
35 33 34
35 34 1
36 0 33
36 1 17
36 2 7
36 3 61
36 4 9
36 5 2
36 6 11
36 7 13
36 8 43
36 9 1
36 10 25
36 11 51
36 12 8
36 13 29
36 14 13
36 15 40
36 16 3
36 17 32
36 18 50
36 19 56
36 20 44
36 21 55
36 22 31
36 23 20
36 24 1
36 25 16
36 26 46
36 27 59
36 28 28
36 29 49
36 30 15
36 31 35
36 32 16
36 33 47
36 34 53
36 35 28
37 0 37
37 1 29
37 2 4
37 3 3
37 4 51
37 5 34
37 6 29
37 7 40
37 8 20
37 9 46
37 10 23
37 11 16
37 12 2
37 13 22
37 14 32
37 15 15
37 16 5
37 17 17
37 18 31
37 19 14
37 20 51
37 21 5
37 22 32
37 23 37
37 24 32
37 25 44
37 26 12
37 27 37
37 28 2
37 29 51
37 30 3
37 31 37
37 32 42
37 33 26
37 34 38
37 35 6
37 36 61
38 0 52
38 1 14
38 2 58
38 3 47
38 4 2
38 5 1
38 6 17
38 7 6
38 8 30
38 9 47
38 10 20
38 11 59
38 12 35
38 13 44
38 14 29
38 15 41
38 16 60
38 17 61
38 18 43
38 19 7
38 20 29
38 21 49
38 22 28
38 23 51
38 24 22
38 25 24
38 26 47
38 27 21
38 28 5
38 29 14
38 30 58
38 31 46
38 32 9
38 33 12
38 34 22
38 35 27
38 36 5
38 37 27
39 0 52
39 1 40
39 2 11
39 3 30
39 4 2
39 5 24
39 6 25
39 7 37
39 8 33
39 9 22
39 10 17
39 11 22
39 12 46
39 13 25
39 14 8
39 15 15
39 16 46
39 17 47
39 18 53
39 19 28
39 20 32
39 21 19
39 22 48
39 23 28
39 24 32
39 25 31
39 26 37
39 27 42
39 28 17
39 29 27
39 30 35
39 31 40
39 32 40
39 33 44
39 34 1
39 35 25
39 36 42
39 37 40
39 38 10
40 0 52
40 1 28
40 2 7
40 3 53
40 4 37
40 5 13
40 6 9
40 7 25
40 8 19
40 9 50
40 10 59
40 11 51
40 12 37
40 13 3
40 14 14
40 15 23
40 16 1
40 17 34
40 18 25
40 19 47
40 20 49
40 21 23
40 22 53
40 23 37
40 24 16
40 25 16
40 26 49
40 27 14
40 28 58
40 29 27
40 30 21
40 31 33
40 32 10
40 33 15
40 34 20
40 35 45
40 36 23
40 37 61
40 38 32
40 39 7
41 0 25
41 1 1
41 2 33
41 3 10
41 4 50
41 5 33
41 6 19
41 7 43
41 8 39
41 9 59
41 10 21
41 11 55
41 12 15
41 13 54
41 14 45
41 15 7
41 16 21
41 17 31
41 18 51
41 19 13
41 20 9
41 21 38
41 22 9
41 23 51
41 24 17
41 25 20
41 26 32
41 27 19
41 28 56
41 29 50
41 30 8
41 31 36
41 32 19
41 33 17
41 34 28
41 35 32
41 36 43
41 37 36
41 38 29
41 39 57
41 40 1
42 0 18
42 1 46
42 2 26
42 3 19
42 4 7
42 5 56
42 6 10
42 7 27
42 8 57
42 9 4
42 10 51
42 11 38
42 12 13
42 13 51
42 14 28
42 15 48
42 16 56
42 17 18
42 18 52
42 19 61
42 20 37
42 21 48
42 22 4
42 23 15
42 24 23
42 25 27
42 26 52
42 27 17
42 28 40
42 29 5
42 30 60
42 31 40
42 32 3
42 33 35
42 34 20
42 35 42
42 36 45
42 37 60
42 38 30
42 39 24
42 40 12
42 41 56
43 0 53
43 1 21
43 2 13
43 3 8
43 4 12
43 5 7
43 6 28
43 7 11
43 8 56
43 9 49
43 10 57
43 11 35
43 12 6
43 13 41
43 14 25
43 15 56
43 16 38
43 17 2
43 18 24
43 19 56
43 20 59
43 21 50
43 22 10
43 23 9
43 24 33
43 25 30
43 26 19
43 27 9
43 28 51
43 29 16
43 30 27
43 31 60
43 32 25
43 33 43
43 34 5
43 35 37
43 36 49
43 37 22
43 38 60
43 39 33
43 40 43
43 41 49
43 42 27
44 0 36
44 1 58
44 2 13
44 3 14
44 4 52
44 5 25
44 6 41
44 7 8
44 8 5
44 9 33
44 10 27
44 11 23
44 12 8
44 13 26
44 14 5
44 15 39
44 16 11
44 17 21
44 18 14
44 19 47
44 20 54
44 21 18
44 22 17
44 23 5
44 24 38
44 25 15
44 26 14
44 27 34
44 28 32
44 29 32
44 30 43
44 31 12
44 32 59
44 33 2
44 34 38
44 35 47
44 36 45
44 37 9
44 38 9
44 39 13
44 40 55
44 41 23
44 42 61
44 43 43
45 0 23
45 1 4
45 2 59
45 3 8
45 4 18
45 5 61
45 6 34
45 7 36
45 8 11
45 9 30
45 10 50
45 11 47
45 12 13
45 13 12
45 14 59
45 15 40
45 16 57
45 17 8
45 18 21
45 19 4
45 20 44
45 21 15
45 22 36
45 23 30
45 24 25
45 25 41
45 26 30
45 27 29
45 28 52
45 29 29
45 30 27
45 31 43
45 32 51
45 33 47
45 34 48
45 35 19
45 36 4
45 37 3
45 38 25
45 39 2
45 40 16
45 41 29
45 42 8
45 43 20
45 44 60
46 0 24
46 1 13
46 2 38
46 3 9
46 4 12
46 5 36
46 6 17
46 7 44
46 8 31
46 9 47
46 10 49
46 11 2
46 12 60
46 13 46
46 14 35
46 15 26
46 16 42
46 17 7
46 18 2
46 19 34
46 20 24
46 21 8
46 22 7
46 23 20
46 24 21
46 25 50
46 26 22
46 27 17
46 28 42
46 29 61
46 30 1
46 31 2
46 32 6
46 33 59
46 34 61
46 35 1
46 36 42
46 37 15
46 38 38
46 39 31
46 40 60
46 41 34
46 42 28
46 43 61
46 44 49
46 45 56
47 0 28
47 1 4
47 2 2
47 3 38
47 4 48
47 5 27
47 6 51
47 7 31
47 8 22
47 9 5
47 10 50
47 11 35
47 12 25
47 13 2
47 14 56
47 15 3
47 16 34
47 17 54
47 18 29
47 19 25
47 20 61
47 21 47
47 22 14
47 23 60
47 24 2
47 25 16
47 26 42
47 27 5
47 28 56
47 29 46
47 30 52
47 31 46
47 32 46
47 33 2
47 34 8
47 35 45
47 36 53
47 37 16
47 38 23
47 39 12
47 40 9
47 41 24
47 42 50
47 43 8
47 44 57
47 45 55
47 46 44
48 0 43
48 1 35
48 2 20
48 3 58
48 4 56
48 5 53
48 6 59
48 7 37
48 8 13
48 9 54
48 10 42
48 11 45
48 12 7
48 13 53
48 14 49
48 15 20
48 16 48
48 17 8
48 18 24
48 19 39
48 20 22
48 21 29
48 22 33
48 23 7
48 24 12
48 25 16
48 26 21
48 27 37
48 28 31
48 29 4
48 30 44
48 31 48
48 32 5
48 33 56
48 34 23
48 35 43
48 36 54
48 37 20
48 38 18
48 39 7
48 40 61
48 41 28
48 42 56
48 43 49
48 44 55
48 45 29
48 46 34
48 47 20
49 0 12
49 1 47
49 2 52
49 3 36
49 4 23
49 5 28
49 6 27
49 7 23
49 8 9
49 9 33
49 10 54
49 11 41
49 12 12
49 13 41
49 14 44
49 15 25
49 16 52
49 17 11
49 18 9
49 19 3
49 20 40
49 21 57
49 22 37
49 23 57
49 24 60
49 25 17
49 26 28
49 27 35
49 28 9
49 29 57
49 30 17
49 31 9
49 32 40
49 33 46
49 34 41
49 35 53
49 36 36
49 37 43
49 38 41
49 39 5
49 40 9
49 41 21
49 42 45
49 43 12
49 44 5
49 45 50
49 46 23
49 47 50
49 48 12
50 0 2
50 1 48
50 2 47
50 3 28
50 4 35
50 5 45
50 6 36
50 7 16
50 8 39
50 9 1
50 10 5
50 11 55
50 12 47
50 13 56
50 14 50
50 15 20
50 16 26
50 17 37
50 18 35
50 19 36
50 20 37
50 21 26
50 22 12
50 23 48
50 24 57
50 25 22
50 26 26
50 27 21
50 28 8
50 29 25
50 30 41
50 31 45
50 32 37
50 33 23
50 34 38
50 35 15
50 36 44
50 37 26
50 38 21
50 39 20
50 40 52
50 41 29
50 42 8
50 43 27
50 44 18
50 45 8
50 46 28
50 47 44
50 48 53
50 49 48
51 0 28
51 1 43
51 2 27
51 3 15
51 4 8
51 5 58
51 6 53
51 7 49
51 8 7
51 9 20
51 10 13
51 11 35
51 12 23
51 13 20
51 14 1
51 15 49
51 16 43
51 17 42
51 18 1
51 19 16
51 20 37
51 21 58
51 22 49
51 23 49
51 24 48
51 25 11
51 26 2
51 27 4
51 28 38
51 29 36
51 30 16
51 31 37
51 32 17
51 33 54
51 34 45
51 35 58
51 36 9
51 37 46
51 38 25
51 39 38
51 40 55
51 41 30
51 42 4
51 43 40
51 44 32
51 45 7
51 46 37
51 47 45
51 48 50
51 49 60
51 50 32
52 0 32
52 1 18
52 2 6
52 3 16
52 4 54
52 5 37
52 6 36
52 7 2
52 8 21
52 9 51
52 10 53
52 11 17
52 12 41
52 13 18
52 14 37
52 15 45
52 16 35
52 17 43
52 18 29
52 19 57
52 20 49
52 21 43
52 22 20
52 23 29
52 24 23
52 25 22
52 26 18
52 27 31
52 28 28
52 29 60
52 30 52
52 31 16
52 32 11
52 33 21
52 34 50
52 35 20
52 36 31
52 37 14
52 38 8
52 39 26
52 40 59
52 41 52
52 42 35
52 43 34
52 44 43
52 45 36
52 46 48
52 47 48
52 48 11
52 49 60
52 50 26
52 51 22
53 0 40
53 1 12
53 2 13
53 3 26
53 4 13
53 5 5
53 6 10
53 7 57
53 8 50
53 9 43
53 10 24
53 11 30
53 12 41
53 13 59
53 14 10
53 15 50
53 16 15
53 17 41
53 18 6
53 19 42
53 20 12
53 21 12
53 22 41
53 23 1
53 24 25
53 25 29
53 26 41
53 27 45
53 28 52
53 29 10
53 30 55
53 31 32
53 32 44
53 33 6
53 34 21
53 35 32
53 36 25
53 37 20
53 38 53
53 39 41
53 40 6
53 41 30
53 42 61
53 43 14
53 44 58
53 45 12
53 46 9
53 47 43
53 48 20
53 49 47
53 50 34
53 51 6
53 52 27
54 0 29
54 1 3
54 2 22
54 3 25
54 4 60
54 5 48
54 6 19
54 7 36
54 8 57
54 9 2
54 10 37
54 11 41
54 12 43
54 13 39
54 14 21
54 15 49
54 16 34
54 17 29
54 18 23
54 19 60
54 20 13
54 21 17
54 22 34
54 23 17
54 24 14
54 25 31
54 26 28
54 27 36
54 28 36
54 29 17
54 30 12
54 31 12
54 32 50
54 33 21
54 34 23
54 35 7
54 36 11
54 37 47
54 38 36
54 39 12
54 40 52
54 41 44
54 42 32
54 43 14
54 44 11
54 45 42
54 46 58
54 47 49
54 48 26
54 49 45
54 50 8
54 51 25
54 52 32
54 53 55
55 0 8
55 1 12
55 2 50
55 3 47
55 4 33
55 5 23
55 6 49
55 7 37
55 8 6
55 9 60
55 10 19
55 11 58
55 12 29
55 13 45
55 14 40
55 15 22
55 16 23
55 17 9
55 18 45
55 19 35
55 20 21
55 21 5
55 22 6
55 23 34
55 24 10
55 25 12
55 26 16
55 27 6
55 28 42
55 29 29
55 30 15
55 31 38
55 32 31
55 33 25
55 34 43
55 35 6
55 36 46
55 37 26
55 38 8
55 39 22
55 40 60
55 41 10
55 42 20
55 43 51
55 44 58
55 45 1
55 46 51
55 47 15
55 48 35
55 49 36
55 50 7
55 51 45
55 52 42
55 53 45
55 54 41
56 0 51
56 1 5
56 2 11
56 3 23
56 4 31
56 5 2
56 6 25
56 7 48
56 8 5
56 9 34
56 10 41
56 11 2
56 12 7
56 13 38
56 14 48
56 15 44
56 16 49
56 17 27
56 18 56
56 19 1
56 20 27
56 21 29
56 22 20
56 23 27
56 24 60
56 25 40
56 26 10
56 27 35
56 28 54
56 29 9
56 30 30
56 31 20
56 32 23
56 33 24
56 34 11
56 35 36
56 36 28
56 37 41
56 38 22
56 39 34
56 40 44
56 41 56
56 42 45
56 43 44
56 44 59
56 45 54
56 46 44
56 47 36
56 48 26
56 49 55
56 50 8
56 51 40
56 52 43
56 53 31
56 54 25
56 55 58
