28
3 0 33
4 2 27
5 0 43
5 1 3
5 3 20
6 0 40
6 2 7
6 3 11
6 4 7
6 5 57
7 1 3
7 2 25
7 3 15
7 4 64
7 5 16
8 0 28
8 1 6
8 2 57
8 4 12
8 5 41
8 6 46
9 0 10
9 1 63
9 2 49
9 8 60
10 3 59
10 5 39
10 6 10
10 8 49
11 0 12
11 1 26
11 2 30
11 3 26
11 4 45
11 6 57
11 10 49
12 2 6
12 3 24
12 5 18
12 6 51
12 7 55
13 1 24
13 2 52
13 3 15
13 6 52
13 8 39
13 12 39
14 0 59
14 1 4
14 2 53
14 7 57
14 8 39
14 10 54
14 11 55
14 13 11
15 3 53
15 4 19
15 5 45
15 6 50
15 7 2
15 10 15
15 11 2
15 12 24
16 0 63
16 2 62
16 5 56
16 6 13
16 7 44
16 8 21
16 11 29
16 13 64
17 0 29
17 1 56
17 5 63
17 10 48
17 11 56
17 13 58
17 15 55
17 16 18
18 6 20
18 7 53
18 12 14
18 13 46
18 14 31
18 15 29
18 17 41
19 1 56
19 2 46
19 3 30
19 5 31
19 6 41
19 8 45
19 10 61
19 11 56
19 14 54
19 15 43
19 16 2
19 18 55
20 0 44
20 2 20
20 4 26
20 5 40
20 8 34
20 9 44
20 11 19
20 12 29
20 14 59
20 15 38
20 19 64
21 1 15
21 2 38
21 3 22
21 5 13
21 7 55
21 8 22
21 9 37
21 10 53
21 14 46
21 16 38
21 17 57
21 19 47
22 0 59
22 1 63
22 3 26
22 5 64
22 6 24
22 8 10
22 9 43
22 11 63
22 12 31
22 13 52
22 14 53
22 17 52
22 18 27
22 19 19
22 20 7
22 21 20
23 0 19
23 2 10
23 3 46
23 4 21
23 6 36
23 8 38
23 9 54
23 10 9
23 11 2
23 12 53
23 14 9
23 16 57
23 18 10
23 20 41
23 21 50
23 22 16
24 0 33
24 1 12
24 4 23
24 5 52
24 6 17
24 9 40
24 11 16
24 12 1
24 14 42
24 15 19
24 16 2
24 17 16
24 19 4
24 23 35
25 1 36
25 2 1
25 7 3
25 8 38
25 9 31
25 11 23
25 15 4
25 17 2
25 18 55
25 20 59
25 21 58
25 22 52
26 2 7
26 3 29
26 6 4
26 7 46
26 14 18
26 15 28
26 16 57
26 17 13
26 18 50
26 22 63
26 23 46
27 1 60
27 4 12
27 7 9
27 11 6
27 13 39
27 15 57
27 16 49
27 17 6
27 23 57
27 24 23
27 25 18
27 26 57
