36
2 1 7
3 1 47
4 1 26
5 2 11
5 3 4
6 0 59
6 2 53
7 2 46
7 5 55
8 2 19
8 3 31
8 4 15
8 7 28
9 0 47
9 1 58
9 3 46
9 6 14
9 7 8
9 8 37
10 0 18
10 1 43
10 3 32
10 5 49
10 6 26
10 8 56
10 9 55
11 0 49
11 1 55
11 2 30
11 6 16
12 0 54
12 1 34
12 2 29
12 3 7
12 5 7
12 7 17
12 8 9
12 10 45
13 4 21
13 5 17
13 6 36
13 8 15
13 10 4
13 11 34
14 0 16
14 2 22
14 3 57
14 4 51
14 5 46
14 7 42
14 8 24
14 9 9
14 10 50
14 11 42
15 2 3
15 3 3
15 5 55
15 7 16
15 9 11
15 10 43
15 11 43
15 12 50
15 13 43
15 14 32
16 2 26
16 5 24
16 6 8
16 7 11
16 8 55
16 10 38
16 15 42
17 0 3
17 3 47
17 4 25
17 5 15
17 7 8
17 8 19
17 9 20
17 10 49
17 13 15
17 14 41
17 15 9
17 16 21
18 2 2
18 4 28
18 5 39
18 6 41
18 8 14
18 16 17
18 17 49
19 1 21
19 4 3
19 6 57
19 7 51
19 8 55
19 11 44
19 12 9
19 13 28
19 15 41
19 16 57
19 17 40
20 2 3
20 6 27
20 7 2
20 8 57
20 9 56
20 10 33
20 12 19
20 14 26
20 15 49
20 18 49
20 19 47
21 0 6
21 1 15
21 2 2
21 3 21
21 5 13
21 6 43
21 7 4
21 8 1
21 9 18
21 11 3
21 18 47
21 19 23
21 20 23
22 0 39
22 1 42
22 3 1
22 4 20
22 5 1
22 6 57
22 7 59
22 8 32
22 9 47
22 10 51
22 11 11
22 12 42
22 13 43
22 14 30
22 21 16
23 1 59
23 4 1
23 5 7
23 6 8
23 7 20
23 9 49
23 11 45
23 15 8
23 17 51
23 19 2
23 20 58
23 21 20
24 0 20
24 3 16
24 4 51
24 5 58
24 7 12
24 10 51
24 11 22
24 12 7
24 14 25
24 19 19
24 22 27
24 23 27
25 3 30
25 6 51
25 12 56
25 13 26
25 14 2
25 15 13
25 16 31
25 17 51
25 18 36
25 20 23
25 23 48
25 24 41
26 1 47
26 4 37
26 5 6
26 7 35
26 8 23
26 9 41
26 10 7
26 12 43
26 13 42
26 16 37
26 20 2
26 23 45
26 24 16
26 25 32
27 0 49
27 2 49
27 3 39
27 4 11
27 6 17
27 9 58
27 10 36
27 12 11
27 14 24
27 15 31
27 18 48
27 21 15
27 22 5
27 23 29
27 25 45
28 0 1
28 1 47
28 2 30
28 3 3
28 5 56
28 8 5
28 9 42
28 10 59
28 12 21
28 14 40
28 16 45
28 19 47
28 21 38
28 23 10
28 26 34
28 27 16
29 0 25
29 1 59
29 2 1
29 4 26
29 5 44
29 8 12
29 11 45
29 12 11
29 13 57
29 15 54
29 19 9
29 24 19
29 25 41
30 0 10
30 3 25
30 4 22
30 5 41
30 6 3
30 7 27
30 9 20
30 12 15
30 15 9
30 17 56
30 19 24
30 20 18
30 21 52
30 25 51
30 26 38
30 28 27
30 29 28
31 1 38
31 2 55
31 4 15
31 7 40
31 9 28
31 10 55
31 11 9
31 15 24
31 16 34
31 18 11
31 19 6
31 20 53
31 28 28
32 1 22
32 3 14
32 5 26
32 7 25
32 9 11
32 10 10
32 11 5
32 12 18
32 13 33
32 17 45
32 18 41
32 20 51
32 22 23
32 25 56
32 27 41
32 28 46
32 29 2
32 30 26
32 31 39
33 1 19
33 2 16
33 3 6
33 5 46
33 9 42
33 10 34
33 11 32
33 15 5
33 17 51
33 19 48
33 20 7
33 21 33
33 23 28
33 25 54
34 3 33
34 5 28
34 6 33
34 7 12
34 8 52
34 11 17
34 12 50
34 14 39
34 17 17
34 20 2
34 21 16
34 22 54
34 24 20
34 25 8
34 26 49
34 28 51
34 29 37
34 30 52
34 31 28
35 0 4
35 4 58
35 7 49
35 8 31
35 12 58
35 17 49
35 18 25
35 19 2
35 22 29
35 23 43
35 24 54
35 25 15
35 26 21
35 27 35
35 28 4
