40
1 0 37
2 0 41
2 1 44
3 0 30
3 1 31
3 2 2
4 0 40
4 1 21
4 2 18
4 3 5
5 0 30
5 1 11
5 2 42
5 3 38
5 4 46
6 0 3
6 1 15
6 2 16
6 3 23
6 4 24
6 5 30
7 0 42
7 1 24
7 2 14
7 3 7
7 4 22
7 5 21
7 6 28
8 0 8
8 1 17
8 2 48
8 3 35
8 4 49
8 5 1
8 6 35
8 7 41
9 0 18
9 1 37
9 2 50
9 3 18
9 4 57
9 5 12
9 6 34
9 7 49
9 8 17
10 0 54
10 1 40
10 2 22
10 3 13
10 4 43
10 5 24
10 6 20
10 7 2
10 8 44
10 9 55
11 0 1
11 1 37
11 2 7
11 3 9
11 4 7
11 5 33
11 6 14
11 7 13
11 8 49
11 9 9
11 10 4
12 0 22
12 1 7
12 2 43
12 3 18
12 4 55
12 5 1
12 6 43
12 7 28
12 8 37
12 9 21
12 10 57
12 11 18
13 0 29
13 1 15
13 2 47
13 3 57
13 4 15
13 5 52
13 6 29
13 7 48
13 8 48
13 9 53
13 10 22
13 11 58
13 12 2
14 0 9
14 1 25
14 2 53
14 3 14
14 4 38
14 5 23
14 6 25
14 7 7
14 8 10
14 9 34
14 10 24
14 11 44
14 12 26
14 13 52
15 0 40
15 1 56
15 2 17
15 3 58
15 4 49
15 5 30
15 6 1
15 7 12
15 8 26
15 9 27
15 10 43
15 11 3
15 12 15
15 13 52
15 14 41
16 0 3
16 1 48
16 2 56
16 3 36
16 4 34
16 5 37
16 6 36
16 7 41
16 8 45
16 9 13
16 10 43
16 11 46
16 12 26
16 13 24
16 14 29
16 15 43
17 0 16
17 1 25
17 2 7
17 3 11
17 4 54
17 5 23
17 6 18
17 7 9
17 8 16
17 9 39
17 10 8
17 11 4
17 12 52
17 13 50
17 14 10
17 15 21
17 16 13
18 0 43
18 1 54
18 2 36
18 3 35
18 4 3
18 5 9
18 6 47
18 7 22
18 8 7
18 9 29
18 10 26
18 11 17
18 12 47
18 13 22
18 14 12
18 15 42
18 16 9
18 17 22
19 0 39
19 1 27
19 2 39
19 3 15
19 4 19
19 5 3
19 6 15
19 7 33
19 8 37
19 9 51
19 10 7
19 11 19
19 12 3
19 13 43
19 14 13
19 15 21
19 16 15
19 17 18
19 18 11
20 0 11
20 1 58
20 2 48
20 3 23
20 4 30
20 5 11
20 6 56
20 7 13
20 8 57
20 9 21
20 10 43
20 11 7
20 12 16
20 13 25
20 14 43
20 15 14
20 16 6
20 17 24
20 18 16
20 19 54
21 0 38
21 1 45
21 2 58
21 3 5
21 4 19
21 5 8
21 6 17
21 7 8
21 8 47
21 9 47
21 10 20
21 11 23
21 12 12
21 13 29
21 14 39
21 15 1
21 16 24
21 17 39
21 18 46
21 19 26
21 20 55
22 0 55
22 1 52
22 2 31
22 3 10
22 4 15
22 5 1
22 6 32
22 7 25
22 8 32
22 9 56
22 10 34
22 11 32
22 12 27
22 13 58
22 14 27
22 15 48
22 16 14
22 17 58
22 18 42
22 19 20
22 20 38
22 21 38
23 0 29
23 1 18
23 2 47
23 3 58
23 4 33
23 5 40
23 6 9
23 7 57
23 8 24
23 9 22
23 10 56
23 11 24
23 12 30
23 13 45
23 14 7
23 15 5
23 16 58
23 17 14
23 18 6
23 19 53
23 20 17
23 21 3
23 22 19
24 0 45
24 1 41
24 2 46
24 3 16
24 4 49
24 5 42
24 6 11
24 7 19
24 8 5
24 9 43
24 10 47
24 11 44
24 12 54
24 13 19
24 14 23
24 15 37
24 16 18
24 17 14
24 18 30
24 19 42
24 20 42
24 21 6
24 22 39
24 23 10
25 0 53
25 1 54
25 2 29
25 3 46
25 4 14
25 5 18
25 6 17
25 7 38
25 8 1
25 9 52
25 10 3
25 11 28
25 12 18
25 13 19
25 14 8
25 15 33
25 16 48
25 17 49
25 18 39
25 19 25
25 20 12
25 21 19
25 22 33
25 23 45
25 24 30
26 0 19
26 1 6
26 2 52
26 3 56
26 4 22
26 5 48
26 6 41
26 7 5
26 8 42
26 9 36
26 10 39
26 11 51
26 12 11
26 13 7
26 14 28
26 15 41
26 16 55
26 17 43
26 18 23
26 19 47
26 20 11
26 21 13
26 22 19
26 23 1
26 24 1
26 25 7
27 0 19
27 1 37
27 2 20
27 3 46
27 4 54
27 5 54
27 6 18
27 7 3
27 8 26
27 9 29
27 10 23
27 11 9
27 12 20
27 13 24
27 14 41
27 15 1
27 16 8
27 17 11
27 18 42
27 19 43
27 20 34
27 21 36
27 22 30
27 23 51
27 24 56
27 25 18
27 26 31
28 0 9
28 1 46
28 2 13
28 3 2
28 4 9
28 5 16
28 6 41
28 7 57
28 8 45
28 9 17
28 10 55
28 11 7
28 12 52
28 13 46
28 14 28
28 15 17
28 16 2
28 17 53
28 18 22
28 19 19
28 20 36
28 21 58
28 22 22
28 23 58
28 24 11
28 25 29
28 26 54
28 27 4
29 0 53
29 1 33
29 2 46
29 3 10
29 4 48
29 5 30
29 6 58
29 7 14
29 8 4
29 9 33
29 10 3
29 11 35
29 12 45
29 13 46
29 14 34
29 15 1
29 16 23
29 17 44
29 18 22
29 19 16
29 20 48
29 21 34
29 22 43
29 23 5
29 24 27
29 25 29
29 26 10
29 27 29
29 28 53
30 0 34
30 1 36
30 2 52
30 3 14
30 4 57
30 5 48
30 6 27
30 7 56
30 8 15
30 9 26
30 10 33
30 11 57
30 12 53
30 13 1
30 14 30
30 15 14
30 16 12
30 17 1
30 18 37
30 19 55
30 20 34
30 21 28
30 22 39
30 23 26
30 24 49
30 25 3
30 26 35
30 27 9
30 28 20
30 29 10
31 0 2
31 1 14
31 2 3
31 3 9
31 4 14
31 5 43
31 6 26
31 7 4
31 8 26
31 9 32
31 10 13
31 11 40
31 12 34
31 13 21
31 14 30
31 15 11
31 16 47
31 17 17
31 18 10
31 19 4
31 20 58
31 21 15
31 22 3
31 23 27
31 24 53
31 25 49
31 26 31
31 27 8
31 28 39
31 29 24
31 30 42
32 0 33
32 1 48
32 2 54
32 3 57
32 4 53
32 5 9
32 6 16
32 7 44
32 8 47
32 9 45
32 10 23
32 11 55
32 12 24
32 13 30
32 14 33
32 15 5
32 16 55
32 17 34
32 18 15
32 19 13
32 20 46
32 21 30
32 22 45
32 23 25
32 24 51
32 25 39
32 26 33
32 27 52
32 28 40
32 29 12
32 30 37
32 31 21
33 0 32
33 1 31
33 2 43
33 3 19
33 4 43
33 5 39
33 6 15
33 7 12
33 8 32
33 9 47
33 10 40
33 11 23
33 12 24
33 13 18
33 14 24
33 15 49
33 16 53
33 17 49
33 18 11
33 19 46
33 20 58
33 21 6
33 22 15
33 23 32
33 24 42
33 25 45
33 26 17
33 27 37
33 28 44
33 29 23
33 30 22
33 31 31
33 32 49
34 0 16
34 1 54
34 2 1
34 3 29
34 4 48
34 5 11
34 6 37
34 7 24
34 8 37
34 9 26
34 10 55
34 11 9
34 12 36
34 13 36
34 14 36
34 15 35
34 16 32
34 17 24
34 18 15
34 19 42
34 20 7
34 21 18
34 22 47
34 23 58
34 24 18
34 25 20
34 26 50
34 27 18
34 28 38
34 29 55
34 30 7
34 31 19
34 32 39
34 33 46
35 0 53
35 1 35
35 2 34
35 3 8
35 4 29
35 5 48
35 6 6
35 7 10
35 8 29
35 9 15
35 10 49
35 11 25
35 12 49
35 13 49
35 14 43
35 15 3
35 16 1
35 17 50
35 18 26
35 19 52
35 20 13
35 21 7
35 22 37
35 23 14
35 24 12
35 25 45
35 26 36
35 27 53
35 28 35
35 29 27
35 30 50
35 31 10
35 32 54
35 33 29
35 34 58
36 0 21
36 1 52
36 2 55
36 3 48
36 4 17
36 5 24
36 6 2
36 7 11
36 8 5
36 9 33
36 10 22
36 11 25
36 12 35
36 13 25
36 14 35
36 15 30
36 16 51
36 17 26
36 18 35
36 19 23
36 20 11
36 21 47
36 22 29
36 23 18
36 24 33
36 25 6
36 26 53
36 27 31
36 28 2
36 29 54
36 30 16
36 31 9
36 32 41
36 33 32
36 34 11
36 35 15
37 0 41
37 1 36
37 2 2
37 3 38
37 4 22
37 5 30
37 6 22
37 7 43
37 8 21
37 9 55
37 10 1
37 11 20
37 12 31
37 13 46
37 14 27
37 15 33
37 16 39
37 17 21
37 18 20
37 19 2
37 20 33
37 21 25
37 22 56
37 23 1
37 24 56
37 25 52
37 26 7
37 27 14
37 28 16
37 29 52
37 30 50
37 31 39
37 32 19
37 33 35
37 34 33
37 35 9
37 36 10
38 0 6
38 1 55
38 2 53
38 3 5
38 4 4
38 5 32
38 6 33
38 7 8
38 8 19
38 9 49
38 10 30
38 11 54
38 12 10
38 13 12
38 14 27
38 15 23
38 16 8
38 17 11
38 18 10
38 19 40
38 20 52
38 21 52
38 22 34
38 23 52
38 24 6
38 25 32
38 26 14
38 27 36
38 28 27
38 29 15
38 30 24
38 31 56
38 32 27
38 33 42
38 34 17
38 35 22
38 36 24
38 37 37
39 0 25
39 1 26
39 2 47
39 3 29
39 4 57
39 5 31
39 6 6
39 7 33
39 8 41
39 9 53
39 10 28
39 11 50
39 12 35
39 13 38
39 14 5
39 15 39
39 16 36
39 17 35
39 18 2
39 19 46
39 20 2
39 21 8
39 22 51
39 23 31
39 24 5
39 25 22
39 26 30
39 27 18
39 28 24
39 29 22
39 30 43
39 31 5
39 32 50
39 33 12
39 34 45
39 35 19
39 36 7
39 37 51
39 38 42
