13
1 0 11
2 0 38
2 1 16
3 0 14
3 1 1
3 2 38
4 0 49
4 1 54
4 2 40
4 3 11
5 0 23
5 1 29
5 2 8
5 3 14
5 4 58
6 0 55
6 1 2
6 2 18
6 3 55
6 4 22
6 5 53
7 0 21
7 1 39
7 2 9
7 3 35
7 4 6
7 5 38
7 6 19
8 0 15
8 1 26
8 2 32
8 3 56
8 4 48
8 5 16
8 6 29
8 7 18
9 0 59
9 1 23
9 2 60
9 3 53
9 4 47
9 5 54
9 6 49
9 7 44
9 8 21
10 0 21
10 1 41
10 2 30
10 3 58
10 4 50
10 5 51
10 6 29
10 7 29
10 8 17
10 9 7
11 0 16
11 1 36
11 2 10
11 3 13
11 4 43
11 5 36
11 6 59
11 7 7
11 8 43
11 9 30
11 10 21
12 0 38
12 1 45
12 2 53
12 3 48
12 4 13
12 5 57
12 6 35
12 7 14
12 8 52
12 9 47
12 10 19
12 11 49
