54
2 0 16
3 0 3
5 0 11
5 1 16
5 3 16
5 4 13
6 0 4
6 1 5
6 4 2
8 0 6
8 1 3
8 2 2
8 5 7
9 0 5
9 3 13
9 6 23
9 7 2
9 8 13
10 1 4
10 2 6
10 4 5
10 5 2
11 0 11
11 1 7
11 7 11
11 10 6
12 1 20
12 2 19
12 3 20
12 6 7
12 7 14
12 8 17
12 9 20
12 10 1
13 2 12
13 3 17
13 4 15
13 7 4
13 8 16
13 10 20
13 11 5
13 12 20
14 2 16
14 5 3
14 6 22
14 7 6
14 8 1
14 10 15
14 11 14
14 13 14
15 1 2
15 3 15
15 5 18
15 6 11
15 8 19
15 9 20
15 11 18
15 12 16
15 14 16
16 1 13
16 3 10
16 4 11
16 5 7
16 8 8
16 11 4
16 12 6
16 15 8
17 0 10
17 2 22
17 4 7
17 8 4
17 10 22
17 12 5
17 13 14
17 16 20
18 1 18
18 3 18
18 4 9
18 7 10
18 8 22
18 11 22
18 13 7
18 15 9
18 16 9
18 17 13
19 1 19
19 2 8
19 3 14
19 4 10
19 5 8
19 7 16
19 10 16
19 12 9
19 13 21
19 16 1
19 17 14
19 18 2
20 4 20
20 6 4
20 8 5
20 10 19
20 11 8
20 14 5
20 18 5
20 19 5
21 0 8
21 1 2
21 2 1
21 3 14
21 4 21
21 5 18
21 6 14
21 7 11
21 8 3
21 10 13
21 11 5
21 12 6
21 13 6
21 14 17
21 16 2
21 18 18
21 19 21
21 20 1
22 3 20
22 6 15
22 11 22
22 14 19
22 17 18
22 20 23
22 21 7
23 0 3
23 2 10
23 7 23
23 8 15
23 9 17
23 10 14
23 11 18
23 12 2
23 14 22
23 15 20
23 17 8
23 21 1
24 3 7
24 5 4
24 6 20
24 8 4
24 9 21
24 10 6
24 11 12
24 12 15
24 16 10
24 17 9
24 19 21
24 23 15
25 0 18
25 1 6
25 2 9
25 5 18
25 7 18
25 10 23
25 11 6
25 13 15
25 14 5
25 15 18
25 17 5
25 19 11
25 23 18
25 24 17
26 0 17
26 4 16
26 5 23
26 6 1
26 7 7
26 10 2
26 11 11
26 13 18
26 14 6
26 15 12
26 17 15
26 18 3
26 19 21
26 21 10
26 22 4
26 24 10
27 1 21
27 3 2
27 6 8
27 7 21
27 8 19
27 10 5
27 12 15
27 22 1
27 23 22
27 25 3
28 0 9
28 1 19
28 5 8
28 7 10
28 8 23
28 11 20
28 12 2
28 14 19
28 15 12
28 16 8
28 22 21
28 23 22
28 24 3
28 25 12
28 26 15
29 4 7
29 7 8
29 9 22
29 11 7
29 13 7
29 15 1
29 18 10
29 19 21
29 21 5
29 24 5
29 26 20
29 27 10
30 2 16
30 6 11
30 8 17
30 9 17
30 10 13
30 11 2
30 13 9
30 17 7
30 19 15
30 20 21
30 21 23
30 22 8
30 25 18
31 1 1
31 3 5
31 5 1
31 11 10
31 13 4
31 14 20
31 17 14
31 18 13
31 19 9
31 20 8
31 22 10
31 23 7
31 24 15
31 26 1
31 29 21
31 30 23
32 0 22
32 6 4
32 12 2
32 13 2
32 14 8
32 16 19
32 17 14
32 18 19
32 26 22
32 28 10
32 29 10
33 1 5
33 10 3
33 11 14
33 12 13
33 13 11
33 14 20
33 17 8
33 22 17
33 24 23
33 26 10
33 28 19
33 32 8
34 0 2
34 3 10
34 4 7
34 8 21
34 10 16
34 11 9
34 14 21
34 16 22
34 22 13
34 23 23
34 24 11
34 26 20
34 27 13
34 28 6
34 29 13
34 30 16
34 32 22
35 0 8
35 2 23
35 3 20
35 4 16
35 8 5
35 10 16
35 11 12
35 17 21
35 19 6
35 20 17
35 21 14
35 25 6
35 26 22
35 27 23
35 28 19
35 31 7
36 0 23
36 2 13
36 3 5
36 5 10
36 7 14
36 8 10
36 9 5
36 10 11
36 14 12
36 15 16
36 16 18
36 18 15
36 19 4
36 20 22
36 22 18
36 25 7
36 29 8
36 32 4
36 33 23
36 34 12
37 0 17
37 1 13
37 2 19
37 4 5
37 5 7
37 7 8
37 9 8
37 11 23
37 12 4
37 13 16
37 14 8
37 15 8
37 17 20
37 18 9
37 19 15
37 20 8
37 21 10
37 23 2
37 24 5
37 25 3
37 31 19
37 32 9
37 33 10
37 34 9
37 36 9
38 0 1
38 1 5
38 2 4
38 9 1
38 10 12
38 13 4
38 15 7
38 17 5
38 20 19
38 21 4
38 22 21
38 23 10
38 25 6
38 28 7
38 30 16
38 33 3
38 35 17
38 36 22
38 37 10
39 4 1
39 5 18
39 6 2
39 7 11
39 10 15
39 11 21
39 14 11
39 15 15
39 18 20
39 19 18
39 23 14
39 24 15
39 27 11
39 28 8
39 29 12
39 31 8
39 33 22
39 34 16
39 38 5
40 0 6
40 1 6
40 3 20
40 7 17
40 8 1
40 9 5
40 10 5
40 12 18
40 13 19
40 15 15
40 16 12
40 17 21
40 18 9
40 19 13
40 22 15
40 25 2
40 27 19
40 31 19
40 33 21
40 38 14
40 39 9
41 0 14
41 1 2
41 3 14
41 7 16
41 10 10
41 15 1
41 19 22
41 21 18
41 22 12
41 23 18
41 27 17
41 32 8
41 33 2
41 34 9
41 36 12
41 40 16
42 0 2
42 2 13
42 5 20
42 8 17
42 9 23
42 11 3
42 13 5
42 14 14
42 19 23
42 20 23
42 23 19
42 24 21
42 25 23
42 28 15
42 29 5
42 31 8
42 33 1
42 37 14
42 38 14
42 40 4
43 0 9
43 1 11
43 2 3
43 5 15
43 6 4
43 8 13
43 10 18
43 16 18
43 18 10
43 20 19
43 21 13
43 22 18
43 25 9
43 26 15
43 27 23
43 28 14
43 30 7
43 32 3
43 33 14
43 36 14
43 37 8
43 39 4
43 40 18
43 42 22
44 2 21
44 3 12
44 4 8
44 8 9
44 10 13
44 11 7
44 14 14
44 18 11
44 19 5
44 22 13
44 23 12
44 24 7
44 27 20
44 28 22
44 29 8
44 30 7
44 31 23
44 32 15
44 36 12
44 37 12
44 38 4
44 39 15
45 0 10
45 1 21
45 3 21
45 4 18
45 5 6
45 6 8
45 7 21
45 10 21
45 11 20
45 12 4
45 15 12
45 16 23
45 17 13
45 20 12
45 21 2
45 22 23
45 25 2
45 27 19
45 29 13
45 34 6
45 35 1
45 36 22
45 38 13
45 39 14
45 40 16
45 41 18
45 43 23
46 1 15
46 2 9
46 6 23
46 7 10
46 8 10
46 9 23
46 10 4
46 13 16
46 16 19
46 17 16
46 18 16
46 19 7
46 20 20
46 21 23
46 23 9
46 25 4
46 29 10
46 32 19
46 33 1
46 35 8
46 36 7
46 37 13
46 38 1
46 39 17
46 40 20
46 42 12
46 44 14
46 45 1
47 2 23
47 4 19
47 5 4
47 8 15
47 9 20
47 10 12
47 11 6
47 12 19
47 13 13
47 15 1
47 16 19
47 18 19
47 20 8
47 21 12
47 22 6
47 23 20
47 24 12
47 25 19
47 27 16
47 28 17
47 29 4
47 30 4
47 34 20
47 35 4
47 36 22
47 37 16
47 39 17
47 42 15
47 46 14
48 1 3
48 3 8
48 4 7
48 5 15
48 6 16
48 7 10
48 8 1
48 14 22
48 16 20
48 24 16
48 25 14
48 26 20
48 32 18
48 33 1
48 34 12
48 35 13
48 37 22
48 39 7
48 40 2
48 41 20
48 43 2
48 44 16
48 46 6
48 47 11
49 2 23
49 4 7
49 5 14
49 7 7
49 8 5
49 10 22
49 12 1
49 14 11
49 17 7
49 18 8
49 19 18
49 21 21
49 22 14
49 25 11
49 28 5
49 31 13
49 32 20
49 35 6
49 37 1
49 40 23
49 46 9
49 47 18
49 48 15
50 1 20
50 5 2
50 7 20
50 10 7
50 13 23
50 15 19
50 16 3
50 19 13
50 20 20
50 22 6
50 24 12
50 30 5
50 32 9
50 33 23
50 34 19
50 35 5
50 36 8
50 37 20
50 38 16
50 40 6
50 41 23
50 42 16
50 44 4
50 45 11
50 48 22
51 0 17
51 2 20
51 3 21
51 6 13
51 7 20
51 8 16
51 10 9
51 13 20
51 14 22
51 16 1
51 20 10
51 21 1
51 25 22
51 27 9
51 28 15
51 30 19
51 31 22
51 32 10
51 33 4
51 35 18
51 36 9
51 37 11
51 39 18
51 41 19
51 43 6
51 44 14
51 45 14
51 50 20
52 0 3
52 6 22
52 8 4
52 9 6
52 12 18
52 13 19
52 15 19
52 17 18
52 21 8
52 22 21
52 24 19
52 28 22
52 29 19
52 30 13
52 31 23
52 35 12
52 37 20
52 39 10
52 40 18
52 41 13
52 44 16
52 45 19
52 46 5
52 47 4
52 50 5
53 0 15
53 6 18
53 10 23
53 12 13
53 14 18
53 17 9
53 19 18
53 26 9
53 28 18
53 30 1
53 33 20
53 36 13
53 38 16
53 40 17
53 41 13
53 44 12
53 46 9
53 47 10
53 49 1
53 52 19
