67
3 1 20
3 2 3
4 0 10
4 1 22
4 2 24
4 3 4
5 4 9
6 0 1
6 1 4
7 0 18
7 2 12
7 3 24
7 5 7
7 6 4
8 0 7
8 1 19
8 2 11
8 5 4
8 6 23
9 1 26
9 2 21
9 5 25
10 0 17
10 7 17
10 8 17
10 9 25
11 0 17
11 3 25
11 8 22
11 10 13
12 0 5
12 1 12
12 2 16
12 3 10
12 4 27
12 5 11
12 9 19
12 11 15
13 1 17
13 5 6
13 7 15
13 9 21
13 10 8
13 11 25
14 0 11
14 3 20
14 4 14
14 7 26
14 8 20
14 9 16
14 11 22
15 0 20
15 1 11
15 4 3
15 9 17
15 10 15
15 12 23
16 2 13
16 3 18
16 4 24
16 5 17
16 6 20
16 10 20
16 11 21
16 12 4
16 14 17
17 1 18
17 3 7
17 5 24
17 7 27
17 8 24
17 13 27
18 0 21
18 3 10
18 4 21
18 6 9
18 8 2
18 11 11
18 15 20
19 1 16
19 2 25
19 6 12
19 10 19
19 11 7
19 12 3
19 13 14
20 1 8
20 4 13
20 9 23
20 10 16
20 12 25
20 15 15
20 16 20
20 18 12
20 19 11
21 1 22
21 7 26
21 8 18
21 9 1
21 12 16
21 13 5
21 14 13
21 15 15
21 17 22
21 18 15
21 20 14
22 1 23
22 4 18
22 6 5
22 8 9
22 12 21
22 14 23
22 15 19
22 16 17
22 18 20
22 19 4
22 21 18
23 1 15
23 2 5
23 5 27
23 6 12
23 8 12
23 9 11
23 12 15
23 13 23
23 15 15
23 17 24
23 19 24
24 1 14
24 2 6
24 3 9
24 7 1
24 8 1
24 10 3
24 14 5
24 15 13
24 16 18
24 17 5
24 20 8
24 21 26
24 23 21
25 2 8
25 3 12
25 5 23
25 7 20
25 8 13
25 10 3
25 12 10
25 13 1
25 15 25
25 17 26
25 18 2
25 19 18
25 21 27
26 0 5
26 4 22
26 6 26
26 8 20
26 10 11
26 11 18
26 12 11
26 15 27
26 17 12
26 22 6
26 24 6
27 1 2
27 3 24
27 9 3
27 10 8
27 15 15
27 17 8
27 18 4
27 19 3
27 24 10
27 25 13
27 26 5
28 0 16
28 4 26
28 5 24
28 9 10
28 11 23
28 13 25
28 14 22
28 16 16
28 17 22
28 18 21
28 20 12
28 23 15
29 0 1
29 1 2
29 2 27
29 4 23
29 6 22
29 8 12
29 10 9
29 11 9
29 12 23
29 13 10
29 15 19
29 17 17
29 20 12
29 21 27
29 22 8
29 24 25
29 25 21
29 26 24
30 0 27
30 1 8
30 2 7
30 4 18
30 5 26
30 7 25
30 8 25
30 9 25
30 10 23
30 12 1
30 13 14
30 16 11
30 17 12
30 18 6
30 20 20
30 22 22
30 23 14
30 24 4
30 26 27
30 28 1
31 0 10
31 1 6
31 2 13
31 5 11
31 9 2
31 11 26
31 16 26
31 17 12
31 18 9
31 19 13
31 20 2
31 23 15
31 27 15
31 28 13
31 29 14
31 30 9
32 0 7
32 2 27
32 3 16
32 4 9
32 8 15
32 9 17
32 10 12
32 11 8
32 12 23
32 14 3
32 15 21
32 17 23
32 18 19
32 19 15
32 24 22
32 26 16
32 29 3
32 30 1
32 31 16
33 0 18
33 2 11
33 5 21
33 6 18
33 7 22
33 8 26
33 9 16
33 10 20
33 11 13
33 13 11
33 15 22
33 24 26
33 25 16
33 26 21
33 27 9
33 29 11
33 30 4
34 0 22
34 2 12
34 4 5
34 5 4
34 6 9
34 7 25
34 8 5
34 9 27
34 10 26
34 11 20
34 13 15
34 16 10
34 20 16
34 27 14
34 28 8
34 30 9
35 0 21
35 3 27
35 6 24
35 8 8
35 11 21
35 12 14
35 13 21
35 14 2
35 16 14
35 17 14
35 18 15
35 21 24
35 22 4
35 24 2
35 25 8
35 26 19
35 29 25
35 32 21
36 3 13
36 7 5
36 8 1
36 9 22
36 11 8
36 13 7
36 15 22
36 21 19
36 29 20
36 33 14
36 34 1
36 35 8
37 5 8
37 6 7
37 8 6
37 9 2
37 12 27
37 15 5
37 17 13
37 22 11
37 23 24
37 26 15
37 27 13
37 28 13
37 29 6
37 30 1
37 32 11
38 1 26
38 4 27
38 5 27
38 8 15
38 9 6
38 12 1
38 14 15
38 16 3
38 17 20
38 18 25
38 20 10
38 21 2
38 22 23
38 24 21
38 28 2
38 32 11
38 36 1
39 0 10
39 1 10
39 2 16
39 4 22
39 5 25
39 7 8
39 9 9
39 12 9
39 15 3
39 19 17
39 21 5
39 22 20
39 23 8
39 26 9
39 28 4
39 34 9
39 36 23
40 1 23
40 2 23
40 3 5
40 5 25
40 7 26
40 14 23
40 19 26
40 22 12
40 24 26
40 27 16
40 29 22
40 30 1
40 31 15
40 33 12
40 35 18
40 36 6
40 38 8
41 1 18
41 2 9
41 3 21
41 4 22
41 5 11
41 6 26
41 7 25
41 8 26
41 11 19
41 13 3
41 15 3
41 16 22
41 17 4
41 18 14
41 19 22
41 22 18
41 25 24
41 26 23
41 27 10
41 29 17
41 34 17
41 38 23
42 4 24
42 8 13
42 9 16
42 10 7
42 11 24
42 14 25
42 17 27
42 20 15
42 23 6
42 25 11
42 26 20
42 29 27
42 31 8
42 32 15
42 35 25
42 37 5
42 38 18
42 41 27
43 0 16
43 3 15
43 4 4
43 7 4
43 8 19
43 9 11
43 14 15
43 18 17
43 21 23
43 26 5
43 28 18
43 29 19
43 33 15
43 36 17
43 38 6
43 39 18
43 40 22
43 42 25
44 0 20
44 2 20
44 3 18
44 5 7
44 8 15
44 9 22
44 10 15
44 11 17
44 12 6
44 13 23
44 14 12
44 15 20
44 16 2
44 17 11
44 18 12
44 19 16
44 20 2
44 22 18
44 24 17
44 27 3
44 28 1
44 31 22
44 32 6
44 34 16
44 37 13
44 38 20
44 40 6
44 41 22
44 42 14
44 43 6
45 2 4
45 3 25
45 7 20
45 8 13
45 11 17
45 12 12
45 13 7
45 14 18
45 15 26
45 16 22
45 18 8
45 22 20
45 23 26
45 24 24
45 25 17
45 26 12
45 27 27
45 28 12
45 29 4
45 32 3
45 33 19
45 34 11
45 36 3
45 38 12
45 39 2
45 41 17
45 44 13
46 1 18
46 2 13
46 4 9
46 6 15
46 7 9
46 9 6
46 10 18
46 15 20
46 16 22
46 17 7
46 21 13
46 23 10
46 29 8
46 30 21
46 31 11
46 33 10
46 35 23
46 41 16
46 42 19
46 43 18
46 45 5
47 1 21
47 5 7
47 6 20
47 8 5
47 10 7
47 12 3
47 15 15
47 16 3
47 17 20
47 18 21
47 21 2
47 25 23
47 29 12
47 32 25
47 36 8
47 37 2
47 41 5
47 42 12
48 0 22
48 1 27
48 2 21
48 3 26
48 8 21
48 9 21
48 10 21
48 16 6
48 18 8
48 19 11
48 22 9
48 24 2
48 25 9
48 26 1
48 28 2
48 29 27
48 31 7
48 33 26
48 35 24
48 37 22
48 38 16
48 39 8
48 40 25
48 42 14
48 44 2
48 46 25
49 0 2
49 1 23
49 3 18
49 5 15
49 7 2
49 8 9
49 9 19
49 10 20
49 11 24
49 16 21
49 22 8
49 23 17
49 25 5
49 26 22
49 27 5
49 28 12
49 32 18
49 34 22
49 35 15
49 38 16
49 39 19
49 40 18
49 41 17
49 45 20
49 46 25
49 47 1
49 48 2
50 3 15
50 5 11
50 7 9
50 8 9
50 10 25
50 13 14
50 15 8
50 22 10
50 23 7
50 33 15
50 40 4
50 42 18
50 44 17
50 47 2
50 48 21
50 49 17
51 5 18
51 6 27
51 7 4
51 8 5
51 12 10
51 15 14
51 18 14
51 21 14
51 22 22
51 23 11
51 24 5
51 25 21
51 27 10
51 28 14
51 29 23
51 30 26
51 32 23
51 33 5
51 34 14
51 36 25
51 37 11
51 38 11
51 41 23
51 42 25
51 43 17
51 44 21
51 45 22
51 47 8
51 49 6
52 2 7
52 3 8
52 7 5
52 8 9
52 9 20
52 14 5
52 18 18
52 19 27
52 21 17
52 23 17
52 25 19
52 26 14
52 29 24
52 30 12
52 34 27
52 35 21
52 37 11
52 38 15
52 44 9
52 46 27
52 47 13
52 51 3
53 2 8
53 3 5
53 4 11
53 8 27
53 9 10
53 11 25
53 12 3
53 13 23
53 15 1
53 20 7
53 21 10
53 22 8
53 24 25
53 25 2
53 29 11
53 30 2
53 31 25
53 34 16
53 37 19
53 38 4
53 41 7
53 42 15
53 44 6
53 45 6
53 46 3
53 47 10
53 48 16
53 49 17
53 50 19
53 51 7
53 52 10
54 0 11
54 3 19
54 4 13
54 5 6
54 8 16
54 10 17
54 13 21
54 14 18
54 15 10
54 17 17
54 18 23
54 19 4
54 20 24
54 22 18
54 24 18
54 27 15
54 28 5
54 29 8
54 31 21
54 35 20
54 36 19
54 38 11
54 40 5
54 41 1
54 45 27
54 49 3
54 51 24
54 52 6
54 53 17
55 0 24
55 2 16
55 3 6
55 5 2
55 7 17
55 8 12
55 9 11
55 10 11
55 11 9
55 12 5
55 14 16
55 15 21
55 20 7
55 22 15
55 23 24
55 24 7
55 26 25
55 28 18
55 30 4
55 37 25
55 38 5
55 40 12
55 42 12
55 44 27
55 45 3
55 46 21
55 49 27
55 50 14
55 51 24
55 53 2
55 54 27
56 2 6
56 5 17
56 8 16
56 10 26
56 13 10
56 14 24
56 15 20
56 19 3
56 21 10
56 23 21
56 24 20
56 25 24
56 26 27
56 27 1
56 32 19
56 37 12
56 42 11
56 45 19
56 49 12
56 50 5
56 51 17
56 52 9
56 53 2
56 54 10
57 1 11
57 4 27
57 6 15
57 7 13
57 8 14
57 10 12
57 13 13
57 14 6
57 15 23
57 17 11
57 18 1
57 19 12
57 21 11
57 22 24
57 24 6
57 25 10
57 26 27
57 28 19
57 30 21
57 33 26
57 35 2
57 36 18
57 39 4
57 44 6
57 46 4
57 47 5
57 48 27
57 49 14
57 50 16
57 51 5
57 52 6
57 55 1
58 0 23
58 3 13
58 4 5
58 5 11
58 10 13
58 13 7
58 14 3
58 15 23
58 17 17
58 18 23
58 21 15
58 23 10
58 24 6
58 27 24
58 28 5
58 31 4
58 32 27
58 35 16
58 36 24
58 38 7
58 41 5
58 49 1
58 53 20
58 54 18
58 56 6
58 57 6
59 0 22
59 1 8
59 2 2
59 3 27
59 5 25
59 6 22
59 7 7
59 8 27
59 12 10
59 13 8
59 16 16
59 17 24
59 18 4
59 20 8
59 21 16
59 22 24
59 25 26
59 26 20
59 28 18
59 29 27
59 30 6
59 32 18
59 33 5
59 34 16
59 35 4
59 38 14
59 39 16
59 41 11
59 43 24
59 44 25
59 45 8
59 46 21
59 47 16
59 50 26
59 58 9
60 0 19
60 2 21
60 3 9
60 5 7
60 8 6
60 10 18
60 11 14
60 12 6
60 13 4
60 14 21
60 15 9
60 16 27
60 18 13
60 23 25
60 27 22
60 29 1
60 30 7
60 32 10
60 36 6
60 39 3
60 40 25
60 42 7
60 43 22
60 46 20
60 48 2
60 53 27
60 57 6
61 4 22
61 5 5
61 9 6
61 11 20
61 13 10
61 14 17
61 16 4
61 18 4
61 21 24
61 23 3
61 26 16
61 27 15
61 28 6
61 29 8
61 30 8
61 31 25
61 32 15
61 36 7
61 39 21
61 40 19
61 42 3
61 44 27
61 45 2
61 50 23
61 51 17
61 53 19
61 54 16
61 55 23
61 57 26
61 58 27
61 60 7
62 0 21
62 1 21
62 3 20
62 7 26
62 9 5
62 10 19
62 11 9
62 12 16
62 14 20
62 15 3
62 19 10
62 20 26
62 21 23
62 22 22
62 24 12
62 25 23
62 27 22
62 31 18
62 33 19
62 34 5
62 35 25
62 36 6
62 39 17
62 42 3
62 43 22
62 44 11
62 48 6
62 50 9
62 51 21
62 56 23
62 57 18
62 59 12
62 61 13
63 2 21
63 3 13
63 4 2
63 5 17
63 6 7
63 17 3
63 22 20
63 24 8
63 25 3
63 27 5
63 28 2
63 29 4
63 32 3
63 36 1
63 38 7
63 39 9
63 40 14
63 42 5
63 43 7
63 44 25
63 46 18
63 50 8
63 52 12
63 54 19
63 55 24
63 57 4
63 58 11
63 59 20
63 60 7
64 4 26
64 7 1
64 9 12
64 10 26
64 11 26
64 12 13
64 16 12
64 19 18
64 22 27
64 23 22
64 24 15
64 25 25
64 28 4
64 29 12
64 35 5
64 37 14
64 38 10
64 39 23
64 41 5
64 42 18
64 50 11
64 52 25
64 53 19
64 54 26
64 55 4
64 56 2
64 57 22
64 60 21
64 62 26
64 63 26
65 0 18
65 1 10
65 2 12
65 3 11
65 5 14
65 6 24
65 8 3
65 9 7
65 11 7
65 13 6
65 18 15
65 19 2
65 22 3
65 24 27
65 27 2
65 29 1
65 32 7
65 33 20
65 34 17
65 36 1
65 37 12
65 38 16
65 40 20
65 41 13
65 43 9
65 45 6
65 46 7
65 47 17
65 48 20
65 49 6
65 50 9
65 54 4
65 56 25
65 57 12
65 59 9
65 60 27
65 61 22
65 62 23
66 0 2
66 5 23
66 7 21
66 8 21
66 12 27
66 14 11
66 15 27
66 16 11
66 17 5
66 19 7
66 25 5
66 29 18
66 31 17
66 33 3
66 36 9
66 38 8
66 39 6
66 40 2
66 41 2
66 45 17
66 46 8
66 48 8
66 50 23
66 53 3
66 55 16
66 56 27
66 58 1
66 59 13
66 60 2
66 61 20
66 62 15
66 63 11
66 64 6
66 65 13
