60
1 0 1
2 0 2
2 1 3
3 0 1
3 1 1
3 2 3
4 0 1
5 1 2
5 4 1
6 0 1
6 1 2
6 2 3
6 5 2
7 0 3
7 3 1
7 4 3
7 6 3
8 2 2
8 3 3
8 5 3
8 7 3
9 4 3
9 6 1
10 2 3
10 5 3
10 6 1
10 7 1
10 8 1
10 9 2
11 0 1
11 3 3
11 5 2
11 9 2
12 0 1
12 9 1
13 1 2
13 6 3
13 9 3
13 11 2
13 12 2
14 0 3
14 2 3
14 5 2
14 9 1
14 10 2
14 12 2
15 4 1
15 7 1
15 8 2
15 9 3
15 10 1
15 13 1
16 1 2
16 2 2
16 4 2
16 6 3
16 9 1
16 10 2
16 12 3
16 13 3
16 14 1
17 2 1
17 3 2
17 4 1
17 5 3
17 7 1
17 13 2
17 15 3
18 0 3
18 2 2
18 3 2
18 7 2
18 13 2
18 14 3
18 17 2
19 0 1
19 1 2
19 2 1
19 3 1
19 4 1
19 8 1
19 9 3
19 12 3
19 13 3
19 14 2
19 16 2
19 18 2
20 1 1
20 2 2
20 3 1
20 4 1
20 6 3
20 10 1
20 12 3
20 13 3
20 16 1
20 17 1
20 18 3
20 19 2
21 0 1
21 3 2
21 4 1
21 5 1
21 11 3
21 12 1
21 13 1
21 14 1
21 16 2
22 2 1
22 4 1
22 6 3
22 8 1
22 9 1
22 10 1
22 12 1
22 15 1
22 17 3
22 18 1
22 19 3
22 20 1
22 21 2
23 0 1
23 2 1
23 4 3
23 5 3
23 8 3
23 16 3
23 18 3
24 0 3
24 1 2
24 3 1
24 4 3
24 6 1
24 7 3
24 8 1
24 9 2
24 10 3
24 11 1
24 12 2
24 13 1
24 14 2
24 15 3
24 18 3
24 19 2
24 22 3
25 0 3
25 2 3
25 6 3
25 7 1
25 8 1
25 9 2
25 11 3
25 12 2
25 13 2
25 15 1
25 16 1
25 21 3
25 22 1
25 23 2
26 1 3
26 4 2
26 5 3
26 6 2
26 8 1
26 10 1
26 15 1
26 23 1
26 25 1
27 0 2
27 5 3
27 6 2
27 9 3
27 10 2
27 12 3
27 17 3
27 19 2
27 21 2
27 25 2
27 26 3
28 3 2
28 5 2
28 10 3
28 11 1
28 12 1
28 13 1
28 16 1
28 17 2
28 18 3
28 19 2
28 20 3
28 22 2
28 26 2
29 0 2
29 3 2
29 5 3
29 6 3
29 8 2
29 10 2
29 19 2
29 20 3
29 21 1
29 22 2
29 23 1
29 24 3
29 28 1
30 2 1
30 4 3
30 5 3
30 6 3
30 7 2
30 14 3
30 15 3
30 16 3
30 17 3
30 19 2
30 21 3
30 22 2
30 24 1
30 27 1
31 0 1
31 2 3
31 5 3
31 8 1
31 9 2
31 10 1
31 11 1
31 13 2
31 15 1
31 16 3
31 18 2
32 0 3
32 1 2
32 8 1
32 10 1
32 11 2
32 13 3
32 14 2
32 15 2
32 16 3
32 17 1
32 18 3
32 19 1
32 21 2
32 22 1
32 25 3
32 26 1
32 29 1
32 30 2
33 2 3
33 5 3
33 6 3
33 9 3
33 10 1
33 13 1
33 16 1
33 18 3
33 19 2
33 21 3
33 22 1
33 25 1
33 27 1
33 28 2
33 29 2
33 30 3
33 32 1
34 0 2
34 1 2
34 2 2
34 4 3
34 5 2
34 7 2
34 9 3
34 11 1
34 12 1
34 13 1
34 14 1
34 16 1
34 18 2
34 19 2
34 20 1
34 21 2
34 22 1
34 28 2
34 30 1
34 32 3
34 33 1
35 0 2
35 3 3
35 5 2
35 6 3
35 7 3
35 12 2
35 13 2
35 15 2
35 17 1
35 18 2
35 19 2
35 22 3
35 23 3
35 25 3
35 27 2
35 28 3
35 29 1
35 30 1
35 34 1
36 1 1
36 3 3
36 6 1
36 7 3
36 9 2
36 11 1
36 13 2
36 15 1
36 17 1
36 25 3
36 27 3
36 29 1
36 30 2
36 31 1
37 4 1
37 6 1
37 7 3
37 9 1
37 11 2
37 12 2
37 13 2
37 17 2
37 18 1
37 21 1
37 22 3
37 24 3
37 25 3
37 28 3
37 29 2
37 30 1
37 33 1
37 35 1
38 0 2
38 1 3
38 4 1
38 12 3
38 13 2
38 14 1
38 16 1
38 21 1
38 22 3
38 23 3
38 25 2
38 27 1
38 29 2
38 30 2
38 31 1
38 34 1
38 35 2
38 36 3
38 37 3
39 3 3
39 4 1
39 5 1
39 8 2
39 9 2
39 10 3
39 14 1
39 15 2
39 16 2
39 19 3
39 20 2
39 26 2
39 28 2
39 29 1
39 30 2
39 31 1
39 35 3
39 37 3
40 0 1
40 3 1
40 5 1
40 9 3
40 11 2
40 14 1
40 17 3
40 19 1
40 20 1
40 21 2
40 22 2
40 23 2
40 24 2
40 25 1
40 26 1
40 29 3
40 30 1
40 31 2
40 33 1
40 34 2
40 37 3
40 38 1
41 1 1
41 2 3
41 7 3
41 8 2
41 9 3
41 10 1
41 11 3
41 12 3
41 14 3
41 15 3
41 16 1
41 21 1
41 23 2
41 24 3
41 27 3
41 30 3
41 31 3
41 32 1
41 34 1
41 37 1
41 38 1
41 39 3
42 1 3
42 6 3
42 7 3
42 9 3
42 10 2
42 11 3
42 12 1
42 13 3
42 14 3
42 16 3
42 18 2
42 19 1
42 20 2
42 21 3
42 23 3
42 24 2
42 25 3
42 26 3
42 27 2
42 33 2
42 34 3
42 35 3
42 37 1
42 38 3
42 39 1
42 41 2
43 0 1
43 1 2
43 4 2
43 5 2
43 7 2
43 8 1
43 10 1
43 11 1
43 14 3
43 15 3
43 18 2
43 19 3
43 22 1
43 24 3
43 26 3
43 27 3
43 29 3
43 30 3
43 31 3
43 33 3
43 34 3
43 35 2
43 38 3
43 41 2
43 42 2
44 0 2
44 2 2
44 3 2
44 7 2
44 13 1
44 14 2
44 19 3
44 20 3
44 21 3
44 22 3
44 25 1
44 27 1
44 30 1
44 31 3
44 32 1
44 34 1
44 35 1
44 41 3
44 42 2
45 0 3
45 1 3
45 4 3
45 5 1
45 9 2
45 11 3
45 13 3
45 14 3
45 15 3
45 16 1
45 18 1
45 24 2
45 26 1
45 30 1
45 32 3
45 35 3
45 36 2
45 37 2
45 38 3
45 39 3
45 43 1
45 44 2
46 0 2
46 2 2
46 5 3
46 7 3
46 8 2
46 9 2
46 10 3
46 11 1
46 12 3
46 14 3
46 17 2
46 22 2
46 23 1
46 25 3
46 28 3
46 34 1
46 37 3
46 38 3
46 40 2
46 42 2
46 45 1
47 2 3
47 4 2
47 5 1
47 6 2
47 8 3
47 10 1
47 12 1
47 16 3
47 17 3
47 19 2
47 20 1
47 21 2
47 23 1
47 24 3
47 27 1
47 28 2
47 30 3
47 32 3
47 33 1
47 36 2
47 39 1
47 41 3
47 43 3
47 45 2
48 2 3
48 3 3
48 6 3
48 7 1
48 8 1
48 9 3
48 10 1
48 11 1
48 15 3
48 16 1
48 17 3
48 21 3
48 24 2
48 25 2
48 27 2
48 28 2
48 29 2
48 30 1
48 32 2
48 34 3
48 40 2
48 41 3
48 42 2
48 45 1
48 46 3
48 47 3
49 1 1
49 3 1
49 4 1
49 6 1
49 9 1
49 10 3
49 13 3
49 18 1
49 25 2
49 26 3
49 28 3
49 29 3
49 30 1
49 31 1
49 33 2
49 34 2
49 35 3
49 36 3
49 39 1
49 41 2
49 43 3
49 47 3
49 48 3
50 8 2
50 9 2
50 11 2
50 12 3
50 14 1
50 19 2
50 21 1
50 24 1
50 26 1
50 27 1
50 30 1
50 31 3
50 33 2
50 34 1
50 35 3
50 40 1
50 44 1
50 45 2
50 46 1
50 47 2
50 48 2
50 49 2
51 3 1
51 4 2
51 5 2
51 6 3
51 8 3
51 9 2
51 11 3
51 13 1
51 20 2
51 22 3
51 27 2
51 28 3
51 29 3
51 34 3
51 37 3
51 38 2
51 42 1
51 44 2
51 45 1
51 47 2
51 48 2
51 50 1
52 0 1
52 1 2
52 2 2
52 3 3
52 4 3
52 9 2
52 10 2
52 14 1
52 15 2
52 16 2
52 18 2
52 20 3
52 22 2
52 24 2
52 29 2
52 31 3
52 32 3
52 33 2
52 38 3
52 40 1
52 42 1
52 43 3
52 44 1
52 48 2
52 50 2
52 51 3
53 1 2
53 4 1
53 6 3
53 13 3
53 14 1
53 15 2
53 16 2
53 17 2
53 18 3
53 19 2
53 29 1
53 38 2
53 39 2
53 41 1
53 44 1
53 49 3
54 4 3
54 5 2
54 7 2
54 9 1
54 10 1
54 11 1
54 12 2
54 13 2
54 14 2
54 16 2
54 18 1
54 19 3
54 21 1
54 22 1
54 25 2
54 27 1
54 29 2
54 30 2
54 31 2
54 34 3
54 36 3
54 37 3
54 39 3
54 40 3
54 43 2
54 45 2
54 47 2
54 48 1
54 49 3
54 53 2
55 1 1
55 2 3
55 4 3
55 6 3
55 11 2
55 12 2
55 13 2
55 15 2
55 16 1
55 21 1
55 23 1
55 24 2
55 26 3
55 33 1
55 38 1
55 40 2
55 44 1
55 45 2
55 49 3
55 54 1
56 1 1
56 2 3
56 10 3
56 12 3
56 13 3
56 16 1
56 17 3
56 18 3
56 20 1
56 22 2
56 23 3
56 25 1
56 28 3
56 30 3
56 31 1
56 32 1
56 33 3
56 35 2
56 36 1
56 39 3
56 43 3
56 44 1
56 45 2
56 46 1
56 47 1
56 50 1
56 52 1
57 7 1
57 8 3
57 11 2
57 14 1
57 16 2
57 18 1
57 20 1
57 22 3
57 23 2
57 25 2
57 26 1
57 28 3
57 29 3
57 30 3
57 31 1
57 32 3
57 34 2
57 35 3
57 36 1
57 38 3
57 41 3
57 42 2
57 46 3
57 48 1
57 49 3
57 50 1
57 51 2
57 52 1
57 55 2
57 56 1
58 1 1
58 2 2
58 4 1
58 7 3
58 11 3
58 12 1
58 15 1
58 20 1
58 22 1
58 24 2
58 26 2
58 27 3
58 32 1
58 33 2
58 36 1
58 37 1
58 38 2
58 40 2
58 41 1
58 46 3
58 53 1
58 57 3
59 1 3
59 8 3
59 12 2
59 16 1
59 18 2
59 19 1
59 21 1
59 23 1
59 25 3
59 26 1
59 27 2
59 28 3
59 31 2
59 32 1
59 33 3
59 34 1
59 38 2
59 41 1
59 43 3
59 46 1
59 47 2
59 48 1
59 50 2
59 52 3
59 55 3
59 57 2
59 58 1
