21
1 0 10
2 0 8
2 1 13
3 0 2
3 1 8
3 2 14
4 0 5
4 1 14
4 2 1
4 3 7
5 0 16
5 1 15
5 2 16
5 3 8
5 4 16
6 0 4
6 1 2
6 2 11
6 3 15
6 4 13
6 5 15
7 0 11
7 1 7
7 2 18
7 3 13
7 4 11
7 5 12
7 6 13
8 0 4
8 1 8
8 2 10
8 3 11
8 4 17
8 5 8
8 6 5
8 7 13
9 0 11
9 1 18
9 2 11
9 3 4
9 4 5
9 5 16
9 6 17
9 7 18
9 8 3
10 0 2
10 1 16
10 2 10
10 3 8
10 4 6
10 5 12
10 6 9
10 7 6
10 8 3
10 9 5
11 0 1
11 1 7
11 2 18
11 3 14
11 4 11
11 5 9
11 6 1
11 7 17
11 8 12
11 9 1
11 10 14
12 0 10
12 1 9
12 2 16
12 3 16
12 4 16
12 5 1
12 6 6
12 7 12
12 8 18
12 9 9
12 10 14
12 11 6
13 0 7
13 1 17
13 2 15
13 3 9
13 4 12
13 5 13
13 6 17
13 7 17
13 8 17
13 9 6
13 10 18
13 11 11
13 12 11
14 0 11
14 1 2
14 2 4
14 3 14
14 4 11
14 5 5
14 6 13
14 7 9
14 8 1
14 9 18
14 10 4
14 11 3
14 12 7
14 13 11
15 0 7
15 1 12
15 2 2
15 3 3
15 4 7
15 5 15
15 6 12
15 7 10
15 8 18
15 9 6
15 10 10
15 11 9
15 12 13
15 13 17
15 14 11
16 0 7
16 1 11
16 2 2
16 3 17
16 4 8
16 5 2
16 6 17
16 7 4
16 8 9
16 9 13
16 10 3
16 11 4
16 12 2
16 13 2
16 14 14
16 15 18
17 0 5
17 1 6
17 2 2
17 3 8
17 4 14
17 5 14
17 6 18
17 7 10
17 8 10
17 9 10
17 10 4
17 11 12
17 12 9
17 13 2
17 14 11
17 15 3
17 16 7
18 0 18
18 1 9
18 2 12
18 3 1
18 4 10
18 5 5
18 6 16
18 7 7
18 8 9
18 9 6
18 10 7
18 11 2
18 12 14
18 13 12
18 14 4
18 15 7
18 16 3
18 17 10
19 0 3
19 1 9
19 2 13
19 3 2
19 4 1
19 5 1
19 6 12
19 7 3
19 8 2
19 9 10
19 10 6
19 11 17
19 12 15
19 13 3
19 14 18
19 15 16
19 16 16
19 17 8
19 18 13
20 0 17
20 1 12
20 2 4
20 3 18
20 4 18
20 5 8
20 6 11
20 7 13
20 8 18
20 9 2
20 10 14
20 11 5
20 12 14
20 13 15
20 14 6
20 15 13
20 16 10
20 17 5
20 18 18
20 19 9
