14
1 0 38
2 0 28
2 1 2
3 0 4
3 1 7
3 2 38
4 0 10
4 1 37
4 2 4
4 3 26
5 0 24
5 1 3
5 2 49
5 3 17
5 4 24
6 0 7
6 1 10
6 2 18
6 3 13
6 4 39
6 5 20
7 0 39
7 1 17
7 2 4
7 3 44
7 4 4
7 5 16
7 6 34
8 0 12
8 1 37
8 2 1
8 3 33
8 4 3
8 5 3
8 6 39
8 7 2
9 0 18
9 1 32
9 2 42
9 3 42
9 4 28
9 5 19
9 6 18
9 7 24
9 8 34
10 0 41
10 1 33
10 2 1
10 3 2
10 4 43
10 5 11
10 6 20
10 7 49
10 8 23
10 9 34
11 0 23
11 1 29
11 2 43
11 3 32
11 4 5
11 5 18
11 6 33
11 7 27
11 8 10
11 9 19
11 10 47
12 0 2
12 1 44
12 2 26
12 3 17
12 4 43
12 5 35
12 6 21
12 7 6
12 8 36
12 9 9
12 10 31
12 11 30
13 0 49
13 1 9
13 2 48
13 3 5
13 4 7
13 5 12
13 6 1
13 7 19
13 8 10
13 9 19
13 10 14
13 11 4
13 12 35
