38
2 0 13
3 0 20
3 1 24
3 2 26
4 2 40
5 0 37
5 1 44
5 2 29
6 0 2
6 4 8
7 2 8
7 3 20
7 4 40
7 5 34
8 2 48
8 3 46
8 4 20
8 5 20
8 6 28
8 7 20
9 3 2
9 4 20
10 0 1
10 1 27
10 3 34
10 6 51
10 8 50
10 9 12
11 6 14
11 9 42
11 10 34
12 1 5
12 4 13
12 5 24
12 7 48
12 11 52
13 0 31
13 1 29
13 5 47
13 6 6
13 10 7
14 1 14
14 3 20
14 4 7
14 5 1
14 6 28
14 8 42
14 10 53
14 12 22
15 0 45
15 1 18
15 3 39
15 5 25
15 7 38
15 8 31
15 10 29
15 11 16
15 12 8
15 13 27
16 0 26
16 1 11
16 2 31
16 3 36
16 4 21
16 7 16
16 9 22
16 14 7
17 0 50
17 4 24
17 5 11
17 6 24
17 7 16
17 9 53
17 10 26
17 12 12
17 14 7
17 16 4
18 5 24
18 11 1
18 12 40
18 14 51
18 15 33
18 16 53
19 3 53
19 4 11
19 8 40
19 10 42
19 12 30
19 14 21
19 15 10
19 17 24
19 18 1
20 1 7
20 2 40
20 5 6
20 6 52
20 7 1
20 8 38
20 10 37
20 11 25
20 15 28
20 16 36
21 0 16
21 5 14
21 6 6
21 9 19
21 13 38
21 14 49
21 15 41
21 19 11
21 20 34
22 0 52
22 2 24
22 3 20
22 4 31
22 5 3
22 7 11
22 9 24
22 10 43
22 11 44
22 13 39
22 14 10
22 18 11
22 19 5
22 20 28
23 0 25
23 4 15
23 5 31
23 6 34
23 7 48
23 11 11
23 13 53
23 19 12
23 20 43
23 22 32
24 0 46
24 2 19
24 4 41
24 5 23
24 10 15
24 11 25
24 14 23
24 18 28
24 19 10
24 21 19
24 22 40
24 23 37
25 1 5
25 4 7
25 8 42
25 9 17
25 11 5
25 13 31
25 14 20
25 15 14
25 16 35
25 19 22
25 22 25
25 23 20
25 24 38
26 0 41
26 1 23
26 2 39
26 4 35
26 5 49
26 6 20
26 9 15
26 10 38
26 11 42
26 12 11
26 15 14
26 16 46
26 17 7
26 18 22
26 21 7
26 22 6
26 24 30
26 25 26
27 0 18
27 4 11
27 6 29
27 8 13
27 9 4
27 10 53
27 11 48
27 13 40
27 15 21
27 16 45
27 17 32
27 19 5
27 21 17
27 22 27
27 26 25
28 0 6
28 1 12
28 4 14
28 7 40
28 9 31
28 11 33
28 12 9
28 15 10
28 16 29
28 20 30
28 21 29
28 23 30
28 24 40
28 27 22
29 0 16
29 3 46
29 8 2
29 11 48
29 12 4
29 13 7
29 14 1
29 18 53
29 22 47
29 23 18
29 24 32
29 25 51
29 27 37
30 0 44
30 1 44
30 2 32
30 5 16
30 11 40
30 12 34
30 13 21
30 14 31
30 16 35
30 18 9
30 24 1
30 25 2
30 26 23
30 27 43
30 28 18
31 0 3
31 1 29
31 2 4
31 5 19
31 7 1
31 8 29
31 9 39
31 11 19
31 12 32
31 16 48
31 17 52
31 18 41
31 20 27
31 21 41
31 23 2
31 24 28
31 27 15
31 29 24
31 30 4
32 0 1
32 2 29
32 4 23
32 8 34
32 10 17
32 14 34
32 17 47
32 18 3
32 20 28
32 22 6
32 24 25
32 25 17
32 26 37
32 27 23
33 0 21
33 3 25
33 12 23
33 13 39
33 16 3
33 18 48
33 19 19
33 20 41
33 22 16
33 23 9
33 24 16
33 25 25
33 27 11
33 30 49
33 31 40
34 2 19
34 3 36
34 5 53
34 6 51
34 8 41
34 9 9
34 10 46
34 13 17
34 14 34
34 16 45
34 17 48
34 18 19
34 19 13
34 25 1
34 26 24
34 27 40
34 28 32
34 29 42
35 0 7
35 1 49
35 2 31
35 5 52
35 6 35
35 9 47
35 10 22
35 12 21
35 13 36
35 15 40
35 17 28
35 19 49
35 21 19
35 22 43
35 23 43
35 25 12
35 27 47
35 30 33
35 31 43
35 32 37
35 33 28
36 0 11
36 1 17
36 3 38
36 4 22
36 5 40
36 9 41
36 11 17
36 12 41
36 13 44
36 14 40
36 15 31
36 16 51
36 19 25
36 21 53
36 27 51
36 28 3
36 31 4
36 32 39
36 33 47
36 34 20
37 6 19
37 9 35
37 13 36
37 14 11
37 15 2
37 20 43
37 23 31
37 25 17
37 27 41
37 28 29
37 33 10
37 34 37
37 36 17
