29
1 0 13
2 0 15
3 1 6
3 2 10
4 1 2
4 2 12
4 3 6
5 2 3
6 0 1
6 1 4
6 3 2
6 4 11
7 0 16
7 1 13
7 4 2
7 5 5
8 1 6
8 2 14
8 3 16
8 4 16
8 6 14
9 1 7
9 2 11
9 5 13
9 6 12
9 7 1
9 8 15
10 0 6
10 1 4
10 3 15
10 6 16
11 0 6
11 1 2
11 2 1
11 6 6
11 7 1
11 8 7
11 10 15
12 0 13
12 2 8
12 8 14
12 9 13
12 10 7
12 11 6
13 1 9
13 2 6
13 3 9
13 10 15
13 11 12
14 1 12
14 3 1
14 4 12
14 5 6
14 6 7
15 2 12
15 3 5
15 5 8
15 7 13
15 12 16
16 1 6
16 2 6
16 4 3
16 5 13
16 7 7
16 10 15
16 11 15
16 14 10
16 15 14
17 0 9
17 4 8
17 5 2
17 6 3
17 7 7
17 8 5
17 9 5
17 10 13
17 14 12
17 15 13
17 16 5
18 0 3
18 1 6
18 2 13
18 4 6
18 5 5
18 10 16
18 11 7
18 13 10
18 14 7
18 16 10
18 17 5
19 0 6
19 4 16
19 6 12
19 8 1
19 10 6
19 11 4
19 12 3
19 13 16
19 14 5
19 18 2
20 1 11
20 2 12
20 3 8
20 4 12
20 7 16
20 10 9
20 13 15
20 16 16
20 19 16
21 2 11
21 3 14
21 6 13
21 7 11
21 8 10
21 10 16
21 14 3
22 1 12
22 2 12
22 3 8
22 4 2
22 6 14
22 9 8
22 10 6
22 13 1
22 14 3
22 15 7
22 17 6
22 18 3
22 20 1
22 21 10
23 0 8
23 2 3
23 3 8
23 4 6
23 7 1
23 9 5
23 10 14
23 12 7
23 13 4
23 15 11
23 16 12
23 19 10
23 20 9
23 21 15
24 3 15
24 5 8
24 8 11
24 9 3
24 11 14
24 12 8
24 14 11
24 16 4
24 17 13
24 18 15
24 19 11
24 20 8
24 21 10
25 0 14
25 7 8
25 8 12
25 9 13
25 11 1
25 18 5
25 19 7
25 20 8
25 23 12
26 0 12
26 1 7
26 5 9
26 7 10
26 8 4
26 9 3
26 11 8
26 15 16
26 20 16
26 21 10
26 23 5
27 0 1
27 1 11
27 2 7
27 3 13
27 5 1
27 8 14
27 9 2
27 10 8
27 11 16
27 12 9
27 13 13
27 15 5
27 19 6
27 20 9
27 21 11
27 22 15
27 24 2
28 1 7
28 2 5
28 3 8
28 5 5
28 7 6
28 10 13
28 11 8
28 12 10
28 13 2
28 15 15
28 16 3
28 19 3
28 20 3
