66
1 0 15
2 0 7
2 1 11
3 0 15
3 1 16
3 2 3
4 0 16
4 1 5
4 2 2
4 3 10
5 0 8
5 1 16
5 2 5
5 3 15
5 4 11
6 0 9
6 1 18
6 2 1
6 3 6
6 4 17
6 5 19
7 0 14
7 1 13
7 2 3
7 3 13
7 4 16
7 5 11
7 6 6
8 0 3
8 1 10
8 2 17
8 3 7
8 4 14
8 5 16
8 6 11
8 7 13
9 0 18
9 1 3
9 2 16
9 3 11
9 4 6
9 5 3
9 6 8
9 7 15
9 8 9
10 0 11
10 1 10
10 2 2
10 3 12
10 4 2
10 5 12
10 6 17
10 7 14
10 8 8
10 9 16
11 0 13
11 1 12
11 2 13
11 3 4
11 4 9
11 5 15
11 6 10
11 7 12
11 8 6
11 9 18
11 10 8
12 0 8
12 1 6
12 2 6
12 3 16
12 4 14
12 5 16
12 6 12
12 7 5
12 8 14
12 9 3
12 10 2
12 11 15
13 0 1
13 1 9
13 2 2
13 3 15
13 4 5
13 5 8
13 6 17
13 7 8
13 8 1
13 9 7
13 10 16
13 11 18
13 12 11
14 0 14
14 1 7
14 2 14
14 3 5
14 4 10
14 5 17
14 6 12
14 7 3
14 8 7
14 9 12
14 10 13
14 11 19
14 12 17
14 13 15
15 0 19
15 1 15
15 2 12
15 3 6
15 4 16
15 5 2
15 6 1
15 7 3
15 8 12
15 9 14
15 10 3
15 11 9
15 12 6
15 13 6
15 14 19
16 0 18
16 1 5
16 2 14
16 3 15
16 4 7
16 5 6
16 6 19
16 7 2
16 8 8
16 9 9
16 10 19
16 11 2
16 12 10
16 13 6
16 14 18
16 15 18
17 0 5
17 1 4
17 2 7
17 3 13
17 4 1
17 5 12
17 6 13
17 7 16
17 8 8
17 9 15
17 10 16
17 11 12
17 12 2
17 13 10
17 14 3
17 15 13
17 16 19
18 0 18
18 1 10
18 2 14
18 3 11
18 4 16
18 5 10
18 6 19
18 7 19
18 8 11
18 9 7
18 10 5
18 11 18
18 12 3
18 13 13
18 14 19
18 15 11
18 16 2
18 17 9
19 0 12
19 1 8
19 2 8
19 3 13
19 4 18
19 5 4
19 6 15
19 7 16
19 8 12
19 9 7
19 10 9
19 11 13
19 12 6
19 13 17
19 14 15
19 15 18
19 16 13
19 17 12
19 18 4
20 0 5
20 1 14
20 2 9
20 3 18
20 4 10
20 5 3
20 6 8
20 7 6
20 8 2
20 9 6
20 10 14
20 11 6
20 12 5
20 13 8
20 14 19
20 15 14
20 16 16
20 17 12
20 18 10
20 19 9
21 0 1
21 1 13
21 2 4
21 3 3
21 4 4
21 5 16
21 6 12
21 7 14
21 8 11
21 9 2
21 10 10
21 11 10
21 12 19
21 13 12
21 14 19
21 15 17
21 16 16
21 17 8
21 18 13
21 19 15
21 20 10
22 0 10
22 1 13
22 2 16
22 3 15
22 4 10
22 5 7
22 6 4
22 7 7
22 8 7
22 9 13
22 10 3
22 11 2
22 12 3
22 13 9
22 14 5
22 15 12
22 16 17
22 17 17
22 18 4
22 19 1
22 20 8
22 21 15
23 0 1
23 1 19
23 2 7
23 3 16
23 4 18
23 5 7
23 6 16
23 7 18
23 8 19
23 9 18
23 10 9
23 11 12
23 12 16
23 13 5
23 14 18
23 15 9
23 16 12
23 17 9
23 18 8
23 19 13
23 20 4
23 21 7
23 22 3
24 0 1
24 1 1
24 2 15
24 3 15
24 4 6
24 5 12
24 6 4
24 7 16
24 8 2
24 9 18
24 10 16
24 11 2
24 12 10
24 13 16
24 14 19
24 15 9
24 16 7
24 17 18
24 18 12
24 19 6
24 20 11
24 21 10
24 22 8
24 23 2
25 0 1
25 1 13
25 2 9
25 3 19
25 4 11
25 5 1
25 6 11
25 7 5
25 8 12
25 9 5
25 10 16
25 11 9
25 12 1
25 13 10
25 14 16
25 15 12
25 16 11
25 17 9
25 18 6
25 19 8
25 20 9
25 21 5
25 22 4
25 23 7
25 24 8
26 0 1
26 1 6
26 2 1
26 3 10
26 4 5
26 5 2
26 6 12
26 7 18
26 8 18
26 9 7
26 10 3
26 11 16
26 12 3
26 13 16
26 14 15
26 15 17
26 16 17
26 17 14
26 18 9
26 19 19
26 20 9
26 21 16
26 22 13
26 23 3
26 24 10
26 25 5
27 0 19
27 1 3
27 2 17
27 3 1
27 4 12
27 5 4
27 6 18
27 7 14
27 8 15
27 9 3
27 10 4
27 11 8
27 12 9
27 13 12
27 14 15
27 15 6
27 16 11
27 17 17
27 18 17
27 19 8
27 20 7
27 21 16
27 22 6
27 23 11
27 24 12
27 25 5
27 26 16
28 0 14
28 1 11
28 2 4
28 3 18
28 4 13
28 5 13
28 6 14
28 7 7
28 8 19
28 9 4
28 10 2
28 11 11
28 12 19
28 13 9
28 14 19
28 15 9
28 16 7
28 17 11
28 18 11
28 19 8
28 20 17
28 21 10
28 22 8
28 23 9
28 24 18
28 25 17
28 26 8
28 27 18
29 0 3
29 1 2
29 2 13
29 3 15
29 4 1
29 5 8
29 6 12
29 7 1
29 8 8
29 9 8
29 10 6
29 11 16
29 12 17
29 13 14
29 14 19
29 15 19
29 16 1
29 17 14
29 18 18
29 19 15
29 20 4
29 21 18
29 22 11
29 23 7
29 24 12
29 25 15
29 26 14
29 27 15
29 28 16
30 0 12
30 1 15
30 2 8
30 3 2
30 4 7
30 5 2
30 6 3
30 7 15
30 8 16
30 9 10
30 10 17
30 11 3
30 12 2
30 13 7
30 14 7
30 15 16
30 16 14
30 17 13
30 18 5
30 19 19
30 20 18
30 21 11
30 22 11
30 23 13
30 24 10
30 25 5
30 26 18
30 27 4
30 28 11
30 29 9
31 0 7
31 1 14
31 2 18
31 3 14
31 4 5
31 5 11
31 6 19
31 7 15
31 8 9
31 9 13
31 10 15
31 11 9
31 12 15
31 13 6
31 14 9
31 15 4
31 16 9
31 17 4
31 18 3
31 19 5
31 20 7
31 21 9
31 22 3
31 23 14
31 24 17
31 25 11
31 26 1
31 27 10
31 28 13
31 29 3
31 30 7
32 0 9
32 1 3
32 2 18
32 3 5
32 4 3
32 5 17
32 6 8
32 7 11
32 8 16
32 9 13
32 10 14
32 11 9
32 12 17
32 13 10
32 14 1
32 15 19
32 16 7
32 17 3
32 18 5
32 19 11
32 20 13
32 21 5
32 22 5
32 23 15
32 24 15
32 25 1
32 26 5
32 27 19
32 28 16
32 29 10
32 30 2
32 31 17
33 0 13
33 1 14
33 2 14
33 3 16
33 4 7
33 5 11
33 6 15
33 7 13
33 8 14
33 9 3
33 10 11
33 11 8
33 12 11
33 13 3
33 14 18
33 15 17
33 16 18
33 17 16
33 18 8
33 19 17
33 20 2
33 21 8
33 22 8
33 23 14
33 24 19
33 25 19
33 26 15
33 27 9
33 28 12
33 29 11
33 30 19
33 31 1
33 32 7
34 0 16
34 1 17
34 2 19
34 3 11
34 4 6
34 5 8
34 6 13
34 7 10
34 8 12
34 9 16
34 10 2
34 11 2
34 12 18
34 13 5
34 14 17
34 15 3
34 16 3
34 17 16
34 18 7
34 19 2
34 20 3
34 21 17
34 22 2
34 23 1
34 24 13
34 25 9
34 26 2
34 27 16
34 28 4
34 29 19
34 30 13
34 31 7
34 32 10
34 33 18
35 0 14
35 1 5
35 2 10
35 3 18
35 4 13
35 5 6
35 6 18
35 7 13
35 8 2
35 9 1
35 10 3
35 11 7
35 12 4
35 13 10
35 14 2
35 15 13
35 16 9
35 17 6
35 18 5
35 19 16
35 20 6
35 21 9
35 22 7
35 23 6
35 24 2
35 25 3
35 26 13
35 27 7
35 28 11
35 29 16
35 30 2
35 31 15
35 32 13
35 33 10
35 34 7
36 0 12
36 1 12
36 2 16
36 3 3
36 4 1
36 5 14
36 6 12
36 7 3
36 8 2
36 9 10
36 10 9
36 11 12
36 12 12
36 13 15
36 14 16
36 15 2
36 16 1
36 17 16
36 18 18
36 19 7
36 20 8
36 21 16
36 22 10
36 23 5
36 24 3
36 25 10
36 26 7
36 27 14
36 28 18
36 29 3
36 30 14
36 31 6
36 32 8
36 33 16
36 34 11
36 35 8
37 0 4
37 1 5
37 2 17
37 3 2
37 4 7
37 5 14
37 6 14
37 7 14
37 8 19
37 9 1
37 10 8
37 11 5
37 12 6
37 13 5
37 14 11
37 15 2
37 16 4
37 17 2
37 18 12
37 19 2
37 20 12
37 21 16
37 22 9
37 23 13
37 24 17
37 25 17
37 26 9
37 27 3
37 28 12
37 29 4
37 30 7
37 31 13
37 32 19
37 33 14
37 34 7
37 35 18
37 36 5
38 0 1
38 1 9
38 2 6
38 3 13
38 4 14
38 5 3
38 6 13
38 7 17
38 8 18
38 9 15
38 10 12
38 11 2
38 12 15
38 13 1
38 14 1
38 15 8
38 16 12
38 17 2
38 18 1
38 19 13
38 20 19
38 21 10
38 22 18
38 23 1
38 24 19
38 25 13
38 26 16
38 27 7
38 28 12
38 29 5
38 30 10
38 31 15
38 32 12
38 33 3
38 34 4
38 35 1
38 36 6
38 37 11
39 0 10
39 1 17
39 2 5
39 3 2
39 4 1
39 5 14
39 6 16
39 7 19
39 8 12
39 9 7
39 10 10
39 11 18
39 12 13
39 13 5
39 14 18
39 15 14
39 16 17
39 17 12
39 18 14
39 19 3
39 20 10
39 21 15
39 22 2
39 23 17
39 24 1
39 25 18
39 26 14
39 27 11
39 28 16
39 29 11
39 30 19
39 31 6
39 32 19
39 33 13
39 34 4
39 35 19
39 36 19
39 37 8
39 38 4
40 0 7
40 1 18
40 2 8
40 3 13
40 4 14
40 5 4
40 6 15
40 7 8
40 8 15
40 9 4
40 10 15
40 11 4
40 12 19
40 13 19
40 14 12
40 15 12
40 16 4
40 17 9
40 18 8
40 19 12
40 20 7
40 21 6
40 22 5
40 23 12
40 24 10
40 25 6
40 26 6
40 27 9
40 28 4
40 29 17
40 30 11
40 31 15
40 32 8
40 33 11
40 34 8
40 35 11
40 36 17
40 37 14
40 38 3
40 39 3
41 0 9
41 1 2
41 2 15
41 3 5
41 4 5
41 5 2
41 6 7
41 7 3
41 8 2
41 9 1
41 10 14
41 11 6
41 12 10
41 13 6
41 14 18
41 15 12
41 16 17
41 17 12
41 18 16
41 19 6
41 20 1
41 21 9
41 22 3
41 23 4
41 24 1
41 25 10
41 26 6
41 27 18
41 28 16
41 29 18
41 30 6
41 31 18
41 32 2
41 33 11
41 34 2
41 35 14
41 36 5
41 37 2
41 38 8
41 39 15
41 40 17
42 0 7
42 1 18
42 2 9
42 3 13
42 4 18
42 5 16
42 6 17
42 7 13
42 8 16
42 9 15
42 10 7
42 11 15
42 12 2
42 13 17
42 14 14
42 15 6
42 16 19
42 17 13
42 18 14
42 19 5
42 20 15
42 21 14
42 22 10
42 23 18
42 24 9
42 25 19
42 26 7
42 27 4
42 28 15
42 29 3
42 30 15
42 31 13
42 32 6
42 33 15
42 34 11
42 35 10
42 36 13
42 37 15
42 38 12
42 39 10
42 40 13
42 41 13
43 0 15
43 1 4
43 2 6
43 3 18
43 4 8
43 5 12
43 6 9
43 7 2
43 8 2
43 9 14
43 10 14
43 11 14
43 12 8
43 13 9
43 14 5
43 15 13
43 16 16
43 17 6
43 18 2
43 19 9
43 20 9
43 21 11
43 22 16
43 23 2
43 24 10
43 25 5
43 26 5
43 27 15
43 28 9
43 29 5
43 30 6
43 31 3
43 32 17
43 33 17
43 34 19
43 35 2
43 36 13
43 37 8
43 38 9
43 39 9
43 40 19
43 41 18
43 42 5
44 0 2
44 1 19
44 2 3
44 3 19
44 4 19
44 5 8
44 6 8
44 7 4
44 8 4
44 9 5
44 10 11
44 11 2
44 12 9
44 13 14
44 14 1
44 15 9
44 16 6
44 17 3
44 18 1
44 19 12
44 20 14
44 21 4
44 22 15
44 23 1
44 24 6
44 25 7
44 26 7
44 27 10
44 28 9
44 29 8
44 30 4
44 31 3
44 32 4
44 33 2
44 34 6
44 35 4
44 36 11
44 37 1
44 38 6
44 39 7
44 40 10
44 41 4
44 42 9
44 43 2
45 0 8
45 1 18
45 2 4
45 3 8
45 4 15
45 5 10
45 6 18
45 7 17
45 8 15
45 9 7
45 10 6
45 11 11
45 12 1
45 13 13
45 14 16
45 15 4
45 16 1
45 17 3
45 18 18
45 19 1
45 20 10
45 21 5
45 22 1
45 23 17
45 24 7
45 25 5
45 26 19
45 27 17
45 28 6
45 29 6
45 30 10
45 31 13
45 32 16
45 33 3
45 34 18
45 35 18
45 36 18
45 37 9
45 38 7
45 39 12
45 40 9
45 41 18
45 42 3
45 43 11
45 44 14
46 0 2
46 1 5
46 2 13
46 3 13
46 4 13
46 5 16
46 6 11
46 7 4
46 8 9
46 9 7
46 10 4
46 11 1
46 12 19
46 13 9
46 14 17
46 15 10
46 16 4
46 17 16
46 18 10
46 19 9
46 20 12
46 21 8
46 22 18
46 23 6
46 24 13
46 25 5
46 26 14
46 27 13
46 28 8
46 29 4
46 30 16
46 31 1
46 32 4
46 33 15
46 34 1
46 35 19
46 36 3
46 37 9
46 38 6
46 39 4
46 40 18
46 41 11
46 42 11
46 43 8
46 44 10
46 45 14
47 0 8
47 1 15
47 2 3
47 3 12
47 4 19
47 5 5
47 6 12
47 7 7
47 8 19
47 9 9
47 10 15
47 11 13
47 12 3
47 13 12
47 14 4
47 15 10
47 16 19
47 17 9
47 18 11
47 19 4
47 20 17
47 21 16
47 22 4
47 23 11
47 24 9
47 25 17
47 26 7
47 27 16
47 28 11
47 29 15
47 30 8
47 31 8
47 32 3
47 33 10
47 34 17
47 35 18
47 36 19
47 37 14
47 38 8
47 39 10
47 40 9
47 41 11
47 42 3
47 43 5
47 44 19
47 45 5
47 46 5
48 0 4
48 1 7
48 2 12
48 3 16
48 4 17
48 5 9
48 6 1
48 7 18
48 8 13
48 9 17
48 10 6
48 11 8
48 12 10
48 13 15
48 14 8
48 15 8
48 16 3
48 17 9
48 18 11
48 19 10
48 20 13
48 21 18
48 22 10
48 23 2
48 24 17
48 25 5
48 26 15
48 27 11
48 28 7
48 29 5
48 30 14
48 31 4
48 32 3
48 33 16
48 34 13
48 35 6
48 36 15
48 37 6
48 38 12
48 39 15
48 40 3
48 41 19
48 42 14
48 43 19
48 44 8
48 45 11
48 46 16
48 47 6
49 0 18
49 1 4
49 2 12
49 3 9
49 4 4
49 5 13
49 6 12
49 7 12
49 8 5
49 9 14
49 10 11
49 11 13
49 12 13
49 13 17
49 14 13
49 15 5
49 16 7
49 17 14
49 18 15
49 19 6
49 20 1
49 21 9
49 22 4
49 23 9
49 24 18
49 25 15
49 26 19
49 27 17
49 28 11
49 29 7
49 30 6
49 31 16
49 32 10
49 33 15
49 34 8
49 35 8
49 36 15
49 37 5
49 38 18
49 39 14
49 40 8
49 41 17
49 42 4
49 43 6
49 44 14
49 45 9
49 46 12
49 47 19
49 48 6
50 0 15
50 1 8
50 2 12
50 3 7
50 4 3
50 5 9
50 6 16
50 7 15
50 8 9
50 9 17
50 10 17
50 11 3
50 12 3
50 13 7
50 14 13
50 15 18
50 16 14
50 17 5
50 18 4
50 19 17
50 20 2
50 21 10
50 22 12
50 23 18
50 24 15
50 25 1
50 26 14
50 27 19
50 28 9
50 29 11
50 30 7
50 31 7
50 32 3
50 33 17
50 34 13
50 35 8
50 36 15
50 37 11
50 38 14
50 39 14
50 40 12
50 41 10
50 42 9
50 43 6
50 44 11
50 45 19
50 46 5
50 47 16
50 48 2
50 49 9
51 0 10
51 1 15
51 2 11
51 3 4
51 4 3
51 5 4
51 6 17
51 7 3
51 8 9
51 9 10
51 10 15
51 11 2
51 12 10
51 13 3
51 14 19
51 15 12
51 16 8
51 17 3
51 18 16
51 19 9
51 20 2
51 21 7
51 22 18
51 23 17
51 24 17
51 25 8
51 26 18
51 27 2
51 28 15
51 29 14
51 30 17
51 31 14
51 32 5
51 33 11
51 34 4
51 35 14
51 36 8
51 37 18
51 38 14
51 39 10
51 40 5
51 41 5
51 42 18
51 43 3
51 44 16
51 45 3
51 46 14
51 47 13
51 48 2
51 49 8
51 50 14
52 0 9
52 1 13
52 2 9
52 3 7
52 4 2
52 5 19
52 6 7
52 7 15
52 8 1
52 9 18
52 10 14
52 11 5
52 12 12
52 13 17
52 14 18
52 15 7
52 16 9
52 17 1
52 18 14
52 19 17
52 20 8
52 21 14
52 22 10
52 23 14
52 24 1
52 25 13
52 26 16
52 27 14
52 28 3
52 29 7
52 30 3
52 31 15
52 32 8
52 33 19
52 34 5
52 35 11
52 36 16
52 37 3
52 38 2
52 39 6
52 40 17
52 41 18
52 42 14
52 43 7
52 44 14
52 45 15
52 46 11
52 47 5
52 48 10
52 49 15
52 50 6
52 51 18
53 0 3
53 1 15
53 2 5
53 3 7
53 4 4
53 5 7
53 6 6
53 7 7
53 8 7
53 9 1
53 10 17
53 11 2
53 12 8
53 13 6
53 14 17
53 15 7
53 16 17
53 17 4
53 18 2
53 19 13
53 20 18
53 21 11
53 22 14
53 23 3
53 24 7
53 25 18
53 26 4
53 27 18
53 28 7
53 29 10
53 30 19
53 31 4
53 32 19
53 33 17
53 34 12
53 35 4
53 36 7
53 37 3
53 38 10
53 39 15
53 40 12
53 41 18
53 42 2
53 43 11
53 44 16
53 45 9
53 46 12
53 47 6
53 48 7
53 49 6
53 50 10
53 51 8
53 52 19
54 0 14
54 1 11
54 2 9
54 3 16
54 4 17
54 5 8
54 6 19
54 7 2
54 8 5
54 9 2
54 10 16
54 11 19
54 12 9
54 13 6
54 14 16
54 15 1
54 16 1
54 17 16
54 18 15
54 19 7
54 20 2
54 21 14
54 22 10
54 23 3
54 24 15
54 25 12
54 26 11
54 27 4
54 28 14
54 29 16
54 30 1
54 31 18
54 32 12
54 33 18
54 34 13
54 35 17
54 36 12
54 37 16
54 38 10
54 39 18
54 40 17
54 41 6
54 42 14
54 43 2
54 44 12
54 45 18
54 46 15
54 47 1
54 48 13
54 49 6
54 50 19
54 51 13
54 52 5
54 53 10
55 0 18
55 1 18
55 2 18
55 3 1
55 4 1
55 5 10
55 6 2
55 7 5
55 8 3
55 9 19
55 10 14
55 11 3
55 12 19
55 13 18
55 14 12
55 15 12
55 16 6
55 17 11
55 18 4
55 19 3
55 20 4
55 21 15
55 22 19
55 23 10
55 24 10
55 25 13
55 26 6
55 27 4
55 28 9
55 29 11
55 30 2
55 31 7
55 32 2
55 33 10
55 34 19
55 35 11
55 36 3
55 37 4
55 38 18
55 39 18
55 40 2
55 41 4
55 42 6
55 43 5
55 44 16
55 45 17
55 46 9
55 47 15
55 48 4
55 49 13
55 50 14
55 51 5
55 52 3
55 53 6
55 54 16
56 0 16
56 1 7
56 2 5
56 3 14
56 4 6
56 5 14
56 6 13
56 7 19
56 8 15
56 9 13
56 10 9
56 11 6
56 12 15
56 13 13
56 14 18
56 15 15
56 16 10
56 17 3
56 18 14
56 19 14
56 20 12
56 21 6
56 22 19
56 23 19
56 24 14
56 25 11
56 26 1
56 27 14
56 28 2
56 29 16
56 30 2
56 31 14
56 32 13
56 33 8
56 34 11
56 35 1
56 36 7
56 37 13
56 38 6
56 39 2
56 40 7
56 41 10
56 42 14
56 43 3
56 44 12
56 45 16
56 46 2
56 47 1
56 48 10
56 49 3
56 50 11
56 51 5
56 52 5
56 53 12
56 54 15
56 55 4
57 0 11
57 1 17
57 2 9
57 3 18
57 4 17
57 5 16
57 6 6
57 7 11
57 8 12
57 9 8
57 10 3
57 11 14
57 12 11
57 13 9
57 14 2
57 15 16
57 16 19
57 17 14
57 18 3
57 19 1
57 20 14
57 21 19
57 22 14
57 23 16
57 24 14
57 25 14
57 26 9
57 27 14
57 28 6
57 29 8
57 30 1
57 31 1
57 32 8
57 33 12
57 34 11
57 35 13
57 36 9
57 37 16
57 38 2
57 39 11
57 40 2
57 41 13
57 42 14
57 43 9
57 44 15
57 45 10
57 46 4
57 47 6
57 48 10
57 49 5
57 50 19
57 51 6
57 52 16
57 53 13
57 54 3
57 55 2
57 56 13
58 0 16
58 1 15
58 2 16
58 3 6
58 4 3
58 5 12
58 6 6
58 7 2
58 8 7
58 9 13
58 10 12
58 11 8
58 12 13
58 13 3
58 14 17
58 15 18
58 16 18
58 17 16
58 18 2
58 19 2
58 20 4
58 21 1
58 22 17
58 23 1
58 24 2
58 25 3
58 26 3
58 27 5
58 28 12
58 29 9
58 30 3
58 31 17
58 32 1
58 33 12
58 34 15
58 35 14
58 36 13
58 37 7
58 38 12
58 39 4
58 40 10
58 41 1
58 42 14
58 43 12
58 44 6
58 45 17
58 46 17
58 47 16
58 48 6
58 49 16
58 50 6
58 51 6
58 52 18
58 53 5
58 54 4
58 55 3
58 56 3
58 57 15
59 0 10
59 1 5
59 2 6
59 3 13
59 4 19
59 5 7
59 6 19
59 7 8
59 8 4
59 9 7
59 10 11
59 11 19
59 12 8
59 13 17
59 14 7
59 15 3
59 16 4
59 17 12
59 18 9
59 19 2
59 20 16
59 21 12
59 22 6
59 23 13
59 24 19
59 25 19
59 26 1
59 27 12
59 28 3
59 29 12
59 30 19
59 31 9
59 32 2
59 33 9
59 34 5
59 35 6
59 36 17
59 37 4
59 38 16
59 39 3
59 40 3
59 41 14
59 42 5
59 43 5
59 44 13
59 45 17
59 46 14
59 47 8
59 48 6
59 49 17
59 50 15
59 51 4
59 52 15
59 53 12
59 54 8
59 55 1
59 56 11
59 57 6
59 58 11
60 0 18
60 1 10
60 2 12
60 3 18
60 4 16
60 5 1
60 6 4
60 7 12
60 8 15
60 9 9
60 10 11
60 11 14
60 12 16
60 13 18
60 14 6
60 15 19
60 16 6
60 17 17
60 18 1
60 19 6
60 20 3
60 21 6
60 22 9
60 23 10
60 24 13
60 25 13
60 26 9
60 27 8
60 28 19
60 29 10
60 30 3
60 31 9
60 32 16
60 33 4
60 34 4
60 35 14
60 36 15
60 37 19
60 38 19
60 39 8
60 40 16
60 41 11
60 42 10
60 43 15
60 44 1
60 45 4
60 46 5
60 47 13
60 48 4
60 49 1
60 50 1
60 51 2
60 52 10
60 53 10
60 54 4
60 55 14
60 56 11
60 57 18
60 58 17
60 59 1
61 0 2
61 1 14
61 2 12
61 3 19
61 4 18
61 5 19
61 6 13
61 7 13
61 8 18
61 9 18
61 10 17
61 11 1
61 12 16
61 13 3
61 14 1
61 15 5
61 16 4
61 17 9
61 18 10
61 19 14
61 20 7
61 21 8
61 22 4
61 23 12
61 24 8
61 25 18
61 26 7
61 27 17
61 28 13
61 29 13
61 30 11
61 31 15
61 32 4
61 33 15
61 34 10
61 35 5
61 36 10
61 37 9
61 38 1
61 39 11
61 40 6
61 41 6
61 42 1
61 43 11
61 44 4
61 45 2
61 46 17
61 47 3
61 48 17
61 49 8
61 50 11
61 51 1
61 52 15
61 53 10
61 54 9
61 55 15
61 56 3
61 57 8
61 58 12
61 59 18
61 60 5
62 0 10
62 1 10
62 2 3
62 3 7
62 4 12
62 5 12
62 6 10
62 7 10
62 8 16
62 9 7
62 10 6
62 11 5
62 12 9
62 13 16
62 14 8
62 15 19
62 16 6
62 17 11
62 18 5
62 19 10
62 20 12
62 21 7
62 22 19
62 23 14
62 24 3
62 25 8
62 26 12
62 27 18
62 28 7
62 29 19
62 30 4
62 31 3
62 32 6
62 33 5
62 34 4
62 35 15
62 36 12
62 37 2
62 38 9
62 39 7
62 40 18
62 41 4
62 42 2
62 43 4
62 44 2
62 45 10
62 46 4
62 47 1
62 48 11
62 49 19
62 50 1
62 51 8
62 52 10
62 53 2
62 54 2
62 55 15
62 56 18
62 57 17
62 58 7
62 59 2
62 60 13
62 61 16
63 0 6
63 1 7
63 2 6
63 3 7
63 4 15
63 5 14
63 6 8
63 7 1
63 8 3
63 9 3
63 10 5
63 11 19
63 12 4
63 13 18
63 14 15
63 15 9
63 16 18
63 17 11
63 18 5
63 19 14
63 20 9
63 21 11
63 22 3
63 23 12
63 24 4
63 25 11
63 26 12
63 27 7
63 28 6
63 29 9
63 30 18
63 31 9
63 32 18
63 33 7
63 34 18
63 35 16
63 36 3
63 37 6
63 38 16
63 39 14
63 40 11
63 41 2
63 42 9
63 43 10
63 44 18
63 45 3
63 46 19
63 47 15
63 48 11
63 49 9
63 50 11
63 51 13
63 52 3
63 53 15
63 54 5
63 55 11
63 56 2
63 57 1
63 58 17
63 59 4
63 60 15
63 61 19
63 62 16
64 0 9
64 1 18
64 2 12
64 3 14
64 4 13
64 5 19
64 6 12
64 7 16
64 8 4
64 9 17
64 10 16
64 11 14
64 12 4
64 13 8
64 14 10
64 15 2
64 16 9
64 17 5
64 18 16
64 19 1
64 20 3
64 21 18
64 22 1
64 23 4
64 24 1
64 25 13
64 26 14
64 27 1
64 28 6
64 29 15
64 30 18
64 31 9
64 32 3
64 33 2
64 34 17
64 35 4
64 36 18
64 37 8
64 38 8
64 39 4
64 40 7
64 41 3
64 42 2
64 43 8
64 44 12
64 45 15
64 46 10
64 47 2
64 48 18
64 49 19
64 50 3
64 51 17
64 52 8
64 53 2
64 54 6
64 55 13
64 56 17
64 57 14
64 58 10
64 59 4
64 60 4
64 61 6
64 62 8
64 63 2
65 0 19
65 1 2
65 2 12
65 3 15
65 4 10
65 5 14
65 6 3
65 7 16
65 8 15
65 9 8
65 10 16
65 11 1
65 12 16
65 13 12
65 14 11
65 15 13
65 16 10
65 17 11
65 18 1
65 19 11
65 20 4
65 21 19
65 22 8
65 23 15
65 24 1
65 25 17
65 26 13
65 27 18
65 28 17
65 29 16
65 30 16
65 31 1
65 32 17
65 33 8
65 34 9
65 35 13
65 36 5
65 37 9
65 38 14
65 39 6
65 40 15
65 41 5
65 42 15
65 43 2
65 44 17
65 45 9
65 46 10
65 47 1
65 48 12
65 49 12
65 50 5
65 51 15
65 52 18
65 53 3
65 54 15
65 55 17
65 56 3
65 57 9
65 58 8
65 59 8
65 60 16
65 61 11
65 62 1
65 63 11
65 64 15
