33
3 2 28
4 1 18
4 2 42
5 0 67
5 1 39
5 2 25
5 3 18
6 1 59
6 2 69
6 5 34
7 0 33
7 2 26
7 4 61
7 5 28
8 0 31
8 1 57
8 5 54
8 7 11
9 0 68
9 2 32
9 4 21
9 6 46
10 0 32
10 2 44
10 5 54
10 6 63
10 8 12
11 1 39
11 2 5
11 3 30
11 4 67
11 7 39
11 8 4
12 3 52
12 5 68
12 6 18
12 8 55
13 2 55
13 3 46
13 4 49
13 6 47
13 7 44
13 9 67
13 10 37
13 11 31
14 2 49
14 3 13
14 6 57
14 8 25
14 9 13
14 12 3
15 0 43
15 1 7
15 3 42
15 6 14
15 9 40
15 12 13
15 13 50
16 1 43
16 3 1
16 4 55
16 8 20
16 14 65
17 0 2
17 1 39
17 3 34
17 4 25
17 7 34
17 8 60
17 9 52
17 10 6
17 14 54
17 16 46
18 3 32
18 4 31
18 5 8
18 6 52
18 7 38
18 8 32
18 10 30
18 11 2
18 12 9
18 14 45
18 16 28
19 0 46
19 2 37
19 3 53
19 4 49
19 7 43
19 8 17
19 9 33
19 12 62
19 13 60
19 14 69
19 15 48
19 17 54
20 1 38
20 2 33
20 4 16
20 5 37
20 6 68
20 7 37
20 9 29
20 13 61
20 15 29
20 16 18
20 17 30
20 18 68
20 19 60
21 0 34
21 1 62
21 3 42
21 4 38
21 5 51
21 7 67
21 8 53
21 13 10
21 16 17
21 17 3
21 18 5
22 0 24
22 1 57
22 2 28
22 5 34
22 7 36
22 9 40
22 11 59
22 12 51
22 14 17
22 15 47
22 19 54
22 21 60
23 3 27
23 4 59
23 8 59
23 9 24
23 12 18
23 18 35
23 19 49
23 20 27
24 3 9
24 4 46
24 6 61
24 8 58
24 9 11
24 10 13
24 14 59
24 15 12
24 20 31
24 22 11
25 0 60
25 3 62
25 4 36
25 6 17
25 7 47
25 9 67
25 12 25
25 13 58
25 14 32
25 15 18
25 17 7
25 18 60
25 19 35
25 24 27
26 0 66
26 1 49
26 2 17
26 3 33
26 4 14
26 5 66
26 7 43
26 8 46
26 12 4
26 13 36
26 17 6
26 20 14
26 21 5
26 22 42
26 23 61
26 24 6
27 5 17
27 6 33
27 11 60
27 14 17
27 15 61
27 16 26
27 19 33
27 20 33
27 22 10
27 24 9
27 26 41
28 0 5
28 3 63
28 4 66
28 5 65
28 7 13
28 8 8
28 10 58
28 12 21
28 13 59
28 15 43
28 18 49
28 19 10
28 20 68
28 21 66
28 22 28
28 23 6
28 24 13
28 26 48
29 0 7
29 3 67
29 4 61
29 5 31
29 6 60
29 7 24
29 8 26
29 9 44
29 10 22
29 12 29
29 13 38
29 14 46
29 17 11
29 19 64
29 20 57
29 22 40
29 25 51
30 1 8
30 6 21
30 7 68
30 8 18
30 13 57
30 18 61
30 20 24
30 25 13
30 26 3
31 1 51
31 3 60
31 4 58
31 7 5
31 10 51
31 14 7
31 20 56
31 23 53
31 27 46
31 30 16
32 4 33
32 6 34
32 7 59
32 8 32
32 9 39
32 10 32
32 11 1
32 14 8
32 15 39
32 16 45
32 17 11
32 21 50
32 22 60
32 23 62
32 24 67
32 25 43
32 26 40
32 28 8
32 31 32
