36
1 0 10
2 1 29
3 2 40
4 2 14
4 3 6
5 0 5
5 1 2
6 1 25
6 2 5
7 4 23
7 6 5
8 0 28
8 2 12
8 3 8
8 4 18
9 1 20
9 2 31
9 5 36
9 7 8
10 0 18
10 3 26
10 5 7
10 7 22
10 8 10
10 9 23
11 1 22
11 2 34
11 4 20
11 5 35
11 7 32
11 9 33
11 10 11
12 0 2
12 7 38
12 8 18
12 9 17
12 10 36
12 11 12
13 0 20
13 6 16
13 8 38
13 9 5
13 11 15
14 0 39
14 2 1
14 4 21
14 6 29
14 11 33
14 12 33
14 13 6
15 0 16
15 3 10
15 6 22
15 7 4
15 11 27
15 12 34
15 14 36
16 1 21
16 4 26
16 5 26
17 2 19
17 3 29
17 4 2
17 6 14
17 7 32
17 8 32
17 10 41
17 12 36
17 14 41
17 16 34
18 1 38
18 2 5
18 3 12
18 4 36
18 5 16
18 8 6
18 10 11
18 11 38
18 12 20
18 13 27
18 16 26
19 1 19
19 3 7
19 5 27
19 7 32
19 8 6
19 10 14
19 13 25
19 15 6
19 16 38
19 17 1
19 18 33
20 1 24
20 2 25
20 5 31
20 6 6
20 8 38
20 12 37
20 13 25
20 15 40
20 16 38
20 18 24
20 19 31
21 1 19
21 2 13
21 3 13
21 8 31
21 11 11
21 12 1
21 13 23
21 15 9
21 16 11
22 3 17
22 4 31
22 5 34
22 6 18
22 9 41
22 11 38
22 13 10
22 14 26
22 17 35
22 18 2
22 19 7
22 21 16
23 0 25
23 1 40
23 5 36
23 6 16
23 7 21
23 10 35
23 11 1
23 14 5
23 15 19
23 16 37
23 18 37
23 22 40
24 3 9
24 4 28
24 6 34
24 7 23
24 12 27
24 13 19
24 15 40
24 16 11
24 18 33
24 19 32
24 20 27
25 0 4
25 1 37
25 4 28
25 6 32
25 9 19
25 10 39
25 12 2
25 13 6
25 14 33
25 15 3
25 17 33
25 18 24
25 20 12
25 23 8
25 24 36
26 0 34
26 2 9
26 7 22
26 17 11
27 2 1
27 3 38
27 5 4
27 6 34
27 8 17
27 9 33
27 11 27
27 15 32
27 16 12
27 18 35
27 23 23
27 26 22
28 0 37
28 1 1
28 3 38
28 4 3
28 5 10
28 10 16
28 14 25
28 16 35
28 21 35
28 22 10
28 23 24
28 24 1
28 25 30
28 27 13
29 0 1
29 1 16
29 3 38
29 5 33
29 7 41
29 10 11
29 13 30
29 14 9
29 17 2
29 18 38
29 21 24
29 23 3
29 25 35
29 26 5
29 28 11
30 0 14
30 2 32
30 6 19
30 8 38
30 9 18
30 13 25
30 16 12
30 17 24
30 18 41
30 19 30
30 22 18
30 25 30
30 27 10
30 28 35
30 29 41
31 0 25
31 3 41
31 4 29
31 5 37
31 8 19
31 10 3
31 11 32
31 12 25
31 13 11
31 14 32
31 16 35
31 17 5
31 18 2
31 20 41
31 23 30
31 24 5
31 25 17
31 29 26
32 3 1
32 6 17
32 8 21
32 9 4
32 10 37
32 13 25
32 14 23
32 15 5
32 21 9
32 25 37
32 26 31
32 27 36
32 28 29
33 1 13
33 3 36
33 6 1
33 7 3
33 8 32
33 9 7
33 10 22
33 15 17
33 17 33
33 18 27
33 19 14
33 22 13
33 23 14
33 24 11
33 25 36
33 26 1
33 30 10
33 32 19
34 0 26
34 1 28
34 2 18
34 5 38
34 7 1
34 10 37
34 12 30
34 13 3
34 16 5
34 19 30
34 20 11
34 22 34
34 27 7
34 29 25
34 33 10
35 1 2
35 4 3
35 5 18
35 6 28
35 8 28
35 11 6
35 14 40
35 17 13
35 19 23
35 20 9
35 22 6
35 24 31
35 25 12
35 27 26
35 28 29
35 29 25
35 33 39
35 34 20
