24
1 0 2
2 0 35
2 1 61
3 0 59
3 1 47
3 2 11
4 0 4
4 1 61
4 2 59
4 3 14
5 0 39
5 1 55
5 2 20
5 3 57
5 4 56
6 0 29
6 1 50
6 2 56
6 3 21
6 4 58
6 5 53
7 0 14
7 1 38
7 2 10
7 3 58
7 4 8
7 5 52
7 6 14
8 0 42
8 1 13
8 2 13
8 3 47
8 4 13
8 5 25
8 6 8
8 7 49
9 0 20
9 1 49
9 2 22
9 3 15
9 4 47
9 5 11
9 6 43
9 7 9
9 8 55
10 0 11
10 1 29
10 2 13
10 3 9
10 4 61
10 5 34
10 6 29
10 7 27
10 8 62
10 9 59
11 0 58
11 1 5
11 2 31
11 3 54
11 4 44
11 5 2
11 6 25
11 7 10
11 8 43
11 9 49
11 10 4
12 0 19
12 1 9
12 2 40
12 3 56
12 4 26
12 5 41
12 6 44
12 7 52
12 8 56
12 9 61
12 10 42
12 11 12
13 0 49
13 1 17
13 2 1
13 3 27
13 4 52
13 5 20
13 6 35
13 7 44
13 8 59
13 9 3
13 10 19
13 11 27
13 12 35
14 0 11
14 1 54
14 2 6
14 3 48
14 4 54
14 5 13
14 6 7
14 7 54
14 8 60
14 9 21
14 10 27
14 11 62
14 12 50
14 13 10
15 0 10
15 1 27
15 2 59
15 3 40
15 4 31
15 5 40
15 6 16
15 7 6
15 8 40
15 9 8
15 10 8
15 11 5
15 12 37
15 13 33
15 14 50
16 0 19
16 1 54
16 2 53
16 3 9
16 4 43
16 5 36
16 6 30
16 7 15
16 8 7
16 9 36
16 10 20
16 11 40
16 12 43
16 13 21
16 14 41
16 15 23
17 0 54
17 1 61
17 2 2
17 3 39
17 4 11
17 5 32
17 6 36
17 7 5
17 8 46
17 9 11
17 10 28
17 11 13
17 12 60
17 13 43
17 14 23
17 15 58
17 16 43
18 0 23
18 1 24
18 2 28
18 3 62
18 4 51
18 5 28
18 6 16
18 7 21
18 8 29
18 9 19
18 10 37
18 11 45
18 12 8
18 13 42
18 14 47
18 15 6
18 16 31
18 17 11
19 0 15
19 1 6
19 2 8
19 3 58
19 4 25
19 5 2
19 6 24
19 7 7
19 8 10
19 9 30
19 10 22
19 11 57
19 12 6
19 13 4
19 14 42
19 15 27
19 16 52
19 17 14
19 18 62
20 0 43
20 1 30
20 2 60
20 3 22
20 4 42
20 5 44
20 6 10
20 7 23
20 8 16
20 9 33
20 10 34
20 11 49
20 12 1
20 13 12
20 14 46
20 15 13
20 16 54
20 17 18
20 18 48
20 19 56
21 0 35
21 1 22
21 2 8
21 3 48
21 4 33
21 5 29
21 6 3
21 7 8
21 8 3
21 9 29
21 10 52
21 11 2
21 12 4
21 13 6
21 14 20
21 15 50
21 16 35
21 17 59
21 18 30
21 19 18
21 20 23
22 0 3
22 1 30
22 2 26
22 3 30
22 4 32
22 5 59
22 6 5
22 7 28
22 8 42
22 9 37
22 10 10
22 11 32
22 12 31
22 13 40
22 14 35
22 15 26
22 16 12
22 17 17
22 18 19
22 19 1
22 20 27
22 21 21
23 0 5
23 1 18
23 2 25
23 3 1
23 4 62
23 5 17
23 6 56
23 7 62
23 8 15
23 9 59
23 10 58
23 11 42
23 12 54
23 13 14
23 14 31
23 15 7
23 16 9
23 17 38
23 18 54
23 19 53
23 20 59
23 21 61
23 22 7
