56
1 0 21
2 0 41
2 1 33
3 0 4
3 1 25
3 2 26
4 0 16
4 1 18
4 2 34
4 3 9
5 0 20
5 1 17
5 2 9
5 3 16
5 4 22
6 0 10
6 1 42
6 2 34
6 3 13
6 4 7
6 5 31
7 0 17
7 1 32
7 2 29
7 3 31
7 4 32
7 5 24
7 6 25
8 0 32
8 1 41
8 2 21
8 3 1
8 4 5
8 5 11
8 6 10
8 7 7
9 0 9
9 1 42
9 2 13
9 3 18
9 4 42
9 5 12
9 6 9
9 7 34
9 8 33
10 0 42
10 1 30
10 2 26
10 3 27
10 4 5
10 5 19
10 6 39
10 7 5
10 8 19
10 9 29
11 0 36
11 1 35
11 2 25
11 3 8
11 4 23
11 5 28
11 6 4
11 7 30
11 8 4
11 9 10
11 10 25
12 0 40
12 1 21
12 2 41
12 3 23
12 4 34
12 5 22
12 6 42
12 7 5
12 8 28
12 9 26
12 10 26
12 11 4
13 0 4
13 1 10
13 2 2
13 3 21
13 4 27
13 5 41
13 6 36
13 7 19
13 8 7
13 9 22
13 10 11
13 11 12
13 12 35
14 0 8
14 1 32
14 2 39
14 3 6
14 4 39
14 5 20
14 6 17
14 7 19
14 8 28
14 9 38
14 10 25
14 11 21
14 12 10
14 13 18
15 0 33
15 1 15
15 2 40
15 3 31
15 4 25
15 5 24
15 6 2
15 7 13
15 8 14
15 9 26
15 10 12
15 11 29
15 12 34
15 13 31
15 14 11
16 0 22
16 1 15
16 2 30
16 3 29
16 4 17
16 5 15
16 6 19
16 7 18
16 8 38
16 9 19
16 10 10
16 11 31
16 12 11
16 13 28
16 14 41
16 15 23
17 0 6
17 1 30
17 2 39
17 3 34
17 4 33
17 5 12
17 6 27
17 7 8
17 8 32
17 9 13
17 10 11
17 11 33
17 12 9
17 13 8
17 14 4
17 15 32
17 16 7
18 0 29
18 1 21
18 2 21
18 3 13
18 4 42
18 5 5
18 6 10
18 7 16
18 8 39
18 9 13
18 10 14
18 11 42
18 12 25
18 13 10
18 14 1
18 15 30
18 16 30
18 17 27
19 0 36
19 1 16
19 2 27
19 3 38
19 4 5
19 5 11
19 6 23
19 7 12
19 8 23
19 9 24
19 10 22
19 11 30
19 12 30
19 13 10
19 14 22
19 15 30
19 16 16
19 17 42
19 18 8
20 0 41
20 1 38
20 2 9
20 3 15
20 4 30
20 5 27
20 6 12
20 7 17
20 8 11
20 9 31
20 10 2
20 11 1
20 12 40
20 13 28
20 14 34
20 15 39
20 16 23
20 17 26
20 18 38
20 19 24
21 0 30
21 1 27
21 2 38
21 3 2
21 4 11
21 5 37
21 6 38
21 7 24
21 8 16
21 9 18
21 10 16
21 11 7
21 12 28
21 13 30
21 14 28
21 15 31
21 16 1
21 17 19
21 18 2
21 19 23
21 20 23
22 0 18
22 1 38
22 2 13
22 3 1
22 4 27
22 5 23
22 6 11
22 7 38
22 8 35
22 9 22
22 10 15
22 11 16
22 12 12
22 13 34
22 14 15
22 15 7
22 16 7
22 17 35
22 18 41
22 19 17
22 20 4
22 21 12
23 0 39
23 1 16
23 2 38
23 3 20
23 4 24
23 5 42
23 6 8
23 7 23
23 8 31
23 9 27
23 10 18
23 11 15
23 12 31
23 13 10
23 14 3
23 15 26
23 16 26
23 17 42
23 18 14
23 19 6
23 20 16
23 21 22
23 22 36
24 0 1
24 1 15
24 2 10
24 3 25
24 4 38
24 5 18
24 6 12
24 7 12
24 8 40
24 9 17
24 10 5
24 11 25
24 12 17
24 13 34
24 14 42
24 15 37
24 16 33
24 17 5
24 18 29
24 19 30
24 20 17
24 21 41
24 22 31
24 23 6
25 0 17
25 1 36
25 2 3
25 3 1
25 4 25
25 5 26
25 6 11
25 7 37
25 8 33
25 9 17
25 10 3
25 11 17
25 12 26
25 13 4
25 14 20
25 15 11
25 16 28
25 17 17
25 18 18
25 19 35
25 20 30
25 21 40
25 22 22
25 23 13
25 24 9
26 0 11
26 1 39
26 2 1
26 3 18
26 4 9
26 5 41
26 6 2
26 7 40
26 8 32
26 9 3
26 10 15
26 11 42
26 12 25
26 13 6
26 14 4
26 15 24
26 16 10
26 17 28
26 18 2
26 19 27
26 20 29
26 21 3
26 22 34
26 23 7
26 24 28
26 25 36
27 0 27
27 1 31
27 2 4
27 3 33
27 4 39
27 5 5
27 6 5
27 7 9
27 8 33
27 9 34
27 10 10
27 11 12
27 12 38
27 13 22
27 14 1
27 15 11
27 16 8
27 17 13
27 18 18
27 19 28
27 20 20
27 21 17
27 22 4
27 23 38
27 24 8
27 25 18
27 26 24
28 0 9
28 1 9
28 2 8
28 3 39
28 4 20
28 5 2
28 6 19
28 7 36
28 8 10
28 9 1
28 10 8
28 11 6
28 12 26
28 13 6
28 14 16
28 15 18
28 16 12
28 17 36
28 18 12
28 19 15
28 20 28
28 21 41
28 22 36
28 23 36
28 24 37
28 25 12
28 26 23
28 27 28
29 0 6
29 1 32
29 2 25
29 3 28
29 4 28
29 5 9
29 6 6
29 7 36
29 8 19
29 9 4
29 10 40
29 11 24
29 12 4
29 13 25
29 14 6
29 15 13
29 16 36
29 17 4
29 18 42
29 19 33
29 20 21
29 21 4
29 22 30
29 23 22
29 24 29
29 25 26
29 26 38
29 27 10
29 28 33
30 0 3
30 1 40
30 2 8
30 3 26
30 4 1
30 5 26
30 6 24
30 7 16
30 8 9
30 9 17
30 10 10
30 11 21
30 12 38
30 13 41
30 14 7
30 15 36
30 16 19
30 17 4
30 18 6
30 19 39
30 20 18
30 21 3
30 22 1
30 23 39
30 24 37
30 25 3
30 26 10
30 27 23
30 28 29
30 29 3
31 0 26
31 1 42
31 2 30
31 3 36
31 4 19
31 5 8
31 6 24
31 7 10
31 8 23
31 9 41
31 10 4
31 11 5
31 12 35
31 13 22
31 14 29
31 15 20
31 16 11
31 17 35
31 18 13
31 19 8
31 20 28
31 21 24
31 22 33
31 23 4
31 24 20
31 25 21
31 26 25
31 27 4
31 28 16
31 29 38
31 30 13
32 0 42
32 1 30
32 2 8
32 3 19
32 4 10
32 5 34
32 6 28
32 7 15
32 8 2
32 9 26
32 10 13
32 11 19
32 12 19
32 13 23
32 14 1
32 15 32
32 16 6
32 17 11
32 18 30
32 19 30
32 20 7
32 21 25
32 22 34
32 23 29
32 24 7
32 25 12
32 26 25
32 27 31
32 28 19
32 29 37
32 30 13
32 31 11
33 0 33
33 1 1
33 2 29
33 3 38
33 4 16
33 5 10
33 6 17
33 7 31
33 8 2
33 9 20
33 10 41
33 11 21
33 12 17
33 13 17
33 14 33
33 15 27
33 16 37
33 17 10
33 18 3
33 19 6
33 20 32
33 21 9
33 22 22
33 23 25
33 24 22
33 25 12
33 26 28
33 27 41
33 28 8
33 29 34
33 30 35
33 31 1
33 32 24
34 0 33
34 1 38
34 2 7
34 3 18
34 4 16
34 5 38
34 6 20
34 7 4
34 8 27
34 9 37
34 10 5
34 11 2
34 12 24
34 13 10
34 14 41
34 15 18
34 16 4
34 17 36
34 18 42
34 19 17
34 20 19
34 21 40
34 22 36
34 23 3
34 24 7
34 25 28
34 26 8
34 27 19
34 28 19
34 29 19
34 30 31
34 31 2
34 32 3
34 33 42
35 0 31
35 1 37
35 2 22
35 3 11
35 4 36
35 5 22
35 6 18
35 7 31
35 8 38
35 9 15
35 10 15
35 11 4
35 12 29
35 13 35
35 14 22
35 15 42
35 16 29
35 17 24
35 18 42
35 19 8
35 20 37
35 21 39
35 22 15
35 23 29
35 24 20
35 25 33
35 26 11
35 27 31
35 28 11
35 29 1
35 30 30
35 31 14
35 32 27
35 33 8
35 34 29
36 0 31
36 1 24
36 2 26
36 3 41
36 4 23
36 5 9
36 6 20
36 7 17
36 8 37
36 9 38
36 10 42
36 11 4
36 12 39
36 13 24
36 14 20
36 15 9
36 16 32
36 17 41
36 18 40
36 19 10
36 20 15
36 21 8
36 22 38
36 23 38
36 24 12
36 25 13
36 26 36
36 27 20
36 28 41
36 29 17
36 30 7
36 31 26
36 32 12
36 33 38
36 34 7
36 35 13
37 0 11
37 1 8
37 2 19
37 3 19
37 4 17
37 5 2
37 6 8
37 7 10
37 8 1
37 9 4
37 10 21
37 11 10
37 12 7
37 13 25
37 14 9
37 15 42
37 16 23
37 17 41
37 18 42
37 19 15
37 20 11
37 21 12
37 22 5
37 23 41
37 24 13
37 25 3
37 26 27
37 27 36
37 28 1
37 29 27
37 30 42
37 31 15
37 32 9
37 33 32
37 34 25
37 35 28
37 36 14
38 0 36
38 1 25
38 2 12
38 3 12
38 4 31
38 5 32
38 6 42
38 7 16
38 8 8
38 9 29
38 10 32
38 11 29
38 12 36
38 13 19
38 14 35
38 15 41
38 16 21
38 17 1
38 18 32
38 19 21
38 20 14
38 21 39
38 22 29
38 23 39
38 24 9
38 25 21
38 26 40
38 27 28
38 28 30
38 29 7
38 30 17
38 31 31
38 32 17
38 33 37
38 34 20
38 35 29
38 36 3
38 37 27
39 0 10
39 1 15
39 2 14
39 3 24
39 4 26
39 5 21
39 6 5
39 7 11
39 8 40
39 9 15
39 10 3
39 11 42
39 12 15
39 13 3
39 14 19
39 15 14
39 16 13
39 17 5
39 18 26
39 19 6
39 20 39
39 21 17
39 22 29
39 23 34
39 24 18
39 25 24
39 26 7
39 27 27
39 28 5
39 29 39
39 30 36
39 31 13
39 32 21
39 33 27
39 34 32
39 35 41
39 36 25
39 37 17
39 38 22
40 0 25
40 1 26
40 2 22
40 3 1
40 4 10
40 5 10
40 6 17
40 7 15
40 8 33
40 9 31
40 10 28
40 11 21
40 12 2
40 13 2
40 14 5
40 15 10
40 16 5
40 17 36
40 18 10
40 19 42
40 20 1
40 21 17
40 22 30
40 23 38
40 24 12
40 25 13
40 26 36
40 27 14
40 28 17
40 29 34
40 30 4
40 31 8
40 32 14
40 33 5
40 34 15
40 35 14
40 36 8
40 37 38
40 38 13
40 39 26
41 0 11
41 1 37
41 2 35
41 3 10
41 4 19
41 5 8
41 6 6
41 7 36
41 8 6
41 9 9
41 10 6
41 11 7
41 12 7
41 13 26
41 14 22
41 15 14
41 16 39
41 17 42
41 18 8
41 19 4
41 20 11
41 21 13
41 22 4
41 23 29
41 24 25
41 25 10
41 26 36
41 27 37
41 28 5
41 29 40
41 30 19
41 31 22
41 32 15
41 33 24
41 34 38
41 35 36
41 36 13
41 37 9
41 38 33
41 39 41
41 40 40
42 0 19
42 1 7
42 2 20
42 3 35
42 4 6
42 5 41
42 6 17
42 7 40
42 8 38
42 9 42
42 10 16
42 11 18
42 12 13
42 13 9
42 14 4
42 15 12
42 16 7
42 17 39
42 18 23
42 19 27
42 20 41
42 21 3
42 22 6
42 23 36
42 24 28
42 25 19
42 26 7
42 27 35
42 28 4
42 29 42
42 30 1
42 31 7
42 32 42
42 33 10
42 34 8
42 35 35
42 36 16
42 37 18
42 38 27
42 39 1
42 40 14
42 41 13
43 0 29
43 1 31
43 2 3
43 3 5
43 4 42
43 5 26
43 6 22
43 7 29
43 8 11
43 9 7
43 10 30
43 11 12
43 12 11
43 13 8
43 14 38
43 15 3
43 16 30
43 17 37
43 18 39
43 19 36
43 20 22
43 21 17
43 22 34
43 23 36
43 24 3
43 25 28
43 26 39
43 27 22
43 28 39
43 29 12
43 30 25
43 31 14
43 32 39
43 33 23
43 34 42
43 35 40
43 36 22
43 37 24
43 38 22
43 39 5
43 40 41
43 41 26
43 42 5
44 0 36
44 1 20
44 2 1
44 3 5
44 4 31
44 5 38
44 6 29
44 7 40
44 8 4
44 9 40
44 10 42
44 11 11
44 12 26
44 13 21
44 14 40
44 15 19
44 16 27
44 17 15
44 18 34
44 19 42
44 20 2
44 21 9
44 22 14
44 23 30
44 24 28
44 25 15
44 26 23
44 27 38
44 28 25
44 29 28
44 30 31
44 31 8
44 32 21
44 33 11
44 34 32
44 35 8
44 36 22
44 37 38
44 38 11
44 39 26
44 40 27
44 41 40
44 42 12
44 43 18
45 0 33
45 1 18
45 2 1
45 3 39
45 4 23
45 5 17
45 6 8
45 7 41
45 8 28
45 9 2
45 10 1
45 11 40
45 12 32
45 13 33
45 14 36
45 15 40
45 16 13
45 17 22
45 18 34
45 19 10
45 20 25
45 21 36
45 22 4
45 23 2
45 24 41
45 25 33
45 26 41
45 27 22
45 28 4
45 29 11
45 30 15
45 31 38
45 32 29
45 33 18
45 34 19
45 35 19
45 36 34
45 37 42
45 38 4
45 39 42
45 40 8
45 41 15
45 42 33
45 43 30
45 44 28
46 0 32
46 1 8
46 2 24
46 3 42
46 4 33
46 5 3
46 6 31
46 7 24
46 8 21
46 9 21
46 10 33
46 11 28
46 12 24
46 13 2
46 14 24
46 15 17
46 16 32
46 17 19
46 18 37
46 19 19
46 20 31
46 21 22
46 22 17
46 23 19
46 24 15
46 25 30
46 26 31
46 27 41
46 28 18
46 29 13
46 30 13
46 31 15
46 32 37
46 33 10
46 34 14
46 35 10
46 36 38
46 37 13
46 38 20
46 39 25
46 40 12
46 41 35
46 42 26
46 43 35
46 44 5
46 45 5
47 0 39
47 1 8
47 2 22
47 3 22
47 4 12
47 5 17
47 6 12
47 7 38
47 8 19
47 9 13
47 10 10
47 11 18
47 12 42
47 13 10
47 14 1
47 15 23
47 16 10
47 17 35
47 18 19
47 19 5
47 20 18
47 21 8
47 22 23
47 23 14
47 24 21
47 25 38
47 26 13
47 27 33
47 28 38
47 29 34
47 30 12
47 31 32
47 32 1
47 33 20
47 34 35
47 35 35
47 36 27
47 37 25
47 38 28
47 39 41
47 40 26
47 41 32
47 42 34
47 43 8
47 44 30
47 45 22
47 46 15
48 0 4
48 1 17
48 2 31
48 3 21
48 4 2
48 5 34
48 6 42
48 7 25
48 8 23
48 9 10
48 10 24
48 11 26
48 12 21
48 13 11
48 14 24
48 15 40
48 16 2
48 17 28
48 18 5
48 19 11
48 20 16
48 21 10
48 22 15
48 23 13
48 24 22
48 25 7
48 26 4
48 27 33
48 28 4
48 29 7
48 30 17
48 31 8
48 32 36
48 33 2
48 34 31
48 35 34
48 36 30
48 37 4
48 38 15
48 39 8
48 40 21
48 41 19
48 42 35
48 43 13
48 44 41
48 45 22
48 46 12
48 47 41
49 0 1
49 1 1
49 2 12
49 3 24
49 4 20
49 5 5
49 6 38
49 7 16
49 8 9
49 9 35
49 10 7
49 11 15
49 12 1
49 13 33
49 14 33
49 15 32
49 16 17
49 17 32
49 18 8
49 19 41
49 20 41
49 21 30
49 22 1
49 23 32
49 24 16
49 25 11
49 26 30
49 27 22
49 28 31
49 29 34
49 30 35
49 31 13
49 32 11
49 33 29
49 34 6
49 35 38
49 36 13
49 37 4
49 38 31
49 39 35
49 40 5
49 41 30
49 42 36
49 43 15
49 44 42
49 45 14
49 46 28
49 47 40
49 48 29
50 0 24
50 1 28
50 2 18
50 3 10
50 4 36
50 5 18
50 6 4
50 7 22
50 8 11
50 9 24
50 10 18
50 11 12
50 12 22
50 13 15
50 14 39
50 15 16
50 16 26
50 17 9
50 18 31
50 19 19
50 20 32
50 21 12
50 22 22
50 23 12
50 24 16
50 25 25
50 26 7
50 27 38
50 28 38
50 29 19
50 30 7
50 31 19
50 32 41
50 33 14
50 34 17
50 35 3
50 36 25
50 37 4
50 38 14
50 39 42
50 40 21
50 41 25
50 42 17
50 43 29
50 44 17
50 45 33
50 46 42
50 47 28
50 48 13
50 49 3
51 0 36
51 1 15
51 2 24
51 3 14
51 4 5
51 5 9
51 6 35
51 7 38
51 8 34
51 9 34
51 10 37
51 11 29
51 12 21
51 13 34
51 14 38
51 15 30
51 16 2
51 17 30
51 18 33
51 19 12
51 20 41
51 21 6
51 22 19
51 23 13
51 24 37
51 25 42
51 26 25
51 27 14
51 28 33
51 29 19
51 30 30
51 31 31
51 32 21
51 33 38
51 34 37
51 35 28
51 36 10
51 37 16
51 38 25
51 39 1
51 40 40
51 41 29
51 42 5
51 43 18
51 44 30
51 45 32
51 46 35
51 47 1
51 48 19
51 49 26
51 50 9
52 0 16
52 1 42
52 2 1
52 3 8
52 4 7
52 5 22
52 6 38
52 7 23
52 8 3
52 9 32
52 10 32
52 11 12
52 12 12
52 13 16
52 14 2
52 15 39
52 16 22
52 17 17
52 18 37
52 19 30
52 20 11
52 21 40
52 22 36
52 23 34
52 24 38
52 25 10
52 26 31
52 27 33
52 28 34
52 29 27
52 30 42
52 31 24
52 32 26
52 33 32
52 34 2
52 35 11
52 36 3
52 37 8
52 38 9
52 39 10
52 40 19
52 41 25
52 42 35
52 43 3
52 44 15
52 45 24
52 46 4
52 47 36
52 48 6
52 49 7
52 50 33
52 51 35
53 0 28
53 1 40
53 2 19
53 3 25
53 4 38
53 5 9
53 6 3
53 7 12
53 8 18
53 9 25
53 10 12
53 11 23
53 12 16
53 13 7
53 14 19
53 15 36
53 16 35
53 17 41
53 18 17
53 19 2
53 20 34
53 21 7
53 22 23
53 23 30
53 24 28
53 25 30
53 26 22
53 27 34
53 28 13
53 29 41
53 30 36
53 31 5
53 32 23
53 33 31
53 34 6
53 35 26
53 36 18
53 37 23
53 38 29
53 39 24
53 40 26
53 41 13
53 42 33
53 43 31
53 44 41
53 45 26
53 46 34
53 47 31
53 48 35
53 49 9
53 50 4
53 51 35
53 52 40
54 0 30
54 1 4
54 2 17
54 3 25
54 4 41
54 5 13
54 6 40
54 7 37
54 8 18
54 9 39
54 10 19
54 11 38
54 12 42
54 13 19
54 14 23
54 15 9
54 16 42
54 17 18
54 18 18
54 19 42
54 20 36
54 21 3
54 22 33
54 23 40
54 24 1
54 25 26
54 26 13
54 27 18
54 28 25
54 29 28
54 30 2
54 31 25
54 32 29
54 33 20
54 34 4
54 35 27
54 36 2
54 37 22
54 38 17
54 39 13
54 40 4
54 41 22
54 42 14
54 43 4
54 44 6
54 45 18
54 46 22
54 47 6
54 48 3
54 49 30
54 50 13
54 51 26
54 52 15
54 53 25
55 0 16
55 1 32
55 2 38
55 3 35
55 4 28
55 5 22
55 6 4
55 7 29
55 8 25
55 9 42
55 10 39
55 11 39
55 12 14
55 13 2
55 14 9
55 15 38
55 16 18
55 17 7
55 18 29
55 19 15
55 20 38
55 21 11
55 22 20
55 23 4
55 24 12
55 25 41
55 26 5
55 27 3
55 28 18
55 29 20
55 30 1
55 31 10
55 32 13
55 33 11
55 34 18
55 35 14
55 36 25
55 37 7
55 38 4
55 39 24
55 40 2
55 41 20
55 42 25
55 43 24
55 44 18
55 45 9
55 46 19
55 47 13
55 48 12
55 49 29
55 50 42
55 51 37
55 52 5
55 53 39
55 54 8
