35
1 0 43
2 0 19
2 1 35
3 0 28
3 1 18
3 2 27
4 0 33
4 1 9
4 2 37
4 3 8
5 0 37
5 1 24
5 2 12
5 3 10
5 4 33
6 0 39
6 1 36
6 2 7
6 3 7
6 4 10
6 5 7
7 0 20
7 1 21
7 2 33
7 3 43
7 4 33
7 5 32
7 6 32
8 0 4
8 1 8
8 2 25
8 3 44
8 4 19
8 5 30
8 6 31
8 7 43
9 0 9
9 1 31
9 2 6
9 3 11
9 4 41
9 5 13
9 6 2
9 7 38
9 8 6
10 0 45
10 1 7
10 2 20
10 3 39
10 4 24
10 5 6
10 6 34
10 7 14
10 8 10
10 9 1
11 0 26
11 1 11
11 2 10
11 3 44
11 4 36
11 5 7
11 6 16
11 7 42
11 8 14
11 9 3
11 10 11
12 0 22
12 1 34
12 2 18
12 3 13
12 4 33
12 5 24
12 6 33
12 7 30
12 8 18
12 9 27
12 10 6
12 11 2
13 0 27
13 1 35
13 2 42
13 3 1
13 4 11
13 5 29
13 6 1
13 7 16
13 8 37
13 9 21
13 10 15
13 11 26
13 12 39
14 0 19
14 1 16
14 2 23
14 3 31
14 4 11
14 5 39
14 6 26
14 7 3
14 8 4
14 9 4
14 10 16
14 11 28
14 12 45
14 13 1
15 0 21
15 1 35
15 2 29
15 3 38
15 4 33
15 5 44
15 6 41
15 7 16
15 8 13
15 9 21
15 10 26
15 11 38
15 12 3
15 13 20
15 14 13
16 0 11
16 1 42
16 2 39
16 3 17
16 4 41
16 5 11
16 6 6
16 7 20
16 8 40
16 9 23
16 10 2
16 11 21
16 12 7
16 13 37
16 14 44
16 15 11
17 0 17
17 1 34
17 2 39
17 3 2
17 4 2
17 5 19
17 6 44
17 7 40
17 8 8
17 9 14
17 10 31
17 11 10
17 12 41
17 13 20
17 14 40
17 15 7
17 16 25
18 0 8
18 1 22
18 2 10
18 3 44
18 4 3
18 5 24
18 6 45
18 7 24
18 8 7
18 9 10
18 10 40
18 11 36
18 12 20
18 13 30
18 14 25
18 15 31
18 16 14
18 17 28
19 0 44
19 1 4
19 2 12
19 3 26
19 4 27
19 5 25
19 6 12
19 7 10
19 8 2
19 9 11
19 10 20
19 11 41
19 12 12
19 13 37
19 14 42
19 15 35
19 16 4
19 17 44
19 18 14
20 0 23
20 1 16
20 2 4
20 3 35
20 4 1
20 5 29
20 6 34
20 7 37
20 8 24
20 9 36
20 10 26
20 11 23
20 12 34
20 13 34
20 14 16
20 15 9
20 16 13
20 17 32
20 18 12
20 19 22
21 0 7
21 1 17
21 2 11
21 3 34
21 4 24
21 5 38
21 6 1
21 7 18
21 8 29
21 9 26
21 10 3
21 11 2
21 12 28
21 13 8
21 14 4
21 15 32
21 16 38
21 17 10
21 18 39
21 19 11
21 20 37
22 0 11
22 1 32
22 2 16
22 3 1
22 4 26
22 5 25
22 6 40
22 7 29
22 8 29
22 9 44
22 10 15
22 11 36
22 12 8
22 13 45
22 14 31
22 15 16
22 16 45
22 17 41
22 18 14
22 19 14
22 20 32
22 21 19
23 0 40
23 1 24
23 2 13
23 3 33
23 4 12
23 5 19
23 6 13
23 7 19
23 8 24
23 9 27
23 10 28
23 11 12
23 12 13
23 13 28
23 14 22
23 15 12
23 16 22
23 17 27
23 18 17
23 19 32
23 20 3
23 21 45
23 22 44
24 0 37
24 1 7
24 2 2
24 3 33
24 4 20
24 5 35
24 6 29
24 7 39
24 8 36
24 9 2
24 10 26
24 11 25
24 12 10
24 13 32
24 14 16
24 15 24
24 16 25
24 17 4
24 18 8
24 19 39
24 20 15
24 21 4
24 22 35
24 23 17
25 0 10
25 1 30
25 2 45
25 3 16
25 4 11
25 5 37
25 6 29
25 7 39
25 8 25
25 9 22
25 10 29
25 11 30
25 12 9
25 13 11
25 14 30
25 15 26
25 16 38
25 17 7
25 18 6
25 19 37
25 20 12
25 21 45
25 22 20
25 23 27
25 24 30
26 0 31
26 1 23
26 2 6
26 3 15
26 4 38
26 5 41
26 6 32
26 7 38
26 8 22
26 9 39
26 10 23
26 11 25
26 12 21
26 13 2
26 14 12
26 15 45
26 16 16
26 17 2
26 18 9
26 19 35
26 20 18
26 21 42
26 22 25
26 23 22
26 24 8
26 25 45
27 0 34
27 1 21
27 2 40
27 3 3
27 4 43
27 5 37
27 6 19
27 7 24
27 8 29
27 9 18
27 10 36
27 11 10
27 12 28
27 13 22
27 14 12
27 15 38
27 16 2
27 17 8
27 18 25
27 19 13
27 20 43
27 21 16
27 22 33
27 23 19
27 24 8
27 25 9
27 26 3
28 0 38
28 1 24
28 2 21
28 3 14
28 4 38
28 5 38
28 6 27
28 7 31
28 8 31
28 9 39
28 10 8
28 11 27
28 12 32
28 13 30
28 14 36
28 15 14
28 16 1
28 17 31
28 18 44
28 19 27
28 20 30
28 21 19
28 22 27
28 23 7
28 24 33
28 25 39
28 26 26
28 27 36
29 0 26
29 1 41
29 2 13
29 3 2
29 4 8
29 5 7
29 6 25
29 7 41
29 8 24
29 9 9
29 10 11
29 11 11
29 12 5
29 13 11
29 14 17
29 15 31
29 16 13
29 17 14
29 18 13
29 19 30
29 20 5
29 21 38
29 22 45
29 23 5
29 24 24
29 25 7
29 26 32
29 27 38
29 28 15
30 0 5
30 1 37
30 2 33
30 3 15
30 4 4
30 5 8
30 6 7
30 7 20
30 8 41
30 9 5
30 10 17
30 11 28
30 12 25
30 13 45
30 14 37
30 15 1
30 16 25
30 17 42
30 18 6
30 19 36
30 20 24
30 21 29
30 22 6
30 23 13
30 24 18
30 25 20
30 26 20
30 27 20
30 28 41
30 29 11
31 0 25
31 1 4
31 2 36
31 3 37
31 4 34
31 5 1
31 6 30
31 7 24
31 8 2
31 9 12
31 10 5
31 11 20
31 12 6
31 13 33
31 14 7
31 15 44
31 16 44
31 17 16
31 18 36
31 19 29
31 20 16
31 21 21
31 22 45
31 23 40
31 24 32
31 25 29
31 26 36
31 27 38
31 28 9
31 29 32
31 30 9
32 0 1
32 1 23
32 2 19
32 3 44
32 4 15
32 5 44
32 6 37
32 7 33
32 8 8
32 9 4
32 10 36
32 11 28
32 12 9
32 13 19
32 14 43
32 15 26
32 16 9
32 17 26
32 18 30
32 19 14
32 20 2
32 21 29
32 22 23
32 23 1
32 24 40
32 25 8
32 26 45
32 27 30
32 28 37
32 29 35
32 30 15
32 31 19
33 0 26
33 1 6
33 2 28
33 3 23
33 4 22
33 5 14
33 6 9
33 7 23
33 8 15
33 9 16
33 10 10
33 11 43
33 12 35
33 13 10
33 14 12
33 15 33
33 16 42
33 17 25
33 18 25
33 19 32
33 20 34
33 21 1
33 22 32
33 23 16
33 24 29
33 25 38
33 26 18
33 27 25
33 28 19
33 29 14
33 30 14
33 31 34
33 32 17
34 0 39
34 1 12
34 2 2
34 3 11
34 4 17
34 5 11
34 6 7
34 7 4
34 8 21
34 9 43
34 10 2
34 11 34
34 12 14
34 13 39
34 14 34
34 15 12
34 16 43
34 17 6
34 18 38
34 19 41
34 20 7
34 21 31
34 22 14
34 23 30
34 24 28
34 25 18
34 26 1
34 27 25
34 28 25
34 29 9
34 30 44
34 31 16
34 32 11
34 33 23
