55
1 0 29
2 0 19
2 1 19
3 0 12
3 1 26
3 2 36
4 0 29
4 1 19
4 2 32
4 3 12
5 0 38
5 1 19
5 2 9
5 3 30
5 4 4
6 0 5
6 1 20
6 2 38
6 3 6
6 4 24
6 5 13
7 0 22
7 1 14
7 2 34
7 3 30
7 4 27
7 5 25
7 6 2
8 0 31
8 1 32
8 2 15
8 3 25
8 4 3
8 5 20
8 6 1
8 7 16
9 0 12
9 1 30
9 2 26
9 3 33
9 4 39
9 5 10
9 6 38
9 7 36
9 8 21
10 0 34
10 1 2
10 2 14
10 3 34
10 4 26
10 5 29
10 6 33
10 7 36
10 8 24
10 9 7
11 0 24
11 1 31
11 2 3
11 3 29
11 4 19
11 5 21
11 6 37
11 7 15
11 8 18
11 9 25
11 10 29
12 0 28
12 1 7
12 2 30
12 3 1
12 4 9
12 5 28
12 6 12
12 7 1
12 8 33
12 9 5
12 10 37
12 11 22
13 0 13
13 1 8
13 2 4
13 3 9
13 4 20
13 5 7
13 6 34
13 7 23
13 8 4
13 9 11
13 10 10
13 11 5
13 12 38
14 0 6
14 1 12
14 2 29
14 3 23
14 4 13
14 5 29
14 6 14
14 7 23
14 8 13
14 9 8
14 10 35
14 11 9
14 12 15
14 13 39
15 0 14
15 1 10
15 2 25
15 3 6
15 4 17
15 5 34
15 6 30
15 7 3
15 8 6
15 9 5
15 10 29
15 11 12
15 12 35
15 13 22
15 14 38
16 0 29
16 1 30
16 2 19
16 3 36
16 4 29
16 5 3
16 6 22
16 7 17
16 8 36
16 9 17
16 10 9
16 11 32
16 12 9
16 13 25
16 14 13
16 15 26
17 0 2
17 1 21
17 2 8
17 3 1
17 4 9
17 5 13
17 6 22
17 7 10
17 8 39
17 9 10
17 10 12
17 11 26
17 12 28
17 13 12
17 14 5
17 15 4
17 16 24
18 0 29
18 1 14
18 2 21
18 3 35
18 4 13
18 5 14
18 6 26
18 7 37
18 8 20
18 9 29
18 10 12
18 11 29
18 12 9
18 13 37
18 14 16
18 15 9
18 16 36
18 17 38
19 0 22
19 1 27
19 2 34
19 3 14
19 4 7
19 5 12
19 6 36
19 7 31
19 8 24
19 9 39
19 10 21
19 11 31
19 12 36
19 13 1
19 14 7
19 15 13
19 16 5
19 17 7
19 18 39
20 0 22
20 1 8
20 2 37
20 3 4
20 4 30
20 5 33
20 6 4
20 7 29
20 8 12
20 9 6
20 10 2
20 11 19
20 12 5
20 13 27
20 14 17
20 15 37
20 16 12
20 17 7
20 18 28
20 19 37
21 0 17
21 1 11
21 2 20
21 3 29
21 4 32
21 5 3
21 6 35
21 7 3
21 8 3
21 9 33
21 10 19
21 11 3
21 12 17
21 13 37
21 14 12
21 15 11
21 16 24
21 17 9
21 18 5
21 19 39
21 20 19
22 0 21
22 1 34
22 2 13
22 3 26
22 4 21
22 5 31
22 6 13
22 7 22
22 8 13
22 9 13
22 10 30
22 11 8
22 12 1
22 13 38
22 14 39
22 15 34
22 16 3
22 17 1
22 18 30
22 19 5
22 20 9
22 21 6
23 0 28
23 1 31
23 2 3
23 3 31
23 4 3
23 5 7
23 6 25
23 7 4
23 8 1
23 9 19
23 10 34
23 11 35
23 12 11
23 13 35
23 14 20
23 15 25
23 16 7
23 17 17
23 18 32
23 19 23
23 20 8
23 21 7
23 22 10
24 0 29
24 1 38
24 2 39
24 3 37
24 4 3
24 5 26
24 6 36
24 7 35
24 8 1
24 9 26
24 10 7
24 11 24
24 12 19
24 13 8
24 14 1
24 15 7
24 16 32
24 17 26
24 18 8
24 19 28
24 20 11
24 21 14
24 22 24
24 23 31
25 0 12
25 1 18
25 2 15
25 3 16
25 4 11
25 5 36
25 6 27
25 7 3
25 8 23
25 9 12
25 10 28
25 11 25
25 12 24
25 13 21
25 14 32
25 15 37
25 16 20
25 17 33
25 18 30
25 19 38
25 20 39
25 21 15
25 22 16
25 23 13
25 24 23
26 0 2
26 1 19
26 2 12
26 3 1
26 4 12
26 5 2
26 6 33
26 7 29
26 8 28
26 9 4
26 10 39
26 11 27
26 12 37
26 13 8
26 14 30
26 15 34
26 16 7
26 17 37
26 18 24
26 19 4
26 20 9
26 21 6
26 22 23
26 23 21
26 24 34
26 25 19
27 0 16
27 1 11
27 2 2
27 3 14
27 4 22
27 5 13
27 6 3
27 7 6
27 8 8
27 9 4
27 10 6
27 11 36
27 12 37
27 13 16
27 14 11
27 15 20
27 16 3
27 17 22
27 18 6
27 19 18
27 20 14
27 21 21
27 22 35
27 23 7
27 24 14
27 25 2
27 26 4
28 0 10
28 1 24
28 2 25
28 3 25
28 4 39
28 5 23
28 6 31
28 7 31
28 8 22
28 9 31
28 10 22
28 11 4
28 12 1
28 13 30
28 14 18
28 15 28
28 16 16
28 17 31
28 18 16
28 19 6
28 20 31
28 21 16
28 22 4
28 23 38
28 24 20
28 25 4
28 26 8
28 27 18
29 0 15
29 1 38
29 2 35
29 3 23
29 4 20
29 5 38
29 6 39
29 7 29
29 8 31
29 9 7
29 10 20
29 11 34
29 12 24
29 13 1
29 14 16
29 15 12
29 16 39
29 17 26
29 18 4
29 19 6
29 20 12
29 21 38
29 22 19
29 23 9
29 24 16
29 25 16
29 26 39
29 27 26
29 28 24
30 0 1
30 1 2
30 2 36
30 3 3
30 4 23
30 5 6
30 6 27
30 7 13
30 8 11
30 9 17
30 10 3
30 11 4
30 12 11
30 13 36
30 14 31
30 15 32
30 16 28
30 17 27
30 18 11
30 19 1
30 20 16
30 21 1
30 22 20
30 23 38
30 24 19
30 25 2
30 26 2
30 27 9
30 28 29
30 29 23
31 0 5
31 1 19
31 2 19
31 3 38
31 4 2
31 5 16
31 6 1
31 7 14
31 8 23
31 9 10
31 10 11
31 11 18
31 12 15
31 13 4
31 14 39
31 15 5
31 16 33
31 17 17
31 18 18
31 19 35
31 20 26
31 21 6
31 22 38
31 23 13
31 24 9
31 25 14
31 26 11
31 27 9
31 28 6
31 29 16
31 30 36
32 0 28
32 1 6
32 2 3
32 3 26
32 4 24
32 5 35
32 6 4
32 7 9
32 8 5
32 9 4
32 10 35
32 11 20
32 12 12
32 13 30
32 14 29
32 15 2
32 16 31
32 17 23
32 18 20
32 19 18
32 20 11
32 21 20
32 22 24
32 23 7
32 24 9
32 25 24
32 26 2
32 27 33
32 28 35
32 29 31
32 30 21
32 31 26
33 0 33
33 1 9
33 2 34
33 3 6
33 4 12
33 5 8
33 6 23
33 7 33
33 8 10
33 9 11
33 10 5
33 11 31
33 12 37
33 13 6
33 14 38
33 15 6
33 16 7
33 17 17
33 18 3
33 19 1
33 20 31
33 21 35
33 22 28
33 23 14
33 24 1
33 25 21
33 26 13
33 27 24
33 28 25
33 29 13
33 30 23
33 31 23
33 32 5
34 0 31
34 1 26
34 2 17
34 3 8
34 4 1
34 5 36
34 6 29
34 7 27
34 8 32
34 9 34
34 10 25
34 11 8
34 12 38
34 13 25
34 14 26
34 15 12
34 16 6
34 17 2
34 18 8
34 19 10
34 20 17
34 21 2
34 22 33
34 23 10
34 24 29
34 25 6
34 26 27
34 27 36
34 28 30
34 29 2
34 30 28
34 31 14
34 32 2
34 33 31
35 0 15
35 1 9
35 2 8
35 3 36
35 4 22
35 5 18
35 6 28
35 7 14
35 8 38
35 9 23
35 10 21
35 11 21
35 12 4
35 13 30
35 14 14
35 15 15
35 16 7
35 17 10
35 18 35
35 19 16
35 20 16
35 21 25
35 22 24
35 23 9
35 24 6
35 25 37
35 26 16
35 27 34
35 28 34
35 29 2
35 30 9
35 31 2
35 32 37
35 33 6
35 34 38
36 0 4
36 1 8
36 2 37
36 3 31
36 4 2
36 5 21
36 6 22
36 7 25
36 8 20
36 9 23
36 10 39
36 11 6
36 12 39
36 13 34
36 14 10
36 15 22
36 16 33
36 17 39
36 18 3
36 19 19
36 20 1
36 21 29
36 22 34
36 23 10
36 24 19
36 25 16
36 26 18
36 27 14
36 28 30
36 29 18
36 30 25
36 31 15
36 32 31
36 33 15
36 34 28
36 35 6
37 0 27
37 1 17
37 2 18
37 3 6
37 4 17
37 5 20
37 6 4
37 7 20
37 8 34
37 9 21
37 10 23
37 11 36
37 12 27
37 13 1
37 14 31
37 15 13
37 16 32
37 17 14
37 18 26
37 19 21
37 20 37
37 21 24
37 22 24
37 23 23
37 24 31
37 25 15
37 26 9
37 27 37
37 28 6
37 29 9
37 30 23
37 31 28
37 32 13
37 33 28
37 34 17
37 35 16
37 36 9
38 0 36
38 1 39
38 2 38
38 3 2
38 4 7
38 5 20
38 6 5
38 7 24
38 8 3
38 9 11
38 10 10
38 11 27
38 12 24
38 13 11
38 14 15
38 15 33
38 16 9
38 17 13
38 18 35
38 19 24
38 20 26
38 21 16
38 22 3
38 23 4
38 24 24
38 25 29
38 26 33
38 27 14
38 28 35
38 29 27
38 30 33
38 31 36
38 32 9
38 33 18
38 34 2
38 35 26
38 36 4
38 37 10
39 0 20
39 1 25
39 2 14
39 3 15
39 4 38
39 5 24
39 6 9
39 7 23
39 8 8
39 9 15
39 10 5
39 11 11
39 12 19
39 13 12
39 14 15
39 15 22
39 16 27
39 17 20
39 18 38
39 19 25
39 20 31
39 21 21
39 22 15
39 23 12
39 24 20
39 25 25
39 26 21
39 27 2
39 28 30
39 29 38
39 30 20
39 31 37
39 32 7
39 33 7
39 34 12
39 35 11
39 36 15
39 37 16
39 38 30
40 0 19
40 1 11
40 2 16
40 3 24
40 4 39
40 5 15
40 6 23
40 7 10
40 8 8
40 9 28
40 10 5
40 11 24
40 12 8
40 13 10
40 14 2
40 15 7
40 16 17
40 17 23
40 18 29
40 19 13
40 20 9
40 21 12
40 22 17
40 23 1
40 24 32
40 25 19
40 26 3
40 27 39
40 28 20
40 29 4
40 30 33
40 31 39
40 32 31
40 33 13
40 34 18
40 35 7
40 36 34
40 37 38
40 38 34
40 39 4
41 0 28
41 1 22
41 2 22
41 3 10
41 4 26
41 5 34
41 6 20
41 7 12
41 8 9
41 9 35
41 10 27
41 11 36
41 12 16
41 13 15
41 14 26
41 15 4
41 16 4
41 17 23
41 18 23
41 19 30
41 20 3
41 21 39
41 22 25
41 23 22
41 24 20
41 25 38
41 26 30
41 27 34
41 28 11
41 29 20
41 30 11
41 31 21
41 32 26
41 33 29
41 34 21
41 35 29
41 36 30
41 37 33
41 38 39
41 39 13
41 40 35
42 0 20
42 1 10
42 2 2
42 3 34
42 4 35
42 5 21
42 6 30
42 7 3
42 8 37
42 9 19
42 10 29
42 11 17
42 12 26
42 13 20
42 14 15
42 15 24
42 16 11
42 17 13
42 18 38
42 19 20
42 20 25
42 21 25
42 22 10
42 23 25
42 24 14
42 25 24
42 26 15
42 27 27
42 28 16
42 29 4
42 30 37
42 31 29
42 32 8
42 33 15
42 34 14
42 35 37
42 36 16
42 37 7
42 38 36
42 39 7
42 40 37
42 41 39
43 0 13
43 1 20
43 2 3
43 3 6
43 4 11
43 5 9
43 6 14
43 7 34
43 8 14
43 9 35
43 10 37
43 11 24
43 12 32
43 13 13
43 14 24
43 15 20
43 16 22
43 17 3
43 18 11
43 19 35
43 20 18
43 21 9
43 22 38
43 23 14
43 24 34
43 25 36
43 26 26
43 27 38
43 28 2
43 29 36
43 30 12
43 31 39
43 32 31
43 33 27
43 34 38
43 35 13
43 36 18
43 37 25
43 38 31
43 39 36
43 40 7
43 41 27
43 42 19
44 0 25
44 1 39
44 2 25
44 3 18
44 4 35
44 5 11
44 6 5
44 7 16
44 8 4
44 9 14
44 10 38
44 11 25
44 12 29
44 13 28
44 14 7
44 15 6
44 16 25
44 17 26
44 18 1
44 19 28
44 20 32
44 21 28
44 22 39
44 23 19
44 24 35
44 25 2
44 26 12
44 27 11
44 28 34
44 29 12
44 30 13
44 31 14
44 32 37
44 33 16
44 34 24
44 35 36
44 36 24
44 37 24
44 38 25
44 39 10
44 40 37
44 41 32
44 42 28
44 43 15
45 0 19
45 1 16
45 2 2
45 3 24
45 4 10
45 5 33
45 6 15
45 7 10
45 8 18
45 9 25
45 10 39
45 11 25
45 12 31
45 13 25
45 14 32
45 15 2
45 16 39
45 17 34
45 18 9
45 19 3
45 20 29
45 21 1
45 22 20
45 23 31
45 24 22
45 25 15
45 26 37
45 27 20
45 28 13
45 29 10
45 30 20
45 31 8
45 32 34
45 33 25
45 34 4
45 35 25
45 36 12
45 37 32
45 38 6
45 39 3
45 40 22
45 41 17
45 42 31
45 43 36
45 44 5
46 0 33
46 1 3
46 2 20
46 3 14
46 4 35
46 5 38
46 6 14
46 7 39
46 8 26
46 9 32
46 10 6
46 11 32
46 12 21
46 13 1
46 14 23
46 15 32
46 16 32
46 17 23
46 18 18
46 19 25
46 20 21
46 21 38
46 22 3
46 23 25
46 24 16
46 25 27
46 26 31
46 27 16
46 28 2
46 29 10
46 30 28
46 31 5
46 32 31
46 33 10
46 34 25
46 35 3
46 36 25
46 37 10
46 38 15
46 39 28
46 40 21
46 41 14
46 42 33
46 43 27
46 44 30
46 45 20
47 0 1
47 1 25
47 2 37
47 3 19
47 4 17
47 5 36
47 6 17
47 7 16
47 8 26
47 9 22
47 10 24
47 11 27
47 12 2
47 13 39
47 14 33
47 15 31
47 16 37
47 17 11
47 18 24
47 19 31
47 20 27
47 21 5
47 22 12
47 23 39
47 24 21
47 25 32
47 26 34
47 27 7
47 28 38
47 29 24
47 30 2
47 31 29
47 32 7
47 33 29
47 34 37
47 35 4
47 36 36
47 37 15
47 38 10
47 39 18
47 40 20
47 41 35
47 42 7
47 43 7
47 44 6
47 45 2
47 46 9
48 0 24
48 1 20
48 2 11
48 3 4
48 4 17
48 5 23
48 6 21
48 7 18
48 8 11
48 9 33
48 10 8
48 11 10
48 12 29
48 13 23
48 14 13
48 15 3
48 16 27
48 17 29
48 18 31
48 19 17
48 20 23
48 21 25
48 22 5
48 23 4
48 24 12
48 25 27
48 26 37
48 27 2
48 28 19
48 29 17
48 30 1
48 31 4
48 32 24
48 33 37
48 34 3
48 35 5
48 36 13
48 37 18
48 38 12
48 39 24
48 40 18
48 41 20
48 42 32
48 43 15
48 44 32
48 45 1
48 46 33
48 47 36
49 0 8
49 1 4
49 2 13
49 3 36
49 4 22
49 5 32
49 6 33
49 7 32
49 8 18
49 9 27
49 10 20
49 11 37
49 12 13
49 13 36
49 14 8
49 15 22
49 16 18
49 17 30
49 18 37
49 19 8
49 20 1
49 21 11
49 22 20
49 23 29
49 24 5
49 25 18
49 26 26
49 27 16
49 28 23
49 29 22
49 30 18
49 31 18
49 32 32
49 33 5
49 34 24
49 35 12
49 36 1
49 37 29
49 38 29
49 39 15
49 40 25
49 41 38
49 42 1
49 43 35
49 44 36
49 45 31
49 46 28
49 47 9
49 48 24
50 0 8
50 1 19
50 2 2
50 3 18
50 4 11
50 5 13
50 6 33
50 7 8
50 8 33
50 9 32
50 10 22
50 11 28
50 12 37
50 13 32
50 14 39
50 15 34
50 16 18
50 17 31
50 18 19
50 19 13
50 20 10
50 21 26
50 22 25
50 23 36
50 24 22
50 25 19
50 26 28
50 27 33
50 28 37
50 29 19
50 30 34
50 31 13
50 32 21
50 33 24
50 34 3
50 35 2
50 36 22
50 37 39
50 38 16
50 39 37
50 40 24
50 41 19
50 42 28
50 43 11
50 44 34
50 45 36
50 46 27
50 47 24
50 48 9
50 49 34
51 0 32
51 1 17
51 2 12
51 3 3
51 4 26
51 5 30
51 6 18
51 7 21
51 8 24
51 9 6
51 10 20
51 11 15
51 12 39
51 13 31
51 14 31
51 15 26
51 16 37
51 17 27
51 18 22
51 19 37
51 20 39
51 21 37
51 22 1
51 23 39
51 24 30
51 25 33
51 26 20
51 27 8
51 28 8
51 29 5
51 30 19
51 31 30
51 32 24
51 33 29
51 34 20
51 35 4
51 36 15
51 37 37
51 38 12
51 39 19
51 40 28
51 41 18
51 42 15
51 43 5
51 44 9
51 45 1
51 46 8
51 47 17
51 48 3
51 49 30
51 50 27
52 0 30
52 1 31
52 2 10
52 3 8
52 4 34
52 5 15
52 6 20
52 7 4
52 8 21
52 9 5
52 10 14
52 11 28
52 12 14
52 13 32
52 14 5
52 15 24
52 16 21
52 17 2
52 18 28
52 19 31
52 20 14
52 21 21
52 22 35
52 23 29
52 24 17
52 25 2
52 26 37
52 27 29
52 28 3
52 29 9
52 30 11
52 31 26
52 32 9
52 33 1
52 34 10
52 35 24
52 36 34
52 37 14
52 38 38
52 39 18
52 40 9
52 41 22
52 42 11
52 43 20
52 44 17
52 45 14
52 46 5
52 47 3
52 48 36
52 49 33
52 50 27
52 51 13
53 0 33
53 1 21
53 2 6
53 3 25
53 4 1
53 5 3
53 6 20
53 7 23
53 8 13
53 9 37
53 10 28
53 11 12
53 12 14
53 13 25
53 14 34
53 15 25
53 16 37
53 17 9
53 18 18
53 19 18
53 20 4
53 21 25
53 22 29
53 23 34
53 24 33
53 25 32
53 26 33
53 27 23
53 28 21
53 29 13
53 30 1
53 31 17
53 32 17
53 33 26
53 34 21
53 35 18
53 36 22
53 37 33
53 38 21
53 39 31
53 40 16
53 41 9
53 42 10
53 43 32
53 44 19
53 45 30
53 46 18
53 47 4
53 48 15
53 49 28
53 50 33
53 51 24
53 52 18
54 0 4
54 1 25
54 2 37
54 3 17
54 4 35
54 5 37
54 6 23
54 7 18
54 8 2
54 9 15
54 10 12
54 11 16
54 12 35
54 13 1
54 14 18
54 15 32
54 16 6
54 17 39
54 18 29
54 19 2
54 20 34
54 21 27
54 22 20
54 23 8
54 24 8
54 25 38
54 26 30
54 27 26
54 28 17
54 29 25
54 30 24
54 31 9
54 32 29
54 33 36
54 34 20
54 35 5
54 36 37
54 37 33
54 38 32
54 39 22
54 40 39
54 41 35
54 42 18
54 43 34
54 44 30
54 45 7
54 46 15
54 47 22
54 48 26
54 49 30
54 50 26
54 51 22
54 52 6
54 53 18
