51
1 0 6
2 0 25
2 1 15
3 0 2
3 1 46
3 2 33
4 0 42
4 1 30
4 2 5
4 3 42
5 0 48
5 1 27
5 2 39
5 3 19
5 4 24
6 0 35
6 1 43
6 2 20
6 3 36
6 4 23
6 5 32
7 0 11
7 1 28
7 2 33
7 3 9
7 4 32
7 5 19
7 6 33
8 0 13
8 1 17
8 2 47
8 3 43
8 4 28
8 5 42
8 6 24
8 7 8
9 0 38
9 1 44
9 2 34
9 3 32
9 4 15
9 5 10
9 6 12
9 7 7
9 8 36
10 0 1
10 1 17
10 2 29
10 3 27
10 4 31
10 5 46
10 6 12
10 7 32
10 8 1
10 9 46
11 0 17
11 1 19
11 2 24
11 3 42
11 4 29
11 5 33
11 6 23
11 7 47
11 8 24
11 9 1
11 10 5
12 0 11
12 1 46
12 2 23
12 3 25
12 4 10
12 5 36
12 6 5
12 7 14
12 8 31
12 9 35
12 10 34
12 11 17
13 0 43
13 1 11
13 2 38
13 3 26
13 4 47
13 5 12
13 6 21
13 7 38
13 8 46
13 9 21
13 10 6
13 11 10
13 12 17
14 0 36
14 1 16
14 2 40
14 3 4
14 4 36
14 5 33
14 6 32
14 7 30
14 8 15
14 9 28
14 10 19
14 11 17
14 12 37
14 13 26
15 0 47
15 1 17
15 2 5
15 3 25
15 4 23
15 5 26
15 6 31
15 7 3
15 8 36
15 9 39
15 10 20
15 11 22
15 12 37
15 13 33
15 14 33
16 0 21
16 1 40
16 2 11
16 3 21
16 4 40
16 5 47
16 6 25
16 7 4
16 8 47
16 9 28
16 10 14
16 11 32
16 12 21
16 13 48
16 14 38
16 15 12
17 0 51
17 1 24
17 2 34
17 3 27
17 4 20
17 5 11
17 6 18
17 7 39
17 8 25
17 9 1
17 10 34
17 11 39
17 12 50
17 13 6
17 14 32
17 15 14
17 16 36
18 0 4
18 1 25
18 2 2
18 3 51
18 4 32
18 5 20
18 6 1
18 7 49
18 8 28
18 9 47
18 10 9
18 11 19
18 12 42
18 13 48
18 14 3
18 15 32
18 16 21
18 17 3
19 0 50
19 1 6
19 2 43
19 3 3
19 4 21
19 5 38
19 6 7
19 7 20
19 8 12
19 9 24
19 10 35
19 11 38
19 12 31
19 13 11
19 14 22
19 15 42
19 16 33
19 17 27
19 18 14
20 0 13
20 1 22
20 2 31
20 3 22
20 4 7
20 5 41
20 6 47
20 7 25
20 8 28
20 9 48
20 10 14
20 11 5
20 12 14
20 13 48
20 14 3
20 15 30
20 16 8
20 17 30
20 18 18
20 19 10
21 0 13
21 1 4
21 2 26
21 3 16
21 4 30
21 5 39
21 6 1
21 7 18
21 8 44
21 9 33
21 10 33
21 11 32
21 12 50
21 13 24
21 14 30
21 15 43
21 16 38
21 17 32
21 18 41
21 19 51
21 20 19
22 0 13
22 1 37
22 2 19
22 3 28
22 4 9
22 5 25
22 6 20
22 7 11
22 8 19
22 9 41
22 10 24
22 11 19
22 12 35
22 13 3
22 14 42
22 15 25
22 16 13
22 17 11
22 18 6
22 19 13
22 20 23
22 21 32
23 0 24
23 1 2
23 2 2
23 3 36
23 4 45
23 5 49
23 6 36
23 7 14
23 8 27
23 9 30
23 10 31
23 11 46
23 12 7
23 13 40
23 14 9
23 15 32
23 16 27
23 17 47
23 18 28
23 19 37
23 20 3
23 21 40
23 22 9
24 0 32
24 1 24
24 2 37
24 3 36
24 4 51
24 5 27
24 6 45
24 7 7
24 8 36
24 9 13
24 10 31
24 11 32
24 12 49
24 13 40
24 14 21
24 15 33
24 16 6
24 17 6
24 18 44
24 19 25
24 20 48
24 21 10
24 22 32
24 23 51
25 0 43
25 1 16
25 2 14
25 3 7
25 4 3
25 5 27
25 6 29
25 7 5
25 8 21
25 9 36
25 10 35
25 11 23
25 12 1
25 13 23
25 14 50
25 15 6
25 16 21
25 17 39
25 18 42
25 19 42
25 20 37
25 21 30
25 22 23
25 23 18
25 24 49
26 0 15
26 1 31
26 2 2
26 3 20
26 4 36
26 5 36
26 6 41
26 7 42
26 8 33
26 9 38
26 10 11
26 11 8
26 12 27
26 13 6
26 14 2
26 15 22
26 16 42
26 17 2
26 18 12
26 19 14
26 20 29
26 21 18
26 22 37
26 23 31
26 24 39
26 25 41
27 0 1
27 1 47
27 2 39
27 3 12
27 4 27
27 5 14
27 6 37
27 7 51
27 8 26
27 9 19
27 10 1
27 11 37
27 12 30
27 13 35
27 14 42
27 15 22
27 16 24
27 17 50
27 18 25
27 19 6
27 20 16
27 21 36
27 22 28
27 23 42
27 24 43
27 25 26
27 26 51
28 0 21
28 1 51
28 2 38
28 3 35
28 4 46
28 5 6
28 6 5
28 7 44
28 8 45
28 9 26
28 10 34
28 11 47
28 12 12
28 13 6
28 14 36
28 15 8
28 16 35
28 17 40
28 18 9
28 19 2
28 20 10
28 21 43
28 22 14
28 23 15
28 24 46
28 25 32
28 26 21
28 27 40
29 0 33
29 1 38
29 2 11
29 3 46
29 4 25
29 5 12
29 6 47
29 7 11
29 8 41
29 9 4
29 10 35
29 11 11
29 12 31
29 13 39
29 14 48
29 15 42
29 16 34
29 17 29
29 18 5
29 19 32
29 20 49
29 21 48
29 22 43
29 23 9
29 24 45
29 25 14
29 26 33
29 27 45
29 28 22
30 0 36
30 1 1
30 2 10
30 3 46
30 4 43
30 5 43
30 6 14
30 7 44
30 8 33
30 9 5
30 10 51
30 11 36
30 12 35
30 13 3
30 14 29
30 15 50
30 16 33
30 17 13
30 18 25
30 19 49
30 20 39
30 21 16
30 22 1
30 23 27
30 24 20
30 25 4
30 26 18
30 27 18
30 28 15
30 29 43
31 0 47
31 1 29
31 2 47
31 3 25
31 4 46
31 5 40
31 6 50
31 7 49
31 8 21
31 9 48
31 10 3
31 11 12
31 12 17
31 13 26
31 14 7
31 15 41
31 16 35
31 17 48
31 18 3
31 19 20
31 20 38
31 21 9
31 22 24
31 23 13
31 24 29
31 25 4
31 26 47
31 27 23
31 28 32
31 29 39
31 30 35
32 0 39
32 1 26
32 2 10
32 3 3
32 4 20
32 5 6
32 6 29
32 7 36
32 8 20
32 9 38
32 10 25
32 11 31
32 12 24
32 13 38
32 14 47
32 15 37
32 16 39
32 17 6
32 18 3
32 19 51
32 20 40
32 21 45
32 22 3
32 23 48
32 24 11
32 25 1
32 26 10
32 27 17
32 28 35
32 29 35
32 30 36
32 31 8
33 0 38
33 1 39
33 2 17
33 3 43
33 4 4
33 5 43
33 6 36
33 7 46
33 8 20
33 9 20
33 10 37
33 11 14
33 12 11
33 13 36
33 14 32
33 15 24
33 16 14
33 17 39
33 18 33
33 19 20
33 20 36
33 21 12
33 22 4
33 23 30
33 24 48
33 25 2
33 26 26
33 27 12
33 28 50
33 29 22
33 30 12
33 31 51
33 32 33
34 0 27
34 1 19
34 2 35
34 3 41
34 4 23
34 5 1
34 6 22
34 7 40
34 8 43
34 9 23
34 10 32
34 11 20
34 12 12
34 13 23
34 14 41
34 15 12
34 16 29
34 17 48
34 18 27
34 19 23
34 20 47
34 21 35
34 22 33
34 23 44
34 24 5
34 25 42
34 26 30
34 27 51
34 28 36
34 29 12
34 30 35
34 31 51
34 32 51
34 33 9
35 0 15
35 1 49
35 2 22
35 3 42
35 4 42
35 5 7
35 6 32
35 7 14
35 8 24
35 9 28
35 10 31
35 11 26
35 12 13
35 13 19
35 14 8
35 15 10
35 16 48
35 17 27
35 18 22
35 19 18
35 20 42
35 21 11
35 22 49
35 23 16
35 24 23
35 25 9
35 26 45
35 27 18
35 28 31
35 29 12
35 30 21
35 31 12
35 32 18
35 33 7
35 34 48
36 0 4
36 1 45
36 2 46
36 3 47
36 4 38
36 5 26
36 6 51
36 7 1
36 8 19
36 9 51
36 10 16
36 11 25
36 12 49
36 13 45
36 14 36
36 15 17
36 16 42
36 17 48
36 18 11
36 19 21
36 20 33
36 21 29
36 22 40
36 23 30
36 24 19
36 25 38
36 26 38
36 27 34
36 28 44
36 29 8
36 30 19
36 31 30
36 32 31
36 33 18
36 34 29
36 35 16
37 0 23
37 1 48
37 2 1
37 3 7
37 4 12
37 5 31
37 6 41
37 7 29
37 8 4
37 9 6
37 10 14
37 11 43
37 12 13
37 13 32
37 14 10
37 15 47
37 16 10
37 17 1
37 18 6
37 19 14
37 20 9
37 21 9
37 22 5
37 23 50
37 24 15
37 25 16
37 26 12
37 27 50
37 28 8
37 29 32
37 30 43
37 31 17
37 32 13
37 33 9
37 34 49
37 35 47
37 36 2
38 0 35
38 1 41
38 2 2
38 3 51
38 4 25
38 5 6
38 6 33
38 7 16
38 8 46
38 9 39
38 10 14
38 11 6
38 12 49
38 13 33
38 14 50
38 15 2
38 16 47
38 17 11
38 18 30
38 19 47
38 20 18
38 21 1
38 22 23
38 23 32
38 24 18
38 25 41
38 26 8
38 27 23
38 28 25
38 29 23
38 30 6
38 31 33
38 32 27
38 33 33
38 34 44
38 35 41
38 36 31
38 37 50
39 0 20
39 1 21
39 2 49
39 3 49
39 4 13
39 5 28
39 6 10
39 7 9
39 8 46
39 9 37
39 10 24
39 11 23
39 12 18
39 13 18
39 14 18
39 15 45
39 16 32
39 17 11
39 18 5
39 19 51
39 20 16
39 21 42
39 22 34
39 23 27
39 24 2
39 25 50
39 26 39
39 27 15
39 28 49
39 29 24
39 30 26
39 31 26
39 32 20
39 33 42
39 34 35
39 35 23
39 36 13
39 37 39
39 38 45
40 0 51
40 1 4
40 2 32
40 3 25
40 4 41
40 5 22
40 6 35
40 7 35
40 8 51
40 9 10
40 10 28
40 11 51
40 12 36
40 13 13
40 14 48
40 15 32
40 16 39
40 17 8
40 18 12
40 19 51
40 20 17
40 21 47
40 22 47
40 23 14
40 24 22
40 25 17
40 26 41
40 27 20
40 28 31
40 29 50
40 30 19
40 31 7
40 32 2
40 33 4
40 34 49
40 35 23
40 36 3
40 37 49
40 38 26
40 39 33
41 0 38
41 1 26
41 2 43
41 3 24
41 4 51
41 5 5
41 6 9
41 7 5
41 8 25
41 9 38
41 10 48
41 11 26
41 12 15
41 13 30
41 14 16
41 15 40
41 16 41
41 17 45
41 18 43
41 19 23
41 20 38
41 21 4
41 22 19
41 23 39
41 24 3
41 25 30
41 26 48
41 27 17
41 28 50
41 29 35
41 30 12
41 31 2
41 32 43
41 33 12
41 34 5
41 35 40
41 36 46
41 37 10
41 38 49
41 39 18
41 40 46
42 0 30
42 1 12
42 2 43
42 3 34
42 4 38
42 5 1
42 6 12
42 7 3
42 8 19
42 9 36
42 10 50
42 11 10
42 12 41
42 13 19
42 14 42
42 15 37
42 16 7
42 17 44
42 18 11
42 19 21
42 20 31
42 21 6
42 22 47
42 23 25
42 24 50
42 25 11
42 26 39
42 27 34
42 28 43
42 29 47
42 30 37
42 31 11
42 32 31
42 33 47
42 34 30
42 35 9
42 36 40
42 37 49
42 38 48
42 39 10
42 40 21
42 41 37
43 0 23
43 1 30
43 2 34
43 3 40
43 4 21
43 5 43
43 6 37
43 7 16
43 8 2
43 9 21
43 10 35
43 11 24
43 12 11
43 13 28
43 14 1
43 15 8
43 16 24
43 17 38
43 18 50
43 19 50
43 20 20
43 21 44
43 22 27
43 23 32
43 24 44
43 25 43
43 26 19
43 27 35
43 28 43
43 29 49
43 30 30
43 31 41
43 32 18
43 33 43
43 34 7
43 35 44
43 36 7
43 37 26
43 38 22
43 39 16
43 40 5
43 41 26
43 42 21
44 0 41
44 1 19
44 2 35
44 3 48
44 4 5
44 5 40
44 6 7
44 7 36
44 8 30
44 9 46
44 10 31
44 11 27
44 12 3
44 13 7
44 14 9
44 15 2
44 16 23
44 17 16
44 18 51
44 19 4
44 20 34
44 21 47
44 22 23
44 23 10
44 24 1
44 25 49
44 26 11
44 27 10
44 28 25
44 29 43
44 30 41
44 31 28
44 32 2
44 33 1
44 34 27
44 35 12
44 36 31
44 37 6
44 38 18
44 39 4
44 40 43
44 41 50
44 42 37
44 43 46
45 0 3
45 1 39
45 2 20
45 3 47
45 4 27
45 5 34
45 6 49
45 7 21
45 8 2
45 9 35
45 10 30
45 11 4
45 12 43
45 13 38
45 14 2
45 15 16
45 16 11
45 17 26
45 18 4
45 19 39
45 20 26
45 21 33
45 22 43
45 23 1
45 24 42
45 25 3
45 26 38
45 27 36
45 28 32
45 29 4
45 30 8
45 31 34
45 32 41
45 33 35
45 34 22
45 35 19
45 36 14
45 37 49
45 38 38
45 39 48
45 40 36
45 41 10
45 42 14
45 43 49
45 44 16
46 0 49
46 1 41
46 2 12
46 3 38
46 4 36
46 5 1
46 6 12
46 7 18
46 8 11
46 9 32
46 10 33
46 11 27
46 12 3
46 13 29
46 14 22
46 15 40
46 16 2
46 17 32
46 18 16
46 19 48
46 20 6
46 21 13
46 22 32
46 23 13
46 24 27
46 25 28
46 26 35
46 27 39
46 28 33
46 29 27
46 30 25
46 31 48
46 32 13
46 33 12
46 34 7
46 35 21
46 36 6
46 37 20
46 38 22
46 39 22
46 40 46
46 41 20
46 42 21
46 43 18
46 44 1
46 45 7
47 0 46
47 1 17
47 2 41
47 3 45
47 4 20
47 5 38
47 6 9
47 7 46
47 8 21
47 9 25
47 10 36
47 11 7
47 12 45
47 13 36
47 14 31
47 15 26
47 16 27
47 17 50
47 18 12
47 19 4
47 20 32
47 21 38
47 22 9
47 23 4
47 24 29
47 25 33
47 26 31
47 27 8
47 28 8
47 29 50
47 30 50
47 31 51
47 32 20
47 33 25
47 34 1
47 35 38
47 36 10
47 37 17
47 38 27
47 39 37
47 40 37
47 41 26
47 42 24
47 43 45
47 44 34
47 45 32
47 46 28
48 0 37
48 1 43
48 2 24
48 3 3
48 4 17
48 5 16
48 6 36
48 7 36
48 8 19
48 9 25
48 10 1
48 11 39
48 12 37
48 13 50
48 14 11
48 15 41
48 16 7
48 17 13
48 18 49
48 19 38
48 20 19
48 21 20
48 22 37
48 23 51
48 24 24
48 25 19
48 26 33
48 27 4
48 28 3
48 29 37
48 30 19
48 31 30
48 32 5
48 33 33
48 34 26
48 35 3
48 36 15
48 37 30
48 38 35
48 39 27
48 40 3
48 41 8
48 42 46
48 43 46
48 44 40
48 45 42
48 46 10
48 47 40
49 0 1
49 1 40
49 2 1
49 3 2
49 4 17
49 5 36
49 6 5
49 7 20
49 8 25
49 9 32
49 10 2
49 11 38
49 12 43
49 13 49
49 14 34
49 15 7
49 16 12
49 17 19
49 18 17
49 19 23
49 20 44
49 21 10
49 22 44
49 23 12
49 24 29
49 25 19
49 26 3
49 27 18
49 28 7
49 29 11
49 30 27
49 31 19
49 32 43
49 33 35
49 34 34
49 35 35
49 36 42
49 37 29
49 38 41
49 39 48
49 40 43
49 41 50
49 42 45
49 43 16
49 44 31
49 45 7
49 46 14
49 47 29
49 48 25
50 0 13
50 1 28
50 2 50
50 3 27
50 4 47
50 5 10
50 6 35
50 7 10
50 8 21
50 9 45
50 10 44
50 11 37
50 12 43
50 13 24
50 14 38
50 15 35
50 16 45
50 17 43
50 18 41
50 19 37
50 20 40
50 21 37
50 22 6
50 23 29
50 24 36
50 25 29
50 26 45
50 27 50
50 28 28
50 29 11
50 30 40
50 31 8
50 32 50
50 33 9
50 34 29
50 35 35
50 36 11
50 37 34
50 38 43
50 39 8
50 40 39
50 41 29
50 42 13
50 43 45
50 44 14
50 45 1
50 46 26
50 47 31
50 48 3
50 49 25
