68
1 0 1
2 0 17
2 1 8
3 0 39
3 1 39
3 2 26
4 0 27
4 1 26
4 2 19
4 3 23
5 0 29
5 1 21
5 2 5
5 3 13
5 4 17
6 0 13
6 1 30
6 2 2
6 3 6
6 4 20
6 5 14
7 0 32
7 1 37
7 2 23
7 3 37
7 4 17
7 5 13
7 6 10
8 0 35
8 1 12
8 2 17
8 3 24
8 4 1
8 5 38
8 6 16
8 7 8
9 0 7
9 1 22
9 2 35
9 3 6
9 4 26
9 5 19
9 6 33
9 7 4
9 8 16
10 0 20
10 1 29
10 2 36
10 3 32
10 4 13
10 5 23
10 6 20
10 7 24
10 8 27
10 9 25
11 0 7
11 1 6
11 2 38
11 3 38
11 4 39
11 5 10
11 6 36
11 7 17
11 8 24
11 9 4
11 10 24
12 0 22
12 1 14
12 2 4
12 3 6
12 4 11
12 5 11
12 6 26
12 7 15
12 8 31
12 9 30
12 10 3
12 11 1
13 0 29
13 1 30
13 2 9
13 3 22
13 4 24
13 5 35
13 6 38
13 7 37
13 8 7
13 9 26
13 10 30
13 11 14
13 12 35
14 0 35
14 1 15
14 2 32
14 3 8
14 4 39
14 5 1
14 6 37
14 7 31
14 8 18
14 9 16
14 10 5
14 11 11
14 12 6
14 13 15
15 0 28
15 1 36
15 2 28
15 3 22
15 4 37
15 5 15
15 6 27
15 7 23
15 8 37
15 9 21
15 10 1
15 11 23
15 12 2
15 13 36
15 14 24
16 0 39
16 1 33
16 2 13
16 3 32
16 4 7
16 5 5
16 6 23
16 7 21
16 8 34
16 9 25
16 10 21
16 11 16
16 12 1
16 13 38
16 14 26
16 15 16
17 0 6
17 1 13
17 2 13
17 3 23
17 4 16
17 5 32
17 6 38
17 7 3
17 8 6
17 9 22
17 10 32
17 11 13
17 12 12
17 13 31
17 14 20
17 15 13
17 16 2
18 0 31
18 1 6
18 2 10
18 3 36
18 4 7
18 5 29
18 6 32
18 7 35
18 8 34
18 9 8
18 10 10
18 11 35
18 12 4
18 13 14
18 14 22
18 15 24
18 16 36
18 17 22
19 0 33
19 1 33
19 2 3
19 3 34
19 4 11
19 5 30
19 6 18
19 7 34
19 8 25
19 9 16
19 10 21
19 11 25
19 12 4
19 13 28
19 14 38
19 15 23
19 16 25
19 17 2
19 18 27
20 0 29
20 1 19
20 2 4
20 3 21
20 4 6
20 5 21
20 6 35
20 7 9
20 8 10
20 9 10
20 10 21
20 11 7
20 12 19
20 13 33
20 14 26
20 15 5
20 16 14
20 17 30
20 18 18
20 19 7
21 0 32
21 1 10
21 2 20
21 3 25
21 4 32
21 5 19
21 6 15
21 7 32
21 8 2
21 9 19
21 10 35
21 11 8
21 12 19
21 13 20
21 14 12
21 15 20
21 16 11
21 17 20
21 18 19
21 19 22
21 20 38
22 0 19
22 1 20
22 2 6
22 3 1
22 4 16
22 5 39
22 6 31
22 7 14
22 8 21
22 9 13
22 10 31
22 11 13
22 12 18
22 13 7
22 14 20
22 15 7
22 16 21
22 17 21
22 18 31
22 19 35
22 20 33
22 21 22
23 0 6
23 1 14
23 2 17
23 3 25
23 4 38
23 5 36
23 6 19
23 7 21
23 8 7
23 9 22
23 10 38
23 11 29
23 12 17
23 13 35
23 14 34
23 15 3
23 16 22
23 17 9
23 18 13
23 19 15
23 20 15
23 21 13
23 22 27
24 0 30
24 1 7
24 2 7
24 3 7
24 4 33
24 5 22
24 6 9
24 7 17
24 8 25
24 9 12
24 10 6
24 11 30
24 12 22
24 13 28
24 14 22
24 15 3
24 16 6
24 17 9
24 18 16
24 19 16
24 20 36
24 21 24
24 22 21
24 23 17
25 0 2
25 1 31
25 2 22
25 3 36
25 4 6
25 5 9
25 6 33
25 7 30
25 8 12
25 9 12
25 10 22
25 11 16
25 12 26
25 13 13
25 14 26
25 15 2
25 16 1
25 17 1
25 18 28
25 19 5
25 20 18
25 21 12
25 22 26
25 23 19
25 24 17
26 0 10
26 1 37
26 2 28
26 3 34
26 4 15
26 5 28
26 6 20
26 7 28
26 8 5
26 9 37
26 10 17
26 11 24
26 12 3
26 13 29
26 14 12
26 15 5
26 16 24
26 17 36
26 18 26
26 19 1
26 20 5
26 21 6
26 22 30
26 23 24
26 24 18
26 25 32
27 0 26
27 1 21
27 2 19
27 3 17
27 4 29
27 5 6
27 6 20
27 7 16
27 8 14
27 9 17
27 10 34
27 11 16
27 12 35
27 13 15
27 14 25
27 15 31
27 16 21
27 17 35
27 18 18
27 19 19
27 20 36
27 21 28
27 22 6
27 23 23
27 24 1
27 25 11
27 26 3
28 0 25
28 1 9
28 2 9
28 3 38
28 4 36
28 5 8
28 6 23
28 7 17
28 8 25
28 9 4
28 10 28
28 11 6
28 12 29
28 13 24
28 14 9
28 15 1
28 16 24
28 17 7
28 18 20
28 19 6
28 20 1
28 21 32
28 22 5
28 23 39
28 24 39
28 25 19
28 26 21
28 27 20
29 0 18
29 1 20
29 2 39
29 3 25
29 4 1
29 5 37
29 6 12
29 7 9
29 8 35
29 9 24
29 10 28
29 11 37
29 12 10
29 13 7
29 14 32
29 15 22
29 16 7
29 17 31
29 18 15
29 19 27
29 20 38
29 21 34
29 22 24
29 23 24
29 24 37
29 25 1
29 26 6
29 27 22
29 28 15
30 0 19
30 1 28
30 2 9
30 3 28
30 4 15
30 5 23
30 6 39
30 7 30
30 8 23
30 9 24
30 10 26
30 11 35
30 12 4
30 13 8
30 14 36
30 15 18
30 16 14
30 17 10
30 18 26
30 19 10
30 20 27
30 21 16
30 22 5
30 23 30
30 24 32
30 25 2
30 26 9
30 27 38
30 28 12
30 29 12
31 0 29
31 1 30
31 2 9
31 3 37
31 4 36
31 5 22
31 6 16
31 7 10
31 8 8
31 9 31
31 10 8
31 11 8
31 12 26
31 13 4
31 14 16
31 15 9
31 16 14
31 17 8
31 18 38
31 19 28
31 20 6
31 21 15
31 22 26
31 23 34
31 24 3
31 25 21
31 26 16
31 27 28
31 28 35
31 29 19
31 30 24
32 0 12
32 1 37
32 2 36
32 3 7
32 4 3
32 5 27
32 6 4
32 7 7
32 8 27
32 9 23
32 10 10
32 11 23
32 12 2
32 13 34
32 14 18
32 15 6
32 16 25
32 17 36
32 18 6
32 19 26
32 20 21
32 21 32
32 22 29
32 23 1
32 24 9
32 25 8
32 26 35
32 27 35
32 28 34
32 29 12
32 30 18
32 31 33
33 0 34
33 1 32
33 2 12
33 3 8
33 4 5
33 5 13
33 6 3
33 7 13
33 8 33
33 9 36
33 10 10
33 11 20
33 12 36
33 13 18
33 14 19
33 15 4
33 16 31
33 17 3
33 18 15
33 19 24
33 20 20
33 21 30
33 22 3
33 23 13
33 24 26
33 25 11
33 26 16
33 27 25
33 28 36
33 29 16
33 30 18
33 31 7
33 32 25
34 0 16
34 1 22
34 2 34
34 3 36
34 4 24
34 5 25
34 6 33
34 7 30
34 8 32
34 9 25
34 10 1
34 11 2
34 12 16
34 13 5
34 14 19
34 15 11
34 16 12
34 17 6
34 18 32
34 19 28
34 20 32
34 21 16
34 22 25
34 23 29
34 24 21
34 25 9
34 26 17
34 27 8
34 28 23
34 29 8
34 30 16
34 31 35
34 32 23
34 33 21
35 0 29
35 1 35
35 2 24
35 3 5
35 4 15
35 5 12
35 6 36
35 7 34
35 8 27
35 9 2
35 10 33
35 11 18
35 12 8
35 13 29
35 14 22
35 15 30
35 16 18
35 17 6
35 18 24
35 19 34
35 20 29
35 21 12
35 22 34
35 23 39
35 24 28
35 25 30
35 26 38
35 27 19
35 28 6
35 29 12
35 30 7
35 31 36
35 32 24
35 33 34
35 34 39
36 0 35
36 1 21
36 2 37
36 3 8
36 4 26
36 5 36
36 6 23
36 7 7
36 8 16
36 9 5
36 10 25
36 11 18
36 12 10
36 13 3
36 14 25
36 15 3
36 16 17
36 17 20
36 18 8
36 19 6
36 20 20
36 21 36
36 22 6
36 23 26
36 24 36
36 25 7
36 26 32
36 27 13
36 28 2
36 29 32
36 30 34
36 31 7
36 32 1
36 33 1
36 34 23
36 35 12
37 0 36
37 1 11
37 2 11
37 3 22
37 4 27
37 5 18
37 6 39
37 7 20
37 8 9
37 9 34
37 10 25
37 11 21
37 12 30
37 13 7
37 14 3
37 15 23
37 16 24
37 17 30
37 18 4
37 19 5
37 20 30
37 21 23
37 22 13
37 23 30
37 24 29
37 25 22
37 26 35
37 27 30
37 28 6
37 29 4
37 30 13
37 31 28
37 32 15
37 33 26
37 34 11
37 35 4
37 36 19
38 0 36
38 1 12
38 2 18
38 3 25
38 4 2
38 5 34
38 6 7
38 7 36
38 8 23
38 9 6
38 10 32
38 11 38
38 12 18
38 13 20
38 14 15
38 15 22
38 16 12
38 17 18
38 18 5
38 19 2
38 20 3
38 21 26
38 22 30
38 23 10
38 24 31
38 25 8
38 26 8
38 27 18
38 28 27
38 29 12
38 30 1
38 31 10
38 32 2
38 33 5
38 34 24
38 35 22
38 36 1
38 37 9
39 0 5
39 1 9
39 2 19
39 3 39
39 4 17
39 5 28
39 6 2
39 7 2
39 8 12
39 9 4
39 10 5
39 11 20
39 12 6
39 13 37
39 14 3
39 15 18
39 16 32
39 17 16
39 18 6
39 19 1
39 20 34
39 21 3
39 22 34
39 23 9
39 24 7
39 25 20
39 26 21
39 27 2
39 28 39
39 29 37
39 30 30
39 31 22
39 32 35
39 33 37
39 34 31
39 35 13
39 36 3
39 37 16
39 38 25
40 0 39
40 1 37
40 2 1
40 3 5
40 4 39
40 5 1
40 6 13
40 7 32
40 8 32
40 9 24
40 10 22
40 11 22
40 12 5
40 13 28
40 14 12
40 15 39
40 16 37
40 17 5
40 18 21
40 19 17
40 20 12
40 21 30
40 22 16
40 23 2
40 24 14
40 25 23
40 26 7
40 27 37
40 28 31
40 29 29
40 30 26
40 31 30
40 32 2
40 33 28
40 34 32
40 35 37
40 36 24
40 37 24
40 38 22
40 39 25
41 0 15
41 1 39
41 2 14
41 3 1
41 4 5
41 5 26
41 6 12
41 7 16
41 8 4
41 9 20
41 10 13
41 11 20
41 12 27
41 13 15
41 14 4
41 15 28
41 16 23
41 17 7
41 18 20
41 19 2
41 20 29
41 21 6
41 22 3
41 23 23
41 24 2
41 25 32
41 26 14
41 27 1
41 28 36
41 29 33
41 30 16
41 31 39
41 32 28
41 33 16
41 34 34
41 35 14
41 36 31
41 37 38
41 38 1
41 39 6
41 40 37
42 0 13
42 1 9
42 2 17
42 3 10
42 4 37
42 5 13
42 6 38
42 7 21
42 8 33
42 9 38
42 10 12
42 11 38
42 12 38
42 13 35
42 14 8
42 15 33
42 16 14
42 17 35
42 18 35
42 19 8
42 20 34
42 21 30
42 22 37
42 23 38
42 24 1
42 25 15
42 26 27
42 27 27
42 28 21
42 29 36
42 30 19
42 31 4
42 32 8
42 33 29
42 34 8
42 35 7
42 36 21
42 37 20
42 38 27
42 39 20
42 40 8
42 41 24
43 0 8
43 1 23
43 2 5
43 3 32
43 4 38
43 5 37
43 6 32
43 7 26
43 8 20
43 9 6
43 10 16
43 11 17
43 12 9
43 13 31
43 14 9
43 15 11
43 16 18
43 17 5
43 18 4
43 19 36
43 20 34
43 21 9
43 22 27
43 23 14
43 24 10
43 25 16
43 26 13
43 27 31
43 28 28
43 29 23
43 30 22
43 31 19
43 32 32
43 33 28
43 34 38
43 35 33
43 36 27
43 37 17
43 38 5
43 39 32
43 40 16
43 41 28
43 42 38
44 0 35
44 1 30
44 2 37
44 3 25
44 4 24
44 5 36
44 6 31
44 7 21
44 8 1
44 9 22
44 10 38
44 11 20
44 12 11
44 13 34
44 14 23
44 15 2
44 16 37
44 17 39
44 18 20
44 19 12
44 20 8
44 21 4
44 22 13
44 23 28
44 24 37
44 25 38
44 26 27
44 27 3
44 28 5
44 29 7
44 30 36
44 31 11
44 32 6
44 33 30
44 34 10
44 35 25
44 36 4
44 37 13
44 38 23
44 39 8
44 40 7
44 41 24
44 42 26
44 43 32
45 0 11
45 1 16
45 2 29
45 3 6
45 4 4
45 5 5
45 6 15
45 7 2
45 8 37
45 9 6
45 10 39
45 11 27
45 12 37
45 13 20
45 14 7
45 15 24
45 16 28
45 17 19
45 18 19
45 19 14
45 20 16
45 21 4
45 22 14
45 23 18
45 24 32
45 25 8
45 26 18
45 27 6
45 28 38
45 29 15
45 30 2
45 31 24
45 32 14
45 33 22
45 34 4
45 35 5
45 36 21
45 37 12
45 38 19
45 39 39
45 40 5
45 41 21
45 42 27
45 43 20
45 44 11
46 0 13
46 1 7
46 2 1
46 3 39
46 4 26
46 5 32
46 6 38
46 7 37
46 8 22
46 9 15
46 10 24
46 11 36
46 12 26
46 13 3
46 14 17
46 15 23
46 16 26
46 17 8
46 18 35
46 19 27
46 20 29
46 21 34
46 22 30
46 23 19
46 24 37
46 25 1
46 26 10
46 27 6
46 28 19
46 29 20
46 30 18
46 31 28
46 32 3
46 33 26
46 34 12
46 35 11
46 36 29
46 37 25
46 38 33
46 39 35
46 40 3
46 41 32
46 42 3
46 43 20
46 44 27
46 45 28
47 0 14
47 1 16
47 2 39
47 3 8
47 4 36
47 5 9
47 6 8
47 7 38
47 8 21
47 9 33
47 10 26
47 11 39
47 12 1
47 13 10
47 14 11
47 15 23
47 16 29
47 17 8
47 18 12
47 19 2
47 20 17
47 21 25
47 22 32
47 23 32
47 24 35
47 25 37
47 26 6
47 27 11
47 28 23
47 29 17
47 30 16
47 31 38
47 32 34
47 33 33
47 34 2
47 35 35
47 36 24
47 37 23
47 38 18
47 39 38
47 40 28
47 41 3
47 42 32
47 43 32
47 44 35
47 45 10
47 46 18
48 0 27
48 1 30
48 2 25
48 3 29
48 4 34
48 5 20
48 6 28
48 7 14
48 8 8
48 9 25
48 10 6
48 11 39
48 12 11
48 13 38
48 14 36
48 15 13
48 16 23
48 17 26
48 18 8
48 19 28
48 20 31
48 21 30
48 22 35
48 23 20
48 24 25
48 25 30
48 26 33
48 27 23
48 28 10
48 29 10
48 30 15
48 31 4
48 32 6
48 33 18
48 34 23
48 35 26
48 36 29
48 37 12
48 38 18
48 39 18
48 40 11
48 41 12
48 42 30
48 43 32
48 44 39
48 45 16
48 46 22
48 47 28
49 0 7
49 1 26
49 2 14
49 3 24
49 4 30
49 5 12
49 6 15
49 7 5
49 8 35
49 9 23
49 10 34
49 11 13
49 12 6
49 13 14
49 14 36
49 15 6
49 16 25
49 17 17
49 18 7
49 19 39
49 20 38
49 21 12
49 22 35
49 23 5
49 24 2
49 25 11
49 26 39
49 27 10
49 28 4
49 29 25
49 30 37
49 31 29
49 32 2
49 33 3
49 34 21
49 35 6
49 36 31
49 37 25
49 38 11
49 39 5
49 40 21
49 41 33
49 42 31
49 43 36
49 44 8
49 45 32
49 46 9
49 47 27
49 48 32
50 0 17
50 1 31
50 2 30
50 3 19
50 4 3
50 5 37
50 6 23
50 7 33
50 8 12
50 9 31
50 10 18
50 11 20
50 12 14
50 13 20
50 14 36
50 15 1
50 16 36
50 17 10
50 18 37
50 19 35
50 20 33
50 21 26
50 22 26
50 23 3
50 24 7
50 25 31
50 26 37
50 27 27
50 28 27
50 29 10
50 30 6
50 31 11
50 32 19
50 33 34
50 34 11
50 35 20
50 36 23
50 37 9
50 38 19
50 39 38
50 40 29
50 41 21
50 42 20
50 43 5
50 44 17
50 45 9
50 46 10
50 47 4
50 48 3
50 49 34
51 0 5
51 1 28
51 2 1
51 3 4
51 4 19
51 5 14
51 6 20
51 7 19
51 8 39
51 9 15
51 10 38
51 11 20
51 12 28
51 13 9
51 14 9
51 15 29
51 16 17
51 17 14
51 18 17
51 19 28
51 20 9
51 21 23
51 22 36
51 23 38
51 24 24
51 25 28
51 26 8
51 27 23
51 28 24
51 29 15
51 30 30
51 31 20
51 32 19
51 33 18
51 34 24
51 35 20
51 36 11
51 37 21
51 38 14
51 39 25
51 40 1
51 41 7
51 42 26
51 43 31
51 44 20
51 45 11
51 46 7
51 47 11
51 48 3
51 49 11
51 50 4
52 0 27
52 1 14
52 2 20
52 3 13
52 4 35
52 5 19
52 6 23
52 7 28
52 8 4
52 9 37
52 10 28
52 11 27
52 12 34
52 13 34
52 14 24
52 15 21
52 16 36
52 17 34
52 18 30
52 19 2
52 20 39
52 21 20
52 22 2
52 23 8
52 24 36
52 25 35
52 26 9
52 27 3
52 28 33
52 29 4
52 30 8
52 31 13
52 32 16
52 33 23
52 34 36
52 35 1
52 36 37
52 37 20
52 38 18
52 39 4
52 40 13
52 41 24
52 42 24
52 43 14
52 44 33
52 45 15
52 46 26
52 47 24
52 48 9
52 49 22
52 50 37
52 51 5
53 0 3
53 1 33
53 2 24
53 3 27
53 4 22
53 5 29
53 6 37
53 7 2
53 8 37
53 9 36
53 10 17
53 11 14
53 12 35
53 13 14
53 14 7
53 15 30
53 16 16
53 17 4
53 18 6
53 19 29
53 20 22
53 21 23
53 22 33
53 23 16
53 24 19
53 25 30
53 26 1
53 27 31
53 28 3
53 29 16
53 30 24
53 31 17
53 32 33
53 33 22
53 34 5
53 35 6
53 36 1
53 37 30
53 38 37
53 39 1
53 40 3
53 41 25
53 42 24
53 43 5
53 44 29
53 45 35
53 46 23
53 47 15
53 48 38
53 49 39
53 50 19
53 51 26
53 52 21
54 0 36
54 1 19
54 2 31
54 3 27
54 4 24
54 5 29
54 6 16
54 7 19
54 8 19
54 9 23
54 10 24
54 11 26
54 12 25
54 13 4
54 14 36
54 15 39
54 16 31
54 17 15
54 18 35
54 19 17
54 20 15
54 21 14
54 22 28
54 23 37
54 24 25
54 25 10
54 26 3
54 27 21
54 28 18
54 29 35
54 30 29
54 31 13
54 32 28
54 33 17
54 34 8
54 35 39
54 36 23
54 37 7
54 38 20
54 39 30
54 40 4
54 41 34
54 42 9
54 43 36
54 44 27
54 45 8
54 46 28
54 47 15
54 48 39
54 49 28
54 50 34
54 51 33
54 52 21
54 53 3
55 0 17
55 1 23
55 2 19
55 3 30
55 4 25
55 5 38
55 6 24
55 7 17
55 8 37
55 9 5
55 10 30
55 11 14
55 12 8
55 13 13
55 14 35
55 15 37
55 16 4
55 17 11
55 18 11
55 19 12
55 20 4
55 21 36
55 22 18
55 23 38
55 24 6
55 25 2
55 26 7
55 27 18
55 28 29
55 29 13
55 30 2
55 31 30
55 32 13
55 33 24
55 34 39
55 35 38
55 36 30
55 37 34
55 38 29
55 39 13
55 40 32
55 41 35
55 42 22
55 43 15
55 44 24
55 45 34
55 46 13
55 47 27
55 48 18
55 49 3
55 50 30
55 51 21
55 52 24
55 53 21
55 54 32
56 0 22
56 1 34
56 2 22
56 3 4
56 4 4
56 5 6
56 6 5
56 7 29
56 8 31
56 9 8
56 10 30
56 11 32
56 12 34
56 13 12
56 14 17
56 15 21
56 16 36
56 17 18
56 18 11
56 19 26
56 20 38
56 21 29
56 22 30
56 23 30
56 24 27
56 25 15
56 26 35
56 27 22
56 28 24
56 29 38
56 30 7
56 31 13
56 32 26
56 33 35
56 34 3
56 35 30
56 36 28
56 37 35
56 38 11
56 39 21
56 40 26
56 41 7
56 42 8
56 43 31
56 44 13
56 45 24
56 46 6
56 47 15
56 48 14
56 49 3
56 50 14
56 51 1
56 52 24
56 53 26
56 54 35
56 55 11
57 0 33
57 1 19
57 2 32
57 3 3
57 4 33
57 5 17
57 6 14
57 7 11
57 8 6
57 9 34
57 10 39
57 11 25
57 12 36
57 13 6
57 14 18
57 15 31
57 16 31
57 17 27
57 18 13
57 19 16
57 20 32
57 21 29
57 22 23
57 23 24
57 24 18
57 25 4
57 26 15
57 27 10
57 28 25
57 29 20
57 30 28
57 31 21
57 32 12
57 33 19
57 34 2
57 35 14
57 36 23
57 37 28
57 38 26
57 39 6
57 40 34
57 41 15
57 42 35
57 43 38
57 44 19
57 45 34
57 46 33
57 47 21
57 48 14
57 49 2
57 50 23
57 51 38
57 52 10
57 53 32
57 54 9
57 55 35
57 56 14
58 0 21
58 1 23
58 2 32
58 3 1
58 4 31
58 5 3
58 6 39
58 7 16
58 8 19
58 9 28
58 10 20
58 11 1
58 12 6
58 13 18
58 14 31
58 15 21
58 16 6
58 17 6
58 18 4
58 19 9
58 20 35
58 21 31
58 22 30
58 23 37
58 24 18
58 25 11
58 26 36
58 27 31
58 28 10
58 29 9
58 30 14
58 31 18
58 32 10
58 33 39
58 34 17
58 35 5
58 36 25
58 37 31
58 38 11
58 39 10
58 40 8
58 41 26
58 42 36
58 43 37
58 44 1
58 45 23
58 46 29
58 47 16
58 48 17
58 49 31
58 50 26
58 51 30
58 52 17
58 53 27
58 54 28
58 55 18
58 56 21
58 57 10
59 0 4
59 1 21
59 2 39
59 3 7
59 4 39
59 5 4
59 6 7
59 7 5
59 8 11
59 9 20
59 10 3
59 11 28
59 12 13
59 13 28
59 14 15
59 15 11
59 16 18
59 17 19
59 18 32
59 19 12
59 20 20
59 21 3
59 22 11
59 23 14
59 24 38
59 25 12
59 26 7
59 27 27
59 28 7
59 29 33
59 30 16
59 31 31
59 32 2
59 33 14
59 34 36
59 35 34
59 36 35
59 37 13
59 38 28
59 39 34
59 40 13
59 41 26
59 42 11
59 43 11
59 44 34
59 45 1
59 46 36
59 47 4
59 48 36
59 49 39
59 50 23
59 51 36
59 52 34
59 53 10
59 54 27
59 55 20
59 56 7
59 57 15
59 58 26
60 0 19
60 1 31
60 2 34
60 3 4
60 4 10
60 5 12
60 6 29
60 7 3
60 8 6
60 9 21
60 10 30
60 11 35
60 12 9
60 13 23
60 14 35
60 15 38
60 16 15
60 17 18
60 18 26
60 19 10
60 20 33
60 21 6
60 22 28
60 23 6
60 24 29
60 25 1
60 26 26
60 27 2
60 28 39
60 29 26
60 30 27
60 31 22
60 32 6
60 33 8
60 34 36
60 35 28
60 36 1
60 37 25
60 38 18
60 39 33
60 40 23
60 41 2
60 42 13
60 43 28
60 44 1
60 45 12
60 46 39
60 47 21
60 48 9
60 49 38
60 50 5
60 51 23
60 52 38
60 53 15
60 54 26
60 55 14
60 56 25
60 57 4
60 58 24
60 59 14
61 0 10
61 1 11
61 2 32
61 3 33
61 4 34
61 5 20
61 6 30
61 7 35
61 8 8
61 9 14
61 10 16
61 11 15
61 12 17
61 13 21
61 14 39
61 15 19
61 16 33
61 17 19
61 18 3
61 19 19
61 20 36
61 21 30
61 22 26
61 23 7
61 24 23
61 25 22
61 26 13
61 27 18
61 28 1
61 29 10
61 30 37
61 31 18
61 32 13
61 33 24
61 34 4
61 35 11
61 36 30
61 37 18
61 38 15
61 39 36
61 40 13
61 41 24
61 42 15
61 43 33
61 44 6
61 45 12
61 46 25
61 47 39
61 48 25
61 49 36
61 50 13
61 51 23
61 52 19
61 53 1
61 54 5
61 55 25
61 56 9
61 57 24
61 58 20
61 59 13
61 60 21
62 0 1
62 1 31
62 2 15
62 3 24
62 4 11
62 5 13
62 6 20
62 7 22
62 8 27
62 9 27
62 10 1
62 11 12
62 12 23
62 13 33
62 14 24
62 15 19
62 16 7
62 17 32
62 18 31
62 19 25
62 20 22
62 21 34
62 22 7
62 23 17
62 24 38
62 25 28
62 26 11
62 27 21
62 28 26
62 29 1
62 30 28
62 31 32
62 32 23
62 33 10
62 34 26
62 35 24
62 36 8
62 37 21
62 38 16
62 39 22
62 40 5
62 41 12
62 42 31
62 43 1
62 44 36
62 45 30
62 46 27
62 47 37
62 48 31
62 49 17
62 50 24
62 51 3
62 52 36
62 53 15
62 54 21
62 55 27
62 56 9
62 57 27
62 58 8
62 59 7
62 60 13
62 61 25
63 0 25
63 1 12
63 2 3
63 3 13
63 4 18
63 5 28
63 6 35
63 7 34
63 8 17
63 9 10
63 10 6
63 11 15
63 12 13
63 13 13
63 14 36
63 15 11
63 16 34
63 17 34
63 18 31
63 19 27
63 20 19
63 21 38
63 22 4
63 23 4
63 24 1
63 25 11
63 26 2
63 27 13
63 28 31
63 29 21
63 30 5
63 31 26
63 32 20
63 33 4
63 34 31
63 35 22
63 36 1
63 37 1
63 38 30
63 39 10
63 40 30
63 41 7
63 42 36
63 43 17
63 44 21
63 45 24
63 46 29
63 47 25
63 48 3
63 49 1
63 50 10
63 51 29
63 52 6
63 53 37
63 54 12
63 55 14
63 56 20
63 57 7
63 58 23
63 59 19
63 60 33
63 61 19
63 62 23
64 0 33
64 1 22
64 2 23
64 3 24
64 4 35
64 5 33
64 6 4
64 7 14
64 8 8
64 9 26
64 10 26
64 11 28
64 12 39
64 13 18
64 14 27
64 15 34
64 16 31
64 17 24
64 18 15
64 19 33
64 20 21
64 21 9
64 22 36
64 23 2
64 24 22
64 25 21
64 26 2
64 27 10
64 28 23
64 29 38
64 30 9
64 31 23
64 32 6
64 33 2
64 34 13
64 35 3
64 36 19
64 37 3
64 38 29
64 39 25
64 40 26
64 41 33
64 42 27
64 43 3
64 44 18
64 45 22
64 46 23
64 47 9
64 48 14
64 49 19
64 50 1
64 51 7
64 52 21
64 53 24
64 54 2
64 55 13
64 56 35
64 57 26
64 58 4
64 59 35
64 60 9
64 61 31
64 62 2
64 63 28
65 0 19
65 1 20
65 2 33
65 3 34
65 4 14
65 5 24
65 6 31
65 7 13
65 8 29
65 9 21
65 10 21
65 11 10
65 12 34
65 13 36
65 14 11
65 15 22
65 16 11
65 17 26
65 18 32
65 19 1
65 20 24
65 21 24
65 22 11
65 23 4
65 24 2
65 25 29
65 26 27
65 27 6
65 28 4
65 29 8
65 30 4
65 31 17
65 32 21
65 33 5
65 34 13
65 35 39
65 36 14
65 37 22
65 38 34
65 39 4
65 40 19
65 41 37
65 42 28
65 43 15
65 44 29
65 45 25
65 46 22
65 47 27
65 48 26
65 49 13
65 50 11
65 51 25
65 52 28
65 53 17
65 54 14
65 55 16
65 56 6
65 57 5
65 58 14
65 59 27
65 60 26
65 61 30
65 62 7
65 63 18
65 64 21
66 0 38
66 1 19
66 2 3
66 3 31
66 4 16
66 5 9
66 6 37
66 7 27
66 8 21
66 9 24
66 10 29
66 11 29
66 12 39
66 13 26
66 14 29
66 15 22
66 16 9
66 17 10
66 18 3
66 19 28
66 20 8
66 21 19
66 22 28
66 23 15
66 24 5
66 25 14
66 26 22
66 27 2
66 28 34
66 29 20
66 30 38
66 31 39
66 32 9
66 33 12
66 34 23
66 35 8
66 36 16
66 37 19
66 38 16
66 39 26
66 40 6
66 41 16
66 42 5
66 43 21
66 44 33
66 45 8
66 46 21
66 47 26
66 48 34
66 49 31
66 50 16
66 51 5
66 52 18
66 53 5
66 54 9
66 55 32
66 56 2
66 57 25
66 58 14
66 59 26
66 60 4
66 61 20
66 62 35
66 63 23
66 64 24
66 65 30
67 0 10
67 1 13
67 2 26
67 3 14
67 4 34
67 5 38
67 6 19
67 7 27
67 8 3
67 9 22
67 10 31
67 11 36
67 12 28
67 13 10
67 14 34
67 15 32
67 16 39
67 17 37
67 18 16
67 19 30
67 20 2
67 21 11
67 22 28
67 23 19
67 24 23
67 25 6
67 26 17
67 27 23
67 28 11
67 29 32
67 30 18
67 31 32
67 32 9
67 33 27
67 34 27
67 35 21
67 36 32
67 37 13
67 38 9
67 39 16
67 40 6
67 41 31
67 42 22
67 43 13
67 44 8
67 45 31
67 46 9
67 47 4
67 48 34
67 49 18
67 50 2
67 51 28
67 52 24
67 53 39
67 54 22
67 55 15
67 56 38
67 57 2
67 58 25
67 59 37
67 60 17
67 61 33
67 62 8
67 63 34
67 64 16
67 65 16
67 66 18
