43
1 0 7
2 0 31
2 1 32
3 0 17
3 1 41
3 2 16
4 0 10
4 1 53
4 2 30
4 3 32
5 0 52
5 1 34
5 2 68
5 3 39
5 4 16
6 0 31
6 1 13
6 2 6
6 3 19
6 4 64
6 5 48
7 0 6
7 1 52
7 2 44
7 3 17
7 4 49
7 5 30
7 6 38
8 0 22
8 1 63
8 2 19
8 3 14
8 4 47
8 5 15
8 6 57
8 7 57
9 0 20
9 1 70
9 2 40
9 3 27
9 4 5
9 5 31
9 6 36
9 7 50
9 8 64
10 0 31
10 1 5
10 2 3
10 3 28
10 4 6
10 5 68
10 6 35
10 7 1
10 8 14
10 9 15
11 0 65
11 1 46
11 2 37
11 3 59
11 4 36
11 5 59
11 6 10
11 7 7
11 8 21
11 9 2
11 10 23
12 0 37
12 1 50
12 2 44
12 3 2
12 4 60
12 5 29
12 6 1
12 7 42
12 8 48
12 9 20
12 10 24
12 11 33
13 0 33
13 1 26
13 2 69
13 3 64
13 4 22
13 5 62
13 6 10
13 7 65
13 8 24
13 9 60
13 10 44
13 11 16
13 12 68
14 0 66
14 1 3
14 2 46
14 3 11
14 4 21
14 5 63
14 6 24
14 7 34
14 8 56
14 9 16
14 10 51
14 11 46
14 12 60
14 13 62
15 0 17
15 1 54
15 2 49
15 3 40
15 4 3
15 5 40
15 6 55
15 7 9
15 8 10
15 9 15
15 10 46
15 11 60
15 12 14
15 13 40
15 14 50
16 0 57
16 1 21
16 2 4
16 3 20
16 4 14
16 5 49
16 6 23
16 7 21
16 8 39
16 9 38
16 10 34
16 11 22
16 12 11
16 13 52
16 14 40
16 15 50
17 0 66
17 1 48
17 2 43
17 3 20
17 4 66
17 5 29
17 6 22
17 7 40
17 8 49
17 9 33
17 10 14
17 11 52
17 12 38
17 13 37
17 14 70
17 15 47
17 16 42
18 0 35
18 1 21
18 2 51
18 3 53
18 4 54
18 5 65
18 6 16
18 7 2
18 8 50
18 9 39
18 10 54
18 11 10
18 12 46
18 13 33
18 14 56
18 15 20
18 16 62
18 17 37
19 0 2
19 1 5
19 2 40
19 3 48
19 4 54
19 5 35
19 6 33
19 7 44
19 8 8
19 9 29
19 10 54
19 11 41
19 12 45
19 13 27
19 14 48
19 15 2
19 16 1
19 17 38
19 18 33
20 0 67
20 1 48
20 2 31
20 3 65
20 4 16
20 5 42
20 6 68
20 7 55
20 8 54
20 9 35
20 10 11
20 11 19
20 12 50
20 13 25
20 14 7
20 15 63
20 16 3
20 17 67
20 18 39
20 19 27
21 0 1
21 1 46
21 2 57
21 3 66
21 4 34
21 5 67
21 6 59
21 7 41
21 8 3
21 9 13
21 10 9
21 11 14
21 12 31
21 13 47
21 14 20
21 15 22
21 16 58
21 17 4
21 18 44
21 19 2
21 20 46
22 0 42
22 1 16
22 2 39
22 3 29
22 4 65
22 5 3
22 6 2
22 7 28
22 8 1
22 9 27
22 10 64
22 11 21
22 12 63
22 13 34
22 14 69
22 15 21
22 16 16
22 17 15
22 18 41
22 19 64
22 20 29
22 21 1
23 0 1
23 1 48
23 2 27
23 3 48
23 4 57
23 5 50
23 6 62
23 7 48
23 8 41
23 9 33
23 10 70
23 11 62
23 12 33
23 13 20
23 14 24
23 15 70
23 16 43
23 17 46
23 18 63
23 19 18
23 20 1
23 21 7
23 22 56
24 0 63
24 1 37
24 2 28
24 3 8
24 4 42
24 5 33
24 6 14
24 7 52
24 8 70
24 9 24
24 10 37
24 11 2
24 12 46
24 13 4
24 14 42
24 15 15
24 16 38
24 17 50
24 18 63
24 19 37
24 20 36
24 21 42
24 22 46
24 23 1
25 0 36
25 1 6
25 2 66
25 3 34
25 4 38
25 5 42
25 6 3
25 7 39
25 8 31
25 9 50
25 10 8
25 11 5
25 12 16
25 13 18
25 14 55
25 15 62
25 16 28
25 17 57
25 18 48
25 19 37
25 20 32
25 21 1
25 22 59
25 23 18
25 24 48
26 0 42
26 1 21
26 2 51
26 3 53
26 4 5
26 5 55
26 6 63
26 7 54
26 8 32
26 9 58
26 10 18
26 11 66
26 12 30
26 13 2
26 14 24
26 15 55
26 16 66
26 17 8
26 18 13
26 19 51
26 20 66
26 21 10
26 22 69
26 23 25
26 24 2
26 25 67
27 0 27
27 1 57
27 2 62
27 3 48
27 4 8
27 5 2
27 6 5
27 7 67
27 8 44
27 9 57
27 10 31
27 11 10
27 12 21
27 13 66
27 14 5
27 15 49
27 16 9
27 17 54
27 18 58
27 19 33
27 20 11
27 21 10
27 22 45
27 23 47
27 24 61
27 25 31
27 26 22
28 0 41
28 1 29
28 2 10
28 3 20
28 4 40
28 5 29
28 6 14
28 7 57
28 8 39
28 9 40
28 10 10
28 11 27
28 12 29
28 13 38
28 14 51
28 15 28
28 16 53
28 17 44
28 18 30
28 19 31
28 20 66
28 21 19
28 22 18
28 23 32
28 24 45
28 25 36
28 26 36
28 27 8
29 0 61
29 1 52
29 2 47
29 3 48
29 4 43
29 5 41
29 6 27
29 7 34
29 8 29
29 9 38
29 10 11
29 11 49
29 12 26
29 13 60
29 14 38
29 15 3
29 16 46
29 17 57
29 18 44
29 19 43
29 20 26
29 21 14
29 22 12
29 23 69
29 24 19
29 25 57
29 26 56
29 27 12
29 28 63
30 0 20
30 1 70
30 2 17
30 3 69
30 4 26
30 5 69
30 6 51
30 7 9
30 8 48
30 9 26
30 10 53
30 11 25
30 12 41
30 13 38
30 14 69
30 15 55
30 16 31
30 17 70
30 18 36
30 19 37
30 20 44
30 21 6
30 22 32
30 23 62
30 24 70
30 25 64
30 26 56
30 27 3
30 28 49
30 29 20
31 0 47
31 1 2
31 2 35
31 3 8
31 4 22
31 5 47
31 6 69
31 7 33
31 8 16
31 9 53
31 10 31
31 11 26
31 12 27
31 13 37
31 14 2
31 15 57
31 16 29
31 17 34
31 18 58
31 19 55
31 20 6
31 21 62
31 22 56
31 23 21
31 24 56
31 25 33
31 26 34
31 27 33
31 28 35
31 29 31
31 30 27
32 0 23
32 1 30
32 2 30
32 3 3
32 4 68
32 5 55
32 6 25
32 7 28
32 8 4
32 9 60
32 10 7
32 11 68
32 12 60
32 13 34
32 14 39
32 15 54
32 16 23
32 17 56
32 18 32
32 19 19
32 20 69
32 21 43
32 22 67
32 23 35
32 24 33
32 25 57
32 26 69
32 27 26
32 28 4
32 29 65
32 30 61
32 31 51
33 0 42
33 1 25
33 2 36
33 3 38
33 4 47
33 5 5
33 6 27
33 7 47
33 8 53
33 9 68
33 10 4
33 11 36
33 12 56
33 13 58
33 14 62
33 15 1
33 16 43
33 17 62
33 18 22
33 19 46
33 20 53
33 21 18
33 22 41
33 23 9
33 24 1
33 25 52
33 26 13
33 27 26
33 28 35
33 29 69
33 30 11
33 31 45
33 32 3
34 0 45
34 1 62
34 2 4
34 3 36
34 4 23
34 5 29
34 6 63
34 7 68
34 8 26
34 9 4
34 10 16
34 11 70
34 12 44
34 13 5
34 14 64
34 15 45
34 16 2
34 17 35
34 18 14
34 19 44
34 20 24
34 21 37
34 22 1
34 23 62
34 24 47
34 25 1
34 26 1
34 27 42
34 28 27
34 29 61
34 30 69
34 31 17
34 32 38
34 33 49
35 0 64
35 1 22
35 2 16
35 3 44
35 4 7
35 5 53
35 6 10
35 7 27
35 8 67
35 9 21
35 10 22
35 11 70
35 12 31
35 13 9
35 14 1
35 15 47
35 16 18
35 17 52
35 18 7
35 19 53
35 20 15
35 21 57
35 22 23
35 23 63
35 24 29
35 25 23
35 26 31
35 27 41
35 28 21
35 29 42
35 30 7
35 31 61
35 32 32
35 33 45
35 34 53
36 0 5
36 1 60
36 2 9
36 3 25
36 4 31
36 5 2
36 6 63
36 7 22
36 8 17
36 9 10
36 10 55
36 11 62
36 12 60
36 13 10
36 14 15
36 15 31
36 16 49
36 17 23
36 18 45
36 19 59
36 20 2
36 21 5
36 22 13
36 23 63
36 24 11
36 25 41
36 26 50
36 27 69
36 28 29
36 29 60
36 30 13
36 31 66
36 32 62
36 33 14
36 34 21
36 35 62
37 0 1
37 1 3
37 2 45
37 3 56
37 4 22
37 5 64
37 6 45
37 7 45
37 8 61
37 9 58
37 10 21
37 11 53
37 12 36
37 13 17
37 14 39
37 15 37
37 16 43
37 17 42
37 18 31
37 19 42
37 20 4
37 21 6
37 22 42
37 23 19
37 24 50
37 25 62
37 26 64
37 27 50
37 28 43
37 29 24
37 30 2
37 31 15
37 32 41
37 33 43
37 34 20
37 35 37
37 36 63
38 0 57
38 1 19
38 2 7
38 3 32
38 4 56
38 5 57
38 6 47
38 7 29
38 8 66
38 9 30
38 10 50
38 11 15
38 12 40
38 13 28
38 14 26
38 15 39
38 16 5
38 17 70
38 18 13
38 19 53
38 20 48
38 21 32
38 22 44
38 23 31
38 24 33
38 25 57
38 26 12
38 27 40
38 28 13
38 29 55
38 30 43
38 31 15
38 32 54
38 33 10
38 34 43
38 35 50
38 36 56
38 37 20
39 0 62
39 1 67
39 2 18
39 3 70
39 4 32
39 5 67
39 6 19
39 7 51
39 8 56
39 9 7
39 10 45
39 11 45
39 12 64
39 13 35
39 14 37
39 15 25
39 16 47
39 17 40
39 18 37
39 19 18
39 20 51
39 21 46
39 22 58
39 23 40
39 24 17
39 25 17
39 26 32
39 27 59
39 28 61
39 29 17
39 30 43
39 31 21
39 32 60
39 33 17
39 34 49
39 35 18
39 36 24
39 37 62
39 38 32
40 0 49
40 1 64
40 2 38
40 3 32
40 4 38
40 5 27
40 6 5
40 7 47
40 8 25
40 9 2
40 10 27
40 11 68
40 12 20
40 13 57
40 14 3
40 15 67
40 16 58
40 17 38
40 18 2
40 19 1
40 20 26
40 21 51
40 22 36
40 23 61
40 24 56
40 25 49
40 26 21
40 27 10
40 28 48
40 29 21
40 30 13
40 31 13
40 32 34
40 33 6
40 34 31
40 35 40
40 36 20
40 37 2
40 38 6
40 39 4
41 0 43
41 1 62
41 2 58
41 3 44
41 4 35
41 5 3
41 6 52
41 7 14
41 8 55
41 9 22
41 10 68
41 11 58
41 12 31
41 13 64
41 14 9
41 15 57
41 16 22
41 17 60
41 18 20
41 19 52
41 20 35
41 21 24
41 22 35
41 23 39
41 24 31
41 25 53
41 26 23
41 27 13
41 28 19
41 29 39
41 30 65
41 31 10
41 32 8
41 33 13
41 34 44
41 35 25
41 36 25
41 37 37
41 38 58
41 39 4
41 40 1
42 0 57
42 1 3
42 2 26
42 3 53
42 4 58
42 5 6
42 6 4
42 7 20
42 8 68
42 9 57
42 10 42
42 11 2
42 12 27
42 13 13
42 14 35
42 15 28
42 16 13
42 17 69
42 18 31
42 19 3
42 20 55
42 21 3
42 22 46
42 23 57
42 24 30
42 25 40
42 26 67
42 27 38
42 28 46
42 29 55
42 30 60
42 31 46
42 32 38
42 33 12
42 34 63
42 35 18
42 36 27
42 37 4
42 38 27
42 39 20
42 40 42
42 41 16
