36
1 0 44
2 0 6
2 1 24
3 0 8
3 1 35
3 2 34
4 0 30
4 1 35
4 2 40
4 3 35
5 0 4
5 1 8
5 2 33
5 3 9
5 4 21
6 0 23
6 1 41
6 2 15
6 3 34
6 4 22
6 5 31
7 0 29
7 1 28
7 2 20
7 3 11
7 4 37
7 5 43
7 6 27
8 0 1
8 1 34
8 2 8
8 3 2
8 4 3
8 5 28
8 6 30
8 7 31
9 0 2
9 1 3
9 2 5
9 3 30
9 4 19
9 5 9
9 6 6
9 7 18
9 8 35
10 0 3
10 1 29
10 2 29
10 3 20
10 4 21
10 5 7
10 6 19
10 7 42
10 8 20
10 9 10
11 0 6
11 1 33
11 2 2
11 3 24
11 4 28
11 5 26
11 6 37
11 7 42
11 8 44
11 9 1
11 10 23
12 0 11
12 1 8
12 2 10
12 3 19
12 4 2
12 5 37
12 6 8
12 7 40
12 8 24
12 9 44
12 10 26
12 11 33
13 0 19
13 1 24
13 2 19
13 3 11
13 4 39
13 5 12
13 6 30
13 7 30
13 8 23
13 9 14
13 10 39
13 11 43
13 12 44
14 0 15
14 1 25
14 2 44
14 3 8
14 4 10
14 5 13
14 6 38
14 7 23
14 8 30
14 9 23
14 10 4
14 11 30
14 12 43
14 13 3
15 0 23
15 1 35
15 2 9
15 3 39
15 4 5
15 5 42
15 6 21
15 7 28
15 8 20
15 9 17
15 10 24
15 11 9
15 12 15
15 13 42
15 14 27
16 0 1
16 1 33
16 2 27
16 3 38
16 4 2
16 5 1
16 6 4
16 7 22
16 8 26
16 9 14
16 10 35
16 11 23
16 12 15
16 13 21
16 14 38
16 15 16
17 0 17
17 1 34
17 2 33
17 3 16
17 4 6
17 5 19
17 6 34
17 7 30
17 8 12
17 9 31
17 10 31
17 11 33
17 12 44
17 13 41
17 14 44
17 15 36
17 16 35
18 0 38
18 1 22
18 2 5
18 3 36
18 4 13
18 5 30
18 6 14
18 7 42
18 8 25
18 9 23
18 10 31
18 11 8
18 12 30
18 13 44
18 14 13
18 15 26
18 16 43
18 17 23
19 0 17
19 1 17
19 2 32
19 3 28
19 4 28
19 5 27
19 6 35
19 7 13
19 8 30
19 9 27
19 10 32
19 11 6
19 12 21
19 13 44
19 14 25
19 15 23
19 16 12
19 17 7
19 18 2
20 0 31
20 1 3
20 2 23
20 3 26
20 4 44
20 5 11
20 6 28
20 7 37
20 8 37
20 9 14
20 10 14
20 11 21
20 12 15
20 13 44
20 14 6
20 15 6
20 16 19
20 17 27
20 18 8
20 19 4
21 0 3
21 1 44
21 2 25
21 3 16
21 4 30
21 5 5
21 6 24
21 7 15
21 8 3
21 9 5
21 10 37
21 11 42
21 12 20
21 13 29
21 14 23
21 15 11
21 16 17
21 17 30
21 18 7
21 19 25
21 20 22
22 0 37
22 1 9
22 2 43
22 3 24
22 4 15
22 5 17
22 6 18
22 7 7
22 8 41
22 9 17
22 10 43
22 11 9
22 12 20
22 13 13
22 14 2
22 15 35
22 16 36
22 17 16
22 18 9
22 19 4
22 20 18
22 21 41
23 0 18
23 1 35
23 2 33
23 3 6
23 4 23
23 5 27
23 6 18
23 7 3
23 8 16
23 9 16
23 10 19
23 11 40
23 12 41
23 13 20
23 14 10
23 15 15
23 16 11
23 17 32
23 18 22
23 19 29
23 20 8
23 21 2
23 22 19
24 0 42
24 1 5
24 2 11
24 3 20
24 4 10
24 5 11
24 6 44
24 7 16
24 8 38
24 9 2
24 10 42
24 11 14
24 12 20
24 13 2
24 14 10
24 15 5
24 16 17
24 17 44
24 18 39
24 19 10
24 20 38
24 21 4
24 22 10
24 23 29
25 0 22
25 1 32
25 2 40
25 3 5
25 4 10
25 5 13
25 6 4
25 7 10
25 8 20
25 9 17
25 10 20
25 11 13
25 12 33
25 13 40
25 14 21
25 15 4
25 16 7
25 17 1
25 18 22
25 19 38
25 20 15
25 21 20
25 22 15
25 23 7
25 24 38
26 0 40
26 1 27
26 2 15
26 3 14
26 4 32
26 5 38
26 6 5
26 7 20
26 8 33
26 9 14
26 10 42
26 11 2
26 12 4
26 13 38
26 14 29
26 15 12
26 16 23
26 17 14
26 18 9
26 19 11
26 20 19
26 21 22
26 22 39
26 23 20
26 24 22
26 25 10
27 0 2
27 1 15
27 2 32
27 3 26
27 4 43
27 5 32
27 6 28
27 7 2
27 8 14
27 9 7
27 10 9
27 11 44
27 12 3
27 13 38
27 14 16
27 15 7
27 16 41
27 17 32
27 18 42
27 19 32
27 20 9
27 21 18
27 22 25
27 23 7
27 24 9
27 25 30
27 26 16
28 0 7
28 1 31
28 2 15
28 3 2
28 4 4
28 5 39
28 6 27
28 7 35
28 8 41
28 9 26
28 10 30
28 11 10
28 12 25
28 13 21
28 14 37
28 15 12
28 16 41
28 17 15
28 18 10
28 19 9
28 20 14
28 21 4
28 22 19
28 23 15
28 24 43
28 25 27
28 26 13
28 27 7
29 0 26
29 1 35
29 2 23
29 3 33
29 4 27
29 5 24
29 6 14
29 7 44
29 8 1
29 9 16
29 10 34
29 11 30
29 12 25
29 13 37
29 14 37
29 15 27
29 16 11
29 17 16
29 18 15
29 19 22
29 20 17
29 21 21
29 22 1
29 23 42
29 24 4
29 25 4
29 26 35
29 27 2
29 28 23
30 0 12
30 1 28
30 2 4
30 3 21
30 4 18
30 5 29
30 6 35
30 7 42
30 8 40
30 9 31
30 10 43
30 11 43
30 12 26
30 13 40
30 14 6
30 15 43
30 16 41
30 17 24
30 18 1
30 19 41
30 20 7
30 21 43
30 22 30
30 23 24
30 24 11
30 25 16
30 26 31
30 27 9
30 28 22
30 29 34
31 0 35
31 1 2
31 2 25
31 3 17
31 4 30
31 5 35
31 6 35
31 7 15
31 8 3
31 9 7
31 10 6
31 11 21
31 12 5
31 13 32
31 14 21
31 15 17
31 16 40
31 17 28
31 18 33
31 19 14
31 20 20
31 21 43
31 22 44
31 23 16
31 24 13
31 25 42
31 26 42
31 27 4
31 28 14
31 29 32
31 30 12
32 0 28
32 1 23
32 2 28
32 3 11
32 4 28
32 5 7
32 6 23
32 7 18
32 8 3
32 9 43
32 10 44
32 11 38
32 12 11
32 13 29
32 14 33
32 15 41
32 16 36
32 17 9
32 18 4
32 19 17
32 20 34
32 21 42
32 22 10
32 23 23
32 24 16
32 25 38
32 26 12
32 27 39
32 28 25
32 29 42
32 30 39
32 31 9
33 0 34
33 1 34
33 2 42
33 3 43
33 4 23
33 5 3
33 6 27
33 7 37
33 8 21
33 9 9
33 10 38
33 11 16
33 12 6
33 13 8
33 14 13
33 15 16
33 16 40
33 17 4
33 18 33
33 19 15
33 20 24
33 21 7
33 22 42
33 23 7
33 24 38
33 25 13
33 26 17
33 27 31
33 28 27
33 29 13
33 30 3
33 31 7
33 32 32
34 0 9
34 1 40
34 2 27
34 3 5
34 4 29
34 5 38
34 6 10
34 7 11
34 8 5
34 9 33
34 10 4
34 11 30
34 12 9
34 13 5
34 14 3
34 15 19
34 16 37
34 17 38
34 18 9
34 19 6
34 20 26
34 21 32
34 22 26
34 23 37
34 24 19
34 25 7
34 26 39
34 27 22
34 28 7
34 29 28
34 30 32
34 31 43
34 32 40
34 33 34
35 0 29
35 1 14
35 2 17
35 3 35
35 4 29
35 5 2
35 6 3
35 7 9
35 8 39
35 9 33
35 10 17
35 11 20
35 12 30
35 13 4
35 14 21
35 15 15
35 16 34
35 17 37
35 18 7
35 19 12
35 20 6
35 21 7
35 22 16
35 23 19
35 24 4
35 25 30
35 26 34
35 27 41
35 28 17
35 29 39
35 30 37
35 31 40
35 32 31
35 33 37
35 34 8
