16
1 0 53
2 0 26
2 1 22
3 0 39
3 1 53
3 2 44
4 0 55
4 1 14
4 2 5
4 3 42
5 0 23
5 1 33
5 2 39
5 3 5
5 4 11
6 0 45
6 1 5
6 2 51
6 3 29
6 4 25
6 5 15
7 0 9
7 1 50
7 2 32
7 3 57
7 4 10
7 5 27
7 6 40
8 0 17
8 1 17
8 2 40
8 3 41
8 4 47
8 5 37
8 6 58
8 7 12
9 0 56
9 1 18
9 2 37
9 3 43
9 4 25
9 5 37
9 6 21
9 7 12
9 8 55
10 0 57
10 1 56
10 2 7
10 3 41
10 4 38
10 5 6
10 6 38
10 7 43
10 8 18
10 9 1
11 0 30
11 1 10
11 2 50
11 3 49
11 4 22
11 5 1
11 6 31
11 7 54
11 8 4
11 9 6
11 10 53
12 0 7
12 1 46
12 2 22
12 3 49
12 4 55
12 5 23
12 6 12
12 7 35
12 8 17
12 9 11
12 10 5
12 11 56
13 0 50
13 1 40
13 2 22
13 3 35
13 4 36
13 5 42
13 6 9
13 7 20
13 8 55
13 9 24
13 10 20
13 11 5
13 12 10
14 0 4
14 1 29
14 2 16
14 3 53
14 4 8
14 5 21
14 6 32
14 7 5
14 8 31
14 9 24
14 10 32
14 11 38
14 12 5
14 13 38
15 0 23
15 1 37
15 2 2
15 3 2
15 4 4
15 5 43
15 6 39
15 7 7
15 8 46
15 9 35
15 10 28
15 11 18
15 12 6
15 13 43
15 14 44
