41
1 0 24
2 0 18
2 1 23
3 0 33
3 1 13
3 2 22
4 0 5
4 1 14
4 2 1
4 3 14
5 0 43
5 1 39
5 2 5
5 3 44
5 4 16
6 0 38
6 1 25
6 2 8
6 3 24
6 4 1
6 5 3
7 0 1
7 1 37
7 2 8
7 3 21
7 4 30
7 5 40
7 6 22
8 0 35
8 1 39
8 2 1
8 3 36
8 4 42
8 5 43
8 6 14
8 7 23
9 0 24
9 1 15
9 2 18
9 3 45
9 4 45
9 5 1
9 6 6
9 7 35
9 8 39
10 0 44
10 1 2
10 2 29
10 3 8
10 4 24
10 5 38
10 6 32
10 7 4
10 8 34
10 9 9
11 0 40
11 1 31
11 2 33
11 3 10
11 4 27
11 5 33
11 6 7
11 7 3
11 8 9
11 9 23
11 10 32
12 0 41
12 1 33
12 2 40
12 3 43
12 4 23
12 5 13
12 6 2
12 7 38
12 8 10
12 9 15
12 10 30
12 11 12
13 0 43
13 1 21
13 2 20
13 3 30
13 4 21
13 5 13
13 6 16
13 7 17
13 8 9
13 9 40
13 10 35
13 11 31
13 12 14
14 0 45
14 1 34
14 2 37
14 3 26
14 4 2
14 5 28
14 6 36
14 7 30
14 8 38
14 9 8
14 10 7
14 11 31
14 12 9
14 13 31
15 0 29
15 1 37
15 2 32
15 3 35
15 4 1
15 5 39
15 6 15
15 7 37
15 8 24
15 9 40
15 10 11
15 11 17
15 12 1
15 13 1
15 14 37
16 0 41
16 1 14
16 2 22
16 3 9
16 4 27
16 5 34
16 6 5
16 7 19
16 8 14
16 9 32
16 10 2
16 11 16
16 12 32
16 13 29
16 14 15
16 15 20
17 0 12
17 1 37
17 2 40
17 3 31
17 4 26
17 5 2
17 6 24
17 7 40
17 8 22
17 9 40
17 10 13
17 11 3
17 12 17
17 13 4
17 14 25
17 15 38
17 16 3
18 0 17
18 1 8
18 2 4
18 3 18
18 4 34
18 5 42
18 6 1
18 7 25
18 8 7
18 9 36
18 10 27
18 11 33
18 12 31
18 13 11
18 14 9
18 15 3
18 16 6
18 17 5
19 0 13
19 1 43
19 2 18
19 3 41
19 4 9
19 5 34
19 6 1
19 7 42
19 8 43
19 9 27
19 10 45
19 11 36
19 12 26
19 13 22
19 14 14
19 15 7
19 16 37
19 17 36
19 18 16
20 0 3
20 1 32
20 2 26
20 3 32
20 4 20
20 5 28
20 6 26
20 7 2
20 8 40
20 9 38
20 10 32
20 11 22
20 12 5
20 13 30
20 14 20
20 15 12
20 16 23
20 17 23
20 18 15
20 19 24
21 0 15
21 1 29
21 2 28
21 3 42
21 4 3
21 5 31
21 6 35
21 7 8
21 8 33
21 9 21
21 10 14
21 11 28
21 12 33
21 13 23
21 14 3
21 15 31
21 16 18
21 17 37
21 18 1
21 19 26
21 20 33
22 0 37
22 1 20
22 2 31
22 3 36
22 4 37
22 5 28
22 6 33
22 7 27
22 8 45
22 9 24
22 10 7
22 11 27
22 12 10
22 13 22
22 14 31
22 15 13
22 16 34
22 17 14
22 18 11
22 19 10
22 20 41
22 21 28
23 0 37
23 1 28
23 2 13
23 3 25
23 4 41
23 5 11
23 6 39
23 7 24
23 8 7
23 9 23
23 10 16
23 11 14
23 12 11
23 13 29
23 14 18
23 15 12
23 16 23
23 17 24
23 18 30
23 19 28
23 20 21
23 21 32
23 22 38
24 0 7
24 1 20
24 2 13
24 3 5
24 4 19
24 5 42
24 6 3
24 7 24
24 8 36
24 9 16
24 10 3
24 11 24
24 12 30
24 13 22
24 14 7
24 15 17
24 16 28
24 17 20
24 18 20
24 19 11
24 20 25
24 21 6
24 22 40
24 23 22
25 0 37
25 1 37
25 2 1
25 3 42
25 4 6
25 5 36
25 6 34
25 7 23
25 8 32
25 9 22
25 10 2
25 11 22
25 12 35
25 13 21
25 14 6
25 15 2
25 16 26
25 17 19
25 18 21
25 19 7
25 20 14
25 21 26
25 22 45
25 23 32
25 24 45
26 0 26
26 1 28
26 2 30
26 3 36
26 4 26
26 5 41
26 6 17
26 7 21
26 8 3
26 9 17
26 10 29
26 11 45
26 12 39
26 13 13
26 14 42
26 15 27
26 16 1
26 17 1
26 18 41
26 19 27
26 20 36
26 21 5
26 22 12
26 23 33
26 24 37
26 25 19
27 0 12
27 1 6
27 2 9
27 3 36
27 4 38
27 5 43
27 6 2
27 7 8
27 8 42
27 9 20
27 10 40
27 11 20
27 12 17
27 13 25
27 14 30
27 15 41
27 16 29
27 17 45
27 18 28
27 19 24
27 20 12
27 21 1
27 22 44
27 23 18
27 24 21
27 25 43
27 26 10
28 0 29
28 1 42
28 2 12
28 3 36
28 4 8
28 5 43
28 6 26
28 7 43
28 8 37
28 9 45
28 10 27
28 11 19
28 12 31
28 13 13
28 14 35
28 15 5
28 16 42
28 17 24
28 18 38
28 19 39
28 20 3
28 21 33
28 22 45
28 23 4
28 24 32
28 25 36
28 26 3
28 27 35
29 0 19
29 1 1
29 2 2
29 3 14
29 4 33
29 5 16
29 6 32
29 7 34
29 8 34
29 9 4
29 10 19
29 11 39
29 12 1
29 13 26
29 14 7
29 15 6
29 16 15
29 17 30
29 18 21
29 19 43
29 20 32
29 21 21
29 22 33
29 23 19
29 24 34
29 25 12
29 26 6
29 27 45
29 28 13
30 0 42
30 1 7
30 2 5
30 3 26
30 4 2
30 5 22
30 6 27
30 7 41
30 8 18
30 9 20
30 10 3
30 11 14
30 12 4
30 13 37
30 14 9
30 15 11
30 16 39
30 17 12
30 18 14
30 19 12
30 20 25
30 21 31
30 22 24
30 23 16
30 24 6
30 25 28
30 26 22
30 27 33
30 28 5
30 29 9
31 0 33
31 1 14
31 2 35
31 3 10
31 4 32
31 5 44
31 6 17
31 7 25
31 8 18
31 9 29
31 10 4
31 11 43
31 12 38
31 13 19
31 14 30
31 15 34
31 16 5
31 17 24
31 18 34
31 19 9
31 20 23
31 21 38
31 22 28
31 23 18
31 24 2
31 25 45
31 26 27
31 27 7
31 28 17
31 29 33
31 30 15
32 0 40
32 1 45
32 2 28
32 3 1
32 4 43
32 5 6
32 6 25
32 7 2
32 8 25
32 9 25
32 10 22
32 11 21
32 12 4
32 13 34
32 14 15
32 15 28
32 16 10
32 17 24
32 18 17
32 19 30
32 20 10
32 21 23
32 22 42
32 23 30
32 24 35
32 25 30
32 26 22
32 27 39
32 28 21
32 29 13
32 30 36
32 31 43
33 0 5
33 1 30
33 2 10
33 3 32
33 4 11
33 5 25
33 6 20
33 7 45
33 8 1
33 9 13
33 10 20
33 11 18
33 12 17
33 13 32
33 14 12
33 15 33
33 16 25
33 17 43
33 18 3
33 19 11
33 20 36
33 21 3
33 22 9
33 23 12
33 24 14
33 25 16
33 26 35
33 27 25
33 28 23
33 29 4
33 30 28
33 31 38
33 32 9
34 0 22
34 1 19
34 2 45
34 3 11
34 4 25
34 5 6
34 6 42
34 7 1
34 8 41
34 9 11
34 10 12
34 11 13
34 12 36
34 13 31
34 14 16
34 15 31
34 16 6
34 17 37
34 18 5
34 19 43
34 20 33
34 21 17
34 22 28
34 23 9
34 24 21
34 25 9
34 26 36
34 27 17
34 28 7
34 29 35
34 30 18
34 31 10
34 32 44
34 33 14
35 0 45
35 1 39
35 2 39
35 3 40
35 4 2
35 5 20
35 6 28
35 7 26
35 8 38
35 9 23
35 10 41
35 11 25
35 12 16
35 13 20
35 14 44
35 15 14
35 16 32
35 17 21
35 18 30
35 19 23
35 20 16
35 21 28
35 22 34
35 23 31
35 24 43
35 25 20
35 26 8
35 27 44
35 28 15
35 29 16
35 30 2
35 31 36
35 32 19
35 33 40
35 34 9
36 0 42
36 1 35
36 2 12
36 3 14
36 4 21
36 5 3
36 6 12
36 7 27
36 8 31
36 9 35
36 10 37
36 11 8
36 12 30
36 13 4
36 14 11
36 15 14
36 16 14
36 17 12
36 18 42
36 19 44
36 20 3
36 21 19
36 22 37
36 23 35
36 24 20
36 25 22
36 26 45
36 27 43
36 28 8
36 29 24
36 30 15
36 31 45
36 32 34
36 33 31
36 34 40
36 35 16
37 0 20
37 1 31
37 2 25
37 3 39
37 4 44
37 5 33
37 6 12
37 7 8
37 8 44
37 9 28
37 10 23
37 11 13
37 12 18
37 13 3
37 14 4
37 15 34
37 16 18
37 17 16
37 18 22
37 19 22
37 20 2
37 21 30
37 22 10
37 23 43
37 24 6
37 25 36
37 26 34
37 27 9
37 28 18
37 29 7
37 30 15
37 31 15
37 32 38
37 33 12
37 34 21
37 35 42
37 36 30
38 0 4
38 1 44
38 2 36
38 3 21
38 4 37
38 5 7
38 6 4
38 7 25
38 8 11
38 9 35
38 10 16
38 11 10
38 12 26
38 13 30
38 14 19
38 15 32
38 16 13
38 17 40
38 18 7
38 19 9
38 20 33
38 21 21
38 22 4
38 23 34
38 24 9
38 25 26
38 26 38
38 27 9
38 28 35
38 29 18
38 30 44
38 31 30
38 32 13
38 33 7
38 34 5
38 35 36
38 36 7
38 37 45
39 0 42
39 1 2
39 2 36
39 3 37
39 4 19
39 5 35
39 6 9
39 7 2
39 8 4
39 9 30
39 10 11
39 11 3
39 12 13
39 13 1
39 14 31
39 15 37
39 16 44
39 17 35
39 18 12
39 19 36
39 20 15
39 21 18
39 22 21
39 23 19
39 24 45
39 25 37
39 26 7
39 27 11
39 28 6
39 29 16
39 30 34
39 31 2
39 32 21
39 33 42
39 34 3
39 35 18
39 36 38
39 37 20
39 38 23
40 0 7
40 1 5
40 2 32
40 3 33
40 4 11
40 5 18
40 6 24
40 7 24
40 8 25
40 9 4
40 10 40
40 11 44
40 12 34
40 13 36
40 14 45
40 15 28
40 16 24
40 17 24
40 18 9
40 19 29
40 20 15
40 21 34
40 22 22
40 23 12
40 24 36
40 25 29
40 26 12
40 27 18
40 28 14
40 29 20
40 30 36
40 31 35
40 32 22
40 33 5
40 34 22
40 35 41
40 36 29
40 37 36
40 38 16
40 39 28
