26
1 0 16
2 0 18
3 0 5
3 2 19
4 1 13
5 0 6
5 3 13
5 4 18
6 2 15
6 3 9
6 4 1
7 2 6
7 4 19
7 5 2
8 3 2
8 7 9
9 1 2
9 8 22
10 0 11
10 4 5
10 5 22
10 6 8
10 7 11
10 9 10
11 2 16
11 3 4
11 4 15
11 5 10
11 8 21
11 10 1
12 0 13
12 1 14
12 5 21
12 7 11
12 10 12
12 11 3
13 0 14
13 1 22
13 5 2
13 8 9
13 12 10
14 1 22
14 2 10
14 3 5
14 5 1
14 8 11
14 9 3
14 10 14
15 1 3
15 2 7
15 3 20
15 4 21
15 10 4
15 11 21
15 13 17
16 0 4
16 1 8
16 2 13
16 3 5
16 6 18
16 8 3
16 11 17
16 12 18
16 13 12
16 14 18
17 0 21
17 1 21
17 2 11
17 4 4
17 5 22
17 7 8
17 8 22
17 11 11
17 12 9
17 14 15
17 15 17
17 16 19
18 1 15
18 2 8
18 3 22
18 8 18
18 15 8
18 17 10
19 1 6
19 2 16
19 3 2
19 4 14
19 7 18
19 11 17
19 12 13
19 17 6
20 1 6
20 2 8
20 4 14
20 7 7
20 9 2
20 10 8
20 11 11
20 14 19
20 15 1
21 1 19
21 4 13
21 5 12
21 9 18
21 12 7
21 14 21
21 16 9
21 17 8
21 18 19
21 20 12
22 1 11
22 3 5
22 4 4
22 6 4
22 13 13
22 14 1
22 15 12
22 19 10
22 21 3
23 0 2
23 2 22
23 3 10
23 4 14
23 5 18
23 8 5
23 10 13
23 11 20
23 13 10
23 14 20
23 15 18
23 16 4
23 17 19
23 18 9
24 1 15
24 3 14
24 4 8
24 5 8
24 7 4
24 8 16
24 9 13
24 11 22
24 12 14
24 13 22
24 14 12
24 15 17
24 17 21
24 21 4
24 22 4
24 23 14
25 0 18
25 1 3
25 2 6
25 3 15
25 6 9
25 7 17
25 8 2
25 10 18
25 11 2
25 13 1
25 14 9
25 15 3
25 17 5
25 18 16
25 20 3
25 24 13
