29
1 0 43
2 0 50
2 1 35
3 0 15
3 1 41
3 2 36
4 0 52
4 1 37
4 2 16
4 3 7
5 0 26
5 1 47
5 2 37
5 3 45
5 4 46
6 0 8
6 1 29
6 2 41
6 3 29
6 4 9
6 5 32
7 0 23
7 1 22
7 2 44
7 3 5
7 4 19
7 5 3
7 6 19
8 0 51
8 1 7
8 2 11
8 3 43
8 4 53
8 5 7
8 6 12
8 7 1
9 0 19
9 1 9
9 2 6
9 3 9
9 4 2
9 5 25
9 6 34
9 7 45
9 8 13
10 0 11
10 1 8
10 2 49
10 3 55
10 4 10
10 5 8
10 6 43
10 7 47
10 8 20
10 9 32
11 0 37
11 1 33
11 2 23
11 3 45
11 4 8
11 5 11
11 6 37
11 7 16
11 8 45
11 9 29
11 10 47
12 0 36
12 1 8
12 2 36
12 3 33
12 4 46
12 5 3
12 6 38
12 7 34
12 8 47
12 9 56
12 10 20
12 11 6
13 0 14
13 1 5
13 2 54
13 3 38
13 4 49
13 5 6
13 6 13
13 7 44
13 8 55
13 9 11
13 10 28
13 11 42
13 12 39
14 0 22
14 1 46
14 2 27
14 3 20
14 4 36
14 5 17
14 6 45
14 7 8
14 8 40
14 9 38
14 10 48
14 11 4
14 12 11
14 13 34
15 0 53
15 1 20
15 2 35
15 3 44
15 4 44
15 5 33
15 6 14
15 7 17
15 8 7
15 9 19
15 10 3
15 11 16
15 12 21
15 13 5
15 14 7
16 0 17
16 1 3
16 2 30
16 3 21
16 4 23
16 5 51
16 6 40
16 7 8
16 8 50
16 9 48
16 10 37
16 11 26
16 12 36
16 13 34
16 14 12
16 15 39
17 0 5
17 1 13
17 2 24
17 3 2
17 4 3
17 5 50
17 6 42
17 7 4
17 8 52
17 9 8
17 10 34
17 11 5
17 12 53
17 13 49
17 14 23
17 15 23
17 16 36
18 0 50
18 1 52
18 2 26
18 3 34
18 4 12
18 5 34
18 6 21
18 7 5
18 8 4
18 9 15
18 10 36
18 11 24
18 12 2
18 13 14
18 14 48
18 15 44
18 16 36
18 17 50
19 0 39
19 1 5
19 2 29
19 3 55
19 4 28
19 5 11
19 6 52
19 7 41
19 8 19
19 9 9
19 10 15
19 11 52
19 12 15
19 13 47
19 14 43
19 15 45
19 16 12
19 17 37
19 18 29
20 0 35
20 1 38
20 2 28
20 3 35
20 4 46
20 5 12
20 6 6
20 7 6
20 8 31
20 9 18
20 10 13
20 11 43
20 12 37
20 13 12
20 14 35
20 15 9
20 16 37
20 17 46
20 18 30
20 19 25
21 0 10
21 1 33
21 2 19
21 3 41
21 4 39
21 5 12
21 6 18
21 7 10
21 8 55
21 9 18
21 10 52
21 11 55
21 12 20
21 13 41
21 14 56
21 15 54
21 16 22
21 17 47
21 18 32
21 19 26
21 20 14
22 0 56
22 1 25
22 2 39
22 3 18
22 4 23
22 5 44
22 6 46
22 7 52
22 8 33
22 9 55
22 10 20
22 11 29
22 12 20
22 13 52
22 14 35
22 15 21
22 16 5
22 17 16
22 18 30
22 19 39
22 20 41
22 21 27
23 0 40
23 1 46
23 2 31
23 3 22
23 4 43
23 5 48
23 6 48
23 7 53
23 8 28
23 9 49
23 10 10
23 11 24
23 12 56
23 13 34
23 14 18
23 15 35
23 16 56
23 17 4
23 18 42
23 19 37
23 20 5
23 21 47
23 22 47
24 0 51
24 1 36
24 2 41
24 3 8
24 4 10
24 5 19
24 6 4
24 7 33
24 8 28
24 9 46
24 10 2
24 11 27
24 12 43
24 13 54
24 14 22
24 15 21
24 16 13
24 17 23
24 18 47
24 19 28
24 20 38
24 21 46
24 22 55
24 23 14
25 0 38
25 1 41
25 2 14
25 3 34
25 4 20
25 5 50
25 6 17
25 7 3
25 8 21
25 9 41
25 10 8
25 11 52
25 12 11
25 13 5
25 14 42
25 15 20
25 16 52
25 17 31
25 18 34
25 19 16
25 20 12
25 21 46
25 22 2
25 23 16
25 24 41
26 0 9
26 1 51
26 2 3
26 3 41
26 4 45
26 5 6
26 6 44
26 7 23
26 8 35
26 9 46
26 10 50
26 11 56
26 12 44
26 13 38
26 14 43
26 15 56
26 16 10
26 17 14
26 18 29
26 19 46
26 20 23
26 21 18
26 22 42
26 23 54
26 24 8
26 25 7
27 0 10
27 1 11
27 2 52
27 3 11
27 4 15
27 5 36
27 6 35
27 7 50
27 8 18
27 9 39
27 10 15
27 11 24
27 12 45
27 13 47
27 14 49
27 15 3
27 16 44
27 17 14
27 18 39
27 19 51
27 20 34
27 21 37
27 22 35
27 23 18
27 24 20
27 25 25
27 26 56
28 0 52
28 1 48
28 2 30
28 3 56
28 4 45
28 5 46
28 6 8
28 7 15
28 8 12
28 9 49
28 10 33
28 11 28
28 12 55
28 13 15
28 14 45
28 15 5
28 16 36
28 17 33
28 18 56
28 19 19
28 20 29
28 21 52
28 22 56
28 23 22
28 24 33
28 25 1
28 26 47
28 27 6
