23
1 0 3
2 0 1
3 0 1
3 1 5
3 2 6
4 0 4
4 1 5
5 0 4
5 1 4
6 0 3
6 1 6
6 2 4
6 3 4
6 5 6
7 0 2
7 2 6
7 3 1
7 4 4
7 5 1
8 0 4
8 1 5
8 2 5
8 3 4
8 4 2
8 5 5
8 6 4
8 7 1
9 3 5
9 7 1
9 8 5
10 1 6
10 2 3
10 3 4
10 5 6
10 6 3
10 9 3
11 4 2
11 10 1
12 2 3
12 4 1
12 11 1
13 0 6
13 3 2
13 4 4
13 5 5
13 7 2
13 11 4
14 0 3
14 2 5
14 3 2
14 5 2
14 7 4
14 10 2
14 12 1
14 13 3
15 1 1
15 4 6
15 9 6
15 10 5
15 12 4
15 13 3
15 14 2
16 0 3
16 1 2
16 6 1
16 9 1
16 10 6
16 15 4
17 1 4
17 4 4
17 5 4
17 11 2
17 12 1
17 13 4
17 15 4
17 16 5
18 0 6
18 2 5
18 3 4
18 13 4
18 15 5
18 17 1
19 4 5
19 8 2
19 14 6
19 16 3
19 17 3
20 1 5
20 2 3
20 3 1
20 4 4
20 5 4
20 7 4
20 8 5
20 9 2
20 11 4
20 13 6
20 18 6
20 19 1
21 1 1
21 2 3
21 3 4
21 4 4
21 5 6
21 7 3
21 9 1
21 10 1
21 12 4
21 13 4
21 14 4
21 16 3
21 17 4
21 19 2
21 20 2
22 4 2
22 5 3
22 6 3
22 7 6
22 8 1
22 10 1
22 12 1
22 14 2
22 15 1
22 16 1
22 18 5
22 19 6
