28
3 0 52
4 0 35
4 2 12
4 3 10
5 0 58
5 1 58
5 2 17
5 4 10
6 1 31
6 2 28
6 3 27
6 4 27
6 5 62
7 1 19
7 2 49
7 5 51
8 3 44
8 4 17
8 5 8
8 6 40
8 7 23
9 1 33
9 2 10
9 5 61
9 6 5
9 7 59
10 1 62
10 3 9
10 5 5
10 6 41
10 7 5
10 8 44
11 1 49
11 2 22
11 3 65
11 4 32
11 5 29
11 10 23
12 3 58
12 4 35
12 10 10
13 0 22
13 2 40
13 4 55
13 5 20
13 6 56
13 8 54
13 9 21
13 11 28
14 3 1
14 4 10
14 6 23
14 7 50
14 9 33
14 11 27
14 12 43
14 13 31
15 0 42
15 3 12
15 4 60
15 8 9
15 9 1
15 10 48
15 11 14
15 12 65
15 13 65
15 14 12
16 2 30
16 3 39
16 4 20
16 9 37
16 12 62
16 13 52
16 15 47
17 1 20
17 2 3
17 3 42
17 4 17
17 6 11
17 7 21
17 9 6
17 15 23
17 16 63
18 0 27
18 1 54
18 4 3
18 5 37
18 6 40
18 12 16
18 14 45
18 17 61
19 0 31
19 1 43
19 4 3
19 5 47
19 10 8
19 11 17
19 12 30
19 14 57
19 18 18
20 3 9
20 4 65
20 6 49
20 7 14
20 8 65
20 9 37
20 10 30
20 14 40
20 17 47
21 1 50
21 10 65
21 11 9
21 12 31
21 14 38
21 18 7
21 20 29
22 0 2
22 1 12
22 2 1
22 3 3
22 5 7
22 6 62
22 8 44
22 11 58
22 12 44
22 17 24
22 18 5
23 0 52
23 1 16
23 3 13
23 6 24
23 7 49
23 10 18
23 13 22
23 14 55
23 15 17
23 16 44
23 17 57
23 18 15
23 19 64
24 0 58
24 2 42
24 8 30
24 11 30
24 16 65
24 17 61
24 20 63
25 1 41
25 3 34
25 4 22
25 5 26
25 7 34
25 9 3
25 10 30
25 11 14
25 14 4
25 16 4
25 17 22
25 19 38
25 20 26
25 21 49
25 22 23
25 24 19
26 4 23
26 5 3
26 10 54
26 11 27
26 16 3
26 17 63
26 20 13
26 23 41
26 24 7
26 25 41
27 0 4
27 1 42
27 4 8
27 5 13
27 8 61
27 9 56
27 10 1
27 11 47
27 14 11
27 16 63
27 17 20
27 20 20
27 22 45
27 23 45
27 26 53
