46
1 0 2
2 0 10
2 1 2
3 0 8
3 1 15
3 2 3
4 0 6
4 1 3
4 2 15
4 3 13
5 0 5
5 1 5
5 2 9
5 3 3
5 4 9
6 0 3
6 1 9
6 2 6
6 3 10
6 4 1
6 5 12
7 0 3
7 1 2
7 2 6
7 3 10
7 4 12
7 5 2
7 6 13
8 0 7
8 1 3
8 2 9
8 3 9
8 4 5
8 5 7
8 6 6
8 7 10
9 0 10
9 1 12
9 2 5
9 3 8
9 4 4
9 5 7
9 6 2
9 7 6
9 8 2
10 0 6
10 1 10
10 2 1
10 3 10
10 4 15
10 5 7
10 6 5
10 7 11
10 8 13
10 9 1
11 0 15
11 1 9
11 2 2
11 3 8
11 4 8
11 5 8
11 6 10
11 7 4
11 8 2
11 9 13
11 10 4
12 0 13
12 1 7
12 2 10
12 3 2
12 4 10
12 5 15
12 6 11
12 7 5
12 8 10
12 9 14
12 10 9
12 11 11
13 0 2
13 1 6
13 2 1
13 3 13
13 4 14
13 5 13
13 6 3
13 7 6
13 8 5
13 9 6
13 10 7
13 11 9
13 12 9
14 0 12
14 1 7
14 2 6
14 3 7
14 4 10
14 5 7
14 6 12
14 7 14
14 8 1
14 9 15
14 10 13
14 11 3
14 12 15
14 13 9
15 0 10
15 1 15
15 2 4
15 3 8
15 4 10
15 5 13
15 6 14
15 7 1
15 8 11
15 9 6
15 10 1
15 11 5
15 12 7
15 13 14
15 14 13
16 0 11
16 1 10
16 2 6
16 3 2
16 4 15
16 5 14
16 6 14
16 7 7
16 8 11
16 9 8
16 10 14
16 11 1
16 12 7
16 13 11
16 14 15
16 15 14
17 0 5
17 1 11
17 2 10
17 3 10
17 4 13
17 5 2
17 6 15
17 7 15
17 8 13
17 9 8
17 10 4
17 11 7
17 12 13
17 13 10
17 14 9
17 15 2
17 16 14
18 0 13
18 1 5
18 2 3
18 3 14
18 4 7
18 5 15
18 6 5
18 7 3
18 8 1
18 9 10
18 10 9
18 11 1
18 12 4
18 13 12
18 14 4
18 15 10
18 16 13
18 17 10
19 0 3
19 1 14
19 2 6
19 3 12
19 4 15
19 5 1
19 6 2
19 7 2
19 8 11
19 9 8
19 10 9
19 11 13
19 12 10
19 13 12
19 14 13
19 15 15
19 16 4
19 17 5
19 18 8
20 0 5
20 1 6
20 2 9
20 3 4
20 4 6
20 5 9
20 6 13
20 7 1
20 8 13
20 9 12
20 10 15
20 11 10
20 12 12
20 13 15
20 14 13
20 15 6
20 16 14
20 17 4
20 18 8
20 19 12
21 0 14
21 1 13
21 2 1
21 3 15
21 4 5
21 5 14
21 6 7
21 7 11
21 8 8
21 9 3
21 10 13
21 11 9
21 12 9
21 13 10
21 14 12
21 15 5
21 16 2
21 17 15
21 18 6
21 19 3
21 20 9
22 0 10
22 1 6
22 2 3
22 3 8
22 4 5
22 5 5
22 6 14
22 7 9
22 8 7
22 9 15
22 10 4
22 11 15
22 12 6
22 13 6
22 14 1
22 15 13
22 16 2
22 17 9
22 18 15
22 19 14
22 20 7
22 21 10
23 0 11
23 1 13
23 2 11
23 3 6
23 4 14
23 5 9
23 6 10
23 7 11
23 8 14
23 9 2
23 10 11
23 11 11
23 12 14
23 13 7
23 14 14
23 15 3
23 16 13
23 17 12
23 18 8
23 19 12
23 20 12
23 21 8
23 22 6
24 0 12
24 1 7
24 2 9
24 3 14
24 4 8
24 5 12
24 6 10
24 7 11
24 8 10
24 9 6
24 10 12
24 11 3
24 12 4
24 13 9
24 14 11
24 15 11
24 16 8
24 17 4
24 18 2
24 19 9
24 20 14
24 21 3
24 22 3
24 23 15
25 0 1
25 1 14
25 2 2
25 3 1
25 4 4
25 5 6
25 6 4
25 7 13
25 8 2
25 9 6
25 10 5
25 11 2
25 12 5
25 13 2
25 14 8
25 15 10
25 16 10
25 17 1
25 18 11
25 19 12
25 20 3
25 21 7
25 22 3
25 23 12
25 24 4
26 0 13
26 1 4
26 2 9
26 3 3
26 4 3
26 5 12
26 6 6
26 7 4
26 8 5
26 9 7
26 10 5
26 11 11
26 12 3
26 13 4
26 14 10
26 15 10
26 16 15
26 17 4
26 18 1
26 19 5
26 20 14
26 21 1
26 22 1
26 23 11
26 24 8
26 25 11
27 0 9
27 1 13
27 2 13
27 3 6
27 4 14
27 5 9
27 6 6
27 7 15
27 8 4
27 9 11
27 10 2
27 11 9
27 12 13
27 13 15
27 14 10
27 15 11
27 16 5
27 17 14
27 18 2
27 19 4
27 20 14
27 21 13
27 22 7
27 23 12
27 24 10
27 25 11
27 26 3
28 0 8
28 1 5
28 2 13
28 3 2
28 4 15
28 5 1
28 6 1
28 7 3
28 8 12
28 9 13
28 10 1
28 11 6
28 12 4
28 13 6
28 14 8
28 15 7
28 16 11
28 17 1
28 18 8
28 19 1
28 20 3
28 21 4
28 22 10
28 23 9
28 24 10
28 25 13
28 26 13
28 27 14
29 0 15
29 1 12
29 2 3
29 3 5
29 4 4
29 5 4
29 6 12
29 7 14
29 8 11
29 9 2
29 10 9
29 11 2
29 12 13
29 13 4
29 14 12
29 15 11
29 16 13
29 17 15
29 18 2
29 19 14
29 20 15
29 21 13
29 22 7
29 23 7
29 24 8
29 25 3
29 26 12
29 27 4
29 28 15
30 0 5
30 1 2
30 2 13
30 3 3
30 4 1
30 5 12
30 6 15
30 7 6
30 8 8
30 9 8
30 10 11
30 11 11
30 12 9
30 13 15
30 14 15
30 15 7
30 16 12
30 17 2
30 18 9
30 19 7
30 20 12
30 21 13
30 22 13
30 23 3
30 24 5
30 25 7
30 26 10
30 27 2
30 28 13
30 29 5
31 0 5
31 1 11
31 2 8
31 3 3
31 4 4
31 5 1
31 6 6
31 7 5
31 8 9
31 9 10
31 10 8
31 11 14
31 12 7
31 13 12
31 14 1
31 15 15
31 16 8
31 17 9
31 18 4
31 19 2
31 20 11
31 21 3
31 22 15
31 23 14
31 24 1
31 25 2
31 26 3
31 27 3
31 28 9
31 29 3
31 30 4
32 0 9
32 1 12
32 2 11
32 3 9
32 4 5
32 5 11
32 6 10
32 7 13
32 8 2
32 9 3
32 10 1
32 11 12
32 12 9
32 13 15
32 14 11
32 15 6
32 16 4
32 17 6
32 18 3
32 19 11
32 20 9
32 21 9
32 22 15
32 23 13
32 24 12
32 25 7
32 26 12
32 27 8
32 28 8
32 29 5
32 30 12
32 31 15
33 0 9
33 1 7
33 2 15
33 3 7
33 4 1
33 5 7
33 6 9
33 7 13
33 8 10
33 9 12
33 10 2
33 11 15
33 12 5
33 13 10
33 14 14
33 15 6
33 16 2
33 17 15
33 18 10
33 19 12
33 20 6
33 21 5
33 22 10
33 23 8
33 24 14
33 25 10
33 26 11
33 27 5
33 28 9
33 29 5
33 30 1
33 31 9
33 32 11
34 0 2
34 1 6
34 2 4
34 3 1
34 4 11
34 5 8
34 6 10
34 7 7
34 8 6
34 9 1
34 10 3
34 11 12
34 12 1
34 13 13
34 14 6
34 15 1
34 16 2
34 17 7
34 18 12
34 19 3
34 20 3
34 21 4
34 22 3
34 23 8
34 24 9
34 25 15
34 26 8
34 27 2
34 28 8
34 29 8
34 30 7
34 31 10
34 32 12
34 33 5
35 0 2
35 1 8
35 2 11
35 3 9
35 4 15
35 5 5
35 6 3
35 7 2
35 8 15
35 9 5
35 10 10
35 11 13
35 12 2
35 13 7
35 14 9
35 15 14
35 16 11
35 17 4
35 18 8
35 19 14
35 20 10
35 21 1
35 22 6
35 23 4
35 24 1
35 25 5
35 26 11
35 27 1
35 28 1
35 29 9
35 30 11
35 31 3
35 32 11
35 33 15
35 34 15
36 0 8
36 1 8
36 2 5
36 3 14
36 4 8
36 5 7
36 6 8
36 7 6
36 8 12
36 9 3
36 10 8
36 11 11
36 12 12
36 13 8
36 14 14
36 15 1
36 16 5
36 17 13
36 18 1
36 19 11
36 20 2
36 21 3
36 22 9
36 23 5
36 24 3
36 25 2
36 26 2
36 27 12
36 28 3
36 29 2
36 30 1
36 31 7
36 32 11
36 33 1
36 34 3
36 35 10
37 0 10
37 1 10
37 2 11
37 3 6
37 4 9
37 5 12
37 6 4
37 7 5
37 8 13
37 9 5
37 10 5
37 11 13
37 12 8
37 13 8
37 14 10
37 15 11
37 16 2
37 17 7
37 18 12
37 19 13
37 20 14
37 21 14
37 22 1
37 23 6
37 24 15
37 25 4
37 26 14
37 27 7
37 28 7
37 29 8
37 30 5
37 31 3
37 32 3
37 33 9
37 34 14
37 35 9
37 36 15
38 0 5
38 1 15
38 2 15
38 3 13
38 4 7
38 5 1
38 6 10
38 7 9
38 8 4
38 9 2
38 10 6
38 11 4
38 12 1
38 13 6
38 14 1
38 15 7
38 16 2
38 17 12
38 18 12
38 19 5
38 20 11
38 21 1
38 22 2
38 23 5
38 24 4
38 25 1
38 26 4
38 27 7
38 28 5
38 29 6
38 30 5
38 31 6
38 32 4
38 33 3
38 34 2
38 35 11
38 36 10
38 37 15
39 0 14
39 1 3
39 2 5
39 3 14
39 4 9
39 5 6
39 6 12
39 7 10
39 8 12
39 9 13
39 10 4
39 11 1
39 12 3
39 13 11
39 14 2
39 15 12
39 16 5
39 17 10
39 18 1
39 19 10
39 20 6
39 21 4
39 22 5
39 23 15
39 24 5
39 25 15
39 26 4
39 27 12
39 28 4
39 29 10
39 30 4
39 31 7
39 32 3
39 33 4
39 34 5
39 35 14
39 36 4
39 37 5
39 38 6
40 0 12
40 1 8
40 2 6
40 3 8
40 4 11
40 5 13
40 6 1
40 7 5
40 8 3
40 9 3
40 10 9
40 11 6
40 12 11
40 13 6
40 14 7
40 15 6
40 16 6
40 17 11
40 18 1
40 19 9
40 20 6
40 21 1
40 22 7
40 23 5
40 24 7
40 25 14
40 26 9
40 27 15
40 28 6
40 29 9
40 30 3
40 31 10
40 32 2
40 33 6
40 34 10
40 35 7
40 36 4
40 37 6
40 38 4
40 39 6
41 0 9
41 1 10
41 2 7
41 3 10
41 4 15
41 5 7
41 6 9
41 7 13
41 8 4
41 9 9
41 10 2
41 11 2
41 12 4
41 13 8
41 14 5
41 15 12
41 16 1
41 17 13
41 18 10
41 19 8
41 20 7
41 21 2
41 22 2
41 23 6
41 24 3
41 25 3
41 26 15
41 27 8
41 28 6
41 29 12
41 30 1
41 31 14
41 32 1
41 33 3
41 34 8
41 35 2
41 36 13
41 37 1
41 38 11
41 39 15
41 40 2
42 0 9
42 1 12
42 2 6
42 3 10
42 4 3
42 5 9
42 6 11
42 7 15
42 8 2
42 9 5
42 10 10
42 11 13
42 12 15
42 13 1
42 14 14
42 15 15
42 16 9
42 17 15
42 18 10
42 19 15
42 20 8
42 21 7
42 22 2
42 23 6
42 24 12
42 25 10
42 26 4
42 27 4
42 28 6
42 29 11
42 30 14
42 31 1
42 32 8
42 33 8
42 34 15
42 35 12
42 36 2
42 37 3
42 38 2
42 39 5
42 40 6
42 41 1
43 0 12
43 1 6
43 2 14
43 3 4
43 4 14
43 5 13
43 6 8
43 7 7
43 8 6
43 9 7
43 10 15
43 11 8
43 12 13
43 13 9
43 14 13
43 15 13
43 16 10
43 17 1
43 18 6
43 19 4
43 20 11
43 21 3
43 22 6
43 23 1
43 24 7
43 25 5
43 26 6
43 27 8
43 28 11
43 29 6
43 30 3
43 31 2
43 32 3
43 33 1
43 34 9
43 35 15
43 36 12
43 37 5
43 38 2
43 39 14
43 40 10
43 41 9
43 42 6
44 0 1
44 1 2
44 2 7
44 3 12
44 4 2
44 5 11
44 6 14
44 7 14
44 8 7
44 9 11
44 10 8
44 11 7
44 12 5
44 13 11
44 14 14
44 15 14
44 16 13
44 17 7
44 18 1
44 19 10
44 20 13
44 21 5
44 22 1
44 23 10
44 24 2
44 25 10
44 26 3
44 27 14
44 28 3
44 29 7
44 30 15
44 31 14
44 32 2
44 33 14
44 34 7
44 35 12
44 36 15
44 37 1
44 38 12
44 39 15
44 40 5
44 41 12
44 42 7
44 43 8
45 0 13
45 1 1
45 2 3
45 3 12
45 4 3
45 5 1
45 6 10
45 7 1
45 8 10
45 9 10
45 10 1
45 11 14
45 12 1
45 13 10
45 14 12
45 15 13
45 16 4
45 17 11
45 18 15
45 19 1
45 20 13
45 21 5
45 22 2
45 23 4
45 24 2
45 25 5
45 26 12
45 27 11
45 28 8
45 29 2
45 30 8
45 31 14
45 32 9
45 33 2
45 34 2
45 35 5
45 36 15
45 37 1
45 38 6
45 39 15
45 40 4
45 41 2
45 42 6
45 43 8
45 44 1
