45
1 0 43
2 0 38
2 1 15
3 0 62
3 1 58
3 2 19
4 0 34
4 1 2
4 2 63
4 3 30
5 0 27
5 1 61
5 2 41
5 3 20
5 4 3
6 0 34
6 1 57
6 2 57
6 3 64
6 4 8
6 5 13
7 0 4
7 1 2
7 2 48
7 3 56
7 4 33
7 5 17
7 6 33
8 0 63
8 1 24
8 2 32
8 3 27
8 4 41
8 5 48
8 6 12
8 7 31
9 0 17
9 1 45
9 2 18
9 3 34
9 4 23
9 5 1
9 6 9
9 7 17
9 8 37
10 0 41
10 1 64
10 2 35
10 3 41
10 4 24
10 5 58
10 6 42
10 7 59
10 8 31
10 9 55
11 0 18
11 1 52
11 2 19
11 3 47
11 4 29
11 5 38
11 6 52
11 7 23
11 8 32
11 9 53
11 10 61
12 0 30
12 1 1
12 2 62
12 3 4
12 4 47
12 5 5
12 6 33
12 7 38
12 8 55
12 9 34
12 10 50
12 11 21
13 0 35
13 1 62
13 2 32
13 3 26
13 4 62
13 5 29
13 6 21
13 7 63
13 8 46
13 9 43
13 10 25
13 11 31
13 12 40
14 0 36
14 1 15
14 2 37
14 3 54
14 4 44
14 5 48
14 6 24
14 7 7
14 8 18
14 9 12
14 10 36
14 11 3
14 12 13
14 13 9
15 0 33
15 1 54
15 2 39
15 3 8
15 4 20
15 5 61
15 6 58
15 7 10
15 8 31
15 9 19
15 10 20
15 11 32
15 12 59
15 13 19
15 14 9
16 0 30
16 1 2
16 2 53
16 3 41
16 4 57
16 5 22
16 6 40
16 7 60
16 8 45
16 9 56
16 10 61
16 11 25
16 12 48
16 13 18
16 14 38
16 15 37
17 0 42
17 1 24
17 2 20
17 3 33
17 4 36
17 5 30
17 6 26
17 7 63
17 8 62
17 9 58
17 10 9
17 11 62
17 12 60
17 13 38
17 14 58
17 15 39
17 16 25
18 0 13
18 1 38
18 2 16
18 3 25
18 4 45
18 5 41
18 6 16
18 7 33
18 8 14
18 9 23
18 10 2
18 11 52
18 12 18
18 13 48
18 14 12
18 15 53
18 16 11
18 17 9
19 0 38
19 1 46
19 2 45
19 3 49
19 4 22
19 5 37
19 6 60
19 7 39
19 8 19
19 9 21
19 10 25
19 11 7
19 12 59
19 13 52
19 14 49
19 15 7
19 16 53
19 17 7
19 18 28
20 0 49
20 1 51
20 2 4
20 3 14
20 4 51
20 5 37
20 6 29
20 7 54
20 8 31
20 9 31
20 10 33
20 11 30
20 12 32
20 13 46
20 14 43
20 15 11
20 16 4
20 17 61
20 18 39
20 19 61
21 0 15
21 1 29
21 2 7
21 3 64
21 4 25
21 5 60
21 6 12
21 7 8
21 8 14
21 9 58
21 10 43
21 11 39
21 12 29
21 13 5
21 14 6
21 15 53
21 16 35
21 17 15
21 18 26
21 19 34
21 20 63
22 0 36
22 1 16
22 2 37
22 3 37
22 4 24
22 5 30
22 6 24
22 7 22
22 8 43
22 9 18
22 10 36
22 11 45
22 12 2
22 13 12
22 14 30
22 15 56
22 16 48
22 17 34
22 18 34
22 19 1
22 20 16
22 21 34
23 0 46
23 1 25
23 2 7
23 3 48
23 4 25
23 5 23
23 6 16
23 7 43
23 8 30
23 9 24
23 10 19
23 11 59
23 12 45
23 13 6
23 14 55
23 15 57
23 16 25
23 17 10
23 18 28
23 19 5
23 20 54
23 21 29
23 22 12
24 0 36
24 1 28
24 2 54
24 3 52
24 4 4
24 5 11
24 6 39
24 7 63
24 8 43
24 9 58
24 10 13
24 11 33
24 12 18
24 13 47
24 14 4
24 15 2
24 16 12
24 17 23
24 18 22
24 19 31
24 20 31
24 21 4
24 22 7
24 23 27
25 0 2
25 1 60
25 2 21
25 3 25
25 4 28
25 5 29
25 6 27
25 7 56
25 8 2
25 9 19
25 10 34
25 11 4
25 12 52
25 13 23
25 14 40
25 15 49
25 16 16
25 17 3
25 18 4
25 19 50
25 20 45
25 21 24
25 22 19
25 23 20
25 24 30
26 0 49
26 1 52
26 2 2
26 3 30
26 4 7
26 5 38
26 6 29
26 7 2
26 8 38
26 9 34
26 10 6
26 11 25
26 12 48
26 13 36
26 14 59
26 15 48
26 16 19
26 17 45
26 18 9
26 19 21
26 20 45
26 21 3
26 22 63
26 23 15
26 24 60
26 25 23
27 0 21
27 1 28
27 2 39
27 3 4
27 4 20
27 5 17
27 6 13
27 7 35
27 8 6
27 9 54
27 10 39
27 11 6
27 12 37
27 13 41
27 14 60
27 15 1
27 16 40
27 17 10
27 18 2
27 19 41
27 20 13
27 21 64
27 22 45
27 23 22
27 24 34
27 25 19
27 26 13
28 0 43
28 1 53
28 2 7
28 3 32
28 4 21
28 5 44
28 6 64
28 7 46
28 8 32
28 9 57
28 10 17
28 11 16
28 12 57
28 13 16
28 14 29
28 15 56
28 16 27
28 17 56
28 18 61
28 19 45
28 20 14
28 21 49
28 22 57
28 23 40
28 24 51
28 25 54
28 26 48
28 27 2
29 0 17
29 1 43
29 2 15
29 3 31
29 4 60
29 5 34
29 6 32
29 7 54
29 8 48
29 9 43
29 10 37
29 11 7
29 12 29
29 13 44
29 14 43
29 15 54
29 16 24
29 17 38
29 18 55
29 19 57
29 20 17
29 21 63
29 22 2
29 23 61
29 24 27
29 25 10
29 26 20
29 27 4
29 28 15
30 0 20
30 1 24
30 2 7
30 3 56
30 4 10
30 5 7
30 6 59
30 7 32
30 8 30
30 9 52
30 10 30
30 11 40
30 12 34
30 13 51
30 14 32
30 15 9
30 16 20
30 17 61
30 18 17
30 19 22
30 20 64
30 21 57
30 22 27
30 23 56
30 24 21
30 25 36
30 26 12
30 27 29
30 28 29
30 29 21
31 0 16
31 1 58
31 2 40
31 3 20
31 4 18
31 5 43
31 6 55
31 7 2
31 8 48
31 9 55
31 10 22
31 11 60
31 12 28
31 13 47
31 14 7
31 15 18
31 16 64
31 17 57
31 18 30
31 19 25
31 20 29
31 21 43
31 22 12
31 23 21
31 24 17
31 25 46
31 26 12
31 27 32
31 28 35
31 29 17
31 30 30
32 0 46
32 1 37
32 2 7
32 3 30
32 4 41
32 5 35
32 6 2
32 7 10
32 8 56
32 9 20
32 10 7
32 11 20
32 12 53
32 13 33
32 14 25
32 15 62
32 16 24
32 17 24
32 18 42
32 19 8
32 20 52
32 21 3
32 22 26
32 23 59
32 24 36
32 25 21
32 26 9
32 27 57
32 28 50
32 29 62
32 30 44
32 31 20
33 0 51
33 1 11
33 2 12
33 3 26
33 4 55
33 5 48
33 6 53
33 7 64
33 8 61
33 9 10
33 10 32
33 11 12
33 12 16
33 13 21
33 14 4
33 15 38
33 16 49
33 17 6
33 18 52
33 19 44
33 20 16
33 21 38
33 22 24
33 23 8
33 24 16
33 25 50
33 26 63
33 27 1
33 28 58
33 29 19
33 30 62
33 31 40
33 32 1
34 0 60
34 1 11
34 2 60
34 3 28
34 4 44
34 5 4
34 6 7
34 7 43
34 8 10
34 9 9
34 10 36
34 11 24
34 12 32
34 13 64
34 14 34
34 15 8
34 16 36
34 17 47
34 18 7
34 19 36
34 20 44
34 21 59
34 22 7
34 23 61
34 24 20
34 25 18
34 26 29
34 27 40
34 28 31
34 29 35
34 30 41
34 31 45
34 32 50
34 33 27
35 0 50
35 1 32
35 2 20
35 3 34
35 4 8
35 5 12
35 6 50
35 7 43
35 8 62
35 9 31
35 10 55
35 11 61
35 12 33
35 13 52
35 14 16
35 15 28
35 16 6
35 17 5
35 18 10
35 19 32
35 20 43
35 21 54
35 22 11
35 23 60
35 24 41
35 25 39
35 26 48
35 27 41
35 28 25
35 29 42
35 30 51
35 31 21
35 32 58
35 33 35
35 34 53
36 0 32
36 1 51
36 2 5
36 3 8
36 4 55
36 5 2
36 6 35
36 7 34
36 8 49
36 9 43
36 10 32
36 11 54
36 12 20
36 13 15
36 14 21
36 15 11
36 16 21
36 17 17
36 18 19
36 19 23
36 20 19
36 21 46
36 22 6
36 23 45
36 24 58
36 25 56
36 26 54
36 27 19
36 28 58
36 29 52
36 30 64
36 31 59
36 32 22
36 33 4
36 34 61
36 35 9
37 0 22
37 1 42
37 2 62
37 3 8
37 4 5
37 5 41
37 6 54
37 7 27
37 8 46
37 9 10
37 10 38
37 11 29
37 12 7
37 13 9
37 14 38
37 15 54
37 16 56
37 17 40
37 18 36
37 19 31
37 20 6
37 21 11
37 22 1
37 23 8
37 24 33
37 25 37
37 26 61
37 27 55
37 28 15
37 29 20
37 30 10
37 31 52
37 32 12
37 33 8
37 34 11
37 35 59
37 36 62
38 0 48
38 1 8
38 2 35
38 3 40
38 4 44
38 5 41
38 6 22
38 7 38
38 8 35
38 9 35
38 10 38
38 11 64
38 12 19
38 13 19
38 14 1
38 15 49
38 16 41
38 17 25
38 18 45
38 19 29
38 20 4
38 21 51
38 22 44
38 23 46
38 24 27
38 25 25
38 26 14
38 27 40
38 28 20
38 29 20
38 30 62
38 31 37
38 32 10
38 33 58
38 34 36
38 35 23
38 36 3
38 37 25
39 0 7
39 1 22
39 2 54
39 3 11
39 4 56
39 5 29
39 6 53
39 7 14
39 8 3
39 9 55
39 10 2
39 11 19
39 12 15
39 13 44
39 14 4
39 15 52
39 16 22
39 17 29
39 18 1
39 19 28
39 20 50
39 21 42
39 22 52
39 23 57
39 24 18
39 25 53
39 26 64
39 27 45
39 28 37
39 29 9
39 30 58
39 31 32
39 32 60
39 33 20
39 34 43
39 35 24
39 36 20
39 37 9
39 38 38
40 0 22
40 1 25
40 2 25
40 3 44
40 4 54
40 5 53
40 6 26
40 7 31
40 8 62
40 9 53
40 10 55
40 11 36
40 12 44
40 13 25
40 14 48
40 15 7
40 16 27
40 17 62
40 18 1
40 19 40
40 20 39
40 21 47
40 22 55
40 23 43
40 24 3
40 25 12
40 26 30
40 27 9
40 28 35
40 29 5
40 30 47
40 31 29
40 32 39
40 33 64
40 34 8
40 35 43
40 36 36
40 37 45
40 38 50
40 39 31
41 0 27
41 1 26
41 2 46
41 3 36
41 4 60
41 5 34
41 6 30
41 7 45
41 8 8
41 9 27
41 10 33
41 11 38
41 12 1
41 13 23
41 14 39
41 15 33
41 16 16
41 17 33
41 18 38
41 19 59
41 20 15
41 21 3
41 22 23
41 23 56
41 24 25
41 25 14
41 26 14
41 27 60
41 28 5
41 29 19
41 30 36
41 31 37
41 32 19
41 33 44
41 34 56
41 35 43
41 36 62
41 37 31
41 38 7
41 39 19
41 40 34
42 0 29
42 1 27
42 2 2
42 3 12
42 4 4
42 5 29
42 6 40
42 7 2
42 8 4
42 9 50
42 10 28
42 11 55
42 12 59
42 13 11
42 14 5
42 15 18
42 16 56
42 17 53
42 18 29
42 19 46
42 20 28
42 21 50
42 22 58
42 23 17
42 24 53
42 25 55
42 26 56
42 27 11
42 28 30
42 29 27
42 30 60
42 31 8
42 32 29
42 33 10
42 34 38
42 35 63
42 36 59
42 37 2
42 38 22
42 39 47
42 40 36
42 41 11
43 0 2
43 1 17
43 2 28
43 3 9
43 4 14
43 5 42
43 6 28
43 7 56
43 8 28
43 9 18
43 10 33
43 11 20
43 12 17
43 13 14
43 14 46
43 15 40
43 16 43
43 17 21
43 18 49
43 19 14
43 20 12
43 21 7
43 22 33
43 23 15
43 24 49
43 25 30
43 26 44
43 27 11
43 28 17
43 29 47
43 30 34
43 31 41
43 32 7
43 33 32
43 34 34
43 35 38
43 36 36
43 37 23
43 38 14
43 39 38
43 40 27
43 41 36
43 42 41
44 0 42
44 1 24
44 2 63
44 3 2
44 4 5
44 5 10
44 6 8
44 7 60
44 8 1
44 9 18
44 10 58
44 11 43
44 12 53
44 13 61
44 14 40
44 15 54
44 16 43
44 17 30
44 18 10
44 19 26
44 20 23
44 21 20
44 22 22
44 23 25
44 24 59
44 25 37
44 26 24
44 27 31
44 28 14
44 29 28
44 30 4
44 31 49
44 32 33
44 33 60
44 34 55
44 35 32
44 36 54
44 37 18
44 38 57
44 39 59
44 40 46
44 41 16
44 42 62
44 43 62
