31
1 0 47
2 1 46
3 0 44
3 1 2
3 2 18
4 0 49
4 2 14
5 1 8
5 3 18
5 4 18
6 0 33
6 3 30
7 1 30
7 2 1
7 3 23
7 4 31
7 5 55
8 2 8
8 3 25
8 4 33
8 5 11
9 0 48
9 5 47
9 6 37
9 7 32
9 8 37
10 0 29
10 2 9
10 5 52
10 9 19
11 1 29
11 2 42
11 3 4
11 4 49
11 5 10
11 7 54
11 8 30
11 10 1
12 0 19
12 1 46
12 2 47
12 6 29
12 9 17
12 10 35
12 11 17
13 0 27
13 4 36
13 6 29
13 8 29
13 9 36
13 10 7
13 11 8
14 0 10
14 4 40
14 6 19
14 12 28
14 13 41
15 3 17
15 4 11
15 5 51
15 7 25
15 12 5
15 13 3
16 0 26
16 2 53
16 3 47
16 4 7
16 5 26
16 8 6
16 12 30
16 13 15
16 15 54
17 0 32
17 2 16
17 3 54
17 6 31
17 8 22
17 11 45
17 12 29
17 13 11
18 4 3
18 6 42
18 7 20
18 9 50
18 12 3
18 13 4
18 14 29
19 3 37
19 4 16
19 5 22
19 8 11
19 9 29
19 12 43
19 13 35
19 16 24
19 18 35
20 0 51
20 1 29
20 2 53
20 3 9
20 6 45
20 8 4
20 10 54
20 11 45
20 12 37
20 19 31
21 0 32
21 1 3
21 2 32
21 5 40
21 7 3
21 8 44
21 9 45
21 11 49
21 15 2
21 16 15
21 17 53
21 18 25
21 20 51
22 1 6
22 5 2
22 6 33
22 9 14
22 10 27
22 11 18
22 12 25
22 17 29
22 19 28
22 21 43
23 0 52
23 3 43
23 4 9
23 6 14
23 7 48
23 8 14
23 9 29
23 10 16
23 11 40
23 12 21
23 13 15
23 14 45
23 15 7
23 16 4
23 17 10
23 18 12
23 20 34
23 22 42
24 0 5
24 3 1
24 4 16
24 6 29
24 7 55
24 8 33
24 12 4
24 15 38
24 16 53
24 20 31
24 21 42
24 23 43
25 0 54
25 2 37
25 3 13
25 5 3
25 6 39
25 8 37
25 9 33
25 11 56
25 12 35
25 15 39
25 16 8
25 17 38
25 18 38
25 19 45
25 20 22
25 22 26
26 0 22
26 1 19
26 2 19
26 5 33
26 7 31
26 8 5
26 9 15
26 10 11
26 12 9
26 13 55
26 15 39
26 19 47
26 24 29
26 25 5
27 3 13
27 4 1
27 6 20
27 7 34
27 8 50
27 9 1
27 10 24
27 11 51
27 12 45
27 15 25
27 16 34
27 17 16
27 21 17
27 23 26
27 24 31
28 1 8
28 4 42
28 10 49
28 11 28
28 12 45
28 13 43
28 14 51
28 15 42
28 16 7
28 18 21
28 22 29
28 23 29
28 24 22
28 25 12
28 26 13
28 27 29
29 0 16
29 4 26
29 6 9
29 7 24
29 8 11
29 11 53
29 15 9
29 17 50
29 24 35
29 27 44
30 1 51
30 4 33
30 8 10
30 9 3
30 14 50
30 15 4
30 18 12
30 19 43
30 22 20
30 24 2
30 25 34
30 26 3
30 27 23
30 28 20
