37
1 0 59
2 0 19
2 1 17
3 0 62
3 1 24
3 2 18
4 0 2
4 1 2
4 2 33
4 3 49
5 0 15
5 1 36
5 2 32
5 3 38
5 4 57
6 0 31
6 1 9
6 2 11
6 3 44
6 4 19
6 5 62
7 0 4
7 1 38
7 2 38
7 3 58
7 4 52
7 5 21
7 6 44
8 0 51
8 1 8
8 2 22
8 3 16
8 4 51
8 5 1
8 6 63
8 7 20
9 0 34
9 1 60
9 2 32
9 3 55
9 4 9
9 5 42
9 6 17
9 7 54
9 8 55
10 0 16
10 1 5
10 2 28
10 3 53
10 4 57
10 5 18
10 6 45
10 7 2
10 8 13
10 9 37
11 0 18
11 1 41
11 2 1
11 3 25
11 4 33
11 5 32
11 6 6
11 7 54
11 8 6
11 9 62
11 10 22
12 0 50
12 1 22
12 2 40
12 3 3
12 4 20
12 5 44
12 6 51
12 7 35
12 8 61
12 9 47
12 10 29
12 11 27
13 0 18
13 1 10
13 2 14
13 3 47
13 4 31
13 5 25
13 6 31
13 7 23
13 8 39
13 9 40
13 10 59
13 11 3
13 12 13
14 0 51
14 1 48
14 2 62
14 3 25
14 4 28
14 5 34
14 6 2
14 7 62
14 8 33
14 9 44
14 10 42
14 11 3
14 12 62
14 13 41
15 0 35
15 1 54
15 2 16
15 3 24
15 4 6
15 5 25
15 6 56
15 7 52
15 8 33
15 9 38
15 10 38
15 11 35
15 12 20
15 13 15
15 14 55
16 0 27
16 1 63
16 2 57
16 3 58
16 4 7
16 5 34
16 6 48
16 7 2
16 8 6
16 9 11
16 10 48
16 11 25
16 12 10
16 13 1
16 14 36
16 15 45
17 0 26
17 1 57
17 2 37
17 3 32
17 4 45
17 5 38
17 6 32
17 7 51
17 8 59
17 9 56
17 10 34
17 11 43
17 12 3
17 13 29
17 14 4
17 15 42
17 16 34
18 0 31
18 1 35
18 2 12
18 3 21
18 4 25
18 5 45
18 6 31
18 7 12
18 8 14
18 9 35
18 10 33
18 11 20
18 12 22
18 13 38
18 14 13
18 15 53
18 16 54
18 17 26
19 0 39
19 1 5
19 2 33
19 3 23
19 4 60
19 5 59
19 6 16
19 7 6
19 8 55
19 9 53
19 10 40
19 11 17
19 12 1
19 13 62
19 14 40
19 15 30
19 16 62
19 17 59
19 18 54
20 0 22
20 1 14
20 2 43
20 3 49
20 4 27
20 5 23
20 6 48
20 7 55
20 8 4
20 9 6
20 10 10
20 11 39
20 12 40
20 13 37
20 14 58
20 15 40
20 16 50
20 17 9
20 18 49
20 19 42
21 0 29
21 1 22
21 2 19
21 3 6
21 4 54
21 5 8
21 6 6
21 7 58
21 8 45
21 9 28
21 10 28
21 11 53
21 12 34
21 13 26
21 14 13
21 15 36
21 16 32
21 17 15
21 18 46
21 19 40
21 20 29
22 0 10
22 1 27
22 2 12
22 3 56
22 4 14
22 5 61
22 6 47
22 7 1
22 8 52
22 9 24
22 10 49
22 11 34
22 12 2
22 13 42
22 14 26
22 15 11
22 16 23
22 17 16
22 18 10
22 19 26
22 20 30
22 21 55
23 0 52
23 1 17
23 2 49
23 3 33
23 4 23
23 5 24
23 6 10
23 7 35
23 8 26
23 9 20
23 10 19
23 11 61
23 12 23
23 13 42
23 14 2
23 15 39
23 16 45
23 17 12
23 18 1
23 19 63
23 20 42
23 21 28
23 22 33
24 0 29
24 1 22
24 2 17
24 3 9
24 4 20
24 5 19
24 6 16
24 7 43
24 8 7
24 9 44
24 10 8
24 11 38
24 12 63
24 13 52
24 14 31
24 15 51
24 16 3
24 17 43
24 18 35
24 19 26
24 20 47
24 21 36
24 22 41
24 23 9
25 0 23
25 1 14
25 2 42
25 3 14
25 4 39
25 5 51
25 6 52
25 7 2
25 8 55
25 9 50
25 10 20
25 11 51
25 12 62
25 13 29
25 14 51
25 15 13
25 16 23
25 17 45
25 18 42
25 19 39
25 20 58
25 21 30
25 22 35
25 23 25
25 24 56
26 0 30
26 1 60
26 2 19
26 3 52
26 4 48
26 5 12
26 6 12
26 7 13
26 8 48
26 9 33
26 10 22
26 11 29
26 12 62
26 13 19
26 14 16
26 15 13
26 16 41
26 17 2
26 18 37
26 19 15
26 20 45
26 21 62
26 22 40
26 23 32
26 24 23
26 25 50
27 0 53
27 1 60
27 2 33
27 3 62
27 4 35
27 5 5
27 6 19
27 7 31
27 8 37
27 9 44
27 10 24
27 11 39
27 12 15
27 13 1
27 14 35
27 15 56
27 16 36
27 17 16
27 18 7
27 19 58
27 20 18
27 21 16
27 22 47
27 23 1
27 24 28
27 25 46
27 26 5
28 0 27
28 1 63
28 2 34
28 3 18
28 4 14
28 5 37
28 6 35
28 7 54
28 8 15
28 9 20
28 10 21
28 11 2
28 12 49
28 13 37
28 14 48
28 15 16
28 16 45
28 17 44
28 18 63
28 19 26
28 20 25
28 21 15
28 22 49
28 23 16
28 24 29
28 25 32
28 26 45
28 27 46
29 0 16
29 1 5
29 2 12
29 3 25
29 4 58
29 5 35
29 6 59
29 7 10
29 8 54
29 9 16
29 10 22
29 11 58
29 12 20
29 13 60
29 14 29
29 15 53
29 16 31
29 17 16
29 18 45
29 19 28
29 20 8
29 21 12
29 22 3
29 23 40
29 24 36
29 25 53
29 26 7
29 27 28
29 28 57
30 0 35
30 1 40
30 2 2
30 3 29
30 4 42
30 5 55
30 6 13
30 7 49
30 8 49
30 9 7
30 10 43
30 11 12
30 12 21
30 13 35
30 14 37
30 15 4
30 16 56
30 17 49
30 18 6
30 19 47
30 20 6
30 21 58
30 22 14
30 23 45
30 24 31
30 25 10
30 26 62
30 27 14
30 28 54
30 29 14
31 0 40
31 1 56
31 2 11
31 3 45
31 4 43
31 5 30
31 6 61
31 7 55
31 8 45
31 9 19
31 10 14
31 11 51
31 12 24
31 13 45
31 14 19
31 15 26
31 16 6
31 17 42
31 18 42
31 19 34
31 20 16
31 21 32
31 22 63
31 23 53
31 24 59
31 25 63
31 26 28
31 27 57
31 28 31
31 29 56
31 30 41
32 0 13
32 1 37
32 2 61
32 3 8
32 4 53
32 5 19
32 6 48
32 7 4
32 8 38
32 9 41
32 10 6
32 11 30
32 12 30
32 13 36
32 14 20
32 15 28
32 16 34
32 17 61
32 18 63
32 19 47
32 20 19
32 21 50
32 22 62
32 23 17
32 24 28
32 25 59
32 26 38
32 27 53
32 28 48
32 29 31
32 30 11
32 31 30
33 0 50
33 1 49
33 2 13
33 3 6
33 4 25
33 5 58
33 6 41
33 7 23
33 8 14
33 9 12
33 10 36
33 11 1
33 12 44
33 13 16
33 14 47
33 15 53
33 16 23
33 17 55
33 18 5
33 19 33
33 20 26
33 21 4
33 22 6
33 23 24
33 24 41
33 25 29
33 26 35
33 27 20
33 28 32
33 29 26
33 30 17
33 31 14
33 32 45
34 0 21
34 1 24
34 2 40
34 3 45
34 4 62
34 5 59
34 6 30
34 7 60
34 8 56
34 9 19
34 10 7
34 11 38
34 12 2
34 13 59
34 14 18
34 15 33
34 16 38
34 17 26
34 18 10
34 19 19
34 20 19
34 21 49
34 22 2
34 23 39
34 24 35
34 25 51
34 26 18
34 27 45
34 28 46
34 29 14
34 30 32
34 31 9
34 32 56
34 33 37
35 0 1
35 1 30
35 2 12
35 3 8
35 4 6
35 5 35
35 6 32
35 7 28
35 8 51
35 9 17
35 10 63
35 11 27
35 12 7
35 13 19
35 14 55
35 15 27
35 16 34
35 17 60
35 18 25
35 19 32
35 20 59
35 21 19
35 22 63
35 23 35
35 24 53
35 25 4
35 26 54
35 27 29
35 28 25
35 29 3
35 30 33
35 31 32
35 32 10
35 33 6
35 34 25
36 0 59
36 1 61
36 2 46
36 3 2
36 4 7
36 5 47
36 6 8
36 7 40
36 8 54
36 9 11
36 10 62
36 11 21
36 12 59
36 13 8
36 14 22
36 15 58
36 16 37
36 17 51
36 18 47
36 19 10
36 20 45
36 21 42
36 22 53
36 23 7
36 24 7
36 25 30
36 26 41
36 27 42
36 28 55
36 29 37
36 30 10
36 31 36
36 32 42
36 33 46
36 34 31
36 35 30
