21
1 0 7
2 0 3
2 1 4
3 0 3
3 1 6
3 2 4
4 0 4
4 1 2
4 2 2
4 3 1
5 0 6
5 1 3
5 2 7
5 3 6
5 4 7
6 0 1
6 1 3
6 2 7
6 3 3
6 4 3
6 5 7
7 0 1
7 1 3
7 2 3
7 3 7
7 4 7
7 5 2
7 6 6
8 0 4
8 1 1
8 2 5
8 3 6
8 4 5
8 5 7
8 6 6
8 7 6
9 0 3
9 1 4
9 2 7
9 3 5
9 4 6
9 5 1
9 6 6
9 7 3
9 8 1
10 0 1
10 1 4
10 2 6
10 3 6
10 4 2
10 5 1
10 6 7
10 7 1
10 8 5
10 9 3
11 0 4
11 1 4
11 2 3
11 3 6
11 4 5
11 5 6
11 6 7
11 7 7
11 8 4
11 9 6
11 10 3
12 0 2
12 1 7
12 2 6
12 3 1
12 4 5
12 5 3
12 6 6
12 7 4
12 8 6
12 9 7
12 10 5
12 11 2
13 0 1
13 1 6
13 2 1
13 3 6
13 4 7
13 5 1
13 6 5
13 7 1
13 8 4
13 9 2
13 10 3
13 11 7
13 12 5
14 0 2
14 1 7
14 2 7
14 3 5
14 4 2
14 5 4
14 6 1
14 7 3
14 8 5
14 9 2
14 10 5
14 11 2
14 12 3
14 13 5
15 0 6
15 1 4
15 2 5
15 3 6
15 4 2
15 5 3
15 6 5
15 7 1
15 8 2
15 9 7
15 10 2
15 11 2
15 12 7
15 13 2
15 14 1
16 0 7
16 1 5
16 2 3
16 3 5
16 4 5
16 5 4
16 6 1
16 7 5
16 8 4
16 9 7
16 10 7
16 11 7
16 12 3
16 13 6
16 14 7
16 15 1
17 0 1
17 1 4
17 2 3
17 3 3
17 4 5
17 5 3
17 6 3
17 7 4
17 8 6
17 9 2
17 10 3
17 11 3
17 12 4
17 13 5
17 14 5
17 15 6
17 16 5
18 0 7
18 1 3
18 2 3
18 3 5
18 4 1
18 5 5
18 6 2
18 7 7
18 8 6
18 9 2
18 10 6
18 11 1
18 12 5
18 13 4
18 14 7
18 15 7
18 16 2
18 17 4
19 0 6
19 1 5
19 2 7
19 3 2
19 4 6
19 5 4
19 6 1
19 7 2
19 8 1
19 9 2
19 10 7
19 11 6
19 12 7
19 13 1
19 14 5
19 15 7
19 16 2
19 17 2
19 18 1
20 0 5
20 1 4
20 2 1
20 3 2
20 4 7
20 5 1
20 6 5
20 7 3
20 8 7
20 9 2
20 10 7
20 11 7
20 12 2
20 13 7
20 14 5
20 15 6
20 16 4
20 17 3
20 18 4
20 19 4
