48
1 0 4
2 1 8
3 0 1
3 1 1
4 0 14
4 2 8
4 3 12
5 1 8
5 2 5
5 3 4
5 4 7
6 2 11
6 3 7
6 4 14
7 1 8
7 2 13
8 0 5
8 1 3
8 4 13
8 5 11
9 3 12
9 6 13
10 0 2
10 1 10
10 2 4
10 3 13
10 5 13
10 6 7
11 0 11
11 1 6
11 5 4
11 9 9
11 10 5
12 1 14
12 2 6
12 3 4
12 4 3
12 5 1
12 6 10
12 9 11
12 10 10
13 0 9
13 1 13
13 2 8
13 4 13
13 5 6
13 8 8
13 9 13
13 10 3
13 11 11
14 0 8
14 1 3
14 2 13
14 3 2
14 9 13
14 10 13
14 11 3
14 13 1
15 1 12
15 3 2
15 6 13
15 7 7
15 8 2
15 12 6
15 14 1
16 2 2
16 7 4
16 8 8
16 13 9
16 14 9
16 15 9
17 1 3
17 2 14
17 4 4
17 6 4
17 8 4
17 12 1
17 14 10
18 3 2
18 4 6
18 9 3
18 12 5
18 13 14
18 14 9
18 16 13
19 1 7
19 2 2
19 7 2
19 8 3
19 12 11
19 13 11
19 14 4
19 15 2
19 17 13
20 0 3
20 2 3
20 5 8
20 8 14
20 10 8
20 11 4
20 13 10
20 14 12
20 16 8
20 18 3
20 19 10
21 0 5
21 1 12
21 3 4
21 5 3
21 6 10
21 7 7
21 11 6
21 15 14
21 17 1
21 18 5
21 19 10
22 1 12
22 4 8
22 8 5
22 10 1
22 12 6
22 13 9
22 15 3
22 16 9
22 20 3
22 21 7
23 0 12
23 1 10
23 3 10
23 4 4
23 9 12
23 11 7
23 15 14
23 17 6
23 22 4
24 1 2
24 3 9
24 4 12
24 5 4
24 7 3
24 10 10
24 12 1
24 14 6
24 16 1
24 19 14
24 21 11
24 22 8
25 0 9
25 1 13
25 3 10
25 5 8
25 7 12
25 10 5
25 11 9
25 12 4
25 13 8
25 16 14
25 17 14
25 21 14
26 1 10
26 2 6
26 3 6
26 5 3
26 8 14
26 9 8
26 10 2
26 12 12
26 13 12
26 17 5
26 20 6
26 21 4
26 22 10
26 23 7
26 24 1
26 25 3
27 0 6
27 1 10
27 4 3
27 5 12
27 8 5
27 9 11
27 11 14
27 14 3
27 18 2
27 21 8
27 23 4
27 24 12
28 0 12
28 3 14
28 4 4
28 5 8
28 7 3
28 10 9
28 11 9
28 14 6
28 17 6
28 19 1
28 21 14
28 25 5
28 26 14
29 0 6
29 4 14
29 6 4
29 8 11
29 9 3
29 10 11
29 14 1
29 15 6
29 17 11
29 19 2
29 22 2
29 23 8
29 28 14
30 0 2
30 1 3
30 2 3
30 6 9
30 7 6
30 8 6
30 10 2
30 13 3
30 15 10
30 16 10
30 19 12
30 21 6
30 24 5
30 28 12
31 0 5
31 2 8
31 3 8
31 4 10
31 7 3
31 8 5
31 10 7
31 12 8
31 14 5
31 16 6
31 17 11
31 21 1
31 25 9
31 26 13
31 27 10
32 1 4
32 2 13
32 3 1
32 4 5
32 5 6
32 6 2
32 8 9
32 9 9
32 12 6
32 13 13
32 14 3
32 15 2
32 19 1
32 20 4
32 25 6
32 26 13
33 0 12
33 2 14
33 3 9
33 5 13
33 6 2
33 13 2
33 14 2
33 18 11
33 19 7
33 21 13
33 22 2
33 31 13
34 0 10
34 4 9
34 6 5
34 9 9
34 10 7
34 12 14
34 14 1
34 15 1
34 16 12
34 17 3
34 19 10
34 22 5
34 23 9
34 25 6
34 26 11
34 27 2
34 28 5
34 30 11
34 32 14
34 33 6
35 3 7
35 6 7
35 7 9
35 11 12
35 12 14
35 14 11
35 19 4
35 20 11
35 21 5
35 22 10
35 23 5
35 24 9
35 27 1
35 29 3
35 30 5
35 31 1
35 33 5
35 34 7
36 0 2
36 1 3
36 6 10
36 10 3
36 12 14
36 13 5
36 14 11
36 16 3
36 17 5
36 18 8
36 22 5
36 26 11
36 30 10
36 33 2
36 35 6
37 0 2
37 1 8
37 2 10
37 3 5
37 5 10
37 7 13
37 10 7
37 12 1
37 13 13
37 17 6
37 18 3
37 19 8
37 20 9
37 24 10
37 27 10
37 28 5
37 29 4
37 32 2
37 34 3
38 0 2
38 1 7
38 2 4
38 10 2
38 11 5
38 14 1
38 16 2
38 19 14
38 20 9
38 22 12
38 23 4
38 24 7
38 25 2
38 28 12
38 29 2
38 30 7
38 32 14
38 33 11
38 36 9
39 0 13
39 1 3
39 2 8
39 4 1
39 7 11
39 9 10
39 11 8
39 12 1
39 13 9
39 14 3
39 15 9
39 16 14
39 17 8
39 19 4
39 20 8
39 23 7
39 24 8
39 26 4
39 27 14
39 31 12
39 32 14
39 34 9
39 36 14
39 37 7
39 38 3
40 0 3
40 1 7
40 2 10
40 3 6
40 7 14
40 8 10
40 12 2
40 16 14
40 17 5
40 19 6
40 21 4
40 24 11
40 25 1
40 26 9
40 28 7
40 32 13
40 34 9
40 35 1
40 37 7
40 38 1
40 39 4
41 0 13
41 2 13
41 4 9
41 7 7
41 8 9
41 16 12
41 20 1
41 22 10
41 24 6
41 30 4
41 32 3
41 34 5
41 35 3
41 36 8
41 37 11
41 40 6
42 0 4
42 2 6
42 3 2
42 5 3
42 9 2
42 12 11
42 14 1
42 15 5
42 16 5
42 17 10
42 18 12
42 19 9
42 22 11
42 23 4
42 24 13
42 26 6
42 28 11
42 31 9
42 32 3
42 34 4
42 35 5
42 36 5
42 39 8
42 41 6
43 0 12
43 4 6
43 5 6
43 7 4
43 8 10
43 9 2
43 10 14
43 11 6
43 13 2
43 14 2
43 15 3
43 16 4
43 18 6
43 21 12
43 22 5
43 23 8
43 26 4
43 28 14
43 29 2
43 32 13
43 33 8
43 37 1
43 40 2
43 41 9
43 42 4
44 2 7
44 3 9
44 4 9
44 5 14
44 7 2
44 9 13
44 10 12
44 12 13
44 13 13
44 14 8
44 17 14
44 22 14
44 24 13
44 25 4
44 26 8
44 28 4
44 30 14
44 33 13
44 34 5
44 35 13
44 37 1
44 38 9
44 39 1
44 40 11
44 42 4
45 1 3
45 5 11
45 6 8
45 7 14
45 11 7
45 14 1
45 17 14
45 18 3
45 19 1
45 21 6
45 22 1
45 23 5
45 24 11
45 25 10
45 26 8
45 27 8
45 28 11
45 29 13
45 34 13
45 38 8
45 39 3
45 41 8
45 42 14
45 43 14
45 44 5
46 4 6
46 6 9
46 7 14
46 11 9
46 13 12
46 14 13
46 18 13
46 19 1
46 22 10
46 27 9
46 29 5
46 30 12
46 32 6
46 35 14
46 37 7
46 39 10
46 41 12
46 43 9
47 0 10
47 3 8
47 6 14
47 7 4
47 11 13
47 12 10
47 14 7
47 15 3
47 16 8
47 19 2
47 24 12
47 26 5
47 27 9
47 28 14
47 29 6
47 30 4
47 33 6
47 34 6
47 35 10
47 36 2
47 38 4
47 44 10
47 45 4
