19
1 0 2
3 1 2
4 0 4
5 3 2
6 2 3
6 3 1
6 5 4
7 0 3
7 1 4
7 2 2
7 6 4
8 1 3
8 2 4
8 3 3
8 4 2
8 5 4
8 6 1
8 7 2
9 0 1
9 3 4
9 4 4
9 5 4
9 6 4
10 0 4
10 2 3
10 3 2
10 4 2
10 7 4
10 8 4
11 0 3
11 5 4
11 7 1
11 9 3
12 1 3
12 2 4
12 3 3
12 4 2
12 5 1
12 7 3
12 8 3
13 2 2
13 4 3
13 5 3
13 9 3
13 11 1
14 1 1
14 3 2
14 4 1
14 7 1
14 11 3
14 13 3
15 0 4
15 1 2
15 2 3
15 3 1
15 7 4
15 11 1
15 13 3
15 14 1
16 0 4
16 3 3
16 5 3
16 6 3
16 7 3
16 8 3
16 12 2
16 13 3
16 14 1
16 15 3
17 0 1
17 2 3
17 4 1
17 6 4
17 10 1
17 11 1
17 13 3
17 15 4
17 16 2
18 0 2
18 1 4
18 2 1
18 3 4
18 4 2
18 5 4
18 7 3
18 9 3
18 11 1
18 15 2
