28
1 0 18
2 0 11
3 1 9
3 2 25
4 2 6
5 0 11
5 2 15
5 3 12
5 4 2
6 0 14
6 3 6
6 4 26
7 2 5
7 3 5
7 4 26
8 1 5
8 3 7
8 5 8
8 6 21
9 3 2
9 4 20
9 5 6
9 7 24
9 8 17
10 0 25
10 1 17
10 3 10
10 5 8
10 6 10
10 8 5
10 9 3
11 0 13
11 2 23
11 7 20
11 8 12
12 0 15
12 1 15
12 5 3
12 9 1
12 11 8
13 0 26
13 2 19
13 3 26
13 5 12
13 6 24
13 9 8
13 12 15
14 1 22
14 2 7
14 4 8
14 5 22
14 8 14
14 9 10
15 6 10
15 7 25
15 12 17
15 13 13
16 0 26
16 1 20
16 3 16
16 4 15
16 6 11
16 7 15
16 8 10
16 10 25
16 12 10
16 15 12
17 0 18
17 1 20
17 2 9
17 4 2
17 5 14
17 6 8
17 9 4
17 11 25
17 15 1
17 16 22
18 1 26
18 8 13
18 9 19
18 10 24
18 11 9
18 12 2
18 13 4
18 14 4
18 17 6
19 3 25
19 4 3
19 7 8
19 8 14
19 12 19
19 13 8
19 15 13
19 16 18
20 0 8
20 1 6
20 2 7
20 4 15
20 5 20
20 6 6
20 7 13
20 10 10
20 11 16
20 15 14
20 16 18
20 17 15
21 0 6
21 1 25
21 2 26
21 5 17
21 7 10
21 9 24
21 11 10
21 12 8
21 14 25
21 15 17
21 16 11
21 19 12
22 1 19
22 3 26
22 6 24
22 7 17
22 8 2
22 13 23
22 16 14
22 17 6
22 18 26
22 19 11
22 20 7
22 21 5
23 2 2
23 3 17
23 4 26
23 5 25
23 6 25
23 8 15
23 9 13
23 10 26
23 13 5
23 14 22
23 17 1
23 18 5
23 21 26
23 22 5
24 0 21
24 1 16
24 4 1
24 9 19
24 10 14
24 12 9
24 16 16
24 19 25
24 21 2
25 0 11
25 5 9
25 6 24
25 9 4
25 12 4
25 14 21
25 15 25
25 16 14
25 18 13
25 19 19
26 0 2
26 1 5
26 4 19
26 5 11
26 6 3
26 7 8
26 8 11
26 9 20
26 10 22
26 13 10
26 14 23
26 15 15
26 17 18
26 18 6
26 19 15
26 22 26
26 25 2
27 3 8
27 4 17
27 6 13
27 7 15
27 8 25
27 9 3
27 12 2
27 13 13
27 15 6
27 16 2
27 17 16
27 20 7
27 22 6
27 24 3
