50
1 0 47
2 0 13
2 1 30
3 0 18
3 1 35
3 2 16
4 0 23
4 1 18
4 2 23
4 3 31
5 0 50
5 1 19
5 2 28
5 3 32
5 4 21
6 0 21
6 1 37
6 2 47
6 3 10
6 4 24
6 5 20
7 0 15
7 1 20
7 2 40
7 3 27
7 4 22
7 5 37
7 6 35
8 0 21
8 1 31
8 2 39
8 3 30
8 4 14
8 5 39
8 6 9
8 7 29
9 0 19
9 1 39
9 2 48
9 3 13
9 4 49
9 5 38
9 6 45
9 7 35
9 8 12
10 0 46
10 1 9
10 2 38
10 3 29
10 4 5
10 5 22
10 6 24
10 7 5
10 8 6
10 9 30
11 0 35
11 1 34
11 2 22
11 3 45
11 4 7
11 5 41
11 6 50
11 7 13
11 8 34
11 9 13
11 10 3
12 0 15
12 1 44
12 2 1
12 3 21
12 4 29
12 5 7
12 6 49
12 7 12
12 8 34
12 9 11
12 10 40
12 11 37
13 0 30
13 1 34
13 2 22
13 3 4
13 4 7
13 5 40
13 6 34
13 7 11
13 8 33
13 9 43
13 10 51
13 11 49
13 12 43
14 0 44
14 1 21
14 2 47
14 3 3
14 4 13
14 5 35
14 6 32
14 7 46
14 8 33
14 9 2
14 10 36
14 11 3
14 12 22
14 13 20
15 0 40
15 1 51
15 2 14
15 3 29
15 4 47
15 5 32
15 6 41
15 7 21
15 8 16
15 9 10
15 10 21
15 11 11
15 12 48
15 13 46
15 14 22
16 0 10
16 1 1
16 2 16
16 3 36
16 4 1
16 5 32
16 6 9
16 7 45
16 8 20
16 9 3
16 10 24
16 11 46
16 12 11
16 13 24
16 14 31
16 15 48
17 0 5
17 1 44
17 2 17
17 3 28
17 4 44
17 5 35
17 6 32
17 7 22
17 8 29
17 9 33
17 10 23
17 11 31
17 12 10
17 13 6
17 14 37
17 15 36
17 16 43
18 0 30
18 1 10
18 2 30
18 3 16
18 4 47
18 5 19
18 6 25
18 7 6
18 8 24
18 9 48
18 10 26
18 11 34
18 12 8
18 13 48
18 14 13
18 15 46
18 16 50
18 17 42
19 0 28
19 1 35
19 2 4
19 3 49
19 4 49
19 5 42
19 6 30
19 7 34
19 8 16
19 9 16
19 10 25
19 11 20
19 12 21
19 13 22
19 14 48
19 15 30
19 16 48
19 17 35
19 18 34
20 0 51
20 1 41
20 2 27
20 3 48
20 4 32
20 5 40
20 6 35
20 7 18
20 8 5
20 9 4
20 10 22
20 11 15
20 12 9
20 13 1
20 14 40
20 15 17
20 16 10
20 17 17
20 18 49
20 19 43
21 0 22
21 1 27
21 2 23
21 3 5
21 4 47
21 5 7
21 6 10
21 7 5
21 8 30
21 9 7
21 10 6
21 11 6
21 12 49
21 13 43
21 14 47
21 15 42
21 16 6
21 17 41
21 18 35
21 19 10
21 20 20
22 0 38
22 1 1
22 2 43
22 3 32
22 4 14
22 5 21
22 6 17
22 7 43
22 8 21
22 9 21
22 10 31
22 11 2
22 12 39
22 13 28
22 14 36
22 15 5
22 16 39
22 17 3
22 18 12
22 19 14
22 20 44
22 21 11
23 0 18
23 1 31
23 2 8
23 3 17
23 4 16
23 5 8
23 6 42
23 7 5
23 8 37
23 9 13
23 10 27
23 11 31
23 12 1
23 13 40
23 14 39
23 15 20
23 16 50
23 17 14
23 18 21
23 19 11
23 20 4
23 21 21
23 22 19
24 0 24
24 1 13
24 2 17
24 3 43
24 4 25
24 5 6
24 6 29
24 7 30
24 8 47
24 9 36
24 10 31
24 11 22
24 12 17
24 13 37
24 14 29
24 15 34
24 16 13
24 17 16
24 18 13
24 19 7
24 20 37
24 21 51
24 22 32
24 23 14
25 0 45
25 1 30
25 2 36
25 3 12
25 4 48
25 5 41
25 6 3
25 7 51
25 8 1
25 9 9
25 10 27
25 11 2
25 12 25
25 13 21
25 14 8
25 15 43
25 16 33
25 17 5
25 18 47
25 19 37
25 20 47
25 21 46
25 22 12
25 23 8
25 24 17
26 0 3
26 1 45
26 2 1
26 3 16
26 4 6
26 5 15
26 6 25
26 7 20
26 8 18
26 9 2
26 10 51
26 11 28
26 12 5
26 13 44
26 14 1
26 15 37
26 16 43
26 17 1
26 18 25
26 19 23
26 20 9
26 21 19
26 22 41
26 23 48
26 24 28
26 25 33
27 0 50
27 1 27
27 2 36
27 3 42
27 4 28
27 5 12
27 6 12
27 7 29
27 8 46
27 9 33
27 10 12
27 11 3
27 12 18
27 13 32
27 14 35
27 15 40
27 16 16
27 17 17
27 18 21
27 19 5
27 20 46
27 21 44
27 22 1
27 23 25
27 24 15
27 25 1
27 26 13
28 0 8
28 1 27
28 2 31
28 3 26
28 4 47
28 5 20
28 6 41
28 7 18
28 8 46
28 9 45
28 10 27
28 11 33
28 12 26
28 13 1
28 14 14
28 15 14
28 16 12
28 17 24
28 18 20
28 19 34
28 20 50
28 21 41
28 22 44
28 23 41
28 24 14
28 25 31
28 26 11
28 27 7
29 0 45
29 1 40
29 2 5
29 3 34
29 4 47
29 5 23
29 6 25
29 7 13
29 8 45
29 9 42
29 10 32
29 11 43
29 12 35
29 13 21
29 14 15
29 15 3
29 16 28
29 17 37
29 18 46
29 19 24
29 20 4
29 21 23
29 22 27
29 23 21
29 24 4
29 25 21
29 26 38
29 27 18
29 28 4
30 0 1
30 1 7
30 2 45
30 3 14
30 4 3
30 5 35
30 6 1
30 7 24
30 8 42
30 9 20
30 10 18
30 11 27
30 12 10
30 13 48
30 14 18
30 15 2
30 16 51
30 17 3
30 18 31
30 19 11
30 20 36
30 21 15
30 22 44
30 23 32
30 24 23
30 25 41
30 26 27
30 27 44
30 28 45
30 29 38
31 0 24
31 1 14
31 2 19
31 3 19
31 4 24
31 5 40
31 6 16
31 7 41
31 8 45
31 9 46
31 10 50
31 11 1
31 12 3
31 13 34
31 14 45
31 15 34
31 16 34
31 17 16
31 18 29
31 19 39
31 20 9
31 21 26
31 22 26
31 23 10
31 24 36
31 25 39
31 26 23
31 27 43
31 28 24
31 29 17
31 30 7
32 0 24
32 1 19
32 2 28
32 3 30
32 4 49
32 5 4
32 6 25
32 7 16
32 8 19
32 9 14
32 10 25
32 11 48
32 12 44
32 13 33
32 14 39
32 15 10
32 16 35
32 17 30
32 18 17
32 19 21
32 20 28
32 21 43
32 22 42
32 23 48
32 24 11
32 25 42
32 26 48
32 27 38
32 28 49
32 29 51
32 30 34
32 31 33
33 0 23
33 1 26
33 2 27
33 3 37
33 4 9
33 5 13
33 6 20
33 7 37
33 8 8
33 9 50
33 10 33
33 11 31
33 12 4
33 13 48
33 14 46
33 15 35
33 16 31
33 17 14
33 18 11
33 19 38
33 20 40
33 21 14
33 22 47
33 23 21
33 24 39
33 25 6
33 26 11
33 27 16
33 28 9
33 29 28
33 30 4
33 31 47
33 32 49
34 0 47
34 1 31
34 2 23
34 3 20
34 4 19
34 5 11
34 6 29
34 7 36
34 8 1
34 9 41
34 10 19
34 11 25
34 12 30
34 13 32
34 14 31
34 15 43
34 16 37
34 17 16
34 18 49
34 19 44
34 20 6
34 21 38
34 22 20
34 23 47
34 24 41
34 25 4
34 26 11
34 27 1
34 28 32
34 29 37
34 30 43
34 31 48
34 32 34
34 33 43
35 0 14
35 1 3
35 2 50
35 3 19
35 4 31
35 5 7
35 6 1
35 7 13
35 8 18
35 9 18
35 10 28
35 11 48
35 12 16
35 13 18
35 14 10
35 15 9
35 16 6
35 17 10
35 18 21
35 19 21
35 20 39
35 21 21
35 22 51
35 23 23
35 24 2
35 25 26
35 26 13
35 27 33
35 28 5
35 29 46
35 30 12
35 31 47
35 32 8
35 33 26
35 34 11
36 0 44
36 1 38
36 2 9
36 3 31
36 4 10
36 5 47
36 6 19
36 7 26
36 8 6
36 9 36
36 10 34
36 11 25
36 12 19
36 13 18
36 14 3
36 15 51
36 16 2
36 17 18
36 18 19
36 19 1
36 20 23
36 21 12
36 22 2
36 23 17
36 24 31
36 25 29
36 26 42
36 27 47
36 28 2
36 29 38
36 30 48
36 31 10
36 32 11
36 33 24
36 34 49
36 35 45
37 0 26
37 1 1
37 2 31
37 3 12
37 4 36
37 5 27
37 6 36
37 7 26
37 8 20
37 9 12
37 10 29
37 11 48
37 12 37
37 13 9
37 14 24
37 15 40
37 16 23
37 17 32
37 18 11
37 19 6
37 20 4
37 21 40
37 22 5
37 23 15
37 24 40
37 25 46
37 26 17
37 27 26
37 28 15
37 29 13
37 30 2
37 31 39
37 32 36
37 33 32
37 34 13
37 35 1
37 36 16
38 0 46
38 1 40
38 2 29
38 3 34
38 4 12
38 5 26
38 6 45
38 7 21
38 8 48
38 9 29
38 10 16
38 11 45
38 12 38
38 13 45
38 14 27
38 15 5
38 16 13
38 17 20
38 18 26
38 19 4
38 20 1
38 21 15
38 22 26
38 23 16
38 24 46
38 25 9
38 26 21
38 27 44
38 28 9
38 29 38
38 30 2
38 31 32
38 32 32
38 33 21
38 34 41
38 35 17
38 36 4
38 37 13
39 0 26
39 1 41
39 2 22
39 3 43
39 4 1
39 5 9
39 6 10
39 7 49
39 8 32
39 9 11
39 10 50
39 11 29
39 12 41
39 13 2
39 14 27
39 15 49
39 16 41
39 17 35
39 18 51
39 19 18
39 20 32
39 21 27
39 22 44
39 23 23
39 24 44
39 25 13
39 26 34
39 27 15
39 28 33
39 29 13
39 30 9
39 31 38
39 32 47
39 33 12
39 34 47
39 35 27
39 36 10
39 37 35
39 38 9
40 0 18
40 1 2
40 2 17
40 3 38
40 4 31
40 5 45
40 6 49
40 7 10
40 8 50
40 9 32
40 10 50
40 11 18
40 12 32
40 13 14
40 14 28
40 15 10
40 16 40
40 17 36
40 18 34
40 19 27
40 20 8
40 21 8
40 22 43
40 23 2
40 24 16
40 25 4
40 26 35
40 27 29
40 28 50
40 29 20
40 30 27
40 31 40
40 32 43
40 33 13
40 34 35
40 35 29
40 36 25
40 37 15
40 38 7
40 39 30
41 0 19
41 1 11
41 2 37
41 3 18
41 4 1
41 5 34
41 6 4
41 7 14
41 8 47
41 9 50
41 10 3
41 11 32
41 12 35
41 13 24
41 14 51
41 15 32
41 16 31
41 17 9
41 18 27
41 19 41
41 20 20
41 21 40
41 22 31
41 23 27
41 24 3
41 25 8
41 26 35
41 27 7
41 28 6
41 29 42
41 30 42
41 31 24
41 32 22
41 33 14
41 34 21
41 35 18
41 36 23
41 37 1
41 38 23
41 39 13
41 40 43
42 0 31
42 1 15
42 2 38
42 3 26
42 4 8
42 5 2
42 6 45
42 7 28
42 8 51
42 9 29
42 10 42
42 11 45
42 12 36
42 13 19
42 14 29
42 15 15
42 16 18
42 17 45
42 18 10
42 19 12
42 20 50
42 21 5
42 22 12
42 23 32
42 24 18
42 25 19
42 26 7
42 27 34
42 28 40
42 29 1
42 30 39
42 31 10
42 32 26
42 33 41
42 34 22
42 35 47
42 36 37
42 37 30
42 38 50
42 39 7
42 40 23
42 41 46
43 0 44
43 1 15
43 2 43
43 3 44
43 4 17
43 5 26
43 6 31
43 7 41
43 8 48
43 9 13
43 10 16
43 11 41
43 12 13
43 13 27
43 14 14
43 15 36
43 16 16
43 17 6
43 18 6
43 19 9
43 20 15
43 21 9
43 22 47
43 23 25
43 24 20
43 25 51
43 26 46
43 27 23
43 28 42
43 29 25
43 30 43
43 31 42
43 32 36
43 33 6
43 34 46
43 35 26
43 36 37
43 37 6
43 38 13
43 39 48
43 40 22
43 41 16
43 42 44
44 0 25
44 1 16
44 2 36
44 3 24
44 4 5
44 5 35
44 6 42
44 7 12
44 8 9
44 9 29
44 10 24
44 11 42
44 12 32
44 13 45
44 14 18
44 15 6
44 16 28
44 17 25
44 18 32
44 19 20
44 20 35
44 21 2
44 22 22
44 23 39
44 24 6
44 25 33
44 26 2
44 27 28
44 28 30
44 29 51
44 30 1
44 31 30
44 32 11
44 33 3
44 34 33
44 35 26
44 36 43
44 37 34
44 38 18
44 39 44
44 40 3
44 41 1
44 42 7
44 43 21
45 0 40
45 1 9
45 2 5
45 3 49
45 4 44
45 5 26
45 6 23
45 7 29
45 8 46
45 9 45
45 10 40
45 11 3
45 12 38
45 13 22
45 14 25
45 15 10
45 16 41
45 17 34
45 18 24
45 19 36
45 20 28
45 21 17
45 22 32
45 23 19
45 24 34
45 25 39
45 26 36
45 27 32
45 28 30
45 29 8
45 30 27
45 31 22
45 32 36
45 33 44
45 34 39
45 35 21
45 36 14
45 37 20
45 38 31
45 39 25
45 40 41
45 41 51
45 42 4
45 43 27
45 44 27
46 0 5
46 1 46
46 2 31
46 3 12
46 4 27
46 5 5
46 6 9
46 7 21
46 8 31
46 9 34
46 10 49
46 11 36
46 12 43
46 13 11
46 14 24
46 15 6
46 16 50
46 17 10
46 18 31
46 19 11
46 20 20
46 21 9
46 22 23
46 23 24
46 24 48
46 25 22
46 26 21
46 27 25
46 28 15
46 29 27
46 30 20
46 31 40
46 32 48
46 33 46
46 34 21
46 35 8
46 36 7
46 37 30
46 38 1
46 39 1
46 40 23
46 41 20
46 42 21
46 43 16
46 44 33
46 45 22
47 0 1
47 1 26
47 2 18
47 3 39
47 4 3
47 5 9
47 6 19
47 7 19
47 8 15
47 9 47
47 10 39
47 11 42
47 12 1
47 13 43
47 14 10
47 15 27
47 16 40
47 17 35
47 18 41
47 19 8
47 20 42
47 21 10
47 22 1
47 23 42
47 24 42
47 25 40
47 26 40
47 27 48
47 28 31
47 29 4
47 30 9
47 31 3
47 32 1
47 33 4
47 34 23
47 35 47
47 36 35
47 37 17
47 38 50
47 39 27
47 40 49
47 41 37
47 42 29
47 43 10
47 44 48
47 45 18
47 46 4
48 0 29
48 1 11
48 2 17
48 3 28
48 4 15
48 5 2
48 6 23
48 7 48
48 8 37
48 9 3
48 10 13
48 11 25
48 12 48
48 13 26
48 14 32
48 15 4
48 16 43
48 17 39
48 18 22
48 19 10
48 20 11
48 21 31
48 22 12
48 23 24
48 24 42
48 25 27
48 26 27
48 27 33
48 28 16
48 29 4
48 30 2
48 31 37
48 32 7
48 33 42
48 34 31
48 35 22
48 36 40
48 37 35
48 38 11
48 39 21
48 40 11
48 41 28
48 42 46
48 43 31
48 44 16
48 45 29
48 46 32
48 47 2
49 0 27
49 1 24
49 2 21
49 3 28
49 4 1
49 5 27
49 6 10
49 7 23
49 8 19
49 9 32
49 10 24
49 11 12
49 12 13
49 13 3
49 14 21
49 15 32
49 16 34
49 17 50
49 18 3
49 19 28
49 20 45
49 21 8
49 22 49
49 23 51
49 24 6
49 25 42
49 26 9
49 27 47
49 28 14
49 29 9
49 30 32
49 31 12
49 32 34
49 33 34
49 34 51
49 35 2
49 36 24
49 37 10
49 38 5
49 39 18
49 40 9
49 41 43
49 42 51
49 43 50
49 44 15
49 45 31
49 46 14
49 47 24
49 48 17
