44
1 0 3
2 0 1
2 1 3
3 0 4
3 1 6
3 2 7
4 0 5
4 1 7
4 2 3
4 3 3
5 0 3
5 1 5
5 2 3
5 3 1
5 4 1
6 0 4
6 1 4
6 2 1
6 3 7
6 4 3
6 5 3
7 0 2
7 1 3
7 2 6
7 3 5
7 4 2
7 5 4
7 6 2
8 0 5
8 1 3
8 2 1
8 3 7
8 4 2
8 5 3
8 6 5
8 7 6
9 0 7
9 1 5
9 2 3
9 3 7
9 4 7
9 5 5
9 6 3
9 7 5
9 8 3
10 0 6
10 1 3
10 2 1
10 3 6
10 4 5
10 5 2
10 6 7
10 7 7
10 8 2
10 9 5
11 0 7
11 1 5
11 2 7
11 3 4
11 4 7
11 5 4
11 6 4
11 7 7
11 8 6
11 9 6
11 10 7
12 0 7
12 1 3
12 2 1
12 3 7
12 4 2
12 5 7
12 6 6
12 7 7
12 8 3
12 9 6
12 10 1
12 11 4
13 0 6
13 1 5
13 2 1
13 3 7
13 4 3
13 5 7
13 6 3
13 7 5
13 8 5
13 9 7
13 10 2
13 11 1
13 12 6
14 0 1
14 1 1
14 2 5
14 3 4
14 4 6
14 5 1
14 6 5
14 7 2
14 8 5
14 9 1
14 10 6
14 11 7
14 12 6
14 13 1
15 0 4
15 1 4
15 2 6
15 3 3
15 4 1
15 5 1
15 6 2
15 7 3
15 8 2
15 9 1
15 10 6
15 11 7
15 12 1
15 13 2
15 14 5
16 0 4
16 1 6
16 2 5
16 3 7
16 4 3
16 5 7
16 6 6
16 7 4
16 8 2
16 9 2
16 10 2
16 11 6
16 12 4
16 13 6
16 14 3
16 15 2
17 0 2
17 1 7
17 2 4
17 3 6
17 4 4
17 5 4
17 6 6
17 7 7
17 8 2
17 9 4
17 10 5
17 11 6
17 12 2
17 13 5
17 14 5
17 15 6
17 16 3
18 0 6
18 1 3
18 2 5
18 3 3
18 4 2
18 5 4
18 6 1
18 7 1
18 8 5
18 9 3
18 10 3
18 11 1
18 12 7
18 13 5
18 14 5
18 15 5
18 16 7
18 17 4
19 0 2
19 1 3
19 2 2
19 3 4
19 4 1
19 5 7
19 6 3
19 7 6
19 8 7
19 9 4
19 10 1
19 11 2
19 12 1
19 13 4
19 14 1
19 15 5
19 16 2
19 17 4
19 18 6
20 0 5
20 1 1
20 2 5
20 3 5
20 4 2
20 5 1
20 6 7
20 7 4
20 8 6
20 9 4
20 10 1
20 11 4
20 12 2
20 13 2
20 14 7
20 15 2
20 16 5
20 17 4
20 18 1
20 19 3
21 0 6
21 1 4
21 2 3
21 3 7
21 4 5
21 5 6
21 6 5
21 7 5
21 8 6
21 9 3
21 10 5
21 11 3
21 12 6
21 13 4
21 14 1
21 15 2
21 16 1
21 17 7
21 18 7
21 19 6
21 20 4
22 0 5
22 1 5
22 2 1
22 3 6
22 4 4
22 5 7
22 6 6
22 7 1
22 8 5
22 9 3
22 10 7
22 11 3
22 12 3
22 13 3
22 14 7
22 15 2
22 16 1
22 17 2
22 18 3
22 19 7
22 20 7
22 21 5
23 0 7
23 1 7
23 2 7
23 3 7
23 4 2
23 5 4
23 6 2
23 7 3
23 8 1
23 9 6
23 10 4
23 11 7
23 12 6
23 13 5
23 14 4
23 15 4
23 16 1
23 17 6
23 18 5
23 19 5
23 20 5
23 21 2
23 22 1
24 0 6
24 1 4
24 2 1
24 3 1
24 4 2
24 5 3
24 6 3
24 7 7
24 8 3
24 9 2
24 10 5
24 11 6
24 12 6
24 13 3
24 14 2
24 15 4
24 16 5
24 17 1
24 18 3
24 19 5
24 20 4
24 21 2
24 22 2
24 23 2
25 0 4
25 1 2
25 2 4
25 3 4
25 4 7
25 5 1
25 6 6
25 7 1
25 8 5
25 9 3
25 10 3
25 11 1
25 12 6
25 13 7
25 14 6
25 15 4
25 16 2
25 17 7
25 18 2
25 19 2
25 20 1
25 21 7
25 22 3
25 23 1
25 24 5
26 0 6
26 1 4
26 2 5
26 3 1
26 4 5
26 5 7
26 6 3
26 7 4
26 8 5
26 9 7
26 10 7
26 11 3
26 12 4
26 13 3
26 14 5
26 15 2
26 16 5
26 17 2
26 18 3
26 19 1
26 20 6
26 21 6
26 22 3
26 23 3
26 24 5
26 25 5
27 0 3
27 1 5
27 2 6
27 3 2
27 4 7
27 5 6
27 6 6
27 7 5
27 8 6
27 9 4
27 10 6
27 11 5
27 12 2
27 13 3
27 14 5
27 15 1
27 16 5
27 17 5
27 18 1
27 19 4
27 20 3
27 21 1
27 22 6
27 23 5
27 24 7
27 25 2
27 26 6
28 0 5
28 1 4
28 2 4
28 3 6
28 4 2
28 5 6
28 6 3
28 7 2
28 8 3
28 9 4
28 10 3
28 11 2
28 12 4
28 13 6
28 14 6
28 15 4
28 16 5
28 17 1
28 18 4
28 19 1
28 20 7
28 21 6
28 22 2
28 23 1
28 24 3
28 25 3
28 26 6
28 27 4
29 0 3
29 1 5
29 2 5
29 3 6
29 4 2
29 5 5
29 6 3
29 7 4
29 8 1
29 9 5
29 10 2
29 11 6
29 12 2
29 13 3
29 14 6
29 15 1
29 16 5
29 17 7
29 18 6
29 19 4
29 20 5
29 21 1
29 22 1
29 23 1
29 24 1
29 25 6
29 26 6
29 27 7
29 28 3
30 0 5
30 1 4
30 2 5
30 3 1
30 4 2
30 5 6
30 6 6
30 7 5
30 8 1
30 9 4
30 10 1
30 11 3
30 12 5
30 13 3
30 14 2
30 15 4
30 16 2
30 17 1
30 18 6
30 19 3
30 20 2
30 21 4
30 22 5
30 23 5
30 24 4
30 25 5
30 26 3
30 27 7
30 28 6
30 29 1
31 0 1
31 1 4
31 2 4
31 3 7
31 4 2
31 5 7
31 6 7
31 7 5
31 8 2
31 9 3
31 10 4
31 11 6
31 12 6
31 13 7
31 14 5
31 15 4
31 16 4
31 17 5
31 18 3
31 19 5
31 20 2
31 21 1
31 22 7
31 23 5
31 24 5
31 25 1
31 26 3
31 27 2
31 28 3
31 29 4
31 30 2
32 0 5
32 1 5
32 2 6
32 3 3
32 4 7
32 5 4
32 6 1
32 7 1
32 8 4
32 9 1
32 10 3
32 11 3
32 12 7
32 13 1
32 14 6
32 15 4
32 16 1
32 17 2
32 18 2
32 19 6
32 20 4
32 21 2
32 22 1
32 23 5
32 24 5
32 25 1
32 26 5
32 27 1
32 28 4
32 29 3
32 30 5
32 31 6
33 0 7
33 1 2
33 2 6
33 3 4
33 4 6
33 5 5
33 6 7
33 7 2
33 8 7
33 9 1
33 10 4
33 11 4
33 12 2
33 13 6
33 14 3
33 15 3
33 16 6
33 17 3
33 18 7
33 19 6
33 20 4
33 21 5
33 22 6
33 23 5
33 24 2
33 25 2
33 26 3
33 27 1
33 28 1
33 29 7
33 30 3
33 31 5
33 32 5
34 0 6
34 1 7
34 2 3
34 3 3
34 4 4
34 5 7
34 6 5
34 7 6
34 8 4
34 9 7
34 10 1
34 11 4
34 12 2
34 13 7
34 14 7
34 15 1
34 16 7
34 17 7
34 18 6
34 19 7
34 20 6
34 21 2
34 22 2
34 23 3
34 24 4
34 25 1
34 26 4
34 27 2
34 28 5
34 29 6
34 30 2
34 31 6
34 32 1
34 33 1
35 0 1
35 1 1
35 2 6
35 3 4
35 4 3
35 5 3
35 6 7
35 7 3
35 8 6
35 9 4
35 10 1
35 11 5
35 12 4
35 13 5
35 14 7
35 15 7
35 16 1
35 17 4
35 18 3
35 19 5
35 20 6
35 21 5
35 22 6
35 23 1
35 24 5
35 25 4
35 26 3
35 27 7
35 28 6
35 29 3
35 30 2
35 31 2
35 32 1
35 33 2
35 34 1
36 0 6
36 1 4
36 2 6
36 3 6
36 4 7
36 5 5
36 6 3
36 7 1
36 8 1
36 9 1
36 10 6
36 11 7
36 12 3
36 13 4
36 14 5
36 15 2
36 16 5
36 17 4
36 18 7
36 19 3
36 20 4
36 21 2
36 22 4
36 23 4
36 24 5
36 25 2
36 26 1
36 27 3
36 28 2
36 29 1
36 30 5
36 31 2
36 32 5
36 33 6
36 34 4
36 35 6
37 0 7
37 1 5
37 2 6
37 3 3
37 4 1
37 5 7
37 6 2
37 7 4
37 8 2
37 9 5
37 10 2
37 11 5
37 12 6
37 13 2
37 14 1
37 15 7
37 16 5
37 17 3
37 18 7
37 19 5
37 20 2
37 21 2
37 22 3
37 23 3
37 24 5
37 25 1
37 26 5
37 27 1
37 28 6
37 29 2
37 30 7
37 31 3
37 32 3
37 33 4
37 34 7
37 35 1
37 36 6
38 0 2
38 1 4
38 2 7
38 3 6
38 4 2
38 5 1
38 6 1
38 7 1
38 8 7
38 9 4
38 10 7
38 11 3
38 12 2
38 13 6
38 14 3
38 15 5
38 16 4
38 17 6
38 18 7
38 19 6
38 20 2
38 21 1
38 22 1
38 23 3
38 24 3
38 25 5
38 26 2
38 27 2
38 28 4
38 29 3
38 30 3
38 31 1
38 32 1
38 33 6
38 34 7
38 35 7
38 36 6
38 37 7
39 0 7
39 1 6
39 2 5
39 3 4
39 4 5
39 5 3
39 6 3
39 7 1
39 8 7
39 9 7
39 10 7
39 11 3
39 12 4
39 13 2
39 14 6
39 15 4
39 16 7
39 17 2
39 18 5
39 19 4
39 20 5
39 21 6
39 22 5
39 23 6
39 24 6
39 25 4
39 26 3
39 27 4
39 28 6
39 29 5
39 30 1
39 31 3
39 32 6
39 33 6
39 34 5
39 35 4
39 36 2
39 37 7
39 38 5
40 0 5
40 1 7
40 2 6
40 3 3
40 4 5
40 5 3
40 6 3
40 7 5
40 8 4
40 9 5
40 10 5
40 11 1
40 12 4
40 13 2
40 14 3
40 15 3
40 16 7
40 17 5
40 18 7
40 19 1
40 20 1
40 21 7
40 22 6
40 23 1
40 24 1
40 25 2
40 26 1
40 27 5
40 28 1
40 29 3
40 30 2
40 31 6
40 32 3
40 33 6
40 34 4
40 35 6
40 36 2
40 37 6
40 38 6
40 39 7
41 0 2
41 1 3
41 2 5
41 3 6
41 4 3
41 5 7
41 6 4
41 7 6
41 8 7
41 9 1
41 10 6
41 11 3
41 12 5
41 13 4
41 14 4
41 15 2
41 16 3
41 17 7
41 18 7
41 19 6
41 20 7
41 21 5
41 22 4
41 23 5
41 24 3
41 25 3
41 26 7
41 27 3
41 28 7
41 29 3
41 30 4
41 31 4
41 32 2
41 33 7
41 34 2
41 35 4
41 36 1
41 37 4
41 38 7
41 39 2
41 40 4
42 0 3
42 1 2
42 2 1
42 3 1
42 4 3
42 5 2
42 6 2
42 7 3
42 8 1
42 9 3
42 10 6
42 11 7
42 12 1
42 13 7
42 14 3
42 15 7
42 16 7
42 17 5
42 18 6
42 19 7
42 20 5
42 21 1
42 22 5
42 23 1
42 24 4
42 25 3
42 26 6
42 27 3
42 28 5
42 29 7
42 30 5
42 31 5
42 32 2
42 33 2
42 34 6
42 35 6
42 36 2
42 37 6
42 38 4
42 39 2
42 40 2
42 41 7
43 0 7
43 1 7
43 2 6
43 3 2
43 4 5
43 5 6
43 6 7
43 7 6
43 8 1
43 9 2
43 10 7
43 11 2
43 12 1
43 13 4
43 14 7
43 15 7
43 16 6
43 17 5
43 18 5
43 19 2
43 20 3
43 21 3
43 22 6
43 23 3
43 24 1
43 25 1
43 26 3
43 27 3
43 28 4
43 29 2
43 30 5
43 31 5
43 32 5
43 33 6
43 34 6
43 35 1
43 36 1
43 37 1
43 38 5
43 39 3
43 40 6
43 41 2
43 42 4
