58
1 0 18
3 0 19
3 1 34
4 0 12
4 1 25
4 2 21
5 0 19
5 4 32
6 1 31
6 2 35
6 4 44
7 3 17
7 5 11
7 6 1
8 0 37
8 1 12
8 3 49
8 4 14
8 5 40
8 6 18
8 7 26
9 5 5
9 7 10
10 0 5
10 2 38
10 3 11
10 7 46
10 9 47
11 0 5
11 1 34
11 2 46
11 8 5
11 10 52
12 0 29
12 1 44
12 3 45
12 4 49
12 6 19
12 11 1
13 1 33
13 3 12
13 6 7
13 7 8
13 8 25
14 1 16
14 2 7
14 7 17
14 9 20
15 0 42
15 2 20
15 6 19
15 8 37
15 12 2
15 13 37
15 14 9
16 1 8
16 3 49
16 5 37
16 6 40
16 7 21
16 9 41
16 14 3
16 15 18
17 2 33
17 3 9
17 4 7
17 5 17
17 6 48
17 7 4
17 9 28
17 10 34
17 12 16
17 13 30
17 14 26
17 16 17
18 0 9
18 1 43
18 2 48
18 3 43
18 5 41
18 6 24
18 7 5
18 13 42
18 16 18
18 17 8
19 4 1
19 6 17
19 8 6
19 9 22
19 10 35
19 12 23
19 13 17
19 15 34
19 18 14
20 0 52
20 1 1
20 4 47
20 5 1
20 7 40
20 8 4
20 11 42
20 14 7
20 15 43
20 16 28
20 18 19
20 19 8
21 0 6
21 1 8
21 2 25
21 3 43
21 5 15
21 7 2
21 8 41
21 9 51
21 12 47
21 14 39
21 17 18
21 20 10
22 1 12
22 2 17
22 4 52
22 7 7
22 11 11
22 12 21
22 15 2
22 16 39
22 17 7
22 19 5
22 21 5
23 1 28
23 3 48
23 7 20
23 9 18
23 10 9
23 14 21
23 15 15
23 18 45
23 20 32
23 21 49
24 0 26
24 1 33
24 4 1
24 5 12
24 8 35
24 10 37
24 12 1
24 15 22
24 19 5
24 22 15
25 3 1
25 4 8
25 6 21
25 7 25
25 9 41
25 11 31
25 13 47
25 19 22
25 20 1
25 22 16
25 23 19
26 0 33
26 2 49
26 3 43
26 4 39
26 7 35
26 11 6
26 12 21
26 13 47
26 16 21
26 17 6
26 18 20
26 21 49
26 23 21
26 24 2
26 25 36
27 0 51
27 1 4
27 4 32
27 5 3
27 7 3
27 8 50
27 9 45
27 11 45
27 12 34
27 13 50
27 14 3
27 17 51
27 18 17
27 20 16
27 21 20
27 22 11
27 24 2
27 26 7
28 0 3
28 1 21
28 2 1
28 3 33
28 4 3
28 5 25
28 6 3
28 8 37
28 9 29
28 11 33
28 12 17
28 13 16
28 14 43
28 16 48
28 17 36
28 18 20
28 19 29
28 20 16
28 25 52
29 1 47
29 2 25
29 3 23
29 4 50
29 5 28
29 6 24
29 8 36
29 10 41
29 11 30
29 12 12
29 15 5
29 16 4
29 20 31
29 21 25
29 22 3
29 25 34
30 0 26
30 1 19
30 3 33
30 4 18
30 5 3
30 6 40
30 9 28
30 10 41
30 15 25
30 16 14
30 17 51
30 19 38
30 20 27
30 22 22
30 24 38
30 26 24
30 27 22
30 28 26
30 29 37
31 0 38
31 5 24
31 9 9
31 10 40
31 12 30
31 20 38
31 21 43
31 26 8
32 3 37
32 4 25
32 6 1
32 7 6
32 8 44
32 11 30
32 12 49
32 13 10
32 15 47
32 17 31
32 19 33
32 20 11
32 21 22
32 23 28
32 24 17
32 25 40
32 27 39
32 28 51
32 29 48
33 1 2
33 3 25
33 5 51
33 8 13
33 11 49
33 18 28
33 19 7
33 23 26
33 24 49
33 25 9
33 26 21
33 28 22
33 29 9
33 30 41
33 31 47
33 32 49
34 0 34
34 2 49
34 9 4
34 12 4
34 16 52
34 17 42
34 22 39
34 23 8
34 24 25
34 31 46
34 32 22
34 33 46
35 0 45
35 2 24
35 3 1
35 4 23
35 5 35
35 6 47
35 8 36
35 10 47
35 11 43
35 12 33
35 14 17
35 16 40
35 18 21
35 19 29
35 20 26
35 25 48
35 26 1
35 27 23
35 28 23
35 33 9
35 34 25
36 2 45
36 3 29
36 6 48
36 7 22
36 12 40
36 14 20
36 15 46
36 17 12
36 19 12
36 20 51
36 22 48
36 24 22
36 27 21
36 28 50
36 29 27
37 0 3
37 3 11
37 8 52
37 12 13
37 13 45
37 14 47
37 15 18
37 17 39
37 18 29
37 19 11
37 25 29
37 26 35
37 28 41
37 34 48
38 0 32
38 2 17
38 5 23
38 9 33
38 10 35
38 11 18
38 13 5
38 18 30
38 20 22
38 22 41
38 23 10
38 27 37
38 29 50
38 34 39
38 35 11
38 36 30
38 37 9
39 0 25
39 1 29
39 2 24
39 3 47
39 4 52
39 8 39
39 10 48
39 11 20
39 12 45
39 13 33
39 15 15
39 17 24
39 18 42
39 19 39
39 21 4
39 24 9
39 25 21
39 27 2
39 31 14
39 32 39
39 33 23
39 36 50
40 1 45
40 3 19
40 4 18
40 5 30
40 8 28
40 9 41
40 10 17
40 12 48
40 14 50
40 15 39
40 19 8
40 20 43
40 21 28
40 22 32
40 23 14
40 24 6
40 25 7
40 28 21
40 31 7
40 34 50
40 36 46
40 37 48
40 39 41
41 0 43
41 1 21
41 4 38
41 5 1
41 8 40
41 11 5
41 12 23
41 14 26
41 20 14
41 21 12
41 22 5
41 23 10
41 29 29
41 33 8
41 35 22
41 37 11
41 40 36
42 6 17
42 9 15
42 10 47
42 11 47
42 13 51
42 17 34
42 22 12
42 24 7
42 25 34
42 28 16
42 31 28
42 33 7
42 34 24
42 36 4
42 38 25
42 40 49
42 41 37
43 0 1
43 1 1
43 7 4
43 8 37
43 9 13
43 10 1
43 12 14
43 13 43
43 14 2
43 16 48
43 18 2
43 19 44
43 23 10
43 26 31
43 27 3
43 29 2
43 30 12
43 31 40
43 32 25
43 33 14
43 34 5
43 35 3
43 37 8
43 38 16
43 42 3
44 0 9
44 1 33
44 2 43
44 3 42
44 6 50
44 10 5
44 11 13
44 13 4
44 16 4
44 18 4
44 19 19
44 20 42
44 21 9
44 22 44
44 23 30
44 24 9
44 28 28
44 29 34
44 31 1
44 35 37
44 36 24
44 38 48
44 40 45
44 41 26
44 42 32
45 0 38
45 2 25
45 3 27
45 4 20
45 5 21
45 6 33
45 8 9
45 9 12
45 12 1
45 13 14
45 15 14
45 17 19
45 18 41
45 19 31
45 21 8
45 23 3
45 25 15
45 28 2
45 31 46
45 32 17
45 34 38
45 37 37
45 38 38
45 39 1
45 40 18
45 42 31
45 43 45
46 6 52
46 8 10
46 9 10
46 10 5
46 12 34
46 13 6
46 14 37
46 17 35
46 19 50
46 20 15
46 21 13
46 27 9
46 28 4
46 29 1
46 30 3
46 31 16
46 33 32
46 36 21
46 37 34
46 38 50
46 41 48
46 42 43
46 43 34
46 44 24
46 45 3
47 2 49
47 3 28
47 5 19
47 8 36
47 9 26
47 10 12
47 12 14
47 14 11
47 15 17
47 18 44
47 20 26
47 21 23
47 22 41
47 24 52
47 26 30
47 27 28
47 28 3
47 30 9
47 33 19
47 39 48
47 40 49
47 42 29
47 45 26
47 46 29
48 1 14
48 2 51
48 3 14
48 5 28
48 8 32
48 9 1
48 11 1
48 12 4
48 14 42
48 17 18
48 20 24
48 21 42
48 22 10
48 24 39
48 27 12
48 29 5
48 31 20
48 32 48
48 33 5
48 34 50
48 37 6
48 38 25
48 40 45
48 43 25
48 46 31
48 47 23
49 0 24
49 1 4
49 3 46
49 4 42
49 5 20
49 7 37
49 9 35
49 10 31
49 13 49
49 14 3
49 15 35
49 16 27
49 17 35
49 19 38
49 22 18
49 23 37
49 25 17
49 26 34
49 27 36
49 28 22
49 29 43
49 30 31
49 31 7
49 35 37
49 36 5
49 37 20
49 39 42
49 40 49
49 42 47
49 43 21
49 48 23
50 0 4
50 1 20
50 2 17
50 4 36
50 5 45
50 6 39
50 7 27
50 10 37
50 11 29
50 12 52
50 13 22
50 17 23
50 19 23
50 20 21
50 24 24
50 26 43
50 28 38
50 29 50
50 32 41
50 34 4
50 36 28
50 37 36
50 39 41
50 40 23
50 41 46
50 44 12
50 46 31
50 47 44
50 48 8
51 1 11
51 4 46
51 5 51
51 7 31
51 11 52
51 12 14
51 13 46
51 15 14
51 16 4
51 17 40
51 19 18
51 20 34
51 21 36
51 26 18
51 30 35
51 31 40
51 32 50
51 33 12
51 35 34
51 36 38
51 44 44
51 45 4
51 47 28
51 48 45
51 49 30
51 50 23
52 2 38
52 3 38
52 7 18
52 9 6
52 10 43
52 12 18
52 13 25
52 14 42
52 15 18
52 18 39
52 21 26
52 22 24
52 23 36
52 25 51
52 26 31
52 27 37
52 28 7
52 33 48
52 34 43
52 35 36
52 39 3
52 40 42
52 42 46
52 43 18
52 44 29
52 49 47
52 50 21
52 51 30
53 0 2
53 1 22
53 2 25
53 3 10
53 5 6
53 7 44
53 14 4
53 16 46
53 17 33
53 20 42
53 21 23
53 22 11
53 25 24
53 27 14
53 32 17
53 34 40
53 36 20
53 38 12
53 40 26
53 42 46
53 43 32
53 44 22
53 47 49
53 49 2
53 51 14
53 52 12
54 0 26
54 2 8
54 3 27
54 6 4
54 9 13
54 10 32
54 11 41
54 12 29
54 14 48
54 15 3
54 16 43
54 17 3
54 20 4
54 23 29
54 25 11
54 26 28
54 27 32
54 30 15
54 31 27
54 32 15
54 35 21
54 36 10
54 37 25
54 38 30
54 40 5
54 41 36
54 42 41
54 43 35
54 46 19
54 47 44
54 51 42
54 52 39
55 0 23
55 3 5
55 5 8
55 6 22
55 9 47
55 11 1
55 12 37
55 13 43
55 14 50
55 16 21
55 17 45
55 18 8
55 19 38
55 20 5
55 21 42
55 25 33
55 27 14
55 29 19
55 32 30
55 36 21
55 40 39
55 43 37
55 44 3
55 45 22
55 46 8
55 47 1
55 48 38
55 49 31
55 50 18
55 51 29
55 52 17
55 53 37
55 54 24
56 0 8
56 2 5
56 4 40
56 6 28
56 9 40
56 10 3
56 12 38
56 14 1
56 15 7
56 19 40
56 21 52
56 22 52
56 26 44
56 27 40
56 31 37
56 33 33
56 37 4
56 38 41
56 39 47
56 40 49
56 41 14
56 45 19
56 46 34
56 47 5
56 48 45
56 49 38
56 52 35
56 53 16
56 54 40
56 55 49
57 0 37
57 1 32
57 2 38
57 3 23
57 4 48
57 5 3
57 7 34
57 9 29
57 10 20
57 12 11
57 13 3
57 14 15
57 23 11
57 24 49
57 27 52
57 32 37
57 36 52
57 37 30
57 38 27
57 39 36
57 40 35
57 44 13
57 47 9
57 48 31
57 51 14
57 52 20
57 53 44
57 56 48
