40
2 1 24
3 0 21
3 1 25
4 1 24
4 3 1
5 1 29
5 2 30
5 3 32
5 4 26
6 2 10
6 3 32
6 4 30
6 5 19
7 0 1
7 1 16
7 2 13
7 3 1
7 4 8
7 5 10
8 0 28
8 3 4
8 5 4
8 7 23
9 3 8
9 4 35
9 5 12
9 8 10
10 0 26
10 1 36
10 4 18
10 9 1
11 1 5
11 2 31
11 3 29
11 4 31
11 6 13
11 7 29
11 8 31
12 7 9
12 8 9
12 9 21
12 10 35
13 0 36
13 2 30
13 5 4
13 6 25
13 10 23
13 12 29
14 1 32
14 2 16
14 3 24
14 4 9
14 5 17
14 6 1
14 8 19
14 9 10
14 13 30
15 3 6
15 5 33
15 8 34
15 9 9
15 12 29
16 0 9
16 1 19
16 4 10
16 5 13
16 6 28
16 8 31
16 10 1
16 15 21
17 3 24
17 6 4
17 9 22
17 11 1
17 14 7
17 16 3
18 0 9
18 1 6
18 2 9
18 3 26
18 6 21
18 14 30
18 16 19
19 0 31
19 5 11
19 8 31
19 13 14
19 14 16
19 18 5
20 0 4
20 3 16
20 7 26
20 8 15
20 9 32
20 10 31
20 12 28
20 15 2
20 17 32
20 18 31
21 0 30
21 2 3
21 8 9
21 9 4
21 10 28
21 11 6
21 12 35
21 16 1
21 20 10
22 1 22
22 5 9
22 6 25
22 9 30
22 11 9
22 12 16
22 13 35
22 14 32
22 15 36
22 16 24
22 17 3
22 18 4
22 19 27
22 20 35
23 0 25
23 2 22
23 3 7
23 4 7
23 6 2
23 10 7
23 11 7
23 12 36
23 13 24
23 14 5
23 16 17
23 17 33
23 18 23
23 19 3
23 22 18
24 1 4
24 2 2
24 3 6
24 5 7
24 8 27
24 9 18
24 11 19
24 12 2
24 15 16
24 17 33
24 18 8
24 20 16
24 21 11
24 22 30
24 23 12
25 0 2
25 2 23
25 3 15
25 4 25
25 6 25
25 8 34
25 10 33
25 11 13
25 12 27
25 13 33
25 14 16
25 15 35
25 21 13
25 23 17
26 1 17
26 7 25
26 8 14
26 9 36
26 13 13
26 14 7
26 15 33
26 17 22
26 20 20
26 21 17
26 22 19
26 23 16
26 24 3
27 1 9
27 7 30
27 9 5
27 11 23
27 13 16
27 14 17
27 16 13
27 19 28
27 22 17
27 23 20
27 24 28
27 25 10
27 26 22
28 0 32
28 3 19
28 4 16
28 9 21
28 14 36
28 15 33
28 16 5
28 17 35
28 18 21
28 22 16
28 23 28
28 24 7
28 26 18
29 0 10
29 1 3
29 2 5
29 3 10
29 4 18
29 5 18
29 6 1
29 7 2
29 8 24
29 9 2
29 12 19
29 14 17
29 15 8
29 18 9
29 19 35
29 20 25
29 22 25
29 23 14
29 24 10
29 25 3
29 26 10
29 27 12
29 28 26
30 4 35
30 6 1
30 8 31
30 9 31
30 13 36
30 15 1
30 17 2
30 24 33
30 28 11
30 29 17
31 0 26
31 2 28
31 3 19
31 4 33
31 6 13
31 7 26
31 8 35
31 10 14
31 11 22
31 12 8
31 14 26
31 18 4
31 19 31
31 20 16
31 21 32
31 23 2
31 27 27
31 29 26
31 30 11
32 0 12
32 1 4
32 3 3
32 6 23
32 8 14
32 14 7
32 17 24
32 18 14
32 19 26
32 21 36
32 25 1
32 27 6
33 1 8
33 4 18
33 5 36
33 7 20
33 8 18
33 11 4
33 12 11
33 14 25
33 18 3
33 19 34
33 22 16
33 23 29
33 24 3
33 26 36
33 28 30
33 29 21
33 30 13
33 31 19
34 4 25
34 6 8
34 9 35
34 10 1
34 11 32
34 14 27
34 16 31
34 17 10
34 18 2
34 20 11
34 22 16
34 25 6
34 27 13
35 0 27
35 4 3
35 6 29
35 7 8
35 8 7
35 10 21
35 11 4
35 12 23
35 16 18
35 17 7
35 19 20
35 21 4
35 22 4
35 23 23
35 24 15
35 26 18
35 27 31
35 28 32
35 29 33
35 30 18
35 32 11
35 33 1
35 34 18
36 0 26
36 2 21
36 5 24
36 6 10
36 7 21
36 10 4
36 11 24
36 12 26
36 13 16
36 14 31
36 20 28
36 21 6
36 23 2
36 25 2
36 27 2
36 30 4
36 33 25
37 1 35
37 4 13
37 5 19
37 6 19
37 7 15
37 12 28
37 15 28
37 16 3
37 17 22
37 19 1
37 21 28
37 22 12
37 28 13
37 34 21
37 36 34
38 0 1
38 2 1
38 3 27
38 4 35
38 6 19
38 7 9
38 8 23
38 9 17
38 10 15
38 11 14
38 12 10
38 13 7
38 17 8
38 18 16
38 19 35
38 20 34
38 21 28
38 22 10
38 24 31
38 25 8
38 26 23
38 29 5
38 31 31
38 35 33
38 37 28
39 0 33
39 4 20
39 7 22
39 8 20
39 10 13
39 11 19
39 12 10
39 15 32
39 16 1
39 17 12
39 18 9
39 23 21
39 25 4
39 26 24
39 33 16
39 36 21
39 37 9
39 38 19
