33
1 0 8
2 0 10
2 1 3
3 0 3
3 1 7
3 2 8
4 0 1
4 1 6
4 2 7
4 3 2
5 0 7
5 1 1
5 2 5
5 3 4
5 4 1
6 0 9
6 1 1
6 2 1
6 3 1
6 4 6
6 5 5
7 0 3
7 1 9
7 2 5
7 3 8
7 4 6
7 5 10
7 6 9
8 0 7
8 1 8
8 2 8
8 3 5
8 4 7
8 5 6
8 6 2
8 7 6
9 0 6
9 1 3
9 2 8
9 3 6
9 4 9
9 5 9
9 6 6
9 7 10
9 8 9
10 0 4
10 1 1
10 2 9
10 3 10
10 4 9
10 5 7
10 6 8
10 7 5
10 8 1
10 9 3
11 0 3
11 1 1
11 2 5
11 3 3
11 4 1
11 5 6
11 6 10
11 7 10
11 8 2
11 9 1
11 10 8
12 0 2
12 1 4
12 2 9
12 3 4
12 4 7
12 5 6
12 6 7
12 7 6
12 8 2
12 9 5
12 10 5
12 11 3
13 0 9
13 1 7
13 2 5
13 3 3
13 4 10
13 5 1
13 6 3
13 7 4
13 8 10
13 9 9
13 10 2
13 11 6
13 12 2
14 0 3
14 1 2
14 2 1
14 3 4
14 4 8
14 5 3
14 6 3
14 7 4
14 8 7
14 9 2
14 10 2
14 11 9
14 12 7
14 13 9
15 0 1
15 1 5
15 2 7
15 3 2
15 4 10
15 5 9
15 6 8
15 7 6
15 8 7
15 9 8
15 10 4
15 11 8
15 12 6
15 13 8
15 14 3
16 0 10
16 1 10
16 2 7
16 3 2
16 4 10
16 5 10
16 6 8
16 7 4
16 8 5
16 9 8
16 10 10
16 11 3
16 12 7
16 13 5
16 14 5
16 15 3
17 0 8
17 1 2
17 2 1
17 3 2
17 4 3
17 5 5
17 6 3
17 7 2
17 8 6
17 9 6
17 10 4
17 11 7
17 12 7
17 13 8
17 14 9
17 15 5
17 16 4
18 0 8
18 1 4
18 2 2
18 3 7
18 4 9
18 5 4
18 6 7
18 7 4
18 8 10
18 9 9
18 10 10
18 11 3
18 12 10
18 13 4
18 14 4
18 15 6
18 16 7
18 17 4
19 0 5
19 1 8
19 2 6
19 3 6
19 4 8
19 5 9
19 6 6
19 7 10
19 8 1
19 9 9
19 10 4
19 11 7
19 12 7
19 13 5
19 14 2
19 15 3
19 16 8
19 17 10
19 18 1
20 0 10
20 1 6
20 2 6
20 3 1
20 4 6
20 5 1
20 6 10
20 7 7
20 8 3
20 9 6
20 10 5
20 11 9
20 12 7
20 13 1
20 14 8
20 15 8
20 16 8
20 17 7
20 18 5
20 19 9
21 0 1
21 1 9
21 2 5
21 3 3
21 4 5
21 5 6
21 6 1
21 7 2
21 8 6
21 9 3
21 10 8
21 11 5
21 12 2
21 13 2
21 14 3
21 15 10
21 16 2
21 17 1
21 18 9
21 19 3
21 20 7
22 0 1
22 1 3
22 2 1
22 3 9
22 4 2
22 5 5
22 6 8
22 7 7
22 8 4
22 9 4
22 10 6
22 11 9
22 12 6
22 13 7
22 14 9
22 15 3
22 16 7
22 17 5
22 18 6
22 19 5
22 20 3
22 21 10
23 0 6
23 1 8
23 2 4
23 3 3
23 4 2
23 5 7
23 6 8
23 7 2
23 8 4
23 9 10
23 10 10
23 11 5
23 12 2
23 13 10
23 14 3
23 15 7
23 16 7
23 17 2
23 18 3
23 19 8
23 20 6
23 21 10
23 22 3
24 0 4
24 1 8
24 2 7
24 3 5
24 4 4
24 5 3
24 6 9
24 7 6
24 8 1
24 9 3
24 10 4
24 11 6
24 12 8
24 13 10
24 14 10
24 15 7
24 16 4
24 17 4
24 18 6
24 19 4
24 20 5
24 21 7
24 22 4
24 23 2
25 0 2
25 1 4
25 2 5
25 3 4
25 4 1
25 5 6
25 6 5
25 7 7
25 8 10
25 9 9
25 10 7
25 11 9
25 12 8
25 13 9
25 14 1
25 15 4
25 16 10
25 17 5
25 18 7
25 19 6
25 20 8
25 21 7
25 22 10
25 23 3
25 24 8
26 0 6
26 1 4
26 2 3
26 3 10
26 4 5
26 5 4
26 6 8
26 7 7
26 8 7
26 9 5
26 10 6
26 11 6
26 12 6
26 13 5
26 14 9
26 15 1
26 16 5
26 17 1
26 18 3
26 19 4
26 20 4
26 21 9
26 22 3
26 23 2
26 24 10
26 25 2
27 0 7
27 1 4
27 2 8
27 3 9
27 4 3
27 5 5
27 6 6
27 7 3
27 8 1
27 9 3
27 10 7
27 11 8
27 12 7
27 13 4
27 14 7
27 15 9
27 16 7
27 17 4
27 18 7
27 19 10
27 20 8
27 21 7
27 22 8
27 23 8
27 24 1
27 25 7
27 26 10
28 0 2
28 1 5
28 2 8
28 3 3
28 4 9
28 5 7
28 6 3
28 7 5
28 8 1
28 9 8
28 10 9
28 11 3
28 12 7
28 13 3
28 14 5
28 15 1
28 16 10
28 17 10
28 18 1
28 19 1
28 20 7
28 21 10
28 22 3
28 23 1
28 24 8
28 25 7
28 26 4
28 27 2
29 0 1
29 1 8
29 2 5
29 3 1
29 4 5
29 5 2
29 6 1
29 7 4
29 8 1
29 9 6
29 10 5
29 11 6
29 12 4
29 13 7
29 14 1
29 15 6
29 16 8
29 17 7
29 18 8
29 19 2
29 20 8
29 21 3
29 22 9
29 23 5
29 24 4
29 25 4
29 26 2
29 27 7
29 28 10
30 0 1
30 1 6
30 2 5
30 3 2
30 4 5
30 5 1
30 6 8
30 7 2
30 8 9
30 9 6
30 10 3
30 11 5
30 12 5
30 13 3
30 14 5
30 15 9
30 16 2
30 17 5
30 18 2
30 19 9
30 20 10
30 21 7
30 22 1
30 23 7
30 24 3
30 25 6
30 26 4
30 27 3
30 28 7
30 29 10
31 0 9
31 1 10
31 2 3
31 3 10
31 4 10
31 5 8
31 6 8
31 7 6
31 8 9
31 9 1
31 10 4
31 11 8
31 12 3
31 13 2
31 14 2
31 15 10
31 16 6
31 17 9
31 18 4
31 19 3
31 20 4
31 21 5
31 22 2
31 23 7
31 24 10
31 25 3
31 26 5
31 27 9
31 28 9
31 29 4
31 30 9
32 0 8
32 1 5
32 2 1
32 3 5
32 4 7
32 5 4
32 6 4
32 7 5
32 8 2
32 9 3
32 10 1
32 11 6
32 12 5
32 13 2
32 14 5
32 15 2
32 16 6
32 17 2
32 18 8
32 19 5
32 20 3
32 21 8
32 22 9
32 23 1
32 24 8
32 25 3
32 26 7
32 27 2
32 28 2
32 29 7
32 30 5
32 31 4
