65
1 0 37
2 0 33
2 1 29
3 0 7
3 1 23
3 2 27
4 0 37
4 1 22
4 2 2
4 3 1
5 0 24
5 1 2
5 2 31
5 3 31
5 4 36
6 0 34
6 1 37
6 2 35
6 3 13
6 4 8
6 5 14
7 0 7
7 1 14
7 2 13
7 3 26
7 4 22
7 5 8
7 6 23
8 0 21
8 1 1
8 2 16
8 3 31
8 4 1
8 5 33
8 6 11
8 7 25
9 0 23
9 1 7
9 2 13
9 3 13
9 4 17
9 5 32
9 6 38
9 7 28
9 8 28
10 0 31
10 1 28
10 2 38
10 3 23
10 4 23
10 5 31
10 6 17
10 7 15
10 8 30
10 9 34
11 0 15
11 1 19
11 2 16
11 3 23
11 4 31
11 5 22
11 6 15
11 7 11
11 8 2
11 9 29
11 10 11
12 0 11
12 1 20
12 2 3
12 3 1
12 4 16
12 5 17
12 6 12
12 7 26
12 8 34
12 9 10
12 10 31
12 11 3
13 0 16
13 1 25
13 2 10
13 3 35
13 4 6
13 5 26
13 6 9
13 7 32
13 8 13
13 9 36
13 10 4
13 11 19
13 12 11
14 0 26
14 1 24
14 2 22
14 3 4
14 4 34
14 5 8
14 6 9
14 7 16
14 8 19
14 9 28
14 10 22
14 11 38
14 12 17
14 13 21
15 0 7
15 1 8
15 2 32
15 3 36
15 4 18
15 5 2
15 6 11
15 7 31
15 8 23
15 9 2
15 10 32
15 11 3
15 12 18
15 13 30
15 14 21
16 0 25
16 1 22
16 2 26
16 3 11
16 4 28
16 5 35
16 6 35
16 7 22
16 8 14
16 9 18
16 10 36
16 11 15
16 12 1
16 13 23
16 14 17
16 15 1
17 0 33
17 1 20
17 2 16
17 3 38
17 4 38
17 5 25
17 6 28
17 7 6
17 8 25
17 9 31
17 10 33
17 11 15
17 12 16
17 13 37
17 14 31
17 15 9
17 16 21
18 0 22
18 1 32
18 2 13
18 3 16
18 4 11
18 5 30
18 6 17
18 7 12
18 8 35
18 9 31
18 10 33
18 11 9
18 12 32
18 13 22
18 14 25
18 15 26
18 16 32
18 17 24
19 0 10
19 1 34
19 2 25
19 3 20
19 4 29
19 5 28
19 6 21
19 7 22
19 8 30
19 9 1
19 10 15
19 11 20
19 12 36
19 13 22
19 14 9
19 15 17
19 16 27
19 17 29
19 18 27
20 0 33
20 1 14
20 2 4
20 3 5
20 4 22
20 5 32
20 6 17
20 7 19
20 8 29
20 9 36
20 10 11
20 11 32
20 12 26
20 13 18
20 14 24
20 15 13
20 16 23
20 17 22
20 18 23
20 19 11
21 0 32
21 1 2
21 2 2
21 3 36
21 4 20
21 5 7
21 6 31
21 7 24
21 8 34
21 9 36
21 10 16
21 11 30
21 12 10
21 13 17
21 14 37
21 15 31
21 16 17
21 17 2
21 18 21
21 19 28
21 20 35
22 0 14
22 1 31
22 2 12
22 3 2
22 4 20
22 5 14
22 6 37
22 7 4
22 8 15
22 9 13
22 10 18
22 11 38
22 12 11
22 13 37
22 14 26
22 15 4
22 16 16
22 17 25
22 18 25
22 19 12
22 20 32
22 21 26
23 0 12
23 1 10
23 2 14
23 3 8
23 4 18
23 5 16
23 6 24
23 7 14
23 8 13
23 9 23
23 10 22
23 11 12
23 12 26
23 13 37
23 14 27
23 15 11
23 16 27
23 17 14
23 18 37
23 19 28
23 20 37
23 21 5
23 22 8
24 0 24
24 1 38
24 2 2
24 3 29
24 4 37
24 5 22
24 6 21
24 7 35
24 8 21
24 9 29
24 10 9
24 11 2
24 12 12
24 13 32
24 14 9
24 15 21
24 16 22
24 17 5
24 18 36
24 19 6
24 20 25
24 21 17
24 22 14
24 23 16
25 0 31
25 1 10
25 2 33
25 3 19
25 4 10
25 5 28
25 6 5
25 7 28
25 8 13
25 9 1
25 10 33
25 11 12
25 12 2
25 13 23
25 14 7
25 15 37
25 16 24
25 17 33
25 18 27
25 19 5
25 20 36
25 21 16
25 22 14
25 23 7
25 24 34
26 0 21
26 1 31
26 2 38
26 3 28
26 4 33
26 5 2
26 6 21
26 7 22
26 8 8
26 9 7
26 10 6
26 11 1
26 12 11
26 13 24
26 14 15
26 15 34
26 16 13
26 17 29
26 18 33
26 19 22
26 20 13
26 21 25
26 22 24
26 23 9
26 24 1
26 25 15
27 0 20
27 1 37
27 2 4
27 3 5
27 4 36
27 5 33
27 6 6
27 7 25
27 8 34
27 9 15
27 10 11
27 11 23
27 12 3
27 13 15
27 14 28
27 15 7
27 16 27
27 17 34
27 18 6
27 19 5
27 20 36
27 21 19
27 22 16
27 23 21
27 24 14
27 25 32
27 26 14
28 0 8
28 1 33
28 2 19
28 3 1
28 4 10
28 5 33
28 6 21
28 7 21
28 8 28
28 9 23
28 10 7
28 11 7
28 12 30
28 13 1
28 14 20
28 15 35
28 16 17
28 17 23
28 18 15
28 19 2
28 20 33
28 21 35
28 22 21
28 23 23
28 24 37
28 25 37
28 26 36
28 27 6
29 0 33
29 1 16
29 2 20
29 3 30
29 4 1
29 5 22
29 6 11
29 7 16
29 8 16
29 9 7
29 10 3
29 11 32
29 12 6
29 13 2
29 14 18
29 15 3
29 16 6
29 17 22
29 18 37
29 19 6
29 20 36
29 21 33
29 22 36
29 23 35
29 24 22
29 25 5
29 26 16
29 27 35
29 28 16
30 0 7
30 1 20
30 2 15
30 3 4
30 4 34
30 5 36
30 6 28
30 7 4
30 8 36
30 9 9
30 10 4
30 11 15
30 12 13
30 13 10
30 14 38
30 15 16
30 16 24
30 17 18
30 18 1
30 19 22
30 20 8
30 21 27
30 22 8
30 23 12
30 24 10
30 25 29
30 26 11
30 27 35
30 28 31
30 29 30
31 0 7
31 1 23
31 2 10
31 3 6
31 4 20
31 5 18
31 6 12
31 7 1
31 8 34
31 9 16
31 10 9
31 11 34
31 12 33
31 13 34
31 14 20
31 15 8
31 16 16
31 17 13
31 18 31
31 19 38
31 20 17
31 21 24
31 22 20
31 23 32
31 24 24
31 25 29
31 26 17
31 27 36
31 28 26
31 29 31
31 30 3
32 0 28
32 1 22
32 2 25
32 3 4
32 4 12
32 5 36
32 6 36
32 7 23
32 8 9
32 9 1
32 10 34
32 11 4
32 12 25
32 13 34
32 14 3
32 15 34
32 16 13
32 17 22
32 18 32
32 19 25
32 20 38
32 21 22
32 22 29
32 23 30
32 24 20
32 25 31
32 26 17
32 27 28
32 28 36
32 29 32
32 30 22
32 31 10
33 0 12
33 1 4
33 2 26
33 3 20
33 4 8
33 5 21
33 6 17
33 7 15
33 8 27
33 9 21
33 10 16
33 11 8
33 12 30
33 13 13
33 14 16
33 15 1
33 16 20
33 17 14
33 18 27
33 19 14
33 20 23
33 21 36
33 22 12
33 23 10
33 24 5
33 25 21
33 26 21
33 27 30
33 28 23
33 29 6
33 30 34
33 31 13
33 32 17
34 0 2
34 1 31
34 2 29
34 3 23
34 4 16
34 5 28
34 6 28
34 7 12
34 8 1
34 9 37
34 10 28
34 11 20
34 12 30
34 13 30
34 14 20
34 15 1
34 16 28
34 17 35
34 18 30
34 19 4
34 20 37
34 21 20
34 22 31
34 23 9
34 24 21
34 25 11
34 26 38
34 27 11
34 28 14
34 29 32
34 30 21
34 31 1
34 32 16
34 33 8
35 0 35
35 1 4
35 2 7
35 3 21
35 4 19
35 5 22
35 6 26
35 7 21
35 8 1
35 9 2
35 10 34
35 11 20
35 12 16
35 13 23
35 14 10
35 15 14
35 16 38
35 17 1
35 18 17
35 19 22
35 20 18
35 21 22
35 22 37
35 23 35
35 24 5
35 25 29
35 26 33
35 27 38
35 28 36
35 29 36
35 30 25
35 31 4
35 32 24
35 33 35
35 34 26
36 0 20
36 1 37
36 2 29
36 3 2
36 4 9
36 5 34
36 6 21
36 7 31
36 8 15
36 9 31
36 10 19
36 11 21
36 12 4
36 13 29
36 14 6
36 15 4
36 16 25
36 17 36
36 18 9
36 19 1
36 20 34
36 21 31
36 22 15
36 23 16
36 24 14
36 25 31
36 26 3
36 27 38
36 28 34
36 29 18
36 30 5
36 31 15
36 32 13
36 33 16
36 34 37
36 35 11
37 0 8
37 1 13
37 2 8
37 3 28
37 4 27
37 5 15
37 6 20
37 7 34
37 8 13
37 9 5
37 10 21
37 11 3
37 12 34
37 13 6
37 14 20
37 15 12
37 16 27
37 17 1
37 18 38
37 19 23
37 20 19
37 21 14
37 22 14
37 23 5
37 24 3
37 25 23
37 26 22
37 27 2
37 28 25
37 29 20
37 30 38
37 31 35
37 32 33
37 33 1
37 34 12
37 35 18
37 36 10
38 0 36
38 1 38
38 2 28
38 3 15
38 4 37
38 5 22
38 6 20
38 7 18
38 8 26
38 9 4
38 10 23
38 11 2
38 12 28
38 13 1
38 14 13
38 15 19
38 16 3
38 17 31
38 18 23
38 19 12
38 20 8
38 21 35
38 22 3
38 23 9
38 24 37
38 25 22
38 26 10
38 27 27
38 28 31
38 29 9
38 30 38
38 31 16
38 32 32
38 33 33
38 34 7
38 35 31
38 36 16
38 37 38
39 0 4
39 1 28
39 2 18
39 3 36
39 4 6
39 5 31
39 6 13
39 7 20
39 8 18
39 9 38
39 10 14
39 11 22
39 12 20
39 13 18
39 14 2
39 15 27
39 16 10
39 17 33
39 18 1
39 19 11
39 20 38
39 21 20
39 22 10
39 23 16
39 24 34
39 25 7
39 26 27
39 27 28
39 28 24
39 29 11
39 30 19
39 31 35
39 32 19
39 33 37
39 34 8
39 35 18
39 36 15
39 37 5
39 38 6
40 0 5
40 1 11
40 2 13
40 3 5
40 4 33
40 5 35
40 6 27
40 7 38
40 8 14
40 9 3
40 10 19
40 11 35
40 12 21
40 13 23
40 14 10
40 15 6
40 16 19
40 17 37
40 18 4
40 19 28
40 20 29
40 21 6
40 22 34
40 23 24
40 24 31
40 25 38
40 26 29
40 27 34
40 28 17
40 29 14
40 30 13
40 31 5
40 32 9
40 33 37
40 34 14
40 35 5
40 36 6
40 37 14
40 38 14
40 39 25
41 0 10
41 1 18
41 2 7
41 3 23
41 4 29
41 5 3
41 6 9
41 7 6
41 8 12
41 9 29
41 10 17
41 11 18
41 12 34
41 13 8
41 14 32
41 15 4
41 16 25
41 17 37
41 18 26
41 19 16
41 20 4
41 21 11
41 22 6
41 23 7
41 24 32
41 25 10
41 26 27
41 27 26
41 28 3
41 29 18
41 30 6
41 31 26
41 32 26
41 33 7
41 34 7
41 35 1
41 36 11
41 37 11
41 38 38
41 39 5
41 40 33
42 0 2
42 1 6
42 2 4
42 3 28
42 4 37
42 5 28
42 6 27
42 7 34
42 8 17
42 9 24
42 10 1
42 11 7
42 12 3
42 13 21
42 14 33
42 15 28
42 16 33
42 17 23
42 18 5
42 19 19
42 20 18
42 21 3
42 22 21
42 23 37
42 24 14
42 25 38
42 26 33
42 27 18
42 28 22
42 29 17
42 30 33
42 31 17
42 32 14
42 33 32
42 34 9
42 35 26
42 36 3
42 37 21
42 38 7
42 39 16
42 40 23
42 41 26
43 0 36
43 1 34
43 2 35
43 3 33
43 4 30
43 5 17
43 6 3
43 7 4
43 8 12
43 9 21
43 10 27
43 11 19
43 12 36
43 13 16
43 14 4
43 15 10
43 16 37
43 17 25
43 18 11
43 19 34
43 20 18
43 21 22
43 22 23
43 23 34
43 24 6
43 25 33
43 26 36
43 27 22
43 28 29
43 29 29
43 30 13
43 31 7
43 32 29
43 33 1
43 34 27
43 35 31
43 36 8
43 37 11
43 38 9
43 39 36
43 40 8
43 41 26
43 42 5
44 0 8
44 1 13
44 2 15
44 3 37
44 4 38
44 5 35
44 6 10
44 7 12
44 8 38
44 9 2
44 10 5
44 11 20
44 12 19
44 13 22
44 14 11
44 15 19
44 16 21
44 17 30
44 18 34
44 19 28
44 20 28
44 21 5
44 22 33
44 23 26
44 24 22
44 25 24
44 26 17
44 27 13
44 28 28
44 29 14
44 30 24
44 31 34
44 32 15
44 33 18
44 34 14
44 35 20
44 36 18
44 37 19
44 38 31
44 39 22
44 40 33
44 41 3
44 42 12
44 43 7
45 0 24
45 1 4
45 2 28
45 3 19
45 4 23
45 5 3
45 6 18
45 7 28
45 8 10
45 9 7
45 10 15
45 11 33
45 12 26
45 13 7
45 14 33
45 15 19
45 16 33
45 17 21
45 18 20
45 19 34
45 20 25
45 21 37
45 22 34
45 23 33
45 24 10
45 25 12
45 26 35
45 27 25
45 28 3
45 29 37
45 30 26
45 31 23
45 32 5
45 33 28
45 34 34
45 35 12
45 36 15
45 37 25
45 38 29
45 39 17
45 40 3
45 41 4
45 42 5
45 43 27
45 44 10
46 0 11
46 1 18
46 2 20
46 3 23
46 4 6
46 5 34
46 6 10
46 7 6
46 8 30
46 9 26
46 10 4
46 11 15
46 12 10
46 13 14
46 14 7
46 15 28
46 16 29
46 17 7
46 18 11
46 19 26
46 20 14
46 21 13
46 22 8
46 23 2
46 24 4
46 25 25
46 26 34
46 27 32
46 28 25
46 29 13
46 30 18
46 31 32
46 32 3
46 33 3
46 34 16
46 35 2
46 36 29
46 37 24
46 38 32
46 39 21
46 40 31
46 41 23
46 42 37
46 43 7
46 44 4
46 45 2
47 0 18
47 1 14
47 2 15
47 3 10
47 4 24
47 5 33
47 6 18
47 7 25
47 8 3
47 9 10
47 10 8
47 11 30
47 12 16
47 13 24
47 14 26
47 15 35
47 16 35
47 17 21
47 18 1
47 19 16
47 20 34
47 21 11
47 22 28
47 23 6
47 24 32
47 25 1
47 26 14
47 27 30
47 28 14
47 29 18
47 30 36
47 31 7
47 32 3
47 33 7
47 34 17
47 35 29
47 36 22
47 37 9
47 38 16
47 39 11
47 40 30
47 41 8
47 42 16
47 43 19
47 44 11
47 45 37
47 46 26
48 0 21
48 1 27
48 2 4
48 3 16
48 4 9
48 5 38
48 6 13
48 7 27
48 8 13
48 9 12
48 10 12
48 11 28
48 12 20
48 13 29
48 14 18
48 15 30
48 16 6
48 17 8
48 18 34
48 19 22
48 20 2
48 21 5
48 22 10
48 23 7
48 24 29
48 25 35
48 26 29
48 27 19
48 28 32
48 29 6
48 30 32
48 31 14
48 32 24
48 33 38
48 34 30
48 35 36
48 36 11
48 37 21
48 38 7
48 39 3
48 40 20
48 41 25
48 42 33
48 43 24
48 44 17
48 45 32
48 46 37
48 47 5
49 0 23
49 1 12
49 2 32
49 3 3
49 4 38
49 5 30
49 6 19
49 7 31
49 8 22
49 9 3
49 10 13
49 11 32
49 12 26
49 13 23
49 14 29
49 15 4
49 16 13
49 17 38
49 18 19
49 19 4
49 20 13
49 21 26
49 22 32
49 23 25
49 24 26
49 25 5
49 26 26
49 27 34
49 28 16
49 29 2
49 30 8
49 31 15
49 32 21
49 33 26
49 34 3
49 35 14
49 36 3
49 37 8
49 38 16
49 39 34
49 40 14
49 41 23
49 42 3
49 43 9
49 44 28
49 45 28
49 46 30
49 47 18
49 48 27
50 0 14
50 1 32
50 2 35
50 3 11
50 4 15
50 5 14
50 6 1
50 7 11
50 8 19
50 9 18
50 10 32
50 11 27
50 12 1
50 13 1
50 14 19
50 15 12
50 16 34
50 17 9
50 18 24
50 19 13
50 20 25
50 21 24
50 22 8
50 23 30
50 24 1
50 25 30
50 26 10
50 27 20
50 28 25
50 29 19
50 30 34
50 31 23
50 32 38
50 33 5
50 34 12
50 35 3
50 36 5
50 37 33
50 38 8
50 39 19
50 40 17
50 41 23
50 42 36
50 43 33
50 44 7
50 45 31
50 46 14
50 47 20
50 48 14
50 49 28
51 0 7
51 1 15
51 2 21
51 3 31
51 4 7
51 5 24
51 6 21
51 7 36
51 8 32
51 9 18
51 10 38
51 11 3
51 12 38
51 13 29
51 14 9
51 15 13
51 16 25
51 17 31
51 18 7
51 19 23
51 20 7
51 21 1
51 22 5
51 23 10
51 24 9
51 25 35
51 26 11
51 27 21
51 28 22
51 29 11
51 30 33
51 31 27
51 32 6
51 33 22
51 34 2
51 35 29
51 36 17
51 37 33
51 38 28
51 39 33
51 40 30
51 41 33
51 42 20
51 43 16
51 44 12
51 45 33
51 46 25
51 47 11
51 48 16
51 49 30
51 50 14
52 0 36
52 1 13
52 2 13
52 3 30
52 4 13
52 5 36
52 6 10
52 7 35
52 8 37
52 9 26
52 10 4
52 11 5
52 12 4
52 13 35
52 14 34
52 15 17
52 16 16
52 17 11
52 18 26
52 19 32
52 20 21
52 21 14
52 22 38
52 23 19
52 24 37
52 25 25
52 26 20
52 27 19
52 28 20
52 29 22
52 30 16
52 31 18
52 32 16
52 33 4
52 34 20
52 35 6
52 36 21
52 37 36
52 38 28
52 39 1
52 40 14
52 41 36
52 42 37
52 43 11
52 44 23
52 45 27
52 46 1
52 47 33
52 48 36
52 49 14
52 50 16
52 51 18
53 0 35
53 1 28
53 2 3
53 3 17
53 4 37
53 5 31
53 6 12
53 7 8
53 8 17
53 9 8
53 10 18
53 11 29
53 12 30
53 13 14
53 14 19
53 15 3
53 16 16
53 17 13
53 18 29
53 19 17
53 20 30
53 21 29
53 22 12
53 23 16
53 24 31
53 25 2
53 26 16
53 27 27
53 28 26
53 29 38
53 30 26
53 31 4
53 32 26
53 33 20
53 34 14
53 35 17
53 36 11
53 37 35
53 38 31
53 39 35
53 40 10
53 41 37
53 42 34
53 43 24
53 44 38
53 45 5
53 46 32
53 47 2
53 48 13
53 49 38
53 50 6
53 51 19
53 52 1
54 0 7
54 1 4
54 2 6
54 3 5
54 4 15
54 5 13
54 6 5
54 7 10
54 8 36
54 9 15
54 10 23
54 11 15
54 12 18
54 13 5
54 14 33
54 15 23
54 16 3
54 17 25
54 18 3
54 19 5
54 20 26
54 21 35
54 22 37
54 23 12
54 24 36
54 25 38
54 26 25
54 27 24
54 28 2
54 29 14
54 30 17
54 31 26
54 32 19
54 33 35
54 34 6
54 35 35
54 36 22
54 37 31
54 38 28
54 39 20
54 40 28
54 41 28
54 42 27
54 43 22
54 44 28
54 45 27
54 46 28
54 47 15
54 48 36
54 49 22
54 50 35
54 51 3
54 52 33
54 53 5
55 0 33
55 1 10
55 2 19
55 3 9
55 4 8
55 5 18
55 6 15
55 7 16
55 8 38
55 9 2
55 10 30
55 11 33
55 12 22
55 13 15
55 14 14
55 15 27
55 16 35
55 17 27
55 18 12
55 19 12
55 20 24
55 21 25
55 22 24
55 23 20
55 24 16
55 25 35
55 26 3
55 27 13
55 28 38
55 29 5
55 30 7
55 31 17
55 32 37
55 33 27
55 34 4
55 35 25
55 36 8
55 37 2
55 38 12
55 39 35
55 40 37
55 41 14
55 42 12
55 43 25
55 44 29
55 45 31
55 46 1
55 47 29
55 48 19
55 49 11
55 50 20
55 51 38
55 52 21
55 53 1
55 54 1
56 0 6
56 1 1
56 2 12
56 3 25
56 4 34
56 5 28
56 6 7
56 7 3
56 8 9
56 9 8
56 10 33
56 11 11
56 12 11
56 13 35
56 14 19
56 15 37
56 16 5
56 17 26
56 18 27
56 19 9
56 20 28
56 21 23
56 22 14
56 23 31
56 24 25
56 25 12
56 26 8
56 27 25
56 28 7
56 29 7
56 30 5
56 31 37
56 32 12
56 33 37
56 34 21
56 35 35
56 36 12
56 37 36
56 38 11
56 39 10
56 40 8
56 41 3
56 42 13
56 43 9
56 44 38
56 45 31
56 46 38
56 47 34
56 48 38
56 49 22
56 50 37
56 51 1
56 52 4
56 53 8
56 54 13
56 55 19
57 0 36
57 1 21
57 2 30
57 3 36
57 4 23
57 5 9
57 6 15
57 7 5
57 8 36
57 9 23
57 10 23
57 11 26
57 12 36
57 13 13
57 14 15
57 15 10
57 16 20
57 17 18
57 18 6
57 19 15
57 20 27
57 21 11
57 22 30
57 23 21
57 24 6
57 25 27
57 26 4
57 27 2
57 28 22
57 29 13
57 30 38
57 31 36
57 32 7
57 33 20
57 34 29
57 35 9
57 36 19
57 37 2
57 38 12
57 39 16
57 40 5
57 41 21
57 42 10
57 43 37
57 44 10
57 45 6
57 46 25
57 47 33
57 48 34
57 49 35
57 50 29
57 51 1
57 52 10
57 53 36
57 54 6
57 55 33
57 56 1
58 0 11
58 1 35
58 2 1
58 3 25
58 4 36
58 5 27
58 6 23
58 7 35
58 8 1
58 9 13
58 10 10
58 11 23
58 12 38
58 13 19
58 14 16
58 15 12
58 16 18
58 17 16
58 18 16
58 19 2
58 20 19
58 21 8
58 22 30
58 23 18
58 24 13
58 25 6
58 26 24
58 27 21
58 28 13
58 29 19
58 30 31
58 31 27
58 32 7
58 33 9
58 34 24
58 35 25
58 36 31
58 37 1
58 38 2
58 39 27
58 40 34
58 41 8
58 42 18
58 43 8
58 44 5
58 45 26
58 46 2
58 47 6
58 48 14
58 49 34
58 50 34
58 51 14
58 52 4
58 53 16
58 54 6
58 55 37
58 56 18
58 57 30
59 0 22
59 1 19
59 2 16
59 3 15
59 4 31
59 5 8
59 6 19
59 7 36
59 8 3
59 9 25
59 10 36
59 11 22
59 12 20
59 13 8
59 14 22
59 15 25
59 16 11
59 17 6
59 18 25
59 19 28
59 20 37
59 21 24
59 22 13
59 23 20
59 24 36
59 25 24
59 26 27
59 27 28
59 28 35
59 29 27
59 30 13
59 31 25
59 32 23
59 33 3
59 34 2
59 35 20
59 36 16
59 37 10
59 38 4
59 39 35
59 40 18
59 41 22
59 42 7
59 43 8
59 44 16
59 45 5
59 46 26
59 47 16
59 48 32
59 49 32
59 50 18
59 51 28
59 52 6
59 53 3
59 54 33
59 55 12
59 56 18
59 57 21
59 58 22
60 0 34
60 1 22
60 2 22
60 3 36
60 4 14
60 5 12
60 6 17
60 7 20
60 8 33
60 9 26
60 10 21
60 11 5
60 12 6
60 13 19
60 14 9
60 15 26
60 16 37
60 17 35
60 18 10
60 19 18
60 20 36
60 21 16
60 22 13
60 23 27
60 24 37
60 25 18
60 26 9
60 27 23
60 28 11
60 29 3
60 30 9
60 31 8
60 32 30
60 33 23
60 34 4
60 35 27
60 36 5
60 37 30
60 38 30
60 39 6
60 40 21
60 41 33
60 42 24
60 43 18
60 44 28
60 45 35
60 46 12
60 47 20
60 48 5
60 49 16
60 50 25
60 51 14
60 52 8
60 53 37
60 54 13
60 55 10
60 56 38
60 57 5
60 58 9
60 59 26
61 0 22
61 1 29
61 2 9
61 3 23
61 4 23
61 5 36
61 6 18
61 7 37
61 8 29
61 9 2
61 10 23
61 11 31
61 12 1
61 13 31
61 14 36
61 15 18
61 16 37
61 17 3
61 18 17
61 19 5
61 20 11
61 21 3
61 22 18
61 23 21
61 24 34
61 25 27
61 26 10
61 27 11
61 28 24
61 29 12
61 30 23
61 31 14
61 32 22
61 33 14
61 34 19
61 35 38
61 36 29
61 37 24
61 38 24
61 39 24
61 40 30
61 41 21
61 42 17
61 43 14
61 44 1
61 45 24
61 46 35
61 47 9
61 48 9
61 49 16
61 50 9
61 51 36
61 52 11
61 53 16
61 54 3
61 55 17
61 56 14
61 57 22
61 58 7
61 59 30
61 60 1
62 0 22
62 1 16
62 2 23
62 3 29
62 4 3
62 5 20
62 6 15
62 7 5
62 8 11
62 9 7
62 10 18
62 11 15
62 12 33
62 13 8
62 14 12
62 15 23
62 16 2
62 17 37
62 18 12
62 19 7
62 20 2
62 21 8
62 22 30
62 23 14
62 24 29
62 25 4
62 26 8
62 27 25
62 28 30
62 29 37
62 30 4
62 31 26
62 32 20
62 33 8
62 34 16
62 35 35
62 36 3
62 37 9
62 38 35
62 39 30
62 40 23
62 41 19
62 42 38
62 43 20
62 44 2
62 45 38
62 46 9
62 47 8
62 48 3
62 49 20
62 50 9
62 51 26
62 52 11
62 53 1
62 54 22
62 55 3
62 56 32
62 57 19
62 58 16
62 59 23
62 60 16
62 61 12
63 0 19
63 1 17
63 2 9
63 3 2
63 4 25
63 5 2
63 6 35
63 7 6
63 8 20
63 9 10
63 10 36
63 11 31
63 12 26
63 13 33
63 14 11
63 15 10
63 16 16
63 17 23
63 18 20
63 19 3
63 20 34
63 21 33
63 22 6
63 23 11
63 24 25
63 25 16
63 26 11
63 27 16
63 28 16
63 29 30
63 30 33
63 31 23
63 32 22
63 33 22
63 34 32
63 35 23
63 36 10
63 37 17
63 38 9
63 39 13
63 40 17
63 41 20
63 42 32
63 43 4
63 44 25
63 45 35
63 46 14
63 47 27
63 48 9
63 49 2
63 50 18
63 51 7
63 52 11
63 53 9
63 54 34
63 55 30
63 56 21
63 57 30
63 58 6
63 59 19
63 60 37
63 61 24
63 62 17
64 0 6
64 1 37
64 2 31
64 3 2
64 4 3
64 5 2
64 6 27
64 7 2
64 8 17
64 9 29
64 10 37
64 11 21
64 12 10
64 13 6
64 14 2
64 15 6
64 16 18
64 17 33
64 18 10
64 19 34
64 20 20
64 21 33
64 22 20
64 23 22
64 24 13
64 25 10
64 26 3
64 27 20
64 28 23
64 29 28
64 30 14
64 31 31
64 32 7
64 33 28
64 34 12
64 35 24
64 36 15
64 37 3
64 38 31
64 39 21
64 40 30
64 41 34
64 42 16
64 43 20
64 44 38
64 45 5
64 46 14
64 47 12
64 48 2
64 49 26
64 50 15
64 51 2
64 52 36
64 53 7
64 54 33
64 55 21
64 56 37
64 57 38
64 58 25
64 59 34
64 60 4
64 61 31
64 62 5
64 63 25
