16
1 0 1
2 0 3
2 1 4
3 0 2
3 1 3
3 2 5
4 0 3
4 1 5
4 2 2
4 3 3
5 0 5
5 1 3
5 2 4
5 3 3
5 4 2
6 0 4
6 1 3
6 2 5
6 3 3
6 4 4
6 5 2
7 0 4
7 1 3
7 2 1
7 3 5
7 4 2
7 5 5
7 6 3
8 0 4
8 1 5
8 2 3
8 3 1
8 4 3
8 5 3
8 6 1
8 7 2
9 0 4
9 1 3
9 2 3
9 3 3
9 4 5
9 5 4
9 6 5
9 7 1
9 8 5
10 0 1
10 1 2
10 2 5
10 3 3
10 4 1
10 5 2
10 6 3
10 7 2
10 8 5
10 9 1
11 0 2
11 1 4
11 2 4
11 3 5
11 4 3
11 5 2
11 6 5
11 7 5
11 8 2
11 9 3
11 10 5
12 0 2
12 1 2
12 2 2
12 3 2
12 4 4
12 5 2
12 6 4
12 7 1
12 8 2
12 9 2
12 10 2
12 11 3
13 0 5
13 1 4
13 2 2
13 3 3
13 4 3
13 5 3
13 6 3
13 7 4
13 8 1
13 9 3
13 10 5
13 11 5
13 12 5
14 0 3
14 1 2
14 2 3
14 3 1
14 4 2
14 5 3
14 6 4
14 7 1
14 8 1
14 9 3
14 10 5
14 11 2
14 12 1
14 13 1
15 0 4
15 1 5
15 2 1
15 3 1
15 4 5
15 5 5
15 6 4
15 7 5
15 8 5
15 9 3
15 10 4
15 11 1
15 12 4
15 13 4
15 14 5
