40
1 0 5
2 0 3
2 1 4
3 0 1
3 1 5
3 2 2
4 0 1
4 1 5
4 2 1
4 3 6
5 0 1
5 1 6
5 2 4
5 3 2
5 4 6
6 0 6
6 1 4
6 2 5
6 3 5
6 4 6
6 5 3
7 0 2
7 1 2
7 2 3
7 3 3
7 4 3
7 5 2
7 6 5
8 0 2
8 1 6
8 2 1
8 3 4
8 4 1
8 5 4
8 6 2
8 7 2
9 0 1
9 1 4
9 2 1
9 3 2
9 4 6
9 5 1
9 6 6
9 7 2
9 8 4
10 0 4
10 1 4
10 2 4
10 3 5
10 4 3
10 5 6
10 6 3
10 7 2
10 8 5
10 9 6
11 0 6
11 1 3
11 2 3
11 3 2
11 4 6
11 5 5
11 6 4
11 7 1
11 8 1
11 9 6
11 10 5
12 0 5
12 1 2
12 2 3
12 3 1
12 4 4
12 5 5
12 6 6
12 7 3
12 8 2
12 9 3
12 10 1
12 11 6
13 0 5
13 1 2
13 2 1
13 3 6
13 4 6
13 5 5
13 6 2
13 7 3
13 8 2
13 9 3
13 10 5
13 11 2
13 12 1
14 0 2
14 1 1
14 2 1
14 3 3
14 4 2
14 5 2
14 6 2
14 7 6
14 8 3
14 9 3
14 10 6
14 11 6
14 12 5
14 13 4
15 0 2
15 1 3
15 2 5
15 3 6
15 4 4
15 5 4
15 6 5
15 7 5
15 8 6
15 9 6
15 10 4
15 11 4
15 12 3
15 13 1
15 14 6
16 0 6
16 1 5
16 2 4
16 3 6
16 4 3
16 5 4
16 6 4
16 7 4
16 8 2
16 9 2
16 10 2
16 11 2
16 12 5
16 13 3
16 14 5
16 15 4
17 0 2
17 1 5
17 2 1
17 3 3
17 4 1
17 5 3
17 6 3
17 7 4
17 8 4
17 9 6
17 10 3
17 11 2
17 12 5
17 13 1
17 14 6
17 15 2
17 16 4
18 0 5
18 1 1
18 2 2
18 3 3
18 4 6
18 5 1
18 6 4
18 7 2
18 8 4
18 9 1
18 10 1
18 11 1
18 12 4
18 13 4
18 14 2
18 15 6
18 16 5
18 17 5
19 0 2
19 1 2
19 2 3
19 3 5
19 4 2
19 5 4
19 6 5
19 7 6
19 8 4
19 9 5
19 10 6
19 11 1
19 12 6
19 13 6
19 14 4
19 15 4
19 16 2
19 17 3
19 18 5
20 0 1
20 1 6
20 2 1
20 3 4
20 4 5
20 5 1
20 6 5
20 7 3
20 8 4
20 9 1
20 10 3
20 11 5
20 12 2
20 13 2
20 14 2
20 15 6
20 16 4
20 17 3
20 18 5
20 19 4
21 0 6
21 1 4
21 2 4
21 3 3
21 4 1
21 5 5
21 6 2
21 7 4
21 8 3
21 9 1
21 10 4
21 11 6
21 12 6
21 13 4
21 14 2
21 15 5
21 16 5
21 17 6
21 18 1
21 19 5
21 20 2
22 0 6
22 1 2
22 2 4
22 3 4
22 4 4
22 5 4
22 6 2
22 7 6
22 8 1
22 9 6
22 10 3
22 11 2
22 12 6
22 13 1
22 14 2
22 15 3
22 16 6
22 17 6
22 18 1
22 19 6
22 20 6
22 21 1
23 0 4
23 1 5
23 2 2
23 3 5
23 4 5
23 5 2
23 6 3
23 7 1
23 8 1
23 9 4
23 10 6
23 11 6
23 12 5
23 13 2
23 14 5
23 15 5
23 16 2
23 17 1
23 18 2
23 19 2
23 20 4
23 21 5
23 22 3
24 0 6
24 1 1
24 2 5
24 3 5
24 4 2
24 5 6
24 6 6
24 7 6
24 8 3
24 9 6
24 10 3
24 11 1
24 12 6
24 13 3
24 14 3
24 15 6
24 16 6
24 17 6
24 18 3
24 19 3
24 20 3
24 21 3
24 22 5
24 23 5
25 0 2
25 1 1
25 2 3
25 3 2
25 4 4
25 5 3
25 6 1
25 7 1
25 8 3
25 9 6
25 10 4
25 11 2
25 12 6
25 13 1
25 14 5
25 15 2
25 16 2
25 17 1
25 18 5
25 19 1
25 20 6
25 21 2
25 22 3
25 23 4
25 24 1
26 0 5
26 1 1
26 2 5
26 3 3
26 4 2
26 5 2
26 6 6
26 7 5
26 8 3
26 9 6
26 10 5
26 11 2
26 12 1
26 13 4
26 14 5
26 15 1
26 16 4
26 17 5
26 18 6
26 19 3
26 20 2
26 21 6
26 22 1
26 23 5
26 24 4
26 25 5
27 0 3
27 1 1
27 2 5
27 3 2
27 4 4
27 5 2
27 6 3
27 7 1
27 8 5
27 9 6
27 10 4
27 11 4
27 12 6
27 13 1
27 14 4
27 15 4
27 16 5
27 17 5
27 18 3
27 19 1
27 20 2
27 21 6
27 22 1
27 23 5
27 24 2
27 25 2
27 26 3
28 0 4
28 1 2
28 2 5
28 3 1
28 4 6
28 5 2
28 6 6
28 7 6
28 8 5
28 9 2
28 10 1
28 11 2
28 12 1
28 13 2
28 14 5
28 15 6
28 16 2
28 17 6
28 18 4
28 19 4
28 20 1
28 21 3
28 22 2
28 23 6
28 24 5
28 25 4
28 26 5
28 27 3
29 0 4
29 1 5
29 2 1
29 3 3
29 4 2
29 5 1
29 6 6
29 7 5
29 8 3
29 9 6
29 10 3
29 11 2
29 12 1
29 13 3
29 14 1
29 15 4
29 16 4
29 17 1
29 18 6
29 19 5
29 20 5
29 21 2
29 22 3
29 23 5
29 24 6
29 25 4
29 26 4
29 27 2
29 28 5
30 0 3
30 1 3
30 2 4
30 3 4
30 4 1
30 5 1
30 6 6
30 7 5
30 8 1
30 9 4
30 10 5
30 11 6
30 12 5
30 13 1
30 14 2
30 15 3
30 16 1
30 17 5
30 18 2
30 19 4
30 20 4
30 21 3
30 22 5
30 23 6
30 24 5
30 25 2
30 26 5
30 27 4
30 28 1
30 29 3
31 0 6
31 1 2
31 2 5
31 3 3
31 4 6
31 5 4
31 6 3
31 7 1
31 8 3
31 9 2
31 10 4
31 11 4
31 12 4
31 13 1
31 14 5
31 15 6
31 16 5
31 17 4
31 18 1
31 19 5
31 20 2
31 21 4
31 22 3
31 23 3
31 24 2
31 25 3
31 26 4
31 27 6
31 28 6
31 29 4
31 30 5
32 0 5
32 1 2
32 2 2
32 3 3
32 4 4
32 5 2
32 6 3
32 7 6
32 8 4
32 9 5
32 10 2
32 11 5
32 12 6
32 13 2
32 14 2
32 15 5
32 16 1
32 17 1
32 18 6
32 19 6
32 20 3
32 21 1
32 22 2
32 23 3
32 24 5
32 25 1
32 26 5
32 27 3
32 28 6
32 29 2
32 30 3
32 31 3
33 0 1
33 1 2
33 2 4
33 3 6
33 4 2
33 5 5
33 6 4
33 7 6
33 8 1
33 9 1
33 10 4
33 11 1
33 12 5
33 13 2
33 14 6
33 15 5
33 16 2
33 17 5
33 18 4
33 19 1
33 20 5
33 21 1
33 22 3
33 23 4
33 24 3
33 25 2
33 26 1
33 27 4
33 28 4
33 29 4
33 30 3
33 31 3
33 32 6
34 0 3
34 1 6
34 2 1
34 3 6
34 4 6
34 5 4
34 6 1
34 7 1
34 8 1
34 9 4
34 10 2
34 11 1
34 12 1
34 13 3
34 14 1
34 15 6
34 16 3
34 17 5
34 18 3
34 19 2
34 20 1
34 21 3
34 22 5
34 23 3
34 24 6
34 25 6
34 26 3
34 27 2
34 28 1
34 29 2
34 30 5
34 31 5
34 32 1
34 33 3
35 0 5
35 1 2
35 2 2
35 3 2
35 4 3
35 5 4
35 6 5
35 7 6
35 8 3
35 9 4
35 10 6
35 11 1
35 12 3
35 13 2
35 14 1
35 15 2
35 16 3
35 17 1
35 18 2
35 19 5
35 20 3
35 21 6
35 22 1
35 23 5
35 24 2
35 25 6
35 26 3
35 27 6
35 28 4
35 29 1
35 30 3
35 31 5
35 32 1
35 33 2
35 34 3
36 0 6
36 1 6
36 2 2
36 3 2
36 4 2
36 5 4
36 6 4
36 7 3
36 8 2
36 9 4
36 10 2
36 11 1
36 12 5
36 13 4
36 14 5
36 15 5
36 16 3
36 17 5
36 18 5
36 19 1
36 20 5
36 21 5
36 22 3
36 23 4
36 24 5
36 25 3
36 26 1
36 27 6
36 28 6
36 29 4
36 30 5
36 31 1
36 32 6
36 33 4
36 34 2
36 35 4
37 0 5
37 1 6
37 2 6
37 3 1
37 4 3
37 5 2
37 6 3
37 7 6
37 8 4
37 9 5
37 10 5
37 11 2
37 12 1
37 13 6
37 14 5
37 15 5
37 16 2
37 17 5
37 18 1
37 19 1
37 20 1
37 21 3
37 22 5
37 23 5
37 24 4
37 25 5
37 26 3
37 27 4
37 28 6
37 29 2
37 30 6
37 31 4
37 32 6
37 33 4
37 34 1
37 35 1
37 36 2
38 0 3
38 1 1
38 2 1
38 3 3
38 4 4
38 5 2
38 6 2
38 7 3
38 8 4
38 9 1
38 10 5
38 11 4
38 12 5
38 13 5
38 14 5
38 15 6
38 16 5
38 17 2
38 18 2
38 19 5
38 20 3
38 21 4
38 22 4
38 23 5
38 24 5
38 25 1
38 26 6
38 27 4
38 28 4
38 29 4
38 30 1
38 31 1
38 32 3
38 33 4
38 34 6
38 35 6
38 36 2
38 37 2
39 0 4
39 1 4
39 2 2
39 3 6
39 4 5
39 5 6
39 6 5
39 7 1
39 8 1
39 9 1
39 10 1
39 11 1
39 12 3
39 13 4
39 14 1
39 15 1
39 16 3
39 17 5
39 18 3
39 19 4
39 20 2
39 21 5
39 22 2
39 23 4
39 24 4
39 25 5
39 26 1
39 27 2
39 28 1
39 29 1
39 30 3
39 31 5
39 32 3
39 33 5
39 34 1
39 35 3
39 36 5
39 37 2
39 38 6
