62
1 0 56
2 0 57
2 1 65
3 2 44
4 0 8
4 1 7
4 3 39
5 0 4
5 2 45
6 1 47
6 2 13
6 3 11
6 5 63
7 0 22
7 2 48
7 3 15
7 4 66
7 5 68
8 1 46
8 3 64
8 6 42
9 1 61
9 4 54
9 5 57
9 7 2
9 8 53
10 1 48
10 2 11
10 4 10
10 5 62
10 6 41
10 8 48
11 0 41
11 6 45
11 9 24
12 1 40
12 3 29
12 5 61
12 6 33
12 7 36
12 11 69
13 0 5
13 3 47
13 7 50
13 9 40
13 11 18
14 0 68
14 1 17
14 9 7
14 12 52
15 1 13
15 2 69
15 3 24
15 5 65
15 7 50
15 10 12
15 14 18
16 0 54
16 1 30
16 2 33
16 3 29
16 5 68
16 7 58
16 8 48
16 12 38
16 14 52
16 15 36
17 1 11
17 2 46
17 8 54
17 9 52
17 10 28
17 11 42
17 12 49
17 15 37
18 2 60
18 4 5
18 6 66
18 7 55
18 9 41
18 14 31
18 15 16
19 2 9
19 3 16
19 4 40
19 5 33
19 7 6
19 11 20
19 12 57
19 17 66
20 2 11
20 5 47
20 7 37
20 8 62
20 9 43
20 11 39
20 12 11
20 13 3
20 14 16
20 16 2
20 19 3
21 0 26
21 2 48
21 6 3
21 7 11
21 10 27
21 12 28
21 14 67
21 15 68
21 17 68
21 19 52
21 20 59
22 0 19
22 3 66
22 5 46
22 6 17
22 7 32
22 10 55
22 11 63
22 14 5
22 17 56
22 18 46
22 19 44
22 20 10
23 0 9
23 3 10
23 4 8
23 6 57
23 7 35
23 9 25
23 10 50
23 11 26
23 16 40
23 18 19
23 19 48
24 0 41
24 1 33
24 2 26
24 6 4
24 14 2
24 15 10
24 16 50
24 18 45
24 19 2
24 20 22
24 23 21
25 1 2
25 2 28
25 3 1
25 7 43
25 8 16
25 10 43
25 11 67
25 12 45
25 13 20
25 14 62
25 15 24
25 17 63
25 18 52
25 20 53
25 23 40
25 24 9
26 0 49
26 2 41
26 4 62
26 8 18
26 13 60
26 14 60
26 17 56
26 18 60
26 19 13
26 20 68
26 21 9
26 24 62
26 25 16
27 0 23
27 3 54
27 5 9
27 8 10
27 11 61
27 12 21
27 14 36
27 17 22
27 19 59
27 20 20
27 21 40
27 23 39
27 24 48
27 26 2
28 1 37
28 2 53
28 3 16
28 7 31
28 10 28
28 12 45
28 18 13
28 19 8
28 20 55
28 25 48
28 26 15
28 27 49
29 0 13
29 3 38
29 10 65
29 11 1
29 12 41
29 15 18
29 17 7
29 20 11
29 22 22
29 24 42
29 27 30
30 1 25
30 2 66
30 3 12
30 4 11
30 5 22
30 7 51
30 9 48
30 10 53
30 12 55
30 14 34
30 21 32
30 22 19
30 23 67
30 24 2
30 25 12
30 27 52
31 1 50
31 2 9
31 4 15
31 6 56
31 8 19
31 11 19
31 12 52
31 13 15
31 14 66
31 16 14
31 18 41
31 19 5
31 24 5
31 25 5
31 27 11
31 28 30
31 29 35
32 0 2
32 2 35
32 3 16
32 5 62
32 7 10
32 8 33
32 10 43
32 12 59
32 13 2
32 15 37
32 16 48
32 17 23
32 18 32
32 19 67
32 20 52
32 21 32
32 25 68
32 26 47
32 28 14
32 29 36
32 31 66
33 1 23
33 3 3
33 5 17
33 8 1
33 9 46
33 10 50
33 14 21
33 16 22
33 18 14
33 20 63
33 21 13
33 22 61
33 24 41
33 26 1
33 28 41
33 30 58
33 31 68
33 32 12
34 3 33
34 5 30
34 7 36
34 9 10
34 10 38
34 12 14
34 13 63
34 14 3
34 15 60
34 16 55
34 17 44
34 19 6
34 21 66
34 24 24
34 26 51
34 27 27
34 29 26
34 31 12
34 33 52
35 1 21
35 2 8
35 3 67
35 4 66
35 5 46
35 6 35
35 7 62
35 8 65
35 12 49
35 13 24
35 14 31
35 15 47
35 17 28
35 18 9
35 19 8
35 20 49
35 23 64
35 25 23
35 27 23
35 28 55
35 29 23
35 31 11
35 33 40
36 2 68
36 8 25
36 10 21
36 12 5
36 13 14
36 14 13
36 16 34
36 21 17
36 22 16
36 23 49
36 28 1
36 29 21
36 30 28
36 31 9
36 32 38
36 34 10
36 35 63
37 0 8
37 5 33
37 6 37
37 11 52
37 13 67
37 16 43
37 18 42
37 19 10
37 22 28
37 24 50
37 25 44
37 26 22
37 27 18
37 28 19
37 29 15
37 33 27
37 34 65
37 36 5
38 0 42
38 1 49
38 4 41
38 10 9
38 13 48
38 14 6
38 23 32
38 25 33
38 26 24
38 27 27
38 32 6
38 34 34
38 36 63
39 0 35
39 3 46
39 8 37
39 10 53
39 16 32
39 19 28
39 20 41
39 21 58
39 22 57
39 23 25
39 24 61
39 28 66
39 31 38
39 33 46
39 34 68
39 35 17
39 36 48
39 37 2
39 38 49
40 3 9
40 4 8
40 5 31
40 7 43
40 8 69
40 13 7
40 14 21
40 18 35
40 19 27
40 20 28
40 21 26
40 22 53
40 23 12
40 24 24
40 27 7
40 29 39
40 31 29
40 32 14
40 33 39
40 34 58
40 35 22
40 38 50
41 2 36
41 5 44
41 9 15
41 11 49
41 12 17
41 13 6
41 14 56
41 19 33
41 20 16
41 21 68
41 26 1
41 27 12
41 28 17
41 30 57
41 33 7
41 34 6
41 35 6
41 36 27
41 38 46
41 40 6
42 0 17
42 3 7
42 6 27
42 7 17
42 8 60
42 12 59
42 16 14
42 17 57
42 19 49
42 20 35
42 28 8
42 29 14
42 31 2
42 36 40
42 38 31
42 39 58
43 0 64
43 6 58
43 7 58
43 8 11
43 14 47
43 15 3
43 16 35
43 17 37
43 18 51
43 19 44
43 23 9
43 25 68
43 35 59
43 36 30
43 37 42
43 38 36
44 0 4
44 1 40
44 3 61
44 4 21
44 5 20
44 6 31
44 7 32
44 8 16
44 15 37
44 16 40
44 20 19
44 21 44
44 23 16
44 25 6
44 26 6
44 27 38
44 29 36
44 30 12
44 31 37
44 33 44
44 34 41
44 35 65
44 40 50
45 1 55
45 3 66
45 4 21
45 5 9
45 7 66
45 8 53
45 9 17
45 10 12
45 13 32
45 15 47
45 16 40
45 18 32
45 19 32
45 20 12
45 21 25
45 22 53
45 26 57
45 31 28
45 32 18
45 36 54
45 37 22
45 38 11
45 40 49
45 42 9
46 1 20
46 5 49
46 6 17
46 9 43
46 11 6
46 14 42
46 15 29
46 16 37
46 17 67
46 18 9
46 19 30
46 20 4
46 21 53
46 23 19
46 27 48
46 29 61
46 33 7
46 35 47
46 36 59
46 42 27
46 43 66
46 44 40
47 2 49
47 6 22
47 7 57
47 8 41
47 9 55
47 12 3
47 13 11
47 15 1
47 21 68
47 22 66
47 25 34
47 27 33
47 28 64
47 29 37
47 33 22
47 34 57
47 36 19
47 41 39
48 2 8
48 3 13
48 5 29
48 6 68
48 8 41
48 9 44
48 10 14
48 15 17
48 16 14
48 18 62
48 25 16
48 26 61
48 27 31
48 30 11
48 32 67
48 33 22
48 36 56
48 39 12
48 40 37
48 42 51
48 43 36
48 45 24
48 47 68
49 1 56
49 3 22
49 5 2
49 8 11
49 9 42
49 10 42
49 12 12
49 13 61
49 19 58
49 20 69
49 21 68
49 22 4
49 25 12
49 29 33
49 30 5
49 31 66
49 32 23
49 33 60
49 34 23
49 37 8
49 38 42
49 39 59
49 41 47
49 43 14
49 44 22
49 45 67
49 46 18
50 0 54
50 1 21
50 2 20
50 3 48
50 4 8
50 6 56
50 7 12
50 11 1
50 12 57
50 14 57
50 17 7
50 18 21
50 19 30
50 20 16
50 23 26
50 25 54
50 26 38
50 27 53
50 28 25
50 33 13
50 34 23
50 35 2
50 39 39
50 41 56
50 42 69
50 43 38
50 44 26
50 47 47
51 1 7
51 2 4
51 5 27
51 6 14
51 9 65
51 13 48
51 17 35
51 20 4
51 23 47
51 25 37
51 31 34
51 32 53
51 34 29
51 35 52
51 38 1
51 42 10
51 50 13
52 3 68
52 4 4
52 7 6
52 11 18
52 13 5
52 15 35
52 23 23
52 25 48
52 26 40
52 27 36
52 29 55
52 30 4
52 31 66
52 33 12
52 37 5
52 43 59
52 48 47
52 49 34
52 50 18
52 51 16
53 0 26
53 2 38
53 4 32
53 5 36
53 9 58
53 11 12
53 16 66
53 17 58
53 18 28
53 19 59
53 23 51
53 24 61
53 26 27
53 30 67
53 33 1
53 36 42
53 37 21
53 38 1
53 40 1
53 41 24
53 42 55
53 44 57
53 45 26
53 47 39
53 48 32
53 50 49
53 52 16
54 0 2
54 1 62
54 4 48
54 7 42
54 8 55
54 10 10
54 13 29
54 16 50
54 21 54
54 22 37
54 24 44
54 28 67
54 29 21
54 42 36
54 43 25
54 45 13
54 47 57
54 49 29
54 51 23
54 52 61
54 53 3
55 0 8
55 1 22
55 3 14
55 8 31
55 9 66
55 10 9
55 13 4
55 16 40
55 17 15
55 19 60
55 20 27
55 22 57
55 23 51
55 27 53
55 30 3
55 35 25
55 40 50
55 41 50
55 45 9
55 46 3
55 48 30
55 50 37
55 52 39
55 54 13
56 5 32
56 8 2
56 10 9
56 12 29
56 13 41
56 17 60
56 18 22
56 24 57
56 25 39
56 26 65
56 30 46
56 33 58
56 37 30
56 41 29
56 44 4
56 46 44
56 47 22
56 49 35
56 51 37
56 54 6
57 1 46
57 4 55
57 5 11
57 14 53
57 15 2
57 17 5
57 18 11
57 22 16
57 25 18
57 27 57
57 29 35
57 30 33
57 32 24
57 33 43
57 34 54
57 40 29
57 41 30
57 42 5
57 45 6
57 46 5
57 48 46
57 50 3
57 55 44
57 56 23
58 0 19
58 3 13
58 4 2
58 6 14
58 7 47
58 8 35
58 10 32
58 15 22
58 17 56
58 19 20
58 24 43
58 25 53
58 28 48
58 34 61
58 35 61
58 37 64
58 38 65
58 43 40
58 44 56
58 47 52
58 48 66
58 52 35
58 53 46
58 54 24
58 55 34
58 57 46
59 0 27
59 1 32
59 2 21
59 3 46
59 7 64
59 10 16
59 14 39
59 16 31
59 19 30
59 23 55
59 24 33
59 29 21
59 34 25
59 35 65
59 36 65
59 40 30
59 42 65
59 45 45
59 46 16
59 47 1
59 48 12
59 49 66
59 50 41
59 52 16
59 55 50
59 56 53
59 57 53
59 58 29
60 0 23
60 1 16
60 4 22
60 5 24
60 6 65
60 7 24
60 9 3
60 11 40
60 13 60
60 15 68
60 16 9
60 17 17
60 19 59
60 22 69
60 26 49
60 30 11
60 31 35
60 33 31
60 35 66
60 37 35
60 38 17
60 41 37
60 43 34
60 44 57
60 45 64
60 50 21
60 51 49
60 55 2
60 57 60
60 58 37
61 1 61
61 2 61
61 4 47
61 5 14
61 6 16
61 7 10
61 11 63
61 12 17
61 13 33
61 16 26
61 18 11
61 19 42
61 20 27
61 22 50
61 25 35
61 28 3
61 29 37
61 30 62
61 31 19
61 34 56
61 38 39
61 42 31
61 43 15
61 44 16
61 45 34
61 47 32
61 51 62
61 52 68
61 55 38
61 56 17
61 57 15
61 59 12
61 60 20
