31
3 1 5
4 1 6
4 2 2
4 3 2
5 0 1
5 1 2
5 2 3
6 0 3
6 1 8
6 2 2
6 3 6
6 4 6
6 5 5
7 0 4
8 0 9
8 2 9
8 3 2
9 3 6
9 4 3
10 2 2
10 3 7
10 4 2
10 5 2
10 8 5
11 5 6
11 6 4
11 7 1
11 9 2
12 0 3
12 3 8
12 4 7
12 7 3
12 9 9
12 10 5
13 0 3
13 1 4
13 2 5
13 4 8
13 10 1
13 12 5
14 0 1
14 2 9
14 3 4
14 4 7
14 8 3
14 10 8
14 12 7
14 13 9
15 3 8
15 4 9
15 5 8
15 6 1
15 7 3
15 9 6
15 10 5
15 11 6
15 14 7
16 0 6
16 1 8
16 4 9
16 6 2
16 9 3
16 10 9
16 11 3
16 13 4
16 14 9
16 15 5
17 2 2
17 5 8
17 7 1
17 9 9
17 10 6
17 14 4
17 15 2
17 16 1
18 1 6
18 5 4
18 6 5
18 7 4
18 9 8
18 16 2
19 0 4
19 1 2
19 2 6
19 3 2
19 4 4
19 10 6
19 11 6
19 13 9
19 14 4
19 16 5
20 0 7
20 1 6
20 6 7
20 7 5
20 12 3
20 14 3
20 16 6
20 17 4
20 18 7
20 19 2
21 0 2
21 4 5
21 6 8
21 9 9
21 10 6
21 11 9
21 15 2
21 17 2
21 19 8
21 20 4
22 1 7
22 2 8
22 3 2
22 4 3
22 6 8
22 8 4
22 9 3
22 10 6
22 11 8
22 12 5
22 15 8
22 16 8
22 17 1
22 18 1
22 19 6
23 2 8
23 4 7
23 5 6
23 6 7
23 7 5
23 8 8
23 11 5
23 17 4
24 0 6
24 1 3
24 3 9
24 4 3
24 5 4
24 7 4
24 8 9
24 9 5
24 10 7
24 12 1
24 13 8
24 15 7
24 18 4
24 19 3
24 20 8
24 21 1
24 22 2
25 0 3
25 4 5
25 7 7
25 8 7
25 9 2
25 10 4
25 12 8
25 15 3
25 18 9
25 19 4
25 21 7
25 22 1
25 24 2
26 4 1
26 5 5
26 12 7
26 15 7
26 16 3
26 17 5
26 18 5
26 22 9
26 24 3
27 1 3
27 6 4
27 9 8
27 14 9
27 15 3
27 17 4
27 25 1
27 26 4
28 3 6
28 4 8
28 8 9
28 12 5
28 13 8
28 14 5
28 17 9
28 20 9
28 22 9
28 24 9
28 25 5
28 27 1
29 0 1
29 1 7
29 2 5
29 3 8
29 7 8
29 12 2
29 14 7
29 15 2
29 16 1
29 19 9
29 20 3
29 21 1
29 23 6
29 24 9
29 26 7
29 27 8
29 28 3
30 0 5
30 2 6
30 3 1
30 4 2
30 6 7
30 8 7
30 9 6
30 11 4
30 13 5
30 14 4
30 16 3
30 18 7
30 22 9
30 25 9
30 28 5
30 29 3
