67
1 0 27
2 0 16
2 1 11
3 0 37
3 1 28
3 2 34
4 0 31
4 1 1
4 2 36
4 3 6
5 0 34
5 1 45
5 2 19
5 3 33
5 4 22
6 0 5
6 1 29
6 2 24
6 3 31
6 4 6
6 5 39
7 0 5
7 1 24
7 2 13
7 3 2
7 4 41
7 5 3
7 6 26
8 0 29
8 1 4
8 2 34
8 3 44
8 4 41
8 5 26
8 6 29
8 7 7
9 0 46
9 1 43
9 2 8
9 3 12
9 4 4
9 5 28
9 6 9
9 7 13
9 8 42
10 0 45
10 1 37
10 2 30
10 3 8
10 4 30
10 5 16
10 6 38
10 7 27
10 8 12
10 9 26
11 0 39
11 1 39
11 2 37
11 3 25
11 4 24
11 5 30
11 6 4
11 7 11
11 8 16
11 9 2
11 10 34
12 0 22
12 1 16
12 2 36
12 3 11
12 4 40
12 5 1
12 6 41
12 7 24
12 8 46
12 9 7
12 10 34
12 11 11
13 0 37
13 1 33
13 2 15
13 3 40
13 4 4
13 5 16
13 6 44
13 7 5
13 8 15
13 9 27
13 10 26
13 11 7
13 12 27
14 0 4
14 1 28
14 2 8
14 3 44
14 4 24
14 5 4
14 6 29
14 7 42
14 8 5
14 9 10
14 10 23
14 11 14
14 12 20
14 13 30
15 0 27
15 1 19
15 2 18
15 3 26
15 4 13
15 5 27
15 6 19
15 7 33
15 8 34
15 9 41
15 10 13
15 11 19
15 12 41
15 13 31
15 14 44
16 0 45
16 1 19
16 2 33
16 3 21
16 4 14
16 5 39
16 6 41
16 7 42
16 8 11
16 9 3
16 10 45
16 11 28
16 12 13
16 13 21
16 14 13
16 15 28
17 0 21
17 1 26
17 2 17
17 3 25
17 4 32
17 5 17
17 6 30
17 7 32
17 8 46
17 9 37
17 10 4
17 11 10
17 12 40
17 13 40
17 14 44
17 15 46
17 16 13
18 0 5
18 1 20
18 2 16
18 3 42
18 4 6
18 5 32
18 6 11
18 7 22
18 8 42
18 9 20
18 10 33
18 11 13
18 12 39
18 13 21
18 14 40
18 15 23
18 16 15
18 17 7
19 0 6
19 1 31
19 2 10
19 3 25
19 4 22
19 5 19
19 6 39
19 7 1
19 8 2
19 9 23
19 10 16
19 11 37
19 12 27
19 13 32
19 14 2
19 15 44
19 16 41
19 17 36
19 18 27
20 0 20
20 1 40
20 2 9
20 3 19
20 4 18
20 5 5
20 6 29
20 7 27
20 8 45
20 9 38
20 10 43
20 11 6
20 12 2
20 13 36
20 14 46
20 15 17
20 16 22
20 17 35
20 18 20
20 19 1
21 0 32
21 1 2
21 2 14
21 3 41
21 4 30
21 5 20
21 6 4
21 7 18
21 8 37
21 9 44
21 10 1
21 11 30
21 12 8
21 13 39
21 14 41
21 15 7
21 16 42
21 17 21
21 18 16
21 19 44
21 20 12
22 0 29
22 1 14
22 2 30
22 3 43
22 4 20
22 5 37
22 6 8
22 7 2
22 8 42
22 9 23
22 10 45
22 11 18
22 12 2
22 13 35
22 14 21
22 15 20
22 16 18
22 17 32
22 18 43
22 19 19
22 20 14
22 21 6
23 0 30
23 1 31
23 2 2
23 3 39
23 4 16
23 5 31
23 6 24
23 7 38
23 8 31
23 9 23
23 10 5
23 11 19
23 12 10
23 13 2
23 14 16
23 15 18
23 16 46
23 17 39
23 18 32
23 19 30
23 20 1
23 21 18
23 22 28
24 0 25
24 1 28
24 2 14
24 3 24
24 4 35
24 5 4
24 6 43
24 7 28
24 8 32
24 9 3
24 10 3
24 11 18
24 12 33
24 13 46
24 14 31
24 15 20
24 16 19
24 17 7
24 18 19
24 19 39
24 20 39
24 21 43
24 22 25
24 23 21
25 0 2
25 1 21
25 2 7
25 3 20
25 4 4
25 5 15
25 6 27
25 7 6
25 8 8
25 9 29
25 10 12
25 11 11
25 12 7
25 13 9
25 14 34
25 15 36
25 16 2
25 17 29
25 18 17
25 19 46
25 20 12
25 21 44
25 22 40
25 23 32
25 24 6
26 0 25
26 1 40
26 2 20
26 3 31
26 4 42
26 5 11
26 6 19
26 7 26
26 8 19
26 9 24
26 10 14
26 11 44
26 12 1
26 13 5
26 14 2
26 15 26
26 16 29
26 17 32
26 18 27
26 19 3
26 20 27
26 21 8
26 22 45
26 23 41
26 24 22
26 25 18
27 0 14
27 1 42
27 2 8
27 3 38
27 4 21
27 5 14
27 6 1
27 7 27
27 8 26
27 9 6
27 10 13
27 11 7
27 12 33
27 13 45
27 14 14
27 15 24
27 16 15
27 17 45
27 18 18
27 19 5
27 20 46
27 21 38
27 22 38
27 23 11
27 24 11
27 25 28
27 26 37
28 0 9
28 1 40
28 2 46
28 3 14
28 4 6
28 5 10
28 6 24
28 7 37
28 8 15
28 9 28
28 10 11
28 11 38
28 12 32
28 13 10
28 14 8
28 15 21
28 16 13
28 17 45
28 18 9
28 19 8
28 20 15
28 21 27
28 22 1
28 23 46
28 24 11
28 25 43
28 26 39
28 27 26
29 0 12
29 1 34
29 2 27
29 3 33
29 4 44
29 5 34
29 6 39
29 7 26
29 8 27
29 9 15
29 10 44
29 11 17
29 12 6
29 13 44
29 14 36
29 15 23
29 16 23
29 17 37
29 18 13
29 19 14
29 20 9
29 21 44
29 22 29
29 23 42
29 24 20
29 25 20
29 26 39
29 27 40
29 28 20
30 0 15
30 1 43
30 2 26
30 3 28
30 4 30
30 5 2
30 6 29
30 7 27
30 8 31
30 9 10
30 10 27
30 11 19
30 12 46
30 13 35
30 14 43
30 15 24
30 16 18
30 17 6
30 18 45
30 19 2
30 20 16
30 21 46
30 22 10
30 23 32
30 24 37
30 25 43
30 26 15
30 27 13
30 28 26
30 29 34
31 0 30
31 1 27
31 2 11
31 3 25
31 4 4
31 5 12
31 6 33
31 7 42
31 8 27
31 9 34
31 10 31
31 11 44
31 12 35
31 13 22
31 14 27
31 15 39
31 16 12
31 17 2
31 18 2
31 19 18
31 20 36
31 21 39
31 22 26
31 23 30
31 24 15
31 25 22
31 26 8
31 27 25
31 28 18
31 29 40
31 30 11
32 0 7
32 1 35
32 2 2
32 3 28
32 4 38
32 5 45
32 6 42
32 7 46
32 8 38
32 9 18
32 10 15
32 11 39
32 12 27
32 13 30
32 14 29
32 15 23
32 16 6
32 17 42
32 18 7
32 19 17
32 20 10
32 21 11
32 22 24
32 23 7
32 24 43
32 25 30
32 26 36
32 27 19
32 28 20
32 29 15
32 30 23
32 31 17
33 0 16
33 1 22
33 2 20
33 3 15
33 4 18
33 5 43
33 6 32
33 7 2
33 8 25
33 9 36
33 10 5
33 11 24
33 12 43
33 13 8
33 14 12
33 15 22
33 16 8
33 17 24
33 18 35
33 19 20
33 20 25
33 21 21
33 22 18
33 23 36
33 24 32
33 25 11
33 26 5
33 27 32
33 28 33
33 29 37
33 30 18
33 31 36
33 32 4
34 0 11
34 1 12
34 2 15
34 3 42
34 4 30
34 5 40
34 6 1
34 7 36
34 8 30
34 9 18
34 10 23
34 11 37
34 12 36
34 13 2
34 14 31
34 15 40
34 16 38
34 17 5
34 18 45
34 19 9
34 20 31
34 21 11
34 22 21
34 23 20
34 24 16
34 25 33
34 26 7
34 27 15
34 28 3
34 29 13
34 30 11
34 31 14
34 32 31
34 33 25
35 0 43
35 1 35
35 2 42
35 3 16
35 4 42
35 5 38
35 6 8
35 7 31
35 8 5
35 9 30
35 10 26
35 11 24
35 12 37
35 13 3
35 14 39
35 15 8
35 16 27
35 17 24
35 18 15
35 19 39
35 20 19
35 21 4
35 22 27
35 23 24
35 24 4
35 25 29
35 26 5
35 27 9
35 28 32
35 29 33
35 30 36
35 31 21
35 32 37
35 33 33
35 34 38
36 0 23
36 1 29
36 2 7
36 3 42
36 4 15
36 5 17
36 6 10
36 7 22
36 8 37
36 9 16
36 10 10
36 11 8
36 12 23
36 13 38
36 14 7
36 15 8
36 16 36
36 17 24
36 18 28
36 19 2
36 20 22
36 21 5
36 22 9
36 23 40
36 24 1
36 25 21
36 26 21
36 27 8
36 28 3
36 29 12
36 30 28
36 31 41
36 32 34
36 33 11
36 34 5
36 35 3
37 0 9
37 1 10
37 2 11
37 3 20
37 4 11
37 5 31
37 6 6
37 7 42
37 8 37
37 9 23
37 10 23
37 11 25
37 12 45
37 13 14
37 14 30
37 15 23
37 16 22
37 17 12
37 18 13
37 19 12
37 20 9
37 21 12
37 22 39
37 23 5
37 24 41
37 25 14
37 26 41
37 27 12
37 28 6
37 29 1
37 30 26
37 31 24
37 32 12
37 33 29
37 34 46
37 35 21
37 36 45
38 0 9
38 1 23
38 2 2
38 3 29
38 4 31
38 5 25
38 6 19
38 7 16
38 8 6
38 9 12
38 10 26
38 11 38
38 12 8
38 13 30
38 14 23
38 15 14
38 16 21
38 17 41
38 18 34
38 19 29
38 20 41
38 21 21
38 22 36
38 23 7
38 24 32
38 25 28
38 26 5
38 27 19
38 28 34
38 29 4
38 30 42
38 31 36
38 32 25
38 33 28
38 34 19
38 35 45
38 36 42
38 37 20
39 0 28
39 1 24
39 2 15
39 3 19
39 4 36
39 5 3
39 6 14
39 7 5
39 8 5
39 9 38
39 10 11
39 11 5
39 12 8
39 13 37
39 14 45
39 15 7
39 16 12
39 17 12
39 18 26
39 19 5
39 20 31
39 21 42
39 22 2
39 23 45
39 24 26
39 25 23
39 26 33
39 27 2
39 28 45
39 29 46
39 30 19
39 31 8
39 32 42
39 33 24
39 34 21
39 35 37
39 36 40
39 37 20
39 38 45
40 0 12
40 1 8
40 2 35
40 3 33
40 4 46
40 5 35
40 6 16
40 7 36
40 8 23
40 9 26
40 10 30
40 11 29
40 12 22
40 13 14
40 14 10
40 15 25
40 16 36
40 17 39
40 18 41
40 19 10
40 20 11
40 21 45
40 22 30
40 23 8
40 24 9
40 25 13
40 26 14
40 27 14
40 28 22
40 29 37
40 30 33
40 31 30
40 32 2
40 33 20
40 34 12
40 35 4
40 36 41
40 37 8
40 38 16
40 39 40
41 0 16
41 1 34
41 2 35
41 3 38
41 4 12
41 5 20
41 6 24
41 7 41
41 8 35
41 9 40
41 10 8
41 11 11
41 12 12
41 13 1
41 14 14
41 15 6
41 16 8
41 17 44
41 18 23
41 19 9
41 20 19
41 21 2
41 22 34
41 23 45
41 24 25
41 25 23
41 26 12
41 27 38
41 28 21
41 29 23
41 30 33
41 31 15
41 32 23
41 33 12
41 34 3
41 35 5
41 36 37
41 37 3
41 38 24
41 39 25
41 40 6
42 0 34
42 1 34
42 2 38
42 3 15
42 4 14
42 5 22
42 6 14
42 7 22
42 8 29
42 9 3
42 10 1
42 11 10
42 12 28
42 13 7
42 14 1
42 15 23
42 16 45
42 17 11
42 18 37
42 19 20
42 20 25
42 21 33
42 22 43
42 23 20
42 24 5
42 25 30
42 26 29
42 27 43
42 28 37
42 29 45
42 30 43
42 31 29
42 32 28
42 33 34
42 34 45
42 35 26
42 36 33
42 37 20
42 38 1
42 39 3
42 40 29
42 41 43
43 0 22
43 1 38
43 2 14
43 3 46
43 4 17
43 5 3
43 6 26
43 7 35
43 8 22
43 9 11
43 10 39
43 11 34
43 12 14
43 13 40
43 14 45
43 15 44
43 16 42
43 17 27
43 18 7
43 19 18
43 20 30
43 21 9
43 22 38
43 23 38
43 24 40
43 25 30
43 26 2
43 27 40
43 28 45
43 29 40
43 30 3
43 31 30
43 32 9
43 33 6
43 34 38
43 35 20
43 36 16
43 37 18
43 38 17
43 39 9
43 40 45
43 41 32
43 42 45
44 0 43
44 1 3
44 2 22
44 3 19
44 4 14
44 5 46
44 6 21
44 7 27
44 8 31
44 9 24
44 10 30
44 11 9
44 12 35
44 13 44
44 14 20
44 15 4
44 16 24
44 17 21
44 18 32
44 19 42
44 20 2
44 21 42
44 22 26
44 23 45
44 24 15
44 25 7
44 26 16
44 27 40
44 28 16
44 29 19
44 30 29
44 31 25
44 32 38
44 33 43
44 34 26
44 35 41
44 36 32
44 37 26
44 38 32
44 39 33
44 40 40
44 41 40
44 42 13
44 43 46
45 0 3
45 1 7
45 2 29
45 3 39
45 4 40
45 5 23
45 6 35
45 7 13
45 8 40
45 9 27
45 10 40
45 11 33
45 12 44
45 13 43
45 14 4
45 15 10
45 16 6
45 17 38
45 18 24
45 19 21
45 20 2
45 21 46
45 22 29
45 23 8
45 24 15
45 25 7
45 26 25
45 27 22
45 28 30
45 29 24
45 30 28
45 31 11
45 32 34
45 33 46
45 34 20
45 35 32
45 36 38
45 37 45
45 38 15
45 39 24
45 40 23
45 41 27
45 42 32
45 43 23
45 44 30
46 0 4
46 1 39
46 2 15
46 3 12
46 4 23
46 5 9
46 6 1
46 7 41
46 8 35
46 9 8
46 10 10
46 11 17
46 12 13
46 13 46
46 14 12
46 15 6
46 16 8
46 17 42
46 18 37
46 19 36
46 20 38
46 21 8
46 22 19
46 23 13
46 24 39
46 25 20
46 26 14
46 27 24
46 28 40
46 29 13
46 30 9
46 31 21
46 32 14
46 33 20
46 34 2
46 35 36
46 36 4
46 37 21
46 38 6
46 39 2
46 40 19
46 41 9
46 42 24
46 43 25
46 44 27
46 45 19
47 0 2
47 1 21
47 2 14
47 3 1
47 4 25
47 5 2
47 6 40
47 7 3
47 8 25
47 9 40
47 10 11
47 11 24
47 12 45
47 13 23
47 14 2
47 15 4
47 16 20
47 17 34
47 18 34
47 19 2
47 20 15
47 21 41
47 22 32
47 23 35
47 24 20
47 25 11
47 26 38
47 27 43
47 28 9
47 29 39
47 30 46
47 31 10
47 32 30
47 33 20
47 34 27
47 35 38
47 36 24
47 37 31
47 38 20
47 39 35
47 40 18
47 41 26
47 42 30
47 43 2
47 44 21
47 45 23
47 46 30
48 0 19
48 1 34
48 2 44
48 3 11
48 4 37
48 5 16
48 6 20
48 7 7
48 8 41
48 9 21
48 10 40
48 11 40
48 12 24
48 13 7
48 14 6
48 15 43
48 16 27
48 17 35
48 18 11
48 19 36
48 20 5
48 21 4
48 22 43
48 23 4
48 24 46
48 25 9
48 26 17
48 27 4
48 28 9
48 29 29
48 30 37
48 31 12
48 32 7
48 33 24
48 34 7
48 35 19
48 36 20
48 37 31
48 38 34
48 39 2
48 40 24
48 41 35
48 42 30
48 43 23
48 44 28
48 45 9
48 46 36
48 47 18
49 0 2
49 1 8
49 2 3
49 3 7
49 4 1
49 5 5
49 6 36
49 7 36
49 8 17
49 9 19
49 10 42
49 11 10
49 12 25
49 13 17
49 14 28
49 15 27
49 16 18
49 17 22
49 18 37
49 19 39
49 20 45
49 21 22
49 22 3
49 23 44
49 24 46
49 25 6
49 26 17
49 27 40
49 28 4
49 29 14
49 30 20
49 31 5
49 32 5
49 33 43
49 34 34
49 35 19
49 36 40
49 37 2
49 38 26
49 39 2
49 40 40
49 41 31
49 42 9
49 43 23
49 44 31
49 45 31
49 46 28
49 47 33
49 48 2
50 0 25
50 1 14
50 2 10
50 3 20
50 4 28
50 5 21
50 6 30
50 7 42
50 8 31
50 9 18
50 10 27
50 11 30
50 12 28
50 13 25
50 14 36
50 15 2
50 16 21
50 17 20
50 18 45
50 19 32
50 20 7
50 21 28
50 22 4
50 23 26
50 24 6
50 25 8
50 26 20
50 27 38
50 28 44
50 29 34
50 30 11
50 31 26
50 32 8
50 33 33
50 34 23
50 35 14
50 36 36
50 37 12
50 38 5
50 39 36
50 40 3
50 41 19
50 42 36
50 43 23
50 44 35
50 45 6
50 46 8
50 47 18
50 48 34
50 49 13
51 0 6
51 1 46
51 2 33
51 3 44
51 4 45
51 5 16
51 6 22
51 7 21
51 8 28
51 9 27
51 10 3
51 11 32
51 12 17
51 13 26
51 14 20
51 15 18
51 16 3
51 17 20
51 18 36
51 19 39
51 20 35
51 21 31
51 22 27
51 23 5
51 24 14
51 25 2
51 26 41
51 27 14
51 28 13
51 29 33
51 30 22
51 31 1
51 32 6
51 33 14
51 34 1
51 35 46
51 36 38
51 37 21
51 38 9
51 39 43
51 40 43
51 41 25
51 42 23
51 43 35
51 44 7
51 45 22
51 46 9
51 47 32
51 48 39
51 49 25
51 50 25
52 0 11
52 1 32
52 2 44
52 3 20
52 4 35
52 5 41
52 6 21
52 7 42
52 8 5
52 9 22
52 10 12
52 11 12
52 12 32
52 13 21
52 14 43
52 15 31
52 16 3
52 17 44
52 18 10
52 19 30
52 20 21
52 21 33
52 22 43
52 23 27
52 24 14
52 25 28
52 26 10
52 27 12
52 28 23
52 29 26
52 30 41
52 31 16
52 32 38
52 33 31
52 34 38
52 35 32
52 36 44
52 37 12
52 38 20
52 39 25
52 40 46
52 41 32
52 42 24
52 43 29
52 44 15
52 45 37
52 46 25
52 47 31
52 48 9
52 49 43
52 50 31
52 51 13
53 0 22
53 1 43
53 2 14
53 3 26
53 4 27
53 5 39
53 6 38
53 7 26
53 8 3
53 9 36
53 10 45
53 11 44
53 12 41
53 13 21
53 14 5
53 15 31
53 16 8
53 17 17
53 18 35
53 19 29
53 20 27
53 21 26
53 22 45
53 23 18
53 24 22
53 25 18
53 26 39
53 27 29
53 28 31
53 29 40
53 30 12
53 31 33
53 32 33
53 33 12
53 34 5
53 35 38
53 36 11
53 37 14
53 38 5
53 39 10
53 40 24
53 41 8
53 42 7
53 43 37
53 44 21
53 45 37
53 46 34
53 47 42
53 48 23
53 49 21
53 50 2
53 51 7
53 52 13
54 0 25
54 1 35
54 2 30
54 3 46
54 4 5
54 5 13
54 6 38
54 7 38
54 8 25
54 9 19
54 10 45
54 11 36
54 12 15
54 13 22
54 14 46
54 15 4
54 16 37
54 17 19
54 18 40
54 19 25
54 20 26
54 21 15
54 22 6
54 23 34
54 24 34
54 25 26
54 26 21
54 27 14
54 28 14
54 29 15
54 30 21
54 31 44
54 32 7
54 33 11
54 34 45
54 35 29
54 36 25
54 37 29
54 38 22
54 39 23
54 40 23
54 41 13
54 42 30
54 43 42
54 44 38
54 45 36
54 46 8
54 47 34
54 48 36
54 49 4
54 50 28
54 51 5
54 52 6
54 53 27
55 0 7
55 1 43
55 2 30
55 3 45
55 4 42
55 5 36
55 6 15
55 7 34
55 8 16
55 9 28
55 10 2
55 11 33
55 12 30
55 13 33
55 14 12
55 15 32
55 16 37
55 17 41
55 18 12
55 19 17
55 20 45
55 21 24
55 22 31
55 23 16
55 24 46
55 25 10
55 26 20
55 27 14
55 28 16
55 29 3
55 30 28
55 31 39
55 32 8
55 33 41
55 34 21
55 35 23
55 36 32
55 37 36
55 38 33
55 39 7
55 40 17
55 41 45
55 42 10
55 43 5
55 44 31
55 45 36
55 46 43
55 47 43
55 48 13
55 49 5
55 50 20
55 51 8
55 52 1
55 53 44
55 54 8
56 0 3
56 1 39
56 2 30
56 3 39
56 4 28
56 5 39
56 6 38
56 7 19
56 8 25
56 9 37
56 10 29
56 11 36
56 12 23
56 13 6
56 14 14
56 15 31
56 16 42
56 17 39
56 18 9
56 19 6
56 20 26
56 21 5
56 22 11
56 23 22
56 24 7
56 25 33
56 26 38
56 27 44
56 28 39
56 29 41
56 30 4
56 31 8
56 32 3
56 33 2
56 34 41
56 35 8
56 36 30
56 37 41
56 38 45
56 39 34
56 40 12
56 41 4
56 42 7
56 43 5
56 44 39
56 45 27
56 46 10
56 47 22
56 48 18
56 49 1
56 50 26
56 51 43
56 52 6
56 53 2
56 54 4
56 55 9
57 0 5
57 1 17
57 2 46
57 3 5
57 4 39
57 5 37
57 6 44
57 7 9
57 8 18
57 9 41
57 10 11
57 11 36
57 12 38
57 13 22
57 14 1
57 15 36
57 16 17
57 17 29
57 18 46
57 19 41
57 20 24
57 21 32
57 22 44
57 23 33
57 24 31
57 25 16
57 26 1
57 27 23
57 28 19
57 29 42
57 30 20
57 31 46
57 32 11
57 33 11
57 34 19
57 35 39
57 36 30
57 37 16
57 38 24
57 39 31
57 40 28
57 41 43
57 42 3
57 43 18
57 44 40
57 45 44
57 46 43
57 47 43
57 48 34
57 49 36
57 50 43
57 51 36
57 52 15
57 53 23
57 54 6
57 55 19
57 56 12
58 0 25
58 1 44
58 2 33
58 3 10
58 4 23
58 5 14
58 6 23
58 7 11
58 8 6
58 9 23
58 10 37
58 11 13
58 12 24
58 13 10
58 14 44
58 15 24
58 16 5
58 17 18
58 18 14
58 19 26
58 20 9
58 21 40
58 22 38
58 23 15
58 24 39
58 25 30
58 26 33
58 27 24
58 28 25
58 29 8
58 30 5
58 31 30
58 32 33
58 33 37
58 34 24
58 35 12
58 36 12
58 37 9
58 38 6
58 39 37
58 40 38
58 41 39
58 42 24
58 43 6
58 44 45
58 45 29
58 46 31
58 47 37
58 48 37
58 49 31
58 50 20
58 51 20
58 52 31
58 53 40
58 54 26
58 55 44
58 56 7
58 57 14
59 0 7
59 1 22
59 2 6
59 3 46
59 4 8
59 5 4
59 6 29
59 7 31
59 8 8
59 9 34
59 10 16
59 11 35
59 12 21
59 13 8
59 14 12
59 15 42
59 16 28
59 17 22
59 18 8
59 19 10
59 20 31
59 21 29
59 22 6
59 23 17
59 24 28
59 25 14
59 26 35
59 27 18
59 28 39
59 29 35
59 30 11
59 31 16
59 32 7
59 33 14
59 34 16
59 35 34
59 36 39
59 37 5
59 38 37
59 39 2
59 40 13
59 41 3
59 42 36
59 43 23
59 44 7
59 45 42
59 46 28
59 47 31
59 48 40
59 49 10
59 50 20
59 51 41
59 52 16
59 53 16
59 54 1
59 55 32
59 56 27
59 57 3
59 58 35
60 0 4
60 1 8
60 2 3
60 3 1
60 4 45
60 5 25
60 6 28
60 7 17
60 8 13
60 9 19
60 10 14
60 11 28
60 12 20
60 13 5
60 14 21
60 15 33
60 16 17
60 17 14
60 18 21
60 19 25
60 20 15
60 21 23
60 22 22
60 23 11
60 24 32
60 25 33
60 26 9
60 27 19
60 28 4
60 29 16
60 30 11
60 31 5
60 32 18
60 33 44
60 34 42
60 35 43
60 36 45
60 37 5
60 38 45
60 39 22
60 40 45
60 41 18
60 42 42
60 43 24
60 44 46
60 45 28
60 46 30
60 47 21
60 48 21
60 49 19
60 50 39
60 51 15
60 52 39
60 53 8
60 54 15
60 55 14
60 56 21
60 57 24
60 58 37
60 59 17
61 0 5
61 1 6
61 2 30
61 3 26
61 4 9
61 5 31
61 6 33
61 7 4
61 8 12
61 9 35
61 10 38
61 11 17
61 12 16
61 13 29
61 14 23
61 15 13
61 16 12
61 17 28
61 18 26
61 19 32
61 20 29
61 21 34
61 22 18
61 23 46
61 24 36
61 25 13
61 26 17
61 27 34
61 28 24
61 29 26
61 30 3
61 31 11
61 32 41
61 33 31
61 34 7
61 35 13
61 36 24
61 37 2
61 38 1
61 39 23
61 40 26
61 41 30
61 42 43
61 43 6
61 44 28
61 45 26
61 46 26
61 47 42
61 48 32
61 49 46
61 50 39
61 51 29
61 52 8
61 53 13
61 54 8
61 55 22
61 56 34
61 57 46
61 58 21
61 59 11
61 60 11
62 0 30
62 1 27
62 2 39
62 3 42
62 4 14
62 5 9
62 6 2
62 7 7
62 8 9
62 9 2
62 10 4
62 11 6
62 12 15
62 13 4
62 14 25
62 15 24
62 16 11
62 17 13
62 18 2
62 19 21
62 20 41
62 21 30
62 22 7
62 23 25
62 24 1
62 25 44
62 26 37
62 27 9
62 28 26
62 29 14
62 30 8
62 31 37
62 32 42
62 33 22
62 34 30
62 35 29
62 36 8
62 37 25
62 38 19
62 39 14
62 40 36
62 41 16
62 42 44
62 43 14
62 44 42
62 45 38
62 46 8
62 47 38
62 48 27
62 49 6
62 50 45
62 51 43
62 52 33
62 53 13
62 54 46
62 55 41
62 56 5
62 57 29
62 58 11
62 59 3
62 60 14
62 61 8
63 0 39
63 1 37
63 2 39
63 3 44
63 4 38
63 5 5
63 6 15
63 7 42
63 8 39
63 9 11
63 10 8
63 11 28
63 12 27
63 13 10
63 14 12
63 15 1
63 16 25
63 17 4
63 18 25
63 19 21
63 20 40
63 21 24
63 22 21
63 23 36
63 24 41
63 25 36
63 26 44
63 27 44
63 28 17
63 29 18
63 30 40
63 31 22
63 32 25
63 33 40
63 34 27
63 35 46
63 36 24
63 37 33
63 38 42
63 39 28
63 40 38
63 41 46
63 42 28
63 43 5
63 44 37
63 45 21
63 46 4
63 47 29
63 48 12
63 49 11
63 50 6
63 51 14
63 52 39
63 53 11
63 54 33
63 55 29
63 56 32
63 57 41
63 58 17
63 59 10
63 60 20
63 61 44
63 62 16
64 0 24
64 1 34
64 2 19
64 3 42
64 4 2
64 5 43
64 6 34
64 7 16
64 8 9
64 9 6
64 10 1
64 11 15
64 12 24
64 13 6
64 14 34
64 15 9
64 16 9
64 17 12
64 18 13
64 19 35
64 20 40
64 21 12
64 22 14
64 23 46
64 24 18
64 25 26
64 26 26
64 27 37
64 28 39
64 29 12
64 30 46
64 31 22
64 32 4
64 33 14
64 34 10
64 35 25
64 36 26
64 37 25
64 38 2
64 39 19
64 40 7
64 41 41
64 42 35
64 43 35
64 44 23
64 45 40
64 46 23
64 47 24
64 48 29
64 49 37
64 50 44
64 51 11
64 52 17
64 53 33
64 54 42
64 55 32
64 56 18
64 57 7
64 58 25
64 59 22
64 60 7
64 61 27
64 62 41
64 63 34
65 0 6
65 1 25
65 2 3
65 3 11
65 4 37
65 5 8
65 6 37
65 7 22
65 8 26
65 9 35
65 10 19
65 11 29
65 12 15
65 13 11
65 14 27
65 15 18
65 16 40
65 17 38
65 18 15
65 19 1
65 20 23
65 21 14
65 22 39
65 23 19
65 24 16
65 25 32
65 26 29
65 27 21
65 28 40
65 29 8
65 30 30
65 31 26
65 32 20
65 33 21
65 34 24
65 35 43
65 36 20
65 37 10
65 38 2
65 39 30
65 40 32
65 41 6
65 42 24
65 43 9
65 44 31
65 45 25
65 46 45
65 47 27
65 48 19
65 49 43
65 50 23
65 51 16
65 52 12
65 53 35
65 54 3
65 55 46
65 56 1
65 57 10
65 58 13
65 59 42
65 60 41
65 61 43
65 62 36
65 63 21
65 64 9
66 0 39
66 1 20
66 2 43
66 3 5
66 4 36
66 5 17
66 6 40
66 7 33
66 8 9
66 9 31
66 10 16
66 11 5
66 12 14
66 13 14
66 14 29
66 15 5
66 16 30
66 17 14
66 18 16
66 19 20
66 20 29
66 21 22
66 22 37
66 23 42
66 24 31
66 25 16
66 26 11
66 27 43
66 28 4
66 29 36
66 30 7
66 31 36
66 32 23
66 33 33
66 34 2
66 35 11
66 36 39
66 37 28
66 38 6
66 39 18
66 40 10
66 41 5
66 42 34
66 43 38
66 44 24
66 45 29
66 46 37
66 47 36
66 48 24
66 49 40
66 50 14
66 51 21
66 52 15
66 53 23
66 54 35
66 55 41
66 56 5
66 57 29
66 58 8
66 59 6
66 60 16
66 61 42
66 62 36
66 63 18
66 64 13
66 65 41
