42
1 0 2
2 0 2
2 1 2
3 0 3
3 1 4
3 2 2
4 0 1
4 1 3
4 2 2
4 3 2
5 0 3
5 1 2
5 2 4
5 3 1
5 4 3
6 0 2
6 1 2
6 2 3
6 3 4
6 4 4
6 5 3
7 0 4
7 1 3
7 2 4
7 3 1
7 4 2
7 5 4
7 6 4
8 0 2
8 1 3
8 2 1
8 3 3
8 4 4
8 5 3
8 6 4
8 7 4
9 0 4
9 1 4
9 2 1
9 3 3
9 4 3
9 5 2
9 6 1
9 7 3
9 8 1
10 0 1
10 1 4
10 2 3
10 3 4
10 4 4
10 5 3
10 6 4
10 7 2
10 8 3
10 9 2
11 0 4
11 1 4
11 2 3
11 3 3
11 4 1
11 5 3
11 6 4
11 7 1
11 8 1
11 9 2
11 10 2
12 0 2
12 1 2
12 2 1
12 3 3
12 4 3
12 5 2
12 6 2
12 7 4
12 8 1
12 9 4
12 10 1
12 11 2
13 0 4
13 1 2
13 2 3
13 3 4
13 4 2
13 5 2
13 6 3
13 7 3
13 8 1
13 9 4
13 10 3
13 11 3
13 12 2
14 0 2
14 1 2
14 2 3
14 3 4
14 4 1
14 5 1
14 6 4
14 7 4
14 8 2
14 9 2
14 10 2
14 11 3
14 12 2
14 13 3
15 0 2
15 1 1
15 2 4
15 3 3
15 4 3
15 5 1
15 6 2
15 7 2
15 8 3
15 9 1
15 10 2
15 11 4
15 12 4
15 13 1
15 14 1
16 0 1
16 1 4
16 2 4
16 3 2
16 4 3
16 5 2
16 6 3
16 7 4
16 8 2
16 9 4
16 10 3
16 11 2
16 12 2
16 13 1
16 14 1
16 15 2
17 0 3
17 1 1
17 2 2
17 3 2
17 4 3
17 5 1
17 6 3
17 7 2
17 8 4
17 9 2
17 10 2
17 11 4
17 12 3
17 13 1
17 14 1
17 15 2
17 16 1
18 0 4
18 1 2
18 2 2
18 3 2
18 4 4
18 5 2
18 6 4
18 7 1
18 8 3
18 9 4
18 10 2
18 11 4
18 12 1
18 13 1
18 14 3
18 15 2
18 16 4
18 17 2
19 0 4
19 1 4
19 2 3
19 3 2
19 4 2
19 5 3
19 6 4
19 7 2
19 8 1
19 9 4
19 10 3
19 11 2
19 12 4
19 13 3
19 14 2
19 15 1
19 16 1
19 17 2
19 18 1
20 0 3
20 1 2
20 2 4
20 3 4
20 4 3
20 5 1
20 6 2
20 7 3
20 8 4
20 9 3
20 10 3
20 11 3
20 12 4
20 13 4
20 14 1
20 15 2
20 16 1
20 17 1
20 18 2
20 19 4
21 0 3
21 1 2
21 2 2
21 3 1
21 4 1
21 5 4
21 6 3
21 7 4
21 8 1
21 9 3
21 10 2
21 11 2
21 12 1
21 13 3
21 14 1
21 15 3
21 16 1
21 17 1
21 18 4
21 19 1
21 20 2
22 0 3
22 1 3
22 2 1
22 3 4
22 4 2
22 5 4
22 6 1
22 7 2
22 8 4
22 9 4
22 10 1
22 11 2
22 12 4
22 13 3
22 14 4
22 15 1
22 16 4
22 17 1
22 18 4
22 19 4
22 20 4
22 21 3
23 0 4
23 1 4
23 2 4
23 3 2
23 4 4
23 5 4
23 6 2
23 7 3
23 8 1
23 9 3
23 10 1
23 11 4
23 12 4
23 13 2
23 14 3
23 15 1
23 16 4
23 17 1
23 18 2
23 19 3
23 20 1
23 21 2
23 22 2
24 0 1
24 1 1
24 2 4
24 3 3
24 4 4
24 5 4
24 6 2
24 7 2
24 8 4
24 9 2
24 10 4
24 11 2
24 12 3
24 13 4
24 14 3
24 15 3
24 16 2
24 17 3
24 18 2
24 19 4
24 20 2
24 21 4
24 22 1
24 23 4
25 0 3
25 1 4
25 2 1
25 3 2
25 4 2
25 5 1
25 6 2
25 7 3
25 8 1
25 9 4
25 10 3
25 11 1
25 12 2
25 13 1
25 14 3
25 15 2
25 16 4
25 17 2
25 18 1
25 19 4
25 20 4
25 21 2
25 22 4
25 23 2
25 24 4
26 0 4
26 1 2
26 2 4
26 3 1
26 4 4
26 5 2
26 6 1
26 7 4
26 8 4
26 9 3
26 10 4
26 11 3
26 12 4
26 13 4
26 14 1
26 15 3
26 16 1
26 17 4
26 18 4
26 19 3
26 20 2
26 21 1
26 22 1
26 23 3
26 24 4
26 25 3
27 0 1
27 1 3
27 2 1
27 3 3
27 4 3
27 5 2
27 6 1
27 7 4
27 8 1
27 9 2
27 10 2
27 11 1
27 12 3
27 13 4
27 14 4
27 15 2
27 16 2
27 17 4
27 18 1
27 19 1
27 20 2
27 21 2
27 22 4
27 23 1
27 24 2
27 25 4
27 26 4
28 0 4
28 1 4
28 2 4
28 3 4
28 4 4
28 5 3
28 6 1
28 7 4
28 8 4
28 9 4
28 10 4
28 11 4
28 12 4
28 13 2
28 14 3
28 15 1
28 16 2
28 17 4
28 18 3
28 19 2
28 20 1
28 21 4
28 22 3
28 23 4
28 24 4
28 25 1
28 26 3
28 27 1
29 0 3
29 1 1
29 2 4
29 3 2
29 4 1
29 5 1
29 6 4
29 7 2
29 8 1
29 9 1
29 10 1
29 11 2
29 12 4
29 13 1
29 14 1
29 15 1
29 16 1
29 17 1
29 18 2
29 19 3
29 20 1
29 21 1
29 22 3
29 23 1
29 24 4
29 25 4
29 26 2
29 27 2
29 28 2
30 0 3
30 1 2
30 2 4
30 3 1
30 4 3
30 5 2
30 6 1
30 7 3
30 8 1
30 9 4
30 10 4
30 11 4
30 12 2
30 13 1
30 14 1
30 15 3
30 16 2
30 17 2
30 18 1
30 19 4
30 20 2
30 21 3
30 22 4
30 23 1
30 24 2
30 25 1
30 26 3
30 27 2
30 28 3
30 29 1
31 0 4
31 1 2
31 2 4
31 3 1
31 4 3
31 5 3
31 6 2
31 7 2
31 8 4
31 9 1
31 10 3
31 11 4
31 12 1
31 13 1
31 14 3
31 15 4
31 16 4
31 17 2
31 18 4
31 19 4
31 20 1
31 21 2
31 22 1
31 23 3
31 24 3
31 25 3
31 26 3
31 27 3
31 28 4
31 29 2
31 30 3
32 0 2
32 1 3
32 2 4
32 3 4
32 4 4
32 5 1
32 6 1
32 7 4
32 8 4
32 9 2
32 10 2
32 11 2
32 12 2
32 13 4
32 14 4
32 15 2
32 16 2
32 17 2
32 18 3
32 19 2
32 20 3
32 21 2
32 22 2
32 23 4
32 24 1
32 25 1
32 26 2
32 27 4
32 28 2
32 29 1
32 30 3
32 31 4
33 0 2
33 1 3
33 2 1
33 3 3
33 4 3
33 5 4
33 6 4
33 7 4
33 8 1
33 9 1
33 10 2
33 11 1
33 12 1
33 13 2
33 14 3
33 15 3
33 16 2
33 17 3
33 18 3
33 19 1
33 20 3
33 21 2
33 22 4
33 23 3
33 24 2
33 25 1
33 26 3
33 27 2
33 28 4
33 29 2
33 30 3
33 31 2
33 32 3
34 0 2
34 1 3
34 2 3
34 3 4
34 4 4
34 5 1
34 6 4
34 7 3
34 8 1
34 9 1
34 10 4
34 11 3
34 12 1
34 13 2
34 14 2
34 15 4
34 16 2
34 17 2
34 18 3
34 19 1
34 20 1
34 21 4
34 22 3
34 23 2
34 24 3
34 25 2
34 26 4
34 27 4
34 28 1
34 29 3
34 30 4
34 31 3
34 32 2
34 33 1
35 0 4
35 1 1
35 2 4
35 3 2
35 4 4
35 5 2
35 6 3
35 7 1
35 8 2
35 9 1
35 10 2
35 11 1
35 12 2
35 13 1
35 14 4
35 15 4
35 16 2
35 17 4
35 18 1
35 19 2
35 20 1
35 21 2
35 22 3
35 23 4
35 24 4
35 25 1
35 26 3
35 27 3
35 28 1
35 29 2
35 30 1
35 31 4
35 32 1
35 33 4
35 34 2
36 0 1
36 1 3
36 2 4
36 3 1
36 4 4
36 5 4
36 6 3
36 7 3
36 8 2
36 9 1
36 10 4
36 11 3
36 12 4
36 13 2
36 14 1
36 15 4
36 16 2
36 17 3
36 18 1
36 19 1
36 20 2
36 21 2
36 22 3
36 23 1
36 24 2
36 25 4
36 26 3
36 27 1
36 28 2
36 29 1
36 30 4
36 31 2
36 32 2
36 33 4
36 34 3
36 35 2
37 0 4
37 1 2
37 2 1
37 3 3
37 4 3
37 5 3
37 6 4
37 7 3
37 8 4
37 9 1
37 10 4
37 11 4
37 12 2
37 13 3
37 14 2
37 15 1
37 16 1
37 17 2
37 18 2
37 19 3
37 20 3
37 21 3
37 22 3
37 23 1
37 24 4
37 25 3
37 26 4
37 27 1
37 28 2
37 29 4
37 30 4
37 31 3
37 32 1
37 33 2
37 34 3
37 35 2
37 36 1
38 0 2
38 1 3
38 2 1
38 3 4
38 4 2
38 5 3
38 6 4
38 7 2
38 8 4
38 9 1
38 10 2
38 11 1
38 12 4
38 13 1
38 14 3
38 15 3
38 16 1
38 17 3
38 18 3
38 19 2
38 20 4
38 21 3
38 22 3
38 23 4
38 24 4
38 25 2
38 26 3
38 27 3
38 28 1
38 29 4
38 30 4
38 31 1
38 32 4
38 33 3
38 34 2
38 35 4
38 36 3
38 37 3
39 0 2
39 1 3
39 2 1
39 3 2
39 4 3
39 5 2
39 6 3
39 7 4
39 8 1
39 9 1
39 10 3
39 11 3
39 12 2
39 13 4
39 14 2
39 15 1
39 16 2
39 17 3
39 18 1
39 19 2
39 20 4
39 21 3
39 22 4
39 23 4
39 24 1
39 25 4
39 26 4
39 27 2
39 28 2
39 29 1
39 30 1
39 31 2
39 32 2
39 33 2
39 34 3
39 35 2
39 36 1
39 37 4
39 38 3
40 0 2
40 1 2
40 2 2
40 3 2
40 4 4
40 5 4
40 6 1
40 7 4
40 8 3
40 9 3
40 10 1
40 11 1
40 12 4
40 13 2
40 14 3
40 15 2
40 16 4
40 17 4
40 18 1
40 19 2
40 20 2
40 21 3
40 22 3
40 23 3
40 24 2
40 25 1
40 26 2
40 27 1
40 28 4
40 29 4
40 30 4
40 31 2
40 32 1
40 33 2
40 34 2
40 35 2
40 36 2
40 37 4
40 38 1
40 39 2
41 0 4
41 1 4
41 2 3
41 3 4
41 4 2
41 5 3
41 6 2
41 7 3
41 8 2
41 9 1
41 10 2
41 11 4
41 12 2
41 13 2
41 14 3
41 15 2
41 16 1
41 17 3
41 18 2
41 19 4
41 20 4
41 21 3
41 22 1
41 23 3
41 24 1
41 25 3
41 26 3
41 27 2
41 28 4
41 29 1
41 30 4
41 31 4
41 32 3
41 33 2
41 34 1
41 35 3
41 36 1
41 37 3
41 38 2
41 39 1
41 40 3
