31
1 0 3
2 0 3
4 0 8
4 2 2
4 3 10
5 0 1
5 1 5
6 1 10
6 2 2
6 3 8
7 1 7
7 3 2
8 1 6
8 6 10
9 1 7
9 5 7
10 1 5
10 2 7
10 6 3
11 1 1
11 3 2
11 4 2
11 5 9
11 7 4
11 8 10
11 10 5
12 0 9
12 2 7
12 3 3
12 4 6
12 5 2
12 6 1
12 7 1
12 9 9
12 10 7
13 0 7
13 1 5
13 5 5
13 6 1
13 7 6
13 8 3
13 9 4
14 0 2
14 3 7
14 5 4
14 13 7
15 0 2
15 1 3
15 2 3
15 3 9
15 4 8
15 5 5
15 10 3
15 11 7
15 12 1
16 0 2
16 2 8
16 4 8
16 5 4
16 7 8
16 10 1
16 11 3
16 12 3
16 13 6
16 14 9
16 15 2
17 1 5
17 2 8
17 5 2
17 10 7
17 11 2
17 14 2
18 0 8
18 1 1
18 4 1
18 5 4
18 7 7
18 10 4
18 12 9
18 14 4
19 0 7
19 2 8
19 3 2
19 4 5
19 5 8
19 7 1
19 8 5
19 13 8
19 16 1
19 18 6
20 0 9
20 2 5
20 7 1
20 10 5
20 11 6
20 12 6
20 13 9
20 14 2
20 15 3
20 16 6
20 18 3
20 19 1
21 0 1
21 1 2
21 2 3
21 3 9
21 5 4
21 6 3
21 7 3
21 11 4
21 14 8
21 17 2
21 19 7
22 0 3
22 4 3
22 5 9
22 6 9
22 9 8
22 11 7
22 12 3
22 13 2
22 14 7
22 15 8
22 18 10
22 21 6
23 0 9
23 7 10
23 11 10
23 13 5
23 14 3
23 16 7
23 18 4
23 20 3
23 21 2
23 22 7
24 1 2
24 2 4
24 3 8
24 5 7
24 7 3
24 8 3
24 9 9
24 11 1
24 12 5
24 14 4
24 15 6
24 16 8
24 18 6
25 0 1
25 3 7
25 5 7
25 6 3
25 7 8
25 8 8
25 9 1
25 10 3
25 11 3
25 12 10
25 14 5
25 18 1
25 19 6
25 20 9
25 24 9
26 2 9
26 6 5
26 7 2
26 9 7
26 10 5
26 11 9
26 13 1
26 19 8
26 20 6
26 22 1
26 25 8
27 1 7
27 5 10
27 6 4
27 11 7
27 12 6
27 14 10
27 16 8
27 17 8
27 18 8
27 20 2
27 25 4
28 3 8
28 4 2
28 6 7
28 11 3
28 14 3
28 20 9
28 21 5
28 26 4
29 0 10
29 1 3
29 2 9
29 3 10
29 6 6
29 7 8
29 8 5
29 10 2
29 12 7
29 13 2
29 14 2
29 16 3
29 17 3
29 18 2
29 20 6
29 21 1
29 28 5
30 0 8
30 2 1
30 6 4
30 8 8
30 9 2
30 13 7
30 14 9
30 15 10
30 17 8
30 20 10
30 21 9
30 25 10
30 27 1
30 28 9
30 29 10
