51
1 0 44
2 0 9
2 1 44
3 0 56
3 1 34
3 2 43
4 0 38
4 1 31
4 2 46
4 3 47
5 0 55
5 1 18
5 2 31
5 3 52
5 4 12
6 0 54
6 1 47
6 2 51
6 3 32
6 4 48
6 5 50
7 0 2
7 1 1
7 2 6
7 3 56
7 4 58
7 5 57
7 6 56
8 0 55
8 1 57
8 2 58
8 3 28
8 4 37
8 5 58
8 6 3
8 7 49
9 0 48
9 1 25
9 2 6
9 3 38
9 4 44
9 5 39
9 6 23
9 7 21
9 8 39
10 0 25
10 1 22
10 2 30
10 3 58
10 4 39
10 5 44
10 6 17
10 7 32
10 8 14
10 9 6
11 0 50
11 1 48
11 2 39
11 3 21
11 4 10
11 5 15
11 6 30
11 7 14
11 8 20
11 9 45
11 10 40
12 0 46
12 1 61
12 2 36
12 3 17
12 4 32
12 5 30
12 6 15
12 7 50
12 8 59
12 9 4
12 10 27
12 11 8
13 0 18
13 1 56
13 2 39
13 3 5
13 4 26
13 5 16
13 6 22
13 7 13
13 8 18
13 9 23
13 10 54
13 11 30
13 12 19
14 0 37
14 1 5
14 2 12
14 3 60
14 4 24
14 5 34
14 6 22
14 7 39
14 8 21
14 9 27
14 10 26
14 11 5
14 12 29
14 13 20
15 0 61
15 1 36
15 2 12
15 3 15
15 4 51
15 5 26
15 6 56
15 7 45
15 8 27
15 9 47
15 10 9
15 11 28
15 12 2
15 13 2
15 14 23
16 0 38
16 1 36
16 2 38
16 3 25
16 4 32
16 5 14
16 6 42
16 7 46
16 8 46
16 9 24
16 10 44
16 11 2
16 12 55
16 13 16
16 14 34
16 15 3
17 0 1
17 1 33
17 2 27
17 3 31
17 4 42
17 5 31
17 6 20
17 7 34
17 8 61
17 9 3
17 10 14
17 11 4
17 12 32
17 13 56
17 14 31
17 15 49
17 16 61
18 0 30
18 1 23
18 2 9
18 3 33
18 4 54
18 5 6
18 6 3
18 7 24
18 8 3
18 9 27
18 10 20
18 11 41
18 12 15
18 13 32
18 14 28
18 15 35
18 16 8
18 17 6
19 0 30
19 1 56
19 2 8
19 3 57
19 4 48
19 5 10
19 6 1
19 7 44
19 8 35
19 9 3
19 10 57
19 11 43
19 12 49
19 13 48
19 14 58
19 15 12
19 16 25
19 17 10
19 18 12
20 0 19
20 1 14
20 2 8
20 3 9
20 4 44
20 5 12
20 6 46
20 7 29
20 8 28
20 9 21
20 10 34
20 11 28
20 12 46
20 13 2
20 14 40
20 15 12
20 16 38
20 17 8
20 18 3
20 19 52
21 0 45
21 1 15
21 2 25
21 3 38
21 4 40
21 5 13
21 6 41
21 7 30
21 8 21
21 9 31
21 10 39
21 11 34
21 12 1
21 13 6
21 14 20
21 15 47
21 16 14
21 17 58
21 18 42
21 19 20
21 20 59
22 0 25
22 1 6
22 2 51
22 3 17
22 4 2
22 5 24
22 6 28
22 7 23
22 8 24
22 9 52
22 10 5
22 11 39
22 12 18
22 13 3
22 14 40
22 15 34
22 16 17
22 17 28
22 18 8
22 19 57
22 20 6
22 21 32
23 0 28
23 1 36
23 2 4
23 3 14
23 4 54
23 5 28
23 6 58
23 7 39
23 8 11
23 9 54
23 10 8
23 11 57
23 12 56
23 13 31
23 14 3
23 15 35
23 16 32
23 17 2
23 18 14
23 19 9
23 20 61
23 21 37
23 22 23
24 0 38
24 1 31
24 2 56
24 3 18
24 4 10
24 5 2
24 6 60
24 7 52
24 8 56
24 9 6
24 10 18
24 11 43
24 12 5
24 13 59
24 14 56
24 15 14
24 16 34
24 17 3
24 18 27
24 19 19
24 20 39
24 21 16
24 22 17
24 23 2
25 0 46
25 1 35
25 2 18
25 3 51
25 4 10
25 5 15
25 6 60
25 7 4
25 8 12
25 9 7
25 10 45
25 11 19
25 12 12
25 13 7
25 14 42
25 15 6
25 16 34
25 17 61
25 18 24
25 19 33
25 20 22
25 21 45
25 22 16
25 23 9
25 24 22
26 0 12
26 1 27
26 2 50
26 3 48
26 4 3
26 5 38
26 6 54
26 7 41
26 8 58
26 9 1
26 10 41
26 11 54
26 12 29
26 13 20
26 14 40
26 15 19
26 16 31
26 17 40
26 18 41
26 19 34
26 20 45
26 21 31
26 22 31
26 23 3
26 24 45
26 25 20
27 0 35
27 1 51
27 2 44
27 3 30
27 4 2
27 5 5
27 6 51
27 7 24
27 8 14
27 9 4
27 10 46
27 11 59
27 12 12
27 13 31
27 14 52
27 15 17
27 16 60
27 17 11
27 18 3
27 19 37
27 20 44
27 21 16
27 22 30
27 23 6
27 24 50
27 25 55
27 26 24
28 0 19
28 1 44
28 2 57
28 3 35
28 4 52
28 5 1
28 6 50
28 7 60
28 8 6
28 9 56
28 10 60
28 11 46
28 12 41
28 13 28
28 14 25
28 15 47
28 16 13
28 17 51
28 18 60
28 19 61
28 20 36
28 21 35
28 22 3
28 23 40
28 24 19
28 25 51
28 26 9
28 27 18
29 0 27
29 1 51
29 2 47
29 3 17
29 4 38
29 5 2
29 6 55
29 7 6
29 8 16
29 9 55
29 10 14
29 11 47
29 12 8
29 13 3
29 14 50
29 15 2
29 16 42
29 17 27
29 18 16
29 19 4
29 20 60
29 21 40
29 22 34
29 23 15
29 24 61
29 25 25
29 26 42
29 27 59
29 28 42
30 0 11
30 1 5
30 2 11
30 3 10
30 4 8
30 5 47
30 6 1
30 7 41
30 8 2
30 9 56
30 10 53
30 11 27
30 12 48
30 13 51
30 14 8
30 15 32
30 16 44
30 17 53
30 18 37
30 19 2
30 20 46
30 21 38
30 22 50
30 23 42
30 24 7
30 25 32
30 26 20
30 27 18
30 28 18
30 29 42
31 0 19
31 1 51
31 2 15
31 3 20
31 4 14
31 5 60
31 6 8
31 7 37
31 8 19
31 9 36
31 10 13
31 11 26
31 12 7
31 13 6
31 14 23
31 15 22
31 16 35
31 17 5
31 18 47
31 19 10
31 20 61
31 21 39
31 22 19
31 23 16
31 24 8
31 25 44
31 26 60
31 27 14
31 28 22
31 29 9
31 30 31
32 0 11
32 1 21
32 2 51
32 3 27
32 4 29
32 5 51
32 6 6
32 7 56
32 8 24
32 9 35
32 10 36
32 11 44
32 12 28
32 13 23
32 14 54
32 15 13
32 16 40
32 17 48
32 18 46
32 19 22
32 20 38
32 21 58
32 22 57
32 23 61
32 24 53
32 25 41
32 26 39
32 27 56
32 28 11
32 29 42
32 30 17
32 31 29
33 0 1
33 1 40
33 2 61
33 3 48
33 4 35
33 5 28
33 6 14
33 7 53
33 8 41
33 9 36
33 10 7
33 11 59
33 12 50
33 13 8
33 14 37
33 15 16
33 16 50
33 17 13
33 18 45
33 19 33
33 20 15
33 21 5
33 22 61
33 23 22
33 24 11
33 25 16
33 26 18
33 27 14
33 28 15
33 29 23
33 30 33
33 31 25
33 32 54
34 0 30
34 1 59
34 2 35
34 3 19
34 4 17
34 5 50
34 6 18
34 7 41
34 8 13
34 9 57
34 10 16
34 11 11
34 12 30
34 13 18
34 14 40
34 15 26
34 16 47
34 17 37
34 18 58
34 19 11
34 20 32
34 21 44
34 22 11
34 23 10
34 24 40
34 25 59
34 26 24
34 27 45
34 28 58
34 29 12
34 30 61
34 31 30
34 32 21
34 33 51
35 0 59
35 1 10
35 2 50
35 3 15
35 4 10
35 5 25
35 6 56
35 7 25
35 8 29
35 9 20
35 10 49
35 11 26
35 12 18
35 13 38
35 14 28
35 15 35
35 16 31
35 17 60
35 18 36
35 19 58
35 20 15
35 21 12
35 22 3
35 23 35
35 24 53
35 25 42
35 26 4
35 27 60
35 28 2
35 29 44
35 30 39
35 31 24
35 32 44
35 33 31
35 34 39
36 0 55
36 1 43
36 2 53
36 3 37
36 4 33
36 5 46
36 6 18
36 7 24
36 8 2
36 9 30
36 10 18
36 11 4
36 12 33
36 13 58
36 14 43
36 15 29
36 16 40
36 17 54
36 18 9
36 19 52
36 20 48
36 21 38
36 22 55
36 23 5
36 24 19
36 25 3
36 26 48
36 27 24
36 28 14
36 29 50
36 30 52
36 31 56
36 32 22
36 33 5
36 34 8
36 35 7
37 0 12
37 1 5
37 2 27
37 3 10
37 4 57
37 5 43
37 6 17
37 7 46
37 8 16
37 9 39
37 10 4
37 11 51
37 12 6
37 13 46
37 14 37
37 15 20
37 16 12
37 17 52
37 18 8
37 19 51
37 20 24
37 21 1
37 22 22
37 23 55
37 24 52
37 25 7
37 26 59
37 27 13
37 28 35
37 29 1
37 30 35
37 31 59
37 32 15
37 33 2
37 34 44
37 35 13
37 36 49
38 0 6
38 1 24
38 2 48
38 3 36
38 4 7
38 5 40
38 6 30
38 7 58
38 8 22
38 9 1
38 10 10
38 11 29
38 12 38
38 13 16
38 14 11
38 15 26
38 16 61
38 17 48
38 18 18
38 19 56
38 20 60
38 21 60
38 22 3
38 23 1
38 24 32
38 25 60
38 26 2
38 27 42
38 28 21
38 29 47
38 30 36
38 31 23
38 32 16
38 33 46
38 34 11
38 35 33
38 36 48
38 37 61
39 0 5
39 1 31
39 2 50
39 3 49
39 4 17
39 5 32
39 6 34
39 7 28
39 8 43
39 9 44
39 10 48
39 11 10
39 12 20
39 13 22
39 14 1
39 15 39
39 16 36
39 17 48
39 18 30
39 19 44
39 20 6
39 21 54
39 22 38
39 23 2
39 24 52
39 25 37
39 26 53
39 27 48
39 28 17
39 29 29
39 30 33
39 31 48
39 32 43
39 33 46
39 34 28
39 35 35
39 36 18
39 37 39
39 38 25
40 0 19
40 1 24
40 2 54
40 3 34
40 4 36
40 5 57
40 6 32
40 7 40
40 8 23
40 9 17
40 10 53
40 11 20
40 12 55
40 13 37
40 14 37
40 15 1
40 16 2
40 17 50
40 18 48
40 19 16
40 20 30
40 21 32
40 22 17
40 23 32
40 24 61
40 25 37
40 26 39
40 27 31
40 28 14
40 29 21
40 30 41
40 31 50
40 32 1
40 33 16
40 34 59
40 35 33
40 36 14
40 37 55
40 38 23
40 39 51
41 0 32
41 1 33
41 2 11
41 3 45
41 4 35
41 5 17
41 6 18
41 7 48
41 8 26
41 9 8
41 10 45
41 11 13
41 12 32
41 13 1
41 14 29
41 15 40
41 16 7
41 17 47
41 18 9
41 19 44
41 20 12
41 21 42
41 22 10
41 23 55
41 24 29
41 25 2
41 26 37
41 27 41
41 28 31
41 29 36
41 30 35
41 31 39
41 32 26
41 33 23
41 34 48
41 35 12
41 36 46
41 37 48
41 38 9
41 39 3
41 40 11
42 0 59
42 1 60
42 2 30
42 3 24
42 4 14
42 5 28
42 6 22
42 7 9
42 8 39
42 9 27
42 10 3
42 11 29
42 12 19
42 13 31
42 14 57
42 15 32
42 16 45
42 17 14
42 18 14
42 19 19
42 20 32
42 21 43
42 22 61
42 23 38
42 24 5
42 25 4
42 26 48
42 27 45
42 28 24
42 29 18
42 30 25
42 31 47
42 32 41
42 33 52
42 34 34
42 35 37
42 36 39
42 37 34
42 38 12
42 39 57
42 40 46
42 41 7
43 0 17
43 1 54
43 2 40
43 3 8
43 4 61
43 5 3
43 6 29
43 7 6
43 8 33
43 9 5
43 10 2
43 11 24
43 12 17
43 13 1
43 14 52
43 15 48
43 16 43
43 17 11
43 18 36
43 19 61
43 20 37
43 21 17
43 22 28
43 23 40
43 24 14
43 25 50
43 26 24
43 27 14
43 28 33
43 29 13
43 30 25
43 31 16
43 32 46
43 33 10
43 34 12
43 35 38
43 36 39
43 37 9
43 38 59
43 39 38
43 40 34
43 41 59
43 42 59
44 0 31
44 1 1
44 2 59
44 3 29
44 4 25
44 5 3
44 6 12
44 7 50
44 8 45
44 9 10
44 10 35
44 11 1
44 12 52
44 13 20
44 14 61
44 15 59
44 16 15
44 17 14
44 18 50
44 19 18
44 20 39
44 21 57
44 22 12
44 23 14
44 24 56
44 25 32
44 26 16
44 27 15
44 28 23
44 29 38
44 30 3
44 31 22
44 32 16
44 33 31
44 34 34
44 35 58
44 36 5
44 37 21
44 38 41
44 39 3
44 40 24
44 41 3
44 42 32
44 43 9
45 0 14
45 1 20
45 2 36
45 3 50
45 4 49
45 5 13
45 6 49
45 7 8
45 8 54
45 9 7
45 10 4
45 11 22
45 12 24
45 13 6
45 14 24
45 15 22
45 16 22
45 17 1
45 18 25
45 19 61
45 20 23
45 21 30
45 22 39
45 23 12
45 24 55
45 25 20
45 26 15
45 27 31
45 28 26
45 29 22
45 30 2
45 31 30
45 32 60
45 33 61
45 34 41
45 35 1
45 36 44
45 37 10
45 38 38
45 39 26
45 40 36
45 41 5
45 42 18
45 43 18
45 44 7
46 0 17
46 1 13
46 2 58
46 3 3
46 4 41
46 5 23
46 6 10
46 7 16
46 8 50
46 9 2
46 10 39
46 11 3
46 12 29
46 13 35
46 14 17
46 15 1
46 16 56
46 17 18
46 18 10
46 19 60
46 20 5
46 21 2
46 22 57
46 23 34
46 24 16
46 25 17
46 26 60
46 27 32
46 28 46
46 29 60
46 30 26
46 31 56
46 32 60
46 33 14
46 34 59
46 35 41
46 36 50
46 37 36
46 38 15
46 39 12
46 40 6
46 41 43
46 42 58
46 43 56
46 44 49
46 45 30
47 0 59
47 1 12
47 2 1
47 3 57
47 4 21
47 5 49
47 6 60
47 7 30
47 8 56
47 9 49
47 10 44
47 11 30
47 12 43
47 13 46
47 14 50
47 15 57
47 16 30
47 17 36
47 18 60
47 19 57
47 20 18
47 21 17
47 22 40
47 23 14
47 24 25
47 25 25
47 26 20
47 27 55
47 28 39
47 29 18
47 30 22
47 31 5
47 32 23
47 33 4
47 34 60
47 35 8
47 36 2
47 37 61
47 38 22
47 39 55
47 40 53
47 41 60
47 42 29
47 43 49
47 44 9
47 45 51
47 46 27
48 0 53
48 1 19
48 2 3
48 3 23
48 4 59
48 5 26
48 6 55
48 7 60
48 8 10
48 9 17
48 10 17
48 11 36
48 12 19
48 13 44
48 14 30
48 15 3
48 16 57
48 17 12
48 18 53
48 19 55
48 20 48
48 21 39
48 22 11
48 23 49
48 24 23
48 25 61
48 26 54
48 27 56
48 28 50
48 29 12
48 30 57
48 31 51
48 32 29
48 33 18
48 34 27
48 35 21
48 36 20
48 37 6
48 38 47
48 39 52
48 40 2
48 41 32
48 42 32
48 43 41
48 44 12
48 45 23
48 46 34
48 47 8
49 0 13
49 1 34
49 2 13
49 3 13
49 4 42
49 5 40
49 6 11
49 7 30
49 8 25
49 9 25
49 10 41
49 11 27
49 12 17
49 13 46
49 14 58
49 15 3
49 16 43
49 17 15
49 18 23
49 19 48
49 20 24
49 21 60
49 22 25
49 23 16
49 24 31
49 25 35
49 26 18
49 27 47
49 28 36
49 29 39
49 30 23
49 31 1
49 32 54
49 33 49
49 34 15
49 35 25
49 36 43
49 37 19
49 38 16
49 39 55
49 40 7
49 41 47
49 42 1
49 43 10
49 44 18
49 45 24
49 46 47
49 47 29
49 48 51
50 0 57
50 1 1
50 2 60
50 3 14
50 4 19
50 5 50
50 6 47
50 7 23
50 8 18
50 9 22
50 10 6
50 11 27
50 12 1
50 13 50
50 14 50
50 15 51
50 16 2
50 17 42
50 18 44
50 19 51
50 20 15
50 21 13
50 22 23
50 23 17
50 24 61
50 25 21
50 26 34
50 27 27
50 28 58
50 29 21
50 30 38
50 31 39
50 32 46
50 33 15
50 34 14
50 35 39
50 36 31
50 37 38
50 38 12
50 39 44
50 40 34
50 41 17
50 42 34
50 43 46
50 44 9
50 45 58
50 46 4
50 47 1
50 48 54
50 49 8
