19
1 0 3
2 0 4
2 1 6
3 0 2
3 1 2
3 2 7
4 0 7
4 1 2
4 2 3
4 3 4
5 0 7
5 1 7
5 2 5
5 3 6
5 4 9
6 0 6
6 1 1
6 2 6
6 3 4
6 4 7
6 5 1
7 0 4
7 1 2
7 2 2
7 3 7
7 4 8
7 5 6
7 6 4
8 0 4
8 1 3
8 2 5
8 3 2
8 4 3
8 5 9
8 6 4
8 7 4
9 0 5
9 1 6
9 2 1
9 3 4
9 4 2
9 5 7
9 6 6
9 7 6
9 8 2
10 0 7
10 1 4
10 2 7
10 3 6
10 4 3
10 5 7
10 6 6
10 7 5
10 8 3
10 9 2
11 0 6
11 1 5
11 2 5
11 3 9
11 4 2
11 5 7
11 6 2
11 7 8
11 8 7
11 9 7
11 10 3
12 0 5
12 1 1
12 2 5
12 3 6
12 4 7
12 5 3
12 6 7
12 7 6
12 8 4
12 9 7
12 10 3
12 11 4
13 0 9
13 1 2
13 2 4
13 3 8
13 4 9
13 5 5
13 6 6
13 7 8
13 8 9
13 9 9
13 10 8
13 11 6
13 12 4
14 0 6
14 1 1
14 2 1
14 3 1
14 4 1
14 5 3
14 6 3
14 7 2
14 8 7
14 9 5
14 10 2
14 11 2
14 12 6
14 13 9
15 0 2
15 1 4
15 2 3
15 3 8
15 4 5
15 5 5
15 6 1
15 7 5
15 8 4
15 9 4
15 10 6
15 11 1
15 12 9
15 13 1
15 14 6
16 0 4
16 1 3
16 2 5
16 3 3
16 4 6
16 5 2
16 6 8
16 7 1
16 8 6
16 9 6
16 10 6
16 11 6
16 12 3
16 13 7
16 14 7
16 15 2
17 0 8
17 1 7
17 2 6
17 3 5
17 4 1
17 5 1
17 6 2
17 7 8
17 8 7
17 9 8
17 10 6
17 11 4
17 12 7
17 13 7
17 14 5
17 15 4
17 16 4
18 0 8
18 1 8
18 2 8
18 3 8
18 4 5
18 5 9
18 6 4
18 7 1
18 8 3
18 9 2
18 10 6
18 11 9
18 12 1
18 13 1
18 14 7
18 15 6
18 16 6
18 17 3
