69
1 0 14
2 0 31
2 1 37
3 0 5
3 1 38
3 2 28
4 0 3
4 1 41
4 2 25
4 3 9
5 0 2
5 1 4
5 2 9
5 3 24
5 4 20
6 0 30
6 1 30
6 2 18
6 3 36
6 4 23
6 5 41
7 0 23
7 1 41
7 2 16
7 3 37
7 4 21
7 5 27
7 6 17
8 0 41
8 1 32
8 2 42
8 3 39
8 4 18
8 5 17
8 6 33
8 7 28
9 0 23
9 1 41
9 2 33
9 3 7
9 4 26
9 5 4
9 6 28
9 7 15
9 8 40
10 0 12
10 1 11
10 2 29
10 3 28
10 4 34
10 5 19
10 6 23
10 7 7
10 8 12
10 9 17
11 0 18
11 1 23
11 2 6
11 3 1
11 4 11
11 5 24
11 6 9
11 7 27
11 8 8
11 9 29
11 10 24
12 0 7
12 1 4
12 2 9
12 3 26
12 4 34
12 5 39
12 6 33
12 7 15
12 8 18
12 9 7
12 10 35
12 11 1
13 0 13
13 1 6
13 2 15
13 3 1
13 4 18
13 5 1
13 6 20
13 7 7
13 8 26
13 9 37
13 10 16
13 11 20
13 12 41
14 0 40
14 1 40
14 2 6
14 3 1
14 4 38
14 5 36
14 6 15
14 7 20
14 8 42
14 9 37
14 10 3
14 11 38
14 12 16
14 13 9
15 0 5
15 1 7
15 2 28
15 3 18
15 4 35
15 5 41
15 6 36
15 7 32
15 8 23
15 9 24
15 10 4
15 11 30
15 12 12
15 13 12
15 14 32
16 0 3
16 1 32
16 2 42
16 3 2
16 4 4
16 5 14
16 6 5
16 7 42
16 8 11
16 9 26
16 10 4
16 11 17
16 12 35
16 13 34
16 14 18
16 15 15
17 0 7
17 1 41
17 2 17
17 3 14
17 4 30
17 5 2
17 6 25
17 7 34
17 8 28
17 9 39
17 10 9
17 11 3
17 12 9
17 13 6
17 14 18
17 15 25
17 16 27
18 0 3
18 1 42
18 2 14
18 3 22
18 4 10
18 5 21
18 6 17
18 7 8
18 8 36
18 9 25
18 10 16
18 11 38
18 12 3
18 13 35
18 14 6
18 15 20
18 16 31
18 17 34
19 0 30
19 1 12
19 2 36
19 3 35
19 4 37
19 5 38
19 6 29
19 7 22
19 8 12
19 9 40
19 10 20
19 11 28
19 12 17
19 13 30
19 14 8
19 15 25
19 16 24
19 17 20
19 18 26
20 0 32
20 1 39
20 2 3
20 3 34
20 4 4
20 5 42
20 6 35
20 7 28
20 8 34
20 9 14
20 10 29
20 11 13
20 12 10
20 13 10
20 14 28
20 15 14
20 16 42
20 17 29
20 18 26
20 19 3
21 0 35
21 1 39
21 2 39
21 3 36
21 4 25
21 5 13
21 6 35
21 7 13
21 8 15
21 9 12
21 10 14
21 11 18
21 12 29
21 13 38
21 14 37
21 15 18
21 16 19
21 17 40
21 18 19
21 19 33
21 20 26
22 0 21
22 1 17
22 2 15
22 3 10
22 4 39
22 5 27
22 6 41
22 7 11
22 8 12
22 9 27
22 10 37
22 11 37
22 12 31
22 13 17
22 14 29
22 15 40
22 16 13
22 17 31
22 18 33
22 19 2
22 20 21
22 21 33
23 0 22
23 1 28
23 2 5
23 3 14
23 4 22
23 5 25
23 6 20
23 7 1
23 8 27
23 9 16
23 10 5
23 11 24
23 12 8
23 13 8
23 14 13
23 15 16
23 16 28
23 17 39
23 18 4
23 19 26
23 20 5
23 21 5
23 22 35
24 0 10
24 1 36
24 2 2
24 3 11
24 4 27
24 5 2
24 6 1
24 7 26
24 8 8
24 9 20
24 10 33
24 11 21
24 12 5
24 13 24
24 14 35
24 15 2
24 16 23
24 17 20
24 18 13
24 19 11
24 20 30
24 21 19
24 22 28
24 23 2
25 0 40
25 1 16
25 2 32
25 3 21
25 4 18
25 5 40
25 6 40
25 7 20
25 8 4
25 9 22
25 10 36
25 11 16
25 12 22
25 13 8
25 14 15
25 15 4
25 16 32
25 17 14
25 18 13
25 19 37
25 20 15
25 21 23
25 22 42
25 23 7
25 24 41
26 0 5
26 1 1
26 2 14
26 3 12
26 4 41
26 5 27
26 6 36
26 7 15
26 8 41
26 9 13
26 10 33
26 11 18
26 12 15
26 13 3
26 14 38
26 15 33
26 16 40
26 17 20
26 18 11
26 19 14
26 20 40
26 21 11
26 22 11
26 23 40
26 24 18
26 25 34
27 0 38
27 1 29
27 2 28
27 3 38
27 4 9
27 5 21
27 6 40
27 7 38
27 8 41
27 9 38
27 10 21
27 11 36
27 12 8
27 13 1
27 14 41
27 15 1
27 16 35
27 17 29
27 18 41
27 19 30
27 20 1
27 21 21
27 22 11
27 23 12
27 24 22
27 25 17
27 26 13
28 0 13
28 1 6
28 2 28
28 3 7
28 4 23
28 5 28
28 6 29
28 7 6
28 8 23
28 9 5
28 10 38
28 11 21
28 12 8
28 13 33
28 14 27
28 15 23
28 16 1
28 17 1
28 18 40
28 19 12
28 20 32
28 21 38
28 22 12
28 23 33
28 24 37
28 25 11
28 26 6
28 27 8
29 0 13
29 1 26
29 2 27
29 3 19
29 4 29
29 5 8
29 6 25
29 7 32
29 8 28
29 9 23
29 10 3
29 11 42
29 12 15
29 13 9
29 14 32
29 15 18
29 16 18
29 17 2
29 18 13
29 19 4
29 20 6
29 21 30
29 22 1
29 23 6
29 24 36
29 25 19
29 26 28
29 27 4
29 28 33
30 0 13
30 1 24
30 2 38
30 3 19
30 4 29
30 5 34
30 6 16
30 7 23
30 8 3
30 9 18
30 10 3
30 11 25
30 12 1
30 13 41
30 14 37
30 15 22
30 16 1
30 17 34
30 18 6
30 19 30
30 20 25
30 21 30
30 22 16
30 23 33
30 24 31
30 25 14
30 26 30
30 27 22
30 28 39
30 29 33
31 0 3
31 1 39
31 2 41
31 3 37
31 4 35
31 5 32
31 6 8
31 7 36
31 8 34
31 9 9
31 10 19
31 11 8
31 12 13
31 13 8
31 14 17
31 15 15
31 16 34
31 17 10
31 18 1
31 19 3
31 20 28
31 21 40
31 22 23
31 23 42
31 24 33
31 25 17
31 26 17
31 27 17
31 28 41
31 29 5
31 30 21
32 0 23
32 1 29
32 2 22
32 3 34
32 4 30
32 5 12
32 6 32
32 7 35
32 8 6
32 9 38
32 10 21
32 11 35
32 12 21
32 13 38
32 14 3
32 15 29
32 16 3
32 17 38
32 18 2
32 19 15
32 20 15
32 21 17
32 22 3
32 23 5
32 24 36
32 25 21
32 26 22
32 27 33
32 28 23
32 29 21
32 30 18
32 31 34
33 0 40
33 1 21
33 2 32
33 3 2
33 4 21
33 5 17
33 6 31
33 7 12
33 8 34
33 9 3
33 10 1
33 11 10
33 12 37
33 13 9
33 14 41
33 15 8
33 16 13
33 17 10
33 18 4
33 19 32
33 20 14
33 21 38
33 22 20
33 23 15
33 24 35
33 25 12
33 26 4
33 27 14
33 28 2
33 29 7
33 30 38
33 31 38
33 32 18
34 0 14
34 1 42
34 2 14
34 3 34
34 4 36
34 5 40
34 6 40
34 7 39
34 8 31
34 9 19
34 10 1
34 11 42
34 12 16
34 13 40
34 14 22
34 15 38
34 16 27
34 17 13
34 18 9
34 19 41
34 20 27
34 21 6
34 22 42
34 23 28
34 24 17
34 25 34
34 26 33
34 27 22
34 28 42
34 29 41
34 30 36
34 31 8
34 32 5
34 33 6
35 0 20
35 1 23
35 2 27
35 3 40
35 4 33
35 5 36
35 6 4
35 7 30
35 8 30
35 9 40
35 10 1
35 11 26
35 12 8
35 13 18
35 14 16
35 15 36
35 16 34
35 17 30
35 18 35
35 19 2
35 20 7
35 21 19
35 22 10
35 23 11
35 24 37
35 25 5
35 26 41
35 27 14
35 28 25
35 29 15
35 30 29
35 31 38
35 32 10
35 33 11
35 34 37
36 0 39
36 1 2
36 2 25
36 3 40
36 4 18
36 5 32
36 6 24
36 7 4
36 8 24
36 9 22
36 10 27
36 11 2
36 12 12
36 13 20
36 14 34
36 15 8
36 16 14
36 17 7
36 18 3
36 19 9
36 20 15
36 21 7
36 22 39
36 23 29
36 24 11
36 25 31
36 26 15
36 27 24
36 28 1
36 29 6
36 30 19
36 31 23
36 32 35
36 33 3
36 34 39
36 35 20
37 0 4
37 1 10
37 2 30
37 3 26
37 4 22
37 5 15
37 6 31
37 7 10
37 8 39
37 9 33
37 10 24
37 11 29
37 12 29
37 13 14
37 14 14
37 15 18
37 16 20
37 17 32
37 18 6
37 19 12
37 20 32
37 21 13
37 22 8
37 23 29
37 24 27
37 25 12
37 26 36
37 27 13
37 28 37
37 29 4
37 30 31
37 31 41
37 32 15
37 33 32
37 34 21
37 35 22
37 36 29
38 0 36
38 1 24
38 2 18
38 3 1
38 4 29
38 5 29
38 6 15
38 7 23
38 8 32
38 9 12
38 10 24
38 11 37
38 12 8
38 13 17
38 14 5
38 15 42
38 16 23
38 17 28
38 18 9
38 19 22
38 20 41
38 21 29
38 22 13
38 23 25
38 24 42
38 25 16
38 26 29
38 27 14
38 28 6
38 29 26
38 30 12
38 31 41
38 32 12
38 33 42
38 34 29
38 35 6
38 36 16
38 37 21
39 0 4
39 1 19
39 2 3
39 3 26
39 4 27
39 5 37
39 6 3
39 7 42
39 8 25
39 9 23
39 10 30
39 11 32
39 12 14
39 13 15
39 14 30
39 15 39
39 16 38
39 17 11
39 18 6
39 19 37
39 20 23
39 21 37
39 22 13
39 23 27
39 24 39
39 25 16
39 26 34
39 27 6
39 28 23
39 29 17
39 30 3
39 31 9
39 32 18
39 33 10
39 34 9
39 35 33
39 36 29
39 37 8
39 38 41
40 0 13
40 1 40
40 2 24
40 3 33
40 4 34
40 5 3
40 6 41
40 7 34
40 8 27
40 9 18
40 10 7
40 11 1
40 12 10
40 13 41
40 14 38
40 15 39
40 16 9
40 17 26
40 18 7
40 19 9
40 20 27
40 21 27
40 22 33
40 23 27
40 24 12
40 25 12
40 26 16
40 27 13
40 28 15
40 29 29
40 30 8
40 31 7
40 32 38
40 33 2
40 34 11
40 35 14
40 36 34
40 37 38
40 38 33
40 39 9
41 0 9
41 1 3
41 2 33
41 3 10
41 4 27
41 5 27
41 6 23
41 7 13
41 8 20
41 9 23
41 10 7
41 11 33
41 12 41
41 13 25
41 14 15
41 15 25
41 16 27
41 17 31
41 18 11
41 19 11
41 20 13
41 21 12
41 22 7
41 23 18
41 24 40
41 25 2
41 26 40
41 27 12
41 28 33
41 29 34
41 30 37
41 31 16
41 32 29
41 33 23
41 34 9
41 35 3
41 36 39
41 37 14
41 38 25
41 39 5
41 40 6
42 0 26
42 1 5
42 2 42
42 3 30
42 4 34
42 5 24
42 6 31
42 7 41
42 8 36
42 9 20
42 10 32
42 11 13
42 12 21
42 13 29
42 14 33
42 15 18
42 16 14
42 17 24
42 18 28
42 19 40
42 20 34
42 21 18
42 22 39
42 23 41
42 24 42
42 25 15
42 26 18
42 27 27
42 28 25
42 29 29
42 30 9
42 31 1
42 32 15
42 33 37
42 34 15
42 35 34
42 36 7
42 37 26
42 38 40
42 39 1
42 40 21
42 41 3
43 0 37
43 1 39
43 2 28
43 3 31
43 4 14
43 5 18
43 6 10
43 7 32
43 8 15
43 9 4
43 10 35
43 11 39
43 12 20
43 13 7
43 14 26
43 15 10
43 16 24
43 17 21
43 18 26
43 19 23
43 20 14
43 21 5
43 22 25
43 23 32
43 24 7
43 25 39
43 26 38
43 27 27
43 28 1
43 29 35
43 30 42
43 31 35
43 32 39
43 33 1
43 34 42
43 35 8
43 36 41
43 37 19
43 38 34
43 39 12
43 40 41
43 41 32
43 42 24
44 0 20
44 1 18
44 2 37
44 3 26
44 4 9
44 5 34
44 6 23
44 7 42
44 8 16
44 9 1
44 10 40
44 11 11
44 12 32
44 13 11
44 14 25
44 15 12
44 16 41
44 17 19
44 18 3
44 19 1
44 20 24
44 21 11
44 22 39
44 23 27
44 24 38
44 25 10
44 26 29
44 27 25
44 28 9
44 29 26
44 30 25
44 31 6
44 32 1
44 33 32
44 34 18
44 35 34
44 36 16
44 37 20
44 38 21
44 39 20
44 40 5
44 41 12
44 42 40
44 43 10
45 0 38
45 1 37
45 2 28
45 3 22
45 4 24
45 5 6
45 6 12
45 7 13
45 8 18
45 9 1
45 10 36
45 11 8
45 12 4
45 13 3
45 14 11
45 15 17
45 16 13
45 17 23
45 18 26
45 19 41
45 20 31
45 21 33
45 22 7
45 23 24
45 24 33
45 25 20
45 26 2
45 27 31
45 28 27
45 29 16
45 30 22
45 31 2
45 32 18
45 33 15
45 34 17
45 35 18
45 36 5
45 37 9
45 38 9
45 39 21
45 40 7
45 41 40
45 42 41
45 43 26
45 44 29
46 0 24
46 1 22
46 2 8
46 3 8
46 4 5
46 5 23
46 6 21
46 7 10
46 8 39
46 9 31
46 10 20
46 11 27
46 12 11
46 13 1
46 14 12
46 15 4
46 16 30
46 17 24
46 18 27
46 19 8
46 20 40
46 21 40
46 22 10
46 23 17
46 24 35
46 25 1
46 26 38
46 27 15
46 28 4
46 29 38
46 30 3
46 31 17
46 32 35
46 33 17
46 34 29
46 35 30
46 36 20
46 37 40
46 38 40
46 39 34
46 40 21
46 41 18
46 42 10
46 43 31
46 44 22
46 45 36
47 0 3
47 1 8
47 2 20
47 3 23
47 4 12
47 5 36
47 6 26
47 7 20
47 8 18
47 9 27
47 10 40
47 11 27
47 12 9
47 13 33
47 14 30
47 15 38
47 16 22
47 17 10
47 18 25
47 19 25
47 20 12
47 21 7
47 22 13
47 23 27
47 24 10
47 25 34
47 26 23
47 27 15
47 28 12
47 29 28
47 30 40
47 31 28
47 32 14
47 33 20
47 34 21
47 35 41
47 36 8
47 37 9
47 38 33
47 39 21
47 40 19
47 41 26
47 42 5
47 43 42
47 44 16
47 45 27
47 46 38
48 0 5
48 1 31
48 2 26
48 3 10
48 4 37
48 5 34
48 6 27
48 7 32
48 8 41
48 9 24
48 10 37
48 11 22
48 12 34
48 13 32
48 14 3
48 15 4
48 16 31
48 17 18
48 18 25
48 19 3
48 20 20
48 21 19
48 22 17
48 23 7
48 24 8
48 25 25
48 26 5
48 27 9
48 28 11
48 29 14
48 30 35
48 31 24
48 32 39
48 33 35
48 34 32
48 35 15
48 36 16
48 37 10
48 38 10
48 39 1
48 40 42
48 41 18
48 42 9
48 43 8
48 44 22
48 45 4
48 46 40
48 47 2
49 0 25
49 1 25
49 2 27
49 3 25
49 4 12
49 5 29
49 6 15
49 7 21
49 8 27
49 9 25
49 10 4
49 11 9
49 12 12
49 13 34
49 14 13
49 15 42
49 16 7
49 17 13
49 18 36
49 19 29
49 20 39
49 21 23
49 22 18
49 23 13
49 24 37
49 25 5
49 26 37
49 27 11
49 28 38
49 29 41
49 30 40
49 31 13
49 32 21
49 33 28
49 34 12
49 35 22
49 36 14
49 37 38
49 38 35
49 39 13
49 40 5
49 41 27
49 42 2
49 43 5
49 44 28
49 45 4
49 46 11
49 47 35
49 48 19
50 0 25
50 1 19
50 2 33
50 3 10
50 4 20
50 5 8
50 6 20
50 7 3
50 8 33
50 9 3
50 10 15
50 11 17
50 12 42
50 13 27
50 14 23
50 15 21
50 16 38
50 17 10
50 18 42
50 19 29
50 20 11
50 21 40
50 22 34
50 23 16
50 24 40
50 25 8
50 26 22
50 27 10
50 28 33
50 29 18
50 30 29
50 31 21
50 32 41
50 33 31
50 34 36
50 35 9
50 36 12
50 37 20
50 38 38
50 39 30
50 40 2
50 41 17
50 42 25
50 43 31
50 44 21
50 45 35
50 46 15
50 47 39
50 48 35
50 49 18
51 0 31
51 1 31
51 2 35
51 3 10
51 4 20
51 5 40
51 6 30
51 7 36
51 8 24
51 9 8
51 10 27
51 11 19
51 12 3
51 13 11
51 14 15
51 15 29
51 16 24
51 17 12
51 18 25
51 19 15
51 20 11
51 21 33
51 22 32
51 23 9
51 24 22
51 25 8
51 26 15
51 27 32
51 28 1
51 29 24
51 30 38
51 31 12
51 32 33
51 33 22
51 34 17
51 35 6
51 36 3
51 37 17
51 38 32
51 39 28
51 40 27
51 41 19
51 42 13
51 43 1
51 44 3
51 45 16
51 46 41
51 47 21
51 48 32
51 49 29
51 50 2
52 0 14
52 1 10
52 2 21
52 3 39
52 4 33
52 5 35
52 6 36
52 7 28
52 8 18
52 9 16
52 10 39
52 11 15
52 12 3
52 13 11
52 14 39
52 15 11
52 16 5
52 17 9
52 18 24
52 19 16
52 20 39
52 21 8
52 22 37
52 23 7
52 24 14
52 25 6
52 26 15
52 27 11
52 28 33
52 29 12
52 30 26
52 31 10
52 32 30
52 33 16
52 34 19
52 35 16
52 36 29
52 37 5
52 38 1
52 39 29
52 40 40
52 41 22
52 42 23
52 43 41
52 44 3
52 45 7
52 46 5
52 47 41
52 48 1
52 49 12
52 50 42
52 51 6
53 0 33
53 1 17
53 2 28
53 3 41
53 4 7
53 5 40
53 6 36
53 7 24
53 8 38
53 9 32
53 10 28
53 11 16
53 12 30
53 13 37
53 14 4
53 15 25
53 16 42
53 17 31
53 18 11
53 19 22
53 20 29
53 21 26
53 22 14
53 23 38
53 24 42
53 25 6
53 26 29
53 27 6
53 28 15
53 29 9
53 30 42
53 31 26
53 32 24
53 33 9
53 34 22
53 35 35
53 36 14
53 37 5
53 38 2
53 39 41
53 40 9
53 41 14
53 42 2
53 43 8
53 44 38
53 45 11
53 46 34
53 47 18
53 48 28
53 49 21
53 50 41
53 51 36
53 52 29
54 0 27
54 1 31
54 2 15
54 3 8
54 4 15
54 5 41
54 6 9
54 7 21
54 8 6
54 9 6
54 10 8
54 11 6
54 12 35
54 13 39
54 14 33
54 15 37
54 16 42
54 17 31
54 18 3
54 19 14
54 20 22
54 21 36
54 22 23
54 23 17
54 24 13
54 25 13
54 26 41
54 27 30
54 28 22
54 29 18
54 30 36
54 31 34
54 32 10
54 33 4
54 34 20
54 35 38
54 36 4
54 37 18
54 38 10
54 39 6
54 40 14
54 41 17
54 42 35
54 43 2
54 44 28
54 45 24
54 46 32
54 47 16
54 48 17
54 49 37
54 50 30
54 51 20
54 52 39
54 53 14
55 0 16
55 1 7
55 2 29
55 3 39
55 4 12
55 5 23
55 6 42
55 7 6
55 8 37
55 9 7
55 10 19
55 11 39
55 12 3
55 13 25
55 14 30
55 15 30
55 16 29
55 17 17
55 18 37
55 19 21
55 20 38
55 21 38
55 22 5
55 23 19
55 24 10
55 25 9
55 26 22
55 27 27
55 28 35
55 29 28
55 30 3
55 31 9
55 32 15
55 33 13
55 34 36
55 35 36
55 36 8
55 37 11
55 38 39
55 39 10
55 40 10
55 41 11
55 42 21
55 43 7
55 44 15
55 45 9
55 46 13
55 47 6
55 48 8
55 49 6
55 50 23
55 51 6
55 52 36
55 53 24
55 54 11
56 0 11
56 1 3
56 2 37
56 3 26
56 4 32
56 5 10
56 6 5
56 7 5
56 8 41
56 9 33
56 10 15
56 11 34
56 12 17
56 13 3
56 14 38
56 15 39
56 16 25
56 17 2
56 18 15
56 19 24
56 20 20
56 21 37
56 22 20
56 23 26
56 24 40
56 25 14
56 26 16
56 27 20
56 28 14
56 29 8
56 30 23
56 31 30
56 32 27
56 33 13
56 34 10
56 35 31
56 36 38
56 37 13
56 38 17
56 39 31
56 40 5
56 41 11
56 42 22
56 43 34
56 44 14
56 45 25
56 46 31
56 47 1
56 48 7
56 49 39
56 50 30
56 51 26
56 52 21
56 53 6
56 54 8
56 55 28
57 0 20
57 1 20
57 2 15
57 3 1
57 4 29
57 5 41
57 6 9
57 7 17
57 8 21
57 9 38
57 10 33
57 11 27
57 12 35
57 13 37
57 14 34
57 15 32
57 16 18
57 17 23
57 18 42
57 19 9
57 20 6
57 21 23
57 22 23
57 23 20
57 24 13
57 25 36
57 26 39
57 27 6
57 28 10
57 29 19
57 30 19
57 31 25
57 32 21
57 33 19
57 34 42
57 35 20
57 36 26
57 37 37
57 38 3
57 39 11
57 40 9
57 41 22
57 42 41
57 43 22
57 44 31
57 45 40
57 46 23
57 47 7
57 48 11
57 49 12
57 50 9
57 51 11
57 52 11
57 53 27
57 54 37
57 55 19
57 56 2
58 0 38
58 1 7
58 2 37
58 3 6
58 4 29
58 5 40
58 6 22
58 7 24
58 8 19
58 9 5
58 10 41
58 11 29
58 12 35
58 13 3
58 14 7
58 15 41
58 16 15
58 17 21
58 18 29
58 19 21
58 20 21
58 21 8
58 22 25
58 23 38
58 24 37
58 25 8
58 26 36
58 27 20
58 28 7
58 29 16
58 30 37
58 31 12
58 32 2
58 33 17
58 34 32
58 35 26
58 36 6
58 37 14
58 38 8
58 39 8
58 40 30
58 41 29
58 42 5
58 43 39
58 44 32
58 45 37
58 46 24
58 47 2
58 48 35
58 49 21
58 50 23
58 51 2
58 52 11
58 53 31
58 54 15
58 55 30
58 56 5
58 57 29
59 0 12
59 1 4
59 2 40
59 3 3
59 4 9
59 5 9
59 6 40
59 7 34
59 8 23
59 9 6
59 10 9
59 11 15
59 12 37
59 13 9
59 14 14
59 15 8
59 16 36
59 17 42
59 18 22
59 19 7
59 20 16
59 21 1
59 22 20
59 23 40
59 24 8
59 25 21
59 26 21
59 27 2
59 28 5
59 29 21
59 30 4
59 31 28
59 32 4
59 33 9
59 34 1
59 35 25
59 36 11
59 37 20
59 38 27
59 39 39
59 40 27
59 41 25
59 42 8
59 43 13
59 44 3
59 45 1
59 46 5
59 47 33
59 48 10
59 49 23
59 50 22
59 51 36
59 52 30
59 53 9
59 54 27
59 55 36
59 56 11
59 57 25
59 58 33
60 0 4
60 1 28
60 2 35
60 3 41
60 4 17
60 5 34
60 6 5
60 7 17
60 8 20
60 9 35
60 10 22
60 11 21
60 12 3
60 13 39
60 14 23
60 15 7
60 16 6
60 17 13
60 18 35
60 19 10
60 20 30
60 21 9
60 22 22
60 23 25
60 24 18
60 25 25
60 26 31
60 27 14
60 28 24
60 29 34
60 30 35
60 31 35
60 32 9
60 33 30
60 34 7
60 35 29
60 36 35
60 37 29
60 38 20
60 39 38
60 40 21
60 41 30
60 42 34
60 43 35
60 44 21
60 45 19
60 46 25
60 47 25
60 48 37
60 49 40
60 50 42
60 51 3
60 52 19
60 53 15
60 54 17
60 55 31
60 56 10
60 57 37
60 58 2
60 59 40
61 0 4
61 1 38
61 2 36
61 3 7
61 4 16
61 5 30
61 6 15
61 7 33
61 8 37
61 9 26
61 10 26
61 11 40
61 12 37
61 13 11
61 14 9
61 15 34
61 16 30
61 17 13
61 18 22
61 19 13
61 20 35
61 21 39
61 22 15
61 23 2
61 24 6
61 25 31
61 26 19
61 27 41
61 28 31
61 29 41
61 30 40
61 31 1
61 32 12
61 33 24
61 34 31
61 35 1
61 36 23
61 37 24
61 38 29
61 39 9
61 40 28
61 41 32
61 42 35
61 43 11
61 44 27
61 45 13
61 46 8
61 47 4
61 48 34
61 49 15
61 50 27
61 51 6
61 52 36
61 53 26
61 54 13
61 55 13
61 56 32
61 57 25
61 58 2
61 59 41
61 60 33
62 0 25
62 1 4
62 2 5
62 3 10
62 4 18
62 5 7
62 6 2
62 7 37
62 8 20
62 9 15
62 10 1
62 11 35
62 12 18
62 13 30
62 14 33
62 15 33
62 16 37
62 17 3
62 18 33
62 19 28
62 20 1
62 21 6
62 22 32
62 23 31
62 24 21
62 25 15
62 26 25
62 27 17
62 28 10
62 29 42
62 30 1
62 31 39
62 32 21
62 33 6
62 34 23
62 35 22
62 36 28
62 37 34
62 38 5
62 39 42
62 40 30
62 41 28
62 42 12
62 43 33
62 44 34
62 45 12
62 46 11
62 47 30
62 48 1
62 49 19
62 50 4
62 51 13
62 52 4
62 53 12
62 54 18
62 55 15
62 56 41
62 57 8
62 58 40
62 59 27
62 60 31
62 61 31
63 0 29
63 1 28
63 2 19
63 3 5
63 4 4
63 5 17
63 6 25
63 7 24
63 8 5
63 9 17
63 10 13
63 11 12
63 12 33
63 13 2
63 14 35
63 15 19
63 16 9
63 17 15
63 18 24
63 19 13
63 20 6
63 21 6
63 22 18
63 23 27
63 24 36
63 25 1
63 26 11
63 27 1
63 28 22
63 29 30
63 30 31
63 31 28
63 32 24
63 33 31
63 34 32
63 35 25
63 36 39
63 37 9
63 38 26
63 39 36
63 40 30
63 41 25
63 42 41
63 43 24
63 44 31
63 45 19
63 46 34
63 47 8
63 48 28
63 49 26
63 50 36
63 51 18
63 52 33
63 53 10
63 54 37
63 55 23
63 56 36
63 57 33
63 58 42
63 59 40
63 60 17
63 61 38
63 62 9
64 0 15
64 1 10
64 2 19
64 3 13
64 4 4
64 5 11
64 6 25
64 7 38
64 8 39
64 9 6
64 10 18
64 11 34
64 12 37
64 13 32
64 14 21
64 15 14
64 16 35
64 17 34
64 18 20
64 19 27
64 20 26
64 21 12
64 22 26
64 23 37
64 24 9
64 25 11
64 26 28
64 27 6
64 28 4
64 29 15
64 30 30
64 31 14
64 32 42
64 33 34
64 34 38
64 35 5
64 36 11
64 37 8
64 38 34
64 39 8
64 40 2
64 41 41
64 42 17
64 43 2
64 44 31
64 45 19
64 46 24
64 47 2
64 48 16
64 49 40
64 50 19
64 51 30
64 52 41
64 53 12
64 54 23
64 55 18
64 56 3
64 57 26
64 58 39
64 59 30
64 60 2
64 61 24
64 62 10
64 63 5
65 0 19
65 1 39
65 2 10
65 3 11
65 4 10
65 5 21
65 6 38
65 7 27
65 8 37
65 9 39
65 10 38
65 11 40
65 12 11
65 13 13
65 14 10
65 15 14
65 16 30
65 17 9
65 18 30
65 19 36
65 20 7
65 21 16
65 22 33
65 23 31
65 24 4
65 25 41
65 26 18
65 27 25
65 28 40
65 29 20
65 30 17
65 31 12
65 32 32
65 33 16
65 34 1
65 35 25
65 36 35
65 37 14
65 38 8
65 39 19
65 40 31
65 41 25
65 42 23
65 43 19
65 44 14
65 45 17
65 46 25
65 47 9
65 48 42
65 49 13
65 50 21
65 51 20
65 52 34
65 53 1
65 54 39
65 55 2
65 56 41
65 57 30
65 58 35
65 59 11
65 60 42
65 61 24
65 62 10
65 63 4
65 64 10
66 0 41
66 1 19
66 2 23
66 3 40
66 4 6
66 5 16
66 6 35
66 7 36
66 8 12
66 9 16
66 10 2
66 11 38
66 12 13
66 13 19
66 14 3
66 15 36
66 16 13
66 17 12
66 18 19
66 19 24
66 20 12
66 21 26
66 22 18
66 23 23
66 24 11
66 25 39
66 26 26
66 27 22
66 28 4
66 29 7
66 30 42
66 31 37
66 32 13
66 33 29
66 34 39
66 35 30
66 36 13
66 37 36
66 38 28
66 39 27
66 40 34
66 41 10
66 42 21
66 43 13
66 44 31
66 45 28
66 46 18
66 47 29
66 48 22
66 49 9
66 50 39
66 51 29
66 52 27
66 53 37
66 54 21
66 55 39
66 56 39
66 57 36
66 58 34
66 59 18
66 60 40
66 61 13
66 62 23
66 63 24
66 64 23
66 65 2
67 0 28
67 1 37
67 2 2
67 3 2
67 4 13
67 5 2
67 6 6
67 7 41
67 8 30
67 9 24
67 10 15
67 11 19
67 12 30
67 13 40
67 14 5
67 15 7
67 16 3
67 17 41
67 18 28
67 19 15
67 20 14
67 21 37
67 22 27
67 23 22
67 24 37
67 25 15
67 26 15
67 27 31
67 28 1
67 29 18
67 30 6
67 31 18
67 32 24
67 33 2
67 34 4
67 35 29
67 36 17
67 37 31
67 38 17
67 39 31
67 40 16
67 41 24
67 42 27
67 43 23
67 44 6
67 45 19
67 46 4
67 47 10
67 48 37
67 49 14
67 50 41
67 51 25
67 52 3
67 53 4
67 54 35
67 55 30
67 56 28
67 57 2
67 58 28
67 59 32
67 60 18
67 61 42
67 62 29
67 63 16
67 64 10
67 65 38
67 66 24
68 0 1
68 1 27
68 2 19
68 3 19
68 4 14
68 5 38
68 6 19
68 7 24
68 8 28
68 9 15
68 10 25
68 11 36
68 12 40
68 13 38
68 14 38
68 15 36
68 16 17
68 17 36
68 18 19
68 19 1
68 20 20
68 21 23
68 22 24
68 23 8
68 24 11
68 25 2
68 26 25
68 27 31
68 28 28
68 29 29
68 30 27
68 31 28
68 32 6
68 33 23
68 34 11
68 35 31
68 36 16
68 37 3
68 38 33
68 39 19
68 40 27
68 41 11
68 42 29
68 43 8
68 44 19
68 45 2
68 46 17
68 47 6
68 48 2
68 49 24
68 50 11
68 51 34
68 52 15
68 53 8
68 54 28
68 55 39
68 56 35
68 57 17
68 58 27
68 59 18
68 60 10
68 61 8
68 62 4
68 63 21
68 64 13
68 65 8
68 66 35
68 67 7
