47
2 0 3
3 0 3
3 2 3
4 0 1
4 1 1
4 2 1
4 3 2
5 0 3
5 1 2
5 2 1
5 4 2
6 1 3
6 2 2
6 4 3
7 0 3
7 1 1
7 2 1
7 3 3
7 4 1
8 0 1
8 4 2
8 5 3
8 7 2
9 1 2
9 4 1
9 6 3
10 2 3
10 8 1
11 0 2
11 2 3
11 3 3
11 6 3
11 10 2
12 3 3
12 4 3
12 5 1
12 7 1
12 8 2
12 9 2
13 8 1
13 10 2
13 11 3
14 0 3
14 2 3
14 3 2
14 4 1
14 7 1
14 8 3
14 9 2
14 11 2
15 0 1
15 2 2
15 7 1
16 0 1
16 1 3
16 5 2
16 10 3
16 11 2
16 12 2
16 14 3
16 15 3
17 2 1
17 7 1
17 9 2
17 10 1
17 11 3
17 13 3
17 14 2
17 15 3
18 6 1
18 7 2
18 8 3
18 12 1
18 13 2
18 16 2
19 2 1
19 4 1
19 8 1
19 11 1
20 0 1
20 1 3
20 2 2
20 5 2
20 7 3
20 8 2
20 9 3
20 12 3
20 17 2
20 18 2
20 19 2
21 2 2
21 4 3
21 6 1
21 10 2
21 13 1
21 16 1
21 17 1
21 19 3
22 0 3
22 2 2
22 4 3
22 5 1
22 7 1
22 8 3
22 9 2
22 12 3
22 14 2
22 15 2
22 16 1
22 17 3
22 20 1
22 21 3
23 0 1
23 2 1
23 5 3
23 14 1
23 15 3
23 17 3
23 18 2
23 21 3
24 4 2
24 5 2
24 7 1
24 8 3
24 12 3
24 14 3
24 17 2
24 18 2
24 21 1
24 23 2
25 0 1
25 2 1
25 3 1
25 4 2
25 6 1
25 8 3
25 9 2
25 11 2
25 13 3
25 15 1
25 17 2
25 18 2
25 19 3
25 20 2
25 21 1
25 22 3
25 24 1
26 2 3
26 3 2
26 5 2
26 6 3
26 7 1
26 9 1
26 11 3
26 12 1
26 13 3
26 16 1
26 17 1
26 25 2
27 0 2
27 1 3
27 4 3
27 5 3
27 7 3
27 8 1
27 9 2
27 10 2
27 11 2
27 13 1
27 14 2
27 15 3
27 16 2
27 17 2
27 18 3
27 20 2
27 21 3
27 25 3
27 26 2
28 6 2
28 7 1
28 8 3
28 10 1
28 11 3
28 13 3
28 15 3
28 16 2
28 17 2
28 18 1
28 19 2
28 22 2
28 24 2
28 25 1
29 2 3
29 4 2
29 5 2
29 6 3
29 8 3
29 9 2
29 10 3
29 11 1
29 12 3
29 14 3
29 15 3
29 17 2
29 22 1
29 24 3
29 25 2
29 27 3
29 28 2
30 0 1
30 1 2
30 2 2
30 3 3
30 4 2
30 8 2
30 10 1
30 12 1
30 13 3
30 14 2
30 21 1
30 24 2
30 27 1
30 29 2
31 1 3
31 2 1
31 4 3
31 5 3
31 6 2
31 8 1
31 10 1
31 12 2
31 13 1
31 15 3
31 17 2
31 18 3
31 21 1
31 23 3
31 28 3
32 0 3
32 1 2
32 2 1
32 8 1
32 12 1
32 15 3
32 16 1
32 17 2
32 18 2
32 20 3
32 22 1
32 25 3
32 28 2
32 29 3
32 30 1
33 0 3
33 2 1
33 3 1
33 5 1
33 8 1
33 11 1
33 19 1
33 23 1
33 24 1
33 26 1
33 28 1
33 31 2
34 0 3
34 1 2
34 2 1
34 4 3
34 5 2
34 7 2
34 8 1
34 9 2
34 12 1
34 13 3
34 14 1
34 15 1
34 16 2
34 18 3
34 20 1
34 21 2
34 24 1
34 25 2
34 26 2
34 28 3
34 31 2
34 33 2
35 4 1
35 7 2
35 8 1
35 9 3
35 11 3
35 14 1
35 20 3
35 21 1
35 22 1
35 26 2
35 27 2
36 0 3
36 2 1
36 3 1
36 5 1
36 10 1
36 11 1
36 13 1
36 14 2
36 15 1
36 20 3
36 21 1
36 22 3
36 23 1
36 25 1
36 27 2
36 29 2
37 3 2
37 4 3
37 6 2
37 7 1
37 10 3
37 11 1
37 13 3
37 14 2
37 15 2
37 16 3
37 17 2
37 18 2
37 19 3
37 20 1
37 22 3
37 24 2
37 27 3
37 28 1
37 30 3
37 31 1
37 32 1
37 33 1
37 36 3
38 3 3
38 4 2
38 5 3
38 6 3
38 7 1
38 9 2
38 11 3
38 15 1
38 16 3
38 17 1
38 18 3
38 20 2
38 21 3
38 23 1
38 24 2
38 25 1
38 26 3
38 27 2
38 30 2
38 31 3
38 32 2
38 34 2
38 36 1
39 1 1
39 2 2
39 4 1
39 7 1
39 13 3
39 15 1
39 16 3
39 17 1
39 26 2
39 28 1
39 29 1
39 32 1
39 34 3
39 35 1
39 36 1
39 37 2
39 38 1
40 0 2
40 2 2
40 3 1
40 9 2
40 10 3
40 11 1
40 12 3
40 14 2
40 15 3
40 16 1
40 17 1
40 18 3
40 19 3
40 21 3
40 22 3
40 24 2
40 26 3
40 30 1
40 32 2
40 34 1
40 35 1
40 39 3
41 0 1
41 1 3
41 2 2
41 4 2
41 5 3
41 8 2
41 11 2
41 12 3
41 13 3
41 17 3
41 18 3
41 23 1
41 24 3
41 25 3
41 26 2
41 28 3
41 29 3
41 30 3
41 31 3
41 32 1
41 33 1
41 34 1
41 40 3
42 0 2
42 2 3
42 4 3
42 5 1
42 7 2
42 9 3
42 10 2
42 11 3
42 13 2
42 15 2
42 19 1
42 22 2
42 24 3
42 25 1
42 27 2
42 30 3
42 31 3
42 32 3
42 35 3
42 37 3
42 38 1
42 40 3
43 1 2
43 5 1
43 6 2
43 7 1
43 8 2
43 9 2
43 11 1
43 13 3
43 14 1
43 15 2
43 17 3
43 19 2
43 20 2
43 21 2
43 22 3
43 23 1
43 24 3
43 25 3
43 26 1
43 27 2
43 30 3
43 33 3
43 34 1
43 35 1
43 37 3
43 38 2
43 40 3
44 3 1
44 5 2
44 6 2
44 7 3
44 8 3
44 10 1
44 13 3
44 18 3
44 19 1
44 22 2
44 23 2
44 26 2
44 30 1
44 32 3
44 33 1
44 34 1
44 35 3
44 39 3
44 40 3
44 41 2
44 42 3
44 43 3
45 0 2
45 2 2
45 3 1
45 6 3
45 7 2
45 11 2
45 12 1
45 14 1
45 15 3
45 17 2
45 21 1
45 23 3
45 26 1
45 29 2
45 35 1
45 39 3
45 40 3
45 42 3
45 43 2
45 44 1
46 0 3
46 1 3
46 2 3
46 6 3
46 7 2
46 9 3
46 10 1
46 12 3
46 13 3
46 21 2
46 22 1
46 23 3
46 24 1
46 26 3
46 27 1
46 32 2
46 33 3
46 34 1
46 38 1
46 39 2
46 40 1
46 42 2
46 44 1
46 45 2
