37
1 0 11
2 0 26
2 1 16
3 0 10
3 1 35
3 2 2
4 0 23
4 1 15
4 2 21
4 3 41
5 0 24
5 1 12
5 2 21
5 3 10
5 4 20
6 0 42
6 1 20
6 2 21
6 3 36
6 4 7
6 5 45
7 0 23
7 1 41
7 2 5
7 3 13
7 4 39
7 5 24
7 6 13
8 0 1
8 1 33
8 2 32
8 3 31
8 4 3
8 5 9
8 6 27
8 7 5
9 0 32
9 1 29
9 2 34
9 3 21
9 4 48
9 5 5
9 6 17
9 7 32
9 8 1
10 0 8
10 1 25
10 2 16
10 3 4
10 4 15
10 5 33
10 6 44
10 7 36
10 8 40
10 9 28
11 0 8
11 1 22
11 2 31
11 3 3
11 4 43
11 5 13
11 6 37
11 7 25
11 8 24
11 9 35
11 10 30
12 0 26
12 1 45
12 2 22
12 3 3
12 4 46
12 5 38
12 6 48
12 7 35
12 8 5
12 9 18
12 10 19
12 11 3
13 0 17
13 1 24
13 2 15
13 3 18
13 4 34
13 5 31
13 6 7
13 7 23
13 8 26
13 9 24
13 10 24
13 11 41
13 12 34
14 0 29
14 1 6
14 2 32
14 3 3
14 4 18
14 5 17
14 6 30
14 7 45
14 8 17
14 9 4
14 10 38
14 11 15
14 12 49
14 13 16
15 0 37
15 1 18
15 2 21
15 3 38
15 4 48
15 5 22
15 6 6
15 7 35
15 8 39
15 9 11
15 10 11
15 11 24
15 12 30
15 13 12
15 14 10
16 0 5
16 1 29
16 2 37
16 3 45
16 4 45
16 5 17
16 6 29
16 7 8
16 8 16
16 9 32
16 10 20
16 11 29
16 12 1
16 13 14
16 14 38
16 15 20
17 0 44
17 1 21
17 2 36
17 3 2
17 4 16
17 5 10
17 6 40
17 7 47
17 8 39
17 9 13
17 10 35
17 11 21
17 12 10
17 13 29
17 14 9
17 15 27
17 16 33
18 0 49
18 1 34
18 2 45
18 3 16
18 4 38
18 5 40
18 6 3
18 7 27
18 8 23
18 9 39
18 10 6
18 11 21
18 12 3
18 13 20
18 14 41
18 15 42
18 16 33
18 17 3
19 0 13
19 1 7
19 2 39
19 3 1
19 4 13
19 5 3
19 6 26
19 7 43
19 8 26
19 9 48
19 10 19
19 11 49
19 12 25
19 13 19
19 14 35
19 15 12
19 16 44
19 17 33
19 18 27
20 0 10
20 1 6
20 2 20
20 3 42
20 4 12
20 5 10
20 6 19
20 7 5
20 8 22
20 9 3
20 10 35
20 11 38
20 12 26
20 13 36
20 14 22
20 15 12
20 16 19
20 17 28
20 18 6
20 19 11
21 0 41
21 1 48
21 2 49
21 3 22
21 4 30
21 5 20
21 6 17
21 7 29
21 8 27
21 9 46
21 10 45
21 11 26
21 12 48
21 13 47
21 14 5
21 15 6
21 16 16
21 17 32
21 18 44
21 19 31
21 20 25
22 0 31
22 1 23
22 2 3
22 3 38
22 4 12
22 5 40
22 6 13
22 7 7
22 8 13
22 9 49
22 10 18
22 11 11
22 12 4
22 13 48
22 14 10
22 15 16
22 16 34
22 17 41
22 18 19
22 19 18
22 20 32
22 21 47
23 0 28
23 1 20
23 2 22
23 3 34
23 4 47
23 5 15
23 6 21
23 7 11
23 8 36
23 9 34
23 10 26
23 11 44
23 12 30
23 13 10
23 14 18
23 15 10
23 16 12
23 17 29
23 18 13
23 19 5
23 20 8
23 21 19
23 22 32
24 0 19
24 1 38
24 2 7
24 3 22
24 4 15
24 5 18
24 6 10
24 7 41
24 8 34
24 9 7
24 10 42
24 11 12
24 12 13
24 13 47
24 14 8
24 15 16
24 16 41
24 17 1
24 18 42
24 19 33
24 20 25
24 21 40
24 22 46
24 23 12
25 0 12
25 1 4
25 2 10
25 3 37
25 4 27
25 5 26
25 6 26
25 7 30
25 8 31
25 9 34
25 10 36
25 11 7
25 12 33
25 13 47
25 14 20
25 15 3
25 16 10
25 17 44
25 18 48
25 19 29
25 20 10
25 21 14
25 22 43
25 23 30
25 24 40
26 0 13
26 1 29
26 2 34
26 3 43
26 4 4
26 5 7
26 6 4
26 7 16
26 8 36
26 9 42
26 10 33
26 11 8
26 12 40
26 13 43
26 14 37
26 15 6
26 16 20
26 17 35
26 18 14
26 19 23
26 20 23
26 21 22
26 22 21
26 23 48
26 24 26
26 25 44
27 0 45
27 1 7
27 2 20
27 3 22
27 4 35
27 5 37
27 6 5
27 7 27
27 8 31
27 9 36
27 10 23
27 11 4
27 12 48
27 13 35
27 14 45
27 15 47
27 16 26
27 17 39
27 18 24
27 19 41
27 20 15
27 21 26
27 22 6
27 23 37
27 24 2
27 25 43
27 26 33
28 0 47
28 1 5
28 2 45
28 3 11
28 4 16
28 5 21
28 6 17
28 7 32
28 8 9
28 9 41
28 10 6
28 11 32
28 12 24
28 13 22
28 14 5
28 15 20
28 16 16
28 17 20
28 18 39
28 19 37
28 20 28
28 21 47
28 22 16
28 23 34
28 24 7
28 25 29
28 26 41
28 27 14
29 0 39
29 1 42
29 2 2
29 3 24
29 4 48
29 5 3
29 6 32
29 7 20
29 8 36
29 9 43
29 10 32
29 11 47
29 12 39
29 13 31
29 14 15
29 15 8
29 16 24
29 17 40
29 18 23
29 19 12
29 20 44
29 21 1
29 22 11
29 23 20
29 24 32
29 25 24
29 26 45
29 27 49
29 28 48
30 0 37
30 1 31
30 2 18
30 3 4
30 4 12
30 5 5
30 6 34
30 7 2
30 8 37
30 9 28
30 10 21
30 11 27
30 12 8
30 13 41
30 14 22
30 15 27
30 16 42
30 17 38
30 18 34
30 19 3
30 20 32
30 21 46
30 22 1
30 23 19
30 24 9
30 25 47
30 26 39
30 27 4
30 28 2
30 29 8
31 0 3
31 1 10
31 2 18
31 3 5
31 4 22
31 5 21
31 6 16
31 7 21
31 8 22
31 9 17
31 10 34
31 11 4
31 12 8
31 13 12
31 14 47
31 15 29
31 16 7
31 17 19
31 18 3
31 19 14
31 20 38
31 21 18
31 22 46
31 23 20
31 24 2
31 25 9
31 26 35
31 27 29
31 28 9
31 29 46
31 30 35
32 0 9
32 1 8
32 2 22
32 3 4
32 4 16
32 5 45
32 6 17
32 7 24
32 8 36
32 9 4
32 10 48
32 11 9
32 12 35
32 13 34
32 14 24
32 15 22
32 16 39
32 17 29
32 18 9
32 19 9
32 20 49
32 21 2
32 22 15
32 23 11
32 24 35
32 25 26
32 26 27
32 27 26
32 28 17
32 29 43
32 30 29
32 31 19
33 0 43
33 1 1
33 2 17
33 3 13
33 4 18
33 5 3
33 6 10
33 7 5
33 8 13
33 9 35
33 10 47
33 11 42
33 12 12
33 13 47
33 14 20
33 15 42
33 16 29
33 17 27
33 18 39
33 19 10
33 20 33
33 21 44
33 22 36
33 23 16
33 24 37
33 25 19
33 26 43
33 27 13
33 28 19
33 29 42
33 30 45
33 31 19
33 32 48
34 0 17
34 1 28
34 2 38
34 3 21
34 4 40
34 5 17
34 6 8
34 7 43
34 8 43
34 9 25
34 10 26
34 11 44
34 12 20
34 13 30
34 14 13
34 15 29
34 16 28
34 17 17
34 18 46
34 19 37
34 20 10
34 21 26
34 22 3
34 23 36
34 24 34
34 25 34
34 26 47
34 27 41
34 28 23
34 29 16
34 30 7
34 31 13
34 32 24
34 33 6
35 0 21
35 1 49
35 2 18
35 3 14
35 4 45
35 5 17
35 6 9
35 7 6
35 8 32
35 9 26
35 10 32
35 11 21
35 12 6
35 13 3
35 14 38
35 15 10
35 16 23
35 17 28
35 18 42
35 19 43
35 20 37
35 21 10
35 22 26
35 23 48
35 24 35
35 25 49
35 26 1
35 27 5
35 28 41
35 29 35
35 30 9
35 31 18
35 32 40
35 33 3
35 34 39
36 0 42
36 1 25
36 2 17
36 3 49
36 4 37
36 5 4
36 6 35
36 7 8
36 8 4
36 9 1
36 10 49
36 11 19
36 12 15
36 13 49
36 14 27
36 15 27
36 16 16
36 17 4
36 18 15
36 19 22
36 20 13
36 21 14
36 22 26
36 23 24
36 24 20
36 25 4
36 26 33
36 27 5
36 28 15
36 29 44
36 30 12
36 31 37
36 32 19
36 33 34
36 34 36
36 35 4
