55
1 0 9
2 0 9
2 1 12
3 0 8
3 1 14
3 2 13
4 0 15
4 1 14
4 2 7
4 3 15
5 0 14
5 1 4
5 2 9
5 3 15
5 4 3
6 0 5
6 1 3
6 2 5
6 3 12
6 4 5
6 5 4
7 0 1
7 1 10
7 2 14
7 3 12
7 4 4
7 5 3
7 6 7
8 0 2
8 1 13
8 2 3
8 3 1
8 4 1
8 5 12
8 6 5
8 7 6
9 0 12
9 1 11
9 2 13
9 3 11
9 4 2
9 5 7
9 6 13
9 7 3
9 8 1
10 0 11
10 1 5
10 2 13
10 3 13
10 4 1
10 5 4
10 6 11
10 7 10
10 8 10
10 9 11
11 0 4
11 1 11
11 2 7
11 3 9
11 4 14
11 5 8
11 6 1
11 7 2
11 8 4
11 9 7
11 10 8
12 0 10
12 1 13
12 2 8
12 3 3
12 4 9
12 5 8
12 6 15
12 7 8
12 8 13
12 9 11
12 10 8
12 11 11
13 0 6
13 1 13
13 2 13
13 3 8
13 4 6
13 5 11
13 6 5
13 7 1
13 8 7
13 9 11
13 10 1
13 11 1
13 12 7
14 0 8
14 1 15
14 2 13
14 3 8
14 4 11
14 5 2
14 6 3
14 7 1
14 8 13
14 9 9
14 10 2
14 11 7
14 12 6
14 13 3
15 0 8
15 1 13
15 2 1
15 3 2
15 4 14
15 5 15
15 6 3
15 7 2
15 8 10
15 9 4
15 10 15
15 11 2
15 12 15
15 13 8
15 14 1
16 0 4
16 1 10
16 2 4
16 3 15
16 4 13
16 5 1
16 6 4
16 7 1
16 8 10
16 9 4
16 10 11
16 11 4
16 12 15
16 13 14
16 14 4
16 15 11
17 0 6
17 1 5
17 2 3
17 3 2
17 4 1
17 5 9
17 6 15
17 7 15
17 8 12
17 9 8
17 10 6
17 11 12
17 12 5
17 13 13
17 14 4
17 15 2
17 16 4
18 0 11
18 1 8
18 2 12
18 3 15
18 4 1
18 5 4
18 6 2
18 7 11
18 8 11
18 9 12
18 10 4
18 11 12
18 12 7
18 13 9
18 14 9
18 15 14
18 16 1
18 17 1
19 0 1
19 1 2
19 2 15
19 3 15
19 4 13
19 5 3
19 6 4
19 7 11
19 8 11
19 9 7
19 10 15
19 11 9
19 12 1
19 13 11
19 14 3
19 15 3
19 16 4
19 17 5
19 18 8
20 0 3
20 1 13
20 2 2
20 3 12
20 4 5
20 5 15
20 6 5
20 7 1
20 8 9
20 9 3
20 10 12
20 11 10
20 12 5
20 13 13
20 14 2
20 15 12
20 16 12
20 17 10
20 18 10
20 19 4
21 0 12
21 1 14
21 2 6
21 3 4
21 4 6
21 5 2
21 6 1
21 7 1
21 8 6
21 9 7
21 10 4
21 11 13
21 12 14
21 13 4
21 14 14
21 15 4
21 16 6
21 17 2
21 18 7
21 19 15
21 20 7
22 0 12
22 1 11
22 2 5
22 3 7
22 4 14
22 5 7
22 6 10
22 7 12
22 8 12
22 9 14
22 10 12
22 11 7
22 12 13
22 13 3
22 14 12
22 15 1
22 16 3
22 17 6
22 18 12
22 19 7
22 20 6
22 21 8
23 0 9
23 1 3
23 2 10
23 3 8
23 4 3
23 5 15
23 6 5
23 7 4
23 8 11
23 9 11
23 10 10
23 11 4
23 12 15
23 13 15
23 14 8
23 15 10
23 16 11
23 17 14
23 18 1
23 19 13
23 20 12
23 21 4
23 22 11
24 0 9
24 1 4
24 2 14
24 3 2
24 4 10
24 5 2
24 6 1
24 7 15
24 8 3
24 9 2
24 10 13
24 11 7
24 12 5
24 13 3
24 14 6
24 15 10
24 16 4
24 17 12
24 18 3
24 19 2
24 20 10
24 21 2
24 22 1
24 23 5
25 0 14
25 1 4
25 2 11
25 3 9
25 4 12
25 5 15
25 6 2
25 7 2
25 8 7
25 9 7
25 10 2
25 11 8
25 12 6
25 13 3
25 14 2
25 15 1
25 16 12
25 17 1
25 18 13
25 19 6
25 20 5
25 21 5
25 22 12
25 23 7
25 24 7
26 0 15
26 1 1
26 2 13
26 3 14
26 4 14
26 5 10
26 6 14
26 7 11
26 8 15
26 9 5
26 10 6
26 11 3
26 12 10
26 13 14
26 14 4
26 15 4
26 16 15
26 17 9
26 18 14
26 19 3
26 20 7
26 21 1
26 22 5
26 23 6
26 24 1
26 25 4
27 0 8
27 1 11
27 2 5
27 3 7
27 4 8
27 5 4
27 6 4
27 7 13
27 8 5
27 9 2
27 10 1
27 11 11
27 12 6
27 13 15
27 14 12
27 15 7
27 16 10
27 17 14
27 18 2
27 19 11
27 20 14
27 21 15
27 22 11
27 23 4
27 24 10
27 25 5
27 26 14
28 0 8
28 1 10
28 2 6
28 3 13
28 4 3
28 5 1
28 6 1
28 7 4
28 8 14
28 9 11
28 10 8
28 11 15
28 12 8
28 13 9
28 14 13
28 15 2
28 16 2
28 17 12
28 18 4
28 19 4
28 20 6
28 21 6
28 22 5
28 23 5
28 24 10
28 25 9
28 26 15
28 27 2
29 0 12
29 1 6
29 2 2
29 3 13
29 4 11
29 5 11
29 6 13
29 7 6
29 8 15
29 9 11
29 10 4
29 11 1
29 12 13
29 13 12
29 14 12
29 15 9
29 16 6
29 17 10
29 18 15
29 19 3
29 20 8
29 21 12
29 22 8
29 23 15
29 24 6
29 25 15
29 26 15
29 27 5
29 28 4
30 0 6
30 1 3
30 2 3
30 3 1
30 4 5
30 5 10
30 6 5
30 7 5
30 8 8
30 9 4
30 10 11
30 11 5
30 12 6
30 13 12
30 14 14
30 15 3
30 16 6
30 17 15
30 18 15
30 19 6
30 20 13
30 21 2
30 22 4
30 23 10
30 24 2
30 25 6
30 26 6
30 27 2
30 28 10
30 29 2
31 0 11
31 1 14
31 2 4
31 3 4
31 4 8
31 5 11
31 6 14
31 7 2
31 8 8
31 9 4
31 10 13
31 11 11
31 12 3
31 13 13
31 14 10
31 15 8
31 16 1
31 17 15
31 18 3
31 19 11
31 20 4
31 21 12
31 22 13
31 23 12
31 24 2
31 25 4
31 26 2
31 27 15
31 28 2
31 29 3
31 30 4
32 0 4
32 1 6
32 2 12
32 3 9
32 4 3
32 5 4
32 6 6
32 7 11
32 8 9
32 9 10
32 10 5
32 11 15
32 12 1
32 13 5
32 14 12
32 15 5
32 16 11
32 17 2
32 18 10
32 19 12
32 20 3
32 21 2
32 22 7
32 23 10
32 24 9
32 25 4
32 26 2
32 27 2
32 28 2
32 29 8
32 30 14
32 31 4
33 0 7
33 1 14
33 2 12
33 3 14
33 4 13
33 5 4
33 6 15
33 7 4
33 8 2
33 9 1
33 10 8
33 11 13
33 12 9
33 13 14
33 14 6
33 15 10
33 16 4
33 17 11
33 18 14
33 19 13
33 20 4
33 21 6
33 22 13
33 23 6
33 24 3
33 25 2
33 26 1
33 27 5
33 28 5
33 29 5
33 30 7
33 31 14
33 32 7
34 0 15
34 1 10
34 2 3
34 3 10
34 4 1
34 5 4
34 6 2
34 7 13
34 8 15
34 9 9
34 10 2
34 11 5
34 12 3
34 13 7
34 14 7
34 15 9
34 16 13
34 17 12
34 18 4
34 19 7
34 20 10
34 21 14
34 22 14
34 23 4
34 24 1
34 25 13
34 26 15
34 27 10
34 28 13
34 29 13
34 30 4
34 31 6
34 32 2
34 33 15
35 0 8
35 1 11
35 2 13
35 3 2
35 4 4
35 5 2
35 6 4
35 7 15
35 8 2
35 9 1
35 10 8
35 11 15
35 12 3
35 13 11
35 14 12
35 15 10
35 16 9
35 17 15
35 18 11
35 19 5
35 20 3
35 21 8
35 22 3
35 23 10
35 24 3
35 25 15
35 26 2
35 27 15
35 28 1
35 29 1
35 30 4
35 31 4
35 32 9
35 33 15
35 34 9
36 0 12
36 1 8
36 2 2
36 3 6
36 4 9
36 5 14
36 6 5
36 7 14
36 8 6
36 9 9
36 10 4
36 11 15
36 12 6
36 13 15
36 14 14
36 15 15
36 16 6
36 17 14
36 18 15
36 19 11
36 20 10
36 21 2
36 22 15
36 23 11
36 24 10
36 25 15
36 26 15
36 27 14
36 28 12
36 29 5
36 30 15
36 31 15
36 32 5
36 33 5
36 34 7
36 35 6
37 0 1
37 1 7
37 2 5
37 3 6
37 4 11
37 5 5
37 6 6
37 7 6
37 8 2
37 9 7
37 10 15
37 11 6
37 12 1
37 13 13
37 14 9
37 15 11
37 16 2
37 17 15
37 18 15
37 19 14
37 20 9
37 21 7
37 22 2
37 23 4
37 24 15
37 25 2
37 26 3
37 27 8
37 28 5
37 29 13
37 30 10
37 31 7
37 32 12
37 33 5
37 34 2
37 35 12
37 36 3
38 0 5
38 1 2
38 2 6
38 3 9
38 4 6
38 5 11
38 6 6
38 7 14
38 8 12
38 9 10
38 10 6
38 11 12
38 12 1
38 13 5
38 14 11
38 15 7
38 16 15
38 17 6
38 18 2
38 19 3
38 20 12
38 21 12
38 22 10
38 23 5
38 24 15
38 25 10
38 26 2
38 27 13
38 28 2
38 29 9
38 30 3
38 31 10
38 32 8
38 33 2
38 34 6
38 35 15
38 36 3
38 37 9
39 0 2
39 1 8
39 2 7
39 3 9
39 4 13
39 5 6
39 6 10
39 7 14
39 8 12
39 9 15
39 10 11
39 11 4
39 12 12
39 13 9
39 14 11
39 15 14
39 16 7
39 17 6
39 18 10
39 19 6
39 20 15
39 21 1
39 22 2
39 23 7
39 24 4
39 25 7
39 26 4
39 27 12
39 28 12
39 29 1
39 30 12
39 31 12
39 32 5
39 33 1
39 34 12
39 35 2
39 36 6
39 37 1
39 38 6
40 0 12
40 1 9
40 2 14
40 3 1
40 4 14
40 5 9
40 6 10
40 7 10
40 8 8
40 9 3
40 10 10
40 11 4
40 12 6
40 13 5
40 14 2
40 15 10
40 16 6
40 17 1
40 18 7
40 19 12
40 20 3
40 21 14
40 22 14
40 23 1
40 24 9
40 25 4
40 26 7
40 27 11
40 28 4
40 29 4
40 30 4
40 31 12
40 32 11
40 33 4
40 34 1
40 35 15
40 36 8
40 37 3
40 38 11
40 39 2
41 0 8
41 1 11
41 2 11
41 3 7
41 4 2
41 5 6
41 6 7
41 7 14
41 8 15
41 9 8
41 10 4
41 11 14
41 12 5
41 13 15
41 14 9
41 15 8
41 16 1
41 17 2
41 18 9
41 19 4
41 20 3
41 21 1
41 22 12
41 23 14
41 24 9
41 25 2
41 26 6
41 27 15
41 28 14
41 29 8
41 30 6
41 31 14
41 32 11
41 33 3
41 34 7
41 35 7
41 36 9
41 37 5
41 38 7
41 39 1
41 40 11
42 0 11
42 1 13
42 2 7
42 3 15
42 4 9
42 5 6
42 6 12
42 7 4
42 8 9
42 9 4
42 10 12
42 11 10
42 12 4
42 13 11
42 14 11
42 15 2
42 16 12
42 17 13
42 18 2
42 19 13
42 20 12
42 21 4
42 22 13
42 23 14
42 24 7
42 25 3
42 26 9
42 27 3
42 28 2
42 29 5
42 30 4
42 31 2
42 32 11
42 33 15
42 34 11
42 35 14
42 36 14
42 37 8
42 38 14
42 39 5
42 40 5
42 41 15
43 0 10
43 1 8
43 2 12
43 3 11
43 4 10
43 5 15
43 6 6
43 7 10
43 8 15
43 9 13
43 10 7
43 11 3
43 12 13
43 13 15
43 14 8
43 15 10
43 16 1
43 17 7
43 18 11
43 19 3
43 20 11
43 21 10
43 22 15
43 23 2
43 24 5
43 25 8
43 26 9
43 27 11
43 28 7
43 29 3
43 30 8
43 31 5
43 32 10
43 33 6
43 34 11
43 35 10
43 36 4
43 37 2
43 38 6
43 39 4
43 40 12
43 41 7
43 42 7
44 0 3
44 1 2
44 2 12
44 3 7
44 4 14
44 5 2
44 6 11
44 7 4
44 8 3
44 9 9
44 10 14
44 11 14
44 12 6
44 13 3
44 14 6
44 15 3
44 16 8
44 17 6
44 18 3
44 19 6
44 20 14
44 21 7
44 22 14
44 23 5
44 24 2
44 25 9
44 26 3
44 27 9
44 28 4
44 29 5
44 30 2
44 31 14
44 32 7
44 33 1
44 34 3
44 35 6
44 36 11
44 37 15
44 38 6
44 39 10
44 40 5
44 41 5
44 42 8
44 43 5
45 0 8
45 1 10
45 2 14
45 3 9
45 4 2
45 5 15
45 6 6
45 7 13
45 8 2
45 9 8
45 10 8
45 11 2
45 12 15
45 13 13
45 14 5
45 15 9
45 16 7
45 17 3
45 18 6
45 19 12
45 20 8
45 21 1
45 22 5
45 23 7
45 24 2
45 25 1
45 26 8
45 27 15
45 28 12
45 29 4
45 30 5
45 31 2
45 32 5
45 33 10
45 34 8
45 35 9
45 36 9
45 37 4
45 38 5
45 39 14
45 40 10
45 41 4
45 42 15
45 43 3
45 44 12
46 0 13
46 1 8
46 2 3
46 3 15
46 4 9
46 5 8
46 6 14
46 7 3
46 8 2
46 9 4
46 10 3
46 11 13
46 12 9
46 13 12
46 14 6
46 15 11
46 16 1
46 17 2
46 18 10
46 19 1
46 20 4
46 21 11
46 22 9
46 23 11
46 24 8
46 25 5
46 26 2
46 27 14
46 28 8
46 29 10
46 30 10
46 31 8
46 32 10
46 33 15
46 34 13
46 35 6
46 36 6
46 37 1
46 38 3
46 39 8
46 40 5
46 41 7
46 42 15
46 43 4
46 44 3
46 45 4
47 0 2
47 1 5
47 2 6
47 3 15
47 4 4
47 5 1
47 6 6
47 7 14
47 8 13
47 9 3
47 10 14
47 11 2
47 12 7
47 13 12
47 14 9
47 15 6
47 16 4
47 17 14
47 18 13
47 19 3
47 20 9
47 21 7
47 22 6
47 23 9
47 24 8
47 25 1
47 26 4
47 27 6
47 28 12
47 29 1
47 30 5
47 31 9
47 32 9
47 33 13
47 34 6
47 35 4
47 36 1
47 37 7
47 38 3
47 39 12
47 40 3
47 41 7
47 42 14
47 43 10
47 44 5
47 45 14
47 46 2
48 0 11
48 1 15
48 2 4
48 3 7
48 4 11
48 5 2
48 6 5
48 7 1
48 8 11
48 9 12
48 10 9
48 11 9
48 12 12
48 13 5
48 14 14
48 15 15
48 16 2
48 17 8
48 18 14
48 19 2
48 20 7
48 21 3
48 22 4
48 23 10
48 24 15
48 25 9
48 26 15
48 27 12
48 28 1
48 29 10
48 30 6
48 31 3
48 32 11
48 33 6
48 34 6
48 35 1
48 36 8
48 37 9
48 38 10
48 39 10
48 40 4
48 41 1
48 42 5
48 43 10
48 44 11
48 45 2
48 46 13
48 47 1
49 0 12
49 1 7
49 2 2
49 3 4
49 4 5
49 5 5
49 6 6
49 7 2
49 8 6
49 9 8
49 10 2
49 11 5
49 12 11
49 13 14
49 14 5
49 15 7
49 16 3
49 17 6
49 18 14
49 19 10
49 20 11
49 21 1
49 22 7
49 23 8
49 24 1
49 25 6
49 26 15
49 27 15
49 28 8
49 29 8
49 30 13
49 31 14
49 32 2
49 33 10
49 34 3
49 35 6
49 36 14
49 37 8
49 38 12
49 39 12
49 40 15
49 41 9
49 42 2
49 43 3
49 44 6
49 45 2
49 46 15
49 47 13
49 48 8
50 0 8
50 1 4
50 2 15
50 3 13
50 4 1
50 5 4
50 6 9
50 7 4
50 8 2
50 9 12
50 10 14
50 11 12
50 12 8
50 13 8
50 14 15
50 15 7
50 16 5
50 17 6
50 18 14
50 19 11
50 20 6
50 21 5
50 22 2
50 23 1
50 24 1
50 25 6
50 26 8
50 27 1
50 28 1
50 29 2
50 30 3
50 31 15
50 32 12
50 33 8
50 34 4
50 35 11
50 36 1
50 37 2
50 38 14
50 39 4
50 40 8
50 41 7
50 42 11
50 43 7
50 44 6
50 45 3
50 46 4
50 47 13
50 48 2
50 49 14
51 0 1
51 1 6
51 2 15
51 3 12
51 4 12
51 5 15
51 6 6
51 7 3
51 8 8
51 9 4
51 10 11
51 11 8
51 12 7
51 13 6
51 14 12
51 15 7
51 16 6
51 17 9
51 18 15
51 19 7
51 20 6
51 21 10
51 22 7
51 23 1
51 24 12
51 25 1
51 26 11
51 27 15
51 28 11
51 29 2
51 30 15
51 31 7
51 32 15
51 33 3
51 34 13
51 35 5
51 36 10
51 37 10
51 38 12
51 39 13
51 40 13
51 41 11
51 42 3
51 43 7
51 44 9
51 45 7
51 46 11
51 47 12
51 48 14
51 49 1
51 50 15
52 0 8
52 1 15
52 2 4
52 3 9
52 4 8
52 5 9
52 6 3
52 7 9
52 8 14
52 9 15
52 10 12
52 11 4
52 12 1
52 13 13
52 14 11
52 15 2
52 16 13
52 17 12
52 18 15
52 19 10
52 20 14
52 21 4
52 22 11
52 23 15
52 24 5
52 25 13
52 26 10
52 27 6
52 28 2
52 29 3
52 30 2
52 31 9
52 32 15
52 33 8
52 34 6
52 35 2
52 36 3
52 37 7
52 38 4
52 39 9
52 40 13
52 41 15
52 42 6
52 43 8
52 44 14
52 45 9
52 46 14
52 47 8
52 48 9
52 49 11
52 50 7
52 51 4
53 0 14
53 1 2
53 2 1
53 3 9
53 4 3
53 5 7
53 6 6
53 7 4
53 8 11
53 9 15
53 10 5
53 11 8
53 12 2
53 13 2
53 14 9
53 15 7
53 16 2
53 17 1
53 18 13
53 19 9
53 20 7
53 21 1
53 22 1
53 23 2
53 24 14
53 25 6
53 26 5
53 27 6
53 28 11
53 29 14
53 30 11
53 31 15
53 32 10
53 33 12
53 34 13
53 35 14
53 36 3
53 37 15
53 38 14
53 39 10
53 40 14
53 41 4
53 42 12
53 43 4
53 44 1
53 45 11
53 46 11
53 47 6
53 48 14
53 49 2
53 50 4
53 51 4
53 52 6
54 0 15
54 1 1
54 2 7
54 3 15
54 4 3
54 5 1
54 6 12
54 7 12
54 8 10
54 9 14
54 10 5
54 11 14
54 12 8
54 13 14
54 14 14
54 15 3
54 16 3
54 17 4
54 18 3
54 19 1
54 20 6
54 21 15
54 22 2
54 23 6
54 24 10
54 25 3
54 26 14
54 27 1
54 28 9
54 29 4
54 30 9
54 31 5
54 32 2
54 33 6
54 34 12
54 35 14
54 36 3
54 37 11
54 38 4
54 39 8
54 40 2
54 41 11
54 42 15
54 43 14
54 44 9
54 45 8
54 46 3
54 47 5
54 48 1
54 49 7
54 50 13
54 51 3
54 52 12
54 53 2
