64
1 0 44
2 0 8
3 0 30
4 2 51
4 3 29
5 0 46
5 1 5
5 3 29
5 4 45
6 2 15
6 3 42
6 4 23
7 0 14
7 1 25
7 2 29
7 4 43
8 0 20
8 3 24
8 5 63
9 0 50
9 1 20
9 2 42
9 5 23
9 7 35
10 2 16
10 4 9
10 5 38
10 9 2
11 4 31
11 5 60
11 8 28
11 10 6
12 2 11
12 6 40
12 7 14
12 8 58
12 9 50
12 10 35
12 11 39
13 2 4
13 3 19
13 4 53
13 5 54
13 6 1
13 7 52
13 10 54
14 0 39
14 2 32
14 4 11
14 5 49
14 7 38
14 8 39
14 11 38
15 0 13
15 1 56
15 3 27
15 4 1
15 5 52
15 10 30
15 13 34
16 0 36
16 7 4
16 12 41
16 15 41
17 1 7
17 3 18
17 4 59
17 8 31
17 9 61
17 14 61
17 15 32
18 0 39
18 2 62
18 5 3
18 7 45
18 9 52
18 10 19
18 11 37
18 12 59
18 13 44
18 17 31
19 5 26
19 8 15
19 9 38
19 10 60
19 11 24
19 12 61
19 13 49
19 15 14
19 17 51
20 1 41
20 2 25
20 3 15
20 4 33
20 5 19
20 6 21
20 7 37
20 9 47
20 11 42
20 12 35
20 13 28
20 14 4
20 16 25
20 17 8
20 18 39
21 0 43
21 1 60
21 2 22
21 3 18
21 4 16
21 6 6
21 7 47
21 9 4
21 10 2
21 11 62
21 12 45
21 13 36
21 14 18
21 15 20
21 16 18
21 17 52
21 19 22
21 20 45
22 0 48
22 1 27
22 2 19
22 3 31
22 4 5
22 5 42
22 6 10
22 7 13
22 9 10
22 10 24
22 13 30
22 14 37
22 18 20
22 19 37
23 4 6
23 6 34
23 8 5
23 11 30
23 12 25
23 13 48
23 15 11
23 17 41
23 18 17
23 20 21
23 21 18
24 0 50
24 2 59
24 3 24
24 4 60
24 5 23
24 8 2
24 9 20
24 10 2
24 11 10
24 14 10
24 15 5
24 16 5
24 17 40
24 20 40
24 21 15
24 23 29
25 0 27
25 1 23
25 3 15
25 6 62
25 7 37
25 8 4
25 13 60
25 15 8
25 16 13
25 17 34
25 18 29
25 22 27
26 0 12
26 1 45
26 2 24
26 4 3
26 5 42
26 8 37
26 10 23
26 11 61
26 12 25
26 15 5
26 16 45
26 17 52
26 21 63
26 22 45
27 3 38
27 4 58
27 6 62
27 7 19
27 8 17
27 9 43
27 10 27
27 12 41
27 14 36
27 16 55
27 18 30
27 19 21
27 20 59
27 21 22
27 24 14
27 25 45
27 26 36
28 0 63
28 1 7
28 2 37
28 4 48
28 6 44
28 10 25
28 14 27
28 16 53
28 17 38
28 18 26
28 20 17
28 21 1
28 24 30
28 25 35
29 0 61
29 1 35
29 2 10
29 4 60
29 5 60
29 8 17
29 9 17
29 13 16
29 14 30
29 15 34
29 18 31
29 19 48
29 21 47
29 22 14
29 25 18
29 26 39
29 27 26
30 3 62
30 4 62
30 5 15
30 7 21
30 9 45
30 11 33
30 12 47
30 13 63
30 14 21
30 17 55
30 19 33
30 21 45
30 22 57
30 26 61
30 27 57
31 0 7
31 2 28
31 3 38
31 9 13
31 10 26
31 14 61
31 16 52
31 17 28
31 18 17
31 20 15
31 21 48
31 24 38
31 26 14
31 28 45
32 2 17
32 5 9
32 8 16
32 11 9
32 12 6
32 13 46
32 15 21
32 16 20
32 17 15
32 18 59
32 21 42
32 22 52
32 23 14
32 24 55
32 29 44
32 30 30
33 0 40
33 2 59
33 4 23
33 5 8
33 8 22
33 9 20
33 11 28
33 13 4
33 15 24
33 19 60
33 20 15
33 21 45
33 22 35
33 23 13
33 24 9
33 25 49
33 26 51
33 30 6
33 32 40
34 0 47
34 6 4
34 7 49
34 10 47
34 12 39
34 14 32
34 15 4
34 19 45
34 21 21
34 22 5
34 24 8
34 26 47
34 27 35
34 30 15
34 31 50
34 33 42
35 0 7
35 4 24
35 8 8
35 10 30
35 14 27
35 15 51
35 17 27
35 18 5
35 22 51
35 25 7
35 28 1
35 29 50
35 32 60
35 33 8
36 1 8
36 2 61
36 3 37
36 4 26
36 6 28
36 10 12
36 12 61
36 13 43
36 15 62
36 16 55
36 22 19
36 27 25
36 28 59
36 29 38
36 30 54
36 31 57
36 34 7
37 0 9
37 1 24
37 2 3
37 3 7
37 4 40
37 5 8
37 6 10
37 8 28
37 14 3
37 17 58
37 19 6
37 20 15
37 21 4
37 28 46
37 29 40
37 31 50
37 32 44
37 34 14
38 0 36
38 2 22
38 5 40
38 6 61
38 12 10
38 14 55
38 16 38
38 18 25
38 19 39
38 22 8
38 23 55
38 24 5
38 25 13
38 26 59
38 28 1
38 29 62
38 31 37
38 32 3
38 34 22
38 35 2
39 0 14
39 3 23
39 6 13
39 7 14
39 8 2
39 9 23
39 10 63
39 11 43
39 13 54
39 15 39
39 16 18
39 17 30
39 19 52
39 20 44
39 24 62
39 27 42
39 29 34
39 33 35
39 34 39
39 36 55
40 0 52
40 2 23
40 4 63
40 7 41
40 9 45
40 10 15
40 12 19
40 13 3
40 23 63
40 26 2
40 28 48
40 30 30
40 31 41
40 32 4
40 35 62
40 36 26
40 37 35
41 0 11
41 1 52
41 2 48
41 3 60
41 5 29
41 9 46
41 10 16
41 11 44
41 12 24
41 13 1
41 16 57
41 24 22
41 25 49
41 26 6
41 30 20
41 34 22
42 1 43
42 3 4
42 8 14
42 12 62
42 14 30
42 17 5
42 18 14
42 24 54
42 26 28
42 27 56
42 29 26
42 30 25
42 35 18
42 37 25
42 38 55
42 39 43
42 40 42
42 41 50
43 1 14
43 2 12
43 4 40
43 9 15
43 10 23
43 11 18
43 12 6
43 16 50
43 19 4
43 20 26
43 23 30
43 24 41
43 25 54
43 28 12
43 29 41
43 32 4
43 33 39
43 34 28
43 35 63
43 37 39
43 38 1
43 39 8
44 3 53
44 5 5
44 8 27
44 9 54
44 10 7
44 12 10
44 13 45
44 14 62
44 15 34
44 16 39
44 19 55
44 21 63
44 22 3
44 23 7
44 28 29
44 29 36
44 31 47
44 32 62
44 34 28
44 36 3
44 37 63
44 40 30
44 42 30
45 2 21
45 5 59
45 6 16
45 7 22
45 9 38
45 14 45
45 15 29
45 17 11
45 18 8
45 19 22
45 21 16
45 22 10
45 27 36
45 29 50
45 30 10
45 34 46
45 35 12
45 36 63
45 37 2
45 38 7
45 41 43
45 44 26
46 0 53
46 1 4
46 4 6
46 5 16
46 8 33
46 9 19
46 10 51
46 11 45
46 13 14
46 14 56
46 15 18
46 18 43
46 20 8
46 21 55
46 22 48
46 27 60
46 30 52
46 32 31
46 34 7
46 40 35
46 42 7
46 44 36
46 45 26
47 3 50
47 4 20
47 5 42
47 6 59
47 7 10
47 8 51
47 13 5
47 16 32
47 17 53
47 18 30
47 21 24
47 23 14
47 25 57
47 27 39
47 28 43
47 29 1
47 30 7
47 31 52
47 32 62
47 34 31
47 35 21
47 36 52
47 37 50
47 39 45
47 40 3
47 44 56
47 46 17
48 0 21
48 2 50
48 3 28
48 9 5
48 13 15
48 14 52
48 15 40
48 16 50
48 17 18
48 18 21
48 19 56
48 20 3
48 22 34
48 24 21
48 25 34
48 26 1
48 30 60
48 31 51
48 36 2
48 37 61
48 41 41
48 45 14
49 0 4
49 6 41
49 8 13
49 10 60
49 12 33
49 14 34
49 15 63
49 16 11
49 20 32
49 22 13
49 23 56
49 26 4
49 28 47
49 32 44
49 34 11
49 36 21
49 37 42
49 38 28
49 41 41
49 43 54
49 44 46
49 45 2
49 46 29
49 47 32
49 48 27
50 0 60
50 2 10
50 4 14
50 5 38
50 8 9
50 9 50
50 10 26
50 15 12
50 16 54
50 17 40
50 19 24
50 20 34
50 22 41
50 24 27
50 25 3
50 27 26
50 28 50
50 29 19
50 30 6
50 35 23
50 36 39
50 37 54
50 38 60
50 39 21
50 40 12
50 41 9
50 43 52
50 44 48
50 45 1
50 47 59
50 49 9
51 0 7
51 1 17
51 2 6
51 3 26
51 7 30
51 8 33
51 11 4
51 12 37
51 13 49
51 16 1
51 19 2
51 23 30
51 27 36
51 28 54
51 29 23
51 32 61
51 33 44
51 34 15
51 35 29
51 36 42
51 37 54
51 38 42
51 39 7
51 41 50
51 42 12
51 43 2
51 47 32
51 48 15
51 49 26
51 50 22
52 0 58
52 2 20
52 3 47
52 5 53
52 6 40
52 7 53
52 8 14
52 9 16
52 10 34
52 15 42
52 17 11
52 18 2
52 23 53
52 24 17
52 29 25
52 33 27
52 34 10
52 35 27
52 39 62
52 40 51
52 44 35
52 45 24
52 46 20
52 48 56
52 49 44
52 51 50
53 0 22
53 3 20
53 5 47
53 8 55
53 10 20
53 12 40
53 13 18
53 14 13
53 27 18
53 31 21
53 33 34
53 34 26
53 35 8
53 36 23
53 37 19
53 38 26
53 43 60
53 45 62
53 46 12
53 48 56
53 49 15
53 52 2
54 1 6
54 9 35
54 10 20
54 12 29
54 13 5
54 14 45
54 16 47
54 17 48
54 20 26
54 21 48
54 22 5
54 23 33
54 24 42
54 25 53
54 26 6
54 27 46
54 29 46
54 34 10
54 40 35
54 41 21
54 50 41
54 51 58
54 52 5
54 53 7
55 1 3
55 2 15
55 3 17
55 5 24
55 6 50
55 7 40
55 9 57
55 10 11
55 12 23
55 13 1
55 14 44
55 15 23
55 20 61
55 25 14
55 27 43
55 28 57
55 29 3
55 32 41
55 34 6
55 35 28
55 36 27
55 37 53
55 39 19
55 41 47
55 44 50
55 45 25
55 47 1
55 48 44
55 54 27
56 0 32
56 1 14
56 2 54
56 3 7
56 7 6
56 11 21
56 13 12
56 14 32
56 15 7
56 16 26
56 20 35
56 23 26
56 24 22
56 25 36
56 26 33
56 27 16
56 28 22
56 30 60
56 31 23
56 33 20
56 35 11
56 37 48
56 39 59
56 42 29
56 44 33
56 48 54
56 51 22
56 52 10
56 53 61
56 54 51
56 55 19
57 0 33
57 1 34
57 3 60
57 4 61
57 6 58
57 8 35
57 10 21
57 11 33
57 14 21
57 15 37
57 17 31
57 18 54
57 21 39
57 22 48
57 23 29
57 24 54
57 25 12
57 26 28
57 27 39
57 29 48
57 30 57
57 31 44
57 32 57
57 34 34
57 39 36
57 40 40
57 42 40
57 47 25
57 49 40
57 52 41
57 53 3
57 56 49
58 0 44
58 4 10
58 5 63
58 7 39
58 8 53
58 10 58
58 11 37
58 12 18
58 13 17
58 15 5
58 16 12
58 17 6
58 18 15
58 19 37
58 23 26
58 27 3
58 30 24
58 31 47
58 33 9
58 35 27
58 39 6
58 42 44
58 47 8
58 48 23
58 49 9
58 50 46
58 51 10
58 52 11
58 54 46
59 1 57
59 2 58
59 3 41
59 6 28
59 10 52
59 12 34
59 16 60
59 17 21
59 18 43
59 19 44
59 20 39
59 21 44
59 22 6
59 26 17
59 29 17
59 30 29
59 31 52
59 32 5
59 33 3
59 38 31
59 42 55
59 43 20
59 45 62
59 48 58
59 49 46
59 53 43
59 55 47
59 56 23
59 57 62
60 5 32
60 11 61
60 12 29
60 13 1
60 14 49
60 16 54
60 18 7
60 19 50
60 20 8
60 22 20
60 24 56
60 26 53
60 27 7
60 30 7
60 31 18
60 32 41
60 35 13
60 36 1
60 40 11
60 41 5
60 43 5
60 46 2
60 47 19
60 49 60
60 50 19
60 52 58
60 53 52
60 56 28
60 57 20
60 59 12
61 0 19
61 4 53
61 5 11
61 6 27
61 10 40
61 11 53
61 12 30
61 18 40
61 19 58
61 20 14
61 21 16
61 22 32
61 31 20
61 32 10
61 34 32
61 37 41
61 40 12
61 41 50
61 42 21
61 43 40
61 44 32
61 47 40
61 49 20
61 50 62
61 51 13
61 52 50
61 53 34
61 55 29
61 60 4
62 1 42
62 4 20
62 5 41
62 8 31
62 9 42
62 10 1
62 12 7
62 14 31
62 18 23
62 19 20
62 20 23
62 25 7
62 29 54
62 31 43
62 33 21
62 34 61
62 35 60
62 37 27
62 39 17
62 40 62
62 42 1
62 43 26
62 46 16
62 47 13
62 48 25
62 52 60
62 53 37
62 54 45
62 55 18
62 56 46
62 57 22
62 58 39
63 0 18
63 2 49
63 4 10
63 6 14
63 7 26
63 8 2
63 9 32
63 10 46
63 11 10
63 14 21
63 15 53
63 16 25
63 17 16
63 18 36
63 19 62
63 20 31
63 23 4
63 25 3
63 27 30
63 28 57
63 29 39
63 30 34
63 31 45
63 36 3
63 38 54
63 40 10
63 45 33
63 47 50
63 48 48
63 49 63
63 50 8
63 52 30
63 54 18
63 56 41
63 57 34
63 58 34
63 59 50
63 60 19
63 62 55
