29
2 0 1
2 1 16
3 1 8
4 3 4
5 1 22
5 3 6
6 0 29
6 1 8
6 3 22
6 4 27
6 5 13
7 1 4
8 0 17
8 1 21
8 2 25
8 4 31
9 0 28
9 1 27
9 2 7
9 3 29
9 5 29
9 7 26
9 8 9
10 0 22
10 1 7
10 2 22
10 3 10
10 4 9
10 5 31
11 0 4
11 2 11
11 3 2
11 4 11
11 7 22
11 9 23
11 10 1
12 3 23
12 6 10
13 0 30
13 1 17
13 3 26
13 4 12
13 5 20
13 12 26
14 1 6
14 2 12
14 4 22
14 8 15
14 10 18
14 12 15
14 13 18
15 2 2
15 5 22
15 6 26
15 9 19
15 10 3
15 11 9
15 12 22
15 14 28
16 1 7
16 2 12
16 3 19
16 5 12
16 6 4
16 7 22
16 8 21
16 9 17
16 10 2
16 11 17
16 13 19
17 0 20
17 1 2
17 2 7
17 3 17
17 4 11
17 7 17
17 11 12
17 12 6
17 13 20
17 14 25
17 15 18
17 16 13
18 0 11
18 1 25
18 3 22
18 6 22
18 8 15
18 11 18
18 12 20
18 14 14
18 16 5
19 0 5
19 1 10
19 6 26
19 7 4
19 8 26
19 9 27
19 14 24
20 1 20
20 4 6
20 5 27
20 7 3
20 11 13
20 12 4
20 13 14
20 14 11
20 18 8
20 19 14
21 0 16
21 2 22
21 3 26
21 5 22
21 7 19
21 9 28
21 10 23
21 13 9
21 14 27
21 15 12
21 19 3
21 20 18
22 0 18
22 1 9
22 3 4
22 7 7
22 8 16
22 9 11
22 14 30
22 15 20
22 16 18
22 17 2
22 19 8
22 20 30
23 0 23
23 2 29
23 5 19
23 6 7
23 8 9
23 10 28
23 12 13
23 16 24
23 19 4
23 22 23
24 2 10
24 4 31
24 5 11
24 6 27
24 9 30
24 10 6
24 11 31
24 12 3
24 13 13
24 16 31
24 18 25
24 19 21
24 22 7
24 23 30
25 0 29
25 2 12
25 3 16
25 4 15
25 5 9
25 8 18
25 10 22
25 12 25
25 13 5
25 14 4
25 16 4
25 18 26
25 23 19
26 0 16
26 1 2
26 4 9
26 5 26
26 7 10
26 8 15
26 12 18
26 13 13
26 14 31
26 18 24
26 21 9
26 22 23
26 23 25
26 24 3
26 25 12
27 0 23
27 1 24
27 4 11
27 5 19
27 9 7
27 10 26
27 15 22
27 18 26
27 20 14
27 22 31
27 26 16
28 0 23
28 1 20
28 3 22
28 5 17
28 6 22
28 10 21
28 11 2
28 12 15
28 13 9
28 15 25
28 16 31
28 18 5
28 19 13
28 20 16
28 21 8
28 22 2
28 25 20
