70
1 0 2
2 0 4
2 1 4
3 0 1
3 1 10
3 2 8
4 0 3
4 1 3
4 2 6
4 3 3
5 0 6
5 1 7
5 2 6
5 3 6
5 4 8
6 0 9
6 1 5
6 2 3
6 3 7
6 4 10
6 5 6
7 0 10
7 1 10
7 2 2
7 3 7
7 4 7
7 5 10
7 6 9
8 0 2
8 1 5
8 2 10
8 3 2
8 4 8
8 5 2
8 6 5
8 7 5
9 0 10
9 1 4
9 2 2
9 3 6
9 4 4
9 5 1
9 6 5
9 7 7
9 8 4
10 0 5
10 1 4
10 2 10
10 3 10
10 4 10
10 5 8
10 6 4
10 7 4
10 8 5
10 9 3
11 0 6
11 1 10
11 2 1
11 3 10
11 4 8
11 5 5
11 6 10
11 7 9
11 8 7
11 9 10
11 10 10
12 0 10
12 1 3
12 2 7
12 3 1
12 4 9
12 5 5
12 6 7
12 7 5
12 8 5
12 9 7
12 10 9
12 11 9
13 0 10
13 1 8
13 2 1
13 3 10
13 4 2
13 5 1
13 6 6
13 7 2
13 8 6
13 9 7
13 10 9
13 11 4
13 12 2
14 0 4
14 1 3
14 2 3
14 3 4
14 4 4
14 5 8
14 6 6
14 7 10
14 8 7
14 9 1
14 10 1
14 11 10
14 12 6
14 13 6
15 0 2
15 1 10
15 2 4
15 3 5
15 4 1
15 5 8
15 6 5
15 7 8
15 8 7
15 9 5
15 10 1
15 11 10
15 12 9
15 13 3
15 14 3
16 0 5
16 1 5
16 2 1
16 3 9
16 4 8
16 5 10
16 6 4
16 7 10
16 8 7
16 9 7
16 10 10
16 11 3
16 12 2
16 13 10
16 14 6
16 15 2
17 0 1
17 1 10
17 2 3
17 3 4
17 4 7
17 5 3
17 6 9
17 7 3
17 8 10
17 9 9
17 10 10
17 11 7
17 12 5
17 13 1
17 14 9
17 15 7
17 16 8
18 0 9
18 1 4
18 2 2
18 3 7
18 4 5
18 5 3
18 6 4
18 7 3
18 8 9
18 9 7
18 10 4
18 11 8
18 12 7
18 13 5
18 14 5
18 15 10
18 16 2
18 17 5
19 0 3
19 1 2
19 2 4
19 3 1
19 4 10
19 5 3
19 6 10
19 7 1
19 8 3
19 9 7
19 10 8
19 11 1
19 12 4
19 13 6
19 14 4
19 15 1
19 16 1
19 17 2
19 18 5
20 0 1
20 1 4
20 2 10
20 3 3
20 4 4
20 5 5
20 6 5
20 7 4
20 8 2
20 9 8
20 10 9
20 11 8
20 12 5
20 13 6
20 14 6
20 15 10
20 16 7
20 17 10
20 18 4
20 19 7
21 0 7
21 1 3
21 2 9
21 3 6
21 4 5
21 5 2
21 6 6
21 7 2
21 8 2
21 9 7
21 10 1
21 11 10
21 12 4
21 13 3
21 14 4
21 15 10
21 16 2
21 17 3
21 18 6
21 19 4
21 20 6
22 0 2
22 1 10
22 2 10
22 3 6
22 4 9
22 5 3
22 6 1
22 7 5
22 8 3
22 9 6
22 10 2
22 11 1
22 12 1
22 13 10
22 14 10
22 15 8
22 16 10
22 17 7
22 18 4
22 19 1
22 20 2
22 21 4
23 0 1
23 1 2
23 2 4
23 3 8
23 4 3
23 5 4
23 6 6
23 7 10
23 8 2
23 9 1
23 10 7
23 11 1
23 12 7
23 13 7
23 14 2
23 15 8
23 16 4
23 17 8
23 18 1
23 19 6
23 20 6
23 21 5
23 22 10
24 0 5
24 1 5
24 2 6
24 3 7
24 4 7
24 5 4
24 6 8
24 7 6
24 8 3
24 9 2
24 10 9
24 11 6
24 12 1
24 13 10
24 14 1
24 15 5
24 16 8
24 17 3
24 18 3
24 19 8
24 20 3
24 21 8
24 22 3
24 23 5
25 0 9
25 1 3
25 2 9
25 3 4
25 4 10
25 5 5
25 6 2
25 7 9
25 8 2
25 9 2
25 10 10
25 11 1
25 12 5
25 13 4
25 14 4
25 15 8
25 16 3
25 17 7
25 18 10
25 19 2
25 20 1
25 21 2
25 22 5
25 23 7
25 24 9
26 0 8
26 1 1
26 2 2
26 3 4
26 4 6
26 5 1
26 6 9
26 7 4
26 8 3
26 9 5
26 10 8
26 11 6
26 12 3
26 13 9
26 14 4
26 15 4
26 16 5
26 17 1
26 18 9
26 19 8
26 20 9
26 21 6
26 22 3
26 23 9
26 24 10
26 25 3
27 0 10
27 1 10
27 2 5
27 3 2
27 4 10
27 5 1
27 6 9
27 7 5
27 8 3
27 9 2
27 10 3
27 11 9
27 12 4
27 13 2
27 14 2
27 15 5
27 16 5
27 17 4
27 18 4
27 19 6
27 20 7
27 21 5
27 22 8
27 23 4
27 24 5
27 25 8
27 26 5
28 0 1
28 1 8
28 2 6
28 3 1
28 4 6
28 5 2
28 6 5
28 7 1
28 8 1
28 9 8
28 10 6
28 11 3
28 12 5
28 13 8
28 14 8
28 15 3
28 16 8
28 17 1
28 18 10
28 19 5
28 20 5
28 21 5
28 22 1
28 23 2
28 24 2
28 25 5
28 26 1
28 27 5
29 0 9
29 1 9
29 2 6
29 3 3
29 4 8
29 5 9
29 6 7
29 7 1
29 8 5
29 9 2
29 10 6
29 11 9
29 12 8
29 13 5
29 14 8
29 15 5
29 16 2
29 17 10
29 18 2
29 19 7
29 20 1
29 21 5
29 22 6
29 23 3
29 24 3
29 25 10
29 26 2
29 27 6
29 28 8
30 0 8
30 1 9
30 2 4
30 3 9
30 4 6
30 5 7
30 6 2
30 7 7
30 8 1
30 9 4
30 10 4
30 11 8
30 12 5
30 13 6
30 14 4
30 15 1
30 16 7
30 17 7
30 18 4
30 19 2
30 20 1
30 21 7
30 22 7
30 23 6
30 24 3
30 25 1
30 26 7
30 27 4
30 28 8
30 29 10
31 0 3
31 1 5
31 2 9
31 3 5
31 4 7
31 5 3
31 6 9
31 7 10
31 8 4
31 9 3
31 10 1
31 11 3
31 12 2
31 13 7
31 14 7
31 15 10
31 16 9
31 17 8
31 18 6
31 19 7
31 20 2
31 21 3
31 22 9
31 23 3
31 24 8
31 25 5
31 26 2
31 27 7
31 28 4
31 29 10
31 30 5
32 0 4
32 1 6
32 2 10
32 3 3
32 4 2
32 5 5
32 6 9
32 7 10
32 8 10
32 9 9
32 10 4
32 11 10
32 12 9
32 13 1
32 14 4
32 15 4
32 16 4
32 17 6
32 18 3
32 19 8
32 20 7
32 21 6
32 22 5
32 23 7
32 24 8
32 25 5
32 26 4
32 27 8
32 28 7
32 29 1
32 30 10
32 31 5
33 0 8
33 1 1
33 2 9
33 3 7
33 4 5
33 5 9
33 6 7
33 7 7
33 8 1
33 9 4
33 10 3
33 11 10
33 12 2
33 13 2
33 14 5
33 15 10
33 16 3
33 17 6
33 18 8
33 19 4
33 20 5
33 21 5
33 22 8
33 23 5
33 24 8
33 25 6
33 26 7
33 27 10
33 28 4
33 29 7
33 30 8
33 31 8
33 32 2
34 0 1
34 1 5
34 2 6
34 3 1
34 4 2
34 5 7
34 6 7
34 7 2
34 8 5
34 9 9
34 10 6
34 11 3
34 12 6
34 13 1
34 14 8
34 15 1
34 16 10
34 17 10
34 18 4
34 19 3
34 20 8
34 21 1
34 22 4
34 23 5
34 24 6
34 25 4
34 26 9
34 27 8
34 28 9
34 29 2
34 30 5
34 31 8
34 32 9
34 33 6
35 0 5
35 1 7
35 2 3
35 3 9
35 4 2
35 5 1
35 6 5
35 7 6
35 8 9
35 9 10
35 10 10
35 11 8
35 12 6
35 13 1
35 14 10
35 15 2
35 16 10
35 17 1
35 18 6
35 19 5
35 20 9
35 21 5
35 22 9
35 23 9
35 24 8
35 25 8
35 26 5
35 27 4
35 28 7
35 29 10
35 30 1
35 31 3
35 32 7
35 33 10
35 34 9
36 0 10
36 1 9
36 2 5
36 3 10
36 4 4
36 5 4
36 6 9
36 7 7
36 8 4
36 9 9
36 10 2
36 11 9
36 12 2
36 13 5
36 14 1
36 15 9
36 16 4
36 17 8
36 18 1
36 19 5
36 20 10
36 21 5
36 22 9
36 23 9
36 24 10
36 25 2
36 26 4
36 27 4
36 28 4
36 29 4
36 30 8
36 31 3
36 32 6
36 33 8
36 34 2
36 35 1
37 0 6
37 1 1
37 2 1
37 3 4
37 4 9
37 5 8
37 6 10
37 7 3
37 8 10
37 9 1
37 10 2
37 11 6
37 12 4
37 13 8
37 14 6
37 15 6
37 16 10
37 17 2
37 18 1
37 19 5
37 20 4
37 21 4
37 22 8
37 23 5
37 24 8
37 25 10
37 26 4
37 27 6
37 28 9
37 29 3
37 30 6
37 31 7
37 32 6
37 33 8
37 34 6
37 35 5
37 36 6
38 0 6
38 1 6
38 2 10
38 3 7
38 4 8
38 5 1
38 6 2
38 7 2
38 8 8
38 9 8
38 10 2
38 11 3
38 12 6
38 13 1
38 14 10
38 15 4
38 16 7
38 17 8
38 18 9
38 19 4
38 20 9
38 21 10
38 22 1
38 23 4
38 24 10
38 25 10
38 26 2
38 27 2
38 28 9
38 29 1
38 30 3
38 31 6
38 32 10
38 33 4
38 34 1
38 35 8
38 36 3
38 37 10
39 0 10
39 1 3
39 2 5
39 3 6
39 4 4
39 5 1
39 6 9
39 7 8
39 8 8
39 9 8
39 10 4
39 11 10
39 12 3
39 13 5
39 14 6
39 15 4
39 16 5
39 17 3
39 18 7
39 19 10
39 20 8
39 21 1
39 22 6
39 23 5
39 24 9
39 25 10
39 26 9
39 27 2
39 28 4
39 29 8
39 30 9
39 31 1
39 32 9
39 33 6
39 34 3
39 35 8
39 36 2
39 37 2
39 38 1
40 0 4
40 1 6
40 2 9
40 3 8
40 4 7
40 5 6
40 6 3
40 7 2
40 8 8
40 9 8
40 10 2
40 11 9
40 12 1
40 13 5
40 14 10
40 15 1
40 16 3
40 17 8
40 18 9
40 19 4
40 20 1
40 21 1
40 22 9
40 23 7
40 24 5
40 25 2
40 26 1
40 27 6
40 28 3
40 29 2
40 30 8
40 31 9
40 32 5
40 33 5
40 34 2
40 35 1
40 36 9
40 37 6
40 38 8
40 39 8
41 0 9
41 1 4
41 2 8
41 3 4
41 4 8
41 5 4
41 6 5
41 7 3
41 8 6
41 9 3
41 10 8
41 11 6
41 12 3
41 13 7
41 14 5
41 15 9
41 16 1
41 17 4
41 18 4
41 19 2
41 20 10
41 21 1
41 22 2
41 23 7
41 24 6
41 25 9
41 26 6
41 27 1
41 28 3
41 29 8
41 30 9
41 31 9
41 32 9
41 33 4
41 34 1
41 35 7
41 36 2
41 37 4
41 38 9
41 39 2
41 40 2
42 0 9
42 1 2
42 2 3
42 3 1
42 4 8
42 5 5
42 6 4
42 7 9
42 8 9
42 9 8
42 10 7
42 11 3
42 12 8
42 13 4
42 14 10
42 15 3
42 16 2
42 17 9
42 18 3
42 19 8
42 20 8
42 21 2
42 22 8
42 23 9
42 24 3
42 25 10
42 26 9
42 27 6
42 28 2
42 29 4
42 30 1
42 31 1
42 32 5
42 33 8
42 34 5
42 35 7
42 36 5
42 37 7
42 38 10
42 39 2
42 40 5
42 41 9
43 0 6
43 1 4
43 2 7
43 3 1
43 4 9
43 5 10
43 6 10
43 7 1
43 8 6
43 9 1
43 10 8
43 11 9
43 12 1
43 13 4
43 14 10
43 15 7
43 16 9
43 17 3
43 18 1
43 19 6
43 20 2
43 21 9
43 22 5
43 23 2
43 24 8
43 25 10
43 26 6
43 27 2
43 28 1
43 29 2
43 30 8
43 31 2
43 32 5
43 33 2
43 34 9
43 35 3
43 36 8
43 37 10
43 38 8
43 39 9
43 40 8
43 41 10
43 42 1
44 0 7
44 1 9
44 2 9
44 3 8
44 4 9
44 5 1
44 6 8
44 7 4
44 8 7
44 9 8
44 10 5
44 11 10
44 12 10
44 13 4
44 14 10
44 15 1
44 16 7
44 17 9
44 18 5
44 19 9
44 20 8
44 21 6
44 22 9
44 23 6
44 24 8
44 25 2
44 26 6
44 27 8
44 28 10
44 29 5
44 30 4
44 31 3
44 32 9
44 33 4
44 34 8
44 35 2
44 36 3
44 37 4
44 38 5
44 39 4
44 40 2
44 41 9
44 42 9
44 43 7
45 0 2
45 1 10
45 2 2
45 3 6
45 4 4
45 5 5
45 6 1
45 7 1
45 8 10
45 9 7
45 10 1
45 11 1
45 12 6
45 13 8
45 14 2
45 15 3
45 16 6
45 17 8
45 18 7
45 19 10
45 20 8
45 21 3
45 22 4
45 23 8
45 24 4
45 25 1
45 26 5
45 27 2
45 28 1
45 29 7
45 30 1
45 31 8
45 32 10
45 33 10
45 34 5
45 35 9
45 36 6
45 37 1
45 38 2
45 39 5
45 40 4
45 41 3
45 42 10
45 43 2
45 44 8
46 0 1
46 1 2
46 2 9
46 3 9
46 4 1
46 5 10
46 6 8
46 7 4
46 8 9
46 9 9
46 10 1
46 11 1
46 12 5
46 13 9
46 14 10
46 15 4
46 16 6
46 17 3
46 18 8
46 19 6
46 20 9
46 21 7
46 22 10
46 23 10
46 24 8
46 25 6
46 26 8
46 27 3
46 28 3
46 29 6
46 30 3
46 31 10
46 32 5
46 33 2
46 34 1
46 35 2
46 36 7
46 37 5
46 38 1
46 39 4
46 40 2
46 41 9
46 42 7
46 43 10
46 44 5
46 45 3
47 0 5
47 1 4
47 2 10
47 3 5
47 4 4
47 5 3
47 6 8
47 7 6
47 8 8
47 9 2
47 10 9
47 11 8
47 12 4
47 13 3
47 14 10
47 15 4
47 16 2
47 17 7
47 18 6
47 19 3
47 20 7
47 21 7
47 22 8
47 23 1
47 24 1
47 25 9
47 26 4
47 27 7
47 28 1
47 29 10
47 30 7
47 31 9
47 32 1
47 33 4
47 34 4
47 35 4
47 36 7
47 37 3
47 38 6
47 39 5
47 40 5
47 41 10
47 42 9
47 43 5
47 44 4
47 45 7
47 46 9
48 0 6
48 1 10
48 2 3
48 3 1
48 4 9
48 5 10
48 6 5
48 7 8
48 8 7
48 9 9
48 10 8
48 11 9
48 12 4
48 13 2
48 14 4
48 15 10
48 16 5
48 17 7
48 18 7
48 19 2
48 20 6
48 21 8
48 22 4
48 23 6
48 24 8
48 25 10
48 26 9
48 27 4
48 28 5
48 29 10
48 30 8
48 31 10
48 32 5
48 33 1
48 34 3
48 35 9
48 36 2
48 37 5
48 38 3
48 39 6
48 40 5
48 41 8
48 42 8
48 43 8
48 44 9
48 45 10
48 46 6
48 47 9
49 0 1
49 1 9
49 2 1
49 3 8
49 4 3
49 5 7
49 6 5
49 7 10
49 8 2
49 9 10
49 10 5
49 11 7
49 12 2
49 13 1
49 14 1
49 15 8
49 16 4
49 17 10
49 18 9
49 19 9
49 20 10
49 21 9
49 22 7
49 23 9
49 24 6
49 25 2
49 26 7
49 27 7
49 28 9
49 29 6
49 30 2
49 31 9
49 32 10
49 33 3
49 34 7
49 35 8
49 36 1
49 37 5
49 38 7
49 39 8
49 40 3
49 41 10
49 42 9
49 43 3
49 44 9
49 45 6
49 46 4
49 47 6
49 48 9
50 0 3
50 1 10
50 2 10
50 3 7
50 4 1
50 5 7
50 6 1
50 7 4
50 8 2
50 9 5
50 10 8
50 11 1
50 12 1
50 13 1
50 14 1
50 15 9
50 16 10
50 17 8
50 18 1
50 19 1
50 20 10
50 21 8
50 22 8
50 23 4
50 24 10
50 25 9
50 26 8
50 27 5
50 28 8
50 29 4
50 30 8
50 31 7
50 32 7
50 33 2
50 34 9
50 35 8
50 36 1
50 37 9
50 38 10
50 39 8
50 40 8
50 41 2
50 42 9
50 43 3
50 44 3
50 45 8
50 46 4
50 47 5
50 48 2
50 49 6
51 0 6
51 1 9
51 2 8
51 3 1
51 4 9
51 5 1
51 6 7
51 7 9
51 8 2
51 9 5
51 10 8
51 11 5
51 12 2
51 13 7
51 14 4
51 15 3
51 16 8
51 17 5
51 18 5
51 19 1
51 20 7
51 21 7
51 22 9
51 23 1
51 24 7
51 25 4
51 26 10
51 27 7
51 28 9
51 29 4
51 30 2
51 31 4
51 32 10
51 33 10
51 34 9
51 35 2
51 36 10
51 37 3
51 38 10
51 39 7
51 40 5
51 41 9
51 42 1
51 43 2
51 44 10
51 45 6
51 46 9
51 47 1
51 48 10
51 49 7
51 50 10
52 0 6
52 1 9
52 2 6
52 3 7
52 4 10
52 5 6
52 6 2
52 7 5
52 8 2
52 9 5
52 10 1
52 11 1
52 12 3
52 13 1
52 14 3
52 15 2
52 16 9
52 17 1
52 18 8
52 19 3
52 20 4
52 21 3
52 22 10
52 23 5
52 24 6
52 25 4
52 26 2
52 27 8
52 28 1
52 29 10
52 30 9
52 31 1
52 32 7
52 33 4
52 34 7
52 35 2
52 36 9
52 37 9
52 38 4
52 39 8
52 40 3
52 41 1
52 42 2
52 43 3
52 44 3
52 45 2
52 46 8
52 47 6
52 48 1
52 49 3
52 50 8
52 51 3
53 0 6
53 1 7
53 2 4
53 3 1
53 4 5
53 5 6
53 6 6
53 7 9
53 8 5
53 9 9
53 10 1
53 11 7
53 12 10
53 13 1
53 14 5
53 15 8
53 16 10
53 17 2
53 18 2
53 19 4
53 20 3
53 21 1
53 22 8
53 23 6
53 24 10
53 25 6
53 26 4
53 27 9
53 28 8
53 29 1
53 30 10
53 31 5
53 32 7
53 33 9
53 34 1
53 35 5
53 36 10
53 37 7
53 38 3
53 39 9
53 40 5
53 41 2
53 42 8
53 43 3
53 44 9
53 45 10
53 46 3
53 47 3
53 48 9
53 49 8
53 50 7
53 51 10
53 52 2
54 0 8
54 1 7
54 2 6
54 3 6
54 4 7
54 5 8
54 6 5
54 7 10
54 8 3
54 9 6
54 10 9
54 11 4
54 12 3
54 13 8
54 14 8
54 15 9
54 16 9
54 17 7
54 18 5
54 19 2
54 20 7
54 21 8
54 22 10
54 23 10
54 24 10
54 25 1
54 26 4
54 27 8
54 28 10
54 29 5
54 30 10
54 31 6
54 32 8
54 33 1
54 34 7
54 35 8
54 36 9
54 37 4
54 38 6
54 39 6
54 40 9
54 41 9
54 42 1
54 43 4
54 44 6
54 45 6
54 46 8
54 47 3
54 48 8
54 49 2
54 50 2
54 51 8
54 52 10
54 53 1
55 0 2
55 1 3
55 2 8
55 3 7
55 4 6
55 5 1
55 6 9
55 7 6
55 8 6
55 9 10
55 10 4
55 11 9
55 12 5
55 13 9
55 14 5
55 15 7
55 16 10
55 17 1
55 18 8
55 19 5
55 20 9
55 21 2
55 22 10
55 23 3
55 24 7
55 25 3
55 26 10
55 27 1
55 28 10
55 29 5
55 30 4
55 31 8
55 32 6
55 33 9
55 34 2
55 35 7
55 36 7
55 37 1
55 38 2
55 39 3
55 40 4
55 41 3
55 42 10
55 43 2
55 44 4
55 45 10
55 46 4
55 47 2
55 48 7
55 49 9
55 50 10
55 51 8
55 52 5
55 53 1
55 54 10
56 0 4
56 1 8
56 2 5
56 3 4
56 4 6
56 5 9
56 6 10
56 7 7
56 8 2
56 9 8
56 10 4
56 11 1
56 12 10
56 13 2
56 14 6
56 15 4
56 16 4
56 17 7
56 18 5
56 19 6
56 20 3
56 21 7
56 22 1
56 23 6
56 24 4
56 25 4
56 26 8
56 27 2
56 28 5
56 29 1
56 30 1
56 31 9
56 32 6
56 33 10
56 34 4
56 35 5
56 36 5
56 37 1
56 38 9
56 39 10
56 40 3
56 41 10
56 42 9
56 43 6
56 44 10
56 45 9
56 46 3
56 47 2
56 48 6
56 49 3
56 50 7
56 51 1
56 52 8
56 53 3
56 54 7
56 55 3
57 0 10
57 1 9
57 2 2
57 3 3
57 4 1
57 5 2
57 6 10
57 7 4
57 8 6
57 9 9
57 10 4
57 11 1
57 12 3
57 13 4
57 14 1
57 15 7
57 16 2
57 17 8
57 18 9
57 19 7
57 20 5
57 21 9
57 22 2
57 23 9
57 24 9
57 25 2
57 26 6
57 27 7
57 28 3
57 29 10
57 30 10
57 31 4
57 32 10
57 33 2
57 34 8
57 35 2
57 36 9
57 37 2
57 38 7
57 39 1
57 40 1
57 41 5
57 42 9
57 43 6
57 44 10
57 45 10
57 46 3
57 47 4
57 48 7
57 49 2
57 50 5
57 51 2
57 52 5
57 53 6
57 54 1
57 55 2
57 56 2
58 0 7
58 1 2
58 2 2
58 3 5
58 4 7
58 5 4
58 6 1
58 7 5
58 8 4
58 9 8
58 10 1
58 11 8
58 12 4
58 13 9
58 14 1
58 15 1
58 16 5
58 17 10
58 18 10
58 19 10
58 20 1
58 21 4
58 22 10
58 23 1
58 24 6
58 25 7
58 26 10
58 27 2
58 28 1
58 29 7
58 30 7
58 31 4
58 32 2
58 33 8
58 34 8
58 35 7
58 36 5
58 37 8
58 38 2
58 39 1
58 40 8
58 41 4
58 42 2
58 43 4
58 44 7
58 45 4
58 46 6
58 47 10
58 48 7
58 49 6
58 50 10
58 51 1
58 52 3
58 53 6
58 54 1
58 55 5
58 56 5
58 57 1
59 0 3
59 1 8
59 2 1
59 3 6
59 4 5
59 5 9
59 6 1
59 7 7
59 8 1
59 9 3
59 10 8
59 11 4
59 12 4
59 13 9
59 14 3
59 15 10
59 16 3
59 17 9
59 18 2
59 19 4
59 20 6
59 21 2
59 22 4
59 23 10
59 24 8
59 25 3
59 26 2
59 27 5
59 28 6
59 29 4
59 30 6
59 31 8
59 32 2
59 33 5
59 34 8
59 35 9
59 36 4
59 37 1
59 38 1
59 39 4
59 40 8
59 41 2
59 42 5
59 43 3
59 44 7
59 45 5
59 46 8
59 47 10
59 48 5
59 49 7
59 50 10
59 51 1
59 52 9
59 53 6
59 54 8
59 55 2
59 56 10
59 57 6
59 58 3
60 0 6
60 1 10
60 2 6
60 3 4
60 4 4
60 5 2
60 6 4
60 7 3
60 8 4
60 9 4
60 10 10
60 11 4
60 12 1
60 13 7
60 14 10
60 15 4
60 16 10
60 17 9
60 18 9
60 19 9
60 20 7
60 21 2
60 22 8
60 23 4
60 24 7
60 25 7
60 26 10
60 27 5
60 28 4
60 29 6
60 30 5
60 31 10
60 32 4
60 33 6
60 34 3
60 35 8
60 36 2
60 37 3
60 38 4
60 39 4
60 40 4
60 41 2
60 42 9
60 43 10
60 44 3
60 45 6
60 46 8
60 47 5
60 48 8
60 49 3
60 50 1
60 51 7
60 52 4
60 53 6
60 54 2
60 55 4
60 56 5
60 57 2
60 58 2
60 59 7
61 0 3
61 1 6
61 2 9
61 3 5
61 4 6
61 5 3
61 6 9
61 7 9
61 8 2
61 9 6
61 10 10
61 11 7
61 12 5
61 13 3
61 14 9
61 15 9
61 16 7
61 17 4
61 18 1
61 19 9
61 20 8
61 21 4
61 22 5
61 23 10
61 24 10
61 25 3
61 26 2
61 27 9
61 28 7
61 29 6
61 30 9
61 31 9
61 32 8
61 33 4
61 34 10
61 35 7
61 36 5
61 37 6
61 38 9
61 39 10
61 40 1
61 41 8
61 42 4
61 43 1
61 44 8
61 45 8
61 46 10
61 47 3
61 48 2
61 49 6
61 50 6
61 51 4
61 52 1
61 53 10
61 54 4
61 55 1
61 56 10
61 57 7
61 58 10
61 59 8
61 60 9
62 0 8
62 1 5
62 2 9
62 3 8
62 4 1
62 5 5
62 6 10
62 7 1
62 8 5
62 9 7
62 10 9
62 11 3
62 12 4
62 13 2
62 14 2
62 15 3
62 16 4
62 17 7
62 18 1
62 19 9
62 20 7
62 21 5
62 22 7
62 23 3
62 24 1
62 25 3
62 26 3
62 27 6
62 28 9
62 29 9
62 30 3
62 31 9
62 32 6
62 33 2
62 34 7
62 35 3
62 36 2
62 37 1
62 38 5
62 39 2
62 40 4
62 41 8
62 42 10
62 43 7
62 44 1
62 45 5
62 46 6
62 47 6
62 48 3
62 49 7
62 50 6
62 51 7
62 52 5
62 53 9
62 54 10
62 55 7
62 56 6
62 57 2
62 58 6
62 59 4
62 60 10
62 61 10
63 0 3
63 1 5
63 2 5
63 3 8
63 4 4
63 5 3
63 6 7
63 7 7
63 8 4
63 9 10
63 10 8
63 11 4
63 12 9
63 13 6
63 14 4
63 15 7
63 16 7
63 17 7
63 18 1
63 19 5
63 20 4
63 21 6
63 22 7
63 23 10
63 24 6
63 25 1
63 26 8
63 27 3
63 28 7
63 29 3
63 30 6
63 31 2
63 32 2
63 33 5
63 34 4
63 35 5
63 36 2
63 37 5
63 38 4
63 39 9
63 40 6
63 41 4
63 42 5
63 43 5
63 44 1
63 45 6
63 46 10
63 47 3
63 48 4
63 49 2
63 50 6
63 51 9
63 52 3
63 53 10
63 54 1
63 55 9
63 56 7
63 57 6
63 58 3
63 59 10
63 60 8
63 61 5
63 62 8
64 0 10
64 1 6
64 2 8
64 3 8
64 4 10
64 5 2
64 6 5
64 7 8
64 8 7
64 9 8
64 10 3
64 11 3
64 12 6
64 13 7
64 14 4
64 15 9
64 16 10
64 17 2
64 18 10
64 19 7
64 20 1
64 21 10
64 22 5
64 23 4
64 24 8
64 25 3
64 26 7
64 27 9
64 28 9
64 29 8
64 30 4
64 31 3
64 32 5
64 33 6
64 34 6
64 35 7
64 36 3
64 37 2
64 38 4
64 39 10
64 40 4
64 41 2
64 42 3
64 43 3
64 44 10
64 45 5
64 46 2
64 47 2
64 48 7
64 49 3
64 50 1
64 51 7
64 52 6
64 53 8
64 54 10
64 55 9
64 56 4
64 57 7
64 58 2
64 59 1
64 60 5
64 61 5
64 62 6
64 63 1
65 0 4
65 1 3
65 2 4
65 3 1
65 4 6
65 5 8
65 6 9
65 7 6
65 8 5
65 9 7
65 10 7
65 11 10
65 12 3
65 13 1
65 14 7
65 15 3
65 16 10
65 17 9
65 18 8
65 19 6
65 20 1
65 21 2
65 22 10
65 23 6
65 24 1
65 25 4
65 26 8
65 27 7
65 28 1
65 29 6
65 30 5
65 31 6
65 32 6
65 33 10
65 34 7
65 35 6
65 36 2
65 37 1
65 38 4
65 39 5
65 40 5
65 41 4
65 42 3
65 43 1
65 44 3
65 45 2
65 46 1
65 47 2
65 48 4
65 49 8
65 50 5
65 51 4
65 52 3
65 53 2
65 54 4
65 55 4
65 56 9
65 57 9
65 58 6
65 59 3
65 60 1
65 61 4
65 62 4
65 63 10
65 64 4
66 0 10
66 1 1
66 2 6
66 3 6
66 4 1
66 5 4
66 6 8
66 7 2
66 8 10
66 9 7
66 10 8
66 11 3
66 12 4
66 13 10
66 14 2
66 15 3
66 16 9
66 17 4
66 18 10
66 19 10
66 20 10
66 21 4
66 22 1
66 23 3
66 24 9
66 25 3
66 26 9
66 27 3
66 28 7
66 29 7
66 30 2
66 31 4
66 32 2
66 33 10
66 34 6
66 35 1
66 36 9
66 37 8
66 38 1
66 39 2
66 40 3
66 41 3
66 42 1
66 43 7
66 44 1
66 45 1
66 46 9
66 47 5
66 48 2
66 49 6
66 50 8
66 51 8
66 52 9
66 53 6
66 54 5
66 55 3
66 56 10
66 57 5
66 58 6
66 59 3
66 60 2
66 61 1
66 62 6
66 63 1
66 64 8
66 65 9
67 0 1
67 1 7
67 2 2
67 3 6
67 4 8
67 5 7
67 6 3
67 7 5
67 8 4
67 9 10
67 10 2
67 11 6
67 12 2
67 13 6
67 14 6
67 15 2
67 16 2
67 17 2
67 18 4
67 19 5
67 20 2
67 21 9
67 22 7
67 23 8
67 24 8
67 25 3
67 26 4
67 27 2
67 28 7
67 29 2
67 30 3
67 31 6
67 32 3
67 33 6
67 34 6
67 35 9
67 36 4
67 37 10
67 38 10
67 39 3
67 40 5
67 41 7
67 42 6
67 43 1
67 44 1
67 45 6
67 46 1
67 47 7
67 48 8
67 49 2
67 50 8
67 51 8
67 52 5
67 53 5
67 54 2
67 55 1
67 56 2
67 57 7
67 58 7
67 59 10
67 60 7
67 61 3
67 62 10
67 63 9
67 64 2
67 65 2
67 66 3
68 0 10
68 1 3
68 2 9
68 3 4
68 4 3
68 5 5
68 6 9
68 7 4
68 8 1
68 9 5
68 10 8
68 11 4
68 12 3
68 13 8
68 14 8
68 15 4
68 16 2
68 17 2
68 18 6
68 19 4
68 20 1
68 21 5
68 22 4
68 23 2
68 24 10
68 25 7
68 26 6
68 27 7
68 28 10
68 29 5
68 30 7
68 31 3
68 32 8
68 33 8
68 34 6
68 35 5
68 36 6
68 37 10
68 38 10
68 39 2
68 40 1
68 41 3
68 42 8
68 43 10
68 44 7
68 45 5
68 46 9
68 47 1
68 48 10
68 49 9
68 50 7
68 51 8
68 52 10
68 53 1
68 54 5
68 55 7
68 56 9
68 57 3
68 58 4
68 59 7
68 60 5
68 61 3
68 62 7
68 63 8
68 64 3
68 65 8
68 66 2
68 67 8
69 0 9
69 1 4
69 2 7
69 3 10
69 4 1
69 5 1
69 6 5
69 7 8
69 8 10
69 9 9
69 10 7
69 11 7
69 12 5
69 13 3
69 14 1
69 15 3
69 16 2
69 17 6
69 18 3
69 19 5
69 20 9
69 21 6
69 22 4
69 23 3
69 24 5
69 25 3
69 26 4
69 27 5
69 28 10
69 29 10
69 30 6
69 31 8
69 32 10
69 33 6
69 34 4
69 35 10
69 36 1
69 37 5
69 38 8
69 39 6
69 40 6
69 41 6
69 42 8
69 43 4
69 44 7
69 45 6
69 46 1
69 47 3
69 48 6
69 49 10
69 50 2
69 51 2
69 52 10
69 53 1
69 54 8
69 55 6
69 56 2
69 57 5
69 58 8
69 59 3
69 60 1
69 61 3
69 62 4
69 63 4
69 64 1
69 65 9
69 66 1
69 67 5
69 68 5
