58
1 0 54
2 1 25
4 0 28
4 1 50
4 2 63
5 0 8
5 3 24
5 4 55
6 3 53
6 4 7
6 5 49
7 3 28
7 5 19
8 0 3
8 1 53
8 2 13
8 3 1
8 4 2
8 5 14
8 6 48
8 7 51
9 0 53
9 2 42
9 3 17
9 4 63
9 6 55
9 8 37
10 0 1
10 1 18
10 2 48
10 4 39
10 5 24
10 6 23
11 0 46
11 3 41
11 4 12
11 5 42
11 7 30
11 9 46
11 10 2
12 1 60
12 4 3
12 6 27
12 10 25
12 11 65
13 5 20
14 1 64
14 2 29
14 4 23
14 6 65
14 7 61
14 9 31
14 11 28
14 12 30
15 0 10
15 3 37
15 8 25
15 14 48
16 0 7
16 1 23
16 3 56
16 4 61
16 6 5
16 7 12
16 11 25
16 13 13
16 14 15
17 1 61
17 5 14
17 6 54
17 7 44
17 12 31
17 13 42
18 0 13
18 1 13
18 4 9
18 5 7
18 6 25
18 11 3
18 12 40
18 16 26
19 3 12
19 4 32
19 5 7
19 7 64
19 9 9
19 11 59
19 16 65
19 17 43
19 18 40
20 0 8
20 1 63
20 2 50
20 3 37
20 4 52
20 6 4
20 9 54
20 12 54
20 13 10
20 14 7
20 15 16
20 16 12
20 18 13
21 3 42
21 6 25
21 8 51
21 9 35
21 10 39
21 11 4
21 12 29
21 14 43
21 15 40
21 17 4
21 18 51
21 19 21
21 20 6
22 0 36
22 1 32
22 2 22
22 3 42
22 4 1
22 5 26
22 7 60
22 10 6
22 13 27
22 14 27
22 16 22
22 17 62
22 18 51
22 19 33
22 20 14
22 21 18
23 0 12
23 1 33
23 2 39
23 3 11
23 4 32
23 7 63
23 9 3
23 11 59
23 12 35
23 14 58
23 15 22
23 17 50
23 18 3
23 19 26
23 20 34
23 21 3
23 22 36
24 1 42
24 9 34
24 10 28
24 11 31
24 12 35
24 13 34
24 16 39
24 17 15
24 19 66
24 20 26
24 21 5
25 0 21
25 1 24
25 3 37
25 9 33
25 13 54
25 14 59
25 16 11
25 17 42
25 19 22
25 20 46
25 23 28
26 0 34
26 2 64
26 9 29
26 13 24
26 14 50
26 18 54
26 19 13
26 20 11
26 22 37
26 23 14
26 24 37
26 25 9
27 4 58
27 6 66
27 8 4
27 9 41
27 10 17
27 11 50
27 20 12
27 21 13
27 22 33
27 23 8
27 25 44
27 26 24
28 0 60
28 1 39
28 4 49
28 5 7
28 7 33
28 9 34
28 10 46
28 14 54
28 15 25
28 17 41
28 18 54
28 22 18
28 23 58
28 24 24
29 1 21
29 5 50
29 6 49
29 7 30
29 8 34
29 9 58
29 10 50
29 11 29
29 14 10
29 15 21
29 16 58
29 17 55
29 18 47
29 19 58
29 20 53
29 21 5
29 22 1
29 23 36
29 24 18
29 25 26
29 27 33
30 2 24
30 3 53
30 6 59
30 8 64
30 9 51
30 10 44
30 12 2
30 14 56
30 15 28
30 18 31
30 19 31
30 23 9
30 25 38
31 0 11
31 8 28
31 10 11
31 12 57
31 14 10
31 16 58
31 20 44
31 23 9
31 24 42
31 27 36
32 0 31
32 2 4
32 4 41
32 6 11
32 7 43
32 9 49
32 10 39
32 12 35
32 13 34
32 14 2
32 16 36
32 19 53
32 20 8
32 24 61
32 25 55
32 26 32
33 1 58
33 2 40
33 3 63
33 4 44
33 7 44
33 9 9
33 11 36
33 13 12
33 14 18
33 15 37
33 16 55
33 18 9
33 19 7
33 22 22
33 23 27
33 24 26
33 25 8
33 27 3
33 28 63
33 29 37
33 30 4
33 32 4
34 1 30
34 3 57
34 4 16
34 5 12
34 8 28
34 10 66
34 14 42
34 19 10
34 20 53
34 21 14
34 24 46
34 25 7
34 26 48
34 28 58
34 30 41
34 31 20
34 32 54
34 33 28
35 1 7
35 2 36
35 3 47
35 5 8
35 7 14
35 10 21
35 11 65
35 12 19
35 14 17
35 15 47
35 16 63
35 20 43
35 22 64
35 23 34
35 24 35
35 27 21
35 30 35
35 31 48
35 32 10
36 0 60
36 3 50
36 4 56
36 6 52
36 8 54
36 11 10
36 14 39
36 15 45
36 17 9
36 18 4
36 19 14
36 21 23
36 25 8
36 27 56
36 28 34
36 29 50
36 30 54
36 33 55
36 35 23
37 0 37
37 2 64
37 3 56
37 4 17
37 6 17
37 9 50
37 15 13
37 16 66
37 17 17
37 18 46
37 21 58
37 24 31
37 25 65
37 26 10
37 27 30
37 28 54
37 29 3
37 30 8
37 31 18
37 33 1
37 36 4
38 0 47
38 2 6
38 5 24
38 7 53
38 10 3
38 11 53
38 12 32
38 14 27
38 15 29
38 20 61
38 21 37
38 22 50
38 25 66
38 27 51
38 30 50
38 34 5
38 35 22
38 37 23
39 0 46
39 4 43
39 6 14
39 8 66
39 9 24
39 11 39
39 14 19
39 21 50
39 22 13
39 23 14
39 31 50
39 36 20
39 37 1
40 1 59
40 3 21
40 4 16
40 6 54
40 7 40
40 8 3
40 11 42
40 15 54
40 16 24
40 19 6
40 21 8
40 22 32
40 23 65
40 32 40
40 33 31
40 34 45
40 35 8
40 36 49
40 37 57
40 38 53
40 39 5
41 2 14
41 3 20
41 5 16
41 6 17
41 7 11
41 11 49
41 12 17
41 13 3
41 14 55
41 16 23
41 17 60
41 18 39
41 20 33
41 22 51
41 25 12
41 26 59
41 27 43
41 28 34
41 31 21
41 33 19
41 35 66
41 36 18
41 37 7
41 38 60
41 39 9
42 0 40
42 1 44
42 5 35
42 6 25
42 7 41
42 8 32
42 10 61
42 12 34
42 14 37
42 16 33
42 20 12
42 26 27
42 29 18
42 30 44
42 32 24
42 34 61
42 38 10
43 0 27
43 1 19
43 3 11
43 7 38
43 8 45
43 9 15
43 14 40
43 17 57
43 18 64
43 19 5
43 21 28
43 23 53
43 24 2
43 25 27
43 26 41
43 31 43
43 35 9
43 38 52
44 0 28
44 8 2
44 10 39
44 11 21
44 13 16
44 15 58
44 17 13
44 18 64
44 19 19
44 21 63
44 24 41
44 26 26
44 28 9
44 31 26
44 33 11
44 34 5
44 35 45
44 39 58
45 1 44
45 2 37
45 3 65
45 4 38
45 7 37
45 9 37
45 10 41
45 12 61
45 14 9
45 18 36
45 19 50
45 20 44
45 22 45
45 25 10
45 26 16
45 29 46
45 35 48
45 37 4
45 39 48
45 40 6
45 44 38
46 2 54
46 3 34
46 4 48
46 9 19
46 10 19
46 13 59
46 17 18
46 18 48
46 20 55
46 22 8
46 23 51
46 24 18
46 25 16
46 27 13
46 29 21
46 31 42
46 32 50
46 33 53
46 34 59
46 35 48
46 38 13
46 39 50
46 40 48
46 41 26
46 43 8
46 44 35
46 45 21
47 0 39
47 1 42
47 2 7
47 3 45
47 4 34
47 5 15
47 8 33
47 9 42
47 11 26
47 13 51
47 17 4
47 19 54
47 20 35
47 22 34
47 23 4
47 27 9
47 28 17
47 30 47
47 32 18
47 34 57
47 40 49
47 41 16
47 42 45
47 43 57
47 46 1
48 2 24
48 4 13
48 6 46
48 7 29
48 10 66
48 12 17
48 13 33
48 18 57
48 21 9
48 23 18
48 25 63
48 28 61
48 30 17
48 32 45
48 37 26
48 41 28
48 42 44
48 43 15
49 0 4
49 3 57
49 4 22
49 5 5
49 6 23
49 8 41
49 10 50
49 11 27
49 12 41
49 13 48
49 15 45
49 18 29
49 20 63
49 24 36
49 26 2
49 28 25
49 31 11
49 32 30
49 34 34
49 35 25
49 36 39
49 37 16
49 42 30
49 43 53
49 45 28
49 48 16
50 4 6
50 7 46
50 8 53
50 9 16
50 13 17
50 14 50
50 16 21
50 21 12
50 22 56
50 27 22
50 28 61
50 29 9
50 31 65
50 32 2
50 35 48
50 41 38
50 43 63
50 46 4
50 47 11
50 49 39
51 0 43
51 1 22
51 2 33
51 4 49
51 8 65
51 12 9
51 13 53
51 14 53
51 17 16
51 18 13
51 20 54
51 23 10
51 26 24
51 27 20
51 29 17
51 31 41
51 32 23
51 33 62
51 34 51
51 37 12
51 38 37
51 39 66
51 42 45
51 43 51
51 44 45
51 46 27
51 48 22
51 49 43
52 0 33
52 3 46
52 4 14
52 5 30
52 6 24
52 16 30
52 17 39
52 18 6
52 22 49
52 23 33
52 25 54
52 26 1
52 30 51
52 32 63
52 33 25
52 38 11
52 40 64
52 42 17
52 43 5
52 44 20
52 51 9
53 0 36
53 1 49
53 7 31
53 8 12
53 10 43
53 15 56
53 16 19
53 17 17
53 19 40
53 20 65
53 22 29
53 27 46
53 28 65
53 29 59
53 33 52
53 34 40
53 35 42
53 39 14
53 41 21
53 46 35
53 47 6
53 49 3
53 51 49
54 1 53
54 2 35
54 3 26
54 4 42
54 5 27
54 6 43
54 12 48
54 15 15
54 19 31
54 21 15
54 22 24
54 24 51
54 25 43
54 28 53
54 31 45
54 38 42
54 42 8
54 43 8
54 45 54
54 46 27
54 48 32
54 49 52
54 51 59
54 52 17
54 53 30
55 0 11
55 1 26
55 2 4
55 3 50
55 5 59
55 12 56
55 13 65
55 17 24
55 18 4
55 19 36
55 20 52
55 25 3
55 26 56
55 29 66
55 31 11
55 32 39
55 33 60
55 38 45
55 40 40
55 43 47
55 46 2
55 48 48
55 49 44
55 51 54
55 52 61
55 54 30
56 0 4
56 2 40
56 3 29
56 4 52
56 6 17
56 7 27
56 8 17
56 14 14
56 15 59
56 16 29
56 20 36
56 25 30
56 27 58
56 28 14
56 29 20
56 34 51
56 35 37
56 36 57
56 37 55
56 38 14
56 40 8
56 41 46
56 43 24
56 45 55
56 47 12
56 50 18
56 54 35
57 0 42
57 1 31
57 2 56
57 4 14
57 5 63
57 7 50
57 12 6
57 13 48
57 14 36
57 16 61
57 17 37
57 20 33
57 22 63
57 23 18
57 25 17
57 28 51
57 29 32
57 30 7
57 32 5
57 34 49
57 35 55
57 40 62
57 43 27
57 46 28
57 47 12
57 49 8
57 50 46
57 51 35
57 52 54
57 54 7
57 55 24
57 56 51
