31
1 0 21
2 0 9
2 1 7
3 0 7
3 1 3
3 2 16
4 0 22
4 1 24
4 2 1
4 3 22
5 0 20
5 1 7
5 2 8
5 3 20
5 4 2
6 0 13
6 1 11
6 2 10
6 3 19
6 4 24
6 5 16
7 0 14
7 1 19
7 2 15
7 3 11
7 4 7
7 5 4
7 6 27
8 0 8
8 1 24
8 2 7
8 3 26
8 4 21
8 5 25
8 6 17
8 7 15
9 0 17
9 1 10
9 2 4
9 3 22
9 4 27
9 5 2
9 6 22
9 7 26
9 8 8
10 0 20
10 1 2
10 2 4
10 3 4
10 4 17
10 5 11
10 6 4
10 7 9
10 8 24
10 9 25
11 0 3
11 1 12
11 2 23
11 3 14
11 4 3
11 5 24
11 6 27
11 7 23
11 8 8
11 9 25
11 10 12
12 0 26
12 1 25
12 2 7
12 3 19
12 4 10
12 5 14
12 6 15
12 7 11
12 8 12
12 9 19
12 10 5
12 11 23
13 0 12
13 1 26
13 2 27
13 3 2
13 4 1
13 5 22
13 6 5
13 7 1
13 8 25
13 9 17
13 10 16
13 11 2
13 12 14
14 0 23
14 1 27
14 2 23
14 3 5
14 4 3
14 5 19
14 6 7
14 7 18
14 8 5
14 9 11
14 10 23
14 11 7
14 12 24
14 13 13
15 0 12
15 1 26
15 2 5
15 3 1
15 4 5
15 5 26
15 6 17
15 7 11
15 8 14
15 9 22
15 10 23
15 11 9
15 12 1
15 13 16
15 14 6
16 0 15
16 1 27
16 2 8
16 3 7
16 4 22
16 5 23
16 6 18
16 7 23
16 8 27
16 9 3
16 10 13
16 11 9
16 12 5
16 13 26
16 14 5
16 15 19
17 0 27
17 1 9
17 2 6
17 3 18
17 4 5
17 5 12
17 6 24
17 7 18
17 8 4
17 9 9
17 10 20
17 11 9
17 12 24
17 13 4
17 14 4
17 15 19
17 16 11
18 0 12
18 1 4
18 2 23
18 3 20
18 4 27
18 5 20
18 6 13
18 7 2
18 8 20
18 9 10
18 10 10
18 11 13
18 12 12
18 13 11
18 14 4
18 15 17
18 16 7
18 17 18
19 0 20
19 1 4
19 2 5
19 3 3
19 4 22
19 5 12
19 6 2
19 7 15
19 8 25
19 9 14
19 10 5
19 11 4
19 12 2
19 13 19
19 14 15
19 15 13
19 16 3
19 17 16
19 18 17
20 0 26
20 1 26
20 2 17
20 3 5
20 4 20
20 5 14
20 6 26
20 7 18
20 8 2
20 9 10
20 10 10
20 11 26
20 12 10
20 13 20
20 14 24
20 15 16
20 16 3
20 17 20
20 18 2
20 19 3
21 0 26
21 1 11
21 2 26
21 3 2
21 4 12
21 5 27
21 6 12
21 7 9
21 8 19
21 9 2
21 10 11
21 11 23
21 12 27
21 13 24
21 14 24
21 15 16
21 16 8
21 17 1
21 18 6
21 19 10
21 20 2
22 0 27
22 1 20
22 2 8
22 3 26
22 4 6
22 5 17
22 6 23
22 7 26
22 8 11
22 9 3
22 10 24
22 11 14
22 12 8
22 13 16
22 14 14
22 15 11
22 16 10
22 17 2
22 18 4
22 19 13
22 20 23
22 21 17
23 0 2
23 1 16
23 2 2
23 3 13
23 4 15
23 5 4
23 6 15
23 7 17
23 8 6
23 9 9
23 10 17
23 11 19
23 12 20
23 13 21
23 14 18
23 15 1
23 16 20
23 17 12
23 18 17
23 19 7
23 20 20
23 21 18
23 22 8
24 0 22
24 1 10
24 2 19
24 3 26
24 4 17
24 5 5
24 6 17
24 7 1
24 8 3
24 9 15
24 10 22
24 11 22
24 12 16
24 13 18
24 14 24
24 15 19
24 16 15
24 17 11
24 18 17
24 19 12
24 20 20
24 21 26
24 22 22
24 23 23
25 0 4
25 1 1
25 2 27
25 3 21
25 4 19
25 5 7
25 6 23
25 7 22
25 8 25
25 9 6
25 10 14
25 11 20
25 12 17
25 13 5
25 14 2
25 15 14
25 16 3
25 17 23
25 18 21
25 19 20
25 20 26
25 21 3
25 22 15
25 23 16
25 24 6
26 0 2
26 1 21
26 2 18
26 3 26
26 4 8
26 5 23
26 6 12
26 7 13
26 8 9
26 9 23
26 10 1
26 11 8
26 12 22
26 13 11
26 14 15
26 15 4
26 16 26
26 17 13
26 18 15
26 19 4
26 20 20
26 21 2
26 22 18
26 23 10
26 24 15
26 25 25
27 0 3
27 1 26
27 2 6
27 3 16
27 4 11
27 5 23
27 6 26
27 7 14
27 8 5
27 9 1
27 10 9
27 11 10
27 12 16
27 13 26
27 14 8
27 15 24
27 16 4
27 17 10
27 18 7
27 19 22
27 20 1
27 21 18
27 22 7
27 23 21
27 24 16
27 25 27
27 26 2
28 0 4
28 1 5
28 2 2
28 3 16
28 4 27
28 5 13
28 6 13
28 7 23
28 8 4
28 9 23
28 10 18
28 11 23
28 12 20
28 13 24
28 14 7
28 15 11
28 16 17
28 17 8
28 18 2
28 19 8
28 20 23
28 21 23
28 22 26
28 23 6
28 24 12
28 25 3
28 26 20
28 27 4
29 0 4
29 1 1
29 2 14
29 3 9
29 4 4
29 5 9
29 6 27
29 7 25
29 8 27
29 9 6
29 10 4
29 11 3
29 12 20
29 13 21
29 14 24
29 15 3
29 16 6
29 17 12
29 18 16
29 19 4
29 20 20
29 21 2
29 22 23
29 23 25
29 24 8
29 25 12
29 26 21
29 27 22
29 28 24
30 0 12
30 1 18
30 2 13
30 3 22
30 4 10
30 5 20
30 6 5
30 7 4
30 8 21
30 9 10
30 10 26
30 11 7
30 12 24
30 13 7
30 14 21
30 15 17
30 16 17
30 17 24
30 18 7
30 19 27
30 20 19
30 21 18
30 22 27
30 23 18
30 24 14
30 25 23
30 26 15
30 27 18
30 28 8
30 29 5
