65
2 0 1
3 1 2
4 2 1
4 3 1
5 0 2
5 2 1
5 3 2
6 0 1
6 3 2
6 4 2
7 1 2
7 2 1
7 4 2
7 5 2
7 6 2
8 1 2
8 3 2
8 5 1
9 0 1
9 2 2
9 5 1
9 6 1
9 7 2
9 8 1
10 0 1
10 1 1
10 4 2
10 6 1
10 7 2
11 0 2
11 2 2
11 4 1
11 6 1
11 7 1
11 8 2
11 9 2
12 2 1
12 4 1
12 5 1
12 7 2
13 0 2
13 2 2
13 3 2
13 4 1
13 5 1
13 9 1
13 11 1
13 12 1
14 0 1
14 2 1
14 3 2
14 5 2
14 6 2
14 12 2
14 13 2
15 0 2
15 1 2
15 2 1
15 6 1
15 9 1
15 10 1
15 11 2
15 13 1
16 1 1
16 5 1
16 7 1
16 10 2
16 11 1
16 14 1
17 1 1
17 2 2
17 3 1
17 4 1
17 7 2
17 10 1
17 11 1
17 12 1
17 13 2
17 15 1
17 16 2
18 1 2
18 3 1
18 6 2
18 11 1
18 13 1
18 14 2
18 15 2
19 0 1
19 3 2
19 8 2
19 9 1
19 11 1
19 14 2
19 15 1
19 16 2
19 18 1
20 2 1
20 3 2
20 4 1
20 7 2
20 8 1
20 9 2
20 10 1
20 12 1
20 13 2
20 14 2
20 16 2
20 19 2
21 1 2
21 2 2
21 3 2
21 4 2
21 7 1
21 9 1
21 11 1
21 12 2
21 13 1
21 14 1
21 16 2
21 18 1
21 20 1
22 0 1
22 2 1
22 3 1
22 7 2
22 9 2
22 12 2
22 15 2
22 16 2
22 17 2
22 18 2
22 19 2
22 20 2
23 2 1
23 4 1
23 5 1
23 8 2
23 10 1
23 12 2
23 14 1
23 15 2
23 19 2
23 21 1
23 22 2
24 2 2
24 6 2
24 8 2
24 9 1
24 11 1
24 14 2
24 15 2
24 17 2
24 22 1
25 0 1
25 1 2
25 4 1
25 6 1
25 8 2
25 9 1
25 12 1
25 13 2
25 16 1
25 17 1
25 20 1
25 22 2
25 23 2
25 24 1
26 1 1
26 4 1
26 5 1
26 7 2
26 8 1
26 9 1
26 10 1
26 11 1
26 12 1
26 13 2
26 14 2
26 15 2
26 16 2
26 18 2
26 20 1
27 3 1
27 4 1
27 5 2
27 8 1
27 9 1
27 10 1
27 12 2
27 13 1
27 17 2
27 18 2
27 21 1
27 23 1
27 24 1
28 0 2
28 1 1
28 4 1
28 6 2
28 8 2
28 9 1
28 10 2
28 12 1
28 13 2
28 22 1
28 24 2
28 26 1
29 0 2
29 3 1
29 4 1
29 7 1
29 10 1
29 13 1
29 14 1
29 15 1
29 16 2
29 20 2
29 22 1
29 23 2
29 24 2
29 26 2
30 1 1
30 2 1
30 5 2
30 6 1
30 7 1
30 9 1
30 11 2
30 13 1
30 14 2
30 17 2
30 18 1
30 19 2
30 20 1
30 22 2
30 23 2
30 24 2
30 28 1
31 0 1
31 5 2
31 7 1
31 8 1
31 9 2
31 10 2
31 11 2
31 12 2
31 13 1
31 14 2
31 16 1
31 17 1
31 20 2
31 21 2
31 23 1
31 25 1
31 26 2
31 29 2
32 0 1
32 1 1
32 2 1
32 3 1
32 5 1
32 6 1
32 12 2
32 13 1
32 15 2
32 17 1
32 21 2
32 22 1
32 23 1
32 25 1
32 26 1
32 27 2
32 28 1
32 29 2
33 1 1
33 2 2
33 6 1
33 8 2
33 12 1
33 14 2
33 19 2
33 20 1
33 21 1
33 25 2
33 27 2
33 28 1
33 29 1
33 31 2
34 1 2
34 3 1
34 6 2
34 7 2
34 9 1
34 11 2
34 12 2
34 16 1
34 17 1
34 20 1
34 22 1
34 27 2
34 30 1
35 0 2
35 1 2
35 3 1
35 4 1
35 5 2
35 6 2
35 7 1
35 9 1
35 11 2
35 12 1
35 13 2
35 15 2
35 17 2
35 20 1
35 21 1
35 22 2
35 24 2
35 25 1
35 26 2
35 27 1
35 28 1
35 31 2
35 34 1
36 4 2
36 7 1
36 10 1
36 15 1
36 18 2
36 19 1
36 21 2
36 23 2
36 24 1
36 25 2
36 26 2
36 27 1
36 28 1
36 30 2
36 32 1
37 1 1
37 3 2
37 5 1
37 9 1
37 10 2
37 13 2
37 15 1
37 22 1
37 23 2
37 27 1
37 29 2
37 30 2
37 33 2
37 36 2
38 1 2
38 4 1
38 5 1
38 9 2
38 10 1
38 11 2
38 12 2
38 15 2
38 19 2
38 20 1
38 21 1
38 22 1
38 23 1
38 24 1
38 25 2
38 27 1
38 28 2
38 29 2
38 30 1
38 31 2
38 32 2
38 33 1
38 34 1
38 35 1
38 36 1
39 1 1
39 2 1
39 3 1
39 4 2
39 6 2
39 7 2
39 8 1
39 9 1
39 11 2
39 12 1
39 13 1
39 14 2
39 15 1
39 17 1
39 18 2
39 20 1
39 21 1
39 23 2
39 24 2
39 27 2
39 28 2
39 29 2
39 30 1
39 31 1
39 32 2
39 33 2
39 35 1
39 37 2
40 2 1
40 3 1
40 9 2
40 10 1
40 11 2
40 12 2
40 16 2
40 17 1
40 19 1
40 23 2
40 24 1
40 30 2
40 31 1
40 33 2
40 34 2
41 1 2
41 3 1
41 6 1
41 13 1
41 21 1
41 22 1
41 23 2
41 24 2
41 26 2
41 27 1
41 28 2
41 31 1
41 32 2
41 33 2
41 34 2
41 36 2
41 40 1
42 2 2
42 3 1
42 4 1
42 7 1
42 8 2
42 9 1
42 10 2
42 11 2
42 19 2
42 23 1
42 25 2
42 28 2
42 33 1
42 36 1
42 37 2
42 39 2
42 40 1
42 41 2
43 1 2
43 5 1
43 8 1
43 9 1
43 10 2
43 11 1
43 15 1
43 17 2
43 21 2
43 24 1
43 25 1
43 28 2
43 29 2
43 32 2
43 38 1
43 39 1
43 40 1
44 0 1
44 2 2
44 4 2
44 8 2
44 10 1
44 11 1
44 13 1
44 14 2
44 15 2
44 20 1
44 21 1
44 25 2
44 27 1
44 29 2
44 33 1
44 34 1
44 35 2
44 36 1
44 37 2
44 38 2
44 39 2
44 40 2
44 41 2
45 1 2
45 3 1
45 10 2
45 11 2
45 12 1
45 17 1
45 18 1
45 19 2
45 20 2
45 22 2
45 23 1
45 24 2
45 25 1
45 26 1
45 27 1
45 32 1
45 33 2
45 34 1
45 36 2
45 38 2
45 40 1
45 41 1
45 42 2
45 44 2
46 0 2
46 1 1
46 2 2
46 4 1
46 6 2
46 7 1
46 8 2
46 9 1
46 10 2
46 12 1
46 14 2
46 17 1
46 19 2
46 20 1
46 21 2
46 22 2
46 23 1
46 26 2
46 28 1
46 31 1
46 34 1
46 35 1
46 36 2
46 37 2
46 38 2
46 39 1
46 40 1
46 41 2
46 43 2
47 1 2
47 2 1
47 5 2
47 6 1
47 7 2
47 8 1
47 9 1
47 10 2
47 11 2
47 14 2
47 15 1
47 16 1
47 17 1
47 19 2
47 22 1
47 23 1
47 24 2
47 26 1
47 27 2
47 31 1
47 32 1
47 34 2
47 38 1
47 39 1
47 40 2
47 41 2
47 42 1
47 46 2
48 0 1
48 1 1
48 2 1
48 9 1
48 11 2
48 12 1
48 15 1
48 16 2
48 17 1
48 21 2
48 24 2
48 25 2
48 26 1
48 27 2
48 28 2
48 29 1
48 31 1
48 32 2
48 33 1
48 34 2
48 39 2
48 40 1
48 42 2
48 44 2
48 45 1
48 47 2
49 0 2
49 2 1
49 5 1
49 7 2
49 8 1
49 9 2
49 12 2
49 13 1
49 17 2
49 18 2
49 20 1
49 22 1
49 26 2
49 30 1
49 32 2
49 33 1
49 35 1
49 40 1
49 41 2
49 43 2
49 44 1
49 45 1
49 47 1
50 5 2
50 7 2
50 8 2
50 11 2
50 12 2
50 13 1
50 14 1
50 15 1
50 16 2
50 17 2
50 18 2
50 19 1
50 25 2
50 26 2
50 27 1
50 32 2
50 33 1
50 34 1
50 35 2
50 38 1
50 42 2
50 44 2
50 45 2
50 49 1
51 3 2
51 4 2
51 5 1
51 6 2
51 7 1
51 8 1
51 11 2
51 12 1
51 16 2
51 18 2
51 19 1
51 20 2
51 23 1
51 24 1
51 25 1
51 26 1
51 27 1
51 28 2
51 29 1
51 32 2
51 38 1
51 39 2
51 41 2
51 42 1
51 44 1
51 45 1
51 47 1
51 48 1
51 49 2
51 50 2
52 1 2
52 3 2
52 9 1
52 10 2
52 11 1
52 12 1
52 13 2
52 14 2
52 15 2
52 18 1
52 19 2
52 23 2
52 24 2
52 26 1
52 28 2
52 31 1
52 33 2
52 37 1
52 38 1
52 39 1
52 42 1
52 44 1
52 47 1
52 50 2
52 51 2
53 0 2
53 1 2
53 2 2
53 3 2
53 4 2
53 5 1
53 9 1
53 10 2
53 12 1
53 14 1
53 15 1
53 17 1
53 18 1
53 20 2
53 21 2
53 23 2
53 24 1
53 26 2
53 28 2
53 30 2
53 31 1
53 32 1
53 34 2
53 36 2
53 38 2
53 39 2
53 40 2
53 41 1
53 43 2
53 44 1
53 45 2
53 46 1
53 49 2
53 51 1
54 0 2
54 1 1
54 2 1
54 6 2
54 8 2
54 9 2
54 10 1
54 11 1
54 12 2
54 14 2
54 17 1
54 19 1
54 21 2
54 25 1
54 28 2
54 29 2
54 32 1
54 34 1
54 35 1
54 36 1
54 38 1
54 39 1
54 43 1
54 45 2
54 47 1
54 49 2
54 50 2
54 53 1
55 0 2
55 2 2
55 3 1
55 7 1
55 15 1
55 16 2
55 19 2
55 20 1
55 24 2
55 27 2
55 29 2
55 30 1
55 31 2
55 33 1
55 35 2
55 36 1
55 38 1
55 39 1
55 41 1
55 43 1
55 45 2
55 50 1
55 54 1
56 0 2
56 1 1
56 2 2
56 3 2
56 4 1
56 5 2
56 6 2
56 8 2
56 13 1
56 14 1
56 15 2
56 19 2
56 22 2
56 23 1
56 25 1
56 27 2
56 29 1
56 30 2
56 32 1
56 34 2
56 35 2
56 36 2
56 38 2
56 39 2
56 41 2
56 42 1
56 44 1
56 47 2
56 48 2
56 49 1
56 50 2
56 52 2
57 0 1
57 2 1
57 3 1
57 5 2
57 7 1
57 8 2
57 12 1
57 13 2
57 14 2
57 17 2
57 18 2
57 23 1
57 26 1
57 28 1
57 33 1
57 34 1
57 37 1
57 38 2
57 39 2
57 41 1
57 43 1
57 44 1
57 45 2
57 48 1
57 53 2
57 56 1
58 0 2
58 1 1
58 2 1
58 4 1
58 6 2
58 8 1
58 9 2
58 11 1
58 12 1
58 16 2
58 17 1
58 18 1
58 19 2
58 20 1
58 25 2
58 28 1
58 30 2
58 35 2
58 36 2
58 37 2
58 38 1
58 43 1
58 45 1
58 47 2
58 48 2
58 49 1
58 51 2
58 53 1
58 55 2
58 57 2
59 2 1
59 4 2
59 5 1
59 9 1
59 10 2
59 12 2
59 16 2
59 17 2
59 20 2
59 21 1
59 22 1
59 25 1
59 26 2
59 27 2
59 30 2
59 32 2
59 33 1
59 34 1
59 35 1
59 37 2
59 38 1
59 39 1
59 42 2
59 44 1
59 46 1
59 48 1
59 50 2
59 51 2
59 53 1
59 55 2
59 56 1
59 58 2
60 0 1
60 3 1
60 5 1
60 6 2
60 7 2
60 9 1
60 10 1
60 13 1
60 15 1
60 17 2
60 18 1
60 22 2
60 23 2
60 24 1
60 30 1
60 33 1
60 34 1
60 35 2
60 36 2
60 37 2
60 38 1
60 39 2
60 40 2
60 41 1
60 42 2
60 43 1
60 44 1
60 45 1
60 46 2
60 48 1
60 50 1
60 53 2
60 54 1
60 55 1
61 0 2
61 1 2
61 2 2
61 4 1
61 6 1
61 7 1
61 8 1
61 9 2
61 10 1
61 14 1
61 15 2
61 19 1
61 21 2
61 29 1
61 32 2
61 33 2
61 36 2
61 39 1
61 41 1
61 42 2
61 43 1
61 45 1
61 48 1
61 50 1
61 51 1
61 52 2
61 55 2
61 58 2
61 60 1
62 1 2
62 5 1
62 6 2
62 11 1
62 12 1
62 14 2
62 15 2
62 20 2
62 21 2
62 22 2
62 23 1
62 24 2
62 25 2
62 28 1
62 31 1
62 32 2
62 37 2
62 38 2
62 40 1
62 43 2
62 45 1
62 46 1
62 47 1
62 49 2
62 51 2
62 55 2
62 57 2
62 59 2
63 0 1
63 1 2
63 4 1
63 8 2
63 11 1
63 12 1
63 13 1
63 15 2
63 16 2
63 17 2
63 18 1
63 23 2
63 24 1
63 26 2
63 28 2
63 29 1
63 30 2
63 31 2
63 32 2
63 33 1
63 34 1
63 37 2
63 39 2
63 42 1
63 44 2
63 47 1
63 51 2
63 52 1
63 56 2
63 58 2
63 59 1
63 60 1
64 0 2
64 4 1
64 5 2
64 7 2
64 10 1
64 11 1
64 14 1
64 18 1
64 24 2
64 25 2
64 28 2
64 29 2
64 30 2
64 32 1
64 33 1
64 34 2
64 35 2
64 37 2
64 39 2
64 40 2
64 41 1
64 42 2
64 44 2
64 45 2
64 47 1
64 49 2
64 51 1
64 52 1
64 54 1
64 55 2
64 60 2
64 61 2
64 62 2
64 63 2
