21
1 0 29
2 0 40
2 1 9
3 0 4
3 1 9
3 2 49
4 0 44
4 1 21
4 2 11
4 3 9
5 0 35
5 1 28
5 2 5
5 3 33
5 4 1
6 0 28
6 1 39
6 2 18
6 3 22
6 4 47
6 5 27
7 0 49
7 1 25
7 2 29
7 3 19
7 4 9
7 5 20
7 6 34
8 0 19
8 1 26
8 2 20
8 3 28
8 4 18
8 5 21
8 6 45
8 7 6
9 0 24
9 1 31
9 2 22
9 3 49
9 4 38
9 5 50
9 6 29
9 7 18
9 8 23
10 0 9
10 1 24
10 2 13
10 3 50
10 4 4
10 5 16
10 6 10
10 7 36
10 8 30
10 9 50
11 0 12
11 1 40
11 2 25
11 3 47
11 4 16
11 5 4
11 6 8
11 7 45
11 8 24
11 9 19
11 10 38
12 0 28
12 1 43
12 2 49
12 3 32
12 4 12
12 5 25
12 6 47
12 7 32
12 8 17
12 9 31
12 10 46
12 11 9
13 0 11
13 1 5
13 2 4
13 3 18
13 4 25
13 5 9
13 6 31
13 7 30
13 8 5
13 9 17
13 10 50
13 11 13
13 12 32
14 0 26
14 1 34
14 2 43
14 3 27
14 4 37
14 5 17
14 6 1
14 7 30
14 8 11
14 9 21
14 10 45
14 11 28
14 12 4
14 13 39
15 0 22
15 1 27
15 2 34
15 3 33
15 4 40
15 5 12
15 6 27
15 7 22
15 8 41
15 9 25
15 10 28
15 11 29
15 12 6
15 13 48
15 14 16
16 0 46
16 1 38
16 2 3
16 3 20
16 4 17
16 5 40
16 6 7
16 7 27
16 8 8
16 9 39
16 10 43
16 11 19
16 12 2
16 13 47
16 14 45
16 15 40
17 0 1
17 1 5
17 2 45
17 3 14
17 4 15
17 5 18
17 6 43
17 7 46
17 8 28
17 9 19
17 10 31
17 11 33
17 12 4
17 13 6
17 14 4
17 15 15
17 16 2
18 0 31
18 1 11
18 2 2
18 3 21
18 4 25
18 5 12
18 6 32
18 7 44
18 8 49
18 9 14
18 10 31
18 11 5
18 12 6
18 13 29
18 14 2
18 15 44
18 16 41
18 17 41
19 0 33
19 1 18
19 2 33
19 3 19
19 4 27
19 5 40
19 6 31
19 7 33
19 8 28
19 9 31
19 10 24
19 11 11
19 12 9
19 13 7
19 14 4
19 15 10
19 16 34
19 17 5
19 18 50
20 0 30
20 1 16
20 2 1
20 3 9
20 4 31
20 5 34
20 6 30
20 7 43
20 8 20
20 9 30
20 10 25
20 11 18
20 12 11
20 13 39
20 14 51
20 15 46
20 16 40
20 17 2
20 18 47
20 19 33
