70
1 0 4
2 0 19
2 1 28
3 0 28
3 1 2
3 2 15
4 0 27
4 1 27
4 2 24
4 3 4
5 0 29
5 1 15
5 2 28
5 3 14
5 4 15
6 0 6
6 1 21
6 2 6
6 3 10
6 4 7
6 5 8
7 0 6
7 1 4
7 2 14
7 3 30
7 4 17
7 5 27
7 6 7
8 0 20
8 1 27
8 2 1
8 3 15
8 4 16
8 5 23
8 6 6
8 7 14
9 0 3
9 1 18
9 2 22
9 3 25
9 4 24
9 5 5
9 6 19
9 7 15
9 8 19
10 0 11
10 1 7
10 2 28
10 3 6
10 4 5
10 5 26
10 6 24
10 7 24
10 8 2
10 9 18
11 0 21
11 1 6
11 2 29
11 3 19
11 4 14
11 5 12
11 6 20
11 7 16
11 8 12
11 9 7
11 10 8
12 0 2
12 1 14
12 2 30
12 3 9
12 4 3
12 5 18
12 6 16
12 7 2
12 8 13
12 9 5
12 10 24
12 11 24
13 0 27
13 1 11
13 2 15
13 3 22
13 4 4
13 5 23
13 6 2
13 7 23
13 8 28
13 9 24
13 10 4
13 11 18
13 12 10
14 0 18
14 1 6
14 2 15
14 3 30
14 4 19
14 5 30
14 6 29
14 7 22
14 8 16
14 9 7
14 10 7
14 11 6
14 12 4
14 13 7
15 0 1
15 1 30
15 2 9
15 3 28
15 4 2
15 5 12
15 6 9
15 7 29
15 8 20
15 9 14
15 10 20
15 11 9
15 12 20
15 13 30
15 14 1
16 0 3
16 1 8
16 2 9
16 3 28
16 4 29
16 5 6
16 6 29
16 7 30
16 8 4
16 9 2
16 10 2
16 11 28
16 12 16
16 13 9
16 14 23
16 15 1
17 0 15
17 1 19
17 2 20
17 3 11
17 4 2
17 5 8
17 6 22
17 7 16
17 8 4
17 9 29
17 10 23
17 11 30
17 12 18
17 13 2
17 14 12
17 15 11
17 16 8
18 0 20
18 1 14
18 2 23
18 3 22
18 4 26
18 5 28
18 6 17
18 7 16
18 8 21
18 9 20
18 10 27
18 11 2
18 12 4
18 13 4
18 14 26
18 15 10
18 16 9
18 17 17
19 0 4
19 1 27
19 2 14
19 3 2
19 4 19
19 5 17
19 6 11
19 7 22
19 8 16
19 9 27
19 10 26
19 11 6
19 12 2
19 13 21
19 14 7
19 15 15
19 16 26
19 17 18
19 18 16
20 0 17
20 1 13
20 2 22
20 3 16
20 4 24
20 5 12
20 6 11
20 7 22
20 8 6
20 9 21
20 10 2
20 11 23
20 12 14
20 13 30
20 14 25
20 15 18
20 16 16
20 17 10
20 18 1
20 19 26
21 0 25
21 1 28
21 2 2
21 3 29
21 4 5
21 5 7
21 6 9
21 7 15
21 8 26
21 9 1
21 10 28
21 11 24
21 12 20
21 13 3
21 14 30
21 15 9
21 16 17
21 17 15
21 18 11
21 19 28
21 20 17
22 0 24
22 1 15
22 2 22
22 3 29
22 4 22
22 5 27
22 6 20
22 7 17
22 8 1
22 9 15
22 10 7
22 11 8
22 12 8
22 13 27
22 14 30
22 15 22
22 16 10
22 17 1
22 18 20
22 19 24
22 20 18
22 21 7
23 0 3
23 1 6
23 2 3
23 3 6
23 4 6
23 5 25
23 6 27
23 7 14
23 8 25
23 9 15
23 10 29
23 11 29
23 12 9
23 13 13
23 14 28
23 15 24
23 16 16
23 17 20
23 18 14
23 19 2
23 20 16
23 21 3
23 22 19
24 0 5
24 1 18
24 2 1
24 3 21
24 4 22
24 5 5
24 6 10
24 7 30
24 8 6
24 9 15
24 10 9
24 11 12
24 12 1
24 13 17
24 14 10
24 15 18
24 16 19
24 17 18
24 18 29
24 19 6
24 20 4
24 21 18
24 22 4
24 23 14
25 0 3
25 1 10
25 2 20
25 3 4
25 4 6
25 5 22
25 6 5
25 7 15
25 8 20
25 9 5
25 10 25
25 11 3
25 12 9
25 13 4
25 14 12
25 15 7
25 16 27
25 17 3
25 18 11
25 19 4
25 20 28
25 21 10
25 22 18
25 23 9
25 24 6
26 0 22
26 1 20
26 2 7
26 3 9
26 4 6
26 5 4
26 6 5
26 7 30
26 8 29
26 9 17
26 10 24
26 11 17
26 12 5
26 13 8
26 14 12
26 15 7
26 16 8
26 17 23
26 18 9
26 19 20
26 20 29
26 21 24
26 22 14
26 23 19
26 24 16
26 25 2
27 0 29
27 1 2
27 2 19
27 3 2
27 4 29
27 5 6
27 6 22
27 7 2
27 8 26
27 9 9
27 10 21
27 11 13
27 12 5
27 13 18
27 14 21
27 15 19
27 16 5
27 17 5
27 18 2
27 19 1
27 20 12
27 21 21
27 22 4
27 23 6
27 24 14
27 25 24
27 26 27
28 0 7
28 1 18
28 2 29
28 3 17
28 4 11
28 5 20
28 6 16
28 7 6
28 8 6
28 9 11
28 10 5
28 11 16
28 12 13
28 13 25
28 14 17
28 15 9
28 16 30
28 17 19
28 18 26
28 19 22
28 20 16
28 21 7
28 22 11
28 23 3
28 24 3
28 25 20
28 26 2
28 27 11
29 0 10
29 1 24
29 2 24
29 3 14
29 4 11
29 5 20
29 6 27
29 7 20
29 8 16
29 9 20
29 10 7
29 11 2
29 12 7
29 13 21
29 14 7
29 15 6
29 16 28
29 17 30
29 18 4
29 19 8
29 20 20
29 21 5
29 22 16
29 23 18
29 24 6
29 25 30
29 26 27
29 27 29
29 28 30
30 0 28
30 1 14
30 2 10
30 3 5
30 4 3
30 5 28
30 6 2
30 7 24
30 8 13
30 9 24
30 10 12
30 11 6
30 12 18
30 13 27
30 14 27
30 15 17
30 16 26
30 17 8
30 18 8
30 19 15
30 20 4
30 21 19
30 22 16
30 23 11
30 24 12
30 25 9
30 26 26
30 27 27
30 28 25
30 29 26
31 0 25
31 1 11
31 2 2
31 3 4
31 4 21
31 5 21
31 6 6
31 7 16
31 8 15
31 9 6
31 10 30
31 11 14
31 12 3
31 13 11
31 14 22
31 15 10
31 16 23
31 17 16
31 18 11
31 19 21
31 20 12
31 21 1
31 22 9
31 23 15
31 24 5
31 25 30
31 26 14
31 27 25
31 28 13
31 29 14
31 30 3
32 0 25
32 1 28
32 2 23
32 3 18
32 4 16
32 5 29
32 6 21
32 7 17
32 8 7
32 9 14
32 10 8
32 11 5
32 12 3
32 13 8
32 14 15
32 15 20
32 16 4
32 17 13
32 18 14
32 19 13
32 20 23
32 21 27
32 22 9
32 23 14
32 24 21
32 25 26
32 26 16
32 27 16
32 28 21
32 29 11
32 30 29
32 31 21
33 0 25
33 1 30
33 2 27
33 3 10
33 4 10
33 5 2
33 6 28
33 7 22
33 8 24
33 9 4
33 10 22
33 11 6
33 12 12
33 13 8
33 14 15
33 15 22
33 16 1
33 17 2
33 18 26
33 19 28
33 20 10
33 21 5
33 22 4
33 23 29
33 24 5
33 25 19
33 26 30
33 27 14
33 28 15
33 29 4
33 30 3
33 31 17
33 32 12
34 0 29
34 1 15
34 2 20
34 3 15
34 4 25
34 5 7
34 6 30
34 7 11
34 8 20
34 9 14
34 10 3
34 11 19
34 12 21
34 13 21
34 14 16
34 15 19
34 16 19
34 17 9
34 18 18
34 19 5
34 20 11
34 21 6
34 22 4
34 23 11
34 24 5
34 25 18
34 26 5
34 27 24
34 28 11
34 29 28
34 30 4
34 31 19
34 32 10
34 33 15
35 0 12
35 1 7
35 2 16
35 3 8
35 4 25
35 5 6
35 6 21
35 7 14
35 8 10
35 9 16
35 10 30
35 11 1
35 12 17
35 13 20
35 14 19
35 15 15
35 16 23
35 17 21
35 18 25
35 19 9
35 20 20
35 21 23
35 22 15
35 23 19
35 24 6
35 25 9
35 26 8
35 27 5
35 28 30
35 29 3
35 30 24
35 31 27
35 32 1
35 33 2
35 34 15
36 0 27
36 1 12
36 2 2
36 3 30
36 4 27
36 5 7
36 6 13
36 7 29
36 8 27
36 9 20
36 10 28
36 11 9
36 12 11
36 13 25
36 14 9
36 15 18
36 16 8
36 17 11
36 18 17
36 19 13
36 20 19
36 21 12
36 22 24
36 23 3
36 24 30
36 25 12
36 26 2
36 27 21
36 28 30
36 29 12
36 30 27
36 31 13
36 32 28
36 33 5
36 34 28
36 35 24
37 0 3
37 1 20
37 2 8
37 3 11
37 4 11
37 5 16
37 6 10
37 7 16
37 8 30
37 9 22
37 10 5
37 11 2
37 12 30
37 13 16
37 14 26
37 15 3
37 16 8
37 17 7
37 18 3
37 19 27
37 20 8
37 21 21
37 22 11
37 23 22
37 24 8
37 25 7
37 26 29
37 27 6
37 28 12
37 29 12
37 30 8
37 31 17
37 32 20
37 33 13
37 34 20
37 35 9
37 36 29
38 0 10
38 1 28
38 2 2
38 3 21
38 4 16
38 5 11
38 6 11
38 7 16
38 8 14
38 9 19
38 10 16
38 11 17
38 12 14
38 13 9
38 14 24
38 15 10
38 16 30
38 17 15
38 18 5
38 19 10
38 20 17
38 21 28
38 22 6
38 23 9
38 24 20
38 25 25
38 26 9
38 27 13
38 28 25
38 29 24
38 30 25
38 31 30
38 32 7
38 33 28
38 34 8
38 35 2
38 36 29
38 37 27
39 0 1
39 1 1
39 2 4
39 3 25
39 4 7
39 5 21
39 6 19
39 7 18
39 8 21
39 9 11
39 10 17
39 11 18
39 12 22
39 13 9
39 14 14
39 15 28
39 16 27
39 17 29
39 18 12
39 19 28
39 20 7
39 21 16
39 22 9
39 23 20
39 24 18
39 25 11
39 26 24
39 27 21
39 28 14
39 29 2
39 30 29
39 31 23
39 32 14
39 33 25
39 34 19
39 35 8
39 36 15
39 37 7
39 38 18
40 0 13
40 1 24
40 2 2
40 3 14
40 4 20
40 5 26
40 6 12
40 7 11
40 8 16
40 9 14
40 10 23
40 11 13
40 12 10
40 13 9
40 14 14
40 15 23
40 16 28
40 17 5
40 18 22
40 19 20
40 20 29
40 21 20
40 22 25
40 23 4
40 24 27
40 25 12
40 26 14
40 27 19
40 28 26
40 29 7
40 30 2
40 31 1
40 32 13
40 33 29
40 34 29
40 35 1
40 36 8
40 37 12
40 38 9
40 39 21
41 0 25
41 1 7
41 2 14
41 3 15
41 4 7
41 5 20
41 6 29
41 7 8
41 8 1
41 9 21
41 10 12
41 11 1
41 12 18
41 13 27
41 14 1
41 15 11
41 16 9
41 17 18
41 18 23
41 19 3
41 20 16
41 21 8
41 22 12
41 23 30
41 24 18
41 25 15
41 26 8
41 27 13
41 28 27
41 29 2
41 30 2
41 31 12
41 32 13
41 33 4
41 34 27
41 35 25
41 36 14
41 37 6
41 38 8
41 39 17
41 40 5
42 0 13
42 1 16
42 2 5
42 3 25
42 4 27
42 5 19
42 6 8
42 7 28
42 8 6
42 9 24
42 10 18
42 11 5
42 12 30
42 13 28
42 14 17
42 15 6
42 16 14
42 17 30
42 18 6
42 19 23
42 20 29
42 21 3
42 22 13
42 23 17
42 24 15
42 25 10
42 26 18
42 27 11
42 28 5
42 29 30
42 30 17
42 31 13
42 32 7
42 33 30
42 34 28
42 35 5
42 36 19
42 37 30
42 38 25
42 39 29
42 40 12
42 41 27
43 0 30
43 1 25
43 2 25
43 3 21
43 4 2
43 5 24
43 6 11
43 7 29
43 8 21
43 9 30
43 10 6
43 11 10
43 12 11
43 13 29
43 14 8
43 15 8
43 16 14
43 17 28
43 18 18
43 19 5
43 20 24
43 21 21
43 22 1
43 23 17
43 24 12
43 25 17
43 26 20
43 27 1
43 28 26
43 29 18
43 30 28
43 31 23
43 32 1
43 33 20
43 34 25
43 35 8
43 36 29
43 37 12
43 38 18
43 39 26
43 40 22
43 41 16
43 42 8
44 0 1
44 1 26
44 2 1
44 3 23
44 4 18
44 5 7
44 6 21
44 7 28
44 8 11
44 9 4
44 10 23
44 11 17
44 12 26
44 13 8
44 14 8
44 15 27
44 16 2
44 17 14
44 18 6
44 19 17
44 20 15
44 21 17
44 22 29
44 23 4
44 24 20
44 25 4
44 26 10
44 27 29
44 28 6
44 29 2
44 30 8
44 31 24
44 32 4
44 33 7
44 34 27
44 35 3
44 36 18
44 37 4
44 38 30
44 39 13
44 40 18
44 41 6
44 42 11
44 43 21
45 0 9
45 1 13
45 2 30
45 3 27
45 4 29
45 5 22
45 6 9
45 7 18
45 8 16
45 9 14
45 10 6
45 11 18
45 12 14
45 13 15
45 14 14
45 15 10
45 16 13
45 17 28
45 18 29
45 19 26
45 20 29
45 21 28
45 22 9
45 23 22
45 24 27
45 25 21
45 26 22
45 27 25
45 28 13
45 29 25
45 30 5
45 31 1
45 32 10
45 33 17
45 34 28
45 35 21
45 36 5
45 37 5
45 38 19
45 39 17
45 40 23
45 41 27
45 42 3
45 43 6
45 44 23
46 0 16
46 1 30
46 2 28
46 3 28
46 4 16
46 5 13
46 6 18
46 7 15
46 8 4
46 9 22
46 10 2
46 11 20
46 12 27
46 13 19
46 14 24
46 15 2
46 16 24
46 17 23
46 18 14
46 19 9
46 20 19
46 21 21
46 22 1
46 23 18
46 24 6
46 25 6
46 26 18
46 27 17
46 28 29
46 29 16
46 30 21
46 31 8
46 32 27
46 33 23
46 34 5
46 35 1
46 36 19
46 37 14
46 38 25
46 39 9
46 40 5
46 41 12
46 42 25
46 43 13
46 44 1
46 45 2
47 0 15
47 1 8
47 2 5
47 3 25
47 4 21
47 5 17
47 6 10
47 7 14
47 8 1
47 9 27
47 10 25
47 11 8
47 12 29
47 13 22
47 14 4
47 15 23
47 16 1
47 17 9
47 18 23
47 19 1
47 20 28
47 21 2
47 22 4
47 23 25
47 24 12
47 25 14
47 26 7
47 27 11
47 28 25
47 29 10
47 30 30
47 31 9
47 32 4
47 33 11
47 34 29
47 35 2
47 36 21
47 37 13
47 38 23
47 39 28
47 40 22
47 41 9
47 42 30
47 43 11
47 44 22
47 45 19
47 46 28
48 0 8
48 1 29
48 2 25
48 3 16
48 4 20
48 5 8
48 6 13
48 7 12
48 8 12
48 9 28
48 10 26
48 11 23
48 12 14
48 13 6
48 14 29
48 15 30
48 16 11
48 17 12
48 18 14
48 19 17
48 20 7
48 21 13
48 22 9
48 23 25
48 24 13
48 25 20
48 26 23
48 27 7
48 28 11
48 29 5
48 30 6
48 31 10
48 32 27
48 33 18
48 34 16
48 35 8
48 36 2
48 37 23
48 38 16
48 39 1
48 40 5
48 41 5
48 42 1
48 43 1
48 44 11
48 45 6
48 46 17
48 47 28
49 0 6
49 1 3
49 2 10
49 3 10
49 4 7
49 5 3
49 6 21
49 7 27
49 8 24
49 9 7
49 10 26
49 11 5
49 12 17
49 13 10
49 14 26
49 15 12
49 16 25
49 17 26
49 18 23
49 19 8
49 20 9
49 21 7
49 22 26
49 23 8
49 24 7
49 25 18
49 26 6
49 27 19
49 28 19
49 29 19
49 30 27
49 31 2
49 32 16
49 33 20
49 34 13
49 35 4
49 36 30
49 37 29
49 38 4
49 39 6
49 40 18
49 41 12
49 42 29
49 43 2
49 44 17
49 45 17
49 46 25
49 47 19
49 48 21
50 0 30
50 1 19
50 2 17
50 3 4
50 4 6
50 5 4
50 6 15
50 7 23
50 8 29
50 9 10
50 10 2
50 11 23
50 12 8
50 13 12
50 14 14
50 15 2
50 16 20
50 17 29
50 18 26
50 19 24
50 20 19
50 21 10
50 22 14
50 23 1
50 24 2
50 25 7
50 26 10
50 27 13
50 28 4
50 29 24
50 30 22
50 31 17
50 32 6
50 33 30
50 34 15
50 35 28
50 36 11
50 37 3
50 38 28
50 39 8
50 40 25
50 41 6
50 42 8
50 43 4
50 44 19
50 45 5
50 46 15
50 47 14
50 48 8
50 49 2
51 0 26
51 1 28
51 2 25
51 3 7
51 4 13
51 5 1
51 6 22
51 7 16
51 8 30
51 9 21
51 10 16
51 11 6
51 12 30
51 13 26
51 14 5
51 15 17
51 16 6
51 17 24
51 18 6
51 19 22
51 20 28
51 21 10
51 22 2
51 23 13
51 24 4
51 25 6
51 26 7
51 27 29
51 28 15
51 29 9
51 30 28
51 31 15
51 32 21
51 33 2
51 34 21
51 35 26
51 36 10
51 37 7
51 38 2
51 39 20
51 40 11
51 41 12
51 42 10
51 43 5
51 44 27
51 45 19
51 46 14
51 47 27
51 48 5
51 49 17
51 50 13
52 0 8
52 1 21
52 2 27
52 3 10
52 4 12
52 5 28
52 6 9
52 7 12
52 8 10
52 9 5
52 10 7
52 11 25
52 12 30
52 13 14
52 14 1
52 15 13
52 16 17
52 17 13
52 18 30
52 19 7
52 20 6
52 21 15
52 22 30
52 23 11
52 24 18
52 25 16
52 26 11
52 27 6
52 28 11
52 29 23
52 30 28
52 31 21
52 32 3
52 33 23
52 34 4
52 35 23
52 36 13
52 37 3
52 38 26
52 39 17
52 40 15
52 41 7
52 42 27
52 43 12
52 44 6
52 45 13
52 46 29
52 47 26
52 48 27
52 49 18
52 50 18
52 51 18
53 0 20
53 1 20
53 2 20
53 3 16
53 4 5
53 5 9
53 6 4
53 7 15
53 8 7
53 9 23
53 10 9
53 11 26
53 12 30
53 13 14
53 14 15
53 15 11
53 16 22
53 17 15
53 18 12
53 19 26
53 20 16
53 21 24
53 22 2
53 23 26
53 24 16
53 25 15
53 26 12
53 27 28
53 28 24
53 29 25
53 30 1
53 31 6
53 32 16
53 33 1
53 34 30
53 35 7
53 36 8
53 37 7
53 38 18
53 39 3
53 40 23
53 41 26
53 42 29
53 43 23
53 44 29
53 45 17
53 46 27
53 47 18
53 48 15
53 49 2
53 50 15
53 51 25
53 52 9
54 0 2
54 1 15
54 2 24
54 3 16
54 4 24
54 5 5
54 6 5
54 7 11
54 8 23
54 9 6
54 10 9
54 11 4
54 12 1
54 13 9
54 14 26
54 15 7
54 16 22
54 17 30
54 18 23
54 19 5
54 20 9
54 21 2
54 22 18
54 23 12
54 24 22
54 25 14
54 26 26
54 27 24
54 28 13
54 29 26
54 30 19
54 31 16
54 32 22
54 33 6
54 34 17
54 35 18
54 36 7
54 37 14
54 38 10
54 39 8
54 40 7
54 41 26
54 42 28
54 43 25
54 44 29
54 45 15
54 46 12
54 47 6
54 48 1
54 49 9
54 50 29
54 51 18
54 52 7
54 53 20
55 0 16
55 1 1
55 2 1
55 3 25
55 4 5
55 5 24
55 6 9
55 7 12
55 8 26
55 9 23
55 10 19
55 11 9
55 12 1
55 13 5
55 14 28
55 15 28
55 16 26
55 17 11
55 18 22
55 19 23
55 20 9
55 21 2
55 22 18
55 23 4
55 24 25
55 25 7
55 26 19
55 27 1
55 28 7
55 29 7
55 30 11
55 31 23
55 32 5
55 33 30
55 34 18
55 35 3
55 36 13
55 37 19
55 38 1
55 39 4
55 40 29
55 41 17
55 42 5
55 43 4
55 44 26
55 45 21
55 46 24
55 47 21
55 48 14
55 49 2
55 50 1
55 51 17
55 52 15
55 53 7
55 54 18
56 0 17
56 1 27
56 2 9
56 3 28
56 4 17
56 5 25
56 6 13
56 7 16
56 8 8
56 9 4
56 10 28
56 11 29
56 12 22
56 13 7
56 14 16
56 15 6
56 16 12
56 17 22
56 18 11
56 19 25
56 20 6
56 21 10
56 22 24
56 23 5
56 24 9
56 25 17
56 26 6
56 27 20
56 28 25
56 29 29
56 30 25
56 31 2
56 32 25
56 33 13
56 34 9
56 35 23
56 36 27
56 37 8
56 38 14
56 39 2
56 40 5
56 41 20
56 42 26
56 43 23
56 44 23
56 45 6
56 46 24
56 47 4
56 48 22
56 49 26
56 50 18
56 51 26
56 52 11
56 53 16
56 54 3
56 55 3
57 0 24
57 1 29
57 2 30
57 3 14
57 4 9
57 5 29
57 6 16
57 7 3
57 8 21
57 9 27
57 10 7
57 11 26
57 12 26
57 13 23
57 14 25
57 15 16
57 16 13
57 17 27
57 18 11
57 19 6
57 20 23
57 21 20
57 22 27
57 23 11
57 24 29
57 25 18
57 26 20
57 27 21
57 28 20
57 29 6
57 30 12
57 31 6
57 32 27
57 33 7
57 34 11
57 35 5
57 36 19
57 37 6
57 38 3
57 39 11
57 40 24
57 41 1
57 42 29
57 43 13
57 44 3
57 45 26
57 46 4
57 47 2
57 48 3
57 49 23
57 50 14
57 51 16
57 52 24
57 53 3
57 54 13
57 55 7
57 56 6
58 0 1
58 1 2
58 2 14
58 3 17
58 4 1
58 5 20
58 6 25
58 7 22
58 8 10
58 9 18
58 10 21
58 11 19
58 12 7
58 13 14
58 14 17
58 15 18
58 16 10
58 17 16
58 18 22
58 19 2
58 20 26
58 21 7
58 22 30
58 23 7
58 24 4
58 25 26
58 26 22
58 27 19
58 28 17
58 29 6
58 30 14
58 31 29
58 32 27
58 33 10
58 34 17
58 35 24
58 36 11
58 37 1
58 38 29
58 39 3
58 40 3
58 41 19
58 42 3
58 43 5
58 44 5
58 45 23
58 46 30
58 47 10
58 48 17
58 49 30
58 50 14
58 51 2
58 52 14
58 53 2
58 54 15
58 55 5
58 56 21
58 57 22
59 0 25
59 1 17
59 2 15
59 3 5
59 4 17
59 5 5
59 6 26
59 7 2
59 8 7
59 9 15
59 10 18
59 11 27
59 12 14
59 13 14
59 14 25
59 15 30
59 16 21
59 17 9
59 18 1
59 19 11
59 20 1
59 21 8
59 22 7
59 23 17
59 24 13
59 25 11
59 26 6
59 27 29
59 28 24
59 29 6
59 30 7
59 31 29
59 32 20
59 33 18
59 34 1
59 35 19
59 36 15
59 37 30
59 38 7
59 39 2
59 40 30
59 41 8
59 42 24
59 43 27
59 44 22
59 45 28
59 46 23
59 47 27
59 48 24
59 49 5
59 50 14
59 51 29
59 52 23
59 53 15
59 54 8
59 55 18
59 56 2
59 57 3
59 58 2
60 0 12
60 1 3
60 2 30
60 3 9
60 4 2
60 5 5
60 6 11
60 7 17
60 8 4
60 9 1
60 10 8
60 11 12
60 12 7
60 13 7
60 14 3
60 15 7
60 16 29
60 17 7
60 18 9
60 19 18
60 20 6
60 21 7
60 22 7
60 23 3
60 24 15
60 25 13
60 26 3
60 27 14
60 28 18
60 29 26
60 30 11
60 31 27
60 32 8
60 33 24
60 34 9
60 35 20
60 36 7
60 37 5
60 38 9
60 39 11
60 40 15
60 41 14
60 42 4
60 43 13
60 44 22
60 45 23
60 46 13
60 47 24
60 48 11
60 49 1
60 50 4
60 51 4
60 52 12
60 53 25
60 54 3
60 55 4
60 56 6
60 57 30
60 58 5
60 59 29
61 0 9
61 1 30
61 2 8
61 3 3
61 4 21
61 5 6
61 6 5
61 7 29
61 8 11
61 9 20
61 10 15
61 11 1
61 12 30
61 13 2
61 14 8
61 15 14
61 16 26
61 17 7
61 18 10
61 19 21
61 20 21
61 21 8
61 22 21
61 23 17
61 24 24
61 25 30
61 26 21
61 27 28
61 28 23
61 29 19
61 30 22
61 31 28
61 32 19
61 33 26
61 34 30
61 35 1
61 36 8
61 37 27
61 38 27
61 39 30
61 40 3
61 41 16
61 42 28
61 43 30
61 44 5
61 45 19
61 46 29
61 47 13
61 48 7
61 49 25
61 50 8
61 51 26
61 52 29
61 53 21
61 54 2
61 55 11
61 56 13
61 57 6
61 58 6
61 59 15
61 60 6
62 0 10
62 1 29
62 2 26
62 3 26
62 4 14
62 5 20
62 6 18
62 7 27
62 8 16
62 9 3
62 10 18
62 11 27
62 12 30
62 13 9
62 14 7
62 15 30
62 16 29
62 17 29
62 18 15
62 19 22
62 20 21
62 21 11
62 22 16
62 23 16
62 24 10
62 25 6
62 26 15
62 27 5
62 28 16
62 29 5
62 30 30
62 31 29
62 32 12
62 33 3
62 34 11
62 35 17
62 36 7
62 37 17
62 38 22
62 39 30
62 40 2
62 41 24
62 42 26
62 43 1
62 44 5
62 45 7
62 46 15
62 47 28
62 48 12
62 49 21
62 50 15
62 51 17
62 52 14
62 53 9
62 54 23
62 55 10
62 56 25
62 57 25
62 58 2
62 59 18
62 60 6
62 61 13
63 0 10
63 1 28
63 2 27
63 3 13
63 4 17
63 5 17
63 6 5
63 7 3
63 8 1
63 9 11
63 10 14
63 11 8
63 12 24
63 13 16
63 14 17
63 15 3
63 16 6
63 17 26
63 18 15
63 19 5
63 20 20
63 21 9
63 22 25
63 23 12
63 24 30
63 25 19
63 26 4
63 27 19
63 28 28
63 29 10
63 30 5
63 31 9
63 32 18
63 33 17
63 34 11
63 35 14
63 36 18
63 37 4
63 38 23
63 39 24
63 40 4
63 41 12
63 42 8
63 43 7
63 44 27
63 45 12
63 46 17
63 47 10
63 48 17
63 49 5
63 50 11
63 51 2
63 52 30
63 53 25
63 54 2
63 55 21
63 56 17
63 57 9
63 58 26
63 59 5
63 60 3
63 61 22
63 62 17
64 0 14
64 1 22
64 2 21
64 3 6
64 4 25
64 5 6
64 6 26
64 7 8
64 8 11
64 9 12
64 10 27
64 11 27
64 12 27
64 13 18
64 14 14
64 15 6
64 16 5
64 17 16
64 18 25
64 19 8
64 20 23
64 21 26
64 22 16
64 23 18
64 24 27
64 25 4
64 26 21
64 27 1
64 28 29
64 29 9
64 30 4
64 31 6
64 32 3
64 33 28
64 34 26
64 35 6
64 36 12
64 37 8
64 38 26
64 39 9
64 40 22
64 41 10
64 42 9
64 43 16
64 44 27
64 45 27
64 46 17
64 47 10
64 48 27
64 49 1
64 50 8
64 51 6
64 52 11
64 53 16
64 54 6
64 55 12
64 56 10
64 57 15
64 58 24
64 59 14
64 60 16
64 61 18
64 62 24
64 63 8
65 0 24
65 1 7
65 2 2
65 3 5
65 4 8
65 5 9
65 6 18
65 7 12
65 8 2
65 9 6
65 10 18
65 11 8
65 12 11
65 13 22
65 14 13
65 15 14
65 16 24
65 17 17
65 18 20
65 19 12
65 20 21
65 21 19
65 22 2
65 23 20
65 24 7
65 25 22
65 26 5
65 27 10
65 28 11
65 29 24
65 30 30
65 31 20
65 32 22
65 33 3
65 34 29
65 35 11
65 36 24
65 37 1
65 38 5
65 39 17
65 40 23
65 41 15
65 42 13
65 43 29
65 44 27
65 45 21
65 46 25
65 47 5
65 48 4
65 49 25
65 50 20
65 51 25
65 52 13
65 53 26
65 54 28
65 55 9
65 56 17
65 57 4
65 58 30
65 59 20
65 60 1
65 61 3
65 62 1
65 63 21
65 64 18
66 0 23
66 1 25
66 2 4
66 3 19
66 4 27
66 5 1
66 6 21
66 7 19
66 8 15
66 9 2
66 10 16
66 11 24
66 12 12
66 13 18
66 14 15
66 15 8
66 16 5
66 17 20
66 18 24
66 19 1
66 20 8
66 21 2
66 22 13
66 23 3
66 24 11
66 25 4
66 26 29
66 27 4
66 28 15
66 29 5
66 30 15
66 31 21
66 32 1
66 33 20
66 34 10
66 35 24
66 36 15
66 37 8
66 38 8
66 39 22
66 40 24
66 41 13
66 42 19
66 43 23
66 44 5
66 45 16
66 46 25
66 47 20
66 48 2
66 49 23
66 50 10
66 51 22
66 52 29
66 53 11
66 54 28
66 55 14
66 56 9
66 57 4
66 58 21
66 59 13
66 60 13
66 61 25
66 62 19
66 63 25
66 64 18
66 65 3
67 0 26
67 1 18
67 2 11
67 3 18
67 4 23
67 5 15
67 6 24
67 7 6
67 8 5
67 9 10
67 10 13
67 11 18
67 12 1
67 13 26
67 14 26
67 15 21
67 16 28
67 17 23
67 18 20
67 19 8
67 20 30
67 21 6
67 22 10
67 23 8
67 24 23
67 25 24
67 26 8
67 27 15
67 28 16
67 29 18
67 30 19
67 31 18
67 32 11
67 33 26
67 34 6
67 35 8
67 36 5
67 37 23
67 38 11
67 39 24
67 40 22
67 41 14
67 42 9
67 43 27
67 44 8
67 45 19
67 46 30
67 47 2
67 48 28
67 49 6
67 50 2
67 51 28
67 52 20
67 53 21
67 54 1
67 55 18
67 56 4
67 57 8
67 58 23
67 59 26
67 60 3
67 61 4
67 62 12
67 63 8
67 64 17
67 65 22
67 66 19
68 0 7
68 1 20
68 2 24
68 3 5
68 4 13
68 5 8
68 6 30
68 7 6
68 8 17
68 9 12
68 10 26
68 11 25
68 12 3
68 13 1
68 14 1
68 15 15
68 16 2
68 17 8
68 18 10
68 19 20
68 20 29
68 21 10
68 22 2
68 23 22
68 24 21
68 25 10
68 26 12
68 27 19
68 28 4
68 29 24
68 30 25
68 31 18
68 32 1
68 33 28
68 34 11
68 35 11
68 36 1
68 37 13
68 38 12
68 39 5
68 40 3
68 41 15
68 42 21
68 43 29
68 44 30
68 45 30
68 46 10
68 47 14
68 48 5
68 49 3
68 50 15
68 51 21
68 52 29
68 53 26
68 54 20
68 55 15
68 56 30
68 57 18
68 58 29
68 59 6
68 60 29
68 61 23
68 62 10
68 63 30
68 64 2
68 65 29
68 66 21
68 67 3
69 0 13
69 1 11
69 2 26
69 3 20
69 4 2
69 5 15
69 6 16
69 7 27
69 8 22
69 9 28
69 10 1
69 11 4
69 12 12
69 13 24
69 14 15
69 15 8
69 16 6
69 17 30
69 18 24
69 19 13
69 20 30
69 21 13
69 22 8
69 23 18
69 24 14
69 25 24
69 26 24
69 27 4
69 28 11
69 29 8
69 30 15
69 31 29
69 32 11
69 33 30
69 34 11
69 35 26
69 36 10
69 37 19
69 38 1
69 39 15
69 40 4
69 41 3
69 42 6
69 43 25
69 44 21
69 45 1
69 46 23
69 47 26
69 48 29
69 49 1
69 50 15
69 51 15
69 52 8
69 53 27
69 54 14
69 55 14
69 56 4
69 57 16
69 58 14
69 59 8
69 60 21
69 61 20
69 62 2
69 63 20
69 64 13
69 65 20
69 66 23
69 67 10
69 68 2
