47
1 0 16
3 1 7
3 2 1
4 1 7
4 2 3
4 3 22
5 0 5
5 4 19
6 2 18
6 3 11
6 4 24
7 3 12
7 4 8
7 6 15
8 0 13
8 3 2
8 5 10
8 6 10
9 4 4
9 6 24
10 0 11
10 1 15
10 3 23
10 4 2
10 5 17
10 6 14
10 9 8
11 0 3
11 1 3
11 3 16
11 5 1
11 7 18
11 9 10
11 10 10
12 0 24
12 1 8
12 2 11
12 4 2
12 7 9
12 8 1
12 10 17
12 11 21
13 1 21
13 2 23
13 4 15
13 5 8
13 9 22
13 11 13
14 0 24
14 2 23
14 3 9
14 5 17
14 6 20
14 8 18
14 10 6
14 12 2
14 13 1
15 0 7
15 7 18
15 8 18
15 11 24
15 12 2
16 3 4
16 5 2
16 6 3
16 7 8
16 10 16
16 13 22
16 14 15
17 0 6
17 2 3
17 3 20
17 7 18
17 12 10
17 13 19
18 0 16
18 3 4
18 4 2
18 5 23
18 7 20
18 8 14
18 9 9
18 11 16
18 14 10
18 15 6
18 17 23
19 0 13
19 1 8
19 2 10
19 3 9
19 7 16
19 8 10
19 9 10
19 12 3
19 13 10
19 16 13
19 17 15
19 18 24
20 0 22
20 1 21
20 3 20
20 5 6
20 6 17
20 8 16
20 9 11
20 10 11
20 11 2
20 13 3
20 14 14
20 16 17
20 17 23
20 19 21
21 1 24
21 3 17
21 10 17
21 11 12
21 12 4
21 17 20
21 18 18
21 19 19
22 2 14
22 3 7
22 5 24
22 6 15
22 12 10
22 14 17
22 16 15
22 20 11
23 2 21
23 5 6
23 7 24
23 8 21
23 11 9
23 12 11
23 17 22
23 19 15
23 21 21
24 2 9
24 3 18
24 4 16
24 6 18
24 9 14
24 10 3
24 11 16
24 13 13
24 14 23
24 16 21
24 17 24
24 18 14
24 21 3
24 22 2
25 0 1
25 3 1
25 5 5
25 7 6
25 9 19
25 10 22
25 13 22
25 18 24
25 19 15
25 20 6
25 21 6
25 23 14
26 2 24
26 4 13
26 9 24
26 11 3
26 13 21
26 14 21
26 16 19
26 17 21
26 18 3
26 19 15
26 22 17
26 25 3
27 0 5
27 1 16
27 3 8
27 5 14
27 6 16
27 8 18
27 11 22
27 12 14
27 14 11
27 17 8
27 19 8
27 20 19
27 22 20
27 23 23
27 24 14
28 1 18
28 3 18
28 5 18
28 6 2
28 8 4
28 9 12
28 10 15
28 11 6
28 12 10
28 13 3
28 16 21
28 17 13
28 18 18
28 19 24
28 20 20
28 22 5
28 23 22
28 25 1
28 27 3
29 0 6
29 11 23
29 12 23
29 14 11
29 15 17
29 20 4
29 21 16
29 23 22
29 24 20
29 26 11
29 27 3
29 28 14
30 2 16
30 4 2
30 5 7
30 7 4
30 10 19
30 11 2
30 15 2
30 17 2
30 18 22
30 19 5
30 22 4
30 23 16
30 26 10
30 27 6
30 28 14
30 29 17
31 1 20
31 2 21
31 3 19
31 4 23
31 5 11
31 6 14
31 7 6
31 8 10
31 10 20
31 11 17
31 14 8
31 19 4
31 20 18
31 23 7
31 24 19
31 26 12
32 4 18
32 5 22
32 7 19
32 9 21
32 12 10
32 13 14
32 15 12
32 16 12
32 17 4
32 21 13
32 23 14
32 25 8
32 26 22
32 27 17
32 28 5
32 29 17
32 31 17
33 3 21
33 4 11
33 8 6
33 11 21
33 13 14
33 14 4
33 16 11
33 17 9
33 18 1
33 19 13
33 20 8
33 22 14
33 24 17
33 25 10
33 26 12
33 27 16
33 29 1
33 30 6
33 31 12
34 1 8
34 2 21
34 3 2
34 4 11
34 6 20
34 9 3
34 11 13
34 17 9
34 18 15
34 19 13
34 22 1
34 23 13
34 25 13
34 27 17
34 28 7
34 29 1
34 32 16
34 33 22
35 0 10
35 1 13
35 3 16
35 4 16
35 7 8
35 8 12
35 10 12
35 19 9
35 20 22
35 24 2
35 25 13
35 27 12
35 30 10
35 32 8
35 34 5
36 2 10
36 4 3
36 9 18
36 12 4
36 13 11
36 16 5
36 18 3
36 19 15
36 23 7
36 25 23
36 26 18
36 28 24
36 29 8
36 30 1
36 32 15
36 34 12
37 0 2
37 1 19
37 3 2
37 6 20
37 7 9
37 8 6
37 9 18
37 12 10
37 14 9
37 16 5
37 18 6
37 19 7
37 20 15
37 21 6
37 24 12
37 25 14
37 27 7
37 32 12
37 33 23
37 34 21
37 35 24
37 36 5
38 0 14
38 1 16
38 6 16
38 8 8
38 9 15
38 14 17
38 18 17
38 19 16
38 21 21
38 22 8
38 23 17
38 25 22
38 27 8
38 33 7
38 34 15
38 35 23
38 37 20
39 4 11
39 6 7
39 7 8
39 8 16
39 9 24
39 10 8
39 13 6
39 14 10
39 16 17
39 18 4
39 19 14
39 20 9
39 25 8
39 26 6
39 27 11
39 29 3
39 33 8
39 35 15
39 36 17
39 38 12
40 2 15
40 5 17
40 10 14
40 11 9
40 15 16
40 16 14
40 24 16
40 30 14
40 31 10
40 36 1
40 37 13
40 38 12
41 0 15
41 1 1
41 2 8
41 6 18
41 10 22
41 15 3
41 17 5
41 19 1
41 20 9
41 21 14
41 22 7
41 23 5
41 25 5
41 26 21
41 27 1
41 28 22
41 29 19
41 31 21
41 33 23
41 34 6
41 35 9
41 36 23
41 38 9
41 40 9
42 1 15
42 3 7
42 4 21
42 6 18
42 8 9
42 9 18
42 10 14
42 14 13
42 15 16
42 16 1
42 17 12
42 18 1
42 23 10
42 24 10
42 25 18
42 26 23
42 28 20
42 30 14
42 31 6
42 32 18
42 34 23
42 35 1
42 37 18
42 38 1
42 40 2
43 1 8
43 6 1
43 9 13
43 10 14
43 11 22
43 17 13
43 20 23
43 22 3
43 24 19
43 26 2
43 27 17
43 28 18
43 30 1
43 35 16
43 36 3
43 38 13
43 39 11
43 40 15
43 42 20
44 2 8
44 4 21
44 8 16
44 11 2
44 12 3
44 13 5
44 15 7
44 16 16
44 19 12
44 20 11
44 24 16
44 29 1
44 31 7
44 32 19
44 33 18
44 36 22
44 38 5
44 39 8
44 41 17
44 42 11
45 0 14
45 2 12
45 3 12
45 4 13
45 5 14
45 6 19
45 7 4
45 10 22
45 12 3
45 14 21
45 21 8
45 22 3
45 24 7
45 26 21
45 27 20
45 30 2
45 32 12
45 34 15
45 37 4
45 40 23
45 41 13
45 42 6
45 44 11
46 0 18
46 5 13
46 6 1
46 9 16
46 12 10
46 15 22
46 18 6
46 20 3
46 22 22
46 23 4
46 24 21
46 27 11
46 28 3
46 29 17
46 30 8
46 31 17
46 32 1
46 33 6
46 36 1
46 39 1
46 41 6
46 45 18
