49
2 0 6
2 1 6
3 0 5
3 2 5
4 0 4
5 3 3
5 4 9
6 3 10
7 2 3
7 3 10
7 4 4
7 5 9
8 1 7
8 3 6
8 4 8
8 6 2
8 7 9
9 0 10
9 2 6
9 3 9
10 1 8
10 2 4
10 3 2
10 4 7
10 5 8
10 6 3
10 8 1
10 9 10
11 0 1
11 1 4
11 2 4
11 4 2
11 5 7
11 6 4
11 7 4
11 8 4
11 9 6
11 10 8
12 6 3
12 11 8
13 0 3
13 1 10
13 5 9
13 8 8
13 9 1
13 12 3
14 1 6
14 2 5
14 4 4
14 5 9
14 7 10
14 12 8
15 4 3
15 5 7
15 6 2
15 7 2
15 8 7
15 9 10
15 10 1
15 13 1
15 14 7
16 1 2
16 4 2
16 10 6
16 13 7
16 14 5
17 0 1
17 2 9
17 3 7
17 7 8
17 10 10
17 11 8
17 13 4
17 14 3
18 0 8
18 1 10
18 2 1
18 3 1
18 9 6
18 12 8
18 13 7
18 14 4
19 2 4
19 3 4
19 4 2
19 5 7
19 7 1
19 8 1
19 9 1
19 10 4
19 12 9
19 13 2
19 17 10
20 0 4
20 1 1
20 2 1
20 3 9
20 4 2
20 5 2
20 6 1
20 7 4
20 10 3
20 12 3
20 13 3
20 17 5
20 19 8
21 3 8
21 6 2
21 9 2
21 10 8
21 11 6
21 12 10
21 15 8
21 17 7
21 18 1
21 20 9
22 0 2
22 10 2
22 11 10
22 12 4
22 14 3
22 16 9
22 17 4
22 19 2
22 21 3
23 1 10
23 4 10
23 6 5
23 7 3
23 8 5
23 11 2
23 12 3
23 13 6
23 14 5
23 16 8
23 17 10
23 18 7
23 19 1
23 21 2
24 0 9
24 3 10
24 4 2
24 8 3
24 9 7
24 15 10
24 16 10
24 17 10
24 18 7
24 19 8
24 20 5
24 21 7
25 0 5
25 1 7
25 2 8
25 3 4
25 4 8
25 5 2
25 6 4
25 7 7
25 8 8
25 9 3
25 10 6
25 14 10
25 16 3
25 18 3
25 19 8
25 21 3
25 22 1
25 23 10
26 0 4
26 1 2
26 3 8
26 5 10
26 6 3
26 7 7
26 10 5
26 11 9
26 12 3
26 13 8
26 14 1
26 15 3
26 17 4
26 18 7
26 20 4
26 21 8
26 24 3
26 25 1
27 0 3
27 1 6
27 2 7
27 4 5
27 5 8
27 7 5
27 8 2
27 9 5
27 13 4
27 16 4
27 17 6
27 22 6
27 26 9
28 1 8
28 3 4
28 4 7
28 6 9
28 8 6
28 9 10
28 11 6
28 14 7
28 15 6
28 16 4
28 17 5
28 19 4
28 20 10
28 22 10
28 26 7
29 2 9
29 5 7
29 9 10
29 13 6
29 19 3
29 20 5
29 21 2
29 23 3
29 26 10
29 27 3
30 1 1
30 5 9
30 6 6
30 8 1
30 15 6
30 16 5
30 17 7
30 20 7
30 25 7
30 26 1
30 27 3
31 3 5
31 5 4
31 6 2
31 7 9
31 13 4
31 17 5
31 18 2
31 23 4
31 29 2
31 30 5
32 0 4
32 1 2
32 2 10
32 3 3
32 4 3
32 5 10
32 7 9
32 10 9
32 14 4
32 16 8
32 17 2
32 18 6
32 20 3
32 22 10
32 23 5
32 24 9
32 26 4
32 27 1
33 0 8
33 1 7
33 4 10
33 5 3
33 7 6
33 10 2
33 11 6
33 12 5
33 15 8
33 16 5
33 17 7
33 18 5
33 20 8
33 21 5
33 22 9
33 23 4
33 24 6
33 27 9
33 28 8
33 32 4
34 0 8
34 1 2
34 4 8
34 5 4
34 6 1
34 7 2
34 9 4
34 12 4
34 14 8
34 15 1
34 16 7
34 18 7
34 20 7
34 22 6
34 24 2
34 25 8
34 26 10
34 27 7
34 28 8
34 29 3
34 31 5
35 0 5
35 5 7
35 8 1
35 11 8
35 15 4
35 20 1
35 21 4
35 22 5
35 23 7
35 24 2
35 27 3
35 28 4
35 29 9
35 33 8
36 2 9
36 3 8
36 4 1
36 9 1
36 10 10
36 11 7
36 12 4
36 15 2
36 17 9
36 20 8
36 22 10
36 29 6
36 30 5
36 33 6
37 0 3
37 3 3
37 5 4
37 6 7
37 8 3
37 9 5
37 11 3
37 12 2
37 14 4
37 15 10
37 16 7
37 18 10
37 19 10
37 22 4
37 23 5
37 25 6
37 26 5
37 27 8
37 30 3
37 31 6
37 32 10
37 34 5
38 1 7
38 2 7
38 3 10
38 4 3
38 6 3
38 11 9
38 12 10
38 14 3
38 17 4
38 19 8
38 21 2
38 25 2
38 28 4
38 31 10
38 33 7
38 34 8
38 36 8
39 0 4
39 3 5
39 4 5
39 6 2
39 8 8
39 10 6
39 11 4
39 12 6
39 13 8
39 14 1
39 15 10
39 20 2
39 21 8
39 25 10
39 26 1
39 32 1
39 33 5
39 36 7
39 38 2
40 2 8
40 4 4
40 6 8
40 8 5
40 9 2
40 10 1
40 12 1
40 14 6
40 15 1
40 18 9
40 21 2
40 23 6
40 29 5
40 31 1
40 32 7
40 33 5
40 39 1
41 0 10
41 2 2
41 4 8
41 5 2
41 7 10
41 10 9
41 11 4
41 14 3
41 15 4
41 18 10
41 21 7
41 22 4
41 23 6
41 24 2
41 26 1
41 32 2
41 33 2
41 36 6
41 38 9
41 39 3
41 40 6
42 0 1
42 1 1
42 2 8
42 4 9
42 5 2
42 8 2
42 10 7
42 11 9
42 15 8
42 16 6
42 18 8
42 19 9
42 21 9
42 22 9
42 24 9
42 25 3
42 26 5
42 27 3
42 29 2
42 30 6
42 31 8
42 34 10
42 35 4
42 37 7
42 38 5
42 39 4
42 40 8
43 2 3
43 3 1
43 4 2
43 5 6
43 7 3
43 10 8
43 11 3
43 12 5
43 14 6
43 16 2
43 18 2
43 19 8
43 20 3
43 22 3
43 24 3
43 27 7
43 28 10
43 33 2
43 34 10
43 37 5
43 38 8
43 39 3
43 40 4
43 41 6
43 42 5
44 0 7
44 3 3
44 4 8
44 5 4
44 6 9
44 7 8
44 8 9
44 10 9
44 12 7
44 15 6
44 22 1
44 25 3
44 31 5
44 33 7
44 37 9
44 38 8
44 39 1
44 40 9
44 41 8
44 42 4
44 43 9
45 0 6
45 1 6
45 2 3
45 3 2
45 5 5
45 6 7
45 9 8
45 10 8
45 11 3
45 16 10
45 17 3
45 19 8
45 20 2
45 21 2
45 22 2
45 23 3
45 24 2
45 25 8
45 27 3
45 29 2
45 43 4
45 44 6
46 1 9
46 2 2
46 3 8
46 4 3
46 6 2
46 8 9
46 11 10
46 14 2
46 17 6
46 19 4
46 20 5
46 22 6
46 23 1
46 24 7
46 26 9
46 27 3
46 29 5
46 31 6
46 32 9
46 41 5
46 42 7
46 44 3
46 45 9
47 1 4
47 2 1
47 3 2
47 4 8
47 6 1
47 10 1
47 11 4
47 15 10
47 19 4
47 20 4
47 24 4
47 30 2
47 33 5
47 34 4
47 36 2
47 39 6
47 40 3
47 41 2
47 42 7
47 45 5
47 46 9
48 0 4
48 1 1
48 4 1
48 5 3
48 6 8
48 8 6
48 9 8
48 10 3
48 11 9
48 12 1
48 16 6
48 19 7
48 22 6
48 23 3
48 25 2
48 26 6
48 34 4
48 36 10
48 38 4
48 42 1
48 43 1
48 45 3
48 46 1
