19
1 0 13
2 0 21
2 1 36
3 0 10
3 1 29
3 2 38
4 0 24
4 1 42
4 2 3
4 3 20
5 0 14
5 1 8
5 2 23
5 3 40
5 4 6
6 0 9
6 1 9
6 2 21
6 3 18
6 4 19
6 5 5
7 0 4
7 1 21
7 2 34
7 3 37
7 4 5
7 5 3
7 6 4
8 0 21
8 1 16
8 2 2
8 3 42
8 4 27
8 5 21
8 6 42
8 7 41
9 0 21
9 1 7
9 2 1
9 3 20
9 4 22
9 5 22
9 6 36
9 7 22
9 8 24
10 0 32
10 1 3
10 2 37
10 3 7
10 4 2
10 5 23
10 6 32
10 7 3
10 8 42
10 9 33
11 0 11
11 1 1
11 2 2
11 3 41
11 4 2
11 5 38
11 6 9
11 7 9
11 8 19
11 9 38
11 10 25
12 0 32
12 1 7
12 2 19
12 3 15
12 4 24
12 5 42
12 6 7
12 7 33
12 8 19
12 9 12
12 10 4
12 11 2
13 0 22
13 1 2
13 2 31
13 3 35
13 4 32
13 5 3
13 6 35
13 7 10
13 8 41
13 9 7
13 10 16
13 11 24
13 12 11
14 0 35
14 1 10
14 2 23
14 3 11
14 4 22
14 5 41
14 6 21
14 7 3
14 8 24
14 9 11
14 10 12
14 11 2
14 12 17
14 13 1
15 0 9
15 1 2
15 2 18
15 3 27
15 4 6
15 5 18
15 6 4
15 7 5
15 8 9
15 9 40
15 10 30
15 11 17
15 12 22
15 13 26
15 14 40
16 0 34
16 1 7
16 2 42
16 3 18
16 4 10
16 5 29
16 6 12
16 7 33
16 8 2
16 9 28
16 10 28
16 11 24
16 12 18
16 13 13
16 14 8
16 15 27
17 0 23
17 1 9
17 2 32
17 3 23
17 4 6
17 5 4
17 6 18
17 7 34
17 8 11
17 9 40
17 10 20
17 11 27
17 12 2
17 13 26
17 14 39
17 15 2
17 16 2
18 0 21
18 1 3
18 2 27
18 3 14
18 4 9
18 5 36
18 6 17
18 7 19
18 8 15
18 9 20
18 10 13
18 11 1
18 12 16
18 13 4
18 14 36
18 15 18
18 16 35
18 17 12
