32
1 0 1
2 0 14
2 1 26
3 0 3
3 1 22
3 2 8
4 0 23
4 1 29
4 2 27
4 3 4
5 0 23
5 1 22
5 2 2
5 3 19
5 4 9
6 0 20
6 1 7
6 2 6
6 3 25
6 4 21
6 5 32
7 0 17
7 1 24
7 2 17
7 3 27
7 4 12
7 5 18
7 6 27
8 0 33
8 1 1
8 2 15
8 3 24
8 4 16
8 5 11
8 6 4
8 7 22
9 0 5
9 1 26
9 2 7
9 3 26
9 4 31
9 5 33
9 6 10
9 7 2
9 8 26
10 0 1
10 1 26
10 2 17
10 3 2
10 4 17
10 5 4
10 6 27
10 7 5
10 8 29
10 9 12
11 0 33
11 1 25
11 2 20
11 3 20
11 4 20
11 5 6
11 6 22
11 7 1
11 8 2
11 9 20
11 10 12
12 0 31
12 1 30
12 2 18
12 3 19
12 4 7
12 5 31
12 6 1
12 7 19
12 8 20
12 9 26
12 10 15
12 11 14
13 0 10
13 1 15
13 2 2
13 3 13
13 4 6
13 5 5
13 6 13
13 7 26
13 8 4
13 9 10
13 10 33
13 11 18
13 12 33
14 0 24
14 1 26
14 2 1
14 3 15
14 4 30
14 5 14
14 6 33
14 7 13
14 8 10
14 9 17
14 10 31
14 11 23
14 12 9
14 13 32
15 0 2
15 1 2
15 2 6
15 3 9
15 4 10
15 5 15
15 6 24
15 7 29
15 8 29
15 9 26
15 10 8
15 11 32
15 12 24
15 13 33
15 14 9
16 0 32
16 1 21
16 2 8
16 3 25
16 4 29
16 5 22
16 6 5
16 7 32
16 8 12
16 9 24
16 10 12
16 11 22
16 12 26
16 13 29
16 14 24
16 15 4
17 0 29
17 1 32
17 2 24
17 3 11
17 4 29
17 5 20
17 6 11
17 7 3
17 8 1
17 9 28
17 10 9
17 11 5
17 12 27
17 13 17
17 14 33
17 15 10
17 16 21
18 0 15
18 1 13
18 2 16
18 3 12
18 4 14
18 5 30
18 6 26
18 7 8
18 8 19
18 9 8
18 10 12
18 11 5
18 12 14
18 13 5
18 14 20
18 15 28
18 16 26
18 17 4
19 0 20
19 1 5
19 2 9
19 3 15
19 4 10
19 5 25
19 6 12
19 7 17
19 8 22
19 9 12
19 10 26
19 11 30
19 12 29
19 13 16
19 14 4
19 15 33
19 16 31
19 17 28
19 18 20
20 0 29
20 1 28
20 2 1
20 3 17
20 4 26
20 5 27
20 6 12
20 7 3
20 8 23
20 9 4
20 10 32
20 11 7
20 12 7
20 13 33
20 14 6
20 15 17
20 16 18
20 17 12
20 18 33
20 19 2
21 0 23
21 1 31
21 2 13
21 3 10
21 4 10
21 5 27
21 6 14
21 7 27
21 8 29
21 9 5
21 10 20
21 11 21
21 12 13
21 13 10
21 14 28
21 15 26
21 16 6
21 17 29
21 18 2
21 19 8
21 20 24
22 0 18
22 1 6
22 2 20
22 3 9
22 4 19
22 5 4
22 6 8
22 7 18
22 8 33
22 9 10
22 10 23
22 11 13
22 12 21
22 13 2
22 14 12
22 15 12
22 16 26
22 17 20
22 18 32
22 19 7
22 20 10
22 21 14
23 0 12
23 1 32
23 2 3
23 3 29
23 4 14
23 5 25
23 6 8
23 7 21
23 8 18
23 9 9
23 10 30
23 11 3
23 12 14
23 13 27
23 14 25
23 15 5
23 16 17
23 17 16
23 18 3
23 19 22
23 20 11
23 21 10
23 22 20
24 0 25
24 1 10
24 2 29
24 3 22
24 4 14
24 5 29
24 6 11
24 7 8
24 8 18
24 9 13
24 10 3
24 11 18
24 12 6
24 13 17
24 14 3
24 15 29
24 16 5
24 17 10
24 18 28
24 19 20
24 20 4
24 21 20
24 22 15
24 23 30
25 0 11
25 1 32
25 2 11
25 3 1
25 4 17
25 5 1
25 6 8
25 7 33
25 8 32
25 9 27
25 10 4
25 11 33
25 12 13
25 13 1
25 14 21
25 15 28
25 16 21
25 17 22
25 18 8
25 19 24
25 20 24
25 21 23
25 22 26
25 23 13
25 24 9
26 0 30
26 1 12
26 2 28
26 3 4
26 4 33
26 5 28
26 6 19
26 7 17
26 8 3
26 9 2
26 10 4
26 11 17
26 12 30
26 13 3
26 14 32
26 15 7
26 16 13
26 17 21
26 18 10
26 19 3
26 20 13
26 21 16
26 22 18
26 23 16
26 24 22
26 25 24
27 0 27
27 1 6
27 2 21
27 3 13
27 4 15
27 5 4
27 6 12
27 7 5
27 8 5
27 9 18
27 10 23
27 11 19
27 12 2
27 13 11
27 14 26
27 15 10
27 16 33
27 17 20
27 18 28
27 19 19
27 20 27
27 21 33
27 22 24
27 23 13
27 24 20
27 25 32
27 26 3
28 0 6
28 1 17
28 2 7
28 3 33
28 4 22
28 5 19
28 6 29
28 7 7
28 8 11
28 9 6
28 10 8
28 11 13
28 12 22
28 13 19
28 14 4
28 15 18
28 16 4
28 17 22
28 18 33
28 19 23
28 20 18
28 21 3
28 22 25
28 23 26
28 24 10
28 25 21
28 26 21
28 27 4
29 0 15
29 1 25
29 2 10
29 3 17
29 4 27
29 5 10
29 6 29
29 7 24
29 8 26
29 9 21
29 10 24
29 11 6
29 12 27
29 13 21
29 14 16
29 15 5
29 16 18
29 17 11
29 18 31
29 19 15
29 20 21
29 21 5
29 22 8
29 23 19
29 24 26
29 25 32
29 26 2
29 27 1
29 28 19
30 0 15
30 1 7
30 2 28
30 3 32
30 4 27
30 5 7
30 6 32
30 7 6
30 8 2
30 9 21
30 10 23
30 11 12
30 12 2
30 13 5
30 14 14
30 15 24
30 16 2
30 17 30
30 18 16
30 19 16
30 20 2
30 21 8
30 22 29
30 23 2
30 24 8
30 25 8
30 26 28
30 27 20
30 28 24
30 29 13
31 0 28
31 1 10
31 2 31
31 3 15
31 4 21
31 5 5
31 6 19
31 7 11
31 8 30
31 9 23
31 10 3
31 11 14
31 12 3
31 13 8
31 14 21
31 15 29
31 16 11
31 17 19
31 18 16
31 19 22
31 20 11
31 21 5
31 22 7
31 23 15
31 24 6
31 25 24
31 26 30
31 27 18
31 28 26
31 29 33
31 30 15
