57
1 0 5
2 0 6
2 1 8
3 0 13
3 1 5
3 2 14
4 0 9
4 1 9
4 2 12
4 3 1
5 0 2
5 1 8
5 2 8
5 3 8
5 4 13
6 0 11
6 1 14
6 2 15
6 3 3
6 4 6
6 5 1
7 0 7
7 1 12
7 2 15
7 3 1
7 4 13
7 5 12
7 6 13
8 0 7
8 1 7
8 2 11
8 3 4
8 4 14
8 5 2
8 6 11
8 7 4
9 0 7
9 1 14
9 2 12
9 3 15
9 4 6
9 5 12
9 6 14
9 7 10
9 8 7
10 0 7
10 1 5
10 2 15
10 3 1
10 4 11
10 5 6
10 6 12
10 7 6
10 8 15
10 9 6
11 0 4
11 1 3
11 2 11
11 3 8
11 4 3
11 5 9
11 6 1
11 7 15
11 8 1
11 9 12
11 10 3
12 0 14
12 1 15
12 2 9
12 3 11
12 4 11
12 5 2
12 6 3
12 7 9
12 8 12
12 9 9
12 10 4
12 11 14
13 0 2
13 1 7
13 2 15
13 3 3
13 4 15
13 5 13
13 6 1
13 7 15
13 8 15
13 9 10
13 10 6
13 11 6
13 12 14
14 0 11
14 1 14
14 2 15
14 3 15
14 4 13
14 5 12
14 6 6
14 7 12
14 8 14
14 9 5
14 10 3
14 11 7
14 12 7
14 13 12
15 0 13
15 1 10
15 2 15
15 3 3
15 4 14
15 5 14
15 6 13
15 7 8
15 8 7
15 9 4
15 10 11
15 11 13
15 12 2
15 13 11
15 14 4
16 0 10
16 1 4
16 2 8
16 3 11
16 4 10
16 5 3
16 6 7
16 7 8
16 8 2
16 9 11
16 10 14
16 11 8
16 12 10
16 13 1
16 14 1
16 15 4
17 0 12
17 1 13
17 2 2
17 3 13
17 4 1
17 5 4
17 6 7
17 7 13
17 8 5
17 9 6
17 10 9
17 11 3
17 12 12
17 13 7
17 14 6
17 15 1
17 16 6
18 0 14
18 1 10
18 2 9
18 3 13
18 4 7
18 5 5
18 6 13
18 7 14
18 8 11
18 9 10
18 10 14
18 11 13
18 12 2
18 13 15
18 14 13
18 15 8
18 16 7
18 17 10
19 0 5
19 1 15
19 2 6
19 3 11
19 4 13
19 5 5
19 6 14
19 7 9
19 8 1
19 9 15
19 10 9
19 11 1
19 12 3
19 13 13
19 14 5
19 15 2
19 16 6
19 17 8
19 18 4
20 0 3
20 1 11
20 2 15
20 3 8
20 4 9
20 5 6
20 6 13
20 7 1
20 8 13
20 9 7
20 10 7
20 11 5
20 12 12
20 13 1
20 14 3
20 15 11
20 16 13
20 17 10
20 18 3
20 19 2
21 0 4
21 1 13
21 2 15
21 3 12
21 4 12
21 5 11
21 6 14
21 7 14
21 8 11
21 9 9
21 10 9
21 11 4
21 12 1
21 13 3
21 14 5
21 15 1
21 16 3
21 17 3
21 18 4
21 19 15
21 20 1
22 0 11
22 1 15
22 2 5
22 3 14
22 4 8
22 5 5
22 6 12
22 7 7
22 8 5
22 9 6
22 10 8
22 11 2
22 12 11
22 13 13
22 14 5
22 15 3
22 16 4
22 17 12
22 18 11
22 19 12
22 20 7
22 21 4
23 0 14
23 1 13
23 2 12
23 3 13
23 4 1
23 5 10
23 6 14
23 7 8
23 8 7
23 9 5
23 10 10
23 11 3
23 12 8
23 13 15
23 14 12
23 15 7
23 16 3
23 17 15
23 18 2
23 19 9
23 20 15
23 21 5
23 22 12
24 0 7
24 1 4
24 2 3
24 3 12
24 4 8
24 5 7
24 6 4
24 7 1
24 8 3
24 9 7
24 10 5
24 11 6
24 12 2
24 13 6
24 14 7
24 15 8
24 16 3
24 17 9
24 18 12
24 19 13
24 20 4
24 21 3
24 22 2
24 23 1
25 0 11
25 1 15
25 2 5
25 3 4
25 4 4
25 5 2
25 6 15
25 7 13
25 8 6
25 9 1
25 10 11
25 11 15
25 12 10
25 13 14
25 14 15
25 15 9
25 16 5
25 17 2
25 18 8
25 19 11
25 20 13
25 21 3
25 22 14
25 23 11
25 24 15
26 0 4
26 1 15
26 2 9
26 3 7
26 4 5
26 5 6
26 6 8
26 7 10
26 8 13
26 9 9
26 10 8
26 11 9
26 12 5
26 13 3
26 14 5
26 15 5
26 16 4
26 17 4
26 18 6
26 19 2
26 20 15
26 21 8
26 22 8
26 23 10
26 24 3
26 25 8
27 0 5
27 1 11
27 2 14
27 3 1
27 4 11
27 5 14
27 6 3
27 7 2
27 8 2
27 9 6
27 10 8
27 11 2
27 12 11
27 13 1
27 14 2
27 15 9
27 16 10
27 17 14
27 18 15
27 19 4
27 20 8
27 21 3
27 22 2
27 23 7
27 24 5
27 25 10
27 26 10
28 0 9
28 1 6
28 2 10
28 3 4
28 4 15
28 5 10
28 6 12
28 7 9
28 8 14
28 9 11
28 10 10
28 11 4
28 12 7
28 13 9
28 14 1
28 15 2
28 16 1
28 17 10
28 18 13
28 19 12
28 20 14
28 21 7
28 22 5
28 23 8
28 24 8
28 25 10
28 26 1
28 27 6
29 0 13
29 1 7
29 2 7
29 3 8
29 4 2
29 5 9
29 6 15
29 7 5
29 8 15
29 9 7
29 10 8
29 11 15
29 12 11
29 13 1
29 14 4
29 15 7
29 16 12
29 17 7
29 18 2
29 19 7
29 20 10
29 21 13
29 22 4
29 23 2
29 24 15
29 25 1
29 26 9
29 27 12
29 28 4
30 0 15
30 1 11
30 2 10
30 3 11
30 4 9
30 5 1
30 6 10
30 7 10
30 8 15
30 9 5
30 10 15
30 11 7
30 12 10
30 13 2
30 14 10
30 15 2
30 16 3
30 17 13
30 18 4
30 19 7
30 20 8
30 21 15
30 22 3
30 23 11
30 24 10
30 25 15
30 26 7
30 27 3
30 28 13
30 29 10
31 0 13
31 1 14
31 2 4
31 3 5
31 4 7
31 5 6
31 6 15
31 7 11
31 8 11
31 9 12
31 10 5
31 11 14
31 12 8
31 13 1
31 14 11
31 15 6
31 16 2
31 17 13
31 18 14
31 19 6
31 20 9
31 21 13
31 22 1
31 23 2
31 24 1
31 25 7
31 26 3
31 27 6
31 28 6
31 29 5
31 30 12
32 0 4
32 1 8
32 2 2
32 3 8
32 4 1
32 5 6
32 6 2
32 7 7
32 8 3
32 9 8
32 10 6
32 11 4
32 12 2
32 13 4
32 14 11
32 15 11
32 16 2
32 17 3
32 18 11
32 19 9
32 20 1
32 21 1
32 22 1
32 23 15
32 24 12
32 25 6
32 26 8
32 27 11
32 28 7
32 29 15
32 30 5
32 31 11
33 0 9
33 1 6
33 2 3
33 3 6
33 4 14
33 5 8
33 6 10
33 7 9
33 8 8
33 9 11
33 10 10
33 11 11
33 12 3
33 13 6
33 14 5
33 15 9
33 16 3
33 17 14
33 18 14
33 19 5
33 20 2
33 21 3
33 22 6
33 23 2
33 24 11
33 25 1
33 26 4
33 27 12
33 28 8
33 29 2
33 30 14
33 31 1
33 32 1
34 0 12
34 1 9
34 2 5
34 3 3
34 4 15
34 5 15
34 6 13
34 7 8
34 8 2
34 9 5
34 10 11
34 11 14
34 12 7
34 13 3
34 14 15
34 15 11
34 16 13
34 17 13
34 18 13
34 19 8
34 20 7
34 21 4
34 22 3
34 23 15
34 24 11
34 25 14
34 26 4
34 27 8
34 28 2
34 29 2
34 30 6
34 31 13
34 32 3
34 33 2
35 0 10
35 1 3
35 2 13
35 3 13
35 4 13
35 5 6
35 6 15
35 7 12
35 8 15
35 9 5
35 10 4
35 11 2
35 12 15
35 13 2
35 14 3
35 15 13
35 16 3
35 17 11
35 18 6
35 19 13
35 20 15
35 21 5
35 22 15
35 23 11
35 24 6
35 25 1
35 26 10
35 27 4
35 28 8
35 29 12
35 30 5
35 31 15
35 32 12
35 33 13
35 34 10
36 0 9
36 1 5
36 2 8
36 3 2
36 4 3
36 5 10
36 6 3
36 7 4
36 8 10
36 9 8
36 10 7
36 11 14
36 12 10
36 13 3
36 14 13
36 15 1
36 16 8
36 17 12
36 18 13
36 19 7
36 20 2
36 21 4
36 22 14
36 23 3
36 24 3
36 25 8
36 26 7
36 27 4
36 28 13
36 29 6
36 30 8
36 31 15
36 32 9
36 33 6
36 34 2
36 35 13
37 0 13
37 1 10
37 2 12
37 3 7
37 4 1
37 5 5
37 6 7
37 7 14
37 8 1
37 9 3
37 10 15
37 11 11
37 12 10
37 13 2
37 14 14
37 15 3
37 16 10
37 17 13
37 18 8
37 19 8
37 20 4
37 21 15
37 22 9
37 23 8
37 24 4
37 25 7
37 26 8
37 27 5
37 28 2
37 29 10
37 30 13
37 31 6
37 32 15
37 33 14
37 34 10
37 35 11
37 36 9
38 0 6
38 1 11
38 2 4
38 3 12
38 4 14
38 5 6
38 6 8
38 7 4
38 8 4
38 9 9
38 10 5
38 11 9
38 12 15
38 13 15
38 14 15
38 15 12
38 16 15
38 17 1
38 18 6
38 19 6
38 20 7
38 21 10
38 22 8
38 23 14
38 24 7
38 25 5
38 26 14
38 27 5
38 28 5
38 29 15
38 30 15
38 31 10
38 32 9
38 33 12
38 34 3
38 35 1
38 36 13
38 37 5
39 0 4
39 1 10
39 2 2
39 3 7
39 4 11
39 5 10
39 6 11
39 7 7
39 8 5
39 9 14
39 10 9
39 11 1
39 12 14
39 13 12
39 14 11
39 15 4
39 16 10
39 17 12
39 18 14
39 19 1
39 20 11
39 21 13
39 22 2
39 23 8
39 24 4
39 25 15
39 26 9
39 27 8
39 28 6
39 29 1
39 30 15
39 31 9
39 32 10
39 33 1
39 34 10
39 35 1
39 36 15
39 37 7
39 38 6
40 0 13
40 1 2
40 2 1
40 3 12
40 4 6
40 5 5
40 6 14
40 7 4
40 8 8
40 9 7
40 10 5
40 11 3
40 12 14
40 13 6
40 14 6
40 15 12
40 16 1
40 17 12
40 18 9
40 19 2
40 20 13
40 21 3
40 22 14
40 23 7
40 24 7
40 25 7
40 26 7
40 27 12
40 28 11
40 29 8
40 30 5
40 31 14
40 32 9
40 33 11
40 34 11
40 35 9
40 36 5
40 37 11
40 38 12
40 39 2
41 0 4
41 1 2
41 2 9
41 3 10
41 4 13
41 5 15
41 6 5
41 7 8
41 8 5
41 9 7
41 10 5
41 11 3
41 12 8
41 13 10
41 14 15
41 15 6
41 16 14
41 17 14
41 18 13
41 19 9
41 20 2
41 21 12
41 22 2
41 23 9
41 24 3
41 25 9
41 26 15
41 27 4
41 28 3
41 29 11
41 30 11
41 31 10
41 32 7
41 33 13
41 34 11
41 35 13
41 36 9
41 37 1
41 38 1
41 39 1
41 40 4
42 0 9
42 1 8
42 2 15
42 3 8
42 4 8
42 5 15
42 6 3
42 7 11
42 8 5
42 9 5
42 10 12
42 11 3
42 12 4
42 13 7
42 14 10
42 15 13
42 16 6
42 17 6
42 18 10
42 19 14
42 20 5
42 21 15
42 22 5
42 23 2
42 24 12
42 25 8
42 26 13
42 27 3
42 28 1
42 29 14
42 30 2
42 31 15
42 32 7
42 33 11
42 34 4
42 35 2
42 36 12
42 37 1
42 38 9
42 39 12
42 40 14
42 41 7
43 0 6
43 1 5
43 2 15
43 3 10
43 4 5
43 5 4
43 6 1
43 7 5
43 8 1
43 9 15
43 10 3
43 11 5
43 12 3
43 13 13
43 14 2
43 15 5
43 16 5
43 17 10
43 18 3
43 19 13
43 20 6
43 21 7
43 22 1
43 23 3
43 24 8
43 25 1
43 26 9
43 27 15
43 28 14
43 29 15
43 30 5
43 31 3
43 32 4
43 33 5
43 34 6
43 35 8
43 36 13
43 37 3
43 38 3
43 39 13
43 40 8
43 41 12
43 42 10
44 0 11
44 1 14
44 2 6
44 3 7
44 4 7
44 5 11
44 6 13
44 7 13
44 8 10
44 9 9
44 10 14
44 11 9
44 12 11
44 13 13
44 14 8
44 15 6
44 16 7
44 17 3
44 18 11
44 19 3
44 20 3
44 21 14
44 22 2
44 23 6
44 24 9
44 25 9
44 26 2
44 27 13
44 28 8
44 29 15
44 30 6
44 31 3
44 32 3
44 33 15
44 34 8
44 35 12
44 36 14
44 37 6
44 38 12
44 39 9
44 40 3
44 41 15
44 42 11
44 43 9
45 0 4
45 1 9
45 2 11
45 3 2
45 4 15
45 5 6
45 6 10
45 7 3
45 8 11
45 9 3
45 10 5
45 11 15
45 12 2
45 13 9
45 14 12
45 15 1
45 16 8
45 17 6
45 18 5
45 19 1
45 20 15
45 21 11
45 22 6
45 23 11
45 24 3
45 25 13
45 26 12
45 27 5
45 28 9
45 29 4
45 30 13
45 31 11
45 32 7
45 33 1
45 34 8
45 35 9
45 36 6
45 37 6
45 38 4
45 39 4
45 40 4
45 41 11
45 42 11
45 43 15
45 44 12
46 0 2
46 1 4
46 2 12
46 3 13
46 4 1
46 5 15
46 6 15
46 7 13
46 8 10
46 9 8
46 10 10
46 11 10
46 12 13
46 13 7
46 14 8
46 15 4
46 16 9
46 17 11
46 18 6
46 19 8
46 20 11
46 21 2
46 22 2
46 23 7
46 24 4
46 25 9
46 26 7
46 27 2
46 28 12
46 29 4
46 30 3
46 31 14
46 32 7
46 33 15
46 34 1
46 35 13
46 36 7
46 37 7
46 38 2
46 39 4
46 40 7
46 41 2
46 42 12
46 43 7
46 44 6
46 45 1
47 0 7
47 1 2
47 2 1
47 3 12
47 4 12
47 5 11
47 6 12
47 7 10
47 8 3
47 9 12
47 10 6
47 11 13
47 12 9
47 13 3
47 14 14
47 15 6
47 16 14
47 17 11
47 18 10
47 19 15
47 20 4
47 21 9
47 22 10
47 23 2
47 24 15
47 25 3
47 26 5
47 27 2
47 28 10
47 29 1
47 30 4
47 31 8
47 32 15
47 33 12
47 34 12
47 35 2
47 36 11
47 37 14
47 38 12
47 39 14
47 40 7
47 41 3
47 42 11
47 43 3
47 44 13
47 45 6
47 46 6
48 0 14
48 1 12
48 2 7
48 3 10
48 4 3
48 5 4
48 6 12
48 7 6
48 8 7
48 9 15
48 10 11
48 11 15
48 12 6
48 13 11
48 14 14
48 15 10
48 16 11
48 17 3
48 18 13
48 19 13
48 20 4
48 21 4
48 22 10
48 23 3
48 24 1
48 25 11
48 26 8
48 27 13
48 28 1
48 29 9
48 30 9
48 31 5
48 32 11
48 33 13
48 34 6
48 35 13
48 36 3
48 37 6
48 38 7
48 39 5
48 40 5
48 41 4
48 42 14
48 43 13
48 44 13
48 45 1
48 46 2
48 47 15
49 0 9
49 1 4
49 2 8
49 3 9
49 4 9
49 5 7
49 6 4
49 7 4
49 8 1
49 9 6
49 10 5
49 11 1
49 12 4
49 13 11
49 14 2
49 15 8
49 16 2
49 17 3
49 18 4
49 19 10
49 20 14
49 21 13
49 22 8
49 23 14
49 24 2
49 25 2
49 26 3
49 27 4
49 28 11
49 29 2
49 30 2
49 31 7
49 32 15
49 33 9
49 34 8
49 35 13
49 36 3
49 37 14
49 38 1
49 39 4
49 40 10
49 41 5
49 42 5
49 43 11
49 44 6
49 45 10
49 46 6
49 47 3
49 48 12
50 0 8
50 1 2
50 2 4
50 3 5
50 4 11
50 5 5
50 6 13
50 7 14
50 8 15
50 9 2
50 10 7
50 11 8
50 12 4
50 13 4
50 14 7
50 15 10
50 16 4
50 17 9
50 18 1
50 19 7
50 20 7
50 21 8
50 22 13
50 23 12
50 24 4
50 25 4
50 26 4
50 27 6
50 28 13
50 29 9
50 30 10
50 31 4
50 32 12
50 33 13
50 34 5
50 35 14
50 36 3
50 37 7
50 38 4
50 39 10
50 40 8
50 41 15
50 42 2
50 43 8
50 44 7
50 45 9
50 46 13
50 47 3
50 48 12
50 49 3
51 0 4
51 1 12
51 2 12
51 3 4
51 4 1
51 5 3
51 6 12
51 7 10
51 8 5
51 9 6
51 10 3
51 11 7
51 12 10
51 13 12
51 14 1
51 15 12
51 16 6
51 17 9
51 18 9
51 19 8
51 20 6
51 21 4
51 22 1
51 23 11
51 24 1
51 25 5
51 26 13
51 27 5
51 28 13
51 29 6
51 30 7
51 31 2
51 32 8
51 33 3
51 34 5
51 35 9
51 36 3
51 37 5
51 38 8
51 39 15
51 40 2
51 41 5
51 42 6
51 43 12
51 44 9
51 45 12
51 46 12
51 47 11
51 48 1
51 49 1
51 50 9
52 0 7
52 1 7
52 2 12
52 3 7
52 4 2
52 5 11
52 6 12
52 7 12
52 8 10
52 9 6
52 10 9
52 11 11
52 12 3
52 13 12
52 14 12
52 15 6
52 16 3
52 17 9
52 18 12
52 19 7
52 20 15
52 21 3
52 22 9
52 23 9
52 24 1
52 25 5
52 26 7
52 27 13
52 28 13
52 29 13
52 30 11
52 31 10
52 32 7
52 33 3
52 34 10
52 35 6
52 36 14
52 37 2
52 38 7
52 39 12
52 40 7
52 41 3
52 42 2
52 43 13
52 44 14
52 45 6
52 46 14
52 47 8
52 48 9
52 49 2
52 50 4
52 51 13
53 0 11
53 1 2
53 2 9
53 3 1
53 4 5
53 5 15
53 6 12
53 7 14
53 8 5
53 9 10
53 10 4
53 11 9
53 12 8
53 13 6
53 14 9
53 15 8
53 16 2
53 17 2
53 18 6
53 19 15
53 20 10
53 21 15
53 22 8
53 23 9
53 24 1
53 25 14
53 26 3
53 27 7
53 28 3
53 29 13
53 30 10
53 31 8
53 32 9
53 33 3
53 34 9
53 35 15
53 36 8
53 37 7
53 38 11
53 39 8
53 40 2
53 41 13
53 42 3
53 43 6
53 44 2
53 45 12
53 46 3
53 47 11
53 48 15
53 49 8
53 50 10
53 51 2
53 52 5
54 0 7
54 1 10
54 2 14
54 3 6
54 4 7
54 5 12
54 6 6
54 7 8
54 8 15
54 9 5
54 10 15
54 11 14
54 12 12
54 13 3
54 14 15
54 15 7
54 16 14
54 17 4
54 18 15
54 19 3
54 20 6
54 21 10
54 22 11
54 23 15
54 24 9
54 25 10
54 26 15
54 27 4
54 28 6
54 29 15
54 30 10
54 31 14
54 32 12
54 33 9
54 34 8
54 35 7
54 36 11
54 37 7
54 38 2
54 39 3
54 40 14
54 41 6
54 42 10
54 43 9
54 44 8
54 45 15
54 46 12
54 47 4
54 48 14
54 49 13
54 50 15
54 51 14
54 52 13
54 53 1
55 0 11
55 1 7
55 2 1
55 3 3
55 4 13
55 5 4
55 6 14
55 7 10
55 8 1
55 9 2
55 10 7
55 11 5
55 12 10
55 13 14
55 14 6
55 15 12
55 16 2
55 17 7
55 18 10
55 19 8
55 20 14
55 21 9
55 22 5
55 23 8
55 24 13
55 25 2
55 26 7
55 27 1
55 28 5
55 29 12
55 30 13
55 31 8
55 32 10
55 33 7
55 34 5
55 35 15
55 36 5
55 37 4
55 38 12
55 39 14
55 40 15
55 41 7
55 42 8
55 43 5
55 44 10
55 45 6
55 46 1
55 47 6
55 48 13
55 49 12
55 50 12
55 51 7
55 52 5
55 53 14
55 54 11
56 0 6
56 1 3
56 2 15
56 3 3
56 4 7
56 5 7
56 6 1
56 7 1
56 8 15
56 9 5
56 10 1
56 11 15
56 12 10
56 13 4
56 14 4
56 15 6
56 16 11
56 17 3
56 18 3
56 19 13
56 20 2
56 21 11
56 22 5
56 23 6
56 24 12
56 25 11
56 26 10
56 27 10
56 28 14
56 29 12
56 30 1
56 31 12
56 32 8
56 33 11
56 34 1
56 35 10
56 36 13
56 37 4
56 38 8
56 39 4
56 40 4
56 41 2
56 42 15
56 43 10
56 44 1
56 45 6
56 46 9
56 47 9
56 48 5
56 49 15
56 50 8
56 51 2
56 52 5
56 53 4
56 54 2
56 55 6
