37
4 0 3
4 1 70
4 2 42
4 3 57
5 1 65
5 3 25
6 1 13
6 4 8
7 0 65
7 2 9
7 3 37
8 3 68
8 4 11
8 5 55
8 7 7
9 2 57
9 4 62
9 5 43
9 6 5
9 7 23
9 8 50
10 0 15
10 1 3
10 3 27
10 4 39
10 5 27
11 2 63
11 4 47
11 9 23
11 10 55
12 1 65
12 2 65
12 4 44
12 6 65
12 8 43
12 9 12
12 10 54
12 11 62
13 1 63
13 2 70
13 8 39
13 9 61
13 11 15
13 12 43
14 0 54
14 1 23
14 3 40
14 4 19
14 7 46
14 10 56
15 0 4
15 2 23
15 3 66
15 4 53
15 5 5
15 6 61
15 7 51
15 10 63
15 11 4
15 12 51
15 13 42
15 14 56
16 3 25
16 6 57
16 8 14
16 10 28
16 11 24
16 13 4
16 14 9
16 15 27
17 4 4
17 7 65
17 9 25
17 13 35
17 14 51
17 15 15
17 16 38
18 3 3
18 4 37
18 6 14
18 7 37
18 8 35
18 9 7
18 11 39
18 13 65
18 14 16
18 16 16
19 1 54
19 2 37
19 3 21
19 4 65
19 5 23
19 10 10
19 12 7
19 16 19
20 0 63
20 1 64
20 3 5
20 4 66
20 6 36
20 8 60
20 13 69
20 16 37
20 19 4
21 0 30
21 2 39
21 3 35
21 6 12
21 7 64
21 8 53
21 9 7
21 11 4
21 15 59
21 17 31
21 19 62
21 20 23
22 0 36
22 1 24
22 2 51
22 5 61
22 7 49
22 8 38
22 10 70
22 11 36
22 12 28
22 14 61
22 16 54
22 20 68
22 21 38
23 0 38
23 2 25
23 3 58
23 5 69
23 6 10
23 7 42
23 8 70
23 9 9
23 11 56
23 13 69
23 14 16
23 16 13
23 17 34
23 19 49
23 20 44
23 21 64
23 22 28
24 0 17
24 1 19
24 4 38
24 6 35
24 8 61
24 10 57
24 11 25
24 12 24
24 15 47
24 17 66
24 18 46
24 19 47
24 20 7
24 21 18
25 0 12
25 4 9
25 6 63
25 7 67
25 8 64
25 9 27
25 10 24
25 11 61
25 12 5
25 13 6
25 14 10
25 16 22
25 19 22
25 20 53
25 24 10
26 1 25
26 2 48
26 3 27
26 4 43
26 5 42
26 6 16
26 7 13
26 10 18
26 13 69
26 14 58
26 18 55
26 19 19
26 20 59
26 22 47
27 5 25
27 6 44
27 7 33
27 12 60
27 13 49
27 14 55
27 20 24
27 21 42
27 22 28
27 25 3
28 0 34
28 2 52
28 10 14
28 11 7
28 12 38
28 13 6
28 14 63
28 16 9
28 18 7
28 22 61
29 5 35
29 7 47
29 8 6
29 9 67
29 10 29
29 11 46
29 12 59
29 13 33
29 14 40
29 15 16
29 16 19
29 17 38
29 23 39
29 24 46
29 25 64
29 26 15
29 27 52
29 28 69
30 1 70
30 2 7
30 7 41
30 9 24
30 11 27
30 12 17
30 15 29
30 17 1
30 18 19
30 19 62
30 20 27
30 21 61
30 22 60
30 23 28
30 26 18
30 28 2
30 29 14
31 1 16
31 2 36
31 3 70
31 5 49
31 6 33
31 9 41
31 14 27
31 18 24
31 19 19
31 21 52
31 22 36
31 23 68
31 25 25
31 26 44
31 29 19
31 30 14
32 0 13
32 3 33
32 7 66
32 11 69
32 12 14
32 13 42
32 15 68
32 16 48
32 18 10
32 19 50
32 20 22
32 21 36
32 23 14
32 28 62
32 30 34
33 0 52
33 1 27
33 2 25
33 3 25
33 6 32
33 7 17
33 9 38
33 12 42
33 14 68
33 15 5
33 18 67
33 20 33
33 22 52
33 23 38
33 24 14
33 25 28
33 29 31
33 32 33
34 3 14
34 8 14
34 11 52
34 12 14
34 13 27
34 14 58
34 15 70
34 16 14
34 17 24
34 19 42
34 20 25
34 22 10
34 24 61
34 27 21
34 28 59
34 29 28
34 30 4
34 32 14
34 33 16
35 0 11
35 2 38
35 4 15
35 5 1
35 6 51
35 7 22
35 8 42
35 9 61
35 10 39
35 16 20
35 18 55
35 21 5
35 22 42
35 23 12
35 24 66
35 28 69
35 29 34
35 30 56
36 1 28
36 5 59
36 7 25
36 8 68
36 9 55
36 10 14
36 12 47
36 13 58
36 14 51
36 16 13
36 19 8
36 20 13
36 23 69
36 24 52
36 25 22
36 26 54
36 27 55
36 28 30
36 29 34
36 32 38
36 33 12
36 34 47
