46
1 0 7
2 0 18
2 1 5
3 0 22
3 1 11
3 2 14
4 0 19
4 1 11
4 2 9
4 3 9
5 0 4
5 1 11
5 2 21
5 3 12
5 4 18
6 0 7
6 1 13
6 2 23
6 3 19
6 4 12
6 5 3
7 0 6
7 1 7
7 2 20
7 3 13
7 4 4
7 5 3
7 6 3
8 0 2
8 1 5
8 2 2
8 3 23
8 4 2
8 5 5
8 6 9
8 7 2
9 0 7
9 1 20
9 2 5
9 3 17
9 4 1
9 5 10
9 6 22
9 7 4
9 8 3
10 0 16
10 1 5
10 2 22
10 3 2
10 4 8
10 5 18
10 6 8
10 7 2
10 8 2
10 9 2
11 0 16
11 1 16
11 2 14
11 3 22
11 4 4
11 5 8
11 6 8
11 7 16
11 8 9
11 9 8
11 10 1
12 0 6
12 1 3
12 2 5
12 3 23
12 4 7
12 5 18
12 6 6
12 7 14
12 8 15
12 9 18
12 10 16
12 11 3
13 0 10
13 1 11
13 2 7
13 3 2
13 4 19
13 5 15
13 6 10
13 7 1
13 8 22
13 9 13
13 10 9
13 11 19
13 12 11
14 0 3
14 1 7
14 2 22
14 3 3
14 4 21
14 5 6
14 6 9
14 7 19
14 8 8
14 9 11
14 10 17
14 11 5
14 12 2
14 13 5
15 0 23
15 1 3
15 2 11
15 3 10
15 4 3
15 5 4
15 6 9
15 7 22
15 8 23
15 9 18
15 10 10
15 11 3
15 12 21
15 13 11
15 14 9
16 0 20
16 1 6
16 2 19
16 3 8
16 4 1
16 5 3
16 6 10
16 7 7
16 8 10
16 9 8
16 10 7
16 11 5
16 12 14
16 13 19
16 14 4
16 15 4
17 0 11
17 1 18
17 2 9
17 3 14
17 4 17
17 5 12
17 6 18
17 7 3
17 8 23
17 9 21
17 10 16
17 11 8
17 12 4
17 13 5
17 14 14
17 15 16
17 16 8
18 0 6
18 1 14
18 2 2
18 3 2
18 4 7
18 5 10
18 6 18
18 7 13
18 8 23
18 9 8
18 10 8
18 11 22
18 12 17
18 13 22
18 14 19
18 15 8
18 16 23
18 17 4
19 0 2
19 1 4
19 2 8
19 3 21
19 4 20
19 5 4
19 6 15
19 7 13
19 8 14
19 9 2
19 10 10
19 11 22
19 12 14
19 13 16
19 14 3
19 15 9
19 16 12
19 17 23
19 18 5
20 0 14
20 1 23
20 2 18
20 3 7
20 4 18
20 5 10
20 6 3
20 7 20
20 8 7
20 9 19
20 10 15
20 11 20
20 12 12
20 13 2
20 14 23
20 15 3
20 16 18
20 17 19
20 18 9
20 19 23
21 0 18
21 1 6
21 2 12
21 3 21
21 4 15
21 5 22
21 6 21
21 7 7
21 8 6
21 9 17
21 10 15
21 11 4
21 12 6
21 13 22
21 14 6
21 15 9
21 16 5
21 17 10
21 18 15
21 19 12
21 20 15
22 0 6
22 1 23
22 2 11
22 3 7
22 4 8
22 5 16
22 6 18
22 7 21
22 8 4
22 9 11
22 10 18
22 11 13
22 12 21
22 13 17
22 14 22
22 15 13
22 16 6
22 17 18
22 18 5
22 19 9
22 20 18
22 21 2
23 0 16
23 1 4
23 2 3
23 3 17
23 4 9
23 5 6
23 6 10
23 7 9
23 8 22
23 9 13
23 10 9
23 11 13
23 12 1
23 13 14
23 14 1
23 15 14
23 16 16
23 17 16
23 18 23
23 19 11
23 20 22
23 21 17
23 22 22
24 0 2
24 1 16
24 2 23
24 3 19
24 4 5
24 5 9
24 6 14
24 7 18
24 8 16
24 9 22
24 10 8
24 11 13
24 12 2
24 13 12
24 14 9
24 15 22
24 16 3
24 17 8
24 18 7
24 19 17
24 20 11
24 21 21
24 22 11
24 23 21
25 0 7
25 1 15
25 2 14
25 3 11
25 4 10
25 5 13
25 6 1
25 7 13
25 8 16
25 9 11
25 10 7
25 11 16
25 12 20
25 13 10
25 14 17
25 15 17
25 16 3
25 17 12
25 18 3
25 19 18
25 20 18
25 21 5
25 22 7
25 23 13
25 24 4
26 0 23
26 1 5
26 2 5
26 3 8
26 4 12
26 5 8
26 6 2
26 7 4
26 8 23
26 9 5
26 10 17
26 11 17
26 12 19
26 13 17
26 14 16
26 15 20
26 16 10
26 17 4
26 18 17
26 19 17
26 20 3
26 21 9
26 22 18
26 23 11
26 24 11
26 25 3
27 0 19
27 1 12
27 2 21
27 3 12
27 4 8
27 5 17
27 6 2
27 7 12
27 8 20
27 9 20
27 10 13
27 11 13
27 12 10
27 13 1
27 14 17
27 15 5
27 16 2
27 17 15
27 18 2
27 19 5
27 20 4
27 21 15
27 22 21
27 23 7
27 24 15
27 25 14
27 26 12
28 0 7
28 1 5
28 2 2
28 3 14
28 4 12
28 5 11
28 6 14
28 7 9
28 8 20
28 9 14
28 10 13
28 11 1
28 12 15
28 13 6
28 14 8
28 15 18
28 16 20
28 17 8
28 18 13
28 19 5
28 20 9
28 21 20
28 22 23
28 23 20
28 24 8
28 25 15
28 26 8
28 27 6
29 0 22
29 1 22
29 2 13
29 3 17
29 4 21
29 5 8
29 6 20
29 7 2
29 8 15
29 9 22
29 10 15
29 11 12
29 12 22
29 13 1
29 14 11
29 15 4
29 16 19
29 17 5
29 18 2
29 19 7
29 20 2
29 21 21
29 22 20
29 23 14
29 24 18
29 25 14
29 26 11
29 27 1
29 28 5
30 0 16
30 1 3
30 2 22
30 3 11
30 4 4
30 5 16
30 6 5
30 7 23
30 8 16
30 9 23
30 10 20
30 11 12
30 12 7
30 13 22
30 14 12
30 15 21
30 16 21
30 17 18
30 18 3
30 19 12
30 20 2
30 21 3
30 22 9
30 23 11
30 24 18
30 25 22
30 26 15
30 27 13
30 28 23
30 29 10
31 0 15
31 1 11
31 2 17
31 3 11
31 4 16
31 5 18
31 6 14
31 7 7
31 8 15
31 9 1
31 10 22
31 11 7
31 12 12
31 13 11
31 14 3
31 15 4
31 16 19
31 17 15
31 18 15
31 19 22
31 20 14
31 21 6
31 22 14
31 23 16
31 24 15
31 25 10
31 26 10
31 27 10
31 28 15
31 29 6
31 30 20
32 0 4
32 1 1
32 2 2
32 3 6
32 4 16
32 5 6
32 6 20
32 7 16
32 8 19
32 9 2
32 10 20
32 11 22
32 12 21
32 13 5
32 14 12
32 15 18
32 16 17
32 17 6
32 18 15
32 19 10
32 20 4
32 21 12
32 22 17
32 23 21
32 24 14
32 25 1
32 26 20
32 27 22
32 28 20
32 29 17
32 30 11
32 31 10
33 0 15
33 1 22
33 2 13
33 3 15
33 4 13
33 5 16
33 6 10
33 7 16
33 8 1
33 9 20
33 10 3
33 11 21
33 12 17
33 13 23
33 14 21
33 15 11
33 16 10
33 17 21
33 18 6
33 19 17
33 20 15
33 21 23
33 22 17
33 23 19
33 24 1
33 25 19
33 26 19
33 27 6
33 28 8
33 29 17
33 30 9
33 31 23
33 32 21
34 0 9
34 1 18
34 2 9
34 3 18
34 4 5
34 5 9
34 6 1
34 7 18
34 8 15
34 9 20
34 10 5
34 11 23
34 12 11
34 13 19
34 14 1
34 15 22
34 16 7
34 17 9
34 18 15
34 19 9
34 20 10
34 21 9
34 22 12
34 23 20
34 24 15
34 25 23
34 26 2
34 27 2
34 28 7
34 29 6
34 30 7
34 31 15
34 32 20
34 33 9
35 0 22
35 1 11
35 2 9
35 3 6
35 4 2
35 5 9
35 6 14
35 7 2
35 8 14
35 9 17
35 10 5
35 11 17
35 12 5
35 13 9
35 14 8
35 15 1
35 16 20
35 17 14
35 18 12
35 19 20
35 20 21
35 21 7
35 22 14
35 23 4
35 24 21
35 25 21
35 26 16
35 27 20
35 28 7
35 29 17
35 30 4
35 31 5
35 32 21
35 33 19
35 34 23
36 0 22
36 1 8
36 2 6
36 3 7
36 4 3
36 5 4
36 6 11
36 7 10
36 8 23
36 9 13
36 10 19
36 11 8
36 12 16
36 13 15
36 14 6
36 15 6
36 16 19
36 17 9
36 18 8
36 19 5
36 20 23
36 21 3
36 22 18
36 23 5
36 24 6
36 25 9
36 26 17
36 27 17
36 28 3
36 29 23
36 30 11
36 31 7
36 32 2
36 33 11
36 34 9
36 35 16
37 0 9
37 1 7
37 2 11
37 3 7
37 4 9
37 5 12
37 6 16
37 7 4
37 8 22
37 9 20
37 10 14
37 11 23
37 12 22
37 13 23
37 14 8
37 15 12
37 16 6
37 17 23
37 18 8
37 19 20
37 20 3
37 21 8
37 22 13
37 23 7
37 24 4
37 25 22
37 26 4
37 27 18
37 28 13
37 29 6
37 30 21
37 31 7
37 32 17
37 33 21
37 34 15
37 35 19
37 36 15
38 0 10
38 1 14
38 2 3
38 3 4
38 4 23
38 5 17
38 6 10
38 7 13
38 8 11
38 9 14
38 10 22
38 11 11
38 12 16
38 13 11
38 14 15
38 15 8
38 16 7
38 17 17
38 18 6
38 19 9
38 20 20
38 21 6
38 22 8
38 23 4
38 24 13
38 25 16
38 26 4
38 27 1
38 28 5
38 29 15
38 30 20
38 31 21
38 32 13
38 33 14
38 34 1
38 35 17
38 36 8
38 37 2
39 0 17
39 1 2
39 2 6
39 3 19
39 4 14
39 5 13
39 6 8
39 7 16
39 8 10
39 9 12
39 10 22
39 11 5
39 12 10
39 13 7
39 14 21
39 15 3
39 16 9
39 17 1
39 18 13
39 19 14
39 20 20
39 21 18
39 22 22
39 23 20
39 24 8
39 25 10
39 26 3
39 27 18
39 28 8
39 29 17
39 30 20
39 31 1
39 32 12
39 33 11
39 34 11
39 35 14
39 36 2
39 37 4
39 38 2
40 0 21
40 1 23
40 2 14
40 3 8
40 4 17
40 5 7
40 6 7
40 7 13
40 8 22
40 9 17
40 10 6
40 11 17
40 12 9
40 13 13
40 14 12
40 15 9
40 16 13
40 17 1
40 18 21
40 19 10
40 20 21
40 21 1
40 22 13
40 23 5
40 24 7
40 25 17
40 26 23
40 27 1
40 28 3
40 29 16
40 30 10
40 31 23
40 32 17
40 33 4
40 34 6
40 35 3
40 36 9
40 37 21
40 38 7
40 39 13
41 0 22
41 1 15
41 2 7
41 3 15
41 4 23
41 5 2
41 6 11
41 7 7
41 8 14
41 9 18
41 10 4
41 11 16
41 12 21
41 13 19
41 14 8
41 15 22
41 16 13
41 17 1
41 18 12
41 19 16
41 20 11
41 21 5
41 22 6
41 23 6
41 24 4
41 25 19
41 26 13
41 27 12
41 28 5
41 29 1
41 30 6
41 31 20
41 32 4
41 33 23
41 34 14
41 35 8
41 36 4
41 37 19
41 38 22
41 39 22
41 40 23
42 0 8
42 1 15
42 2 7
42 3 6
42 4 21
42 5 11
42 6 8
42 7 1
42 8 12
42 9 4
42 10 20
42 11 10
42 12 4
42 13 1
42 14 3
42 15 3
42 16 17
42 17 9
42 18 6
42 19 15
42 20 23
42 21 15
42 22 20
42 23 19
42 24 3
42 25 3
42 26 3
42 27 21
42 28 22
42 29 1
42 30 7
42 31 8
42 32 15
42 33 19
42 34 15
42 35 16
42 36 8
42 37 5
42 38 12
42 39 21
42 40 19
42 41 22
43 0 23
43 1 15
43 2 19
43 3 2
43 4 21
43 5 18
43 6 21
43 7 1
43 8 16
43 9 3
43 10 22
43 11 2
43 12 7
43 13 23
43 14 1
43 15 20
43 16 15
43 17 3
43 18 6
43 19 23
43 20 20
43 21 10
43 22 17
43 23 22
43 24 8
43 25 15
43 26 18
43 27 2
43 28 14
43 29 21
43 30 5
43 31 22
43 32 7
43 33 15
43 34 3
43 35 5
43 36 3
43 37 8
43 38 8
43 39 17
43 40 19
43 41 11
43 42 16
44 0 19
44 1 5
44 2 22
44 3 6
44 4 9
44 5 23
44 6 2
44 7 8
44 8 18
44 9 19
44 10 17
44 11 15
44 12 9
44 13 23
44 14 22
44 15 17
44 16 15
44 17 10
44 18 20
44 19 14
44 20 5
44 21 22
44 22 19
44 23 19
44 24 7
44 25 9
44 26 10
44 27 5
44 28 5
44 29 8
44 30 16
44 31 18
44 32 4
44 33 5
44 34 20
44 35 2
44 36 7
44 37 15
44 38 21
44 39 12
44 40 16
44 41 1
44 42 20
44 43 15
45 0 6
45 1 15
45 2 23
45 3 9
45 4 16
45 5 22
45 6 4
45 7 12
45 8 5
45 9 23
45 10 10
45 11 7
45 12 16
45 13 12
45 14 16
45 15 22
45 16 4
45 17 14
45 18 5
45 19 15
45 20 4
45 21 6
45 22 8
45 23 8
45 24 20
45 25 15
45 26 6
45 27 1
45 28 21
45 29 2
45 30 8
45 31 6
45 32 22
45 33 6
45 34 16
45 35 19
45 36 3
45 37 1
45 38 10
45 39 6
45 40 2
45 41 14
45 42 21
45 43 23
45 44 21
