60
1 0 4
2 0 5
2 1 8
3 0 4
3 1 1
3 2 4
4 0 10
4 1 6
4 2 8
4 3 6
5 0 3
5 1 8
5 2 6
5 3 5
5 4 1
6 0 7
6 1 9
6 2 6
6 3 3
6 4 4
6 5 6
7 0 6
7 1 4
7 2 4
7 3 5
7 4 7
7 5 1
7 6 2
8 0 5
8 1 10
8 2 8
8 3 3
8 4 7
8 5 2
8 6 2
8 7 9
9 0 1
9 1 4
9 2 10
9 3 1
9 4 7
9 5 5
9 6 10
9 7 4
9 8 5
10 0 4
10 1 2
10 2 1
10 3 10
10 4 5
10 5 4
10 6 1
10 7 8
10 8 8
10 9 4
11 0 6
11 1 9
11 2 3
11 3 4
11 4 6
11 5 9
11 6 9
11 7 5
11 8 10
11 9 9
11 10 4
12 0 5
12 1 3
12 2 2
12 3 7
12 4 8
12 5 3
12 6 9
12 7 9
12 8 8
12 9 5
12 10 3
12 11 6
13 0 4
13 1 5
13 2 1
13 3 8
13 4 8
13 5 3
13 6 9
13 7 2
13 8 1
13 9 10
13 10 8
13 11 5
13 12 1
14 0 5
14 1 9
14 2 2
14 3 6
14 4 1
14 5 7
14 6 6
14 7 5
14 8 2
14 9 10
14 10 1
14 11 3
14 12 7
14 13 7
15 0 4
15 1 1
15 2 1
15 3 2
15 4 5
15 5 10
15 6 5
15 7 2
15 8 6
15 9 2
15 10 7
15 11 6
15 12 10
15 13 2
15 14 3
16 0 5
16 1 10
16 2 5
16 3 5
16 4 9
16 5 7
16 6 3
16 7 10
16 8 3
16 9 7
16 10 4
16 11 3
16 12 10
16 13 7
16 14 8
16 15 8
17 0 8
17 1 5
17 2 4
17 3 1
17 4 4
17 5 5
17 6 1
17 7 6
17 8 10
17 9 7
17 10 3
17 11 6
17 12 7
17 13 9
17 14 6
17 15 2
17 16 10
18 0 5
18 1 5
18 2 8
18 3 3
18 4 2
18 5 3
18 6 8
18 7 9
18 8 8
18 9 7
18 10 5
18 11 7
18 12 6
18 13 3
18 14 4
18 15 2
18 16 8
18 17 5
19 0 9
19 1 3
19 2 4
19 3 9
19 4 2
19 5 2
19 6 8
19 7 10
19 8 10
19 9 1
19 10 8
19 11 3
19 12 9
19 13 6
19 14 5
19 15 1
19 16 9
19 17 9
19 18 1
20 0 2
20 1 7
20 2 10
20 3 10
20 4 8
20 5 5
20 6 3
20 7 4
20 8 10
20 9 6
20 10 8
20 11 5
20 12 8
20 13 4
20 14 7
20 15 7
20 16 8
20 17 1
20 18 10
20 19 6
21 0 4
21 1 6
21 2 3
21 3 10
21 4 5
21 5 7
21 6 8
21 7 2
21 8 4
21 9 6
21 10 2
21 11 10
21 12 3
21 13 10
21 14 5
21 15 3
21 16 1
21 17 5
21 18 3
21 19 5
21 20 5
22 0 2
22 1 7
22 2 3
22 3 5
22 4 9
22 5 1
22 6 7
22 7 3
22 8 1
22 9 2
22 10 3
22 11 6
22 12 7
22 13 8
22 14 5
22 15 9
22 16 7
22 17 3
22 18 10
22 19 1
22 20 6
22 21 4
23 0 5
23 1 6
23 2 5
23 3 2
23 4 10
23 5 3
23 6 4
23 7 3
23 8 3
23 9 8
23 10 1
23 11 3
23 12 3
23 13 1
23 14 3
23 15 1
23 16 3
23 17 3
23 18 3
23 19 7
23 20 9
23 21 4
23 22 9
24 0 9
24 1 9
24 2 8
24 3 5
24 4 3
24 5 7
24 6 8
24 7 1
24 8 9
24 9 2
24 10 3
24 11 10
24 12 9
24 13 10
24 14 10
24 15 9
24 16 3
24 17 5
24 18 1
24 19 2
24 20 5
24 21 4
24 22 5
24 23 6
25 0 6
25 1 5
25 2 5
25 3 8
25 4 3
25 5 3
25 6 1
25 7 7
25 8 6
25 9 6
25 10 9
25 11 5
25 12 6
25 13 7
25 14 1
25 15 2
25 16 7
25 17 5
25 18 8
25 19 5
25 20 8
25 21 3
25 22 4
25 23 8
25 24 5
26 0 6
26 1 6
26 2 3
26 3 4
26 4 4
26 5 2
26 6 7
26 7 1
26 8 4
26 9 6
26 10 4
26 11 6
26 12 6
26 13 4
26 14 8
26 15 2
26 16 10
26 17 8
26 18 8
26 19 4
26 20 5
26 21 8
26 22 1
26 23 5
26 24 9
26 25 6
27 0 10
27 1 8
27 2 6
27 3 10
27 4 8
27 5 2
27 6 5
27 7 1
27 8 9
27 9 1
27 10 9
27 11 10
27 12 10
27 13 9
27 14 10
27 15 6
27 16 4
27 17 9
27 18 4
27 19 10
27 20 1
27 21 3
27 22 4
27 23 2
27 24 9
27 25 10
27 26 7
28 0 7
28 1 1
28 2 9
28 3 4
28 4 4
28 5 5
28 6 7
28 7 5
28 8 9
28 9 9
28 10 6
28 11 10
28 12 10
28 13 6
28 14 3
28 15 5
28 16 8
28 17 5
28 18 6
28 19 8
28 20 1
28 21 7
28 22 5
28 23 5
28 24 4
28 25 3
28 26 5
28 27 1
29 0 3
29 1 7
29 2 5
29 3 5
29 4 2
29 5 3
29 6 7
29 7 8
29 8 9
29 9 9
29 10 4
29 11 10
29 12 7
29 13 5
29 14 3
29 15 5
29 16 8
29 17 2
29 18 5
29 19 5
29 20 10
29 21 5
29 22 2
29 23 7
29 24 3
29 25 7
29 26 10
29 27 4
29 28 9
30 0 9
30 1 10
30 2 1
30 3 7
30 4 1
30 5 7
30 6 9
30 7 3
30 8 6
30 9 7
30 10 8
30 11 7
30 12 3
30 13 4
30 14 4
30 15 2
30 16 1
30 17 7
30 18 9
30 19 5
30 20 7
30 21 10
30 22 6
30 23 1
30 24 2
30 25 3
30 26 8
30 27 2
30 28 3
30 29 9
31 0 3
31 1 1
31 2 7
31 3 7
31 4 4
31 5 3
31 6 7
31 7 9
31 8 10
31 9 10
31 10 9
31 11 10
31 12 6
31 13 6
31 14 2
31 15 9
31 16 10
31 17 6
31 18 10
31 19 9
31 20 5
31 21 4
31 22 6
31 23 9
31 24 6
31 25 4
31 26 8
31 27 5
31 28 3
31 29 4
31 30 6
32 0 2
32 1 8
32 2 9
32 3 2
32 4 7
32 5 5
32 6 10
32 7 9
32 8 6
32 9 3
32 10 5
32 11 10
32 12 4
32 13 9
32 14 10
32 15 2
32 16 2
32 17 8
32 18 4
32 19 3
32 20 4
32 21 4
32 22 10
32 23 8
32 24 5
32 25 6
32 26 10
32 27 9
32 28 8
32 29 8
32 30 8
32 31 5
33 0 5
33 1 6
33 2 1
33 3 2
33 4 2
33 5 6
33 6 3
33 7 4
33 8 3
33 9 8
33 10 8
33 11 10
33 12 6
33 13 3
33 14 3
33 15 6
33 16 9
33 17 6
33 18 4
33 19 2
33 20 1
33 21 7
33 22 6
33 23 7
33 24 2
33 25 1
33 26 4
33 27 6
33 28 8
33 29 7
33 30 10
33 31 9
33 32 5
34 0 6
34 1 3
34 2 1
34 3 5
34 4 7
34 5 6
34 6 9
34 7 2
34 8 6
34 9 5
34 10 2
34 11 4
34 12 5
34 13 9
34 14 4
34 15 2
34 16 5
34 17 1
34 18 5
34 19 5
34 20 10
34 21 3
34 22 5
34 23 6
34 24 8
34 25 3
34 26 10
34 27 7
34 28 6
34 29 10
34 30 7
34 31 10
34 32 4
34 33 7
35 0 3
35 1 2
35 2 3
35 3 3
35 4 2
35 5 3
35 6 10
35 7 5
35 8 2
35 9 4
35 10 6
35 11 5
35 12 1
35 13 2
35 14 7
35 15 8
35 16 7
35 17 6
35 18 4
35 19 8
35 20 6
35 21 6
35 22 9
35 23 4
35 24 3
35 25 1
35 26 1
35 27 2
35 28 7
35 29 6
35 30 10
35 31 7
35 32 1
35 33 6
35 34 1
36 0 10
36 1 10
36 2 7
36 3 7
36 4 9
36 5 1
36 6 5
36 7 5
36 8 7
36 9 10
36 10 3
36 11 4
36 12 3
36 13 2
36 14 2
36 15 9
36 16 6
36 17 6
36 18 10
36 19 5
36 20 2
36 21 3
36 22 9
36 23 9
36 24 1
36 25 2
36 26 2
36 27 9
36 28 1
36 29 3
36 30 3
36 31 1
36 32 3
36 33 2
36 34 8
36 35 3
37 0 8
37 1 9
37 2 10
37 3 2
37 4 9
37 5 7
37 6 2
37 7 5
37 8 6
37 9 10
37 10 2
37 11 10
37 12 9
37 13 8
37 14 6
37 15 2
37 16 9
37 17 4
37 18 5
37 19 10
37 20 9
37 21 7
37 22 5
37 23 7
37 24 2
37 25 3
37 26 5
37 27 7
37 28 4
37 29 2
37 30 10
37 31 2
37 32 7
37 33 8
37 34 3
37 35 8
37 36 8
38 0 6
38 1 3
38 2 5
38 3 9
38 4 3
38 5 10
38 6 1
38 7 10
38 8 6
38 9 4
38 10 4
38 11 9
38 12 2
38 13 5
38 14 1
38 15 6
38 16 2
38 17 9
38 18 9
38 19 4
38 20 8
38 21 7
38 22 3
38 23 10
38 24 2
38 25 10
38 26 6
38 27 1
38 28 3
38 29 8
38 30 10
38 31 6
38 32 2
38 33 1
38 34 9
38 35 8
38 36 5
38 37 4
39 0 9
39 1 5
39 2 3
39 3 1
39 4 10
39 5 7
39 6 4
39 7 7
39 8 10
39 9 6
39 10 1
39 11 10
39 12 5
39 13 1
39 14 4
39 15 5
39 16 6
39 17 1
39 18 7
39 19 4
39 20 8
39 21 4
39 22 6
39 23 1
39 24 3
39 25 6
39 26 6
39 27 5
39 28 6
39 29 10
39 30 8
39 31 7
39 32 8
39 33 8
39 34 9
39 35 4
39 36 2
39 37 9
39 38 5
40 0 4
40 1 4
40 2 4
40 3 10
40 4 9
40 5 1
40 6 3
40 7 4
40 8 4
40 9 3
40 10 4
40 11 4
40 12 9
40 13 4
40 14 1
40 15 1
40 16 8
40 17 5
40 18 7
40 19 10
40 20 7
40 21 2
40 22 2
40 23 2
40 24 8
40 25 8
40 26 8
40 27 2
40 28 7
40 29 1
40 30 8
40 31 6
40 32 8
40 33 9
40 34 6
40 35 6
40 36 3
40 37 6
40 38 8
40 39 8
41 0 3
41 1 3
41 2 9
41 3 6
41 4 2
41 5 9
41 6 7
41 7 2
41 8 1
41 9 7
41 10 5
41 11 4
41 12 2
41 13 9
41 14 5
41 15 2
41 16 7
41 17 2
41 18 3
41 19 1
41 20 4
41 21 8
41 22 9
41 23 3
41 24 9
41 25 6
41 26 5
41 27 2
41 28 9
41 29 9
41 30 5
41 31 8
41 32 7
41 33 1
41 34 8
41 35 9
41 36 9
41 37 6
41 38 3
41 39 8
41 40 8
42 0 6
42 1 2
42 2 4
42 3 1
42 4 3
42 5 8
42 6 3
42 7 5
42 8 4
42 9 8
42 10 4
42 11 1
42 12 8
42 13 2
42 14 4
42 15 5
42 16 10
42 17 9
42 18 6
42 19 10
42 20 4
42 21 4
42 22 10
42 23 4
42 24 7
42 25 10
42 26 7
42 27 2
42 28 1
42 29 2
42 30 1
42 31 9
42 32 10
42 33 10
42 34 10
42 35 4
42 36 4
42 37 8
42 38 2
42 39 3
42 40 9
42 41 2
43 0 2
43 1 8
43 2 3
43 3 7
43 4 6
43 5 8
43 6 4
43 7 2
43 8 9
43 9 10
43 10 6
43 11 4
43 12 7
43 13 8
43 14 6
43 15 10
43 16 2
43 17 6
43 18 4
43 19 1
43 20 8
43 21 4
43 22 10
43 23 1
43 24 6
43 25 5
43 26 8
43 27 6
43 28 4
43 29 7
43 30 6
43 31 9
43 32 9
43 33 5
43 34 2
43 35 3
43 36 2
43 37 8
43 38 5
43 39 5
43 40 6
43 41 4
43 42 9
44 0 1
44 1 9
44 2 5
44 3 2
44 4 10
44 5 2
44 6 9
44 7 6
44 8 5
44 9 4
44 10 2
44 11 10
44 12 4
44 13 2
44 14 9
44 15 2
44 16 8
44 17 9
44 18 6
44 19 1
44 20 1
44 21 4
44 22 9
44 23 9
44 24 3
44 25 2
44 26 1
44 27 1
44 28 1
44 29 7
44 30 9
44 31 10
44 32 3
44 33 1
44 34 3
44 35 8
44 36 1
44 37 8
44 38 6
44 39 6
44 40 8
44 41 9
44 42 7
44 43 3
45 0 6
45 1 10
45 2 5
45 3 6
45 4 8
45 5 2
45 6 3
45 7 3
45 8 2
45 9 1
45 10 5
45 11 10
45 12 6
45 13 10
45 14 5
45 15 10
45 16 8
45 17 10
45 18 4
45 19 8
45 20 3
45 21 10
45 22 5
45 23 4
45 24 6
45 25 1
45 26 3
45 27 8
45 28 9
45 29 2
45 30 9
45 31 5
45 32 2
45 33 5
45 34 4
45 35 5
45 36 1
45 37 9
45 38 8
45 39 8
45 40 8
45 41 9
45 42 9
45 43 1
45 44 1
46 0 10
46 1 7
46 2 9
46 3 1
46 4 8
46 5 7
46 6 4
46 7 2
46 8 6
46 9 4
46 10 3
46 11 5
46 12 2
46 13 7
46 14 3
46 15 9
46 16 6
46 17 7
46 18 3
46 19 4
46 20 6
46 21 9
46 22 4
46 23 6
46 24 3
46 25 1
46 26 5
46 27 4
46 28 8
46 29 1
46 30 6
46 31 8
46 32 3
46 33 3
46 34 4
46 35 3
46 36 6
46 37 3
46 38 7
46 39 10
46 40 4
46 41 2
46 42 2
46 43 4
46 44 10
46 45 2
47 0 10
47 1 9
47 2 9
47 3 2
47 4 1
47 5 8
47 6 3
47 7 1
47 8 6
47 9 8
47 10 8
47 11 5
47 12 5
47 13 2
47 14 4
47 15 9
47 16 5
47 17 2
47 18 9
47 19 5
47 20 4
47 21 1
47 22 8
47 23 3
47 24 9
47 25 1
47 26 6
47 27 9
47 28 6
47 29 2
47 30 5
47 31 9
47 32 10
47 33 4
47 34 5
47 35 1
47 36 5
47 37 9
47 38 4
47 39 9
47 40 1
47 41 2
47 42 9
47 43 8
47 44 5
47 45 9
47 46 4
48 0 8
48 1 1
48 2 7
48 3 1
48 4 10
48 5 8
48 6 8
48 7 7
48 8 10
48 9 2
48 10 4
48 11 8
48 12 8
48 13 9
48 14 8
48 15 1
48 16 1
48 17 1
48 18 8
48 19 10
48 20 6
48 21 10
48 22 5
48 23 5
48 24 3
48 25 6
48 26 5
48 27 7
48 28 6
48 29 2
48 30 4
48 31 8
48 32 8
48 33 9
48 34 6
48 35 4
48 36 4
48 37 3
48 38 5
48 39 1
48 40 7
48 41 4
48 42 6
48 43 8
48 44 3
48 45 1
48 46 3
48 47 4
49 0 4
49 1 7
49 2 6
49 3 4
49 4 2
49 5 7
49 6 9
49 7 7
49 8 8
49 9 6
49 10 9
49 11 1
49 12 8
49 13 4
49 14 6
49 15 5
49 16 4
49 17 2
49 18 5
49 19 5
49 20 3
49 21 5
49 22 4
49 23 1
49 24 7
49 25 3
49 26 8
49 27 3
49 28 2
49 29 4
49 30 1
49 31 5
49 32 1
49 33 4
49 34 10
49 35 3
49 36 7
49 37 5
49 38 9
49 39 2
49 40 9
49 41 9
49 42 4
49 43 1
49 44 4
49 45 7
49 46 5
49 47 9
49 48 7
50 0 1
50 1 7
50 2 6
50 3 2
50 4 9
50 5 10
50 6 10
50 7 9
50 8 8
50 9 2
50 10 7
50 11 7
50 12 2
50 13 4
50 14 1
50 15 5
50 16 9
50 17 6
50 18 2
50 19 3
50 20 5
50 21 6
50 22 2
50 23 5
50 24 10
50 25 1
50 26 10
50 27 4
50 28 8
50 29 3
50 30 10
50 31 2
50 32 3
50 33 4
50 34 6
50 35 10
50 36 9
50 37 5
50 38 1
50 39 5
50 40 1
50 41 1
50 42 10
50 43 8
50 44 7
50 45 4
50 46 5
50 47 9
50 48 7
50 49 5
51 0 8
51 1 2
51 2 8
51 3 2
51 4 9
51 5 5
51 6 8
51 7 3
51 8 7
51 9 6
51 10 2
51 11 8
51 12 2
51 13 4
51 14 4
51 15 8
51 16 8
51 17 6
51 18 2
51 19 2
51 20 2
51 21 10
51 22 4
51 23 3
51 24 3
51 25 6
51 26 9
51 27 6
51 28 8
51 29 5
51 30 3
51 31 5
51 32 2
51 33 10
51 34 4
51 35 8
51 36 8
51 37 9
51 38 10
51 39 2
51 40 2
51 41 9
51 42 1
51 43 10
51 44 5
51 45 7
51 46 5
51 47 8
51 48 5
51 49 6
51 50 8
52 0 4
52 1 6
52 2 9
52 3 4
52 4 3
52 5 10
52 6 7
52 7 2
52 8 9
52 9 3
52 10 10
52 11 1
52 12 6
52 13 6
52 14 3
52 15 2
52 16 10
52 17 9
52 18 8
52 19 9
52 20 6
52 21 6
52 22 10
52 23 7
52 24 9
52 25 2
52 26 5
52 27 1
52 28 9
52 29 9
52 30 7
52 31 9
52 32 3
52 33 10
52 34 2
52 35 7
52 36 10
52 37 1
52 38 2
52 39 2
52 40 1
52 41 9
52 42 2
52 43 2
52 44 2
52 45 7
52 46 9
52 47 2
52 48 9
52 49 5
52 50 2
52 51 10
53 0 7
53 1 5
53 2 2
53 3 8
53 4 8
53 5 7
53 6 1
53 7 5
53 8 4
53 9 1
53 10 8
53 11 3
53 12 3
53 13 10
53 14 7
53 15 9
53 16 10
53 17 5
53 18 3
53 19 7
53 20 4
53 21 8
53 22 4
53 23 3
53 24 3
53 25 1
53 26 3
53 27 8
53 28 7
53 29 6
53 30 9
53 31 4
53 32 1
53 33 1
53 34 10
53 35 7
53 36 1
53 37 3
53 38 7
53 39 5
53 40 4
53 41 3
53 42 8
53 43 6
53 44 5
53 45 10
53 46 5
53 47 7
53 48 2
53 49 3
53 50 4
53 51 10
53 52 9
54 0 8
54 1 3
54 2 2
54 3 7
54 4 5
54 5 4
54 6 3
54 7 6
54 8 9
54 9 9
54 10 8
54 11 1
54 12 2
54 13 3
54 14 8
54 15 10
54 16 9
54 17 8
54 18 9
54 19 1
54 20 3
54 21 2
54 22 7
54 23 10
54 24 1
54 25 6
54 26 8
54 27 9
54 28 8
54 29 2
54 30 3
54 31 7
54 32 5
54 33 8
54 34 1
54 35 8
54 36 8
54 37 6
54 38 9
54 39 6
54 40 7
54 41 9
54 42 10
54 43 3
54 44 1
54 45 4
54 46 5
54 47 2
54 48 7
54 49 5
54 50 4
54 51 7
54 52 7
54 53 10
55 0 5
55 1 6
55 2 6
55 3 1
55 4 4
55 5 8
55 6 5
55 7 5
55 8 10
55 9 8
55 10 3
55 11 7
55 12 6
55 13 10
55 14 1
55 15 3
55 16 4
55 17 2
55 18 5
55 19 10
55 20 9
55 21 2
55 22 6
55 23 7
55 24 8
55 25 8
55 26 6
55 27 8
55 28 7
55 29 7
55 30 1
55 31 4
55 32 2
55 33 10
55 34 3
55 35 6
55 36 4
55 37 9
55 38 4
55 39 10
55 40 6
55 41 5
55 42 4
55 43 6
55 44 2
55 45 8
55 46 7
55 47 10
55 48 6
55 49 2
55 50 9
55 51 7
55 52 1
55 53 2
55 54 6
56 0 10
56 1 6
56 2 9
56 3 7
56 4 4
56 5 6
56 6 9
56 7 5
56 8 7
56 9 6
56 10 2
56 11 5
56 12 2
56 13 5
56 14 2
56 15 2
56 16 6
56 17 7
56 18 5
56 19 2
56 20 5
56 21 6
56 22 6
56 23 7
56 24 4
56 25 9
56 26 5
56 27 4
56 28 6
56 29 1
56 30 5
56 31 9
56 32 2
56 33 9
56 34 9
56 35 8
56 36 2
56 37 6
56 38 6
56 39 3
56 40 9
56 41 8
56 42 7
56 43 6
56 44 3
56 45 6
56 46 5
56 47 7
56 48 2
56 49 5
56 50 4
56 51 3
56 52 8
56 53 1
56 54 4
56 55 5
57 0 3
57 1 3
57 2 9
57 3 8
57 4 9
57 5 4
57 6 5
57 7 10
57 8 2
57 9 6
57 10 3
57 11 3
57 12 8
57 13 10
57 14 5
57 15 1
57 16 8
57 17 5
57 18 5
57 19 2
57 20 1
57 21 5
57 22 10
57 23 1
57 24 3
57 25 7
57 26 9
57 27 3
57 28 10
57 29 4
57 30 6
57 31 5
57 32 2
57 33 6
57 34 8
57 35 7
57 36 9
57 37 10
57 38 9
57 39 9
57 40 10
57 41 9
57 42 7
57 43 9
57 44 7
57 45 2
57 46 2
57 47 6
57 48 2
57 49 3
57 50 1
57 51 4
57 52 8
57 53 4
57 54 2
57 55 3
57 56 6
58 0 2
58 1 8
58 2 5
58 3 2
58 4 5
58 5 4
58 6 6
58 7 9
58 8 9
58 9 1
58 10 5
58 11 9
58 12 6
58 13 2
58 14 10
58 15 8
58 16 4
58 17 4
58 18 5
58 19 9
58 20 9
58 21 9
58 22 9
58 23 6
58 24 8
58 25 9
58 26 3
58 27 9
58 28 7
58 29 2
58 30 8
58 31 6
58 32 1
58 33 10
58 34 7
58 35 5
58 36 3
58 37 4
58 38 9
58 39 7
58 40 8
58 41 9
58 42 9
58 43 8
58 44 6
58 45 1
58 46 5
58 47 4
58 48 2
58 49 2
58 50 6
58 51 5
58 52 5
58 53 9
58 54 9
58 55 9
58 56 10
58 57 1
59 0 7
59 1 7
59 2 2
59 3 2
59 4 7
59 5 2
59 6 2
59 7 10
59 8 1
59 9 10
59 10 7
59 11 6
59 12 4
59 13 9
59 14 8
59 15 3
59 16 10
59 17 10
59 18 2
59 19 2
59 20 7
59 21 7
59 22 6
59 23 3
59 24 10
59 25 9
59 26 5
59 27 2
59 28 5
59 29 10
59 30 5
59 31 8
59 32 2
59 33 1
59 34 4
59 35 9
59 36 3
59 37 5
59 38 1
59 39 7
59 40 8
59 41 6
59 42 10
59 43 8
59 44 4
59 45 9
59 46 1
59 47 1
59 48 8
59 49 1
59 50 6
59 51 10
59 52 2
59 53 6
59 54 9
59 55 10
59 56 2
59 57 1
59 58 4
