42
2 1 4
4 0 4
4 1 8
4 2 1
4 3 7
5 0 1
5 2 1
5 4 14
6 5 9
7 3 4
7 5 1
7 6 13
8 0 11
8 1 5
8 2 5
8 5 15
9 0 8
9 2 16
9 5 5
9 7 10
9 8 10
10 7 7
11 1 1
11 2 1
11 6 6
11 9 13
11 10 3
12 0 7
12 1 4
12 2 13
12 6 8
12 9 1
12 10 9
13 4 2
13 5 3
13 8 8
13 10 12
14 0 2
14 1 13
14 2 6
14 4 1
14 6 8
14 7 12
14 9 8
14 11 4
14 13 10
15 0 4
15 2 10
15 3 8
15 7 14
15 11 15
16 0 14
16 1 9
16 7 9
16 8 5
16 11 4
16 12 8
16 13 7
17 2 4
17 8 7
17 11 12
17 13 12
17 14 16
17 16 5
18 0 8
18 1 7
18 3 6
18 4 5
18 5 11
18 6 8
18 7 12
18 9 5
18 11 10
18 15 16
18 17 13
19 0 5
19 3 1
19 5 14
19 8 4
19 9 14
19 10 16
19 12 3
19 15 12
19 16 10
20 1 4
20 4 2
20 6 7
20 7 6
20 10 1
20 14 10
20 15 3
20 16 14
20 17 4
20 18 9
21 1 8
21 3 7
21 4 16
21 5 5
21 8 1
21 10 9
21 11 5
21 13 4
21 16 4
21 19 7
22 0 1
22 1 2
22 2 12
22 4 6
22 5 15
22 6 2
22 7 7
22 10 15
22 13 12
22 14 5
22 15 12
22 16 12
22 17 2
22 21 1
23 1 9
23 2 6
23 3 7
23 4 9
23 5 5
23 6 13
23 7 8
23 9 6
23 10 15
23 11 14
23 12 7
23 13 4
23 14 3
23 15 8
23 17 4
23 19 15
23 20 15
24 1 9
24 2 2
24 3 7
24 4 13
24 8 6
24 9 3
24 10 13
24 11 9
24 13 16
24 15 10
24 19 7
24 21 12
24 22 10
24 23 5
25 0 1
25 2 4
25 3 14
25 6 7
25 7 5
25 8 7
25 10 3
25 11 8
25 15 7
25 18 2
25 19 10
25 21 5
25 23 10
25 24 5
26 1 16
26 4 7
26 5 10
26 7 16
26 8 6
26 9 14
26 10 16
26 14 1
26 17 5
26 19 13
26 20 8
26 22 12
26 23 11
26 25 2
27 0 4
27 2 13
27 6 9
27 9 3
27 11 11
27 12 6
27 13 14
27 15 2
27 21 4
27 22 7
27 24 3
27 25 2
27 26 5
28 0 14
28 3 4
28 5 4
28 7 7
28 8 10
28 9 16
28 11 9
28 12 6
28 15 3
28 18 4
28 23 13
28 24 7
28 25 8
28 26 11
28 27 4
29 1 5
29 2 8
29 5 13
29 9 6
29 10 10
29 11 10
29 12 16
29 17 16
29 21 6
29 22 8
29 26 6
30 0 9
30 4 16
30 6 9
30 10 5
30 11 2
30 13 9
30 15 3
30 16 13
30 17 6
30 18 15
30 20 2
30 21 16
30 22 9
30 26 9
30 29 16
31 0 16
31 1 14
31 2 12
31 5 13
31 7 2
31 8 6
31 9 13
31 13 11
31 14 1
31 15 8
31 20 1
31 23 7
31 27 9
31 28 1
32 1 11
32 2 9
32 8 2
32 9 3
32 12 16
32 15 1
32 16 3
32 17 1
32 18 11
32 19 15
32 20 10
32 21 11
32 22 5
32 23 9
32 24 4
32 25 14
32 26 16
32 28 2
32 29 11
33 3 14
33 4 8
33 5 7
33 6 10
33 8 4
33 9 12
33 10 7
33 12 6
33 13 7
33 14 1
33 15 5
33 16 13
33 18 6
33 22 1
33 25 13
33 26 16
33 28 4
33 29 6
33 32 14
34 0 1
34 1 15
34 2 4
34 4 4
34 6 11
34 8 11
34 10 11
34 11 9
34 14 6
34 16 16
34 17 14
34 20 13
34 21 4
34 22 3
34 23 10
34 24 11
34 28 5
34 29 2
34 31 5
35 1 9
35 2 11
35 5 2
35 6 9
35 10 16
35 11 7
35 15 14
35 17 4
35 18 1
35 21 1
35 22 16
35 25 15
35 26 2
35 27 11
35 29 14
35 32 16
35 33 8
35 34 5
36 2 11
36 4 7
36 7 2
36 10 1
36 13 15
36 14 8
36 15 14
36 16 4
36 17 12
36 18 3
36 22 13
36 26 2
36 27 16
36 29 2
36 30 4
36 31 16
36 33 9
36 35 3
37 1 15
37 4 12
37 5 5
37 8 6
37 10 1
37 12 5
37 13 8
37 14 13
37 15 9
37 16 4
37 17 10
37 20 5
37 22 16
37 25 1
37 27 9
37 29 8
37 32 2
37 34 1
38 2 13
38 4 8
38 9 4
38 12 16
38 15 12
38 16 13
38 18 13
38 22 13
38 23 9
38 26 4
38 27 11
38 28 3
38 29 9
38 30 11
38 32 9
38 34 9
38 36 10
39 2 14
39 4 2
39 6 13
39 10 16
39 11 14
39 12 15
39 13 5
39 14 6
39 15 11
39 16 3
39 18 13
39 19 7
39 21 6
39 23 12
39 24 14
39 26 12
39 27 14
39 28 9
39 31 15
39 32 11
39 33 16
39 34 5
39 36 14
39 37 2
39 38 14
40 3 11
40 5 10
40 6 10
40 8 8
40 9 4
40 11 5
40 14 15
40 19 12
40 21 16
40 26 14
40 28 13
40 29 1
40 31 4
40 35 16
40 37 6
41 0 7
41 1 9
41 3 2
41 4 7
41 5 10
41 6 8
41 9 3
41 10 10
41 11 6
41 12 9
41 13 5
41 14 5
41 16 8
41 17 5
41 18 10
41 19 16
41 20 2
41 21 2
41 22 10
41 24 13
41 25 16
41 27 2
41 28 12
41 30 5
41 31 12
41 32 1
41 37 15
41 39 3
41 40 9
