53
2 0 22
2 1 11
3 0 28
3 1 16
3 2 31
4 0 15
4 1 16
4 3 8
5 0 11
5 1 13
5 3 25
6 2 1
6 3 30
6 5 33
7 0 34
7 1 27
7 2 15
7 3 23
8 0 32
8 1 31
8 2 2
8 3 9
8 4 28
9 0 33
9 1 28
9 3 1
10 4 39
10 5 15
10 6 26
10 8 4
11 2 17
11 3 5
11 5 18
11 7 39
11 9 32
12 0 35
12 4 29
12 6 2
12 7 3
12 10 38
12 11 2
13 0 33
13 5 15
13 6 23
13 8 1
13 12 33
14 1 15
14 2 18
14 9 14
14 10 37
14 11 37
15 0 31
15 6 3
15 8 38
15 10 16
15 11 9
15 13 23
15 14 6
16 3 29
16 6 16
16 7 4
16 8 38
16 14 20
16 15 5
17 1 30
17 2 27
17 5 21
17 8 31
17 13 40
17 15 15
17 16 4
18 1 26
18 2 20
18 3 4
18 4 12
18 11 30
18 12 35
19 1 11
19 8 32
19 9 37
19 10 9
19 12 21
19 13 35
19 14 11
19 15 16
19 16 7
19 18 36
20 1 24
20 6 36
20 7 35
20 12 15
20 13 4
20 14 30
20 15 16
20 18 29
20 19 12
21 0 39
21 1 22
21 2 15
21 5 23
21 6 8
21 7 41
21 8 27
21 10 32
21 11 21
21 14 5
21 19 12
21 20 34
22 0 35
22 3 16
22 4 5
22 5 7
22 8 14
22 9 10
22 10 38
22 11 16
22 18 14
23 0 21
23 3 30
23 4 29
23 5 6
23 7 37
23 9 39
23 12 22
23 14 41
23 15 21
23 19 21
23 21 2
23 22 16
24 0 28
24 2 33
24 7 39
24 8 38
24 11 2
24 12 11
24 14 40
24 18 21
25 0 10
25 1 27
25 2 23
25 5 19
25 8 13
25 9 12
25 10 2
25 11 3
25 13 36
25 14 9
25 18 5
25 21 23
25 22 14
26 1 11
26 2 37
26 3 3
26 4 6
26 5 39
26 6 37
26 8 8
26 9 27
26 10 40
26 11 19
26 14 25
26 16 6
26 21 12
26 23 21
27 2 34
27 3 16
27 7 15
27 12 27
27 13 34
27 14 24
27 15 3
27 16 15
27 19 24
27 23 8
27 26 31
28 2 6
28 3 27
28 10 23
28 11 12
28 12 24
28 13 39
28 14 10
28 16 20
28 19 16
28 20 41
28 21 11
28 23 24
28 24 18
28 26 26
28 27 40
29 0 20
29 2 18
29 4 10
29 10 18
29 12 2
29 13 33
29 17 22
29 21 10
29 23 32
29 25 10
29 26 15
29 27 12
30 1 28
30 4 11
30 5 6
30 9 8
30 10 19
30 14 27
30 15 33
30 17 21
30 18 28
30 19 31
30 27 39
30 29 20
31 2 2
31 3 7
31 4 2
31 8 1
31 13 33
31 14 22
31 17 26
31 19 8
31 20 29
31 23 26
31 26 38
31 28 17
31 29 14
31 30 19
32 1 29
32 4 17
32 8 25
32 10 22
32 11 9
32 13 11
32 16 24
32 18 37
32 20 10
32 23 37
32 26 4
32 28 12
32 31 5
33 0 2
33 2 23
33 8 7
33 12 9
33 13 5
33 14 36
33 15 28
33 16 13
33 18 15
33 20 15
33 21 17
33 22 4
33 23 28
33 25 18
33 30 12
33 31 41
34 2 4
34 3 38
34 4 40
34 6 16
34 7 5
34 9 7
34 10 1
34 11 35
34 14 28
34 15 2
34 17 17
34 19 1
34 22 24
34 23 15
34 26 21
34 30 16
34 31 34
35 1 34
35 3 26
35 4 17
35 5 11
35 7 38
35 8 12
35 9 7
35 11 31
35 14 22
35 16 7
35 17 17
35 19 6
35 21 35
35 22 27
35 25 22
35 26 8
35 28 32
35 29 31
35 30 29
35 32 20
35 33 24
36 0 10
36 4 1
36 7 36
36 10 38
36 15 20
36 17 34
36 19 27
36 22 9
36 23 41
36 27 24
36 29 34
36 30 31
36 35 41
37 3 36
37 4 31
37 6 20
37 9 12
37 10 16
37 12 5
37 13 17
37 15 5
37 16 5
37 17 32
37 18 20
37 20 28
37 29 5
37 33 33
37 34 35
37 35 31
38 2 11
38 4 33
38 6 40
38 8 24
38 10 34
38 12 31
38 13 31
38 14 16
38 15 18
38 20 12
38 22 23
38 24 40
38 28 34
38 31 28
38 32 22
38 37 9
39 2 15
39 4 11
39 7 31
39 8 32
39 9 17
39 11 19
39 15 21
39 17 39
39 18 25
39 19 31
39 20 23
39 22 39
39 23 10
39 25 33
39 26 39
39 27 35
39 28 16
39 34 28
39 36 25
39 37 20
40 0 2
40 4 25
40 5 3
40 7 28
40 8 39
40 10 24
40 14 7
40 16 28
40 18 28
40 19 19
40 22 16
40 23 19
40 26 24
40 28 39
40 29 8
40 30 1
40 31 2
40 32 37
40 33 34
40 34 37
40 35 16
40 37 19
41 1 20
41 2 18
41 3 27
41 4 39
41 5 10
41 6 26
41 7 33
41 8 27
41 10 18
41 13 25
41 19 21
41 23 8
41 24 40
41 25 27
41 27 30
41 34 17
41 35 33
41 36 20
41 37 40
41 39 30
42 0 27
42 3 35
42 5 34
42 7 22
42 11 22
42 13 20
42 14 17
42 15 1
42 16 16
42 17 27
42 19 31
42 20 23
42 21 15
42 23 29
42 24 36
42 31 10
42 32 7
42 33 13
42 34 38
42 35 30
42 38 8
43 0 24
43 2 27
43 6 21
43 9 16
43 12 16
43 13 12
43 14 33
43 16 22
43 18 24
43 19 21
43 21 36
43 24 41
43 25 16
43 26 38
43 28 33
43 30 9
43 31 4
43 33 13
43 34 35
43 35 5
43 37 33
43 38 21
43 39 15
43 41 9
43 42 41
44 0 10
44 1 37
44 6 31
44 11 2
44 12 15
44 13 14
44 14 12
44 15 27
44 16 3
44 20 40
44 23 40
44 24 12
44 25 7
44 27 20
44 34 20
44 35 12
44 36 2
44 42 38
44 43 36
45 4 22
45 5 18
45 9 39
45 10 2
45 11 10
45 12 17
45 15 31
45 16 2
45 18 30
45 19 2
45 20 35
45 24 38
45 26 35
45 28 10
45 29 10
45 30 35
45 31 5
45 35 30
45 37 33
45 39 39
46 11 36
46 12 3
46 13 34
46 15 12
46 17 29
46 19 24
46 20 21
46 22 26
46 23 34
46 25 11
46 26 37
46 29 38
46 33 13
46 34 3
46 35 23
46 36 23
46 37 29
46 40 36
46 41 24
46 43 9
46 44 2
46 45 23
47 0 9
47 1 14
47 4 6
47 5 16
47 6 34
47 9 17
47 14 9
47 17 31
47 22 29
47 23 16
47 25 19
47 26 5
47 27 40
47 31 8
47 35 11
47 39 17
47 40 39
47 42 41
47 45 36
48 1 24
48 2 12
48 3 22
48 5 7
48 7 22
48 9 32
48 11 5
48 14 8
48 15 10
48 17 31
48 19 32
48 21 21
48 22 39
48 23 13
48 25 7
48 27 22
48 30 23
48 31 15
48 33 37
48 34 38
48 36 2
48 37 21
48 38 30
48 39 8
48 42 36
48 43 41
48 45 9
49 0 23
49 1 29
49 2 8
49 9 3
49 10 35
49 14 11
49 16 38
49 18 26
49 19 25
49 21 18
49 22 16
49 23 9
49 24 40
49 25 35
49 26 20
49 28 9
49 35 28
49 36 12
49 38 6
49 42 7
49 43 2
49 44 16
49 48 13
50 1 24
50 2 41
50 3 27
50 4 7
50 5 32
50 7 1
50 11 29
50 12 4
50 13 27
50 14 24
50 17 21
50 18 2
50 21 7
50 25 4
50 26 7
50 29 10
50 31 35
50 33 7
50 35 17
50 41 34
50 42 19
50 43 30
50 44 10
50 45 39
50 46 12
50 48 10
50 49 8
51 0 15
51 2 39
51 3 36
51 4 29
51 5 25
51 7 2
51 10 12
51 11 14
51 12 21
51 13 2
51 14 34
51 17 35
51 18 27
51 19 14
51 20 8
51 21 24
51 22 1
51 23 16
51 25 9
51 28 23
51 30 2
51 31 7
51 32 39
51 35 20
51 37 33
51 38 20
51 39 39
51 40 23
51 45 1
51 47 2
51 50 5
52 0 9
52 1 19
52 2 32
52 7 9
52 8 31
52 11 39
52 13 32
52 14 23
52 16 28
52 17 29
52 20 20
52 28 24
52 34 4
52 35 35
52 39 5
52 41 37
52 43 34
52 46 16
52 47 11
