39
1 0 29
2 0 5
2 1 35
3 0 16
3 1 42
3 2 12
4 0 12
4 1 14
4 2 3
4 3 51
5 0 55
5 1 9
5 2 41
5 3 10
5 4 19
6 0 3
6 1 49
6 2 2
6 3 27
6 4 15
6 5 24
7 0 9
7 1 54
7 2 51
7 3 7
7 4 8
7 5 4
7 6 21
8 0 55
8 1 58
8 2 36
8 3 56
8 4 42
8 5 36
8 6 20
8 7 14
9 0 42
9 1 49
9 2 7
9 3 44
9 4 36
9 5 27
9 6 5
9 7 17
9 8 32
10 0 45
10 1 61
10 2 20
10 3 35
10 4 16
10 5 13
10 6 47
10 7 9
10 8 44
10 9 54
11 0 25
11 1 41
11 2 54
11 3 60
11 4 52
11 5 15
11 6 50
11 7 44
11 8 50
11 9 14
11 10 44
12 0 46
12 1 30
12 2 10
12 3 59
12 4 21
12 5 25
12 6 61
12 7 44
12 8 5
12 9 49
12 10 3
12 11 54
13 0 2
13 1 37
13 2 49
13 3 46
13 4 18
13 5 27
13 6 41
13 7 40
13 8 29
13 9 15
13 10 16
13 11 56
13 12 31
14 0 31
14 1 40
14 2 18
14 3 40
14 4 8
14 5 2
14 6 11
14 7 59
14 8 25
14 9 22
14 10 2
14 11 10
14 12 48
14 13 7
15 0 50
15 1 60
15 2 11
15 3 14
15 4 38
15 5 24
15 6 3
15 7 45
15 8 20
15 9 5
15 10 50
15 11 51
15 12 26
15 13 19
15 14 49
16 0 16
16 1 7
16 2 53
16 3 9
16 4 16
16 5 23
16 6 57
16 7 27
16 8 38
16 9 35
16 10 54
16 11 37
16 12 18
16 13 47
16 14 24
16 15 43
17 0 54
17 1 2
17 2 26
17 3 33
17 4 52
17 5 4
17 6 57
17 7 8
17 8 15
17 9 7
17 10 20
17 11 33
17 12 19
17 13 15
17 14 10
17 15 44
17 16 15
18 0 51
18 1 26
18 2 9
18 3 4
18 4 27
18 5 27
18 6 29
18 7 19
18 8 11
18 9 22
18 10 41
18 11 55
18 12 4
18 13 36
18 14 3
18 15 35
18 16 29
18 17 51
19 0 27
19 1 42
19 2 3
19 3 28
19 4 14
19 5 6
19 6 12
19 7 16
19 8 3
19 9 50
19 10 47
19 11 7
19 12 33
19 13 13
19 14 35
19 15 55
19 16 4
19 17 6
19 18 60
20 0 45
20 1 44
20 2 20
20 3 33
20 4 20
20 5 48
20 6 11
20 7 30
20 8 7
20 9 24
20 10 57
20 11 40
20 12 28
20 13 24
20 14 34
20 15 53
20 16 58
20 17 21
20 18 3
20 19 15
21 0 49
21 1 13
21 2 12
21 3 44
21 4 39
21 5 17
21 6 41
21 7 34
21 8 25
21 9 21
21 10 34
21 11 12
21 12 1
21 13 8
21 14 60
21 15 9
21 16 60
21 17 25
21 18 21
21 19 4
21 20 24
22 0 39
22 1 20
22 2 12
22 3 36
22 4 37
22 5 36
22 6 50
22 7 42
22 8 45
22 9 60
22 10 13
22 11 43
22 12 59
22 13 36
22 14 32
22 15 54
22 16 10
22 17 54
22 18 30
22 19 45
22 20 55
22 21 2
23 0 42
23 1 25
23 2 41
23 3 50
23 4 5
23 5 56
23 6 56
23 7 1
23 8 49
23 9 61
23 10 42
23 11 53
23 12 33
23 13 46
23 14 40
23 15 21
23 16 57
23 17 26
23 18 36
23 19 10
23 20 59
23 21 42
23 22 1
24 0 36
24 1 61
24 2 41
24 3 13
24 4 55
24 5 8
24 6 23
24 7 50
24 8 33
24 9 6
24 10 6
24 11 7
24 12 49
24 13 42
24 14 17
24 15 15
24 16 19
24 17 29
24 18 53
24 19 9
24 20 38
24 21 27
24 22 48
24 23 2
25 0 55
25 1 39
25 2 32
25 3 39
25 4 16
25 5 60
25 6 38
25 7 29
25 8 27
25 9 1
25 10 48
25 11 57
25 12 50
25 13 61
25 14 49
25 15 59
25 16 51
25 17 46
25 18 24
25 19 36
25 20 25
25 21 10
25 22 57
25 23 34
25 24 7
26 0 12
26 1 23
26 2 52
26 3 47
26 4 50
26 5 3
26 6 57
26 7 8
26 8 22
26 9 7
26 10 51
26 11 37
26 12 56
26 13 41
26 14 30
26 15 8
26 16 6
26 17 2
26 18 61
26 19 56
26 20 61
26 21 34
26 22 46
26 23 26
26 24 22
26 25 3
27 0 19
27 1 52
27 2 22
27 3 39
27 4 56
27 5 5
27 6 6
27 7 34
27 8 41
27 9 43
27 10 17
27 11 33
27 12 51
27 13 48
27 14 13
27 15 16
27 16 2
27 17 21
27 18 23
27 19 27
27 20 56
27 21 36
27 22 9
27 23 28
27 24 52
27 25 47
27 26 6
28 0 25
28 1 38
28 2 49
28 3 38
28 4 16
28 5 12
28 6 12
28 7 16
28 8 8
28 9 56
28 10 56
28 11 61
28 12 17
28 13 4
28 14 14
28 15 48
28 16 7
28 17 10
28 18 39
28 19 40
28 20 9
28 21 38
28 22 31
28 23 29
28 24 9
28 25 1
28 26 50
28 27 3
29 0 30
29 1 24
29 2 26
29 3 60
29 4 34
29 5 55
29 6 36
29 7 56
29 8 57
29 9 29
29 10 32
29 11 48
29 12 25
29 13 22
29 14 31
29 15 3
29 16 20
29 17 49
29 18 43
29 19 23
29 20 34
29 21 57
29 22 43
29 23 9
29 24 9
29 25 10
29 26 15
29 27 34
29 28 48
30 0 2
30 1 5
30 2 23
30 3 6
30 4 39
30 5 37
30 6 42
30 7 44
30 8 17
30 9 43
30 10 58
30 11 45
30 12 30
30 13 5
30 14 22
30 15 46
30 16 55
30 17 1
30 18 23
30 19 37
30 20 33
30 21 13
30 22 49
30 23 50
30 24 31
30 25 18
30 26 50
30 27 6
30 28 7
30 29 59
31 0 49
31 1 16
31 2 57
31 3 2
31 4 1
31 5 56
31 6 22
31 7 49
31 8 18
31 9 20
31 10 36
31 11 29
31 12 24
31 13 25
31 14 12
31 15 30
31 16 36
31 17 58
31 18 42
31 19 6
31 20 47
31 21 17
31 22 35
31 23 44
31 24 8
31 25 8
31 26 4
31 27 18
31 28 3
31 29 19
31 30 23
32 0 30
32 1 55
32 2 32
32 3 61
32 4 53
32 5 48
32 6 26
32 7 46
32 8 28
32 9 35
32 10 41
32 11 23
32 12 50
32 13 36
32 14 44
32 15 55
32 16 49
32 17 58
32 18 28
32 19 3
32 20 5
32 21 18
32 22 59
32 23 26
32 24 10
32 25 27
32 26 10
32 27 28
32 28 16
32 29 16
32 30 55
32 31 5
33 0 13
33 1 47
33 2 50
33 3 31
33 4 31
33 5 12
33 6 8
33 7 5
33 8 8
33 9 35
33 10 7
33 11 39
33 12 27
33 13 8
33 14 50
33 15 56
33 16 46
33 17 24
33 18 32
33 19 8
33 20 61
33 21 1
33 22 50
33 23 32
33 24 45
33 25 30
33 26 10
33 27 45
33 28 33
33 29 28
33 30 48
33 31 7
33 32 13
34 0 6
34 1 44
34 2 25
34 3 46
34 4 61
34 5 42
34 6 22
34 7 37
34 8 24
34 9 7
34 10 25
34 11 57
34 12 35
34 13 15
34 14 11
34 15 53
34 16 2
34 17 25
34 18 35
34 19 56
34 20 34
34 21 47
34 22 53
34 23 57
34 24 22
34 25 11
34 26 51
34 27 29
34 28 55
34 29 57
34 30 55
34 31 31
34 32 5
34 33 23
35 0 56
35 1 24
35 2 55
35 3 3
35 4 61
35 5 8
35 6 48
35 7 33
35 8 28
35 9 56
35 10 7
35 11 10
35 12 59
35 13 39
35 14 51
35 15 26
35 16 9
35 17 57
35 18 53
35 19 37
35 20 42
35 21 45
35 22 6
35 23 9
35 24 15
35 25 35
35 26 50
35 27 30
35 28 57
35 29 5
35 30 3
35 31 40
35 32 15
35 33 26
35 34 12
36 0 41
36 1 25
36 2 31
36 3 46
36 4 43
36 5 57
36 6 17
36 7 11
36 8 31
36 9 27
36 10 40
36 11 10
36 12 13
36 13 24
36 14 28
36 15 49
36 16 12
36 17 2
36 18 49
36 19 23
36 20 3
36 21 42
36 22 37
36 23 2
36 24 58
36 25 34
36 26 10
36 27 9
36 28 13
36 29 14
36 30 11
36 31 29
36 32 36
36 33 46
36 34 15
36 35 18
37 0 36
37 1 60
37 2 16
37 3 7
37 4 6
37 5 29
37 6 47
37 7 35
37 8 52
37 9 21
37 10 18
37 11 47
37 12 37
37 13 33
37 14 36
37 15 12
37 16 8
37 17 43
37 18 51
37 19 36
37 20 17
37 21 30
37 22 19
37 23 58
37 24 50
37 25 59
37 26 27
37 27 11
37 28 40
37 29 33
37 30 49
37 31 4
37 32 58
37 33 30
37 34 40
37 35 52
37 36 51
38 0 9
38 1 17
38 2 22
38 3 60
38 4 4
38 5 48
38 6 29
38 7 14
38 8 61
38 9 31
38 10 28
38 11 61
38 12 24
38 13 5
38 14 29
38 15 7
38 16 39
38 17 36
38 18 11
38 19 19
38 20 30
38 21 43
38 22 23
38 23 40
38 24 16
38 25 37
38 26 56
38 27 33
38 28 41
38 29 55
38 30 33
38 31 54
38 32 30
38 33 3
38 34 17
38 35 1
38 36 29
38 37 2
