23
2 1 30
3 0 10
3 2 27
4 1 43
4 2 19
5 0 1
5 2 9
6 0 6
6 1 37
6 2 38
6 3 36
6 4 42
7 0 35
7 1 33
7 3 7
7 5 15
7 6 34
8 1 30
8 3 35
8 5 11
8 6 4
8 7 17
9 5 6
9 6 20
9 8 22
10 0 22
10 3 43
10 5 17
10 7 35
10 8 4
10 9 2
11 2 16
11 4 34
11 6 19
11 7 1
11 9 28
11 10 21
12 0 41
12 4 3
12 5 17
12 7 5
12 9 12
12 11 21
13 0 25
13 1 35
13 10 38
13 11 10
14 0 20
14 3 16
14 5 7
14 6 14
14 7 31
14 10 27
14 12 1
15 1 19
15 5 2
15 8 9
15 9 6
15 10 14
15 11 22
15 13 36
16 3 43
16 4 6
16 5 4
16 7 39
16 9 8
16 10 37
16 12 7
16 13 23
16 14 12
17 0 37
17 1 39
17 4 17
17 10 43
17 12 40
17 13 10
17 15 24
17 16 3
18 0 11
18 1 16
18 2 18
18 4 4
18 5 24
18 9 2
18 11 12
18 12 40
18 16 17
18 17 6
19 1 13
19 3 45
19 4 34
19 5 38
19 8 12
19 9 38
19 10 36
19 11 4
19 12 38
19 13 39
19 16 12
19 18 36
20 1 2
20 4 6
20 5 28
20 6 14
20 7 25
20 9 31
20 11 1
20 13 44
20 14 3
20 15 29
20 17 2
20 18 3
20 19 13
21 1 5
21 2 10
21 3 1
21 4 42
21 5 11
21 8 19
21 9 38
21 11 11
21 12 44
21 13 22
21 15 29
21 17 16
21 18 42
21 19 21
22 1 4
22 2 41
22 6 18
22 12 30
22 14 1
22 15 23
22 16 33
22 17 31
22 20 23
22 21 45
