40
1 0 12
2 1 20
3 1 25
4 1 14
4 2 21
4 3 22
5 0 19
5 2 35
5 4 6
6 4 6
6 5 37
7 0 33
7 3 40
7 4 10
7 5 40
7 6 29
8 7 27
9 0 26
9 3 28
9 4 11
9 5 41
9 7 7
9 8 32
10 1 3
10 3 26
10 5 5
10 7 13
10 8 2
10 9 5
11 5 35
11 6 8
11 10 33
12 0 31
12 1 42
12 2 3
12 4 21
12 5 15
12 7 29
12 9 22
12 10 19
13 0 3
13 1 27
13 5 3
13 7 19
13 9 33
13 10 11
13 11 30
13 12 2
14 2 29
14 5 5
14 6 2
14 8 26
14 9 24
14 11 40
14 12 32
14 13 26
15 2 6
15 6 28
15 9 5
15 11 12
15 12 12
15 13 42
15 14 8
16 2 28
16 3 3
16 4 10
16 6 44
16 8 18
16 10 5
16 12 38
16 14 43
16 15 19
17 0 19
17 1 7
17 2 27
17 3 14
17 4 39
17 7 27
17 8 6
17 10 29
17 11 28
17 14 38
17 15 22
18 0 40
18 2 13
18 5 12
18 6 21
18 8 16
18 15 30
18 16 23
19 1 36
19 2 31
19 3 18
19 5 30
19 6 16
19 7 20
19 8 29
19 9 33
19 10 40
19 11 3
19 12 44
19 16 3
19 17 31
20 1 23
20 3 30
20 4 27
20 5 10
20 6 7
20 10 11
20 11 39
20 12 9
20 13 8
20 15 13
20 16 25
20 19 42
21 0 33
21 1 1
21 3 2
21 4 6
21 5 14
21 10 2
21 11 2
21 15 5
21 19 31
21 20 40
22 2 43
22 8 31
22 9 29
22 14 30
22 17 19
22 18 16
22 19 27
23 0 4
23 1 44
23 2 1
23 5 41
23 8 5
23 11 41
23 12 36
23 13 43
23 14 30
23 15 31
23 19 3
23 21 36
24 0 3
24 2 23
24 3 9
24 4 31
24 6 21
24 7 35
24 8 33
24 14 19
24 19 34
24 23 23
25 3 8
25 7 39
25 9 2
25 11 17
25 14 7
25 16 19
25 17 3
25 18 27
25 22 15
25 23 34
26 3 36
26 7 35
26 10 35
26 12 14
26 13 32
26 16 39
26 19 17
26 20 29
26 21 4
27 1 26
27 2 31
27 5 8
27 6 18
27 9 13
27 12 14
27 13 21
27 19 44
27 21 20
27 22 2
27 24 4
27 25 32
27 26 1
28 0 8
28 3 37
28 4 40
28 8 43
28 11 11
28 12 34
28 20 14
28 22 21
28 23 16
29 0 27
29 1 11
29 2 1
29 3 23
29 7 6
29 11 43
29 12 10
29 14 16
29 16 4
29 19 12
29 20 26
29 23 26
29 25 12
29 27 9
30 1 44
30 4 18
30 6 36
30 7 38
30 12 31
30 13 18
30 15 5
30 16 37
30 19 41
30 21 8
30 22 5
30 23 1
30 25 6
31 0 20
31 1 21
31 3 32
31 4 24
31 7 42
31 9 8
31 10 28
31 17 18
31 20 1
31 21 12
31 22 36
31 24 6
31 25 18
31 28 37
31 29 37
32 0 5
32 1 2
32 3 33
32 10 14
32 12 28
32 15 19
32 16 11
32 18 15
32 19 35
32 20 37
32 21 23
32 23 6
32 24 44
32 26 33
32 28 26
33 0 6
33 4 10
33 6 24
33 7 19
33 9 5
33 13 1
33 14 42
33 18 23
33 19 27
33 20 33
33 21 18
33 25 15
33 27 25
33 29 11
33 32 8
34 0 4
34 1 21
34 4 10
34 5 26
34 7 9
34 9 39
34 14 5
34 16 31
34 17 39
34 18 18
34 20 21
34 28 3
34 30 10
34 32 23
34 33 35
35 0 15
35 2 7
35 6 15
35 8 2
35 11 19
35 12 22
35 13 44
35 16 35
35 17 14
35 19 41
35 23 44
35 24 4
35 25 44
35 26 8
35 27 37
35 30 21
35 32 32
35 33 5
36 0 4
36 1 35
36 3 34
36 8 18
36 9 35
36 10 17
36 13 25
36 14 14
36 15 22
36 19 25
36 21 32
36 22 5
36 24 42
36 25 4
36 29 40
37 1 34
37 4 15
37 5 33
37 6 43
37 8 14
37 13 8
37 14 34
37 16 9
37 18 35
37 20 9
37 21 22
37 24 26
37 25 43
37 26 17
37 28 24
37 31 16
37 32 28
37 33 17
37 34 1
37 36 29
38 0 39
38 3 32
38 4 28
38 8 7
38 11 3
38 12 18
38 13 32
38 14 34
38 16 44
38 18 43
38 19 32
38 21 35
38 22 43
38 23 43
38 25 23
38 28 13
38 29 11
38 30 20
38 35 39
38 36 10
39 1 13
39 3 33
39 5 29
39 6 41
39 8 3
39 12 15
39 15 36
39 16 41
39 18 16
39 19 34
39 20 6
39 21 5
39 22 3
39 23 5
39 24 42
39 25 26
39 27 41
39 30 35
39 33 19
39 34 38
39 35 30
39 37 32
