21
1 0 10
2 0 19
2 1 31
3 0 18
3 1 25
3 2 22
4 0 12
4 1 23
4 2 11
4 3 5
5 0 6
5 1 19
5 2 25
5 3 20
5 4 11
6 0 8
6 1 33
6 2 10
6 3 2
6 4 26
6 5 9
7 0 34
7 1 32
7 2 31
7 3 27
7 4 23
7 5 1
7 6 16
8 0 26
8 1 16
8 2 21
8 3 5
8 4 16
8 5 5
8 6 21
8 7 28
9 0 1
9 1 22
9 2 30
9 3 6
9 4 15
9 5 13
9 6 2
9 7 27
9 8 4
10 0 32
10 1 10
10 2 17
10 3 10
10 4 22
10 5 6
10 6 33
10 7 34
10 8 10
10 9 1
11 0 26
11 1 5
11 2 21
11 3 31
11 4 3
11 5 8
11 6 21
11 7 3
11 8 16
11 9 28
11 10 27
12 0 11
12 1 16
12 2 3
12 3 17
12 4 13
12 5 29
12 6 33
12 7 18
12 8 5
12 9 5
12 10 19
12 11 21
13 0 21
13 1 28
13 2 30
13 3 24
13 4 20
13 5 30
13 6 12
13 7 34
13 8 22
13 9 29
13 10 12
13 11 9
13 12 31
14 0 32
14 1 17
14 2 20
14 3 28
14 4 31
14 5 8
14 6 6
14 7 12
14 8 23
14 9 12
14 10 7
14 11 34
14 12 24
14 13 5
15 0 10
15 1 16
15 2 31
15 3 15
15 4 31
15 5 10
15 6 19
15 7 21
15 8 25
15 9 7
15 10 5
15 11 29
15 12 33
15 13 13
15 14 24
16 0 15
16 1 1
16 2 6
16 3 18
16 4 4
16 5 34
16 6 2
16 7 16
16 8 25
16 9 29
16 10 19
16 11 20
16 12 32
16 13 24
16 14 25
16 15 14
17 0 34
17 1 22
17 2 20
17 3 32
17 4 7
17 5 34
17 6 20
17 7 26
17 8 27
17 9 17
17 10 10
17 11 20
17 12 1
17 13 19
17 14 21
17 15 26
17 16 19
18 0 7
18 1 34
18 2 4
18 3 2
18 4 25
18 5 1
18 6 30
18 7 2
18 8 22
18 9 34
18 10 24
18 11 17
18 12 2
18 13 3
18 14 20
18 15 32
18 16 34
18 17 2
19 0 31
19 1 30
19 2 31
19 3 25
19 4 18
19 5 28
19 6 17
19 7 4
19 8 11
19 9 9
19 10 29
19 11 32
19 12 11
19 13 21
19 14 3
19 15 24
19 16 26
19 17 3
19 18 11
20 0 31
20 1 34
20 2 14
20 3 18
20 4 20
20 5 27
20 6 27
20 7 24
20 8 28
20 9 29
20 10 16
20 11 10
20 12 11
20 13 12
20 14 28
20 15 27
20 16 21
20 17 30
20 18 27
20 19 3
