55
1 0 10
2 0 6
2 1 14
3 0 6
3 1 22
3 2 24
4 0 3
4 1 12
4 2 5
4 3 10
5 0 13
5 1 4
5 2 15
5 3 8
5 4 19
6 0 24
6 1 21
6 2 7
6 3 8
6 4 6
6 5 16
7 0 17
7 1 11
7 2 24
7 3 16
7 4 20
7 5 6
7 6 15
8 0 2
8 1 21
8 2 20
8 3 12
8 4 12
8 5 2
8 6 10
8 7 20
9 0 22
9 1 4
9 2 14
9 3 4
9 4 9
9 5 18
9 6 18
9 7 3
9 8 10
10 0 16
10 1 7
10 2 20
10 3 11
10 4 8
10 5 18
10 6 20
10 7 13
10 8 6
10 9 15
11 0 3
11 1 4
11 2 22
11 3 10
11 4 22
11 5 12
11 6 24
11 7 5
11 8 20
11 9 9
11 10 23
12 0 13
12 1 11
12 2 18
12 3 24
12 4 23
12 5 3
12 6 2
12 7 9
12 8 14
12 9 17
12 10 18
12 11 5
13 0 23
13 1 20
13 2 16
13 3 4
13 4 24
13 5 17
13 6 11
13 7 19
13 8 8
13 9 7
13 10 11
13 11 13
13 12 6
14 0 13
14 1 11
14 2 9
14 3 17
14 4 10
14 5 19
14 6 19
14 7 12
14 8 10
14 9 20
14 10 22
14 11 17
14 12 12
14 13 16
15 0 24
15 1 13
15 2 21
15 3 14
15 4 15
15 5 3
15 6 18
15 7 9
15 8 3
15 9 14
15 10 10
15 11 1
15 12 4
15 13 24
15 14 21
16 0 3
16 1 21
16 2 15
16 3 20
16 4 15
16 5 3
16 6 9
16 7 16
16 8 19
16 9 15
16 10 23
16 11 2
16 12 11
16 13 20
16 14 3
16 15 24
17 0 5
17 1 6
17 2 24
17 3 20
17 4 20
17 5 4
17 6 8
17 7 11
17 8 20
17 9 4
17 10 18
17 11 18
17 12 22
17 13 23
17 14 14
17 15 22
17 16 21
18 0 4
18 1 20
18 2 7
18 3 18
18 4 10
18 5 2
18 6 19
18 7 22
18 8 11
18 9 2
18 10 24
18 11 7
18 12 19
18 13 18
18 14 20
18 15 1
18 16 9
18 17 15
19 0 19
19 1 18
19 2 13
19 3 15
19 4 16
19 5 1
19 6 15
19 7 19
19 8 11
19 9 5
19 10 11
19 11 22
19 12 15
19 13 16
19 14 22
19 15 3
19 16 6
19 17 3
19 18 3
20 0 21
20 1 22
20 2 17
20 3 3
20 4 13
20 5 13
20 6 9
20 7 22
20 8 11
20 9 5
20 10 21
20 11 5
20 12 12
20 13 17
20 14 5
20 15 15
20 16 21
20 17 18
20 18 2
20 19 23
21 0 5
21 1 24
21 2 15
21 3 5
21 4 23
21 5 9
21 6 3
21 7 8
21 8 20
21 9 19
21 10 19
21 11 20
21 12 5
21 13 15
21 14 17
21 15 24
21 16 3
21 17 18
21 18 16
21 19 23
21 20 23
22 0 13
22 1 4
22 2 15
22 3 14
22 4 3
22 5 22
22 6 7
22 7 22
22 8 10
22 9 4
22 10 15
22 11 4
22 12 7
22 13 21
22 14 24
22 15 21
22 16 8
22 17 15
22 18 7
22 19 17
22 20 9
22 21 18
23 0 7
23 1 5
23 2 18
23 3 1
23 4 17
23 5 16
23 6 23
23 7 5
23 8 8
23 9 23
23 10 20
23 11 8
23 12 15
23 13 18
23 14 23
23 15 19
23 16 24
23 17 23
23 18 16
23 19 6
23 20 17
23 21 18
23 22 15
24 0 20
24 1 11
24 2 16
24 3 10
24 4 17
24 5 3
24 6 6
24 7 18
24 8 8
24 9 14
24 10 23
24 11 8
24 12 11
24 13 1
24 14 17
24 15 18
24 16 9
24 17 18
24 18 10
24 19 16
24 20 5
24 21 2
24 22 8
24 23 5
25 0 4
25 1 22
25 2 20
25 3 9
25 4 24
25 5 19
25 6 2
25 7 8
25 8 23
25 9 2
25 10 5
25 11 19
25 12 10
25 13 8
25 14 19
25 15 16
25 16 12
25 17 13
25 18 20
25 19 4
25 20 17
25 21 15
25 22 11
25 23 16
25 24 5
26 0 24
26 1 22
26 2 23
26 3 1
26 4 8
26 5 4
26 6 20
26 7 4
26 8 11
26 9 7
26 10 7
26 11 8
26 12 20
26 13 20
26 14 15
26 15 12
26 16 17
26 17 14
26 18 1
26 19 9
26 20 8
26 21 3
26 22 16
26 23 24
26 24 18
26 25 18
27 0 18
27 1 21
27 2 20
27 3 5
27 4 24
27 5 17
27 6 18
27 7 22
27 8 16
27 9 23
27 10 2
27 11 2
27 12 11
27 13 18
27 14 1
27 15 4
27 16 15
27 17 12
27 18 18
27 19 7
27 20 8
27 21 19
27 22 13
27 23 8
27 24 13
27 25 8
27 26 9
28 0 8
28 1 23
28 2 19
28 3 7
28 4 11
28 5 23
28 6 12
28 7 10
28 8 15
28 9 14
28 10 1
28 11 10
28 12 23
28 13 17
28 14 7
28 15 6
28 16 24
28 17 4
28 18 10
28 19 1
28 20 22
28 21 23
28 22 11
28 23 9
28 24 19
28 25 16
28 26 10
28 27 20
29 0 21
29 1 13
29 2 6
29 3 5
29 4 12
29 5 24
29 6 5
29 7 12
29 8 17
29 9 24
29 10 24
29 11 9
29 12 1
29 13 12
29 14 23
29 15 19
29 16 24
29 17 14
29 18 17
29 19 16
29 20 8
29 21 9
29 22 23
29 23 10
29 24 14
29 25 21
29 26 6
29 27 1
29 28 23
30 0 3
30 1 17
30 2 16
30 3 15
30 4 19
30 5 13
30 6 20
30 7 19
30 8 11
30 9 9
30 10 18
30 11 19
30 12 23
30 13 24
30 14 17
30 15 15
30 16 1
30 17 21
30 18 23
30 19 19
30 20 5
30 21 14
30 22 18
30 23 6
30 24 9
30 25 7
30 26 16
30 27 8
30 28 24
30 29 24
31 0 15
31 1 22
31 2 2
31 3 23
31 4 18
31 5 9
31 6 11
31 7 14
31 8 12
31 9 16
31 10 22
31 11 6
31 12 4
31 13 13
31 14 18
31 15 10
31 16 6
31 17 21
31 18 6
31 19 9
31 20 23
31 21 24
31 22 21
31 23 7
31 24 15
31 25 23
31 26 12
31 27 5
31 28 9
31 29 15
31 30 11
32 0 13
32 1 2
32 2 17
32 3 19
32 4 12
32 5 5
32 6 13
32 7 17
32 8 19
32 9 4
32 10 6
32 11 15
32 12 6
32 13 13
32 14 19
32 15 20
32 16 21
32 17 9
32 18 16
32 19 20
32 20 8
32 21 16
32 22 13
32 23 16
32 24 9
32 25 11
32 26 21
32 27 11
32 28 2
32 29 3
32 30 10
32 31 23
33 0 9
33 1 10
33 2 11
33 3 23
33 4 6
33 5 8
33 6 9
33 7 15
33 8 24
33 9 14
33 10 17
33 11 10
33 12 6
33 13 2
33 14 13
33 15 23
33 16 23
33 17 20
33 18 16
33 19 1
33 20 6
33 21 13
33 22 22
33 23 14
33 24 24
33 25 15
33 26 2
33 27 12
33 28 22
33 29 10
33 30 15
33 31 8
33 32 6
34 0 7
34 1 16
34 2 16
34 3 23
34 4 11
34 5 9
34 6 24
34 7 18
34 8 20
34 9 9
34 10 8
34 11 22
34 12 2
34 13 10
34 14 2
34 15 14
34 16 10
34 17 14
34 18 6
34 19 13
34 20 8
34 21 11
34 22 5
34 23 2
34 24 7
34 25 11
34 26 23
34 27 18
34 28 2
34 29 8
34 30 13
34 31 6
34 32 23
34 33 13
35 0 1
35 1 6
35 2 13
35 3 14
35 4 2
35 5 11
35 6 8
35 7 1
35 8 11
35 9 3
35 10 19
35 11 18
35 12 24
35 13 1
35 14 24
35 15 10
35 16 20
35 17 19
35 18 1
35 19 14
35 20 8
35 21 17
35 22 4
35 23 3
35 24 3
35 25 18
35 26 12
35 27 23
35 28 4
35 29 1
35 30 22
35 31 7
35 32 5
35 33 5
35 34 4
36 0 15
36 1 8
36 2 21
36 3 10
36 4 8
36 5 17
36 6 3
36 7 7
36 8 22
36 9 5
36 10 13
36 11 1
36 12 20
36 13 23
36 14 1
36 15 12
36 16 3
36 17 24
36 18 7
36 19 10
36 20 14
36 21 24
36 22 18
36 23 1
36 24 17
36 25 13
36 26 8
36 27 20
36 28 8
36 29 20
36 30 11
36 31 4
36 32 7
36 33 6
36 34 4
36 35 6
37 0 22
37 1 15
37 2 18
37 3 23
37 4 18
37 5 15
37 6 7
37 7 11
37 8 9
37 9 9
37 10 3
37 11 7
37 12 14
37 13 3
37 14 22
37 15 10
37 16 23
37 17 3
37 18 9
37 19 24
37 20 17
37 21 5
37 22 2
37 23 5
37 24 14
37 25 3
37 26 14
37 27 13
37 28 15
37 29 1
37 30 8
37 31 12
37 32 21
37 33 5
37 34 23
37 35 16
37 36 13
38 0 12
38 1 24
38 2 13
38 3 17
38 4 3
38 5 20
38 6 10
38 7 9
38 8 7
38 9 13
38 10 9
38 11 12
38 12 8
38 13 6
38 14 8
38 15 12
38 16 22
38 17 15
38 18 4
38 19 20
38 20 12
38 21 6
38 22 3
38 23 7
38 24 16
38 25 12
38 26 7
38 27 20
38 28 13
38 29 19
38 30 6
38 31 17
38 32 24
38 33 22
38 34 13
38 35 23
38 36 10
38 37 9
39 0 5
39 1 4
39 2 14
39 3 11
39 4 10
39 5 15
39 6 11
39 7 12
39 8 12
39 9 23
39 10 8
39 11 6
39 12 8
39 13 21
39 14 8
39 15 16
39 16 8
39 17 19
39 18 6
39 19 2
39 20 18
39 21 8
39 22 16
39 23 21
39 24 11
39 25 16
39 26 4
39 27 7
39 28 13
39 29 1
39 30 8
39 31 12
39 32 2
39 33 5
39 34 7
39 35 10
39 36 24
39 37 8
39 38 6
40 0 21
40 1 4
40 2 1
40 3 20
40 4 5
40 5 11
40 6 24
40 7 21
40 8 16
40 9 4
40 10 21
40 11 6
40 12 6
40 13 24
40 14 5
40 15 12
40 16 16
40 17 14
40 18 12
40 19 16
40 20 11
40 21 5
40 22 20
40 23 17
40 24 18
40 25 3
40 26 11
40 27 19
40 28 21
40 29 1
40 30 12
40 31 1
40 32 2
40 33 2
40 34 15
40 35 4
40 36 4
40 37 8
40 38 24
40 39 22
41 0 4
41 1 18
41 2 14
41 3 21
41 4 23
41 5 20
41 6 15
41 7 6
41 8 17
41 9 9
41 10 21
41 11 9
41 12 10
41 13 16
41 14 11
41 15 17
41 16 23
41 17 5
41 18 23
41 19 5
41 20 12
41 21 10
41 22 1
41 23 15
41 24 24
41 25 16
41 26 1
41 27 11
41 28 9
41 29 12
41 30 19
41 31 15
41 32 9
41 33 5
41 34 18
41 35 3
41 36 11
41 37 11
41 38 15
41 39 16
41 40 20
42 0 20
42 1 15
42 2 13
42 3 20
42 4 3
42 5 18
42 6 21
42 7 7
42 8 11
42 9 5
42 10 9
42 11 4
42 12 21
42 13 8
42 14 23
42 15 1
42 16 2
42 17 10
42 18 20
42 19 24
42 20 4
42 21 6
42 22 6
42 23 2
42 24 11
42 25 7
42 26 12
42 27 10
42 28 11
42 29 4
42 30 10
42 31 14
42 32 20
42 33 19
42 34 3
42 35 11
42 36 19
42 37 6
42 38 17
42 39 16
42 40 7
42 41 5
43 0 8
43 1 11
43 2 23
43 3 8
43 4 23
43 5 11
43 6 18
43 7 16
43 8 6
43 9 11
43 10 18
43 11 1
43 12 24
43 13 22
43 14 24
43 15 7
43 16 18
43 17 10
43 18 8
43 19 16
43 20 2
43 21 9
43 22 3
43 23 3
43 24 23
43 25 9
43 26 15
43 27 18
43 28 13
43 29 1
43 30 23
43 31 23
43 32 11
43 33 21
43 34 10
43 35 3
43 36 7
43 37 11
43 38 7
43 39 2
43 40 5
43 41 14
43 42 19
44 0 8
44 1 19
44 2 15
44 3 15
44 4 10
44 5 15
44 6 21
44 7 11
44 8 24
44 9 23
44 10 23
44 11 20
44 12 5
44 13 8
44 14 8
44 15 1
44 16 9
44 17 8
44 18 14
44 19 12
44 20 17
44 21 23
44 22 24
44 23 9
44 24 20
44 25 5
44 26 17
44 27 6
44 28 8
44 29 17
44 30 1
44 31 21
44 32 13
44 33 24
44 34 11
44 35 8
44 36 5
44 37 18
44 38 18
44 39 19
44 40 24
44 41 15
44 42 10
44 43 14
45 0 19
45 1 17
45 2 22
45 3 19
45 4 24
45 5 9
45 6 1
45 7 13
45 8 3
45 9 18
45 10 1
45 11 20
45 12 6
45 13 6
45 14 11
45 15 20
45 16 2
45 17 18
45 18 12
45 19 1
45 20 8
45 21 6
45 22 6
45 23 23
45 24 8
45 25 9
45 26 10
45 27 16
45 28 16
45 29 24
45 30 17
45 31 23
45 32 1
45 33 17
45 34 22
45 35 14
45 36 12
45 37 1
45 38 1
45 39 20
45 40 14
45 41 7
45 42 20
45 43 16
45 44 21
46 0 1
46 1 21
46 2 19
46 3 22
46 4 11
46 5 22
46 6 1
46 7 2
46 8 7
46 9 21
46 10 24
46 11 19
46 12 2
46 13 7
46 14 14
46 15 10
46 16 22
46 17 20
46 18 12
46 19 22
46 20 20
46 21 14
46 22 5
46 23 22
46 24 19
46 25 7
46 26 9
46 27 16
46 28 8
46 29 8
46 30 5
46 31 9
46 32 4
46 33 8
46 34 3
46 35 21
46 36 14
46 37 21
46 38 17
46 39 22
46 40 14
46 41 13
46 42 13
46 43 10
46 44 17
46 45 22
47 0 23
47 1 9
47 2 24
47 3 1
47 4 10
47 5 8
47 6 1
47 7 22
47 8 21
47 9 22
47 10 16
47 11 22
47 12 22
47 13 3
47 14 16
47 15 17
47 16 3
47 17 16
47 18 17
47 19 15
47 20 22
47 21 15
47 22 10
47 23 22
47 24 22
47 25 6
47 26 8
47 27 21
47 28 19
47 29 21
47 30 24
47 31 6
47 32 23
47 33 16
47 34 10
47 35 7
47 36 8
47 37 13
47 38 20
47 39 23
47 40 7
47 41 24
47 42 7
47 43 17
47 44 22
47 45 10
47 46 23
48 0 19
48 1 7
48 2 10
48 3 8
48 4 9
48 5 1
48 6 19
48 7 11
48 8 14
48 9 9
48 10 24
48 11 23
48 12 10
48 13 2
48 14 3
48 15 10
48 16 1
48 17 6
48 18 18
48 19 18
48 20 10
48 21 2
48 22 6
48 23 20
48 24 24
48 25 9
48 26 18
48 27 14
48 28 13
48 29 4
48 30 21
48 31 11
48 32 8
48 33 9
48 34 5
48 35 21
48 36 5
48 37 24
48 38 2
48 39 11
48 40 2
48 41 10
48 42 18
48 43 4
48 44 18
48 45 11
48 46 16
48 47 23
49 0 1
49 1 18
49 2 15
49 3 13
49 4 10
49 5 12
49 6 4
49 7 15
49 8 24
49 9 1
49 10 2
49 11 9
49 12 8
49 13 19
49 14 23
49 15 19
49 16 4
49 17 18
49 18 18
49 19 5
49 20 2
49 21 18
49 22 22
49 23 19
49 24 3
49 25 17
49 26 3
49 27 15
49 28 22
49 29 15
49 30 19
49 31 22
49 32 7
49 33 12
49 34 3
49 35 8
49 36 18
49 37 8
49 38 2
49 39 14
49 40 18
49 41 22
49 42 15
49 43 13
49 44 16
49 45 18
49 46 16
49 47 22
49 48 15
50 0 6
50 1 7
50 2 23
50 3 12
50 4 8
50 5 6
50 6 16
50 7 15
50 8 2
50 9 2
50 10 16
50 11 14
50 12 16
50 13 23
50 14 17
50 15 10
50 16 9
50 17 5
50 18 9
50 19 14
50 20 17
50 21 3
50 22 13
50 23 4
50 24 5
50 25 24
50 26 10
50 27 23
50 28 22
50 29 15
50 30 15
50 31 16
50 32 24
50 33 21
50 34 8
50 35 22
50 36 19
50 37 7
50 38 15
50 39 15
50 40 6
50 41 3
50 42 4
50 43 9
50 44 20
50 45 22
50 46 12
50 47 21
50 48 19
50 49 6
51 0 7
51 1 5
51 2 5
51 3 6
51 4 16
51 5 16
51 6 9
51 7 1
51 8 19
51 9 15
51 10 13
51 11 13
51 12 11
51 13 8
51 14 1
51 15 13
51 16 22
51 17 23
51 18 23
51 19 12
51 20 8
51 21 21
51 22 18
51 23 17
51 24 7
51 25 3
51 26 5
51 27 2
51 28 6
51 29 8
51 30 17
51 31 9
51 32 23
51 33 2
51 34 15
51 35 5
51 36 5
51 37 6
51 38 2
51 39 24
51 40 17
51 41 12
51 42 9
51 43 11
51 44 14
51 45 23
51 46 6
51 47 18
51 48 8
51 49 14
51 50 2
52 0 22
52 1 14
52 2 21
52 3 11
52 4 9
52 5 8
52 6 7
52 7 18
52 8 20
52 9 5
52 10 20
52 11 4
52 12 15
52 13 7
52 14 9
52 15 11
52 16 6
52 17 7
52 18 1
52 19 20
52 20 24
52 21 2
52 22 2
52 23 3
52 24 21
52 25 10
52 26 10
52 27 4
52 28 11
52 29 4
52 30 14
52 31 21
52 32 12
52 33 20
52 34 9
52 35 16
52 36 3
52 37 8
52 38 23
52 39 18
52 40 19
52 41 21
52 42 3
52 43 6
52 44 6
52 45 1
52 46 1
52 47 2
52 48 23
52 49 16
52 50 9
52 51 20
53 0 7
53 1 15
53 2 20
53 3 13
53 4 6
53 5 12
53 6 9
53 7 13
53 8 14
53 9 19
53 10 18
53 11 22
53 12 12
53 13 2
53 14 9
53 15 15
53 16 15
53 17 1
53 18 10
53 19 23
53 20 24
53 21 18
53 22 24
53 23 18
53 24 4
53 25 12
53 26 4
53 27 6
53 28 19
53 29 14
53 30 5
53 31 14
53 32 9
53 33 13
53 34 8
53 35 22
53 36 4
53 37 5
53 38 17
53 39 10
53 40 5
53 41 22
53 42 3
53 43 21
53 44 11
53 45 16
53 46 18
53 47 13
53 48 15
53 49 15
53 50 6
53 51 24
53 52 9
54 0 3
54 1 9
54 2 24
54 3 22
54 4 8
54 5 8
54 6 1
54 7 10
54 8 11
54 9 6
54 10 2
54 11 11
54 12 9
54 13 17
54 14 24
54 15 14
54 16 15
54 17 16
54 18 16
54 19 22
54 20 14
54 21 7
54 22 22
54 23 18
54 24 1
54 25 6
54 26 3
54 27 2
54 28 11
54 29 17
54 30 12
54 31 20
54 32 18
54 33 21
54 34 17
54 35 8
54 36 8
54 37 20
54 38 12
54 39 17
54 40 16
54 41 9
54 42 1
54 43 15
54 44 18
54 45 23
54 46 22
54 47 6
54 48 5
54 49 4
54 50 21
54 51 23
54 52 19
54 53 17
