41
2 0 28
3 1 32
4 0 22
4 1 22
4 2 47
4 3 13
5 0 17
5 1 26
5 2 20
5 4 5
6 0 3
6 1 49
6 3 6
6 4 29
7 0 19
7 1 21
7 3 11
7 5 17
7 6 35
8 0 5
8 2 18
8 3 30
8 5 21
8 6 7
9 1 26
9 5 34
9 6 26
9 8 25
10 0 24
10 3 38
10 4 8
10 6 51
10 9 31
11 0 38
11 1 16
11 3 10
11 4 48
11 6 37
11 7 11
11 9 30
12 1 33
12 2 47
13 0 44
13 2 8
13 3 48
13 4 11
13 5 13
13 6 7
13 8 4
14 2 32
14 5 7
14 6 30
14 7 32
14 9 38
14 13 15
15 1 46
15 5 13
15 7 28
15 9 7
15 11 44
15 13 47
15 14 19
16 1 50
16 5 2
16 6 50
16 7 39
16 8 20
16 9 11
16 10 25
17 0 15
17 2 31
17 3 33
17 5 37
17 6 22
17 8 32
17 9 13
17 14 45
17 16 17
18 4 32
18 6 27
18 11 43
18 13 25
18 14 46
18 15 52
18 16 24
18 17 33
19 0 10
19 1 11
19 2 18
19 6 5
19 7 44
19 9 40
19 10 13
19 11 2
20 3 19
20 4 52
20 5 8
20 6 10
20 10 2
20 11 17
20 12 34
20 13 20
20 16 11
21 1 20
21 2 7
21 5 36
21 6 2
21 7 25
21 8 41
21 10 33
21 11 28
21 12 41
21 14 27
21 15 22
21 19 16
21 20 17
22 0 36
22 4 32
22 5 2
22 7 39
22 8 15
22 9 32
22 11 27
22 12 46
22 13 34
22 18 44
23 0 14
23 3 51
23 5 3
23 6 46
23 9 5
23 10 1
23 15 18
23 20 42
24 0 30
24 1 22
24 2 29
24 3 10
24 4 28
24 5 28
24 7 44
24 12 24
24 14 51
24 16 41
24 17 36
24 20 31
24 22 33
24 23 5
25 0 47
25 2 21
25 4 35
25 5 8
25 6 10
25 8 11
25 10 34
25 12 5
25 15 42
25 19 21
25 20 4
25 24 19
26 0 25
26 3 5
26 4 43
26 6 9
26 7 49
26 8 16
26 11 17
26 12 46
26 13 28
26 14 16
26 15 32
26 16 14
26 18 44
26 19 29
26 21 9
26 22 9
27 1 3
27 2 42
27 4 33
27 5 30
27 6 40
27 7 51
27 8 15
27 9 46
27 10 27
27 11 45
27 13 33
27 15 23
27 18 5
27 19 27
27 20 23
27 21 18
27 24 17
28 1 44
28 2 46
28 3 52
28 4 42
28 5 52
28 6 41
28 9 26
28 12 50
28 13 40
28 14 30
28 15 43
28 16 21
28 18 4
28 19 19
28 20 42
28 22 13
28 24 28
28 26 52
29 0 10
29 4 49
29 6 43
29 8 35
29 10 25
29 11 5
29 12 29
29 13 4
29 14 34
29 15 44
29 16 9
29 17 16
29 19 42
29 21 48
29 23 8
29 24 46
29 25 28
29 27 44
30 0 48
30 1 50
30 2 33
30 3 3
30 4 40
30 5 1
30 6 20
30 7 22
30 12 25
30 19 24
30 20 6
30 22 5
30 25 39
30 28 42
31 0 47
31 3 32
31 4 38
31 6 45
31 7 34
31 8 43
31 10 45
31 12 42
31 13 12
31 14 16
31 15 12
31 16 32
31 17 5
31 18 41
31 19 52
31 21 50
31 23 34
31 26 15
31 28 32
31 29 43
32 1 32
32 3 52
32 4 11
32 6 42
32 7 16
32 9 34
32 20 24
32 21 20
32 23 39
32 25 1
32 27 48
32 28 13
32 29 6
33 2 11
33 4 14
33 6 45
33 8 40
33 10 48
33 11 17
33 14 21
33 15 38
33 17 16
33 18 2
33 20 31
33 21 38
33 22 13
33 23 18
33 26 1
33 27 11
33 30 16
33 31 8
33 32 10
34 3 45
34 9 48
34 13 39
34 14 18
34 15 38
34 16 48
34 18 45
34 19 44
34 20 13
34 21 19
34 23 46
34 27 28
34 28 15
34 30 2
34 31 49
34 32 9
34 33 7
35 0 25
35 1 44
35 3 13
35 4 30
35 5 3
35 6 1
35 9 13
35 12 20
35 15 46
35 16 19
35 17 15
35 19 1
35 20 38
35 21 17
35 23 5
35 24 47
35 28 3
35 29 27
35 32 42
35 33 12
35 34 11
36 0 19
36 2 40
36 3 40
36 4 46
36 5 6
36 12 3
36 17 9
36 18 20
36 22 38
36 25 23
36 26 10
36 27 36
36 32 11
37 1 29
37 2 33
37 3 21
37 4 15
37 5 32
37 9 28
37 12 33
37 15 28
37 17 40
37 18 23
37 19 24
37 20 39
37 23 32
37 24 1
37 25 32
37 26 20
37 27 48
37 28 3
37 29 9
37 30 14
37 33 32
37 34 10
37 35 23
38 0 33
38 1 40
38 2 36
38 4 41
38 5 28
38 7 17
38 8 35
38 9 33
38 10 13
38 11 42
38 14 17
38 16 51
38 17 12
38 18 22
38 19 22
38 22 43
38 24 36
38 25 1
38 27 33
38 30 51
38 34 27
38 37 19
39 0 41
39 2 51
39 5 29
39 6 4
39 7 36
39 9 22
39 10 31
39 11 30
39 12 35
39 13 21
39 14 18
39 15 4
39 16 18
39 18 11
39 19 45
39 20 22
39 21 20
39 23 24
39 25 16
39 28 28
39 34 50
39 37 52
39 38 5
40 0 31
40 1 3
40 2 33
40 3 19
40 8 39
40 9 25
40 11 42
40 12 41
40 14 27
40 17 48
40 18 52
40 20 15
40 21 43
40 24 30
40 26 1
40 29 43
40 30 20
40 31 37
40 32 40
40 39 39
