68
3 0 13
4 0 15
4 1 1
4 3 8
5 0 6
5 2 2
6 0 6
6 1 4
6 4 7
6 5 2
7 0 11
7 1 8
7 2 6
7 4 1
7 5 5
7 6 2
8 1 17
8 2 13
8 4 13
8 7 11
9 5 17
9 7 9
9 8 7
10 2 3
10 4 7
10 8 18
11 1 8
11 3 7
11 6 4
11 7 7
11 9 15
11 10 3
12 5 6
12 8 8
12 10 7
13 0 16
13 2 8
13 7 2
13 11 11
14 0 7
14 1 15
14 2 16
14 4 2
14 5 18
14 6 2
14 11 4
14 12 8
14 13 15
15 0 10
15 1 2
15 2 13
15 3 5
15 4 15
15 6 13
15 11 11
15 12 6
16 0 15
16 2 14
16 3 5
16 6 9
16 10 4
16 11 3
16 12 18
16 14 7
17 0 16
17 1 18
17 5 8
17 6 17
17 10 3
17 11 12
17 14 11
18 1 18
18 2 8
18 3 14
18 4 10
18 5 1
18 6 4
18 7 13
18 10 4
18 17 2
19 0 17
19 1 15
19 4 16
19 5 13
19 6 9
19 13 16
19 14 3
19 15 10
19 16 6
19 18 18
20 4 3
20 7 5
20 11 13
20 12 2
20 19 5
21 1 11
21 4 14
21 7 13
21 10 18
21 11 13
21 12 16
21 17 16
21 19 17
21 20 4
22 6 18
22 7 12
22 8 4
22 12 15
22 16 10
22 17 5
22 18 8
22 19 10
22 20 15
22 21 8
23 0 12
23 2 16
23 3 5
23 5 18
23 6 10
23 8 15
23 11 14
23 12 14
23 13 11
23 14 1
23 16 2
23 17 6
23 18 12
23 20 15
23 22 8
24 3 3
24 6 4
24 8 9
24 11 10
24 13 17
24 18 14
24 21 8
24 23 1
25 0 8
25 1 15
25 2 3
25 3 6
25 4 3
25 9 18
25 10 10
25 13 2
25 14 11
25 18 2
25 19 9
25 20 9
25 23 8
25 24 16
26 1 16
26 4 18
26 6 16
26 9 15
26 10 4
26 13 7
26 15 15
26 19 7
26 20 4
26 21 12
26 22 14
26 25 9
27 1 12
27 4 9
27 5 16
27 6 6
27 9 13
27 10 3
27 11 12
27 16 5
27 17 15
27 20 3
27 21 7
27 22 18
27 23 10
27 24 3
27 25 5
28 1 6
28 2 4
28 7 8
28 9 8
28 10 2
28 12 11
28 13 7
28 20 7
28 21 14
28 24 7
28 25 11
28 27 13
29 0 5
29 1 11
29 2 12
29 3 17
29 4 3
29 6 10
29 8 18
29 9 11
29 10 7
29 12 1
29 13 18
29 15 12
29 16 4
29 17 11
29 23 6
29 24 1
29 28 13
30 6 16
30 7 4
30 8 18
30 10 17
30 12 1
30 18 4
30 20 8
30 22 13
30 24 4
30 25 16
30 26 11
30 28 13
30 29 4
31 1 17
31 6 10
31 8 13
31 9 13
31 12 3
31 17 13
31 26 18
31 27 15
31 29 7
31 30 15
32 0 18
32 2 18
32 3 5
32 5 4
32 8 12
32 13 14
32 15 9
32 18 5
32 19 17
32 21 5
32 22 1
32 23 5
32 28 12
33 2 17
33 3 15
33 4 6
33 6 1
33 8 15
33 9 15
33 10 2
33 11 2
33 13 18
33 14 12
33 15 6
33 16 12
33 18 9
33 19 17
33 20 8
34 2 3
34 3 17
34 7 7
34 8 15
34 9 6
34 10 10
34 11 10
34 13 13
34 19 4
34 21 5
34 22 16
34 23 1
34 25 6
34 28 18
34 30 13
34 32 5
35 0 18
35 1 15
35 6 12
35 8 17
35 10 4
35 14 6
35 17 16
35 19 10
35 20 17
35 21 10
35 22 4
35 23 3
35 24 12
35 26 9
35 27 12
35 28 4
35 29 5
35 34 12
36 1 11
36 2 3
36 5 6
36 7 5
36 8 16
36 9 3
36 10 16
36 14 15
36 15 14
36 16 2
36 17 18
36 18 13
36 20 15
36 22 11
36 24 7
36 26 7
36 28 17
36 32 15
36 35 14
37 0 5
37 1 12
37 3 1
37 6 1
37 10 4
37 11 13
37 12 12
37 14 6
37 15 14
37 17 18
37 22 16
37 24 1
37 25 10
37 26 14
37 27 9
37 31 2
37 32 4
37 33 13
38 0 10
38 4 8
38 5 5
38 7 1
38 8 12
38 10 14
38 18 6
38 19 10
38 20 6
38 21 7
38 25 8
38 26 3
38 29 12
38 30 13
38 33 15
38 34 9
38 35 9
38 36 16
38 37 17
39 0 9
39 1 17
39 3 12
39 4 17
39 7 2
39 8 14
39 9 4
39 10 6
39 17 8
39 18 12
39 19 16
39 20 16
39 21 14
39 24 11
39 25 12
39 28 15
39 30 2
39 32 9
40 0 14
40 3 10
40 5 9
40 6 14
40 7 12
40 8 9
40 10 2
40 14 10
40 15 1
40 16 16
40 20 10
40 22 11
40 25 4
40 28 1
40 31 3
40 32 12
40 33 4
40 36 18
40 37 14
40 38 2
41 0 11
41 1 6
41 3 3
41 4 1
41 5 17
41 6 11
41 8 10
41 9 16
41 14 10
41 15 16
41 17 18
41 23 7
41 25 14
41 26 6
41 29 2
41 31 15
41 32 13
41 34 13
41 37 1
41 38 11
41 39 13
41 40 14
42 0 8
42 1 9
42 3 17
42 6 13
42 7 10
42 9 12
42 11 6
42 12 4
42 14 16
42 17 14
42 18 14
42 23 9
42 25 9
42 26 7
42 29 11
42 30 14
42 32 1
42 33 7
42 35 12
42 36 2
42 38 16
42 39 14
42 40 8
43 2 6
43 3 12
43 6 13
43 7 4
43 9 1
43 10 2
43 11 9
43 14 3
43 15 14
43 18 9
43 28 17
43 30 10
43 32 7
43 33 12
43 38 12
43 39 17
43 40 1
43 41 16
44 0 4
44 1 6
44 2 18
44 3 8
44 5 14
44 9 6
44 10 2
44 17 13
44 23 10
44 24 11
44 26 5
44 28 5
44 29 15
44 30 3
44 31 7
44 32 18
44 33 18
44 34 9
44 35 4
44 36 6
44 38 2
44 39 12
44 40 5
44 41 12
45 2 11
45 3 9
45 6 8
45 9 10
45 10 17
45 11 1
45 12 16
45 13 5
45 15 4
45 17 10
45 20 4
45 23 5
45 25 1
45 27 8
45 28 4
45 31 4
45 41 5
45 43 16
46 3 12
46 4 2
46 7 11
46 8 14
46 10 16
46 11 11
46 12 12
46 13 5
46 15 7
46 18 10
46 22 15
46 24 17
46 25 7
46 26 8
46 28 1
46 32 17
46 37 15
46 38 11
46 40 1
46 41 16
46 44 13
47 1 9
47 5 18
47 6 15
47 8 12
47 10 7
47 12 8
47 14 4
47 15 12
47 18 15
47 21 3
47 22 16
47 23 3
47 25 18
47 27 6
47 29 16
47 30 12
47 33 15
47 34 3
47 38 6
47 41 3
47 43 14
47 46 13
48 0 4
48 5 3
48 7 3
48 9 5
48 10 8
48 12 14
48 15 2
48 18 10
48 20 3
48 21 16
48 23 1
48 25 6
48 27 12
48 28 9
48 29 18
48 30 5
48 31 11
48 33 12
48 36 11
48 40 8
48 41 1
48 45 3
48 46 8
48 47 17
49 0 4
49 2 6
49 3 8
49 4 10
49 6 8
49 8 5
49 9 7
49 10 2
49 12 1
49 13 2
49 14 10
49 15 13
49 17 10
49 19 2
49 20 16
49 22 16
49 23 16
49 29 1
49 30 14
49 31 9
49 33 7
49 38 5
49 39 15
49 40 5
49 47 2
49 48 16
50 0 7
50 6 4
50 7 16
50 8 9
50 9 13
50 11 3
50 14 17
50 16 15
50 17 16
50 23 13
50 25 1
50 27 16
50 28 1
50 30 4
50 32 4
50 33 12
50 37 14
50 38 14
50 45 16
50 46 9
50 47 16
50 48 17
50 49 2
51 0 16
51 3 18
51 4 5
51 5 3
51 6 4
51 9 9
51 13 3
51 17 11
51 18 5
51 20 12
51 24 15
51 25 10
51 28 6
51 29 4
51 30 14
51 33 18
51 34 1
51 35 1
51 38 4
51 40 14
51 41 14
51 46 2
51 47 2
51 50 13
52 0 7
52 1 7
52 4 3
52 6 4
52 11 11
52 12 18
52 13 3
52 14 17
52 15 12
52 16 6
52 17 1
52 20 6
52 21 11
52 25 12
52 27 6
52 28 13
52 32 7
52 33 12
52 35 6
52 38 7
52 41 8
52 42 12
52 44 13
52 45 16
52 46 8
52 47 12
53 0 14
53 1 5
53 2 16
53 3 10
53 7 2
53 10 1
53 11 6
53 12 12
53 14 5
53 16 1
53 19 9
53 21 13
53 23 17
53 25 17
53 29 17
53 33 9
53 34 14
53 38 3
53 39 1
53 40 8
53 41 14
53 42 12
53 43 12
53 44 6
53 46 7
53 48 17
53 50 1
53 51 5
53 52 18
54 1 1
54 5 3
54 7 16
54 8 18
54 12 4
54 15 17
54 18 8
54 19 11
54 21 5
54 22 14
54 24 15
54 25 2
54 26 13
54 32 4
54 33 8
54 34 6
54 36 5
54 37 16
54 38 4
54 41 1
54 44 11
54 45 3
54 46 12
54 47 18
55 1 18
55 5 6
55 6 8
55 7 15
55 8 15
55 9 14
55 11 8
55 12 12
55 13 4
55 14 7
55 15 15
55 18 10
55 20 1
55 21 7
55 23 8
55 24 13
55 26 4
55 28 18
55 29 4
55 30 2
55 36 5
55 37 18
55 38 12
55 39 11
55 40 4
55 41 2
55 43 11
55 44 17
55 46 12
55 49 7
55 54 13
56 4 13
56 6 18
56 7 14
56 14 18
56 15 17
56 16 6
56 17 12
56 20 7
56 21 15
56 22 17
56 23 1
56 25 16
56 27 18
56 38 6
56 39 13
56 40 8
56 41 5
56 45 14
56 49 11
56 50 18
56 54 13
56 55 15
57 0 18
57 1 3
57 2 5
57 5 1
57 6 17
57 7 6
57 8 12
57 11 6
57 13 18
57 14 3
57 15 15
57 16 9
57 17 9
57 18 11
57 21 18
57 23 17
57 28 6
57 31 12
57 32 3
57 34 7
57 35 1
57 37 2
57 38 8
57 40 5
57 45 9
57 50 15
57 51 13
57 53 15
57 54 4
57 56 12
58 3 6
58 4 1
58 5 10
58 6 1
58 8 5
58 13 10
58 14 8
58 15 2
58 18 15
58 21 15
58 22 16
58 23 8
58 26 1
58 29 18
58 30 3
58 31 12
58 34 4
58 37 6
58 39 6
58 41 13
58 43 3
58 44 1
58 45 10
58 48 16
58 53 11
58 57 1
59 3 9
59 4 12
59 6 17
59 7 8
59 8 1
59 10 7
59 11 4
59 13 13
59 14 15
59 15 15
59 21 14
59 25 10
59 26 1
59 27 10
59 28 5
59 29 3
59 33 1
59 34 3
59 35 12
59 37 2
59 38 18
59 39 14
59 40 13
59 42 16
59 43 16
59 48 9
59 50 7
59 51 2
59 52 6
59 55 1
59 56 5
59 57 10
60 1 2
60 7 8
60 9 4
60 10 7
60 13 15
60 14 14
60 15 16
60 19 2
60 20 13
60 21 10
60 22 8
60 23 8
60 26 13
60 27 12
60 28 14
60 29 4
60 31 11
60 33 13
60 34 12
60 35 1
60 38 7
60 40 18
60 41 1
60 42 5
60 43 4
60 44 10
60 45 17
60 46 11
60 49 10
60 50 5
60 53 18
60 54 6
60 56 10
60 57 10
61 0 18
61 2 3
61 3 16
61 6 2
61 7 2
61 8 12
61 11 1
61 12 13
61 13 13
61 15 7
61 17 12
61 19 11
61 20 6
61 23 5
61 27 9
61 28 4
61 29 2
61 30 1
61 31 9
61 34 5
61 36 6
61 38 11
61 42 5
61 43 17
61 46 13
61 48 4
61 49 9
61 53 2
61 54 14
61 56 18
61 60 9
62 0 13
62 1 13
62 2 10
62 3 6
62 5 14
62 6 9
62 8 1
62 9 13
62 21 15
62 22 6
62 25 4
62 26 10
62 28 3
62 29 7
62 30 4
62 36 11
62 40 13
62 42 9
62 45 6
62 46 9
62 47 5
62 48 9
62 51 13
62 56 5
62 60 13
62 61 6
63 2 11
63 3 11
63 5 1
63 6 17
63 7 15
63 9 1
63 10 4
63 14 13
63 16 16
63 18 9
63 21 12
63 22 10
63 23 11
63 24 7
63 29 8
63 30 10
63 31 14
63 36 13
63 37 2
63 39 13
63 42 7
63 43 2
63 47 5
63 49 14
63 52 9
63 55 6
63 59 15
64 2 9
64 3 9
64 4 2
64 5 11
64 6 18
64 7 10
64 8 18
64 10 13
64 12 7
64 13 2
64 15 17
64 17 13
64 18 4
64 20 2
64 21 7
64 25 8
64 26 3
64 27 18
64 28 11
64 29 9
64 33 17
64 34 10
64 38 8
64 39 9
64 40 14
64 43 8
64 44 13
64 46 18
64 47 14
64 52 15
64 56 17
64 57 7
64 59 18
64 60 18
65 1 12
65 2 18
65 5 14
65 6 16
65 7 14
65 8 13
65 11 16
65 14 4
65 15 18
65 17 13
65 19 8
65 21 18
65 24 11
65 26 17
65 27 18
65 29 17
65 30 2
65 31 5
65 32 1
65 34 6
65 35 16
65 36 15
65 38 15
65 39 5
65 42 7
65 44 16
65 47 9
65 49 14
65 50 11
65 52 17
65 53 15
65 55 5
65 56 11
65 58 5
65 59 4
65 64 9
66 1 18
66 4 17
66 5 18
66 6 9
66 10 8
66 11 10
66 12 17
66 13 12
66 14 15
66 15 12
66 18 10
66 20 6
66 21 1
66 22 5
66 23 1
66 27 8
66 29 8
66 37 8
66 38 4
66 39 6
66 41 7
66 44 2
66 47 14
66 48 7
66 49 9
66 52 7
66 54 12
66 55 1
66 56 16
66 57 17
66 58 16
66 59 6
66 61 12
66 63 6
67 0 13
67 1 2
67 3 6
67 7 9
67 8 3
67 10 13
67 12 14
67 13 13
67 15 15
67 16 13
67 19 17
67 23 10
67 25 12
67 26 18
67 27 2
67 28 3
67 29 12
67 30 14
67 31 14
67 37 3
67 40 6
67 41 10
67 43 10
67 44 15
67 45 18
67 46 13
67 47 15
67 49 12
67 50 4
67 51 17
67 53 12
67 54 10
67 55 16
67 57 2
67 58 5
67 60 4
67 61 16
67 62 18
67 64 15
