38
1 0 3
2 0 4
2 1 5
3 0 3
3 1 3
3 2 4
4 0 4
4 1 4
4 2 1
4 3 6
5 0 5
5 1 6
5 2 6
5 3 4
5 4 6
6 0 2
6 1 7
6 2 3
6 3 4
6 4 2
6 5 2
7 0 5
7 1 8
7 2 1
7 3 7
7 4 5
7 5 2
7 6 6
8 0 3
8 1 7
8 2 4
8 3 8
8 4 8
8 5 6
8 6 2
8 7 3
9 0 4
9 1 4
9 2 7
9 3 1
9 4 5
9 5 3
9 6 6
9 7 5
9 8 1
10 0 4
10 1 7
10 2 8
10 3 5
10 4 8
10 5 3
10 6 8
10 7 1
10 8 2
10 9 5
11 0 8
11 1 6
11 2 1
11 3 5
11 4 4
11 5 4
11 6 8
11 7 1
11 8 6
11 9 7
11 10 6
12 0 1
12 1 1
12 2 5
12 3 5
12 4 8
12 5 6
12 6 1
12 7 8
12 8 3
12 9 8
12 10 6
12 11 6
13 0 5
13 1 4
13 2 5
13 3 8
13 4 7
13 5 8
13 6 7
13 7 1
13 8 1
13 9 1
13 10 7
13 11 5
13 12 5
14 0 6
14 1 1
14 2 4
14 3 1
14 4 6
14 5 6
14 6 3
14 7 5
14 8 2
14 9 1
14 10 1
14 11 1
14 12 6
14 13 8
15 0 4
15 1 8
15 2 3
15 3 1
15 4 7
15 5 7
15 6 2
15 7 3
15 8 2
15 9 7
15 10 3
15 11 4
15 12 6
15 13 8
15 14 1
16 0 7
16 1 3
16 2 2
16 3 5
16 4 5
16 5 2
16 6 2
16 7 7
16 8 1
16 9 8
16 10 5
16 11 6
16 12 7
16 13 8
16 14 3
16 15 8
17 0 4
17 1 2
17 2 5
17 3 8
17 4 3
17 5 4
17 6 5
17 7 1
17 8 8
17 9 6
17 10 7
17 11 7
17 12 6
17 13 5
17 14 5
17 15 3
17 16 3
18 0 4
18 1 6
18 2 5
18 3 5
18 4 2
18 5 8
18 6 2
18 7 3
18 8 5
18 9 2
18 10 1
18 11 8
18 12 5
18 13 7
18 14 1
18 15 8
18 16 8
18 17 8
19 0 4
19 1 5
19 2 2
19 3 6
19 4 8
19 5 7
19 6 1
19 7 3
19 8 2
19 9 3
19 10 5
19 11 8
19 12 1
19 13 8
19 14 3
19 15 2
19 16 6
19 17 1
19 18 8
20 0 8
20 1 8
20 2 4
20 3 7
20 4 4
20 5 4
20 6 7
20 7 8
20 8 2
20 9 6
20 10 7
20 11 7
20 12 6
20 13 5
20 14 4
20 15 8
20 16 6
20 17 1
20 18 4
20 19 8
21 0 4
21 1 7
21 2 5
21 3 1
21 4 3
21 5 7
21 6 5
21 7 4
21 8 7
21 9 4
21 10 1
21 11 1
21 12 2
21 13 6
21 14 2
21 15 7
21 16 8
21 17 5
21 18 1
21 19 8
21 20 4
22 0 8
22 1 4
22 2 5
22 3 2
22 4 4
22 5 3
22 6 1
22 7 2
22 8 7
22 9 6
22 10 5
22 11 8
22 12 2
22 13 7
22 14 8
22 15 4
22 16 1
22 17 8
22 18 8
22 19 3
22 20 8
22 21 7
23 0 3
23 1 3
23 2 6
23 3 5
23 4 3
23 5 4
23 6 7
23 7 5
23 8 7
23 9 1
23 10 1
23 11 2
23 12 3
23 13 5
23 14 1
23 15 4
23 16 5
23 17 6
23 18 2
23 19 8
23 20 5
23 21 7
23 22 3
24 0 7
24 1 3
24 2 4
24 3 4
24 4 1
24 5 6
24 6 1
24 7 3
24 8 1
24 9 2
24 10 3
24 11 1
24 12 7
24 13 7
24 14 3
24 15 1
24 16 7
24 17 8
24 18 7
24 19 6
24 20 8
24 21 7
24 22 6
24 23 4
25 0 5
25 1 3
25 2 5
25 3 7
25 4 6
25 5 6
25 6 4
25 7 5
25 8 7
25 9 1
25 10 1
25 11 5
25 12 1
25 13 3
25 14 7
25 15 8
25 16 5
25 17 2
25 18 5
25 19 5
25 20 4
25 21 4
25 22 7
25 23 2
25 24 6
26 0 8
26 1 3
26 2 8
26 3 3
26 4 2
26 5 6
26 6 1
26 7 6
26 8 4
26 9 4
26 10 5
26 11 1
26 12 6
26 13 4
26 14 8
26 15 5
26 16 2
26 17 3
26 18 2
26 19 1
26 20 5
26 21 5
26 22 3
26 23 5
26 24 4
26 25 2
27 0 7
27 1 1
27 2 8
27 3 2
27 4 5
27 5 2
27 6 8
27 7 4
27 8 4
27 9 3
27 10 6
27 11 1
27 12 4
27 13 4
27 14 7
27 15 6
27 16 8
27 17 5
27 18 1
27 19 1
27 20 6
27 21 7
27 22 6
27 23 2
27 24 3
27 25 5
27 26 5
28 0 7
28 1 6
28 2 1
28 3 3
28 4 6
28 5 1
28 6 8
28 7 1
28 8 5
28 9 3
28 10 2
28 11 2
28 12 6
28 13 7
28 14 2
28 15 5
28 16 8
28 17 2
28 18 3
28 19 3
28 20 1
28 21 1
28 22 2
28 23 6
28 24 8
28 25 7
28 26 5
28 27 8
29 0 6
29 1 3
29 2 5
29 3 6
29 4 6
29 5 8
29 6 6
29 7 8
29 8 2
29 9 7
29 10 4
29 11 1
29 12 8
29 13 5
29 14 6
29 15 1
29 16 1
29 17 6
29 18 4
29 19 2
29 20 6
29 21 3
29 22 6
29 23 2
29 24 1
29 25 7
29 26 4
29 27 2
29 28 1
30 0 5
30 1 4
30 2 7
30 3 1
30 4 5
30 5 5
30 6 3
30 7 4
30 8 6
30 9 8
30 10 7
30 11 3
30 12 8
30 13 8
30 14 3
30 15 6
30 16 8
30 17 5
30 18 8
30 19 5
30 20 8
30 21 6
30 22 3
30 23 2
30 24 3
30 25 3
30 26 5
30 27 7
30 28 4
30 29 4
31 0 3
31 1 2
31 2 2
31 3 4
31 4 1
31 5 5
31 6 8
31 7 2
31 8 5
31 9 3
31 10 4
31 11 2
31 12 6
31 13 8
31 14 5
31 15 7
31 16 7
31 17 5
31 18 2
31 19 1
31 20 1
31 21 2
31 22 8
31 23 2
31 24 7
31 25 3
31 26 2
31 27 3
31 28 6
31 29 1
31 30 2
32 0 5
32 1 3
32 2 3
32 3 3
32 4 4
32 5 2
32 6 7
32 7 3
32 8 7
32 9 6
32 10 5
32 11 1
32 12 4
32 13 4
32 14 5
32 15 6
32 16 7
32 17 4
32 18 8
32 19 7
32 20 1
32 21 3
32 22 5
32 23 7
32 24 2
32 25 7
32 26 6
32 27 5
32 28 1
32 29 1
32 30 1
32 31 5
33 0 2
33 1 8
33 2 3
33 3 1
33 4 5
33 5 8
33 6 2
33 7 2
33 8 6
33 9 7
33 10 6
33 11 4
33 12 7
33 13 8
33 14 4
33 15 1
33 16 4
33 17 2
33 18 1
33 19 3
33 20 1
33 21 1
33 22 8
33 23 3
33 24 4
33 25 6
33 26 3
33 27 5
33 28 3
33 29 4
33 30 4
33 31 2
33 32 3
34 0 5
34 1 3
34 2 5
34 3 8
34 4 3
34 5 8
34 6 2
34 7 7
34 8 3
34 9 8
34 10 2
34 11 2
34 12 2
34 13 8
34 14 8
34 15 4
34 16 6
34 17 4
34 18 8
34 19 1
34 20 3
34 21 2
34 22 4
34 23 4
34 24 3
34 25 2
34 26 5
34 27 5
34 28 3
34 29 5
34 30 3
34 31 2
34 32 6
34 33 5
35 0 5
35 1 8
35 2 7
35 3 1
35 4 7
35 5 3
35 6 5
35 7 2
35 8 8
35 9 3
35 10 4
35 11 4
35 12 1
35 13 8
35 14 7
35 15 3
35 16 1
35 17 2
35 18 2
35 19 5
35 20 4
35 21 4
35 22 7
35 23 6
35 24 8
35 25 2
35 26 2
35 27 6
35 28 8
35 29 2
35 30 1
35 31 4
35 32 2
35 33 3
35 34 7
36 0 2
36 1 2
36 2 2
36 3 8
36 4 2
36 5 1
36 6 1
36 7 8
36 8 8
36 9 5
36 10 2
36 11 4
36 12 8
36 13 2
36 14 6
36 15 8
36 16 4
36 17 5
36 18 7
36 19 6
36 20 1
36 21 6
36 22 4
36 23 4
36 24 7
36 25 1
36 26 3
36 27 4
36 28 4
36 29 7
36 30 5
36 31 5
36 32 8
36 33 7
36 34 4
36 35 4
37 0 7
37 1 6
37 2 1
37 3 4
37 4 6
37 5 4
37 6 4
37 7 2
37 8 6
37 9 6
37 10 2
37 11 8
37 12 3
37 13 5
37 14 1
37 15 7
37 16 1
37 17 2
37 18 1
37 19 6
37 20 8
37 21 4
37 22 1
37 23 3
37 24 5
37 25 4
37 26 8
37 27 1
37 28 6
37 29 8
37 30 1
37 31 4
37 32 4
37 33 2
37 34 3
37 35 6
37 36 2
