38
1 0 19
2 1 5
3 2 61
5 0 30
5 1 26
5 2 25
6 0 26
6 2 53
6 3 57
6 4 38
7 1 38
7 6 24
8 1 62
8 4 6
8 5 7
9 0 32
9 6 59
10 1 36
10 3 29
10 6 2
10 7 46
10 9 11
11 5 38
11 7 55
11 9 63
11 10 24
12 0 20
12 1 17
12 2 54
12 5 48
12 7 58
12 9 1
12 11 51
13 8 14
13 9 3
13 10 24
13 11 61
13 12 12
14 1 4
14 3 35
14 4 27
14 5 38
14 9 1
14 10 31
14 11 22
14 12 23
15 0 44
15 4 4
15 6 32
15 8 22
15 9 33
15 10 44
16 0 56
16 2 32
16 3 19
16 8 32
16 9 35
16 12 3
16 13 54
16 15 48
17 0 45
17 2 22
17 4 39
17 5 51
17 9 63
17 11 38
17 12 4
17 13 48
18 2 31
18 7 51
18 10 12
18 12 22
18 14 11
19 0 31
19 5 13
19 6 25
19 7 42
19 8 31
19 10 12
19 12 22
19 13 36
19 15 58
19 18 57
20 0 21
20 1 9
20 4 40
20 5 4
20 7 44
20 13 59
20 15 10
20 16 34
20 18 33
20 19 63
21 0 46
21 1 30
21 6 15
21 8 42
21 9 40
21 10 16
21 12 19
21 17 26
21 20 10
22 1 20
22 3 33
22 4 39
22 5 12
22 6 16
22 17 19
22 18 26
22 19 3
22 20 21
23 1 46
23 2 47
23 3 5
23 4 3
23 5 6
23 7 38
23 8 18
23 9 32
23 10 18
23 12 52
23 14 1
23 17 61
23 19 21
23 21 53
23 22 24
24 3 55
24 6 7
24 9 31
24 10 59
24 11 46
24 13 19
24 19 11
24 20 4
24 23 45
25 0 13
25 1 14
25 3 12
25 4 42
25 5 23
25 8 15
25 9 29
25 10 25
25 11 19
25 12 46
25 13 13
25 18 7
25 20 39
25 21 56
25 24 14
26 1 28
26 2 32
26 5 17
26 6 5
26 7 50
26 12 43
26 14 10
26 16 56
26 20 61
26 21 62
26 22 2
26 23 39
26 24 62
27 0 36
27 5 57
27 7 9
27 10 57
27 11 19
27 12 5
27 16 33
27 17 22
27 18 52
27 19 6
27 21 22
27 23 11
27 24 48
28 0 55
28 1 15
28 4 38
28 5 15
28 7 14
28 9 30
28 10 43
28 11 42
28 12 21
28 14 3
28 15 10
28 16 29
28 17 42
28 18 2
28 19 10
28 20 36
28 24 16
28 26 56
29 0 60
29 1 42
29 2 43
29 4 5
29 5 48
29 7 47
29 10 16
29 11 51
29 13 8
29 14 42
29 16 45
29 17 23
29 18 5
29 24 53
29 25 19
29 27 17
30 1 1
30 3 10
30 4 27
30 5 27
30 6 32
30 7 54
30 8 4
30 13 30
30 18 36
30 19 15
30 20 25
30 21 10
30 22 34
30 24 40
30 25 56
30 28 36
30 29 58
31 0 58
31 1 2
31 2 5
31 3 22
31 4 1
31 5 3
31 6 37
31 8 35
31 9 5
31 10 37
31 12 54
31 17 25
31 18 22
31 19 12
31 20 16
31 23 43
31 24 57
31 25 58
31 26 58
31 27 13
31 29 34
32 3 27
32 4 38
32 5 12
32 6 62
32 9 35
32 10 46
32 11 58
32 12 15
32 18 61
32 20 29
32 24 22
32 25 57
32 28 37
32 31 33
33 3 45
33 5 63
33 9 46
33 13 43
33 16 36
33 22 15
33 23 31
33 24 41
33 28 1
33 29 21
33 30 18
34 4 58
34 7 14
34 11 17
34 12 33
34 15 29
34 22 39
34 23 36
34 24 24
34 30 62
34 31 37
34 32 4
34 33 31
35 0 16
35 1 17
35 4 17
35 6 62
35 7 11
35 8 49
35 10 61
35 12 61
35 13 53
35 16 16
35 17 38
35 18 29
35 21 49
35 22 44
35 27 24
35 28 24
35 29 57
35 30 16
35 33 4
35 34 8
36 0 45
36 1 8
36 2 51
36 4 47
36 8 48
36 9 30
36 10 49
36 11 60
36 13 56
36 16 54
36 21 13
36 23 59
36 24 30
36 25 29
36 29 15
36 31 40
36 34 33
36 35 2
37 1 21
37 2 18
37 7 35
37 8 26
37 9 12
37 14 3
37 17 54
37 18 50
37 20 25
37 22 51
37 23 56
37 24 56
37 26 20
37 27 2
37 28 24
37 30 21
37 31 33
37 32 27
37 34 61
37 35 24
37 36 33
