31
1 0 3
2 0 4
2 1 4
3 0 3
3 1 1
3 2 2
4 0 4
4 1 1
4 2 2
4 3 1
5 0 3
5 1 5
5 2 1
5 3 1
5 4 3
6 0 2
6 1 2
6 2 5
6 3 2
6 4 1
6 5 3
7 0 5
7 1 4
7 2 4
7 3 2
7 4 2
7 5 2
7 6 5
8 0 5
8 1 1
8 2 5
8 3 4
8 4 2
8 5 2
8 6 2
8 7 5
9 0 5
9 1 1
9 2 3
9 3 2
9 4 4
9 5 5
9 6 5
9 7 5
9 8 2
10 0 2
10 1 4
10 2 1
10 3 5
10 4 5
10 5 2
10 6 2
10 7 4
10 8 4
10 9 2
11 0 3
11 1 5
11 2 4
11 3 3
11 4 3
11 5 3
11 6 2
11 7 2
11 8 5
11 9 1
11 10 2
12 0 4
12 1 5
12 2 2
12 3 5
12 4 1
12 5 2
12 6 5
12 7 3
12 8 3
12 9 4
12 10 4
12 11 2
13 0 3
13 1 1
13 2 2
13 3 2
13 4 4
13 5 5
13 6 5
13 7 2
13 8 2
13 9 1
13 10 5
13 11 5
13 12 5
14 0 1
14 1 2
14 2 5
14 3 2
14 4 1
14 5 5
14 6 4
14 7 3
14 8 2
14 9 4
14 10 2
14 11 2
14 12 1
14 13 2
15 0 4
15 1 2
15 2 4
15 3 5
15 4 3
15 5 4
15 6 5
15 7 5
15 8 5
15 9 5
15 10 3
15 11 3
15 12 2
15 13 2
15 14 5
16 0 3
16 1 4
16 2 1
16 3 2
16 4 1
16 5 5
16 6 4
16 7 5
16 8 5
16 9 5
16 10 3
16 11 4
16 12 4
16 13 1
16 14 1
16 15 2
17 0 4
17 1 1
17 2 4
17 3 2
17 4 4
17 5 3
17 6 4
17 7 1
17 8 1
17 9 5
17 10 1
17 11 1
17 12 2
17 13 3
17 14 4
17 15 1
17 16 2
18 0 3
18 1 4
18 2 5
18 3 4
18 4 3
18 5 1
18 6 4
18 7 1
18 8 1
18 9 4
18 10 3
18 11 1
18 12 2
18 13 4
18 14 5
18 15 3
18 16 5
18 17 4
19 0 1
19 1 5
19 2 1
19 3 2
19 4 2
19 5 3
19 6 4
19 7 5
19 8 2
19 9 4
19 10 4
19 11 2
19 12 4
19 13 3
19 14 1
19 15 2
19 16 1
19 17 3
19 18 4
20 0 3
20 1 5
20 2 5
20 3 2
20 4 1
20 5 1
20 6 4
20 7 2
20 8 4
20 9 2
20 10 3
20 11 5
20 12 1
20 13 2
20 14 4
20 15 4
20 16 1
20 17 2
20 18 3
20 19 1
21 0 5
21 1 5
21 2 1
21 3 3
21 4 4
21 5 4
21 6 1
21 7 5
21 8 3
21 9 5
21 10 5
21 11 2
21 12 5
21 13 3
21 14 4
21 15 3
21 16 1
21 17 2
21 18 5
21 19 5
21 20 5
22 0 5
22 1 2
22 2 4
22 3 4
22 4 1
22 5 4
22 6 5
22 7 4
22 8 5
22 9 5
22 10 4
22 11 2
22 12 4
22 13 2
22 14 5
22 15 1
22 16 4
22 17 4
22 18 2
22 19 1
22 20 2
22 21 3
23 0 3
23 1 3
23 2 4
23 3 2
23 4 1
23 5 3
23 6 1
23 7 5
23 8 1
23 9 4
23 10 5
23 11 3
23 12 5
23 13 3
23 14 4
23 15 5
23 16 5
23 17 1
23 18 3
23 19 3
23 20 1
23 21 2
23 22 3
24 0 2
24 1 1
24 2 1
24 3 4
24 4 4
24 5 3
24 6 2
24 7 2
24 8 5
24 9 4
24 10 1
24 11 1
24 12 1
24 13 2
24 14 2
24 15 1
24 16 3
24 17 2
24 18 2
24 19 2
24 20 5
24 21 5
24 22 1
24 23 4
25 0 3
25 1 2
25 2 1
25 3 1
25 4 2
25 5 4
25 6 5
25 7 5
25 8 5
25 9 2
25 10 5
25 11 5
25 12 2
25 13 1
25 14 1
25 15 5
25 16 1
25 17 3
25 18 5
25 19 3
25 20 5
25 21 1
25 22 5
25 23 3
25 24 2
26 0 3
26 1 4
26 2 1
26 3 2
26 4 1
26 5 4
26 6 3
26 7 5
26 8 3
26 9 3
26 10 2
26 11 5
26 12 4
26 13 5
26 14 1
26 15 5
26 16 1
26 17 4
26 18 1
26 19 4
26 20 5
26 21 2
26 22 1
26 23 1
26 24 1
26 25 3
27 0 2
27 1 4
27 2 3
27 3 4
27 4 5
27 5 1
27 6 5
27 7 5
27 8 3
27 9 5
27 10 5
27 11 4
27 12 4
27 13 4
27 14 5
27 15 3
27 16 5
27 17 5
27 18 2
27 19 1
27 20 1
27 21 1
27 22 1
27 23 4
27 24 3
27 25 1
27 26 3
28 0 2
28 1 2
28 2 4
28 3 2
28 4 5
28 5 1
28 6 3
28 7 4
28 8 2
28 9 4
28 10 2
28 11 3
28 12 3
28 13 3
28 14 3
28 15 2
28 16 4
28 17 4
28 18 2
28 19 2
28 20 5
28 21 3
28 22 1
28 23 4
28 24 3
28 25 3
28 26 1
28 27 1
29 0 3
29 1 2
29 2 1
29 3 5
29 4 3
29 5 5
29 6 3
29 7 3
29 8 2
29 9 2
29 10 5
29 11 5
29 12 1
29 13 2
29 14 2
29 15 5
29 16 2
29 17 2
29 18 1
29 19 4
29 20 4
29 21 5
29 22 5
29 23 2
29 24 5
29 25 3
29 26 4
29 27 2
29 28 4
30 0 1
30 1 3
30 2 1
30 3 3
30 4 3
30 5 4
30 6 1
30 7 5
30 8 2
30 9 1
30 10 3
30 11 1
30 12 5
30 13 1
30 14 4
30 15 4
30 16 5
30 17 1
30 18 2
30 19 1
30 20 2
30 21 2
30 22 1
30 23 2
30 24 5
30 25 4
30 26 5
30 27 1
30 28 5
30 29 5
