13
1 0 27
2 0 17
2 1 39
3 0 11
3 1 10
3 2 26
4 0 40
4 1 16
4 2 53
4 3 36
5 0 39
5 1 12
5 2 48
5 3 34
5 4 2
6 0 2
6 1 45
6 2 14
6 3 14
6 4 4
6 5 58
7 0 45
7 1 57
7 2 60
7 3 28
7 4 1
7 5 1
7 6 60
8 0 10
8 1 38
8 2 42
8 3 60
8 4 57
8 5 48
8 6 5
8 7 34
9 0 14
9 1 44
9 2 10
9 3 20
9 4 29
9 5 34
9 6 50
9 7 59
9 8 35
10 0 57
10 1 30
10 2 50
10 3 47
10 4 28
10 5 40
10 6 8
10 7 41
10 8 9
10 9 1
11 0 6
11 1 54
11 2 9
11 3 14
11 4 23
11 5 60
11 6 31
11 7 45
11 8 48
11 9 20
11 10 1
12 0 31
12 1 8
12 2 10
12 3 49
12 4 16
12 5 50
12 6 15
12 7 55
12 8 20
12 9 6
12 10 29
12 11 28
