16
1 0 8
2 0 9
2 1 25
3 0 4
3 1 19
3 2 22
4 0 20
4 1 26
4 2 21
4 3 20
5 0 25
5 1 25
5 2 3
5 3 15
5 4 7
6 0 7
6 1 21
6 2 18
6 3 26
6 4 24
6 5 10
7 0 23
7 1 1
7 2 10
7 3 26
7 4 2
7 5 7
7 6 11
8 0 18
8 1 22
8 2 8
8 3 23
8 4 24
8 5 10
8 6 12
8 7 11
9 0 16
9 1 16
9 2 5
9 3 14
9 4 13
9 5 11
9 6 15
9 7 15
9 8 19
10 0 22
10 1 16
10 2 6
10 3 4
10 4 9
10 5 4
10 6 25
10 7 7
10 8 3
10 9 2
11 0 10
11 1 25
11 2 2
11 3 22
11 4 9
11 5 3
11 6 22
11 7 7
11 8 9
11 9 14
11 10 6
12 0 21
12 1 18
12 2 17
12 3 26
12 4 5
12 5 6
12 6 25
12 7 9
12 8 3
12 9 17
12 10 19
12 11 4
13 0 25
13 1 25
13 2 6
13 3 13
13 4 26
13 5 5
13 6 22
13 7 23
13 8 22
13 9 21
13 10 23
13 11 16
13 12 11
14 0 3
14 1 10
14 2 22
14 3 7
14 4 23
14 5 6
14 6 17
14 7 3
14 8 19
14 9 24
14 10 14
14 11 3
14 12 5
14 13 16
15 0 21
15 1 2
15 2 11
15 3 15
15 4 19
15 5 13
15 6 22
15 7 11
15 8 18
15 9 17
15 10 13
15 11 17
15 12 17
15 13 11
15 14 16
