36
2 1 25
4 0 35
4 1 6
4 3 17
5 0 21
5 2 25
5 4 1
6 1 46
6 2 42
6 3 30
6 5 18
7 0 3
7 5 46
8 0 43
8 3 24
8 4 34
8 7 32
9 0 20
9 1 11
9 2 40
9 5 11
9 6 31
9 8 49
10 0 6
10 2 18
10 5 14
10 6 24
10 7 20
11 1 30
11 6 40
11 7 38
11 8 20
11 10 13
12 2 6
12 3 15
12 6 25
12 8 27
12 9 43
12 10 3
13 5 31
13 8 25
13 9 24
13 11 7
14 0 47
14 2 31
14 3 4
14 4 7
14 5 49
14 7 16
14 9 44
14 12 41
15 1 33
15 2 16
15 3 19
15 4 4
15 5 42
15 9 10
15 11 2
15 12 7
16 7 2
16 9 15
16 10 50
16 12 22
16 13 36
16 14 5
16 15 36
17 1 35
17 2 8
17 5 47
17 8 2
17 11 23
18 2 21
18 3 24
18 5 5
18 10 18
18 14 41
18 17 39
19 0 6
19 3 7
19 6 2
19 8 33
19 9 26
20 2 30
20 3 1
20 4 10
20 5 30
20 6 36
20 12 37
20 14 3
20 15 22
20 16 39
20 17 5
20 19 17
21 1 19
21 2 39
21 3 6
21 4 40
21 5 38
21 6 22
21 9 50
21 10 4
21 11 37
21 12 38
21 13 42
21 14 12
21 19 18
22 0 8
22 1 31
22 5 40
22 6 33
22 8 45
22 9 19
22 12 42
22 13 46
22 16 33
22 17 12
22 18 33
22 21 49
23 0 22
23 2 37
23 5 40
23 8 32
23 9 1
23 11 27
23 12 17
23 14 23
23 16 30
23 17 35
23 18 10
23 19 43
23 21 30
24 3 16
24 4 36
24 6 30
24 8 29
24 9 19
24 14 40
24 15 41
24 18 43
24 22 32
24 23 31
25 1 3
25 4 7
25 5 1
25 11 43
25 12 29
25 14 34
25 17 39
25 19 1
25 20 17
25 22 2
26 2 40
26 4 36
26 5 26
26 9 49
26 10 20
26 14 29
26 17 43
26 20 47
26 22 28
26 23 15
26 24 9
27 1 44
27 3 10
27 7 43
27 12 20
27 13 48
27 14 9
27 16 50
27 20 10
27 22 12
27 25 3
27 26 8
28 0 40
28 5 37
28 6 9
28 8 9
28 10 20
28 11 10
28 12 25
28 14 16
28 19 18
28 22 10
28 23 42
29 1 4
29 4 25
29 7 15
29 10 48
29 11 38
29 13 48
29 16 30
29 17 40
29 18 18
29 19 16
29 21 43
29 22 6
29 24 5
29 26 32
29 27 15
30 1 16
30 2 33
30 3 21
30 6 34
30 7 16
30 9 28
30 12 38
30 14 19
30 15 10
30 17 4
30 18 46
30 20 25
30 21 6
30 22 7
30 25 37
30 28 12
30 29 40
31 0 23
31 3 32
31 5 40
31 6 11
31 7 37
31 8 32
31 11 44
31 12 16
31 14 44
31 20 6
31 21 33
31 22 46
31 28 42
31 29 41
32 0 6
32 1 38
32 3 34
32 4 33
32 5 13
32 7 36
32 8 35
32 12 36
32 15 50
32 20 30
32 21 38
32 23 26
32 25 49
32 27 11
33 1 24
33 2 12
33 3 45
33 6 1
33 7 9
33 10 37
33 12 3
33 15 38
33 16 23
33 17 16
33 20 36
33 21 28
33 23 49
33 27 3
33 31 39
33 32 9
34 2 2
34 3 46
34 4 19
34 5 6
34 6 13
34 9 5
34 10 38
34 11 44
34 12 18
34 15 4
34 16 18
34 17 20
34 22 47
34 23 26
34 26 31
34 29 17
34 30 47
34 33 4
35 0 23
35 1 3
35 4 5
35 5 5
35 6 44
35 11 13
35 16 11
35 17 7
35 20 9
35 21 30
35 24 35
35 26 9
35 27 35
35 30 18
35 31 46
35 32 47
35 33 15
