38
1 0 12
2 0 9
3 2 38
4 0 16
4 3 50
5 1 34
5 2 4
5 3 21
5 4 13
6 1 3
6 3 22
6 5 11
7 0 7
7 2 20
7 3 19
7 4 38
7 6 22
8 2 42
8 4 20
8 6 53
8 7 32
9 0 48
9 1 14
9 2 4
9 3 43
9 6 41
9 8 1
10 4 5
10 7 54
10 8 9
10 9 22
11 0 48
11 1 28
11 2 8
11 3 32
11 6 16
12 1 21
12 2 43
12 6 50
12 10 22
13 1 11
13 2 28
13 4 11
13 6 25
13 7 42
13 8 28
13 9 27
13 10 49
14 0 7
14 1 32
14 3 41
14 5 46
14 10 45
14 11 54
14 12 31
15 0 5
15 2 1
15 4 49
15 6 34
15 7 34
15 9 54
15 10 54
15 11 35
15 12 45
15 13 14
16 0 8
16 1 19
16 2 21
16 3 36
16 6 45
16 7 18
16 10 5
16 11 30
16 12 49
16 15 10
17 1 10
17 2 39
17 3 3
17 4 10
17 5 45
17 6 13
17 7 25
17 9 17
17 10 31
17 12 13
17 13 7
17 14 43
18 0 17
18 1 29
18 2 52
18 5 1
18 9 6
18 12 49
18 16 30
18 17 29
19 2 54
19 3 13
19 4 52
19 8 33
19 11 7
19 13 30
19 14 39
19 15 18
19 16 2
20 0 50
20 1 45
20 2 19
20 3 4
20 4 35
20 6 17
20 8 22
20 9 38
20 13 47
20 15 1
20 19 17
21 2 5
21 4 35
21 5 43
21 6 43
21 7 38
21 8 25
21 10 18
21 12 31
21 15 5
22 0 51
22 1 7
22 2 54
22 4 11
22 5 13
22 6 46
22 7 34
22 10 30
22 14 34
22 15 13
22 16 5
22 17 22
22 20 26
23 1 55
23 2 54
23 5 27
23 7 3
23 8 17
23 11 13
23 13 1
23 14 45
23 15 24
23 16 54
23 18 26
23 20 1
23 21 20
24 3 51
24 4 24
24 6 9
24 9 23
24 10 36
24 12 43
24 13 14
24 14 19
24 16 26
24 17 53
24 21 3
24 22 46
25 0 37
25 2 53
25 5 24
25 7 6
25 8 16
25 9 29
25 12 18
25 13 37
25 14 22
25 20 20
25 21 28
25 23 35
26 6 26
26 7 6
26 8 19
26 11 1
26 12 6
26 13 51
26 15 19
26 16 54
26 18 42
26 19 48
26 21 19
26 24 54
27 0 37
27 2 39
27 5 14
27 6 32
27 7 50
27 8 2
27 9 48
27 10 54
27 12 55
27 13 14
27 14 55
27 15 2
27 16 43
27 17 52
27 22 26
28 1 9
28 4 20
28 6 27
28 7 16
28 10 30
28 12 16
28 17 33
28 18 51
28 22 16
28 23 30
28 24 13
28 25 27
28 27 13
29 1 24
29 3 13
29 5 49
29 7 44
29 8 4
29 9 51
29 10 49
29 12 2
29 17 5
29 19 1
29 20 1
29 22 35
30 0 36
30 1 14
30 2 16
30 5 6
30 6 38
30 7 2
30 8 49
30 10 45
30 15 19
30 16 18
30 19 11
30 21 11
30 27 44
30 29 11
31 0 40
31 2 39
31 5 22
31 13 28
31 14 36
31 15 2
31 18 34
31 22 32
31 23 44
31 25 25
31 29 10
32 0 32
32 2 33
32 3 54
32 7 50
32 8 50
32 10 25
32 11 6
32 12 38
32 15 28
32 16 54
32 19 22
32 26 6
32 27 17
32 29 15
32 31 54
33 0 36
33 3 51
33 4 11
33 5 17
33 7 2
33 8 25
33 9 8
33 10 35
33 13 55
33 14 55
33 15 16
33 16 46
33 21 53
33 23 43
33 26 41
33 28 49
33 29 19
33 30 47
33 32 40
34 3 54
34 6 13
34 9 24
34 10 27
34 11 53
34 13 17
34 14 17
34 15 35
34 16 52
34 17 6
34 19 55
34 20 34
34 23 39
34 24 31
34 25 2
34 26 35
34 27 14
34 28 35
34 30 4
34 33 19
35 7 5
35 9 2
35 10 45
35 11 1
35 17 1
35 18 46
35 19 52
35 23 44
35 28 12
35 34 47
36 3 28
36 4 7
36 5 1
36 6 12
36 7 21
36 11 7
36 12 14
36 13 28
36 17 11
36 19 29
36 24 37
36 25 8
36 26 23
36 29 46
36 30 7
36 34 37
36 35 32
37 2 48
37 8 45
37 14 23
37 15 14
37 16 53
37 20 35
37 21 8
37 23 22
37 24 37
37 26 10
37 27 34
37 28 11
37 30 34
37 31 31
37 36 26
