47
1 0 1
2 0 7
2 1 3
3 0 6
3 1 6
3 2 6
4 0 4
4 1 7
4 2 4
4 3 2
5 0 5
5 1 1
5 2 8
5 3 2
5 4 7
6 0 4
6 1 4
6 2 1
6 3 5
6 4 1
6 5 4
7 0 5
7 1 1
7 2 8
7 3 4
7 4 5
7 5 3
7 6 4
8 0 5
8 1 8
8 2 6
8 3 3
8 4 7
8 5 3
8 6 8
8 7 7
9 0 1
9 1 5
9 2 5
9 3 3
9 4 2
9 5 1
9 6 8
9 7 8
9 8 3
10 0 3
10 1 1
10 2 8
10 3 3
10 4 8
10 5 4
10 6 3
10 7 3
10 8 8
10 9 5
11 0 5
11 1 5
11 2 2
11 3 7
11 4 1
11 5 3
11 6 1
11 7 7
11 8 7
11 9 1
11 10 8
12 0 8
12 1 5
12 2 7
12 3 3
12 4 2
12 5 2
12 6 5
12 7 4
12 8 2
12 9 1
12 10 8
12 11 3
13 0 7
13 1 8
13 2 8
13 3 6
13 4 1
13 5 6
13 6 1
13 7 5
13 8 5
13 9 1
13 10 6
13 11 3
13 12 1
14 0 6
14 1 2
14 2 8
14 3 2
14 4 5
14 5 4
14 6 8
14 7 7
14 8 6
14 9 1
14 10 1
14 11 3
14 12 3
14 13 4
15 0 6
15 1 5
15 2 7
15 3 5
15 4 5
15 5 8
15 6 2
15 7 3
15 8 3
15 9 3
15 10 4
15 11 3
15 12 2
15 13 6
15 14 2
16 0 3
16 1 4
16 2 3
16 3 8
16 4 3
16 5 6
16 6 8
16 7 3
16 8 4
16 9 6
16 10 7
16 11 4
16 12 4
16 13 1
16 14 8
16 15 2
17 0 8
17 1 7
17 2 6
17 3 6
17 4 6
17 5 7
17 6 2
17 7 1
17 8 3
17 9 6
17 10 3
17 11 7
17 12 2
17 13 3
17 14 6
17 15 6
17 16 3
18 0 1
18 1 3
18 2 2
18 3 7
18 4 2
18 5 3
18 6 1
18 7 2
18 8 1
18 9 5
18 10 3
18 11 1
18 12 5
18 13 6
18 14 8
18 15 4
18 16 1
18 17 4
19 0 3
19 1 6
19 2 4
19 3 3
19 4 3
19 5 2
19 6 5
19 7 1
19 8 7
19 9 8
19 10 3
19 11 6
19 12 2
19 13 2
19 14 1
19 15 5
19 16 8
19 17 2
19 18 1
20 0 2
20 1 5
20 2 2
20 3 3
20 4 1
20 5 3
20 6 7
20 7 3
20 8 3
20 9 7
20 10 7
20 11 5
20 12 3
20 13 8
20 14 3
20 15 7
20 16 5
20 17 5
20 18 6
20 19 2
21 0 1
21 1 2
21 2 7
21 3 1
21 4 4
21 5 4
21 6 6
21 7 2
21 8 4
21 9 5
21 10 2
21 11 7
21 12 8
21 13 6
21 14 2
21 15 1
21 16 8
21 17 8
21 18 4
21 19 3
21 20 3
22 0 5
22 1 2
22 2 2
22 3 8
22 4 7
22 5 4
22 6 4
22 7 5
22 8 4
22 9 6
22 10 2
22 11 1
22 12 2
22 13 6
22 14 1
22 15 3
22 16 4
22 17 5
22 18 4
22 19 8
22 20 1
22 21 2
23 0 4
23 1 2
23 2 3
23 3 8
23 4 8
23 5 1
23 6 6
23 7 5
23 8 8
23 9 8
23 10 8
23 11 5
23 12 6
23 13 6
23 14 1
23 15 4
23 16 3
23 17 4
23 18 3
23 19 7
23 20 4
23 21 3
23 22 1
24 0 8
24 1 4
24 2 1
24 3 3
24 4 5
24 5 4
24 6 5
24 7 3
24 8 1
24 9 6
24 10 1
24 11 2
24 12 2
24 13 2
24 14 3
24 15 7
24 16 6
24 17 4
24 18 8
24 19 2
24 20 4
24 21 7
24 22 8
24 23 2
25 0 7
25 1 3
25 2 8
25 3 7
25 4 4
25 5 6
25 6 4
25 7 8
25 8 1
25 9 7
25 10 5
25 11 6
25 12 7
25 13 8
25 14 4
25 15 8
25 16 5
25 17 7
25 18 7
25 19 6
25 20 8
25 21 7
25 22 4
25 23 1
25 24 8
26 0 8
26 1 8
26 2 4
26 3 4
26 4 6
26 5 5
26 6 6
26 7 5
26 8 8
26 9 5
26 10 8
26 11 4
26 12 3
26 13 6
26 14 2
26 15 8
26 16 3
26 17 6
26 18 1
26 19 8
26 20 5
26 21 3
26 22 2
26 23 8
26 24 7
26 25 8
27 0 3
27 1 5
27 2 8
27 3 6
27 4 7
27 5 2
27 6 4
27 7 8
27 8 1
27 9 6
27 10 2
27 11 6
27 12 6
27 13 3
27 14 6
27 15 6
27 16 5
27 17 7
27 18 1
27 19 6
27 20 1
27 21 1
27 22 1
27 23 1
27 24 7
27 25 1
27 26 5
28 0 1
28 1 6
28 2 6
28 3 5
28 4 1
28 5 8
28 6 8
28 7 2
28 8 1
28 9 5
28 10 8
28 11 2
28 12 8
28 13 5
28 14 1
28 15 1
28 16 5
28 17 6
28 18 2
28 19 1
28 20 6
28 21 4
28 22 6
28 23 5
28 24 3
28 25 6
28 26 4
28 27 1
29 0 6
29 1 8
29 2 5
29 3 3
29 4 2
29 5 2
29 6 3
29 7 1
29 8 2
29 9 2
29 10 2
29 11 6
29 12 3
29 13 6
29 14 4
29 15 6
29 16 5
29 17 1
29 18 7
29 19 4
29 20 1
29 21 8
29 22 1
29 23 6
29 24 8
29 25 6
29 26 7
29 27 5
29 28 8
30 0 1
30 1 6
30 2 4
30 3 2
30 4 8
30 5 3
30 6 4
30 7 5
30 8 4
30 9 4
30 10 3
30 11 1
30 12 5
30 13 7
30 14 4
30 15 3
30 16 3
30 17 1
30 18 7
30 19 6
30 20 1
30 21 2
30 22 5
30 23 2
30 24 1
30 25 8
30 26 5
30 27 2
30 28 2
30 29 7
31 0 4
31 1 2
31 2 8
31 3 5
31 4 3
31 5 6
31 6 1
31 7 2
31 8 4
31 9 2
31 10 6
31 11 8
31 12 4
31 13 4
31 14 8
31 15 3
31 16 7
31 17 7
31 18 2
31 19 3
31 20 7
31 21 2
31 22 7
31 23 4
31 24 1
31 25 1
31 26 1
31 27 8
31 28 7
31 29 2
31 30 4
32 0 4
32 1 5
32 2 6
32 3 8
32 4 6
32 5 4
32 6 6
32 7 1
32 8 6
32 9 5
32 10 5
32 11 7
32 12 3
32 13 4
32 14 4
32 15 5
32 16 6
32 17 7
32 18 7
32 19 2
32 20 3
32 21 3
32 22 4
32 23 1
32 24 6
32 25 1
32 26 8
32 27 3
32 28 6
32 29 4
32 30 6
32 31 4
33 0 6
33 1 4
33 2 3
33 3 1
33 4 4
33 5 3
33 6 2
33 7 7
33 8 2
33 9 3
33 10 2
33 11 7
33 12 1
33 13 7
33 14 7
33 15 4
33 16 7
33 17 7
33 18 7
33 19 4
33 20 3
33 21 2
33 22 5
33 23 1
33 24 1
33 25 3
33 26 4
33 27 6
33 28 6
33 29 3
33 30 3
33 31 1
33 32 3
34 0 8
34 1 4
34 2 4
34 3 7
34 4 4
34 5 3
34 6 4
34 7 1
34 8 7
34 9 4
34 10 1
34 11 8
34 12 5
34 13 8
34 14 7
34 15 5
34 16 6
34 17 3
34 18 8
34 19 4
34 20 4
34 21 7
34 22 1
34 23 4
34 24 3
34 25 4
34 26 2
34 27 5
34 28 1
34 29 7
34 30 5
34 31 8
34 32 3
34 33 6
35 0 3
35 1 1
35 2 8
35 3 7
35 4 6
35 5 1
35 6 6
35 7 3
35 8 3
35 9 1
35 10 8
35 11 4
35 12 2
35 13 2
35 14 4
35 15 6
35 16 1
35 17 2
35 18 6
35 19 7
35 20 3
35 21 5
35 22 3
35 23 7
35 24 8
35 25 4
35 26 2
35 27 6
35 28 5
35 29 6
35 30 6
35 31 4
35 32 6
35 33 4
35 34 4
36 0 2
36 1 6
36 2 8
36 3 7
36 4 6
36 5 2
36 6 6
36 7 8
36 8 4
36 9 6
36 10 3
36 11 5
36 12 1
36 13 8
36 14 3
36 15 1
36 16 6
36 17 8
36 18 7
36 19 7
36 20 5
36 21 4
36 22 7
36 23 5
36 24 2
36 25 5
36 26 7
36 27 3
36 28 6
36 29 1
36 30 2
36 31 3
36 32 5
36 33 3
36 34 1
36 35 4
37 0 1
37 1 7
37 2 5
37 3 6
37 4 7
37 5 4
37 6 1
37 7 6
37 8 6
37 9 6
37 10 1
37 11 1
37 12 4
37 13 2
37 14 3
37 15 6
37 16 1
37 17 1
37 18 3
37 19 2
37 20 4
37 21 2
37 22 7
37 23 8
37 24 4
37 25 4
37 26 1
37 27 5
37 28 7
37 29 3
37 30 3
37 31 3
37 32 3
37 33 1
37 34 2
37 35 3
37 36 2
38 0 6
38 1 1
38 2 6
38 3 3
38 4 5
38 5 1
38 6 3
38 7 4
38 8 7
38 9 7
38 10 6
38 11 1
38 12 4
38 13 1
38 14 1
38 15 2
38 16 1
38 17 7
38 18 5
38 19 3
38 20 6
38 21 4
38 22 2
38 23 2
38 24 3
38 25 6
38 26 3
38 27 7
38 28 2
38 29 6
38 30 7
38 31 6
38 32 3
38 33 8
38 34 6
38 35 6
38 36 4
38 37 6
39 0 3
39 1 3
39 2 5
39 3 7
39 4 5
39 5 5
39 6 2
39 7 1
39 8 4
39 9 7
39 10 1
39 11 6
39 12 6
39 13 1
39 14 1
39 15 5
39 16 4
39 17 7
39 18 7
39 19 4
39 20 1
39 21 1
39 22 1
39 23 7
39 24 6
39 25 6
39 26 7
39 27 7
39 28 6
39 29 1
39 30 7
39 31 8
39 32 2
39 33 5
39 34 3
39 35 1
39 36 4
39 37 6
39 38 6
40 0 6
40 1 2
40 2 5
40 3 2
40 4 6
40 5 7
40 6 7
40 7 7
40 8 1
40 9 2
40 10 7
40 11 6
40 12 6
40 13 1
40 14 2
40 15 7
40 16 6
40 17 8
40 18 7
40 19 6
40 20 7
40 21 6
40 22 4
40 23 6
40 24 2
40 25 3
40 26 6
40 27 1
40 28 7
40 29 8
40 30 8
40 31 4
40 32 1
40 33 5
40 34 7
40 35 3
40 36 1
40 37 5
40 38 7
40 39 4
41 0 1
41 1 1
41 2 1
41 3 1
41 4 1
41 5 4
41 6 2
41 7 2
41 8 1
41 9 6
41 10 4
41 11 7
41 12 5
41 13 1
41 14 2
41 15 8
41 16 8
41 17 7
41 18 4
41 19 4
41 20 1
41 21 6
41 22 8
41 23 6
41 24 8
41 25 3
41 26 5
41 27 3
41 28 2
41 29 8
41 30 5
41 31 8
41 32 4
41 33 7
41 34 5
41 35 2
41 36 4
41 37 2
41 38 3
41 39 7
41 40 8
42 0 8
42 1 5
42 2 8
42 3 2
42 4 6
42 5 6
42 6 2
42 7 5
42 8 3
42 9 2
42 10 3
42 11 7
42 12 3
42 13 6
42 14 5
42 15 4
42 16 1
42 17 6
42 18 1
42 19 3
42 20 8
42 21 3
42 22 8
42 23 3
42 24 5
42 25 1
42 26 8
42 27 2
42 28 7
42 29 1
42 30 3
42 31 8
42 32 5
42 33 5
42 34 3
42 35 4
42 36 2
42 37 2
42 38 3
42 39 4
42 40 4
42 41 1
43 0 5
43 1 4
43 2 2
43 3 3
43 4 6
43 5 6
43 6 4
43 7 8
43 8 4
43 9 7
43 10 2
43 11 7
43 12 5
43 13 6
43 14 4
43 15 7
43 16 2
43 17 4
43 18 3
43 19 8
43 20 7
43 21 5
43 22 5
43 23 2
43 24 5
43 25 7
43 26 7
43 27 6
43 28 1
43 29 1
43 30 3
43 31 5
43 32 5
43 33 8
43 34 1
43 35 1
43 36 8
43 37 1
43 38 6
43 39 4
43 40 5
43 41 5
43 42 8
44 0 4
44 1 7
44 2 8
44 3 7
44 4 1
44 5 6
44 6 2
44 7 5
44 8 1
44 9 8
44 10 2
44 11 5
44 12 1
44 13 6
44 14 5
44 15 7
44 16 5
44 17 7
44 18 6
44 19 5
44 20 4
44 21 3
44 22 2
44 23 8
44 24 3
44 25 2
44 26 4
44 27 5
44 28 1
44 29 2
44 30 7
44 31 8
44 32 7
44 33 5
44 34 6
44 35 1
44 36 6
44 37 6
44 38 7
44 39 5
44 40 4
44 41 3
44 42 6
44 43 2
45 0 4
45 1 5
45 2 3
45 3 3
45 4 5
45 5 5
45 6 1
45 7 7
45 8 2
45 9 3
45 10 1
45 11 1
45 12 4
45 13 1
45 14 4
45 15 5
45 16 4
45 17 8
45 18 1
45 19 6
45 20 8
45 21 4
45 22 2
45 23 4
45 24 7
45 25 2
45 26 2
45 27 7
45 28 1
45 29 1
45 30 5
45 31 8
45 32 4
45 33 8
45 34 1
45 35 4
45 36 4
45 37 5
45 38 3
45 39 5
45 40 4
45 41 8
45 42 2
45 43 2
45 44 4
46 0 2
46 1 5
46 2 8
46 3 3
46 4 5
46 5 8
46 6 8
46 7 3
46 8 4
46 9 1
46 10 6
46 11 7
46 12 2
46 13 8
46 14 5
46 15 1
46 16 4
46 17 4
46 18 6
46 19 2
46 20 6
46 21 5
46 22 5
46 23 4
46 24 4
46 25 7
46 26 8
46 27 8
46 28 4
46 29 5
46 30 7
46 31 7
46 32 2
46 33 7
46 34 1
46 35 3
46 36 4
46 37 4
46 38 8
46 39 5
46 40 8
46 41 6
46 42 1
46 43 7
46 44 7
46 45 1
