36
2 1 4
3 1 9
3 2 4
4 0 6
4 2 16
4 3 6
5 0 1
5 1 6
5 3 7
5 4 15
6 2 4
6 5 9
7 0 19
7 2 17
7 3 1
7 4 16
7 5 1
8 0 10
8 1 21
8 2 15
8 3 8
8 4 16
8 6 2
8 7 25
9 0 7
9 2 16
9 4 18
9 5 10
9 7 16
9 8 19
10 1 9
10 2 9
10 4 23
10 5 18
10 6 8
10 7 20
11 2 20
11 5 7
11 6 12
11 10 7
12 0 19
12 2 19
12 4 24
12 5 14
12 7 11
12 9 25
12 11 3
13 2 12
13 4 19
13 5 19
13 8 19
13 9 11
13 10 17
13 12 19
14 0 25
14 1 20
14 2 5
14 3 8
14 4 11
14 6 21
14 7 7
14 8 25
14 10 16
14 11 9
15 0 23
15 5 12
15 9 11
15 10 22
15 13 12
15 14 10
16 0 8
16 2 1
16 3 19
16 4 4
16 6 7
16 7 7
16 8 17
16 9 2
16 15 21
17 0 10
17 1 14
17 3 8
17 4 5
17 6 16
17 8 22
17 9 7
17 12 11
17 13 9
17 14 5
17 16 17
18 2 24
18 3 18
18 4 17
18 10 24
18 11 1
18 13 23
19 1 21
19 3 11
19 5 5
19 8 23
19 9 25
19 10 9
19 11 25
19 12 20
19 14 14
19 17 2
20 0 22
20 1 18
20 2 19
20 3 13
20 4 18
20 6 24
20 8 24
20 9 22
20 10 13
20 11 10
20 12 22
20 17 16
20 19 9
21 0 14
21 5 2
21 11 23
21 15 10
21 17 25
21 19 1
22 1 23
22 2 20
22 3 20
22 12 15
22 13 3
22 16 3
22 19 22
22 21 2
23 1 4
23 3 8
23 4 14
23 6 15
23 8 24
23 9 22
23 11 14
23 12 20
23 13 12
23 15 23
23 16 4
23 17 18
23 18 3
23 19 20
23 20 11
23 21 19
23 22 10
24 0 13
24 3 5
24 6 13
24 7 21
24 8 11
24 9 19
24 10 2
24 11 19
24 13 16
24 14 2
24 20 22
24 22 24
24 23 17
25 1 7
25 5 5
25 8 12
25 11 17
25 13 3
25 16 13
25 17 17
25 21 21
25 24 18
26 0 4
26 1 15
26 2 3
26 4 3
26 6 3
26 7 25
26 8 19
26 11 7
26 13 22
26 15 20
26 16 4
26 17 9
26 19 18
27 2 20
27 4 11
27 5 14
27 6 11
27 7 7
27 9 9
27 10 5
27 11 14
27 14 11
27 16 18
27 18 15
27 19 22
27 20 23
27 23 13
27 24 12
27 25 17
28 0 25
28 5 25
28 6 16
28 8 2
28 9 7
28 11 16
28 13 17
28 15 21
28 16 12
28 17 2
28 19 6
28 20 7
28 21 6
28 22 6
28 23 22
28 24 3
28 27 8
29 1 13
29 6 2
29 7 13
29 11 22
29 12 19
29 13 7
29 16 21
29 17 2
29 18 12
29 19 14
29 28 15
30 1 1
30 2 19
30 4 1
30 6 1
30 8 16
30 11 21
30 12 23
30 13 12
30 14 16
30 15 3
30 17 18
30 19 2
30 20 25
30 21 2
30 24 16
30 27 24
30 28 16
31 1 6
31 2 15
31 3 25
31 7 11
31 8 22
31 9 7
31 10 5
31 12 25
31 13 20
31 14 3
31 15 14
31 16 6
31 19 9
31 21 5
31 22 23
31 23 16
31 24 7
31 27 6
31 28 12
31 29 13
31 30 7
32 0 7
32 1 21
32 3 9
32 4 4
32 5 23
32 6 2
32 7 2
32 12 21
32 13 6
32 14 15
32 17 2
32 19 1
32 23 12
32 24 7
32 26 16
32 27 22
32 30 22
32 31 1
33 1 7
33 4 12
33 5 4
33 6 24
33 9 3
33 17 18
33 19 7
33 21 5
33 22 13
33 24 20
33 25 10
34 0 19
34 1 16
34 4 25
34 5 10
34 9 5
34 10 21
34 16 15
34 17 11
34 19 17
34 20 19
34 22 23
34 24 18
34 26 20
34 27 24
34 28 1
34 29 22
34 30 19
34 31 11
34 32 6
35 0 16
35 4 3
35 5 1
35 9 7
35 10 9
35 11 15
35 14 2
35 15 1
35 16 24
35 21 6
35 23 21
35 28 8
35 31 16
