27
2 1 19
3 1 22
3 2 26
4 0 24
4 3 22
5 1 13
5 4 7
6 0 28
6 1 35
6 2 24
6 4 3
7 0 3
7 1 22
7 2 24
7 3 26
8 0 12
8 2 3
8 3 22
8 5 14
9 0 19
9 3 10
9 5 2
9 6 23
10 0 9
10 1 23
10 5 29
10 6 11
10 7 1
10 8 6
10 9 5
11 3 12
11 5 13
11 6 9
11 8 9
11 9 20
12 1 1
12 5 16
12 6 2
12 7 26
12 9 3
12 11 19
13 1 6
13 5 23
13 7 22
13 9 11
13 10 17
13 11 23
13 12 16
14 0 17
14 1 34
14 3 28
14 5 21
14 7 7
14 9 2
14 10 26
14 11 29
14 12 20
14 13 31
15 3 32
15 6 21
15 8 29
15 10 28
15 11 4
15 12 3
15 13 31
16 2 37
16 3 12
16 8 6
16 11 27
16 12 8
16 13 30
16 15 1
17 2 8
17 4 39
17 5 13
17 7 10
17 10 21
17 13 35
17 15 17
17 16 24
18 0 40
18 1 20
18 4 36
18 8 7
18 9 22
18 10 10
18 12 15
18 16 22
18 17 28
19 3 8
19 5 24
19 6 6
19 7 16
19 9 23
19 11 12
19 12 4
19 13 25
19 16 13
20 0 2
20 6 35
20 8 3
20 11 21
20 12 36
20 15 11
20 16 12
20 17 18
20 18 8
20 19 16
21 1 37
21 2 22
21 4 7
21 6 10
21 7 8
21 8 7
21 13 15
21 14 33
21 15 26
21 16 18
22 1 38
22 2 33
22 3 19
22 4 27
22 5 33
22 6 6
22 10 30
22 11 26
22 13 29
22 19 4
22 20 25
22 21 37
23 0 16
23 2 41
23 3 21
23 8 39
23 13 35
23 15 41
23 16 17
23 18 37
23 21 19
24 0 23
24 1 32
24 5 32
24 8 17
24 10 37
24 11 36
24 14 19
24 15 14
24 20 7
24 23 13
25 0 21
25 1 34
25 4 18
25 5 25
25 8 39
25 10 35
25 18 14
25 19 31
25 21 21
25 22 41
26 0 3
26 3 33
26 4 26
26 5 16
26 7 23
26 8 21
26 9 24
26 12 19
26 13 13
26 20 16
26 23 3
26 24 10
26 25 18
