30
1 0 1
3 1 2
3 2 1
4 0 3
5 0 2
5 1 4
5 2 1
5 3 3
5 4 3
6 3 3
6 4 2
7 1 4
7 2 2
7 4 1
8 2 2
8 3 1
8 5 1
8 6 4
9 2 4
9 3 1
9 5 4
9 6 4
9 8 1
10 1 1
10 2 1
10 6 4
10 7 4
10 9 3
11 3 3
11 4 3
11 5 4
11 6 2
11 7 2
11 9 3
12 0 1
12 1 4
12 4 2
12 6 1
12 7 3
12 11 3
13 1 3
13 2 1
13 3 3
13 4 2
13 6 1
13 8 4
13 9 4
13 10 2
14 1 2
14 2 1
14 3 4
14 5 4
14 6 4
14 7 4
14 11 4
15 1 4
15 6 1
15 8 2
15 9 4
15 10 4
15 11 4
15 14 3
16 1 2
16 2 4
16 4 1
16 7 4
16 13 3
16 15 4
17 0 2
17 4 1
17 5 4
17 6 2
17 7 2
17 8 4
17 15 3
17 16 1
18 1 2
18 2 4
18 3 2
18 10 4
18 12 4
18 13 3
18 16 1
18 17 2
19 0 2
19 1 1
19 2 4
19 4 2
19 8 4
19 10 1
19 12 2
19 13 2
19 14 2
19 15 2
19 16 2
19 18 3
20 1 4
20 2 4
20 6 3
20 7 3
20 11 2
20 12 1
20 17 2
21 0 2
21 1 4
21 6 3
21 7 2
21 9 1
21 10 1
21 11 2
21 12 3
21 17 4
21 18 2
21 20 3
22 1 4
22 3 1
22 4 2
22 5 1
22 6 1
22 7 1
22 8 1
22 11 3
22 13 3
22 14 1
22 15 4
22 19 3
22 20 1
23 1 4
23 2 1
23 3 1
23 5 1
23 6 3
23 8 4
23 11 2
23 12 3
23 13 3
23 14 3
23 16 3
23 18 4
23 19 4
23 20 2
23 22 1
24 2 3
24 3 2
24 5 1
24 6 2
24 10 1
24 12 2
24 13 3
24 16 3
24 18 3
25 0 2
25 1 3
25 2 4
25 5 2
25 7 4
25 10 1
25 13 4
25 14 1
25 15 3
25 17 4
25 20 4
25 21 3
25 23 4
26 3 3
26 4 1
26 5 2
26 6 4
26 7 4
26 8 1
26 12 4
26 14 3
26 15 4
26 17 3
26 18 3
26 19 1
26 20 4
26 22 3
26 23 2
26 24 4
26 25 2
27 0 4
27 2 3
27 3 1
27 4 1
27 5 4
27 6 4
27 7 1
27 10 1
27 12 1
27 16 2
27 19 1
27 20 4
27 21 1
27 22 4
27 24 3
27 25 3
28 0 1
28 1 3
28 2 4
28 4 3
28 9 1
28 10 2
28 11 1
28 12 2
28 13 3
28 14 4
28 16 3
28 17 3
28 18 2
28 19 4
28 26 1
28 27 1
29 0 4
29 2 1
29 6 1
29 10 4
29 11 4
29 13 4
29 14 1
29 15 1
29 16 3
29 17 2
29 18 3
29 19 3
29 20 3
29 21 3
29 25 2
29 26 4
