28
2 1 5
4 0 59
5 0 3
5 1 61
5 2 24
5 4 28
6 2 15
6 3 42
6 4 58
6 5 49
7 0 27
7 1 24
7 2 46
7 3 2
7 5 18
8 2 7
8 3 62
8 7 35
9 0 45
9 1 22
9 2 47
9 3 19
9 5 13
10 0 11
10 3 16
10 4 24
10 5 55
10 6 36
10 8 11
10 9 50
11 5 43
11 7 28
11 8 15
11 10 31
12 0 21
12 1 3
12 3 25
12 7 48
12 8 3
12 9 53
12 10 6
12 11 15
13 1 15
13 3 52
13 4 26
13 7 52
13 9 15
14 1 21
14 2 45
14 3 59
14 4 5
14 5 7
14 7 22
14 8 23
14 10 26
14 13 1
15 0 54
15 2 33
15 4 4
15 5 46
15 6 45
15 7 21
15 13 55
16 1 17
16 4 45
16 5 44
16 7 19
16 8 45
16 13 60
16 15 29
17 0 36
17 1 29
17 2 39
17 5 15
17 6 21
17 7 50
17 8 37
17 12 42
17 14 18
18 0 21
18 2 54
18 3 6
18 9 8
18 10 55
18 13 44
18 14 19
18 16 45
18 17 21
19 0 32
19 3 18
19 9 27
19 10 34
19 13 38
19 18 59
20 0 6
20 1 13
20 2 12
20 4 8
20 5 19
20 6 53
20 8 12
20 9 62
20 12 1
20 13 1
20 19 42
21 1 42
21 2 20
21 4 31
21 6 7
21 7 39
21 8 53
21 11 12
21 13 57
21 15 17
21 16 46
21 17 62
21 18 44
21 19 59
21 20 34
22 1 48
22 6 27
22 7 48
22 11 48
22 14 36
22 20 50
23 2 44
23 3 14
23 4 1
23 5 37
23 6 50
23 7 49
23 8 30
23 13 2
23 15 51
23 16 33
24 1 36
24 2 62
24 5 51
24 6 35
24 8 15
24 10 21
24 12 47
24 15 58
24 16 56
24 18 58
24 19 22
24 20 37
24 22 61
24 23 14
25 0 22
25 2 17
25 3 56
25 5 17
25 7 55
25 9 4
25 10 18
25 11 40
25 12 43
25 15 25
25 17 13
25 20 29
25 21 33
25 22 59
25 24 4
26 0 58
26 1 47
26 5 37
26 6 51
26 7 26
26 9 35
26 11 22
26 12 26
26 21 48
26 22 25
27 0 3
27 1 13
27 2 22
27 8 34
27 9 52
27 19 40
27 21 2
27 22 2
27 23 15
27 26 32
