21
1 0 10
2 0 9
2 1 36
3 0 57
3 1 43
3 2 22
4 0 49
4 1 30
4 2 3
4 3 47
5 0 23
5 1 17
5 2 34
5 3 8
5 4 4
6 0 61
6 1 44
6 2 22
6 3 53
6 4 40
6 5 37
7 0 56
7 1 14
7 2 15
7 3 43
7 4 66
7 5 49
7 6 27
8 0 19
8 1 2
8 2 55
8 3 12
8 4 48
8 5 8
8 6 27
8 7 21
9 0 44
9 1 30
9 2 60
9 3 48
9 4 52
9 5 54
9 6 15
9 7 33
9 8 61
10 0 30
10 1 33
10 2 22
10 3 38
10 4 10
10 5 38
10 6 27
10 7 14
10 8 33
10 9 33
11 0 10
11 1 27
11 2 15
11 3 39
11 4 18
11 5 42
11 6 48
11 7 46
11 8 3
11 9 39
11 10 21
12 0 52
12 1 55
12 2 4
12 3 57
12 4 1
12 5 12
12 6 58
12 7 46
12 8 59
12 9 65
12 10 26
12 11 6
13 0 8
13 1 48
13 2 37
13 3 42
13 4 24
13 5 39
13 6 38
13 7 20
13 8 62
13 9 2
13 10 38
13 11 3
13 12 11
14 0 9
14 1 64
14 2 16
14 3 57
14 4 54
14 5 20
14 6 17
14 7 19
14 8 44
14 9 45
14 10 6
14 11 41
14 12 65
14 13 27
15 0 39
15 1 27
15 2 31
15 3 6
15 4 1
15 5 62
15 6 22
15 7 24
15 8 55
15 9 23
15 10 5
15 11 20
15 12 61
15 13 60
15 14 64
16 0 57
16 1 43
16 2 49
16 3 6
16 4 64
16 5 29
16 6 1
16 7 39
16 8 9
16 9 65
16 10 25
16 11 14
16 12 59
16 13 66
16 14 2
16 15 31
17 0 6
17 1 12
17 2 57
17 3 5
17 4 2
17 5 1
17 6 29
17 7 20
17 8 11
17 9 16
17 10 58
17 11 29
17 12 23
17 13 28
17 14 51
17 15 47
17 16 23
18 0 50
18 1 52
18 2 5
18 3 62
18 4 7
18 5 34
18 6 53
18 7 42
18 8 66
18 9 56
18 10 64
18 11 7
18 12 53
18 13 56
18 14 5
18 15 47
18 16 45
18 17 51
19 0 23
19 1 48
19 2 53
19 3 1
19 4 41
19 5 13
19 6 58
19 7 58
19 8 60
19 9 32
19 10 12
19 11 35
19 12 46
19 13 64
19 14 36
19 15 37
19 16 62
19 17 27
19 18 57
20 0 63
20 1 20
20 2 4
20 3 20
20 4 29
20 5 42
20 6 22
20 7 8
20 8 37
20 9 29
20 10 51
20 11 53
20 12 50
20 13 15
20 14 42
20 15 65
20 16 37
20 17 20
20 18 14
20 19 18
