61
1 0 37
2 0 49
2 1 28
3 0 25
3 1 11
3 2 28
4 0 1
4 1 49
4 2 48
4 3 32
5 0 40
5 1 30
5 2 52
5 3 19
5 4 3
6 0 5
6 1 58
6 2 49
6 3 5
6 4 33
6 5 44
7 0 35
7 1 49
7 2 50
7 3 30
7 4 59
7 5 53
7 6 36
8 0 5
8 1 36
8 2 59
8 3 3
8 4 18
8 5 53
8 6 12
8 7 28
9 0 43
9 1 24
9 2 52
9 3 11
9 4 59
9 5 12
9 6 18
9 7 20
9 8 40
10 0 1
10 1 27
10 2 48
10 3 17
10 4 39
10 5 32
10 6 6
10 7 20
10 8 35
10 9 5
11 0 58
11 1 6
11 2 26
11 3 53
11 4 12
11 5 41
11 6 12
11 7 6
11 8 34
11 9 49
11 10 19
12 0 55
12 1 20
12 2 51
12 3 37
12 4 14
12 5 32
12 6 27
12 7 14
12 8 38
12 9 40
12 10 44
12 11 37
13 0 1
13 1 4
13 2 49
13 3 30
13 4 35
13 5 46
13 6 5
13 7 19
13 8 46
13 9 39
13 10 34
13 11 24
13 12 52
14 0 10
14 1 30
14 2 7
14 3 46
14 4 2
14 5 27
14 6 31
14 7 34
14 8 39
14 9 5
14 10 33
14 11 53
14 12 9
14 13 12
15 0 23
15 1 51
15 2 8
15 3 43
15 4 50
15 5 28
15 6 50
15 7 40
15 8 52
15 9 34
15 10 12
15 11 15
15 12 20
15 13 43
15 14 41
16 0 50
16 1 53
16 2 39
16 3 23
16 4 16
16 5 30
16 6 13
16 7 28
16 8 48
16 9 54
16 10 50
16 11 2
16 12 35
16 13 6
16 14 59
16 15 52
17 0 40
17 1 41
17 2 17
17 3 48
17 4 37
17 5 39
17 6 48
17 7 42
17 8 35
17 9 50
17 10 27
17 11 58
17 12 12
17 13 12
17 14 48
17 15 30
17 16 32
18 0 43
18 1 58
18 2 12
18 3 26
18 4 24
18 5 36
18 6 33
18 7 21
18 8 56
18 9 46
18 10 5
18 11 1
18 12 44
18 13 38
18 14 13
18 15 22
18 16 27
18 17 56
19 0 21
19 1 27
19 2 19
19 3 47
19 4 54
19 5 28
19 6 2
19 7 14
19 8 45
19 9 52
19 10 34
19 11 38
19 12 13
19 13 39
19 14 28
19 15 5
19 16 29
19 17 41
19 18 36
20 0 41
20 1 35
20 2 2
20 3 10
20 4 15
20 5 26
20 6 46
20 7 33
20 8 17
20 9 23
20 10 21
20 11 19
20 12 10
20 13 54
20 14 43
20 15 27
20 16 32
20 17 23
20 18 52
20 19 38
21 0 33
21 1 13
21 2 22
21 3 9
21 4 59
21 5 35
21 6 56
21 7 35
21 8 11
21 9 45
21 10 28
21 11 45
21 12 18
21 13 36
21 14 43
21 15 12
21 16 35
21 17 52
21 18 44
21 19 10
21 20 23
22 0 14
22 1 45
22 2 18
22 3 58
22 4 15
22 5 57
22 6 1
22 7 56
22 8 43
22 9 39
22 10 30
22 11 16
22 12 9
22 13 26
22 14 48
22 15 23
22 16 7
22 17 33
22 18 26
22 19 5
22 20 2
22 21 33
23 0 26
23 1 49
23 2 20
23 3 48
23 4 49
23 5 59
23 6 13
23 7 41
23 8 54
23 9 53
23 10 25
23 11 21
23 12 48
23 13 47
23 14 45
23 15 16
23 16 24
23 17 21
23 18 20
23 19 20
23 20 5
23 21 52
23 22 27
24 0 1
24 1 32
24 2 33
24 3 5
24 4 29
24 5 14
24 6 37
24 7 2
24 8 29
24 9 5
24 10 52
24 11 19
24 12 38
24 13 58
24 14 10
24 15 26
24 16 51
24 17 43
24 18 47
24 19 19
24 20 2
24 21 41
24 22 49
24 23 27
25 0 48
25 1 23
25 2 57
25 3 21
25 4 46
25 5 33
25 6 6
25 7 12
25 8 45
25 9 32
25 10 5
25 11 29
25 12 12
25 13 9
25 14 18
25 15 5
25 16 12
25 17 6
25 18 41
25 19 50
25 20 11
25 21 49
25 22 45
25 23 41
25 24 28
26 0 19
26 1 34
26 2 7
26 3 23
26 4 14
26 5 40
26 6 1
26 7 24
26 8 16
26 9 25
26 10 44
26 11 38
26 12 47
26 13 25
26 14 37
26 15 35
26 16 14
26 17 49
26 18 12
26 19 4
26 20 22
26 21 41
26 22 15
26 23 31
26 24 51
26 25 40
27 0 1
27 1 26
27 2 42
27 3 57
27 4 21
27 5 16
27 6 5
27 7 52
27 8 49
27 9 14
27 10 11
27 11 48
27 12 51
27 13 1
27 14 45
27 15 21
27 16 17
27 17 54
27 18 25
27 19 37
27 20 12
27 21 14
27 22 17
27 23 32
27 24 55
27 25 56
27 26 2
28 0 5
28 1 19
28 2 42
28 3 46
28 4 4
28 5 48
28 6 2
28 7 15
28 8 1
28 9 57
28 10 4
28 11 12
28 12 55
28 13 21
28 14 7
28 15 52
28 16 11
28 17 9
28 18 18
28 19 10
28 20 52
28 21 39
28 22 29
28 23 50
28 24 18
28 25 38
28 26 42
28 27 38
29 0 18
29 1 13
29 2 41
29 3 20
29 4 54
29 5 47
29 6 55
29 7 15
29 8 16
29 9 7
29 10 44
29 11 25
29 12 44
29 13 24
29 14 15
29 15 38
29 16 6
29 17 27
29 18 52
29 19 7
29 20 41
29 21 46
29 22 7
29 23 19
29 24 10
29 25 25
29 26 39
29 27 16
29 28 23
30 0 55
30 1 54
30 2 32
30 3 10
30 4 34
30 5 45
30 6 32
30 7 25
30 8 1
30 9 51
30 10 46
30 11 32
30 12 40
30 13 1
30 14 26
30 15 4
30 16 47
30 17 19
30 18 12
30 19 26
30 20 48
30 21 8
30 22 22
30 23 42
30 24 28
30 25 5
30 26 36
30 27 55
30 28 4
30 29 38
31 0 43
31 1 41
31 2 21
31 3 5
31 4 35
31 5 36
31 6 23
31 7 36
31 8 59
31 9 4
31 10 5
31 11 12
31 12 57
31 13 27
31 14 13
31 15 29
31 16 53
31 17 35
31 18 37
31 19 26
31 20 31
31 21 14
31 22 6
31 23 51
31 24 40
31 25 39
31 26 47
31 27 6
31 28 6
31 29 57
31 30 2
32 0 10
32 1 9
32 2 26
32 3 35
32 4 24
32 5 45
32 6 3
32 7 5
32 8 19
32 9 11
32 10 5
32 11 59
32 12 11
32 13 32
32 14 26
32 15 27
32 16 34
32 17 48
32 18 4
32 19 41
32 20 55
32 21 11
32 22 28
32 23 55
32 24 54
32 25 41
32 26 31
32 27 9
32 28 51
32 29 28
32 30 43
32 31 47
33 0 54
33 1 21
33 2 48
33 3 36
33 4 29
33 5 26
33 6 27
33 7 1
33 8 9
33 9 45
33 10 4
33 11 36
33 12 7
33 13 23
33 14 20
33 15 5
33 16 53
33 17 34
33 18 57
33 19 13
33 20 48
33 21 38
33 22 28
33 23 58
33 24 30
33 25 47
33 26 22
33 27 50
33 28 25
33 29 4
33 30 47
33 31 48
33 32 8
34 0 6
34 1 27
34 2 51
34 3 55
34 4 27
34 5 50
34 6 37
34 7 57
34 8 33
34 9 28
34 10 42
34 11 54
34 12 36
34 13 52
34 14 51
34 15 54
34 16 3
34 17 57
34 18 50
34 19 24
34 20 19
34 21 18
34 22 56
34 23 50
34 24 3
34 25 53
34 26 9
34 27 43
34 28 57
34 29 27
34 30 38
34 31 7
34 32 5
34 33 1
35 0 11
35 1 50
35 2 4
35 3 46
35 4 24
35 5 52
35 6 36
35 7 6
35 8 1
35 9 38
35 10 30
35 11 16
35 12 35
35 13 26
35 14 34
35 15 33
35 16 38
35 17 43
35 18 37
35 19 24
35 20 35
35 21 32
35 22 15
35 23 56
35 24 14
35 25 4
35 26 58
35 27 12
35 28 51
35 29 47
35 30 3
35 31 39
35 32 54
35 33 20
35 34 4
36 0 54
36 1 55
36 2 41
36 3 15
36 4 41
36 5 11
36 6 2
36 7 38
36 8 41
36 9 13
36 10 5
36 11 58
36 12 31
36 13 11
36 14 8
36 15 57
36 16 4
36 17 49
36 18 15
36 19 59
36 20 2
36 21 18
36 22 43
36 23 41
36 24 19
36 25 14
36 26 9
36 27 42
36 28 39
36 29 50
36 30 9
36 31 47
36 32 33
36 33 54
36 34 28
36 35 5
37 0 27
37 1 56
37 2 1
37 3 53
37 4 50
37 5 46
37 6 55
37 7 39
37 8 27
37 9 32
37 10 49
37 11 48
37 12 58
37 13 40
37 14 8
37 15 39
37 16 54
37 17 34
37 18 26
37 19 30
37 20 18
37 21 38
37 22 54
37 23 51
37 24 50
37 25 20
37 26 4
37 27 6
37 28 11
37 29 14
37 30 8
37 31 59
37 32 34
37 33 2
37 34 15
37 35 26
37 36 28
38 0 31
38 1 53
38 2 36
38 3 20
38 4 19
38 5 22
38 6 44
38 7 46
38 8 22
38 9 23
38 10 24
38 11 4
38 12 17
38 13 55
38 14 38
38 15 31
38 16 10
38 17 55
38 18 25
38 19 13
38 20 17
38 21 30
38 22 27
38 23 56
38 24 54
38 25 49
38 26 16
38 27 42
38 28 13
38 29 40
38 30 47
38 31 55
38 32 50
38 33 26
38 34 21
38 35 2
38 36 44
38 37 12
39 0 22
39 1 31
39 2 17
39 3 48
39 4 21
39 5 15
39 6 48
39 7 26
39 8 12
39 9 39
39 10 4
39 11 47
39 12 22
39 13 23
39 14 12
39 15 7
39 16 58
39 17 15
39 18 15
39 19 38
39 20 30
39 21 37
39 22 26
39 23 59
39 24 53
39 25 37
39 26 25
39 27 56
39 28 8
39 29 50
39 30 36
39 31 12
39 32 30
39 33 20
39 34 5
39 35 22
39 36 26
39 37 5
39 38 35
40 0 19
40 1 9
40 2 17
40 3 52
40 4 23
40 5 52
40 6 12
40 7 11
40 8 9
40 9 24
40 10 15
40 11 46
40 12 57
40 13 47
40 14 35
40 15 41
40 16 16
40 17 3
40 18 38
40 19 8
40 20 21
40 21 47
40 22 59
40 23 21
40 24 12
40 25 7
40 26 47
40 27 41
40 28 35
40 29 33
40 30 26
40 31 14
40 32 28
40 33 25
40 34 22
40 35 23
40 36 19
40 37 18
40 38 13
40 39 2
41 0 9
41 1 10
41 2 22
41 3 18
41 4 11
41 5 35
41 6 2
41 7 11
41 8 25
41 9 2
41 10 14
41 11 12
41 12 37
41 13 54
41 14 16
41 15 6
41 16 33
41 17 22
41 18 33
41 19 19
41 20 16
41 21 32
41 22 7
41 23 32
41 24 55
41 25 54
41 26 48
41 27 43
41 28 32
41 29 10
41 30 14
41 31 11
41 32 22
41 33 26
41 34 52
41 35 56
41 36 5
41 37 52
41 38 1
41 39 18
41 40 43
42 0 6
42 1 22
42 2 8
42 3 20
42 4 48
42 5 22
42 6 38
42 7 36
42 8 40
42 9 51
42 10 29
42 11 51
42 12 15
42 13 19
42 14 30
42 15 22
42 16 28
42 17 2
42 18 19
42 19 50
42 20 18
42 21 50
42 22 49
42 23 24
42 24 7
42 25 22
42 26 10
42 27 26
42 28 6
42 29 43
42 30 39
42 31 24
42 32 58
42 33 13
42 34 48
42 35 8
42 36 32
42 37 39
42 38 32
42 39 15
42 40 41
42 41 6
43 0 9
43 1 4
43 2 30
43 3 10
43 4 20
43 5 41
43 6 1
43 7 22
43 8 58
43 9 25
43 10 46
43 11 57
43 12 52
43 13 36
43 14 52
43 15 22
43 16 50
43 17 31
43 18 16
43 19 7
43 20 6
43 21 8
43 22 1
43 23 44
43 24 28
43 25 19
43 26 56
43 27 30
43 28 6
43 29 30
43 30 23
43 31 15
43 32 32
43 33 24
43 34 14
43 35 15
43 36 33
43 37 29
43 38 28
43 39 44
43 40 55
43 41 19
43 42 59
44 0 21
44 1 2
44 2 42
44 3 15
44 4 46
44 5 12
44 6 41
44 7 55
44 8 18
44 9 47
44 10 34
44 11 1
44 12 12
44 13 49
44 14 25
44 15 42
44 16 54
44 17 26
44 18 55
44 19 4
44 20 31
44 21 26
44 22 39
44 23 24
44 24 9
44 25 57
44 26 36
44 27 52
44 28 9
44 29 47
44 30 6
44 31 39
44 32 9
44 33 49
44 34 20
44 35 33
44 36 26
44 37 55
44 38 50
44 39 16
44 40 12
44 41 12
44 42 52
44 43 29
45 0 40
45 1 57
45 2 34
45 3 23
45 4 3
45 5 27
45 6 19
45 7 21
45 8 49
45 9 58
45 10 28
45 11 7
45 12 58
45 13 42
45 14 38
45 15 24
45 16 9
45 17 41
45 18 13
45 19 52
45 20 23
45 21 34
45 22 31
45 23 1
45 24 41
45 25 13
45 26 57
45 27 4
45 28 2
45 29 9
45 30 16
45 31 30
45 32 36
45 33 29
45 34 15
45 35 22
45 36 43
45 37 56
45 38 6
45 39 18
45 40 17
45 41 49
45 42 50
45 43 36
45 44 56
46 0 17
46 1 33
46 2 21
46 3 26
46 4 13
46 5 42
46 6 10
46 7 35
46 8 32
46 9 14
46 10 44
46 11 52
46 12 43
46 13 42
46 14 45
46 15 48
46 16 49
46 17 31
46 18 50
46 19 19
46 20 31
46 21 37
46 22 1
46 23 59
46 24 36
46 25 53
46 26 23
46 27 49
46 28 11
46 29 41
46 30 18
46 31 46
46 32 36
46 33 7
46 34 10
46 35 22
46 36 30
46 37 33
46 38 26
46 39 12
46 40 50
46 41 53
46 42 48
46 43 52
46 44 38
46 45 53
47 0 30
47 1 54
47 2 51
47 3 32
47 4 56
47 5 34
47 6 42
47 7 12
47 8 35
47 9 37
47 10 59
47 11 6
47 12 30
47 13 41
47 14 44
47 15 20
47 16 49
47 17 22
47 18 58
47 19 29
47 20 34
47 21 29
47 22 14
47 23 23
47 24 6
47 25 11
47 26 32
47 27 58
47 28 15
47 29 39
47 30 43
47 31 59
47 32 9
47 33 38
47 34 17
47 35 51
47 36 59
47 37 5
47 38 15
47 39 17
47 40 23
47 41 40
47 42 40
47 43 22
47 44 4
47 45 55
47 46 50
48 0 7
48 1 2
48 2 16
48 3 12
48 4 41
48 5 29
48 6 2
48 7 39
48 8 51
48 9 3
48 10 33
48 11 39
48 12 28
48 13 5
48 14 45
48 15 20
48 16 46
48 17 20
48 18 39
48 19 38
48 20 12
48 21 55
48 22 2
48 23 59
48 24 35
48 25 40
48 26 57
48 27 11
48 28 9
48 29 58
48 30 58
48 31 22
48 32 48
48 33 3
48 34 12
48 35 33
48 36 15
48 37 8
48 38 32
48 39 40
48 40 20
48 41 42
48 42 52
48 43 13
48 44 25
48 45 22
48 46 51
48 47 27
49 0 43
49 1 26
49 2 36
49 3 56
49 4 56
49 5 29
49 6 38
49 7 23
49 8 40
49 9 45
49 10 41
49 11 2
49 12 14
49 13 42
49 14 9
49 15 54
49 16 13
49 17 18
49 18 35
49 19 50
49 20 36
49 21 58
49 22 18
49 23 48
49 24 15
49 25 2
49 26 49
49 27 19
49 28 30
49 29 14
49 30 20
49 31 44
49 32 37
49 33 40
49 34 37
49 35 46
49 36 46
49 37 13
49 38 40
49 39 32
49 40 33
49 41 3
49 42 52
49 43 49
49 44 18
49 45 18
49 46 13
49 47 40
49 48 45
50 0 34
50 1 8
50 2 24
50 3 43
50 4 54
50 5 53
50 6 17
50 7 47
50 8 37
50 9 42
50 10 2
50 11 29
50 12 52
50 13 42
50 14 30
50 15 5
50 16 8
50 17 49
50 18 17
50 19 3
50 20 30
50 21 56
50 22 18
50 23 12
50 24 3
50 25 59
50 26 12
50 27 23
50 28 23
50 29 53
50 30 36
50 31 53
50 32 57
50 33 18
50 34 10
50 35 34
50 36 7
50 37 48
50 38 3
50 39 21
50 40 38
50 41 58
50 42 35
50 43 50
50 44 39
50 45 17
50 46 48
50 47 4
50 48 43
50 49 53
51 0 12
51 1 29
51 2 37
51 3 54
51 4 12
51 5 2
51 6 23
51 7 23
51 8 57
51 9 28
51 10 16
51 11 24
51 12 23
51 13 42
51 14 59
51 15 51
51 16 40
51 17 44
51 18 12
51 19 49
51 20 45
51 21 3
51 22 56
51 23 46
51 24 20
51 25 12
51 26 4
51 27 34
51 28 27
51 29 24
51 30 20
51 31 35
51 32 52
51 33 38
51 34 48
51 35 10
51 36 32
51 37 32
51 38 51
51 39 53
51 40 58
51 41 1
51 42 54
51 43 57
51 44 27
51 45 26
51 46 38
51 47 24
51 48 9
51 49 49
51 50 13
52 0 43
52 1 51
52 2 19
52 3 3
52 4 29
52 5 43
52 6 56
52 7 45
52 8 53
52 9 1
52 10 23
52 11 44
52 12 16
52 13 21
52 14 21
52 15 9
52 16 57
52 17 26
52 18 43
52 19 28
52 20 18
52 21 21
52 22 25
52 23 56
52 24 23
52 25 2
52 26 59
52 27 15
52 28 56
52 29 26
52 30 7
52 31 39
52 32 38
52 33 37
52 34 24
52 35 11
52 36 14
52 37 26
52 38 42
52 39 40
52 40 54
52 41 53
52 42 14
52 43 41
52 44 24
52 45 21
52 46 26
52 47 47
52 48 45
52 49 48
52 50 41
52 51 28
53 0 56
53 1 20
53 2 40
53 3 48
53 4 31
53 5 11
53 6 33
53 7 45
53 8 22
53 9 8
53 10 1
53 11 31
53 12 43
53 13 8
53 14 53
53 15 22
53 16 27
53 17 22
53 18 52
53 19 55
53 20 6
53 21 21
53 22 36
53 23 58
53 24 11
53 25 19
53 26 4
53 27 51
53 28 46
53 29 24
53 30 8
53 31 20
53 32 13
53 33 26
53 34 46
53 35 37
53 36 54
53 37 52
53 38 57
53 39 33
53 40 58
53 41 32
53 42 38
53 43 19
53 44 37
53 45 20
53 46 14
53 47 19
53 48 21
53 49 39
53 50 13
53 51 58
53 52 22
54 0 30
54 1 13
54 2 24
54 3 57
54 4 26
54 5 23
54 6 30
54 7 26
54 8 54
54 9 54
54 10 51
54 11 5
54 12 26
54 13 18
54 14 23
54 15 9
54 16 53
54 17 22
54 18 35
54 19 5
54 20 45
54 21 19
54 22 6
54 23 59
54 24 7
54 25 18
54 26 38
54 27 31
54 28 42
54 29 18
54 30 33
54 31 29
54 32 22
54 33 20
54 34 49
54 35 50
54 36 44
54 37 3
54 38 57
54 39 3
54 40 52
54 41 33
54 42 9
54 43 36
54 44 24
54 45 59
54 46 50
54 47 36
54 48 59
54 49 46
54 50 24
54 51 27
54 52 41
54 53 7
55 0 32
55 1 5
55 2 16
55 3 54
55 4 43
55 5 24
55 6 15
55 7 6
55 8 44
55 9 41
55 10 54
55 11 14
55 12 14
55 13 10
55 14 58
55 15 40
55 16 33
55 17 11
55 18 50
55 19 47
55 20 40
55 21 32
55 22 43
55 23 10
55 24 39
55 25 47
55 26 52
55 27 27
55 28 10
55 29 53
55 30 4
55 31 22
55 32 53
55 33 13
55 34 31
55 35 20
55 36 50
55 37 54
55 38 20
55 39 29
55 40 59
55 41 13
55 42 5
55 43 52
55 44 41
55 45 5
55 46 51
55 47 27
55 48 46
55 49 17
55 50 18
55 51 5
55 52 16
55 53 44
55 54 8
56 0 24
56 1 22
56 2 59
56 3 13
56 4 35
56 5 39
56 6 47
56 7 27
56 8 15
56 9 6
56 10 21
56 11 38
56 12 52
56 13 11
56 14 48
56 15 25
56 16 47
56 17 12
56 18 46
56 19 48
56 20 18
56 21 28
56 22 5
56 23 52
56 24 40
56 25 13
56 26 12
56 27 45
56 28 10
56 29 13
56 30 51
56 31 46
56 32 53
56 33 26
56 34 46
56 35 44
56 36 44
56 37 21
56 38 36
56 39 21
56 40 16
56 41 44
56 42 36
56 43 24
56 44 21
56 45 52
56 46 25
56 47 20
56 48 18
56 49 38
56 50 9
56 51 5
56 52 13
56 53 1
56 54 29
56 55 30
57 0 12
57 1 43
57 2 42
57 3 45
57 4 34
57 5 14
57 6 43
57 7 13
57 8 10
57 9 15
57 10 29
57 11 10
57 12 26
57 13 26
57 14 24
57 15 10
57 16 47
57 17 7
57 18 45
57 19 37
57 20 37
57 21 58
57 22 1
57 23 21
57 24 49
57 25 6
57 26 38
57 27 54
57 28 34
57 29 59
57 30 1
57 31 8
57 32 3
57 33 21
57 34 59
57 35 54
57 36 11
57 37 31
57 38 57
57 39 26
57 40 27
57 41 12
57 42 48
57 43 21
57 44 37
57 45 49
57 46 27
57 47 18
57 48 36
57 49 17
57 50 50
57 51 14
57 52 12
57 53 34
57 54 25
57 55 13
57 56 12
58 0 49
58 1 43
58 2 27
58 3 59
58 4 20
58 5 18
58 6 6
58 7 52
58 8 23
58 9 17
58 10 57
58 11 42
58 12 46
58 13 28
58 14 56
58 15 20
58 16 43
58 17 19
58 18 13
58 19 16
58 20 11
58 21 38
58 22 5
58 23 26
58 24 5
58 25 37
58 26 17
58 27 40
58 28 45
58 29 32
58 30 11
58 31 50
58 32 39
58 33 27
58 34 57
58 35 23
58 36 15
58 37 25
58 38 47
58 39 36
58 40 27
58 41 18
58 42 44
58 43 16
58 44 16
58 45 59
58 46 44
58 47 11
58 48 15
58 49 59
58 50 51
58 51 52
58 52 2
58 53 7
58 54 54
58 55 27
58 56 7
58 57 9
59 0 55
59 1 18
59 2 42
59 3 50
59 4 1
59 5 16
59 6 56
59 7 5
59 8 49
59 9 29
59 10 14
59 11 28
59 12 37
59 13 50
59 14 26
59 15 47
59 16 18
59 17 54
59 18 48
59 19 41
59 20 22
59 21 46
59 22 19
59 23 42
59 24 32
59 25 58
59 26 38
59 27 45
59 28 14
59 29 51
59 30 51
59 31 18
59 32 32
59 33 33
59 34 38
59 35 58
59 36 2
59 37 36
59 38 37
59 39 30
59 40 41
59 41 17
59 42 11
59 43 1
59 44 4
59 45 28
59 46 37
59 47 7
59 48 50
59 49 9
59 50 49
59 51 31
59 52 56
59 53 45
59 54 34
59 55 48
59 56 41
59 57 43
59 58 14
60 0 43
60 1 34
60 2 22
60 3 38
60 4 16
60 5 43
60 6 36
60 7 56
60 8 13
60 9 9
60 10 11
60 11 19
60 12 54
60 13 22
60 14 40
60 15 20
60 16 40
60 17 41
60 18 10
60 19 39
60 20 43
60 21 49
60 22 27
60 23 23
60 24 57
60 25 12
60 26 13
60 27 47
60 28 39
60 29 3
60 30 21
60 31 52
60 32 59
60 33 31
60 34 45
60 35 41
60 36 9
60 37 16
60 38 52
60 39 9
60 40 1
60 41 56
60 42 58
60 43 13
60 44 13
60 45 54
60 46 54
60 47 20
60 48 38
60 49 12
60 50 56
60 51 36
60 52 43
60 53 56
60 54 50
60 55 14
60 56 22
60 57 30
60 58 12
60 59 55
