66
1 0 41
2 0 41
2 1 36
3 0 21
3 1 7
3 2 42
4 0 48
4 1 8
4 2 34
4 3 29
5 0 55
5 1 6
5 2 58
5 3 32
5 4 49
6 0 4
6 1 5
6 2 10
6 3 56
6 4 9
6 5 41
7 0 47
7 1 35
7 2 21
7 3 34
7 4 39
7 5 1
7 6 49
8 0 60
8 1 25
8 2 51
8 3 4
8 4 51
8 5 4
8 6 22
8 7 1
9 0 28
9 1 59
9 2 46
9 3 48
9 4 8
9 5 30
9 6 21
9 7 25
9 8 30
10 0 59
10 1 9
10 2 3
10 3 27
10 4 16
10 5 38
10 6 18
10 7 18
10 8 10
10 9 28
11 0 43
11 1 8
11 2 14
11 3 16
11 4 38
11 5 59
11 6 3
11 7 13
11 8 50
11 9 48
11 10 42
12 0 30
12 1 47
12 2 34
12 3 17
12 4 18
12 5 24
12 6 15
12 7 26
12 8 42
12 9 31
12 10 59
12 11 24
13 0 39
13 1 38
13 2 60
13 3 8
13 4 55
13 5 34
13 6 8
13 7 16
13 8 46
13 9 5
13 10 46
13 11 5
13 12 33
14 0 31
14 1 55
14 2 54
14 3 40
14 4 15
14 5 21
14 6 18
14 7 37
14 8 16
14 9 15
14 10 11
14 11 43
14 12 10
14 13 44
15 0 45
15 1 15
15 2 43
15 3 12
15 4 43
15 5 45
15 6 19
15 7 29
15 8 14
15 9 44
15 10 16
15 11 55
15 12 41
15 13 13
15 14 39
16 0 15
16 1 7
16 2 42
16 3 17
16 4 45
16 5 53
16 6 34
16 7 54
16 8 50
16 9 55
16 10 56
16 11 29
16 12 19
16 13 40
16 14 36
16 15 52
17 0 4
17 1 40
17 2 22
17 3 20
17 4 32
17 5 8
17 6 9
17 7 16
17 8 25
17 9 6
17 10 34
17 11 13
17 12 41
17 13 10
17 14 43
17 15 22
17 16 26
18 0 40
18 1 36
18 2 50
18 3 31
18 4 50
18 5 21
18 6 5
18 7 45
18 8 22
18 9 11
18 10 12
18 11 15
18 12 31
18 13 34
18 14 8
18 15 9
18 16 25
18 17 19
19 0 56
19 1 47
19 2 24
19 3 30
19 4 34
19 5 2
19 6 36
19 7 16
19 8 6
19 9 35
19 10 48
19 11 3
19 12 6
19 13 58
19 14 42
19 15 51
19 16 27
19 17 58
19 18 45
20 0 21
20 1 12
20 2 40
20 3 26
20 4 15
20 5 6
20 6 2
20 7 29
20 8 4
20 9 45
20 10 6
20 11 32
20 12 3
20 13 37
20 14 53
20 15 9
20 16 14
20 17 28
20 18 55
20 19 15
21 0 45
21 1 44
21 2 36
21 3 22
21 4 46
21 5 5
21 6 6
21 7 7
21 8 39
21 9 8
21 10 28
21 11 10
21 12 31
21 13 59
21 14 55
21 15 10
21 16 3
21 17 7
21 18 54
21 19 40
21 20 8
22 0 52
22 1 59
22 2 8
22 3 55
22 4 21
22 5 49
22 6 5
22 7 18
22 8 45
22 9 51
22 10 27
22 11 52
22 12 16
22 13 27
22 14 34
22 15 50
22 16 1
22 17 30
22 18 6
22 19 30
22 20 50
22 21 43
23 0 20
23 1 16
23 2 47
23 3 25
23 4 8
23 5 17
23 6 46
23 7 10
23 8 43
23 9 11
23 10 21
23 11 43
23 12 13
23 13 33
23 14 8
23 15 14
23 16 21
23 17 59
23 18 55
23 19 35
23 20 48
23 21 6
23 22 35
24 0 13
24 1 19
24 2 32
24 3 29
24 4 56
24 5 17
24 6 3
24 7 44
24 8 35
24 9 34
24 10 13
24 11 52
24 12 27
24 13 46
24 14 12
24 15 19
24 16 57
24 17 9
24 18 48
24 19 3
24 20 42
24 21 56
24 22 32
24 23 24
25 0 20
25 1 45
25 2 42
25 3 34
25 4 36
25 5 23
25 6 25
25 7 28
25 8 14
25 9 4
25 10 13
25 11 9
25 12 10
25 13 7
25 14 51
25 15 35
25 16 48
25 17 29
25 18 60
25 19 41
25 20 26
25 21 37
25 22 24
25 23 10
25 24 58
26 0 37
26 1 29
26 2 3
26 3 41
26 4 51
26 5 18
26 6 14
26 7 40
26 8 3
26 9 44
26 10 33
26 11 57
26 12 59
26 13 60
26 14 60
26 15 51
26 16 1
26 17 1
26 18 8
26 19 40
26 20 8
26 21 5
26 22 52
26 23 52
26 24 21
26 25 59
27 0 8
27 1 42
27 2 35
27 3 38
27 4 7
27 5 23
27 6 14
27 7 30
27 8 1
27 9 35
27 10 14
27 11 49
27 12 41
27 13 48
27 14 18
27 15 1
27 16 24
27 17 59
27 18 28
27 19 5
27 20 42
27 21 12
27 22 29
27 23 43
27 24 9
27 25 24
27 26 10
28 0 27
28 1 13
28 2 41
28 3 17
28 4 9
28 5 53
28 6 17
28 7 16
28 8 30
28 9 34
28 10 30
28 11 48
28 12 36
28 13 23
28 14 8
28 15 22
28 16 24
28 17 60
28 18 14
28 19 1
28 20 58
28 21 30
28 22 6
28 23 59
28 24 38
28 25 59
28 26 57
28 27 3
29 0 30
29 1 57
29 2 39
29 3 44
29 4 52
29 5 37
29 6 29
29 7 34
29 8 46
29 9 37
29 10 44
29 11 12
29 12 21
29 13 53
29 14 34
29 15 5
29 16 48
29 17 42
29 18 49
29 19 48
29 20 31
29 21 57
29 22 4
29 23 36
29 24 13
29 25 24
29 26 38
29 27 18
29 28 17
30 0 15
30 1 8
30 2 2
30 3 41
30 4 29
30 5 46
30 6 16
30 7 17
30 8 42
30 9 30
30 10 57
30 11 17
30 12 20
30 13 48
30 14 11
30 15 57
30 16 41
30 17 36
30 18 8
30 19 12
30 20 54
30 21 32
30 22 39
30 23 33
30 24 7
30 25 53
30 26 27
30 27 26
30 28 7
30 29 32
31 0 2
31 1 57
31 2 20
31 3 56
31 4 34
31 5 35
31 6 14
31 7 54
31 8 21
31 9 28
31 10 2
31 11 48
31 12 55
31 13 1
31 14 38
31 15 21
31 16 30
31 17 23
31 18 2
31 19 7
31 20 35
31 21 47
31 22 36
31 23 27
31 24 49
31 25 34
31 26 7
31 27 27
31 28 26
31 29 1
31 30 23
32 0 13
32 1 58
32 2 43
32 3 40
32 4 25
32 5 1
32 6 15
32 7 28
32 8 54
32 9 4
32 10 43
32 11 24
32 12 3
32 13 56
32 14 57
32 15 59
32 16 2
32 17 15
32 18 42
32 19 49
32 20 56
32 21 52
32 22 6
32 23 18
32 24 43
32 25 23
32 26 8
32 27 58
32 28 31
32 29 59
32 30 2
32 31 59
33 0 18
33 1 20
33 2 37
33 3 38
33 4 20
33 5 14
33 6 15
33 7 33
33 8 59
33 9 17
33 10 47
33 11 3
33 12 19
33 13 48
33 14 35
33 15 59
33 16 7
33 17 36
33 18 48
33 19 59
33 20 57
33 21 31
33 22 9
33 23 48
33 24 21
33 25 48
33 26 2
33 27 15
33 28 39
33 29 32
33 30 49
33 31 56
33 32 23
34 0 4
34 1 21
34 2 48
34 3 56
34 4 48
34 5 27
34 6 15
34 7 34
34 8 53
34 9 30
34 10 3
34 11 49
34 12 52
34 13 37
34 14 42
34 15 15
34 16 5
34 17 10
34 18 48
34 19 55
34 20 30
34 21 7
34 22 22
34 23 54
34 24 11
34 25 8
34 26 32
34 27 55
34 28 42
34 29 53
34 30 53
34 31 52
34 32 7
34 33 8
35 0 15
35 1 42
35 2 20
35 3 47
35 4 54
35 5 5
35 6 3
35 7 40
35 8 29
35 9 43
35 10 19
35 11 49
35 12 55
35 13 17
35 14 52
35 15 39
35 16 11
35 17 16
35 18 27
35 19 11
35 20 3
35 21 19
35 22 39
35 23 7
35 24 34
35 25 48
35 26 36
35 27 41
35 28 19
35 29 44
35 30 41
35 31 24
35 32 47
35 33 9
35 34 48
36 0 4
36 1 51
36 2 40
36 3 36
36 4 46
36 5 50
36 6 57
36 7 32
36 8 44
36 9 23
36 10 60
36 11 4
36 12 18
36 13 58
36 14 49
36 15 54
36 16 14
36 17 58
36 18 39
36 19 32
36 20 13
36 21 32
36 22 50
36 23 6
36 24 20
36 25 52
36 26 15
36 27 34
36 28 42
36 29 18
36 30 37
36 31 42
36 32 47
36 33 34
36 34 1
36 35 13
37 0 48
37 1 7
37 2 53
37 3 15
37 4 30
37 5 9
37 6 54
37 7 57
37 8 2
37 9 9
37 10 37
37 11 43
37 12 43
37 13 36
37 14 55
37 15 41
37 16 8
37 17 26
37 18 28
37 19 12
37 20 27
37 21 33
37 22 52
37 23 24
37 24 22
37 25 1
37 26 2
37 27 29
37 28 47
37 29 6
37 30 10
37 31 46
37 32 3
37 33 19
37 34 15
37 35 57
37 36 39
38 0 51
38 1 2
38 2 18
38 3 33
38 4 13
38 5 40
38 6 13
38 7 26
38 8 3
38 9 51
38 10 46
38 11 40
38 12 17
38 13 53
38 14 9
38 15 55
38 16 8
38 17 55
38 18 56
38 19 22
38 20 44
38 21 44
38 22 43
38 23 11
38 24 12
38 25 13
38 26 31
38 27 49
38 28 35
38 29 50
38 30 4
38 31 52
38 32 55
38 33 42
38 34 41
38 35 2
38 36 24
38 37 48
39 0 33
39 1 13
39 2 21
39 3 40
39 4 32
39 5 36
39 6 25
39 7 39
39 8 54
39 9 38
39 10 21
39 11 25
39 12 20
39 13 1
39 14 11
39 15 9
39 16 25
39 17 4
39 18 43
39 19 10
39 20 32
39 21 16
39 22 30
39 23 15
39 24 19
39 25 45
39 26 55
39 27 20
39 28 41
39 29 56
39 30 57
39 31 19
39 32 55
39 33 49
39 34 42
39 35 49
39 36 7
39 37 24
39 38 46
40 0 39
40 1 15
40 2 21
40 3 10
40 4 50
40 5 25
40 6 51
40 7 15
40 8 44
40 9 20
40 10 17
40 11 48
40 12 41
40 13 49
40 14 12
40 15 26
40 16 47
40 17 56
40 18 37
40 19 51
40 20 11
40 21 13
40 22 46
40 23 29
40 24 55
40 25 55
40 26 39
40 27 48
40 28 52
40 29 16
40 30 7
40 31 11
40 32 45
40 33 11
40 34 26
40 35 9
40 36 54
40 37 2
40 38 21
40 39 16
41 0 36
41 1 13
41 2 14
41 3 14
41 4 53
41 5 42
41 6 46
41 7 46
41 8 6
41 9 59
41 10 18
41 11 22
41 12 9
41 13 49
41 14 55
41 15 9
41 16 23
41 17 47
41 18 33
41 19 4
41 20 11
41 21 41
41 22 60
41 23 40
41 24 38
41 25 12
41 26 36
41 27 38
41 28 25
41 29 15
41 30 43
41 31 20
41 32 24
41 33 5
41 34 39
41 35 41
41 36 5
41 37 5
41 38 20
41 39 10
41 40 7
42 0 40
42 1 54
42 2 6
42 3 33
42 4 55
42 5 23
42 6 60
42 7 24
42 8 39
42 9 37
42 10 60
42 11 45
42 12 17
42 13 28
42 14 37
42 15 35
42 16 29
42 17 46
42 18 7
42 19 56
42 20 38
42 21 41
42 22 32
42 23 1
42 24 32
42 25 25
42 26 1
42 27 37
42 28 41
42 29 13
42 30 55
42 31 40
42 32 32
42 33 35
42 34 56
42 35 56
42 36 6
42 37 33
42 38 15
42 39 19
42 40 54
42 41 55
43 0 24
43 1 57
43 2 27
43 3 41
43 4 14
43 5 14
43 6 17
43 7 47
43 8 26
43 9 38
43 10 38
43 11 16
43 12 16
43 13 29
43 14 1
43 15 15
43 16 33
43 17 38
43 18 24
43 19 30
43 20 8
43 21 22
43 22 50
43 23 20
43 24 16
43 25 47
43 26 24
43 27 60
43 28 34
43 29 56
43 30 23
43 31 18
43 32 40
43 33 21
43 34 21
43 35 33
43 36 42
43 37 25
43 38 9
43 39 16
43 40 8
43 41 2
43 42 43
44 0 34
44 1 30
44 2 36
44 3 7
44 4 35
44 5 19
44 6 49
44 7 31
44 8 45
44 9 9
44 10 25
44 11 43
44 12 46
44 13 21
44 14 23
44 15 38
44 16 20
44 17 18
44 18 20
44 19 42
44 20 13
44 21 3
44 22 28
44 23 15
44 24 18
44 25 29
44 26 50
44 27 13
44 28 17
44 29 41
44 30 52
44 31 48
44 32 33
44 33 5
44 34 50
44 35 49
44 36 18
44 37 24
44 38 13
44 39 1
44 40 53
44 41 38
44 42 18
44 43 38
45 0 56
45 1 27
45 2 33
45 3 34
45 4 49
45 5 51
45 6 33
45 7 32
45 8 26
45 9 2
45 10 35
45 11 41
45 12 25
45 13 37
45 14 55
45 15 30
45 16 15
45 17 48
45 18 45
45 19 23
45 20 49
45 21 59
45 22 3
45 23 46
45 24 32
45 25 12
45 26 1
45 27 53
45 28 51
45 29 4
45 30 35
45 31 29
45 32 3
45 33 17
45 34 26
45 35 19
45 36 19
45 37 51
45 38 29
45 39 54
45 40 53
45 41 28
45 42 29
45 43 50
45 44 20
46 0 1
46 1 39
46 2 8
46 3 38
46 4 42
46 5 2
46 6 58
46 7 24
46 8 38
46 9 20
46 10 39
46 11 25
46 12 39
46 13 18
46 14 18
46 15 32
46 16 52
46 17 47
46 18 59
46 19 15
46 20 10
46 21 18
46 22 32
46 23 60
46 24 31
46 25 33
46 26 23
46 27 21
46 28 58
46 29 15
46 30 47
46 31 16
46 32 41
46 33 12
46 34 45
46 35 45
46 36 26
46 37 35
46 38 14
46 39 33
46 40 6
46 41 42
46 42 22
46 43 54
46 44 35
46 45 52
47 0 3
47 1 24
47 2 43
47 3 1
47 4 57
47 5 30
47 6 24
47 7 16
47 8 46
47 9 5
47 10 57
47 11 34
47 12 31
47 13 23
47 14 10
47 15 4
47 16 48
47 17 57
47 18 6
47 19 53
47 20 38
47 21 35
47 22 4
47 23 31
47 24 22
47 25 27
47 26 31
47 27 56
47 28 20
47 29 30
47 30 58
47 31 57
47 32 42
47 33 24
47 34 54
47 35 54
47 36 30
47 37 15
47 38 28
47 39 11
47 40 41
47 41 44
47 42 19
47 43 31
47 44 59
47 45 57
47 46 57
48 0 58
48 1 35
48 2 26
48 3 24
48 4 47
48 5 6
48 6 31
48 7 4
48 8 3
48 9 20
48 10 6
48 11 14
48 12 21
48 13 49
48 14 8
48 15 13
48 16 7
48 17 57
48 18 40
48 19 31
48 20 14
48 21 26
48 22 14
48 23 20
48 24 17
48 25 23
48 26 43
48 27 14
48 28 15
48 29 56
48 30 18
48 31 47
48 32 39
48 33 37
48 34 54
48 35 41
48 36 38
48 37 43
48 38 7
48 39 32
48 40 12
48 41 12
48 42 2
48 43 10
48 44 36
48 45 10
48 46 49
48 47 26
49 0 53
49 1 50
49 2 21
49 3 46
49 4 53
49 5 27
49 6 19
49 7 48
49 8 6
49 9 39
49 10 15
49 11 59
49 12 22
49 13 14
49 14 43
49 15 60
49 16 14
49 17 23
49 18 23
49 19 22
49 20 36
49 21 39
49 22 58
49 23 29
49 24 38
49 25 20
49 26 6
49 27 3
49 28 24
49 29 7
49 30 31
49 31 44
49 32 38
49 33 7
49 34 20
49 35 17
49 36 28
49 37 27
49 38 14
49 39 41
49 40 8
49 41 16
49 42 48
49 43 50
49 44 56
49 45 47
49 46 17
49 47 3
49 48 3
50 0 40
50 1 37
50 2 21
50 3 58
50 4 52
50 5 24
50 6 7
50 7 25
50 8 43
50 9 18
50 10 44
50 11 21
50 12 4
50 13 55
50 14 28
50 15 21
50 16 27
50 17 6
50 18 22
50 19 11
50 20 49
50 21 21
50 22 9
50 23 41
50 24 18
50 25 47
50 26 18
50 27 17
50 28 49
50 29 43
50 30 47
50 31 25
50 32 51
50 33 44
50 34 24
50 35 1
50 36 28
50 37 16
50 38 8
50 39 48
50 40 17
50 41 28
50 42 29
50 43 45
50 44 20
50 45 10
50 46 34
50 47 25
50 48 44
50 49 26
51 0 17
51 1 35
51 2 42
51 3 30
51 4 60
51 5 40
51 6 19
51 7 27
51 8 25
51 9 49
51 10 4
51 11 4
51 12 47
51 13 26
51 14 10
51 15 9
51 16 22
51 17 48
51 18 58
51 19 47
51 20 1
51 21 1
51 22 8
51 23 8
51 24 12
51 25 18
51 26 29
51 27 43
51 28 48
51 29 19
51 30 23
51 31 17
51 32 32
51 33 22
51 34 17
51 35 41
51 36 55
51 37 19
51 38 46
51 39 35
51 40 4
51 41 46
51 42 14
51 43 35
51 44 33
51 45 44
51 46 2
51 47 15
51 48 28
51 49 51
51 50 33
52 0 15
52 1 15
52 2 2
52 3 50
52 4 19
52 5 47
52 6 55
52 7 35
52 8 2
52 9 1
52 10 32
52 11 36
52 12 27
52 13 9
52 14 8
52 15 4
52 16 56
52 17 49
52 18 2
52 19 10
52 20 19
52 21 13
52 22 58
52 23 4
52 24 26
52 25 54
52 26 19
52 27 14
52 28 14
52 29 37
52 30 1
52 31 21
52 32 51
52 33 40
52 34 20
52 35 41
52 36 14
52 37 19
52 38 32
52 39 27
52 40 27
52 41 31
52 42 16
52 43 39
52 44 25
52 45 59
52 46 12
52 47 10
52 48 5
52 49 2
52 50 6
52 51 26
53 0 55
53 1 10
53 2 38
53 3 49
53 4 33
53 5 8
53 6 16
53 7 20
53 8 50
53 9 40
53 10 17
53 11 48
53 12 27
53 13 43
53 14 45
53 15 2
53 16 7
53 17 26
53 18 54
53 19 2
53 20 53
53 21 14
53 22 12
53 23 8
53 24 11
53 25 57
53 26 20
53 27 37
53 28 27
53 29 39
53 30 33
53 31 11
53 32 32
53 33 57
53 34 10
53 35 24
53 36 18
53 37 24
53 38 35
53 39 51
53 40 11
53 41 41
53 42 26
53 43 49
53 44 23
53 45 44
53 46 11
53 47 34
53 48 60
53 49 35
53 50 15
53 51 34
53 52 40
54 0 5
54 1 21
54 2 19
54 3 56
54 4 20
54 5 37
54 6 33
54 7 47
54 8 50
54 9 52
54 10 57
54 11 2
54 12 28
54 13 57
54 14 43
54 15 24
54 16 56
54 17 57
54 18 35
54 19 32
54 20 15
54 21 58
54 22 8
54 23 10
54 24 12
54 25 25
54 26 32
54 27 32
54 28 16
54 29 16
54 30 57
54 31 19
54 32 12
54 33 44
54 34 23
54 35 54
54 36 7
54 37 6
54 38 36
54 39 53
54 40 59
54 41 48
54 42 32
54 43 46
54 44 54
54 45 3
54 46 57
54 47 37
54 48 23
54 49 30
54 50 53
54 51 1
54 52 46
54 53 46
55 0 34
55 1 21
55 2 4
55 3 52
55 4 3
55 5 40
55 6 21
55 7 40
55 8 58
55 9 16
55 10 16
55 11 18
55 12 40
55 13 8
55 14 10
55 15 44
55 16 8
55 17 29
55 18 9
55 19 11
55 20 12
55 21 16
55 22 53
55 23 6
55 24 51
55 25 32
55 26 2
55 27 35
55 28 56
55 29 30
55 30 40
55 31 58
55 32 19
55 33 19
55 34 2
55 35 24
55 36 25
55 37 31
55 38 20
55 39 9
55 40 37
55 41 45
55 42 45
55 43 33
55 44 1
55 45 13
55 46 34
55 47 60
55 48 30
55 49 60
55 50 14
55 51 38
55 52 4
55 53 11
55 54 51
56 0 1
56 1 59
56 2 25
56 3 5
56 4 38
56 5 3
56 6 20
56 7 46
56 8 39
56 9 15
56 10 58
56 11 47
56 12 8
56 13 20
56 14 10
56 15 41
56 16 3
56 17 22
56 18 29
56 19 12
56 20 28
56 21 1
56 22 11
56 23 54
56 24 50
56 25 21
56 26 19
56 27 18
56 28 23
56 29 18
56 30 56
56 31 20
56 32 47
56 33 1
56 34 54
56 35 60
56 36 50
56 37 56
56 38 5
56 39 30
56 40 45
56 41 8
56 42 35
56 43 19
56 44 9
56 45 17
56 46 19
56 47 1
56 48 13
56 49 26
56 50 28
56 51 33
56 52 10
56 53 20
56 54 9
56 55 32
57 0 17
57 1 56
57 2 34
57 3 50
57 4 4
57 5 27
57 6 31
57 7 10
57 8 17
57 9 2
57 10 50
57 11 45
57 12 59
57 13 59
57 14 25
57 15 12
57 16 40
57 17 58
57 18 36
57 19 12
57 20 18
57 21 40
57 22 15
57 23 28
57 24 43
57 25 3
57 26 50
57 27 21
57 28 49
57 29 54
57 30 12
57 31 54
57 32 22
57 33 19
57 34 54
57 35 4
57 36 30
57 37 39
57 38 20
57 39 50
57 40 60
57 41 46
57 42 2
57 43 5
57 44 14
57 45 32
57 46 45
57 47 28
57 48 13
57 49 14
57 50 20
57 51 50
57 52 1
57 53 15
57 54 25
57 55 56
57 56 40
58 0 49
58 1 33
58 2 7
58 3 15
58 4 16
58 5 6
58 6 44
58 7 51
58 8 43
58 9 17
58 10 11
58 11 25
58 12 3
58 13 57
58 14 43
58 15 51
58 16 57
58 17 4
58 18 48
58 19 52
58 20 10
58 21 11
58 22 17
58 23 18
58 24 14
58 25 51
58 26 49
58 27 5
58 28 17
58 29 25
58 30 21
58 31 1
58 32 53
58 33 13
58 34 33
58 35 55
58 36 54
58 37 9
58 38 25
58 39 58
58 40 48
58 41 16
58 42 40
58 43 19
58 44 54
58 45 51
58 46 22
58 47 60
58 48 30
58 49 4
58 50 5
58 51 8
58 52 60
58 53 7
58 54 28
58 55 43
58 56 17
58 57 39
59 0 7
59 1 24
59 2 55
59 3 35
59 4 1
59 5 17
59 6 17
59 7 54
59 8 50
59 9 32
59 10 23
59 11 53
59 12 15
59 13 18
59 14 53
59 15 48
59 16 36
59 17 11
59 18 60
59 19 14
59 20 52
59 21 33
59 22 54
59 23 25
59 24 42
59 25 58
59 26 58
59 27 10
59 28 51
59 29 58
59 30 2
59 31 31
59 32 25
59 33 45
59 34 23
59 35 56
59 36 48
59 37 23
59 38 14
59 39 51
59 40 57
59 41 57
59 42 46
59 43 55
59 44 39
59 45 26
59 46 19
59 47 56
59 48 51
59 49 20
59 50 55
59 51 49
59 52 60
59 53 23
59 54 25
59 55 40
59 56 24
59 57 48
59 58 3
60 0 54
60 1 34
60 2 60
60 3 48
60 4 17
60 5 24
60 6 38
60 7 23
60 8 49
60 9 28
60 10 22
60 11 23
60 12 18
60 13 54
60 14 53
60 15 50
60 16 40
60 17 34
60 18 53
60 19 38
60 20 43
60 21 26
60 22 9
60 23 13
60 24 36
60 25 35
60 26 57
60 27 24
60 28 13
60 29 3
60 30 20
60 31 37
60 32 35
60 33 24
60 34 60
60 35 46
60 36 36
60 37 58
60 38 60
60 39 15
60 40 50
60 41 60
60 42 16
60 43 5
60 44 15
60 45 3
60 46 44
60 47 22
60 48 14
60 49 39
60 50 45
60 51 1
60 52 52
60 53 46
60 54 51
60 55 51
60 56 38
60 57 47
60 58 1
60 59 33
61 0 8
61 1 2
61 2 19
61 3 42
61 4 1
61 5 59
61 6 13
61 7 19
61 8 44
61 9 37
61 10 4
61 11 17
61 12 26
61 13 47
61 14 47
61 15 44
61 16 17
61 17 23
61 18 17
61 19 26
61 20 4
61 21 37
61 22 34
61 23 22
61 24 36
61 25 58
61 26 18
61 27 19
61 28 50
61 29 19
61 30 29
61 31 13
61 32 55
61 33 29
61 34 22
61 35 15
61 36 17
61 37 7
61 38 40
61 39 17
61 40 19
61 41 39
61 42 4
61 43 4
61 44 54
61 45 59
61 46 10
61 47 59
61 48 17
61 49 44
61 50 38
61 51 41
61 52 47
61 53 25
61 54 3
61 55 46
61 56 28
61 57 5
61 58 48
61 59 5
61 60 42
62 0 50
62 1 6
62 2 42
62 3 18
62 4 35
62 5 40
62 6 25
62 7 30
62 8 4
62 9 59
62 10 16
62 11 10
62 12 28
62 13 2
62 14 42
62 15 59
62 16 45
62 17 56
62 18 3
62 19 17
62 20 9
62 21 49
62 22 37
62 23 1
62 24 41
62 25 55
62 26 39
62 27 59
62 28 27
62 29 51
62 30 43
62 31 12
62 32 5
62 33 20
62 34 29
62 35 2
62 36 49
62 37 50
62 38 50
62 39 42
62 40 49
62 41 9
62 42 53
62 43 4
62 44 53
62 45 38
62 46 6
62 47 44
62 48 32
62 49 40
62 50 1
62 51 9
62 52 10
62 53 41
62 54 52
62 55 6
62 56 51
62 57 39
62 58 7
62 59 36
62 60 56
62 61 57
63 0 16
63 1 26
63 2 17
63 3 5
63 4 32
63 5 37
63 6 15
63 7 39
63 8 58
63 9 31
63 10 21
63 11 18
63 12 2
63 13 30
63 14 21
63 15 51
63 16 16
63 17 17
63 18 23
63 19 47
63 20 5
63 21 31
63 22 59
63 23 40
63 24 27
63 25 55
63 26 31
63 27 15
63 28 15
63 29 19
63 30 9
63 31 18
63 32 32
63 33 30
63 34 23
63 35 30
63 36 36
63 37 10
63 38 52
63 39 53
63 40 16
63 41 60
63 42 58
63 43 32
63 44 15
63 45 28
63 46 18
63 47 52
63 48 35
63 49 39
63 50 12
63 51 21
63 52 51
63 53 23
63 54 54
63 55 31
63 56 7
63 57 37
63 58 43
63 59 3
63 60 19
63 61 36
63 62 53
64 0 43
64 1 18
64 2 15
64 3 18
64 4 45
64 5 30
64 6 6
64 7 48
64 8 59
64 9 34
64 10 23
64 11 31
64 12 38
64 13 55
64 14 18
64 15 23
64 16 48
64 17 6
64 18 27
64 19 2
64 20 49
64 21 37
64 22 3
64 23 27
64 24 9
64 25 35
64 26 30
64 27 14
64 28 30
64 29 8
64 30 2
64 31 15
64 32 19
64 33 40
64 34 3
64 35 17
64 36 48
64 37 20
64 38 59
64 39 37
64 40 58
64 41 17
64 42 55
64 43 43
64 44 53
64 45 34
64 46 21
64 47 45
64 48 28
64 49 45
64 50 45
64 51 22
64 52 52
64 53 41
64 54 50
64 55 49
64 56 21
64 57 50
64 58 40
64 59 46
64 60 55
64 61 18
64 62 14
64 63 1
65 0 20
65 1 18
65 2 36
65 3 7
65 4 10
65 5 52
65 6 19
65 7 37
65 8 10
65 9 45
65 10 34
65 11 24
65 12 50
65 13 11
65 14 52
65 15 23
65 16 11
65 17 47
65 18 48
65 19 20
65 20 6
65 21 35
65 22 48
65 23 60
65 24 40
65 25 22
65 26 56
65 27 21
65 28 18
65 29 27
65 30 31
65 31 55
65 32 52
65 33 46
65 34 41
65 35 24
65 36 47
65 37 44
65 38 16
65 39 6
65 40 58
65 41 30
65 42 51
65 43 51
65 44 7
65 45 27
65 46 44
65 47 18
65 48 33
65 49 51
65 50 53
65 51 8
65 52 55
65 53 21
65 54 40
65 55 9
65 56 3
65 57 30
65 58 29
65 59 35
65 60 5
65 61 39
65 62 45
65 63 52
65 64 42
