53
1 0 41
2 0 32
2 1 12
3 0 2
3 1 41
3 2 13
4 0 11
4 1 37
4 2 28
4 3 3
5 0 9
5 1 21
5 2 39
5 3 24
5 4 29
6 0 2
6 1 35
6 2 32
6 3 28
6 4 30
6 5 40
7 0 31
7 1 17
7 2 3
7 3 3
7 4 22
7 5 27
7 6 20
8 0 9
8 1 33
8 2 22
8 3 20
8 4 18
8 5 25
8 6 2
8 7 24
9 0 42
9 1 10
9 2 36
9 3 3
9 4 19
9 5 9
9 6 32
9 7 34
9 8 40
10 0 9
10 1 37
10 2 21
10 3 9
10 4 14
10 5 10
10 6 18
10 7 2
10 8 28
10 9 1
11 0 15
11 1 1
11 2 27
11 3 27
11 4 6
11 5 43
11 6 17
11 7 29
11 8 43
11 9 26
11 10 28
12 0 39
12 1 1
12 2 26
12 3 26
12 4 15
12 5 7
12 6 2
12 7 23
12 8 14
12 9 16
12 10 14
12 11 30
13 0 5
13 1 34
13 2 35
13 3 23
13 4 27
13 5 18
13 6 27
13 7 31
13 8 40
13 9 1
13 10 31
13 11 8
13 12 36
14 0 39
14 1 4
14 2 18
14 3 39
14 4 9
14 5 11
14 6 20
14 7 7
14 8 24
14 9 40
14 10 25
14 11 44
14 12 12
14 13 17
15 0 17
15 1 23
15 2 18
15 3 37
15 4 3
15 5 22
15 6 39
15 7 37
15 8 32
15 9 42
15 10 7
15 11 24
15 12 9
15 13 26
15 14 4
16 0 17
16 1 2
16 2 34
16 3 2
16 4 18
16 5 38
16 6 1
16 7 35
16 8 30
16 9 43
16 10 33
16 11 43
16 12 33
16 13 32
16 14 2
16 15 28
17 0 31
17 1 35
17 2 34
17 3 17
17 4 26
17 5 23
17 6 43
17 7 28
17 8 4
17 9 6
17 10 30
17 11 43
17 12 32
17 13 11
17 14 14
17 15 19
17 16 44
18 0 3
18 1 27
18 2 8
18 3 16
18 4 13
18 5 22
18 6 11
18 7 33
18 8 17
18 9 18
18 10 44
18 11 3
18 12 41
18 13 4
18 14 9
18 15 3
18 16 9
18 17 29
19 0 42
19 1 13
19 2 10
19 3 32
19 4 26
19 5 7
19 6 28
19 7 30
19 8 31
19 9 9
19 10 23
19 11 18
19 12 26
19 13 13
19 14 43
19 15 8
19 16 43
19 17 5
19 18 27
20 0 23
20 1 30
20 2 13
20 3 41
20 4 43
20 5 29
20 6 7
20 7 42
20 8 18
20 9 24
20 10 23
20 11 12
20 12 8
20 13 27
20 14 28
20 15 41
20 16 16
20 17 40
20 18 30
20 19 22
21 0 26
21 1 28
21 2 25
21 3 8
21 4 18
21 5 26
21 6 7
21 7 3
21 8 21
21 9 35
21 10 39
21 11 32
21 12 21
21 13 28
21 14 17
21 15 28
21 16 31
21 17 14
21 18 41
21 19 18
21 20 8
22 0 27
22 1 19
22 2 29
22 3 4
22 4 30
22 5 21
22 6 42
22 7 12
22 8 42
22 9 30
22 10 9
22 11 3
22 12 7
22 13 6
22 14 20
22 15 21
22 16 31
22 17 43
22 18 3
22 19 37
22 20 32
22 21 11
23 0 21
23 1 3
23 2 37
23 3 26
23 4 5
23 5 24
23 6 18
23 7 9
23 8 19
23 9 37
23 10 18
23 11 31
23 12 36
23 13 6
23 14 39
23 15 8
23 16 36
23 17 39
23 18 12
23 19 38
23 20 9
23 21 7
23 22 26
24 0 14
24 1 26
24 2 28
24 3 8
24 4 35
24 5 38
24 6 8
24 7 7
24 8 20
24 9 12
24 10 32
24 11 44
24 12 10
24 13 14
24 14 15
24 15 5
24 16 2
24 17 23
24 18 13
24 19 43
24 20 5
24 21 33
24 22 13
24 23 11
25 0 39
25 1 5
25 2 41
25 3 8
25 4 36
25 5 30
25 6 19
25 7 1
25 8 38
25 9 23
25 10 44
25 11 8
25 12 31
25 13 10
25 14 20
25 15 28
25 16 25
25 17 2
25 18 37
25 19 25
25 20 34
25 21 18
25 22 12
25 23 12
25 24 42
26 0 12
26 1 12
26 2 41
26 3 27
26 4 36
26 5 9
26 6 36
26 7 33
26 8 8
26 9 33
26 10 32
26 11 15
26 12 18
26 13 16
26 14 42
26 15 6
26 16 31
26 17 6
26 18 17
26 19 1
26 20 35
26 21 32
26 22 31
26 23 41
26 24 38
26 25 1
27 0 25
27 1 42
27 2 19
27 3 43
27 4 3
27 5 8
27 6 8
27 7 20
27 8 21
27 9 23
27 10 21
27 11 10
27 12 21
27 13 13
27 14 1
27 15 25
27 16 13
27 17 33
27 18 19
27 19 28
27 20 10
27 21 16
27 22 40
27 23 15
27 24 38
27 25 29
27 26 26
28 0 25
28 1 25
28 2 14
28 3 34
28 4 18
28 5 13
28 6 9
28 7 7
28 8 40
28 9 40
28 10 4
28 11 21
28 12 44
28 13 1
28 14 38
28 15 4
28 16 43
28 17 34
28 18 28
28 19 1
28 20 32
28 21 24
28 22 6
28 23 41
28 24 15
28 25 31
28 26 1
28 27 41
29 0 35
29 1 35
29 2 17
29 3 1
29 4 14
29 5 41
29 6 11
29 7 28
29 8 41
29 9 7
29 10 37
29 11 37
29 12 28
29 13 3
29 14 12
29 15 35
29 16 25
29 17 1
29 18 31
29 19 34
29 20 16
29 21 24
29 22 35
29 23 29
29 24 3
29 25 6
29 26 26
29 27 42
29 28 12
30 0 4
30 1 44
30 2 22
30 3 2
30 4 18
30 5 3
30 6 23
30 7 18
30 8 36
30 9 13
30 10 37
30 11 26
30 12 21
30 13 15
30 14 44
30 15 3
30 16 27
30 17 44
30 18 1
30 19 35
30 20 34
30 21 14
30 22 44
30 23 3
30 24 39
30 25 41
30 26 18
30 27 6
30 28 19
30 29 27
31 0 8
31 1 12
31 2 31
31 3 41
31 4 39
31 5 6
31 6 22
31 7 43
31 8 18
31 9 22
31 10 14
31 11 14
31 12 5
31 13 35
31 14 7
31 15 31
31 16 10
31 17 33
31 18 5
31 19 17
31 20 5
31 21 21
31 22 8
31 23 23
31 24 26
31 25 30
31 26 37
31 27 31
31 28 20
31 29 21
31 30 18
32 0 11
32 1 34
32 2 20
32 3 12
32 4 23
32 5 37
32 6 40
32 7 22
32 8 2
32 9 27
32 10 43
32 11 14
32 12 35
32 13 12
32 14 25
32 15 28
32 16 30
32 17 41
32 18 8
32 19 16
32 20 32
32 21 34
32 22 39
32 23 23
32 24 44
32 25 16
32 26 3
32 27 5
32 28 22
32 29 21
32 30 39
32 31 14
33 0 21
33 1 6
33 2 23
33 3 31
33 4 31
33 5 12
33 6 16
33 7 1
33 8 11
33 9 24
33 10 44
33 11 17
33 12 5
33 13 3
33 14 37
33 15 23
33 16 2
33 17 8
33 18 4
33 19 14
33 20 32
33 21 15
33 22 44
33 23 11
33 24 22
33 25 40
33 26 27
33 27 44
33 28 30
33 29 20
33 30 35
33 31 27
33 32 20
34 0 28
34 1 44
34 2 38
34 3 4
34 4 6
34 5 37
34 6 34
34 7 33
34 8 32
34 9 1
34 10 19
34 11 32
34 12 39
34 13 35
34 14 19
34 15 39
34 16 17
34 17 28
34 18 32
34 19 40
34 20 23
34 21 39
34 22 34
34 23 8
34 24 20
34 25 24
34 26 3
34 27 43
34 28 17
34 29 19
34 30 24
34 31 34
34 32 20
34 33 25
35 0 16
35 1 4
35 2 3
35 3 17
35 4 14
35 5 10
35 6 33
35 7 37
35 8 28
35 9 27
35 10 27
35 11 2
35 12 35
35 13 39
35 14 6
35 15 36
35 16 43
35 17 31
35 18 6
35 19 39
35 20 10
35 21 39
35 22 27
35 23 7
35 24 43
35 25 28
35 26 8
35 27 7
35 28 4
35 29 36
35 30 14
35 31 15
35 32 15
35 33 14
35 34 13
36 0 42
36 1 36
36 2 10
36 3 41
36 4 2
36 5 4
36 6 20
36 7 13
36 8 2
36 9 25
36 10 29
36 11 2
36 12 29
36 13 40
36 14 40
36 15 43
36 16 40
36 17 11
36 18 16
36 19 5
36 20 6
36 21 11
36 22 35
36 23 15
36 24 34
36 25 31
36 26 41
36 27 15
36 28 2
36 29 11
36 30 34
36 31 15
36 32 35
36 33 38
36 34 15
36 35 5
37 0 11
37 1 28
37 2 39
37 3 3
37 4 11
37 5 4
37 6 39
37 7 17
37 8 23
37 9 24
37 10 37
37 11 22
37 12 34
37 13 36
37 14 28
37 15 27
37 16 35
37 17 44
37 18 33
37 19 35
37 20 32
37 21 2
37 22 36
37 23 33
37 24 21
37 25 26
37 26 8
37 27 38
37 28 27
37 29 7
37 30 25
37 31 23
37 32 14
37 33 30
37 34 39
37 35 39
37 36 20
38 0 35
38 1 35
38 2 1
38 3 16
38 4 37
38 5 31
38 6 33
38 7 20
38 8 40
38 9 11
38 10 25
38 11 18
38 12 36
38 13 8
38 14 27
38 15 22
38 16 34
38 17 31
38 18 29
38 19 28
38 20 34
38 21 12
38 22 17
38 23 40
38 24 21
38 25 24
38 26 19
38 27 32
38 28 41
38 29 43
38 30 8
38 31 3
38 32 5
38 33 12
38 34 3
38 35 3
38 36 24
38 37 37
39 0 42
39 1 14
39 2 19
39 3 21
39 4 36
39 5 20
39 6 22
39 7 22
39 8 40
39 9 34
39 10 19
39 11 31
39 12 41
39 13 4
39 14 37
39 15 3
39 16 4
39 17 13
39 18 13
39 19 36
39 20 2
39 21 36
39 22 7
39 23 22
39 24 37
39 25 18
39 26 2
39 27 11
39 28 34
39 29 30
39 30 43
39 31 43
39 32 20
39 33 21
39 34 38
39 35 34
39 36 26
39 37 42
39 38 35
40 0 4
40 1 22
40 2 34
40 3 3
40 4 6
40 5 38
40 6 10
40 7 12
40 8 4
40 9 28
40 10 30
40 11 25
40 12 8
40 13 10
40 14 2
40 15 3
40 16 42
40 17 39
40 18 41
40 19 6
40 20 39
40 21 9
40 22 33
40 23 32
40 24 25
40 25 17
40 26 2
40 27 7
40 28 37
40 29 5
40 30 29
40 31 10
40 32 28
40 33 34
40 34 25
40 35 5
40 36 29
40 37 1
40 38 22
40 39 34
41 0 34
41 1 39
41 2 30
41 3 28
41 4 42
41 5 13
41 6 14
41 7 44
41 8 11
41 9 9
41 10 28
41 11 9
41 12 43
41 13 6
41 14 23
41 15 22
41 16 1
41 17 23
41 18 18
41 19 19
41 20 3
41 21 20
41 22 18
41 23 39
41 24 15
41 25 16
41 26 13
41 27 8
41 28 31
41 29 44
41 30 34
41 31 44
41 32 27
41 33 32
41 34 34
41 35 39
41 36 7
41 37 35
41 38 10
41 39 30
41 40 43
42 0 21
42 1 6
42 2 2
42 3 7
42 4 30
42 5 12
42 6 40
42 7 1
42 8 4
42 9 20
42 10 37
42 11 36
42 12 15
42 13 16
42 14 8
42 15 10
42 16 5
42 17 22
42 18 33
42 19 28
42 20 11
42 21 26
42 22 18
42 23 23
42 24 36
42 25 30
42 26 26
42 27 41
42 28 13
42 29 14
42 30 7
42 31 30
42 32 34
42 33 7
42 34 14
42 35 6
42 36 12
42 37 26
42 38 9
42 39 36
42 40 18
42 41 1
43 0 9
43 1 24
43 2 38
43 3 15
43 4 27
43 5 20
43 6 27
43 7 15
43 8 3
43 9 7
43 10 34
43 11 18
43 12 44
43 13 5
43 14 19
43 15 24
43 16 31
43 17 34
43 18 6
43 19 21
43 20 16
43 21 9
43 22 22
43 23 32
43 24 11
43 25 4
43 26 10
43 27 29
43 28 4
43 29 18
43 30 36
43 31 44
43 32 42
43 33 12
43 34 15
43 35 1
43 36 27
43 37 25
43 38 10
43 39 43
43 40 36
43 41 21
43 42 43
44 0 41
44 1 7
44 2 41
44 3 7
44 4 15
44 5 24
44 6 32
44 7 12
44 8 3
44 9 5
44 10 37
44 11 5
44 12 16
44 13 21
44 14 38
44 15 31
44 16 23
44 17 23
44 18 42
44 19 18
44 20 29
44 21 38
44 22 33
44 23 2
44 24 15
44 25 12
44 26 35
44 27 31
44 28 33
44 29 44
44 30 28
44 31 19
44 32 16
44 33 15
44 34 34
44 35 33
44 36 2
44 37 31
44 38 37
44 39 44
44 40 15
44 41 32
44 42 35
44 43 38
45 0 25
45 1 34
45 2 13
45 3 19
45 4 15
45 5 18
45 6 44
45 7 33
45 8 44
45 9 34
45 10 35
45 11 43
45 12 29
45 13 4
45 14 13
45 15 44
45 16 22
45 17 28
45 18 37
45 19 29
45 20 31
45 21 40
45 22 44
45 23 37
45 24 42
45 25 34
45 26 11
45 27 33
45 28 26
45 29 40
45 30 14
45 31 28
45 32 40
45 33 39
45 34 21
45 35 17
45 36 34
45 37 23
45 38 33
45 39 35
45 40 43
45 41 19
45 42 23
45 43 31
45 44 2
46 0 38
46 1 21
46 2 5
46 3 40
46 4 27
46 5 27
46 6 40
46 7 44
46 8 40
46 9 32
46 10 34
46 11 43
46 12 3
46 13 27
46 14 38
46 15 25
46 16 19
46 17 1
46 18 31
46 19 18
46 20 10
46 21 1
46 22 32
46 23 5
46 24 7
46 25 14
46 26 21
46 27 35
46 28 9
46 29 29
46 30 3
46 31 31
46 32 17
46 33 12
46 34 36
46 35 28
46 36 16
46 37 11
46 38 39
46 39 29
46 40 36
46 41 9
46 42 19
46 43 41
46 44 23
46 45 16
47 0 18
47 1 28
47 2 1
47 3 9
47 4 24
47 5 34
47 6 35
47 7 16
47 8 23
47 9 31
47 10 42
47 11 5
47 12 31
47 13 8
47 14 44
47 15 38
47 16 1
47 17 2
47 18 10
47 19 17
47 20 19
47 21 34
47 22 35
47 23 40
47 24 30
47 25 34
47 26 20
47 27 43
47 28 38
47 29 34
47 30 17
47 31 38
47 32 41
47 33 7
47 34 4
47 35 4
47 36 23
47 37 31
47 38 34
47 39 2
47 40 21
47 41 6
47 42 32
47 43 1
47 44 44
47 45 28
47 46 38
48 0 40
48 1 17
48 2 7
48 3 26
48 4 29
48 5 27
48 6 44
48 7 43
48 8 3
48 9 16
48 10 12
48 11 24
48 12 15
48 13 10
48 14 41
48 15 1
48 16 40
48 17 10
48 18 31
48 19 23
48 20 7
48 21 35
48 22 10
48 23 23
48 24 44
48 25 33
48 26 25
48 27 7
48 28 30
48 29 13
48 30 36
48 31 41
48 32 2
48 33 29
48 34 41
48 35 42
48 36 11
48 37 9
48 38 40
48 39 38
48 40 30
48 41 39
48 42 14
48 43 30
48 44 19
48 45 21
48 46 24
48 47 32
49 0 35
49 1 8
49 2 17
49 3 19
49 4 14
49 5 2
49 6 37
49 7 8
49 8 35
49 9 36
49 10 43
49 11 30
49 12 38
49 13 33
49 14 31
49 15 5
49 16 11
49 17 33
49 18 21
49 19 44
49 20 41
49 21 39
49 22 13
49 23 11
49 24 22
49 25 37
49 26 25
49 27 2
49 28 29
49 29 7
49 30 34
49 31 19
49 32 32
49 33 18
49 34 4
49 35 43
49 36 16
49 37 9
49 38 39
49 39 23
49 40 42
49 41 3
49 42 20
49 43 6
49 44 30
49 45 23
49 46 41
49 47 37
49 48 23
50 0 36
50 1 14
50 2 15
50 3 22
50 4 5
50 5 17
50 6 17
50 7 18
50 8 10
50 9 17
50 10 7
50 11 40
50 12 12
50 13 3
50 14 27
50 15 3
50 16 11
50 17 34
50 18 5
50 19 1
50 20 16
50 21 39
50 22 33
50 23 11
50 24 35
50 25 24
50 26 31
50 27 37
50 28 26
50 29 4
50 30 42
50 31 7
50 32 42
50 33 30
50 34 11
50 35 37
50 36 31
50 37 10
50 38 38
50 39 26
50 40 11
50 41 9
50 42 32
50 43 37
50 44 39
50 45 21
50 46 39
50 47 26
50 48 17
50 49 33
51 0 19
51 1 23
51 2 16
51 3 30
51 4 12
51 5 40
51 6 35
51 7 17
51 8 25
51 9 44
51 10 17
51 11 43
51 12 19
51 13 44
51 14 4
51 15 36
51 16 22
51 17 17
51 18 36
51 19 38
51 20 13
51 21 42
51 22 3
51 23 35
51 24 16
51 25 7
51 26 3
51 27 37
51 28 44
51 29 37
51 30 27
51 31 2
51 32 38
51 33 25
51 34 35
51 35 37
51 36 19
51 37 43
51 38 13
51 39 6
51 40 30
51 41 2
51 42 35
51 43 39
51 44 7
51 45 34
51 46 31
51 47 10
51 48 8
51 49 15
51 50 27
52 0 29
52 1 11
52 2 11
52 3 27
52 4 23
52 5 17
52 6 40
52 7 29
52 8 10
52 9 20
52 10 12
52 11 34
52 12 22
52 13 22
52 14 38
52 15 28
52 16 38
52 17 16
52 18 27
52 19 29
52 20 9
52 21 30
52 22 11
52 23 32
52 24 39
52 25 31
52 26 16
52 27 28
52 28 1
52 29 16
52 30 42
52 31 4
52 32 24
52 33 37
52 34 22
52 35 16
52 36 26
52 37 27
52 38 35
52 39 40
52 40 2
52 41 16
52 42 32
52 43 18
52 44 10
52 45 16
52 46 13
52 47 3
52 48 20
52 49 31
52 50 9
52 51 5
