69
2 1 8
3 0 3
3 1 6
3 2 7
4 0 2
4 2 5
5 0 4
5 2 5
6 0 1
6 2 7
6 3 2
7 5 1
7 6 4
9 0 6
9 2 3
9 4 3
9 5 5
9 6 7
9 8 3
10 1 3
10 2 4
10 6 7
10 7 4
10 8 6
11 0 1
11 1 6
11 2 7
11 7 5
11 9 4
12 5 6
12 7 3
12 9 6
13 4 8
13 6 3
13 7 8
13 9 2
14 5 3
14 6 8
14 7 1
14 8 4
14 10 4
14 12 1
15 0 8
15 1 1
15 2 2
15 3 6
15 4 6
15 7 6
15 8 3
15 12 8
16 4 5
16 5 3
16 7 5
16 8 2
16 10 2
16 12 8
16 13 1
16 15 2
17 0 5
17 2 5
17 4 6
17 6 5
17 7 2
17 10 8
17 11 1
17 12 2
17 13 4
17 14 1
18 1 8
18 2 8
18 3 4
18 5 7
18 7 2
18 12 8
18 13 3
18 16 8
18 17 2
19 1 6
19 2 7
19 3 3
19 5 7
19 6 7
19 14 2
19 15 7
19 16 6
20 0 1
20 2 5
20 4 7
20 5 1
20 10 6
20 15 7
20 16 2
20 17 7
20 18 6
20 19 5
21 0 8
21 1 6
21 3 8
21 6 7
21 9 1
21 11 7
21 13 1
21 14 6
21 17 1
21 18 1
21 20 5
22 0 1
22 1 6
22 4 2
22 6 4
22 8 5
22 10 2
22 16 4
22 18 3
22 20 8
22 21 5
23 0 6
23 6 7
23 9 2
23 10 6
23 13 1
23 17 1
23 18 6
23 20 1
23 21 7
23 22 5
24 2 8
24 3 3
24 6 5
24 7 5
24 8 3
24 14 6
24 15 5
24 16 5
24 18 2
24 20 5
24 22 8
24 23 2
25 1 8
25 2 1
25 6 6
25 9 4
25 10 7
25 12 8
25 14 6
25 15 5
25 18 3
25 19 6
25 20 6
25 22 3
25 24 5
26 0 4
26 2 7
26 7 8
26 10 8
26 12 3
26 13 3
26 14 1
26 16 6
26 17 5
26 19 8
26 21 5
26 23 7
26 25 6
27 1 7
27 2 2
27 3 1
27 4 3
27 5 2
27 8 3
27 9 1
27 10 2
27 11 1
27 12 8
27 19 5
27 21 3
27 22 2
27 26 4
28 1 4
28 2 1
28 3 6
28 4 4
28 5 3
28 7 5
28 8 2
28 11 8
28 13 6
28 15 4
28 16 4
28 17 4
28 18 1
28 19 6
28 21 1
28 24 3
28 25 8
28 26 3
28 27 2
29 2 4
29 3 8
29 9 6
29 10 6
29 15 8
29 18 1
29 19 1
29 23 6
29 26 7
30 0 8
30 3 6
30 4 1
30 5 1
30 8 8
30 12 3
30 14 2
30 16 1
30 17 6
30 23 8
30 24 4
30 26 5
30 27 2
30 28 5
31 1 3
31 2 8
31 3 7
31 5 4
31 7 6
31 8 2
31 10 7
31 11 1
31 17 8
31 18 3
31 20 6
31 21 2
31 24 4
31 25 8
31 26 2
31 27 3
31 29 5
31 30 2
32 3 6
32 5 5
32 6 5
32 7 8
32 8 6
32 9 5
32 10 5
32 11 1
32 12 2
32 14 2
32 15 5
32 17 2
32 18 8
32 19 7
32 21 4
32 25 6
32 27 6
32 28 5
32 29 6
32 30 7
33 0 8
33 5 1
33 7 7
33 10 6
33 11 2
33 12 7
33 14 7
33 15 5
33 16 3
33 17 6
33 19 2
33 24 1
33 25 4
33 26 2
33 29 2
33 30 8
33 32 5
34 1 4
34 2 3
34 3 2
34 5 3
34 13 8
34 15 4
34 17 1
34 21 1
34 22 1
34 23 6
34 26 3
34 27 7
34 28 3
35 1 2
35 5 2
35 6 6
35 7 5
35 10 5
35 13 5
35 14 5
35 15 3
35 16 3
35 17 5
35 19 8
35 22 5
35 26 4
35 27 1
35 30 4
35 31 8
35 33 2
35 34 1
36 0 3
36 2 6
36 4 2
36 6 6
36 7 2
36 10 8
36 14 6
36 15 2
36 16 5
36 17 1
36 18 5
36 19 4
36 22 4
36 23 4
36 26 7
36 28 4
36 29 3
36 30 1
36 31 4
36 32 5
36 33 4
37 1 3
37 5 3
37 7 3
37 9 4
37 11 7
37 12 2
37 13 7
37 14 7
37 15 3
37 16 7
37 18 5
37 19 2
37 20 6
37 21 3
37 22 6
37 24 8
37 25 1
37 27 2
37 28 8
37 29 2
37 30 8
37 31 7
37 32 4
37 34 4
37 35 7
37 36 8
38 0 6
38 6 4
38 7 4
38 9 1
38 10 7
38 11 6
38 14 4
38 15 7
38 23 8
38 24 1
38 26 2
38 28 6
38 29 8
38 30 5
38 31 4
38 34 2
38 35 3
38 37 2
39 1 1
39 4 8
39 5 4
39 6 2
39 7 8
39 9 5
39 10 5
39 15 2
39 20 6
39 21 7
39 23 4
39 26 2
39 34 5
39 35 4
39 36 2
39 38 7
40 0 1
40 1 4
40 2 8
40 3 3
40 7 2
40 8 6
40 12 8
40 13 3
40 15 6
40 16 5
40 18 7
40 19 8
40 20 8
40 21 6
40 22 6
40 32 6
40 35 3
40 37 6
40 38 3
40 39 4
41 1 6
41 3 3
41 13 4
41 15 6
41 16 7
41 22 2
41 24 1
41 25 5
41 26 7
41 27 4
41 28 8
41 29 7
41 30 6
41 32 5
41 35 3
41 36 3
41 37 7
41 38 6
41 39 3
41 40 5
42 2 3
42 3 5
42 6 8
42 8 4
42 12 8
42 13 5
42 16 8
42 19 6
42 20 1
42 25 3
42 27 4
42 29 7
42 30 6
42 32 1
42 33 4
42 34 8
42 35 7
42 36 1
43 2 4
43 4 8
43 6 6
43 8 8
43 10 6
43 11 6
43 13 3
43 15 5
43 18 1
43 19 5
43 21 1
43 22 3
43 26 2
43 29 6
43 31 2
43 32 2
43 34 4
43 36 7
43 38 1
43 42 6
44 4 4
44 8 5
44 14 7
44 16 7
44 19 2
44 20 7
44 21 1
44 22 3
44 25 1
44 26 4
44 27 6
44 28 4
44 30 3
44 31 3
44 32 4
44 33 5
44 37 7
44 38 4
44 41 5
45 0 2
45 3 7
45 5 5
45 7 1
45 8 6
45 10 5
45 11 2
45 12 3
45 13 5
45 15 5
45 19 2
45 25 8
45 26 7
45 27 3
45 30 1
45 31 5
45 33 3
45 34 8
45 35 7
45 37 3
45 38 7
45 42 1
45 43 3
46 0 3
46 1 6
46 3 5
46 9 4
46 11 5
46 13 1
46 14 6
46 17 7
46 18 6
46 20 3
46 27 3
46 29 7
46 32 1
46 34 6
46 36 2
46 37 8
46 38 8
46 39 2
46 40 1
46 45 7
47 1 4
47 3 7
47 4 4
47 7 4
47 10 3
47 13 5
47 19 4
47 20 7
47 21 6
47 23 8
47 24 6
47 26 6
47 30 4
47 31 5
47 34 7
47 35 5
47 36 5
47 40 4
47 43 3
47 45 2
48 0 1
48 1 5
48 2 2
48 6 8
48 8 4
48 10 5
48 12 4
48 15 3
48 20 8
48 23 8
48 25 6
48 26 1
48 31 7
48 33 8
48 36 1
48 38 1
48 41 7
48 43 3
48 44 7
48 46 2
49 1 4
49 6 7
49 7 4
49 10 2
49 12 6
49 14 4
49 15 2
49 17 2
49 18 7
49 19 3
49 20 7
49 21 8
49 22 7
49 23 7
49 24 6
49 27 8
49 28 6
49 30 4
49 31 5
49 34 4
49 40 4
49 41 3
49 44 1
49 46 8
49 47 6
49 48 6
50 1 7
50 2 8
50 4 2
50 5 4
50 6 8
50 7 6
50 9 7
50 10 6
50 14 4
50 16 6
50 17 7
50 18 4
50 21 8
50 26 4
50 29 7
50 31 2
50 32 1
50 34 4
50 35 2
50 36 8
50 38 1
50 41 7
50 42 5
50 43 7
50 46 4
50 48 1
51 4 1
51 5 4
51 7 3
51 9 6
51 11 3
51 12 3
51 14 1
51 15 5
51 16 1
51 19 6
51 20 1
51 21 1
51 23 3
51 24 1
51 27 8
51 28 6
51 31 2
51 33 7
51 34 2
51 35 3
51 36 5
51 37 5
51 38 4
51 39 8
51 40 8
51 41 2
51 46 2
51 48 1
51 49 2
52 0 1
52 1 4
52 2 7
52 3 6
52 4 1
52 6 4
52 7 6
52 8 2
52 9 7
52 10 6
52 12 3
52 14 1
52 16 2
52 19 1
52 20 8
52 24 3
52 25 8
52 26 3
52 28 1
52 29 6
52 30 8
52 31 5
52 34 7
52 36 7
52 38 6
52 40 6
52 42 8
52 46 4
52 48 1
52 50 8
52 51 6
53 0 8
53 2 3
53 10 2
53 11 4
53 12 6
53 14 5
53 15 6
53 18 1
53 22 6
53 23 7
53 25 8
53 26 4
53 27 6
53 30 8
53 31 1
53 33 5
53 35 1
53 37 4
53 38 8
53 39 2
53 42 4
53 44 2
53 47 6
53 49 7
53 51 2
53 52 2
54 1 4
54 5 7
54 7 5
54 9 2
54 10 8
54 11 8
54 12 3
54 16 7
54 18 8
54 19 6
54 20 8
54 21 6
54 22 5
54 24 2
54 25 7
54 26 5
54 33 2
54 35 2
54 39 6
54 40 7
54 42 1
54 47 2
54 52 7
54 53 8
55 0 8
55 1 3
55 3 8
55 11 3
55 14 4
55 17 5
55 19 8
55 20 8
55 22 1
55 25 5
55 26 5
55 27 4
55 30 4
55 32 2
55 33 2
55 34 7
55 37 1
55 39 8
55 41 4
55 44 4
55 45 8
55 46 8
55 48 1
55 49 7
55 52 7
55 53 6
55 54 6
56 0 4
56 2 7
56 4 4
56 5 8
56 7 7
56 8 3
56 10 8
56 11 2
56 14 4
56 15 2
56 19 6
56 21 3
56 22 2
56 23 4
56 24 2
56 26 2
56 29 8
56 30 4
56 31 3
56 32 5
56 34 5
56 36 8
56 38 6
56 40 4
56 41 3
56 42 6
56 44 3
56 46 5
56 48 5
56 51 3
56 53 4
56 54 6
57 6 7
57 10 7
57 15 5
57 18 5
57 19 5
57 21 5
57 24 1
57 25 2
57 27 8
57 29 7
57 33 1
57 34 4
57 37 6
57 39 6
57 40 2
57 47 6
57 50 7
57 55 6
58 1 1
58 3 5
58 4 1
58 5 2
58 6 3
58 9 7
58 11 4
58 12 5
58 13 8
58 14 3
58 15 4
58 16 2
58 17 3
58 18 4
58 21 7
58 22 1
58 23 1
58 24 4
58 25 4
58 26 7
58 28 4
58 31 7
58 32 5
58 34 4
58 37 1
58 40 8
58 42 4
58 43 1
58 44 8
58 46 2
58 48 7
58 49 8
58 54 6
58 55 1
58 56 3
59 0 4
59 1 1
59 4 8
59 6 5
59 7 8
59 8 8
59 11 6
59 12 8
59 13 2
59 14 3
59 15 7
59 17 7
59 21 8
59 23 5
59 26 4
59 27 8
59 28 7
59 32 2
59 34 3
59 35 6
59 36 3
59 37 1
59 38 1
59 46 6
59 47 1
59 48 1
59 51 8
59 56 7
59 57 5
60 3 3
60 6 3
60 7 4
60 8 6
60 10 5
60 11 2
60 12 4
60 13 7
60 14 4
60 15 6
60 16 7
60 18 2
60 19 3
60 20 8
60 21 3
60 22 1
60 26 4
60 29 6
60 30 7
60 31 7
60 32 8
60 33 5
60 38 5
60 39 4
60 40 2
60 41 5
60 43 7
60 48 3
60 54 1
60 55 3
60 57 5
60 58 8
61 0 5
61 1 6
61 3 8
61 14 5
61 15 3
61 16 7
61 18 6
61 19 2
61 23 6
61 27 2
61 28 3
61 32 1
61 34 3
61 35 8
61 37 8
61 39 2
61 42 4
61 43 7
61 44 2
61 45 5
61 47 1
61 51 7
61 52 6
61 54 1
61 56 7
62 1 2
62 5 3
62 6 4
62 10 4
62 12 5
62 14 7
62 15 2
62 18 8
62 20 8
62 21 2
62 23 7
62 24 4
62 25 6
62 26 2
62 27 2
62 32 8
62 34 3
62 35 8
62 36 5
62 37 3
62 38 4
62 40 4
62 42 2
62 43 4
62 46 4
62 48 6
62 49 8
62 50 5
62 52 7
62 53 6
62 54 7
62 55 4
62 57 8
62 58 2
62 59 8
62 61 4
63 0 3
63 3 6
63 6 8
63 8 6
63 10 4
63 13 2
63 14 8
63 17 3
63 18 2
63 22 2
63 24 8
63 26 2
63 30 1
63 33 7
63 34 5
63 35 1
63 38 3
63 40 2
63 41 5
63 42 6
63 44 6
63 45 7
63 47 2
63 50 7
63 51 3
63 52 7
63 54 3
63 56 1
63 59 8
63 61 4
63 62 4
64 0 4
64 1 8
64 4 6
64 6 4
64 7 2
64 9 8
64 10 6
64 11 4
64 12 8
64 13 3
64 14 2
64 17 7
64 20 2
64 21 7
64 22 4
64 23 6
64 24 2
64 26 3
64 31 8
64 34 2
64 35 6
64 36 8
64 38 8
64 42 5
64 43 6
64 44 8
64 45 7
64 46 6
64 47 4
64 48 2
64 49 8
64 51 8
64 52 6
64 58 6
64 59 1
64 60 8
65 0 8
65 4 3
65 5 6
65 6 2
65 7 7
65 8 2
65 9 8
65 10 1
65 13 2
65 16 6
65 20 5
65 21 3
65 23 8
65 24 6
65 26 7
65 29 3
65 31 8
65 33 8
65 36 7
65 39 1
65 40 4
65 41 1
65 42 5
65 43 5
65 46 3
65 47 8
65 48 4
65 49 4
65 51 2
65 53 3
65 54 2
65 56 8
65 57 1
65 58 8
65 61 4
65 63 8
66 1 4
66 8 1
66 9 4
66 11 8
66 12 7
66 13 4
66 14 4
66 15 2
66 17 8
66 18 2
66 19 6
66 22 4
66 23 5
66 25 6
66 29 5
66 31 5
66 36 5
66 38 3
66 39 5
66 40 2
66 41 7
66 42 5
66 43 8
66 44 5
66 45 6
66 47 1
66 49 8
66 50 6
66 51 5
66 52 6
66 53 6
66 55 5
66 57 7
66 58 2
66 60 1
66 61 3
66 63 4
66 65 8
67 0 6
67 3 1
67 5 3
67 6 7
67 10 7
67 14 3
67 15 5
67 17 8
67 18 8
67 19 5
67 20 3
67 21 6
67 26 4
67 27 1
67 29 5
67 31 1
67 33 8
67 40 1
67 45 8
67 46 8
67 48 2
67 49 6
67 52 7
67 53 8
67 54 6
67 55 5
67 57 7
67 58 5
67 59 4
67 61 7
67 62 7
67 64 7
67 65 3
67 66 6
68 0 6
68 2 1
68 3 2
68 8 6
68 9 1
68 12 6
68 13 3
68 16 4
68 19 4
68 20 5
68 21 8
68 22 4
68 24 2
68 25 1
68 26 7
68 27 3
68 28 3
68 29 2
68 31 3
68 32 6
68 33 8
68 36 5
68 38 7
68 39 3
68 41 3
68 42 3
68 44 1
68 45 7
68 47 1
68 48 8
68 51 7
68 53 4
68 54 6
68 55 1
68 57 2
68 58 8
68 59 3
68 63 4
68 66 2
68 67 5
