67
1 0 1
2 0 3
2 1 2
4 0 3
5 0 1
5 3 3
5 4 3
6 2 2
6 4 2
6 5 3
7 0 3
7 1 1
7 3 3
8 0 2
8 1 2
8 2 3
8 3 2
8 5 3
8 6 3
8 7 3
9 1 1
9 4 1
9 6 3
9 7 2
9 8 2
10 0 1
10 5 2
10 6 1
10 8 1
10 9 3
11 0 1
11 4 1
11 6 3
12 6 2
12 7 1
12 8 3
12 9 2
12 10 2
12 11 2
13 1 3
13 8 3
13 10 2
13 11 2
14 2 2
14 3 1
14 5 2
14 9 2
14 12 2
15 1 1
15 2 1
15 4 1
15 5 2
15 9 3
15 12 1
16 2 3
16 3 2
16 4 2
16 5 2
16 6 1
16 7 3
16 9 2
16 11 1
16 12 3
16 13 1
16 14 3
16 15 1
17 0 1
17 1 2
17 2 3
17 6 1
17 8 3
17 9 2
17 10 2
17 11 1
17 12 1
17 13 3
17 15 1
17 16 2
18 2 3
18 3 1
18 6 1
18 8 1
18 10 1
18 12 3
18 14 1
18 15 2
19 1 2
19 2 1
19 4 2
19 6 3
19 8 1
19 10 3
19 12 2
19 13 1
19 14 1
19 15 2
19 16 2
19 18 3
20 2 1
20 5 2
20 9 2
20 10 2
20 11 3
20 13 3
20 14 1
20 15 3
20 16 2
20 18 2
21 1 1
21 3 3
21 9 3
21 11 1
21 13 2
21 14 3
21 16 3
21 17 3
22 0 2
22 2 3
22 3 2
22 4 2
22 10 2
22 11 1
22 13 1
22 14 2
22 17 2
22 19 1
23 2 3
23 7 3
23 9 3
23 14 1
23 18 1
23 20 2
24 2 3
24 3 1
24 4 1
24 7 3
24 8 2
24 10 3
24 11 3
24 12 3
24 14 3
24 16 1
24 17 3
24 18 3
24 22 2
24 23 2
25 0 1
25 1 1
25 2 3
25 4 3
25 6 1
25 7 1
25 9 3
25 11 3
25 15 1
25 16 2
25 17 2
25 18 3
25 21 1
25 22 2
25 23 3
26 1 1
26 3 1
26 6 3
26 7 1
26 8 1
26 14 3
26 15 1
26 16 3
26 17 2
26 18 3
26 19 1
26 21 1
26 23 3
26 24 3
27 0 1
27 1 2
27 2 2
27 5 2
27 6 3
27 12 2
27 13 3
27 14 3
27 15 3
27 16 3
27 19 1
27 20 1
27 21 3
27 22 1
27 26 1
28 2 2
28 3 2
28 4 2
28 6 3
28 8 1
28 12 3
28 13 2
28 17 2
28 19 3
28 21 1
28 23 3
28 24 2
28 25 1
28 26 1
28 27 2
29 0 1
29 1 2
29 4 2
29 5 1
29 11 3
29 12 3
29 17 1
29 20 3
29 21 2
29 22 2
29 26 3
29 27 1
29 28 2
30 4 3
30 5 3
30 6 1
30 7 1
30 9 2
30 10 3
30 13 2
30 14 1
30 15 1
30 16 3
30 17 2
30 19 2
30 23 1
30 24 1
30 27 3
30 28 3
31 0 1
31 2 1
31 5 1
31 13 3
31 14 1
31 17 3
31 18 2
31 25 1
31 26 1
31 29 1
31 30 2
32 3 3
32 4 2
32 5 2
32 6 1
32 7 3
32 8 3
32 9 3
32 13 3
32 15 2
32 19 2
32 22 3
32 25 1
32 27 2
33 2 3
33 3 2
33 4 1
33 6 1
33 8 2
33 10 2
33 13 3
33 17 1
33 18 1
33 20 3
33 21 3
33 22 1
33 23 3
33 26 2
33 28 1
33 32 1
34 1 2
34 3 3
34 4 1
34 5 2
34 9 3
34 11 1
34 13 3
34 14 1
34 19 3
34 25 1
34 28 3
34 29 2
34 30 2
34 31 2
35 0 3
35 2 3
35 3 3
35 4 2
35 8 1
35 10 2
35 11 2
35 15 3
35 18 2
35 20 1
35 22 3
35 23 1
35 24 1
35 26 2
35 27 1
35 29 2
35 31 3
35 32 3
35 33 2
36 0 2
36 2 3
36 8 3
36 9 2
36 11 1
36 14 1
36 15 1
36 17 2
36 19 2
36 24 1
36 25 3
36 26 1
36 32 3
36 33 2
36 34 3
36 35 1
37 3 2
37 4 1
37 5 1
37 6 1
37 13 3
37 14 3
37 15 2
37 16 1
37 21 1
37 22 3
37 23 3
37 28 2
37 30 2
37 31 3
37 33 2
37 36 2
38 3 1
38 4 1
38 5 2
38 7 1
38 9 1
38 10 3
38 11 2
38 12 3
38 15 3
38 20 2
38 22 1
38 23 2
38 24 1
38 25 1
38 26 3
38 27 1
38 28 1
38 29 3
38 31 1
38 32 3
38 33 1
38 36 3
39 1 3
39 3 3
39 4 2
39 6 2
39 10 2
39 14 1
39 17 3
39 18 3
39 20 3
39 21 2
39 22 1
39 23 2
39 25 2
39 28 2
39 30 1
39 31 2
39 32 3
39 36 2
39 37 3
40 1 1
40 2 2
40 4 1
40 5 1
40 7 3
40 8 1
40 10 1
40 12 2
40 13 2
40 15 3
40 17 1
40 18 1
40 20 3
40 24 1
40 25 2
40 26 2
40 27 2
40 28 2
40 29 3
40 30 1
40 35 2
40 36 3
40 37 1
41 1 2
41 3 1
41 4 3
41 7 1
41 8 2
41 9 2
41 10 1
41 11 1
41 14 3
41 15 2
41 16 2
41 18 3
41 19 3
41 22 2
41 24 3
41 26 1
41 30 1
41 32 3
41 33 2
41 35 3
41 39 2
41 40 2
42 5 3
42 6 3
42 10 3
42 12 3
42 14 2
42 16 2
42 24 2
42 26 1
42 28 1
42 33 3
42 34 1
42 35 3
42 36 3
42 37 3
42 39 2
43 0 3
43 1 3
43 4 3
43 5 3
43 6 1
43 8 1
43 9 2
43 24 1
43 25 1
43 26 1
43 31 3
43 32 3
43 34 1
43 35 3
43 37 2
43 39 3
43 41 1
44 0 2
44 9 1
44 12 2
44 14 2
44 15 3
44 16 3
44 18 2
44 20 1
44 21 3
44 23 2
44 26 3
44 27 1
44 29 1
44 30 2
44 32 2
44 36 1
45 0 1
45 1 1
45 2 2
45 5 3
45 7 3
45 9 1
45 11 2
45 13 1
45 14 3
45 15 2
45 16 3
45 20 3
45 21 2
45 23 2
45 24 1
45 25 1
45 26 1
45 28 2
45 31 3
45 36 2
45 37 1
45 39 3
45 40 2
45 42 1
45 44 3
46 0 3
46 5 3
46 11 2
46 12 2
46 14 1
46 17 2
46 18 1
46 20 2
46 22 3
46 23 3
46 24 3
46 27 2
46 28 2
46 30 3
46 32 2
46 33 1
46 34 1
46 38 3
46 39 1
46 45 3
47 0 3
47 1 3
47 6 1
47 7 1
47 14 2
47 16 2
47 18 1
47 19 3
47 20 3
47 22 3
47 23 1
47 26 3
47 31 3
47 37 1
47 38 2
47 39 2
47 43 1
47 45 2
48 5 2
48 6 1
48 9 1
48 11 3
48 14 2
48 15 3
48 16 2
48 19 3
48 20 3
48 21 3
48 22 1
48 23 3
48 28 1
48 30 2
48 31 1
48 32 3
48 33 2
48 36 1
48 38 1
48 42 2
48 43 3
49 6 3
49 7 1
49 8 2
49 10 2
49 11 3
49 12 3
49 15 2
49 16 2
49 17 3
49 18 1
49 21 1
49 23 2
49 24 2
49 25 1
49 26 3
49 31 2
49 33 2
49 41 2
49 42 3
49 45 1
49 47 1
49 48 2
50 2 1
50 3 1
50 11 1
50 12 1
50 13 2
50 16 2
50 19 2
50 21 2
50 22 2
50 24 1
50 25 1
50 32 1
50 33 2
50 36 3
50 37 1
50 39 3
50 40 2
50 41 1
50 42 1
50 44 2
50 47 3
50 48 1
50 49 1
51 3 3
51 6 2
51 9 1
51 10 3
51 11 2
51 13 1
51 14 2
51 15 3
51 16 3
51 19 1
51 22 2
51 23 2
51 25 2
51 26 3
51 31 3
51 34 1
51 39 1
51 40 1
51 41 3
51 42 3
51 44 3
51 45 3
51 46 2
51 48 1
51 50 1
52 4 2
52 5 1
52 8 2
52 9 3
52 10 1
52 11 1
52 12 2
52 13 3
52 15 1
52 18 3
52 22 1
52 23 2
52 26 3
52 27 3
52 33 2
52 35 3
52 37 3
52 40 1
52 41 3
52 42 1
52 43 1
52 45 3
52 49 2
52 50 1
52 51 1
53 1 3
53 4 3
53 5 2
53 6 1
53 7 1
53 12 2
53 13 2
53 16 1
53 17 1
53 18 1
53 19 3
53 20 1
53 21 1
53 23 1
53 26 3
53 28 3
53 35 2
53 36 1
53 39 3
53 42 3
53 45 1
53 48 3
53 51 2
54 1 1
54 2 2
54 3 1
54 5 3
54 14 3
54 18 3
54 20 3
54 22 2
54 24 1
54 29 3
54 30 3
54 34 3
54 35 1
54 36 1
54 38 2
54 42 1
54 45 1
54 46 3
54 48 2
54 51 1
55 0 1
55 7 1
55 8 1
55 13 3
55 18 2
55 23 3
55 25 1
55 27 1
55 30 1
55 31 3
55 33 1
55 34 2
55 36 3
55 38 1
55 39 1
55 41 1
55 43 3
55 44 1
55 51 3
55 52 3
55 54 3
56 0 1
56 1 3
56 3 2
56 4 2
56 7 3
56 8 3
56 9 1
56 10 2
56 11 1
56 12 2
56 13 3
56 18 3
56 19 3
56 21 3
56 27 3
56 31 1
56 34 3
56 35 2
56 38 3
56 43 3
56 44 2
56 47 2
56 53 2
56 54 1
57 0 3
57 2 3
57 6 1
57 8 1
57 14 3
57 16 1
57 17 3
57 18 2
57 21 3
57 24 1
57 31 3
57 32 3
57 34 3
57 35 1
57 37 3
57 38 1
57 40 2
57 41 3
57 44 3
57 46 1
57 51 1
57 54 2
57 55 3
57 56 2
58 0 1
58 2 3
58 4 3
58 5 3
58 6 1
58 7 1
58 10 3
58 13 3
58 16 3
58 18 2
58 19 3
58 20 3
58 23 1
58 24 1
58 25 1
58 27 1
58 28 3
58 29 1
58 30 3
58 34 1
58 35 3
58 39 1
58 40 1
58 41 1
58 42 1
58 43 1
58 45 3
58 50 1
58 54 1
58 56 3
59 0 3
59 2 1
59 3 3
59 4 2
59 5 3
59 9 3
59 11 1
59 15 3
59 17 2
59 18 1
59 19 1
59 21 3
59 26 3
59 27 1
59 28 3
59 33 1
59 34 2
59 35 2
59 36 3
59 40 1
59 41 2
59 42 3
59 43 3
59 46 2
59 47 3
59 48 1
59 49 3
59 50 1
59 52 1
59 53 3
59 55 2
59 56 3
59 58 3
60 1 2
60 5 3
60 6 3
60 7 3
60 8 3
60 10 1
60 12 1
60 14 1
60 15 1
60 16 2
60 18 3
60 20 1
60 26 3
60 27 1
60 28 3
60 29 2
60 30 2
60 31 2
60 36 1
60 39 2
60 40 1
60 43 1
60 44 3
60 45 1
60 48 3
60 51 2
60 53 1
60 56 1
61 0 3
61 4 3
61 6 1
61 7 1
61 10 3
61 11 2
61 15 2
61 17 3
61 20 1
61 24 2
61 27 3
61 30 2
61 34 3
61 44 2
61 45 2
61 46 1
61 48 1
61 53 2
61 55 1
61 56 2
61 58 2
61 59 1
62 0 2
62 3 2
62 5 2
62 6 1
62 11 1
62 12 2
62 14 1
62 15 2
62 18 3
62 19 3
62 21 3
62 23 3
62 25 3
62 33 2
62 35 2
62 36 2
62 37 2
62 38 2
62 39 3
62 40 3
62 41 3
62 42 1
62 46 1
62 49 2
62 50 1
62 51 1
62 53 2
62 54 3
62 56 3
62 58 3
62 59 3
62 60 3
63 0 1
63 1 2
63 2 1
63 3 2
63 5 3
63 8 2
63 9 2
63 11 3
63 13 2
63 14 1
63 17 2
63 19 2
63 21 1
63 22 3
63 23 3
63 29 2
63 30 1
63 34 3
63 39 1
63 40 3
63 41 1
63 43 3
63 44 1
63 47 3
63 49 2
63 51 2
63 52 3
63 53 3
63 54 2
63 57 2
63 59 1
63 61 3
63 62 2
64 1 3
64 2 1
64 4 3
64 8 1
64 11 1
64 13 1
64 16 3
64 18 1
64 19 1
64 20 3
64 21 1
64 22 2
64 23 1
64 24 1
64 25 1
64 28 3
64 30 3
64 31 1
64 32 1
64 34 2
64 35 3
64 36 2
64 39 2
64 40 2
64 41 2
64 43 2
64 48 1
64 49 2
64 50 3
64 51 2
64 55 2
64 57 3
64 63 2
65 0 3
65 1 2
65 4 2
65 5 1
65 7 3
65 10 3
65 14 1
65 15 1
65 16 2
65 17 2
65 20 3
65 22 3
65 25 3
65 26 2
65 28 1
65 30 3
65 31 3
65 35 1
65 39 3
65 41 3
65 42 3
65 44 1
65 45 2
65 46 3
65 47 1
65 49 2
65 55 3
65 57 2
65 58 2
65 59 3
65 62 1
66 1 1
66 2 2
66 3 2
66 4 2
66 6 3
66 7 3
66 11 1
66 17 2
66 19 2
66 22 1
66 27 1
66 28 1
66 31 3
66 34 1
66 37 2
66 38 3
66 40 2
66 41 2
66 43 3
66 46 1
66 49 3
66 50 1
66 54 1
66 56 1
66 58 3
66 61 3
66 62 1
66 63 3
66 64 1
