20
1 0 26
2 0 12
2 1 19
3 2 3
4 0 29
5 0 14
6 0 22
6 2 4
7 0 19
7 2 4
8 2 12
8 4 3
8 5 5
9 1 11
9 2 19
9 3 24
9 4 31
9 7 7
10 2 28
10 3 24
10 4 7
10 5 23
11 1 19
11 4 2
11 5 8
11 6 4
11 7 14
11 8 19
12 0 15
12 3 8
12 5 9
12 7 17
12 8 26
12 10 15
13 1 12
13 2 22
13 4 24
13 6 18
13 7 14
13 8 20
13 10 31
14 0 3
14 1 22
14 2 17
14 4 7
14 5 28
14 6 23
14 9 4
14 12 31
14 13 28
15 1 11
15 2 2
15 3 5
15 4 20
15 6 27
15 8 19
15 9 2
15 11 6
15 12 5
16 1 28
16 2 10
16 4 7
16 5 26
16 6 19
16 7 22
16 8 21
16 10 13
16 11 15
16 15 30
17 0 8
17 1 21
17 2 20
17 3 19
17 6 14
17 7 13
17 8 1
17 11 3
17 13 21
17 14 3
17 15 4
18 0 17
18 3 28
18 5 29
18 7 21
18 10 24
18 12 18
18 13 23
18 14 21
18 15 27
18 16 18
19 0 9
19 1 10
19 2 20
19 5 22
19 6 9
19 9 12
19 10 19
19 11 27
19 16 20
19 18 15
