30
1 0 34
2 0 8
2 1 10
3 0 14
3 1 26
3 2 34
4 0 35
4 1 13
4 2 21
4 3 29
5 0 27
5 1 31
5 2 12
5 3 34
5 4 7
6 0 35
6 1 24
6 2 12
6 3 33
6 4 41
6 5 32
7 0 1
7 1 34
7 2 1
7 3 24
7 4 10
7 5 31
7 6 25
8 0 23
8 1 15
8 2 24
8 3 3
8 4 32
8 5 17
8 6 20
8 7 18
9 0 38
9 1 7
9 2 31
9 3 5
9 4 38
9 5 30
9 6 1
9 7 13
9 8 12
10 0 3
10 1 14
10 2 22
10 3 38
10 4 31
10 5 20
10 6 30
10 7 19
10 8 7
10 9 16
11 0 6
11 1 41
11 2 24
11 3 37
11 4 4
11 5 26
11 6 3
11 7 5
11 8 35
11 9 32
11 10 41
12 0 36
12 1 15
12 2 32
12 3 39
12 4 17
12 5 41
12 6 33
12 7 35
12 8 41
12 9 40
12 10 17
12 11 28
13 0 7
13 1 16
13 2 40
13 3 26
13 4 6
13 5 7
13 6 35
13 7 36
13 8 36
13 9 35
13 10 19
13 11 23
13 12 23
14 0 32
14 1 38
14 2 39
14 3 3
14 4 19
14 5 22
14 6 20
14 7 33
14 8 13
14 9 40
14 10 14
14 11 2
14 12 16
14 13 38
15 0 23
15 1 18
15 2 18
15 3 27
15 4 15
15 5 21
15 6 19
15 7 38
15 8 26
15 9 22
15 10 32
15 11 30
15 12 27
15 13 17
15 14 6
16 0 7
16 1 16
16 2 4
16 3 14
16 4 24
16 5 39
16 6 25
16 7 21
16 8 8
16 9 16
16 10 10
16 11 38
16 12 9
16 13 15
16 14 40
16 15 12
17 0 19
17 1 23
17 2 3
17 3 12
17 4 18
17 5 19
17 6 8
17 7 10
17 8 18
17 9 32
17 10 27
17 11 16
17 12 29
17 13 16
17 14 34
17 15 20
17 16 39
18 0 38
18 1 19
18 2 11
18 3 14
18 4 40
18 5 21
18 6 37
18 7 23
18 8 40
18 9 41
18 10 5
18 11 9
18 12 37
18 13 38
18 14 2
18 15 18
18 16 20
18 17 35
19 0 35
19 1 33
19 2 29
19 3 7
19 4 24
19 5 3
19 6 11
19 7 40
19 8 36
19 9 28
19 10 3
19 11 2
19 12 19
19 13 21
19 14 13
19 15 17
19 16 24
19 17 29
19 18 35
20 0 14
20 1 32
20 2 19
20 3 2
20 4 2
20 5 31
20 6 5
20 7 12
20 8 11
20 9 1
20 10 35
20 11 31
20 12 8
20 13 34
20 14 32
20 15 3
20 16 1
20 17 12
20 18 19
20 19 10
21 0 34
21 1 3
21 2 6
21 3 24
21 4 12
21 5 31
21 6 32
21 7 37
21 8 33
21 9 27
21 10 10
21 11 38
21 12 36
21 13 7
21 14 39
21 15 33
21 16 35
21 17 22
21 18 30
21 19 9
21 20 16
22 0 24
22 1 4
22 2 12
22 3 9
22 4 8
22 5 26
22 6 25
22 7 1
22 8 4
22 9 28
22 10 25
22 11 22
22 12 20
22 13 12
22 14 24
22 15 15
22 16 33
22 17 6
22 18 38
22 19 38
22 20 1
22 21 40
23 0 1
23 1 12
23 2 35
23 3 26
23 4 21
23 5 19
23 6 28
23 7 33
23 8 17
23 9 37
23 10 29
23 11 5
23 12 15
23 13 7
23 14 39
23 15 7
23 16 2
23 17 23
23 18 11
23 19 17
23 20 29
23 21 33
23 22 2
24 0 19
24 1 6
24 2 1
24 3 23
24 4 29
24 5 12
24 6 28
24 7 2
24 8 23
24 9 3
24 10 20
24 11 5
24 12 38
24 13 14
24 14 2
24 15 34
24 16 13
24 17 22
24 18 39
24 19 32
24 20 32
24 21 10
24 22 20
24 23 35
25 0 38
25 1 30
25 2 15
25 3 21
25 4 15
25 5 10
25 6 41
25 7 40
25 8 14
25 9 25
25 10 5
25 11 15
25 12 25
25 13 20
25 14 40
25 15 36
25 16 22
25 17 41
25 18 13
25 19 20
25 20 15
25 21 6
25 22 40
25 23 29
25 24 30
26 0 34
26 1 19
26 2 21
26 3 4
26 4 9
26 5 12
26 6 13
26 7 24
26 8 15
26 9 31
26 10 29
26 11 19
26 12 39
26 13 14
26 14 20
26 15 13
26 16 16
26 17 40
26 18 27
26 19 14
26 20 6
26 21 38
26 22 3
26 23 31
26 24 18
26 25 39
27 0 26
27 1 34
27 2 11
27 3 8
27 4 40
27 5 15
27 6 1
27 7 20
27 8 23
27 9 23
27 10 4
27 11 22
27 12 41
27 13 7
27 14 30
27 15 1
27 16 28
27 17 6
27 18 16
27 19 13
27 20 25
27 21 26
27 22 29
27 23 29
27 24 32
27 25 40
27 26 1
28 0 6
28 1 18
28 2 20
28 3 25
28 4 4
28 5 41
28 6 36
28 7 10
28 8 19
28 9 40
28 10 22
28 11 1
28 12 19
28 13 15
28 14 14
28 15 9
28 16 15
28 17 34
28 18 13
28 19 25
28 20 26
28 21 1
28 22 27
28 23 33
28 24 33
28 25 39
28 26 32
28 27 16
29 0 14
29 1 32
29 2 16
29 3 29
29 4 4
29 5 34
29 6 34
29 7 39
29 8 10
29 9 29
29 10 1
29 11 27
29 12 28
29 13 23
29 14 40
29 15 32
29 16 16
29 17 1
29 18 29
29 19 3
29 20 14
29 21 22
29 22 27
29 23 15
29 24 19
29 25 33
29 26 13
29 27 34
29 28 22
