43
1 0 7
3 1 11
4 0 17
4 1 6
5 0 15
5 1 14
6 2 4
6 5 8
7 0 14
7 1 16
7 4 14
7 5 3
7 6 2
8 1 2
8 3 17
8 4 10
8 5 10
8 7 15
9 2 13
9 3 13
9 4 9
9 8 16
10 0 2
10 2 16
10 3 8
10 5 5
10 6 13
10 8 5
11 1 8
11 2 16
11 4 15
11 7 5
11 8 6
12 3 2
12 4 16
12 6 16
12 7 15
12 8 1
12 9 14
12 10 2
12 11 3
13 2 13
13 3 17
13 4 15
13 8 15
14 1 16
14 2 3
14 3 10
14 5 8
14 7 2
14 10 17
15 0 16
15 6 16
15 7 10
15 8 3
15 9 6
15 10 11
16 0 8
16 6 15
16 15 17
17 2 1
17 3 17
17 4 17
17 6 2
17 7 7
17 8 8
17 9 17
17 12 14
17 13 7
17 16 6
18 1 7
18 4 9
18 10 2
18 11 7
18 14 8
18 17 15
19 0 13
19 2 1
19 3 12
19 4 7
19 5 3
19 6 9
19 10 14
19 11 2
19 14 3
19 15 6
19 16 9
19 18 11
20 0 10
20 2 5
20 7 6
20 11 6
20 12 13
20 13 7
20 14 14
20 15 4
20 16 2
20 19 4
21 3 1
21 4 8
21 9 7
21 11 8
21 12 2
21 13 10
21 16 13
21 19 10
22 0 10
22 2 2
22 3 10
22 4 4
22 5 13
22 6 10
22 9 11
22 10 8
22 12 16
22 13 2
22 19 1
22 20 7
22 21 1
23 1 17
23 2 15
23 3 12
23 4 7
23 8 5
23 9 6
23 10 5
23 11 9
23 13 3
23 14 4
23 16 4
23 18 13
23 20 1
24 2 1
24 3 5
24 6 1
24 10 16
24 13 11
24 14 8
24 15 2
24 16 5
24 18 3
24 19 11
24 20 12
25 0 8
25 2 1
25 3 3
25 5 16
25 6 1
25 11 11
25 12 4
25 13 2
25 14 3
25 15 14
25 17 8
25 18 12
25 21 4
25 22 17
25 23 2
25 24 4
26 0 16
26 1 2
26 2 1
26 3 1
26 5 6
26 6 4
26 8 12
26 10 15
26 13 17
26 14 8
26 15 8
26 16 12
26 17 3
26 25 2
27 3 9
27 4 14
27 5 9
27 6 7
27 7 1
27 8 16
27 9 17
27 10 5
27 12 8
27 14 15
27 15 6
27 17 16
27 18 15
27 19 2
27 20 13
27 22 14
27 23 6
27 24 2
27 26 9
28 0 7
28 1 11
28 2 7
28 6 11
28 8 15
28 10 16
28 11 2
28 15 11
28 16 13
28 18 16
28 19 5
28 20 1
28 21 2
28 22 17
28 23 13
28 25 15
28 27 2
29 1 17
29 3 14
29 6 1
29 7 15
29 8 8
29 11 9
29 12 14
29 15 14
29 18 11
29 20 6
29 21 8
29 22 16
29 23 12
29 25 13
29 26 12
29 27 16
30 0 8
30 2 7
30 5 10
30 7 8
30 8 15
30 11 6
30 13 16
30 15 11
30 17 4
30 23 6
30 25 5
30 26 14
30 27 16
31 0 13
31 1 7
31 4 9
31 5 9
31 8 3
31 9 7
31 10 4
31 14 8
31 19 1
31 20 13
31 21 13
31 25 5
31 26 8
31 27 10
32 0 16
32 1 9
32 3 11
32 7 9
32 10 15
32 12 12
32 16 7
32 17 9
32 18 15
32 20 6
32 21 17
32 22 12
32 25 12
32 30 3
33 1 14
33 3 9
33 4 3
33 6 5
33 7 6
33 9 12
33 10 17
33 12 9
33 13 14
33 14 8
33 15 2
33 17 10
33 19 2
33 20 4
33 21 8
33 22 5
33 27 8
33 28 16
33 30 15
33 32 9
34 0 12
34 2 11
34 4 11
34 6 16
34 8 15
34 9 16
34 10 4
34 11 11
34 12 5
34 13 4
34 14 9
34 15 8
34 16 8
34 18 1
34 20 15
34 21 7
34 26 14
34 27 2
34 29 10
34 31 16
34 33 10
35 0 8
35 2 13
35 10 15
35 12 7
35 13 15
35 14 14
35 16 3
35 20 14
35 24 9
35 27 16
35 29 4
35 34 13
36 0 13
36 2 6
36 3 9
36 7 10
36 11 16
36 15 6
36 17 9
36 19 4
36 20 5
36 21 17
36 22 15
36 23 8
36 26 17
36 28 13
36 32 17
36 34 14
36 35 13
37 6 12
37 7 2
37 8 7
37 13 5
37 17 13
37 18 12
37 20 1
37 22 1
37 23 14
37 29 4
37 31 9
37 32 15
37 33 4
37 36 15
38 0 9
38 1 4
38 2 4
38 3 6
38 5 11
38 9 4
38 11 16
38 12 1
38 13 16
38 14 10
38 18 11
38 20 14
38 21 6
38 25 3
38 26 10
38 27 9
38 29 1
38 34 12
38 35 13
38 36 16
38 37 5
39 2 15
39 3 13
39 5 1
39 6 8
39 8 6
39 10 2
39 11 17
39 12 16
39 14 16
39 16 3
39 19 8
39 20 4
39 23 10
39 24 16
39 27 16
39 31 13
39 32 11
39 35 4
39 36 1
39 37 7
40 0 16
40 5 2
40 10 5
40 11 13
40 15 2
40 16 14
40 17 9
40 19 2
40 20 4
40 21 3
40 24 14
40 25 8
40 26 17
40 29 5
40 31 17
40 34 9
40 37 1
40 38 15
40 39 9
41 1 14
41 4 6
41 7 12
41 8 13
41 11 7
41 14 14
41 15 17
41 18 5
41 20 1
41 21 7
41 22 13
41 26 15
41 27 17
41 30 17
41 33 8
41 36 17
41 38 3
41 40 9
42 1 10
42 4 9
42 5 13
42 8 2
42 15 16
42 16 4
42 17 5
42 20 12
42 22 7
42 23 15
42 24 6
42 26 15
42 28 17
42 31 15
42 33 3
42 34 9
42 35 8
42 40 14
42 41 6
