28
1 0 3
2 0 12
2 1 15
3 0 21
3 1 9
3 2 20
4 0 17
4 1 8
4 2 15
4 3 21
5 0 1
5 1 7
5 2 26
5 3 30
5 4 5
6 0 30
6 1 17
6 2 22
6 3 25
6 4 28
6 5 16
7 0 2
7 1 24
7 2 15
7 3 11
7 4 27
7 5 6
7 6 15
8 0 5
8 1 12
8 2 14
8 3 12
8 4 27
8 5 27
8 6 28
8 7 15
9 0 13
9 1 16
9 2 17
9 3 15
9 4 27
9 5 20
9 6 25
9 7 4
9 8 24
10 0 20
10 1 30
10 2 10
10 3 19
10 4 20
10 5 12
10 6 4
10 7 10
10 8 1
10 9 13
11 0 30
11 1 6
11 2 14
11 3 3
11 4 13
11 5 27
11 6 22
11 7 23
11 8 12
11 9 3
11 10 29
12 0 2
12 1 1
12 2 28
12 3 14
12 4 5
12 5 15
12 6 12
12 7 25
12 8 10
12 9 29
12 10 2
12 11 22
13 0 21
13 1 7
13 2 22
13 3 16
13 4 11
13 5 4
13 6 27
13 7 25
13 8 26
13 9 9
13 10 6
13 11 14
13 12 14
14 0 9
14 1 30
14 2 11
14 3 23
14 4 18
14 5 9
14 6 27
14 7 4
14 8 30
14 9 25
14 10 21
14 11 30
14 12 22
14 13 7
15 0 30
15 1 5
15 2 20
15 3 26
15 4 18
15 5 13
15 6 27
15 7 20
15 8 17
15 9 12
15 10 18
15 11 21
15 12 2
15 13 7
15 14 26
16 0 25
16 1 20
16 2 18
16 3 5
16 4 14
16 5 12
16 6 9
16 7 20
16 8 24
16 9 12
16 10 27
16 11 23
16 12 3
16 13 8
16 14 25
16 15 1
17 0 8
17 1 14
17 2 27
17 3 4
17 4 28
17 5 30
17 6 30
17 7 18
17 8 22
17 9 12
17 10 4
17 11 14
17 12 5
17 13 6
17 14 1
17 15 1
17 16 25
18 0 8
18 1 24
18 2 20
18 3 17
18 4 5
18 5 9
18 6 21
18 7 7
18 8 18
18 9 11
18 10 18
18 11 12
18 12 27
18 13 1
18 14 13
18 15 18
18 16 24
18 17 10
19 0 14
19 1 30
19 2 28
19 3 17
19 4 21
19 5 8
19 6 5
19 7 15
19 8 30
19 9 1
19 10 10
19 11 19
19 12 29
19 13 29
19 14 28
19 15 29
19 16 30
19 17 12
19 18 10
20 0 7
20 1 17
20 2 2
20 3 1
20 4 7
20 5 18
20 6 14
20 7 8
20 8 1
20 9 13
20 10 30
20 11 6
20 12 2
20 13 25
20 14 9
20 15 20
20 16 28
20 17 19
20 18 6
20 19 12
21 0 17
21 1 28
21 2 30
21 3 18
21 4 24
21 5 21
21 6 13
21 7 22
21 8 5
21 9 2
21 10 8
21 11 26
21 12 15
21 13 19
21 14 3
21 15 23
21 16 14
21 17 23
21 18 25
21 19 26
21 20 3
22 0 28
22 1 14
22 2 7
22 3 3
22 4 15
22 5 4
22 6 29
22 7 11
22 8 2
22 9 20
22 10 4
22 11 24
22 12 8
22 13 6
22 14 27
22 15 9
22 16 5
22 17 13
22 18 9
22 19 29
22 20 11
22 21 9
23 0 6
23 1 5
23 2 29
23 3 3
23 4 10
23 5 21
23 6 30
23 7 3
23 8 30
23 9 19
23 10 4
23 11 26
23 12 30
23 13 13
23 14 29
23 15 12
23 16 27
23 17 25
23 18 23
23 19 10
23 20 27
23 21 23
23 22 16
24 0 21
24 1 30
24 2 8
24 3 7
24 4 23
24 5 22
24 6 8
24 7 3
24 8 2
24 9 3
24 10 12
24 11 11
24 12 5
24 13 26
24 14 29
24 15 4
24 16 20
24 17 29
24 18 21
24 19 25
24 20 7
24 21 6
24 22 9
24 23 29
25 0 4
25 1 30
25 2 23
25 3 22
25 4 5
25 5 27
25 6 16
25 7 21
25 8 4
25 9 22
25 10 29
25 11 23
25 12 7
25 13 24
25 14 14
25 15 6
25 16 28
25 17 25
25 18 30
25 19 10
25 20 12
25 21 28
25 22 4
25 23 30
25 24 8
26 0 1
26 1 22
26 2 6
26 3 16
26 4 3
26 5 3
26 6 11
26 7 29
26 8 6
26 9 14
26 10 7
26 11 23
26 12 23
26 13 9
26 14 6
26 15 3
26 16 23
26 17 4
26 18 18
26 19 8
26 20 22
26 21 12
26 22 10
26 23 22
26 24 4
26 25 26
27 0 4
27 1 10
27 2 27
27 3 9
27 4 14
27 5 10
27 6 12
27 7 30
27 8 30
27 9 3
27 10 15
27 11 17
27 12 11
27 13 24
27 14 30
27 15 21
27 16 23
27 17 2
27 18 26
27 19 27
27 20 2
27 21 24
27 22 25
27 23 16
27 24 18
27 25 13
27 26 15
