39
2 0 8
3 0 3
3 2 8
4 0 1
4 1 10
4 2 10
4 3 10
5 1 10
5 3 6
6 1 2
6 3 8
6 5 8
7 2 1
7 4 6
8 1 5
8 3 10
8 4 7
8 5 7
8 7 10
9 6 6
9 8 1
10 0 6
10 1 8
10 5 4
10 6 4
10 7 3
11 1 5
11 2 4
11 3 1
11 4 1
11 5 2
11 10 8
12 0 9
12 1 8
12 2 7
12 3 5
12 4 9
12 6 3
12 9 8
13 2 10
13 3 3
13 4 4
13 8 3
13 9 5
13 10 8
13 12 10
14 0 1
14 1 3
14 2 1
14 3 1
14 6 10
14 10 4
14 11 10
14 12 8
14 13 6
15 0 2
15 3 4
15 4 6
15 6 3
15 7 10
15 9 1
15 11 7
16 3 3
16 6 9
16 7 5
16 8 6
16 9 6
16 10 10
16 13 5
16 15 4
17 0 9
17 1 5
17 2 1
17 3 6
17 4 4
17 5 1
17 6 8
17 7 5
17 8 6
17 9 7
17 11 1
18 1 9
18 3 5
18 4 5
18 7 6
18 11 2
18 12 4
18 13 3
18 16 1
18 17 10
19 0 9
19 1 7
19 2 7
19 4 1
19 7 4
19 9 2
19 11 2
19 12 1
19 16 8
19 18 2
20 1 6
20 4 10
20 7 2
20 8 4
20 11 9
20 13 1
20 14 1
20 17 5
20 19 3
21 0 1
21 1 6
21 3 8
21 5 3
21 7 2
21 8 6
21 9 9
21 10 9
21 11 2
21 14 4
21 16 8
21 17 3
21 18 1
22 0 7
22 1 6
22 3 9
22 4 2
22 6 8
22 7 4
22 8 1
22 11 7
22 17 6
22 19 5
23 0 7
23 1 5
23 4 6
23 5 6
23 6 1
23 7 3
23 8 1
23 9 1
23 10 4
23 12 6
23 13 1
23 15 2
23 16 6
23 17 6
23 18 2
23 22 3
24 0 3
24 3 2
24 7 6
24 8 2
24 10 6
24 14 2
24 16 3
24 18 6
24 20 6
24 21 3
24 22 7
25 1 2
25 4 2
25 5 8
25 6 6
25 7 7
25 8 4
25 10 4
25 11 6
25 12 6
25 16 5
25 18 9
26 0 10
26 3 2
26 4 9
26 6 6
26 8 3
26 9 3
26 10 3
26 11 2
26 15 8
26 16 3
26 17 8
26 18 8
26 19 7
26 21 1
26 22 2
26 24 4
27 3 10
27 4 4
27 6 3
27 7 8
27 8 3
27 9 2
27 10 6
27 12 2
27 13 1
27 14 9
27 16 9
27 17 9
27 20 1
27 23 8
28 1 9
28 2 7
28 3 6
28 4 9
28 5 4
28 11 6
28 12 3
28 13 3
28 15 2
28 16 9
28 17 4
28 22 8
28 25 2
28 27 8
29 0 7
29 1 8
29 3 7
29 5 6
29 6 8
29 7 2
29 11 4
29 13 9
29 20 6
29 22 6
29 23 9
29 25 8
29 26 1
30 0 9
30 2 8
30 3 3
30 4 5
30 6 9
30 7 9
30 8 6
30 9 5
30 11 4
30 12 1
30 14 8
30 15 5
30 17 7
30 20 3
30 21 8
30 26 2
30 27 10
30 29 4
31 1 10
31 3 8
31 4 1
31 5 4
31 6 7
31 7 6
31 12 2
31 13 10
31 15 3
31 16 1
31 21 7
31 24 7
31 25 8
31 26 3
31 28 7
31 30 6
32 0 8
32 1 9
32 2 2
32 4 7
32 6 9
32 8 9
32 9 8
32 12 7
32 14 4
32 17 7
32 18 9
32 20 6
32 22 7
32 28 3
32 31 5
33 2 7
33 3 5
33 12 6
33 13 2
33 16 9
33 19 4
33 22 5
33 23 8
33 27 2
33 28 3
33 29 9
33 31 10
34 1 5
34 6 9
34 8 9
34 9 7
34 11 7
34 12 5
34 13 3
34 17 6
34 21 5
34 22 1
34 23 10
34 25 3
34 27 7
34 32 9
34 33 4
35 1 4
35 2 1
35 6 7
35 7 4
35 11 6
35 12 7
35 13 5
35 14 1
35 15 8
35 20 5
35 23 3
35 24 5
35 25 9
35 27 3
35 28 5
35 29 3
35 30 3
35 31 10
35 32 10
35 33 9
36 1 2
36 5 7
36 6 6
36 9 8
36 10 7
36 12 1
36 13 9
36 15 2
36 18 7
36 19 1
36 20 9
36 21 3
36 22 9
36 26 3
36 27 6
36 28 10
36 30 8
36 31 4
36 32 7
36 33 1
36 34 7
36 35 10
37 2 4
37 7 10
37 11 8
37 14 10
37 15 7
37 17 3
37 18 7
37 23 1
37 27 9
37 28 7
37 29 1
37 31 7
37 33 6
37 34 10
37 35 3
37 36 4
38 0 6
38 2 4
38 3 6
38 6 10
38 11 2
38 18 3
38 23 8
38 25 8
38 28 10
38 29 3
38 30 9
38 31 7
38 32 4
38 33 7
38 34 1
38 36 4
