68
1 0 10
3 0 13
3 1 32
3 2 40
4 2 35
4 3 43
5 0 13
5 2 21
5 3 45
6 0 13
6 1 45
6 2 7
6 4 29
7 2 9
8 5 10
8 7 22
9 0 10
9 3 58
9 6 11
10 1 4
10 2 33
10 3 12
10 6 45
10 7 28
10 8 24
10 9 36
11 1 49
11 2 26
11 3 25
11 6 36
11 8 14
11 9 37
12 1 32
12 3 49
12 6 22
12 8 39
12 9 24
12 10 58
12 11 33
13 1 5
13 3 36
13 5 54
13 6 52
13 7 25
13 10 18
13 11 54
13 12 58
14 0 46
14 2 53
14 3 52
14 7 35
14 11 5
14 12 40
15 1 15
15 4 35
15 8 29
15 11 44
15 12 55
15 13 31
16 2 19
16 4 46
16 5 53
16 7 18
16 12 31
17 2 14
17 4 11
17 5 40
17 6 54
17 7 15
17 8 24
17 9 54
17 10 55
17 11 54
17 13 52
17 14 34
17 15 4
18 2 11
18 5 39
18 6 22
18 7 14
18 9 30
18 10 43
18 11 16
18 12 8
18 13 26
18 15 42
19 1 18
19 2 7
19 3 5
19 6 38
19 8 49
19 10 28
19 14 33
19 17 41
20 2 18
20 10 9
20 13 24
20 14 12
20 15 20
20 16 33
20 17 18
20 18 2
20 19 21
21 0 40
21 1 3
21 3 53
21 5 16
21 6 19
21 7 32
21 8 38
21 11 55
21 12 8
21 15 41
21 16 38
21 20 51
22 0 57
22 1 4
22 2 4
22 3 31
22 10 46
22 11 22
22 13 9
22 15 4
22 16 32
22 19 50
22 21 10
23 0 24
23 1 17
23 2 45
23 3 7
23 4 8
23 7 24
23 9 3
23 17 35
23 18 20
23 20 11
23 21 28
24 1 43
24 2 44
24 4 10
24 5 3
24 9 14
24 12 6
24 14 1
24 15 27
24 19 22
24 20 15
24 21 27
24 23 13
25 0 54
25 2 45
25 3 29
25 4 25
25 5 49
25 7 2
25 8 5
25 11 38
25 13 38
25 18 35
25 21 55
25 22 18
25 23 44
26 1 44
26 3 3
26 4 39
26 6 3
26 8 45
26 9 56
26 10 10
26 15 35
26 16 9
26 19 30
26 20 9
26 21 23
26 22 51
27 0 17
27 6 26
27 7 53
27 8 35
27 11 39
27 12 19
27 13 38
27 15 26
27 16 37
27 17 3
27 18 21
27 19 8
27 20 38
27 22 6
27 23 39
27 26 15
28 1 20
28 2 16
28 4 4
28 5 2
28 7 7
28 9 57
28 10 21
28 12 19
28 13 53
28 18 1
28 19 30
28 20 43
28 22 48
28 24 36
28 25 5
29 2 52
29 3 49
29 4 48
29 5 10
29 6 55
29 8 10
29 10 3
29 12 23
29 14 3
29 20 16
29 23 31
29 24 35
29 25 29
29 27 55
30 1 27
30 2 16
30 3 50
30 4 48
30 6 17
30 9 3
30 11 54
30 13 58
30 15 4
30 19 39
30 21 29
30 22 46
30 23 44
30 24 55
30 25 12
30 27 54
30 28 23
30 29 9
31 0 21
31 3 52
31 9 7
31 12 14
31 13 39
31 14 52
31 15 26
31 16 15
31 18 36
31 20 10
31 23 16
31 26 41
31 29 57
31 30 41
32 2 51
32 4 54
32 7 25
32 8 50
32 9 37
32 12 48
32 15 46
32 16 24
32 20 51
32 22 29
32 23 43
32 27 54
32 31 48
33 5 20
33 6 47
33 8 56
33 9 25
33 10 23
33 12 55
33 14 23
33 15 45
33 16 51
33 17 17
33 19 14
33 20 3
33 22 45
33 23 52
33 25 29
33 27 39
33 28 47
33 29 48
33 31 44
33 32 22
34 2 27
34 5 27
34 6 11
34 7 27
34 8 22
34 9 14
34 10 24
34 11 48
34 25 47
34 26 20
35 0 37
35 1 7
35 3 7
35 5 28
35 7 32
35 10 44
35 11 2
35 12 16
35 14 15
35 16 55
35 17 6
35 18 17
35 20 52
35 21 12
35 22 27
35 25 48
35 26 34
35 27 36
35 32 26
35 34 10
36 1 23
36 2 53
36 3 4
36 4 15
36 8 29
36 10 54
36 11 40
36 12 41
36 13 52
36 14 17
36 15 30
36 17 54
36 18 26
36 21 42
36 22 35
36 25 14
36 26 51
36 27 36
36 28 22
36 29 28
36 30 22
36 34 21
36 35 32
37 5 39
37 13 14
37 16 17
37 17 2
37 19 39
37 22 47
37 25 10
37 26 17
37 27 35
37 29 23
37 32 58
37 35 23
37 36 44
38 0 43
38 5 33
38 6 2
38 8 13
38 9 34
38 10 13
38 13 28
38 14 49
38 15 25
38 16 58
38 17 44
38 19 54
38 20 42
38 21 17
38 22 11
38 23 54
38 24 3
38 28 14
38 29 41
38 31 50
38 32 32
38 35 33
39 0 44
39 3 3
39 7 29
39 9 45
39 12 21
39 16 6
39 18 10
39 20 42
39 21 19
39 24 17
39 28 44
39 29 58
39 30 34
39 31 2
39 32 45
39 33 56
39 35 41
39 37 28
40 0 13
40 1 46
40 3 1
40 6 30
40 8 55
40 10 3
40 12 44
40 13 31
40 14 13
40 16 13
40 17 47
40 18 34
40 24 35
40 25 34
40 26 3
40 28 52
40 29 47
40 30 40
40 36 42
40 37 49
40 38 40
41 0 1
41 1 56
41 4 22
41 6 45
41 7 38
41 8 40
41 12 37
41 13 24
41 14 57
41 16 18
41 18 56
41 19 16
41 21 36
41 22 28
41 27 2
41 28 47
41 29 57
41 30 24
41 33 11
41 36 18
41 37 13
41 40 30
42 1 18
42 2 58
42 3 18
42 4 37
42 7 47
42 9 42
42 11 35
42 12 38
42 13 19
42 15 6
42 17 43
42 18 54
42 20 40
42 22 44
42 28 6
42 29 24
42 30 10
42 32 28
42 34 24
42 37 13
42 38 36
42 41 13
43 0 31
43 1 8
43 2 13
43 5 41
43 6 29
43 8 20
43 9 26
43 12 45
43 18 53
43 19 20
43 20 11
43 22 18
43 23 55
43 24 13
43 25 41
43 30 1
43 31 7
43 33 44
43 34 49
43 38 19
43 39 28
43 41 38
44 2 27
44 3 49
44 5 32
44 8 58
44 11 14
44 12 51
44 13 17
44 16 13
44 19 58
44 20 44
44 21 25
44 23 20
44 24 48
44 25 45
44 26 55
44 27 57
44 29 21
44 31 6
44 36 2
44 37 38
44 38 32
44 39 2
44 40 21
44 43 33
45 1 32
45 5 38
45 6 29
45 7 19
45 8 31
45 11 7
45 12 33
45 13 28
45 14 5
45 18 44
45 20 23
45 21 7
45 23 12
45 25 29
45 31 55
45 35 28
45 37 11
45 41 41
46 0 33
46 3 46
46 6 37
46 7 52
46 10 28
46 11 42
46 15 53
46 19 18
46 20 25
46 21 10
46 23 48
46 24 28
46 30 25
46 33 54
46 35 52
46 38 40
46 41 20
46 43 3
46 44 37
47 0 55
47 2 4
47 3 37
47 5 41
47 6 47
47 8 3
47 10 24
47 11 52
47 13 7
47 16 23
47 19 45
47 20 35
47 21 3
47 22 42
47 24 9
47 26 2
47 27 4
47 28 38
47 29 18
47 32 30
47 33 49
47 34 50
47 35 54
47 36 16
47 37 15
47 41 39
47 42 28
47 43 1
47 45 3
48 0 12
48 2 13
48 4 14
48 6 22
48 9 55
48 14 35
48 16 57
48 17 40
48 19 2
48 20 1
48 22 16
48 25 30
48 28 49
48 30 2
48 31 10
48 32 48
48 35 55
48 36 43
48 37 13
48 41 57
48 42 26
48 44 33
48 45 30
49 3 56
49 4 50
49 5 5
49 8 31
49 10 29
49 11 5
49 12 40
49 13 17
49 15 49
49 19 3
49 20 5
49 21 39
49 22 54
49 23 41
49 25 37
49 26 7
49 27 17
49 31 33
49 35 2
49 37 31
49 39 35
49 43 28
49 44 10
49 45 8
49 46 43
50 3 5
50 4 16
50 5 6
50 6 30
50 7 1
50 10 19
50 11 26
50 13 1
50 14 26
50 15 35
50 18 31
50 21 32
50 22 47
50 24 31
50 25 19
50 28 24
50 29 43
50 30 6
50 31 13
50 32 27
50 33 48
50 34 47
50 39 51
50 41 49
50 42 2
50 43 54
51 2 54
51 5 24
51 7 15
51 8 30
51 9 18
51 10 30
51 12 10
51 18 26
51 21 29
51 23 49
51 28 42
51 33 53
51 34 20
51 37 49
51 39 47
51 40 45
51 42 16
51 43 50
51 45 58
51 49 21
51 50 12
52 7 28
52 9 24
52 10 24
52 12 43
52 14 2
52 15 29
52 16 4
52 17 27
52 18 5
52 19 42
52 20 37
52 21 13
52 25 26
52 26 5
52 28 54
52 29 29
52 33 45
52 37 19
52 38 38
52 41 4
52 42 50
52 45 44
52 46 32
52 50 8
53 1 22
53 2 41
53 4 41
53 7 46
53 9 51
53 10 5
53 11 11
53 12 1
53 15 46
53 17 6
53 19 51
53 21 6
53 24 30
53 27 48
53 28 29
53 29 57
53 30 5
53 31 10
53 32 39
53 38 28
53 40 27
53 43 23
53 44 44
53 45 31
53 47 52
53 49 1
53 51 8
53 52 54
54 1 38
54 3 57
54 5 28
54 11 16
54 17 4
54 21 40
54 22 51
54 23 43
54 25 50
54 28 1
54 29 44
54 31 10
54 33 6
54 34 25
54 35 50
54 36 9
54 40 57
54 41 44
54 42 44
54 43 58
54 44 47
54 51 52
54 52 10
54 53 15
55 2 27
55 3 49
55 7 5
55 8 53
55 9 7
55 13 26
55 16 51
55 17 25
55 18 19
55 21 10
55 22 15
55 23 3
55 24 23
55 25 57
55 26 42
55 28 6
55 31 45
55 32 7
55 34 6
55 36 12
55 39 6
55 40 57
55 41 29
55 42 37
55 45 23
55 49 19
55 51 51
55 53 21
56 3 21
56 4 16
56 6 1
56 10 5
56 11 24
56 13 2
56 15 39
56 16 26
56 19 32
56 21 21
56 25 10
56 27 34
56 29 48
56 30 16
56 32 37
56 33 54
56 34 15
56 38 46
56 39 57
56 40 5
56 41 20
56 42 52
56 43 33
56 46 25
56 47 28
56 49 2
56 50 42
56 51 20
56 52 26
56 55 18
57 0 16
57 4 11
57 5 39
57 6 48
57 10 31
57 12 46
57 15 16
57 21 25
57 24 17
57 25 5
57 26 48
57 29 19
57 31 14
57 32 18
57 38 55
57 40 31
57 43 15
57 44 34
57 46 55
57 47 2
57 48 35
57 50 13
57 51 17
57 52 41
57 54 14
57 55 21
58 0 42
58 5 32
58 7 5
58 9 28
58 12 52
58 15 17
58 16 32
58 17 54
58 19 50
58 25 57
58 27 47
58 29 50
58 31 26
58 36 55
58 39 15
58 45 33
58 48 11
58 49 57
58 53 36
58 54 10
58 55 4
58 56 5
59 1 57
59 2 39
59 3 51
59 7 5
59 8 57
59 9 49
59 13 52
59 14 23
59 15 47
59 20 10
59 24 7
59 25 23
59 31 22
59 32 43
59 33 53
59 34 1
59 36 45
59 37 10
59 38 22
59 40 17
59 45 26
59 47 39
59 48 31
59 49 20
59 53 17
59 54 7
59 55 47
59 56 13
59 57 21
59 58 16
60 0 2
60 2 9
60 5 22
60 7 57
60 11 52
60 14 13
60 15 37
60 16 51
60 17 6
60 18 20
60 19 38
60 20 14
60 22 2
60 23 56
60 27 14
60 29 57
60 31 28
60 33 20
60 35 2
60 40 9
60 42 38
60 43 22
60 46 19
60 48 32
60 49 39
60 51 18
60 52 42
60 55 50
60 57 33
60 58 46
60 59 42
61 1 26
61 3 43
61 4 27
61 5 37
61 6 45
61 8 45
61 9 9
61 10 7
61 11 38
61 12 35
61 13 52
61 14 55
61 16 56
61 17 43
61 18 2
61 19 14
61 20 52
61 21 23
61 23 26
61 24 30
61 25 4
61 26 42
61 28 19
61 29 30
61 30 10
61 32 30
61 33 38
61 34 20
61 35 29
61 36 29
61 37 21
61 38 17
61 39 14
61 43 45
61 45 54
61 46 48
61 47 36
61 50 38
61 51 53
61 53 27
61 54 14
61 56 54
61 57 41
61 58 36
61 59 16
61 60 33
62 1 38
62 5 48
62 7 30
62 9 9
62 10 10
62 11 47
62 12 6
62 13 49
62 14 58
62 17 41
62 18 49
62 19 35
62 20 21
62 23 31
62 24 1
62 28 2
62 29 5
62 30 38
62 31 40
62 34 38
62 35 53
62 37 45
62 38 45
62 39 22
62 41 38
62 49 51
62 50 40
62 52 48
62 53 23
62 54 5
62 55 17
62 58 34
62 60 29
62 61 23
63 3 43
63 5 9
63 6 14
63 7 27
63 8 33
63 9 4
63 10 27
63 12 30
63 14 19
63 16 35
63 18 1
63 21 48
63 28 19
63 30 42
63 32 25
63 35 28
63 37 32
63 40 25
63 43 50
63 44 42
63 45 40
63 46 43
63 51 52
63 54 44
63 57 52
63 58 50
63 60 57
63 61 53
63 62 53
64 3 40
64 5 1
64 6 29
64 7 30
64 8 34
64 12 45
64 14 5
64 18 30
64 26 16
64 28 25
64 29 32
64 30 51
64 31 24
64 33 12
64 35 39
64 39 48
64 43 4
64 44 51
64 45 35
64 46 12
64 47 52
64 49 41
64 51 34
64 53 48
64 54 48
64 55 29
64 56 42
64 57 21
64 58 51
64 61 34
64 63 24
65 1 1
65 5 50
65 7 40
65 8 21
65 10 56
65 11 26
65 13 9
65 17 1
65 18 34
65 25 6
65 27 47
65 28 21
65 30 17
65 31 50
65 34 1
65 35 47
65 38 42
65 40 12
65 41 16
65 42 20
65 43 57
65 44 32
65 45 47
65 46 38
65 49 43
65 50 57
65 51 50
65 53 28
65 54 29
65 55 13
65 57 49
65 58 52
65 63 15
65 64 39
66 0 25
66 1 25
66 3 48
66 5 9
66 6 38
66 8 4
66 14 13
66 16 36
66 19 58
66 21 29
66 23 34
66 25 39
66 26 37
66 27 43
66 29 15
66 30 56
66 31 43
66 33 55
66 35 4
66 36 35
66 37 22
66 39 10
66 41 7
66 42 1
66 43 20
66 47 14
66 48 53
66 49 43
66 50 12
66 53 50
66 54 50
66 55 8
66 57 40
66 60 55
66 61 39
66 65 52
67 4 42
67 6 44
67 10 33
67 11 18
67 15 52
67 17 58
67 19 4
67 20 21
67 21 33
67 22 24
67 28 14
67 29 4
67 32 55
67 33 43
67 35 2
67 36 15
67 37 12
67 39 43
67 43 19
67 46 31
67 48 28
67 52 34
67 53 28
67 56 4
67 57 48
67 58 24
67 61 21
67 64 14
67 65 6
67 66 10
