66
1 0 2
2 0 33
2 1 49
3 0 37
3 1 6
3 2 14
4 0 35
4 1 13
4 2 7
4 3 8
5 0 30
5 1 24
5 2 12
5 3 44
5 4 45
6 0 54
6 1 53
6 2 49
6 3 49
6 4 10
6 5 34
7 0 28
7 1 11
7 2 52
7 3 4
7 4 53
7 5 25
7 6 56
8 0 41
8 1 28
8 2 50
8 3 22
8 4 13
8 5 15
8 6 50
8 7 38
9 0 2
9 1 56
9 2 33
9 3 19
9 4 16
9 5 18
9 6 15
9 7 6
9 8 7
10 0 1
10 1 54
10 2 16
10 3 44
10 4 56
10 5 20
10 6 44
10 7 51
10 8 19
10 9 55
11 0 23
11 1 51
11 2 31
11 3 15
11 4 30
11 5 22
11 6 42
11 7 55
11 8 11
11 9 3
11 10 28
12 0 3
12 1 17
12 2 17
12 3 33
12 4 47
12 5 23
12 6 42
12 7 45
12 8 28
12 9 20
12 10 16
12 11 40
13 0 38
13 1 38
13 2 16
13 3 47
13 4 55
13 5 28
13 6 12
13 7 37
13 8 47
13 9 21
13 10 37
13 11 40
13 12 36
14 0 29
14 1 43
14 2 12
14 3 24
14 4 56
14 5 8
14 6 21
14 7 22
14 8 50
14 9 12
14 10 9
14 11 53
14 12 53
14 13 14
15 0 5
15 1 18
15 2 36
15 3 37
15 4 32
15 5 35
15 6 51
15 7 21
15 8 37
15 9 4
15 10 13
15 11 11
15 12 12
15 13 45
15 14 20
16 0 39
16 1 2
16 2 24
16 3 3
16 4 40
16 5 20
16 6 4
16 7 50
16 8 49
16 9 36
16 10 52
16 11 34
16 12 29
16 13 46
16 14 19
16 15 37
17 0 52
17 1 10
17 2 45
17 3 13
17 4 40
17 5 33
17 6 43
17 7 27
17 8 54
17 9 2
17 10 44
17 11 51
17 12 18
17 13 17
17 14 35
17 15 14
17 16 4
18 0 14
18 1 15
18 2 14
18 3 3
18 4 28
18 5 50
18 6 51
18 7 54
18 8 2
18 9 24
18 10 34
18 11 6
18 12 53
18 13 56
18 14 38
18 15 56
18 16 48
18 17 38
19 0 35
19 1 19
19 2 17
19 3 5
19 4 56
19 5 47
19 6 9
19 7 52
19 8 34
19 9 33
19 10 6
19 11 28
19 12 33
19 13 20
19 14 29
19 15 24
19 16 25
19 17 22
19 18 14
20 0 48
20 1 15
20 2 21
20 3 28
20 4 11
20 5 26
20 6 43
20 7 21
20 8 19
20 9 55
20 10 34
20 11 54
20 12 8
20 13 37
20 14 27
20 15 5
20 16 24
20 17 21
20 18 20
20 19 4
21 0 43
21 1 50
21 2 16
21 3 2
21 4 52
21 5 43
21 6 26
21 7 38
21 8 31
21 9 34
21 10 43
21 11 35
21 12 35
21 13 36
21 14 4
21 15 29
21 16 49
21 17 20
21 18 1
21 19 46
21 20 50
22 0 27
22 1 31
22 2 38
22 3 39
22 4 51
22 5 56
22 6 28
22 7 11
22 8 6
22 9 12
22 10 55
22 11 42
22 12 8
22 13 47
22 14 49
22 15 27
22 16 21
22 17 18
22 18 32
22 19 22
22 20 28
22 21 31
23 0 24
23 1 18
23 2 27
23 3 43
23 4 20
23 5 10
23 6 22
23 7 48
23 8 1
23 9 10
23 10 29
23 11 7
23 12 46
23 13 49
23 14 53
23 15 28
23 16 24
23 17 15
23 18 36
23 19 19
23 20 32
23 21 18
23 22 42
24 0 31
24 1 9
24 2 31
24 3 27
24 4 40
24 5 16
24 6 39
24 7 2
24 8 12
24 9 30
24 10 24
24 11 13
24 12 39
24 13 22
24 14 40
24 15 48
24 16 31
24 17 6
24 18 23
24 19 54
24 20 47
24 21 4
24 22 1
24 23 32
25 0 55
25 1 29
25 2 34
25 3 31
25 4 30
25 5 12
25 6 37
25 7 25
25 8 21
25 9 25
25 10 8
25 11 49
25 12 6
25 13 27
25 14 50
25 15 28
25 16 2
25 17 6
25 18 24
25 19 38
25 20 27
25 21 18
25 22 41
25 23 27
25 24 27
26 0 49
26 1 19
26 2 33
26 3 13
26 4 19
26 5 4
26 6 9
26 7 41
26 8 18
26 9 10
26 10 49
26 11 21
26 12 16
26 13 31
26 14 34
26 15 39
26 16 32
26 17 37
26 18 23
26 19 20
26 20 33
26 21 49
26 22 51
26 23 55
26 24 55
26 25 38
27 0 12
27 1 46
27 2 31
27 3 53
27 4 47
27 5 43
27 6 1
27 7 55
27 8 20
27 9 39
27 10 54
27 11 22
27 12 51
27 13 3
27 14 38
27 15 38
27 16 23
27 17 51
27 18 26
27 19 6
27 20 27
27 21 9
27 22 52
27 23 40
27 24 11
27 25 28
27 26 10
28 0 50
28 1 12
28 2 24
28 3 45
28 4 9
28 5 4
28 6 18
28 7 19
28 8 16
28 9 24
28 10 11
28 11 26
28 12 25
28 13 36
28 14 8
28 15 4
28 16 29
28 17 5
28 18 5
28 19 53
28 20 17
28 21 53
28 22 27
28 23 55
28 24 29
28 25 28
28 26 22
28 27 44
29 0 47
29 1 53
29 2 32
29 3 12
29 4 11
29 5 34
29 6 52
29 7 25
29 8 15
29 9 38
29 10 13
29 11 12
29 12 39
29 13 9
29 14 54
29 15 36
29 16 39
29 17 33
29 18 51
29 19 42
29 20 49
29 21 22
29 22 30
29 23 17
29 24 32
29 25 33
29 26 28
29 27 52
29 28 50
30 0 30
30 1 45
30 2 29
30 3 19
30 4 16
30 5 22
30 6 18
30 7 50
30 8 46
30 9 3
30 10 12
30 11 31
30 12 50
30 13 18
30 14 8
30 15 50
30 16 28
30 17 25
30 18 41
30 19 16
30 20 17
30 21 26
30 22 26
30 23 39
30 24 11
30 25 27
30 26 1
30 27 4
30 28 56
30 29 11
31 0 28
31 1 56
31 2 13
31 3 23
31 4 53
31 5 2
31 6 52
31 7 14
31 8 4
31 9 40
31 10 24
31 11 6
31 12 9
31 13 32
31 14 15
31 15 30
31 16 50
31 17 9
31 18 45
31 19 51
31 20 53
31 21 13
31 22 13
31 23 11
31 24 13
31 25 37
31 26 44
31 27 10
31 28 41
31 29 14
31 30 41
32 0 27
32 1 20
32 2 6
32 3 13
32 4 31
32 5 32
32 6 3
32 7 4
32 8 48
32 9 14
32 10 45
32 11 2
32 12 53
32 13 20
32 14 34
32 15 22
32 16 49
32 17 15
32 18 7
32 19 33
32 20 26
32 21 51
32 22 42
32 23 20
32 24 12
32 25 53
32 26 44
32 27 39
32 28 45
32 29 41
32 30 10
32 31 26
33 0 34
33 1 43
33 2 39
33 3 28
33 4 38
33 5 48
33 6 33
33 7 32
33 8 53
33 9 10
33 10 26
33 11 38
33 12 44
33 13 8
33 14 27
33 15 7
33 16 6
33 17 23
33 18 33
33 19 45
33 20 38
33 21 44
33 22 55
33 23 30
33 24 8
33 25 37
33 26 8
33 27 56
33 28 14
33 29 16
33 30 21
33 31 17
33 32 5
34 0 4
34 1 13
34 2 31
34 3 11
34 4 30
34 5 43
34 6 19
34 7 10
34 8 54
34 9 55
34 10 56
34 11 51
34 12 25
34 13 20
34 14 49
34 15 35
34 16 5
34 17 12
34 18 9
34 19 24
34 20 37
34 21 49
34 22 41
34 23 49
34 24 48
34 25 38
34 26 30
34 27 52
34 28 46
34 29 31
34 30 3
34 31 21
34 32 43
34 33 3
35 0 46
35 1 11
35 2 50
35 3 15
35 4 28
35 5 49
35 6 45
35 7 22
35 8 35
35 9 29
35 10 5
35 11 26
35 12 53
35 13 8
35 14 52
35 15 20
35 16 18
35 17 38
35 18 47
35 19 52
35 20 20
35 21 18
35 22 42
35 23 54
35 24 13
35 25 29
35 26 17
35 27 23
35 28 29
35 29 37
35 30 53
35 31 2
35 32 47
35 33 12
35 34 56
36 0 16
36 1 44
36 2 44
36 3 11
36 4 15
36 5 20
36 6 25
36 7 55
36 8 50
36 9 39
36 10 31
36 11 44
36 12 50
36 13 15
36 14 17
36 15 1
36 16 50
36 17 28
36 18 17
36 19 28
36 20 54
36 21 20
36 22 41
36 23 26
36 24 23
36 25 42
36 26 38
36 27 28
36 28 24
36 29 33
36 30 4
36 31 5
36 32 11
36 33 42
36 34 51
36 35 19
37 0 25
37 1 28
37 2 3
37 3 28
37 4 24
37 5 52
37 6 36
37 7 51
37 8 50
37 9 32
37 10 43
37 11 40
37 12 39
37 13 14
37 14 11
37 15 34
37 16 51
37 17 47
37 18 10
37 19 7
37 20 33
37 21 21
37 22 28
37 23 24
37 24 34
37 25 42
37 26 35
37 27 39
37 28 19
37 29 3
37 30 15
37 31 19
37 32 51
37 33 10
37 34 47
37 35 40
37 36 15
38 0 10
38 1 51
38 2 19
38 3 28
38 4 33
38 5 54
38 6 22
38 7 6
38 8 52
38 9 46
38 10 5
38 11 54
38 12 29
38 13 2
38 14 22
38 15 15
38 16 46
38 17 15
38 18 6
38 19 52
38 20 56
38 21 30
38 22 6
38 23 50
38 24 43
38 25 36
38 26 25
38 27 28
38 28 29
38 29 23
38 30 36
38 31 47
38 32 48
38 33 20
38 34 6
38 35 38
38 36 50
38 37 3
39 0 49
39 1 33
39 2 23
39 3 9
39 4 45
39 5 3
39 6 24
39 7 53
39 8 4
39 9 51
39 10 38
39 11 1
39 12 30
39 13 22
39 14 16
39 15 5
39 16 26
39 17 29
39 18 36
39 19 23
39 20 25
39 21 38
39 22 3
39 23 4
39 24 34
39 25 32
39 26 40
39 27 13
39 28 32
39 29 55
39 30 22
39 31 8
39 32 31
39 33 1
39 34 23
39 35 8
39 36 44
39 37 37
39 38 6
40 0 40
40 1 45
40 2 48
40 3 48
40 4 24
40 5 41
40 6 30
40 7 6
40 8 53
40 9 12
40 10 16
40 11 23
40 12 16
40 13 50
40 14 22
40 15 48
40 16 45
40 17 26
40 18 38
40 19 56
40 20 49
40 21 35
40 22 18
40 23 41
40 24 6
40 25 38
40 26 29
40 27 41
40 28 28
40 29 21
40 30 33
40 31 47
40 32 4
40 33 27
40 34 7
40 35 56
40 36 35
40 37 47
40 38 8
40 39 46
41 0 50
41 1 15
41 2 17
41 3 56
41 4 9
41 5 19
41 6 42
41 7 55
41 8 49
41 9 51
41 10 51
41 11 43
41 12 23
41 13 4
41 14 46
41 15 28
41 16 22
41 17 37
41 18 12
41 19 30
41 20 25
41 21 39
41 22 43
41 23 53
41 24 30
41 25 23
41 26 10
41 27 38
41 28 55
41 29 33
41 30 4
41 31 48
41 32 41
41 33 18
41 34 38
41 35 51
41 36 44
41 37 39
41 38 50
41 39 36
41 40 41
42 0 42
42 1 23
42 2 10
42 3 34
42 4 48
42 5 28
42 6 33
42 7 43
42 8 18
42 9 3
42 10 39
42 11 27
42 12 42
42 13 54
42 14 6
42 15 10
42 16 39
42 17 42
42 18 39
42 19 47
42 20 26
42 21 54
42 22 3
42 23 51
42 24 11
42 25 5
42 26 24
42 27 36
42 28 25
42 29 42
42 30 29
42 31 40
42 32 8
42 33 24
42 34 43
42 35 33
42 36 18
42 37 6
42 38 22
42 39 9
42 40 13
42 41 27
43 0 56
43 1 15
43 2 48
43 3 38
43 4 32
43 5 19
43 6 24
43 7 31
43 8 22
43 9 18
43 10 56
43 11 8
43 12 54
43 13 26
43 14 55
43 15 43
43 16 54
43 17 39
43 18 1
43 19 43
43 20 1
43 21 49
43 22 54
43 23 5
43 24 41
43 25 39
43 26 29
43 27 52
43 28 6
43 29 18
43 30 51
43 31 22
43 32 26
43 33 15
43 34 46
43 35 46
43 36 27
43 37 27
43 38 3
43 39 6
43 40 51
43 41 9
43 42 6
44 0 15
44 1 3
44 2 36
44 3 26
44 4 7
44 5 12
44 6 9
44 7 53
44 8 44
44 9 33
44 10 43
44 11 1
44 12 14
44 13 12
44 14 11
44 15 29
44 16 28
44 17 4
44 18 42
44 19 11
44 20 40
44 21 38
44 22 35
44 23 14
44 24 30
44 25 11
44 26 51
44 27 32
44 28 28
44 29 24
44 30 22
44 31 18
44 32 13
44 33 2
44 34 45
44 35 18
44 36 37
44 37 35
44 38 17
44 39 14
44 40 40
44 41 2
44 42 11
44 43 20
45 0 12
45 1 31
45 2 7
45 3 35
45 4 25
45 5 55
45 6 20
45 7 24
45 8 21
45 9 51
45 10 52
45 11 50
45 12 55
45 13 27
45 14 35
45 15 49
45 16 13
45 17 31
45 18 11
45 19 2
45 20 46
45 21 10
45 22 9
45 23 24
45 24 33
45 25 27
45 26 11
45 27 37
45 28 23
45 29 38
45 30 56
45 31 30
45 32 30
45 33 34
45 34 56
45 35 41
45 36 13
45 37 12
45 38 17
45 39 46
45 40 53
45 41 34
45 42 52
45 43 46
45 44 8
46 0 46
46 1 2
46 2 2
46 3 49
46 4 26
46 5 37
46 6 52
46 7 34
46 8 29
46 9 30
46 10 8
46 11 46
46 12 21
46 13 29
46 14 53
46 15 21
46 16 42
46 17 48
46 18 52
46 19 45
46 20 2
46 21 37
46 22 30
46 23 53
46 24 2
46 25 46
46 26 39
46 27 28
46 28 28
46 29 25
46 30 42
46 31 29
46 32 43
46 33 42
46 34 29
46 35 54
46 36 19
46 37 31
46 38 5
46 39 38
46 40 10
46 41 11
46 42 31
46 43 30
46 44 17
46 45 20
47 0 7
47 1 34
47 2 37
47 3 4
47 4 53
47 5 25
47 6 30
47 7 2
47 8 48
47 9 7
47 10 1
47 11 49
47 12 43
47 13 21
47 14 55
47 15 2
47 16 21
47 17 1
47 18 7
47 19 25
47 20 31
47 21 40
47 22 27
47 23 8
47 24 20
47 25 23
47 26 38
47 27 32
47 28 47
47 29 8
47 30 6
47 31 53
47 32 47
47 33 20
47 34 12
47 35 16
47 36 23
47 37 26
47 38 9
47 39 50
47 40 51
47 41 25
47 42 9
47 43 3
47 44 25
47 45 51
47 46 21
48 0 45
48 1 33
48 2 37
48 3 16
48 4 28
48 5 18
48 6 49
48 7 41
48 8 52
48 9 35
48 10 14
48 11 9
48 12 4
48 13 26
48 14 51
48 15 35
48 16 27
48 17 31
48 18 48
48 19 54
48 20 21
48 21 42
48 22 12
48 23 32
48 24 37
48 25 32
48 26 32
48 27 18
48 28 18
48 29 5
48 30 17
48 31 9
48 32 11
48 33 42
48 34 22
48 35 28
48 36 50
48 37 18
48 38 23
48 39 39
48 40 25
48 41 7
48 42 32
48 43 38
48 44 49
48 45 26
48 46 50
48 47 6
49 0 48
49 1 49
49 2 12
49 3 23
49 4 7
49 5 19
49 6 13
49 7 21
49 8 10
49 9 39
49 10 54
49 11 20
49 12 42
49 13 16
49 14 19
49 15 18
49 16 44
49 17 3
49 18 49
49 19 10
49 20 54
49 21 35
49 22 20
49 23 1
49 24 2
49 25 35
49 26 17
49 27 29
49 28 40
49 29 47
49 30 31
49 31 20
49 32 30
49 33 48
49 34 4
49 35 22
49 36 4
49 37 39
49 38 56
49 39 19
49 40 28
49 41 20
49 42 31
49 43 30
49 44 22
49 45 10
49 46 12
49 47 35
49 48 5
50 0 38
50 1 12
50 2 6
50 3 7
50 4 5
50 5 32
50 6 38
50 7 37
50 8 47
50 9 49
50 10 26
50 11 33
50 12 38
50 13 40
50 14 5
50 15 13
50 16 11
50 17 26
50 18 17
50 19 14
50 20 51
50 21 40
50 22 39
50 23 38
50 24 10
50 25 37
50 26 40
50 27 53
50 28 39
50 29 14
50 30 47
50 31 13
50 32 11
50 33 46
50 34 45
50 35 42
50 36 42
50 37 29
50 38 14
50 39 36
50 40 33
50 41 49
50 42 2
50 43 37
50 44 31
50 45 11
50 46 13
50 47 40
50 48 35
50 49 33
51 0 18
51 1 1
51 2 43
51 3 3
51 4 26
51 5 29
51 6 30
51 7 35
51 8 39
51 9 38
51 10 47
51 11 40
51 12 4
51 13 47
51 14 45
51 15 6
51 16 42
51 17 48
51 18 2
51 19 4
51 20 12
51 21 26
51 22 9
51 23 52
51 24 48
51 25 52
51 26 43
51 27 38
51 28 8
51 29 36
51 30 5
51 31 32
51 32 45
51 33 44
51 34 9
51 35 56
51 36 38
51 37 20
51 38 53
51 39 42
51 40 24
51 41 3
51 42 56
51 43 37
51 44 1
51 45 44
51 46 32
51 47 19
51 48 41
51 49 53
51 50 4
52 0 14
52 1 14
52 2 32
52 3 33
52 4 21
52 5 47
52 6 5
52 7 33
52 8 25
52 9 54
52 10 18
52 11 7
52 12 15
52 13 28
52 14 47
52 15 13
52 16 34
52 17 37
52 18 52
52 19 14
52 20 52
52 21 22
52 22 36
52 23 12
52 24 32
52 25 16
52 26 54
52 27 42
52 28 22
52 29 2
52 30 43
52 31 51
52 32 3
52 33 24
52 34 5
52 35 49
52 36 9
52 37 30
52 38 13
52 39 35
52 40 11
52 41 46
52 42 24
52 43 4
52 44 55
52 45 47
52 46 6
52 47 46
52 48 41
52 49 21
52 50 56
52 51 52
53 0 30
53 1 43
53 2 46
53 3 25
53 4 15
53 5 36
53 6 5
53 7 6
53 8 29
53 9 44
53 10 6
53 11 51
53 12 12
53 13 35
53 14 38
53 15 16
53 16 30
53 17 22
53 18 41
53 19 2
53 20 46
53 21 8
53 22 49
53 23 20
53 24 19
53 25 12
53 26 50
53 27 32
53 28 52
53 29 36
53 30 15
53 31 23
53 32 9
53 33 46
53 34 35
53 35 48
53 36 36
53 37 15
53 38 25
53 39 5
53 40 8
53 41 12
53 42 32
53 43 52
53 44 54
53 45 39
53 46 16
53 47 41
53 48 47
53 49 1
53 50 52
53 51 46
53 52 8
54 0 56
54 1 30
54 2 46
54 3 2
54 4 15
54 5 43
54 6 22
54 7 3
54 8 24
54 9 7
54 10 18
54 11 22
54 12 7
54 13 23
54 14 7
54 15 24
54 16 7
54 17 39
54 18 11
54 19 36
54 20 54
54 21 18
54 22 35
54 23 47
54 24 44
54 25 50
54 26 49
54 27 21
54 28 27
54 29 54
54 30 7
54 31 42
54 32 16
54 33 3
54 34 54
54 35 32
54 36 10
54 37 13
54 38 31
54 39 15
54 40 8
54 41 22
54 42 44
54 43 35
54 44 46
54 45 44
54 46 38
54 47 56
54 48 8
54 49 36
54 50 15
54 51 5
54 52 18
54 53 52
55 0 44
55 1 26
55 2 37
55 3 21
55 4 34
55 5 4
55 6 35
55 7 32
55 8 28
55 9 40
55 10 2
55 11 34
55 12 13
55 13 4
55 14 52
55 15 34
55 16 7
55 17 35
55 18 52
55 19 7
55 20 38
55 21 44
55 22 53
55 23 15
55 24 1
55 25 7
55 26 32
55 27 2
55 28 39
55 29 8
55 30 29
55 31 5
55 32 31
55 33 17
55 34 50
55 35 11
55 36 8
55 37 18
55 38 15
55 39 45
55 40 12
55 41 27
55 42 43
55 43 40
55 44 17
55 45 6
55 46 34
55 47 39
55 48 10
55 49 53
55 50 53
55 51 23
55 52 53
55 53 11
55 54 41
56 0 9
56 1 54
56 2 44
56 3 12
56 4 20
56 5 42
56 6 39
56 7 4
56 8 27
56 9 40
56 10 28
56 11 15
56 12 13
56 13 24
56 14 43
56 15 32
56 16 47
56 17 26
56 18 31
56 19 37
56 20 54
56 21 20
56 22 22
56 23 37
56 24 39
56 25 3
56 26 33
56 27 33
56 28 8
56 29 48
56 30 14
56 31 46
56 32 15
56 33 55
56 34 53
56 35 41
56 36 30
56 37 48
56 38 41
56 39 52
56 40 26
56 41 2
56 42 33
56 43 52
56 44 31
56 45 22
56 46 3
56 47 15
56 48 45
56 49 43
56 50 14
56 51 52
56 52 49
56 53 22
56 54 35
56 55 10
57 0 47
57 1 38
57 2 14
57 3 48
57 4 43
57 5 16
57 6 17
57 7 33
57 8 39
57 9 22
57 10 19
57 11 52
57 12 46
57 13 49
57 14 6
57 15 50
57 16 51
57 17 25
57 18 18
57 19 43
57 20 13
57 21 11
57 22 37
57 23 51
57 24 28
57 25 8
57 26 35
57 27 2
57 28 33
57 29 26
57 30 13
57 31 12
57 32 18
57 33 50
57 34 37
57 35 33
57 36 7
57 37 56
57 38 22
57 39 23
57 40 35
57 41 42
57 42 11
57 43 56
57 44 27
57 45 22
57 46 16
57 47 47
57 48 54
57 49 24
57 50 23
57 51 35
57 52 4
57 53 31
57 54 35
57 55 16
57 56 10
58 0 23
58 1 7
58 2 56
58 3 41
58 4 55
58 5 10
58 6 2
58 7 53
58 8 33
58 9 28
58 10 41
58 11 10
58 12 54
58 13 56
58 14 53
58 15 6
58 16 1
58 17 6
58 18 49
58 19 37
58 20 54
58 21 10
58 22 55
58 23 46
58 24 12
58 25 21
58 26 37
58 27 21
58 28 54
58 29 21
58 30 29
58 31 24
58 32 31
58 33 21
58 34 38
58 35 7
58 36 55
58 37 43
58 38 20
58 39 56
58 40 9
58 41 3
58 42 38
58 43 47
58 44 32
58 45 51
58 46 25
58 47 49
58 48 52
58 49 42
58 50 24
58 51 6
58 52 25
58 53 49
58 54 10
58 55 31
58 56 5
58 57 15
59 0 29
59 1 46
59 2 3
59 3 24
59 4 29
59 5 43
59 6 49
59 7 3
59 8 5
59 9 37
59 10 26
59 11 19
59 12 43
59 13 2
59 14 36
59 15 3
59 16 25
59 17 38
59 18 56
59 19 50
59 20 56
59 21 3
59 22 13
59 23 39
59 24 46
59 25 55
59 26 14
59 27 27
59 28 11
59 29 46
59 30 40
59 31 25
59 32 40
59 33 8
59 34 46
59 35 15
59 36 7
59 37 35
59 38 21
59 39 32
59 40 32
59 41 52
59 42 32
59 43 8
59 44 46
59 45 30
59 46 6
59 47 26
59 48 6
59 49 45
59 50 22
59 51 32
59 52 45
59 53 55
59 54 55
59 55 9
59 56 42
59 57 33
59 58 34
60 0 46
60 1 2
60 2 41
60 3 20
60 4 23
60 5 50
60 6 54
60 7 53
60 8 7
60 9 28
60 10 55
60 11 56
60 12 51
60 13 13
60 14 11
60 15 53
60 16 5
60 17 26
60 18 48
60 19 48
60 20 15
60 21 51
60 22 33
60 23 13
60 24 9
60 25 28
60 26 55
60 27 47
60 28 47
60 29 40
60 30 14
60 31 51
60 32 16
60 33 9
60 34 29
60 35 11
60 36 29
60 37 2
60 38 33
60 39 55
60 40 35
60 41 18
60 42 11
60 43 51
60 44 22
60 45 5
60 46 56
60 47 1
60 48 27
60 49 15
60 50 50
60 51 42
60 52 9
60 53 39
60 54 23
60 55 31
60 56 13
60 57 23
60 58 11
60 59 17
61 0 35
61 1 18
61 2 56
61 3 50
61 4 34
61 5 44
61 6 26
61 7 33
61 8 48
61 9 47
61 10 40
61 11 44
61 12 42
61 13 7
61 14 47
61 15 44
61 16 26
61 17 23
61 18 3
61 19 13
61 20 49
61 21 38
61 22 52
61 23 27
61 24 27
61 25 4
61 26 29
61 27 15
61 28 32
61 29 47
61 30 16
61 31 1
61 32 24
61 33 34
61 34 22
61 35 3
61 36 32
61 37 10
61 38 28
61 39 20
61 40 51
61 41 54
61 42 18
61 43 38
61 44 28
61 45 29
61 46 21
61 47 4
61 48 25
61 49 55
61 50 56
61 51 20
61 52 46
61 53 21
61 54 19
61 55 47
61 56 50
61 57 43
61 58 42
61 59 25
61 60 47
62 0 18
62 1 12
62 2 5
62 3 54
62 4 11
62 5 18
62 6 44
62 7 51
62 8 54
62 9 11
62 10 7
62 11 23
62 12 15
62 13 18
62 14 42
62 15 39
62 16 32
62 17 56
62 18 18
62 19 19
62 20 25
62 21 8
62 22 44
62 23 35
62 24 25
62 25 26
62 26 2
62 27 8
62 28 50
62 29 22
62 30 33
62 31 26
62 32 54
62 33 7
62 34 18
62 35 27
62 36 41
62 37 41
62 38 43
62 39 56
62 40 18
62 41 19
62 42 26
62 43 8
62 44 7
62 45 27
62 46 12
62 47 43
62 48 56
62 49 25
62 50 23
62 51 37
62 52 25
62 53 16
62 54 43
62 55 10
62 56 43
62 57 18
62 58 50
62 59 51
62 60 10
62 61 46
63 0 47
63 1 22
63 2 37
63 3 1
63 4 27
63 5 36
63 6 3
63 7 28
63 8 10
63 9 37
63 10 20
63 11 49
63 12 18
63 13 36
63 14 44
63 15 4
63 16 31
63 17 34
63 18 25
63 19 41
63 20 49
63 21 6
63 22 5
63 23 28
63 24 43
63 25 39
63 26 13
63 27 24
63 28 15
63 29 34
63 30 20
63 31 24
63 32 23
63 33 44
63 34 24
63 35 32
63 36 37
63 37 10
63 38 28
63 39 3
63 40 1
63 41 54
63 42 19
63 43 33
63 44 12
63 45 2
63 46 26
63 47 43
63 48 53
63 49 11
63 50 47
63 51 50
63 52 6
63 53 23
63 54 4
63 55 50
63 56 37
63 57 29
63 58 2
63 59 32
63 60 9
63 61 2
63 62 19
64 0 18
64 1 42
64 2 54
64 3 37
64 4 54
64 5 25
64 6 44
64 7 13
64 8 20
64 9 22
64 10 54
64 11 54
64 12 52
64 13 30
64 14 47
64 15 47
64 16 18
64 17 26
64 18 29
64 19 35
64 20 49
64 21 43
64 22 8
64 23 2
64 24 21
64 25 3
64 26 50
64 27 56
64 28 30
64 29 10
64 30 18
64 31 31
64 32 8
64 33 48
64 34 2
64 35 22
64 36 32
64 37 18
64 38 46
64 39 25
64 40 30
64 41 43
64 42 30
64 43 39
64 44 44
64 45 47
64 46 39
64 47 10
64 48 24
64 49 19
64 50 17
64 51 2
64 52 13
64 53 54
64 54 25
64 55 47
64 56 28
64 57 33
64 58 41
64 59 44
64 60 56
64 61 37
64 62 32
64 63 10
65 0 45
65 1 31
65 2 42
65 3 36
65 4 46
65 5 48
65 6 8
65 7 41
65 8 39
65 9 13
65 10 7
65 11 56
65 12 14
65 13 7
65 14 8
65 15 38
65 16 26
65 17 18
65 18 43
65 19 21
65 20 52
65 21 30
65 22 46
65 23 47
65 24 10
65 25 10
65 26 27
65 27 11
65 28 12
65 29 3
65 30 40
65 31 29
65 32 19
65 33 44
65 34 16
65 35 34
65 36 51
65 37 1
65 38 48
65 39 16
65 40 43
65 41 48
65 42 28
65 43 35
65 44 25
65 45 4
65 46 25
65 47 41
65 48 15
65 49 49
65 50 27
65 51 20
65 52 7
65 53 21
65 54 51
65 55 9
65 56 28
65 57 18
65 58 41
65 59 29
65 60 46
65 61 8
65 62 18
65 63 9
65 64 34
