51
1 0 48
2 0 39
2 1 29
3 0 24
3 1 68
3 2 65
4 0 39
4 1 42
4 2 64
4 3 50
5 0 48
5 1 26
5 2 20
5 3 45
5 4 29
6 0 62
6 1 4
6 2 11
6 3 45
6 4 27
6 5 7
7 0 1
7 1 3
7 2 22
7 3 56
7 4 38
7 5 25
7 6 58
8 0 55
8 1 66
8 2 40
8 3 32
8 4 5
8 5 4
8 6 58
8 7 1
9 0 30
9 1 12
9 2 34
9 3 29
9 4 67
9 5 27
9 6 61
9 7 36
9 8 65
10 0 13
10 1 48
10 2 34
10 3 28
10 4 3
10 5 50
10 6 11
10 7 18
10 8 60
10 9 53
11 0 28
11 1 57
11 2 11
11 3 57
11 4 43
11 5 60
11 6 69
11 7 45
11 8 42
11 9 52
11 10 57
12 0 45
12 1 41
12 2 20
12 3 12
12 4 31
12 5 15
12 6 19
12 7 63
12 8 42
12 9 43
12 10 61
12 11 55
13 0 45
13 1 2
13 2 24
13 3 15
13 4 55
13 5 28
13 6 47
13 7 36
13 8 39
13 9 11
13 10 17
13 11 21
13 12 2
14 0 62
14 1 39
14 2 41
14 3 8
14 4 51
14 5 41
14 6 41
14 7 45
14 8 51
14 9 23
14 10 53
14 11 50
14 12 18
14 13 42
15 0 9
15 1 47
15 2 40
15 3 15
15 4 9
15 5 58
15 6 65
15 7 1
15 8 41
15 9 48
15 10 52
15 11 23
15 12 29
15 13 21
15 14 56
16 0 6
16 1 7
16 2 66
16 3 49
16 4 29
16 5 21
16 6 30
16 7 51
16 8 29
16 9 5
16 10 31
16 11 64
16 12 49
16 13 12
16 14 2
16 15 13
17 0 50
17 1 68
17 2 2
17 3 38
17 4 65
17 5 55
17 6 65
17 7 69
17 8 29
17 9 19
17 10 41
17 11 33
17 12 33
17 13 45
17 14 50
17 15 58
17 16 22
18 0 64
18 1 17
18 2 14
18 3 56
18 4 67
18 5 51
18 6 43
18 7 1
18 8 25
18 9 36
18 10 7
18 11 60
18 12 34
18 13 26
18 14 45
18 15 23
18 16 1
18 17 49
19 0 34
19 1 56
19 2 69
19 3 51
19 4 58
19 5 41
19 6 5
19 7 3
19 8 2
19 9 55
19 10 35
19 11 29
19 12 31
19 13 62
19 14 6
19 15 10
19 16 3
19 17 68
19 18 17
20 0 53
20 1 1
20 2 9
20 3 45
20 4 20
20 5 9
20 6 44
20 7 20
20 8 16
20 9 57
20 10 10
20 11 61
20 12 65
20 13 46
20 14 38
20 15 67
20 16 15
20 17 33
20 18 39
20 19 7
21 0 2
21 1 39
21 2 20
21 3 66
21 4 66
21 5 9
21 6 54
21 7 19
21 8 39
21 9 68
21 10 3
21 11 9
21 12 66
21 13 50
21 14 39
21 15 43
21 16 4
21 17 24
21 18 19
21 19 8
21 20 33
22 0 60
22 1 62
22 2 65
22 3 8
22 4 16
22 5 50
22 6 41
22 7 35
22 8 59
22 9 28
22 10 18
22 11 67
22 12 34
22 13 28
22 14 15
22 15 55
22 16 11
22 17 1
22 18 8
22 19 11
22 20 29
22 21 6
23 0 33
23 1 31
23 2 15
23 3 13
23 4 69
23 5 7
23 6 7
23 7 30
23 8 1
23 9 33
23 10 40
23 11 28
23 12 49
23 13 60
23 14 47
23 15 60
23 16 59
23 17 2
23 18 25
23 19 17
23 20 54
23 21 53
23 22 67
24 0 6
24 1 21
24 2 31
24 3 12
24 4 47
24 5 46
24 6 21
24 7 61
24 8 8
24 9 40
24 10 8
24 11 13
24 12 63
24 13 9
24 14 50
24 15 18
24 16 19
24 17 4
24 18 5
24 19 55
24 20 39
24 21 32
24 22 5
24 23 33
25 0 36
25 1 31
25 2 27
25 3 26
25 4 24
25 5 52
25 6 60
25 7 34
25 8 47
25 9 36
25 10 27
25 11 44
25 12 69
25 13 2
25 14 9
25 15 42
25 16 9
25 17 43
25 18 44
25 19 5
25 20 57
25 21 36
25 22 16
25 23 54
25 24 28
26 0 62
26 1 46
26 2 2
26 3 29
26 4 50
26 5 63
26 6 35
26 7 12
26 8 17
26 9 36
26 10 56
26 11 6
26 12 46
26 13 14
26 14 23
26 15 6
26 16 68
26 17 11
26 18 32
26 19 23
26 20 55
26 21 42
26 22 2
26 23 12
26 24 21
26 25 31
27 0 43
27 1 7
27 2 18
27 3 68
27 4 13
27 5 2
27 6 20
27 7 13
27 8 65
27 9 10
27 10 56
27 11 58
27 12 43
27 13 27
27 14 58
27 15 48
27 16 41
27 17 68
27 18 63
27 19 22
27 20 12
27 21 53
27 22 14
27 23 26
27 24 32
27 25 14
27 26 44
28 0 34
28 1 23
28 2 24
28 3 20
28 4 60
28 5 26
28 6 11
28 7 48
28 8 31
28 9 12
28 10 58
28 11 42
28 12 14
28 13 61
28 14 8
28 15 25
28 16 50
28 17 16
28 18 54
28 19 9
28 20 35
28 21 17
28 22 56
28 23 27
28 24 25
28 25 40
28 26 50
28 27 40
29 0 53
29 1 64
29 2 23
29 3 54
29 4 29
29 5 67
29 6 54
29 7 54
29 8 3
29 9 14
29 10 40
29 11 60
29 12 14
29 13 5
29 14 11
29 15 29
29 16 59
29 17 32
29 18 64
29 19 60
29 20 51
29 21 50
29 22 6
29 23 53
29 24 64
29 25 29
29 26 36
29 27 63
29 28 6
30 0 37
30 1 41
30 2 64
30 3 13
30 4 8
30 5 49
30 6 44
30 7 65
30 8 16
30 9 54
30 10 3
30 11 3
30 12 61
30 13 15
30 14 5
30 15 67
30 16 27
30 17 65
30 18 65
30 19 67
30 20 1
30 21 31
30 22 15
30 23 35
30 24 10
30 25 10
30 26 51
30 27 25
30 28 26
30 29 23
31 0 61
31 1 65
31 2 69
31 3 43
31 4 3
31 5 46
31 6 58
31 7 38
31 8 14
31 9 34
31 10 49
31 11 53
31 12 65
31 13 59
31 14 40
31 15 14
31 16 26
31 17 46
31 18 28
31 19 54
31 20 44
31 21 4
31 22 11
31 23 54
31 24 13
31 25 7
31 26 39
31 27 66
31 28 64
31 29 45
31 30 39
32 0 55
32 1 49
32 2 6
32 3 26
32 4 53
32 5 14
32 6 32
32 7 65
32 8 28
32 9 47
32 10 35
32 11 62
32 12 24
32 13 32
32 14 30
32 15 28
32 16 64
32 17 12
32 18 29
32 19 41
32 20 65
32 21 52
32 22 24
32 23 26
32 24 27
32 25 3
32 26 2
32 27 51
32 28 52
32 29 38
32 30 8
32 31 9
33 0 50
33 1 27
33 2 26
33 3 10
33 4 44
33 5 47
33 6 4
33 7 60
33 8 9
33 9 68
33 10 27
33 11 47
33 12 23
33 13 16
33 14 50
33 15 63
33 16 13
33 17 50
33 18 42
33 19 18
33 20 30
33 21 53
33 22 57
33 23 31
33 24 5
33 25 68
33 26 24
33 27 41
33 28 65
33 29 53
33 30 40
33 31 32
33 32 22
34 0 3
34 1 31
34 2 21
34 3 42
34 4 25
34 5 11
34 6 13
34 7 65
34 8 19
34 9 38
34 10 61
34 11 53
34 12 5
34 13 47
34 14 48
34 15 8
34 16 44
34 17 61
34 18 69
34 19 68
34 20 2
34 21 17
34 22 6
34 23 67
34 24 53
34 25 42
34 26 50
34 27 15
34 28 16
34 29 27
34 30 49
34 31 11
34 32 29
34 33 51
35 0 65
35 1 56
35 2 12
35 3 56
35 4 6
35 5 33
35 6 34
35 7 32
35 8 54
35 9 69
35 10 36
35 11 23
35 12 60
35 13 15
35 14 29
35 15 13
35 16 20
35 17 9
35 18 13
35 19 11
35 20 27
35 21 47
35 22 10
35 23 66
35 24 68
35 25 38
35 26 34
35 27 36
35 28 22
35 29 16
35 30 31
35 31 33
35 32 53
35 33 12
35 34 45
36 0 27
36 1 67
36 2 52
36 3 62
36 4 47
36 5 46
36 6 43
36 7 26
36 8 54
36 9 41
36 10 33
36 11 5
36 12 58
36 13 65
36 14 14
36 15 58
36 16 69
36 17 28
36 18 13
36 19 33
36 20 8
36 21 67
36 22 15
36 23 48
36 24 32
36 25 40
36 26 69
36 27 53
36 28 54
36 29 43
36 30 30
36 31 36
36 32 42
36 33 64
36 34 20
36 35 38
37 0 61
37 1 25
37 2 44
37 3 14
37 4 18
37 5 44
37 6 22
37 7 34
37 8 35
37 9 48
37 10 25
37 11 65
37 12 3
37 13 46
37 14 1
37 15 15
37 16 31
37 17 40
37 18 61
37 19 68
37 20 28
37 21 8
37 22 25
37 23 18
37 24 45
37 25 3
37 26 14
37 27 9
37 28 40
37 29 20
37 30 3
37 31 63
37 32 60
37 33 49
37 34 23
37 35 61
37 36 8
38 0 62
38 1 46
38 2 11
38 3 17
38 4 53
38 5 46
38 6 27
38 7 34
38 8 49
38 9 8
38 10 30
38 11 67
38 12 38
38 13 38
38 14 7
38 15 13
38 16 31
38 17 52
38 18 38
38 19 67
38 20 51
38 21 67
38 22 5
38 23 58
38 24 13
38 25 37
38 26 23
38 27 44
38 28 14
38 29 31
38 30 9
38 31 64
38 32 63
38 33 65
38 34 36
38 35 39
38 36 20
38 37 4
39 0 41
39 1 33
39 2 43
39 3 2
39 4 28
39 5 28
39 6 65
39 7 45
39 8 61
39 9 22
39 10 38
39 11 10
39 12 40
39 13 42
39 14 13
39 15 10
39 16 48
39 17 25
39 18 3
39 19 55
39 20 41
39 21 25
39 22 27
39 23 9
39 24 4
39 25 29
39 26 29
39 27 11
39 28 43
39 29 30
39 30 64
39 31 30
39 32 66
39 33 6
39 34 36
39 35 57
39 36 4
39 37 13
39 38 52
40 0 4
40 1 56
40 2 4
40 3 22
40 4 5
40 5 9
40 6 28
40 7 10
40 8 7
40 9 40
40 10 43
40 11 8
40 12 31
40 13 31
40 14 34
40 15 36
40 16 68
40 17 45
40 18 44
40 19 61
40 20 64
40 21 42
40 22 22
40 23 28
40 24 43
40 25 27
40 26 29
40 27 13
40 28 13
40 29 40
40 30 33
40 31 23
40 32 9
40 33 37
40 34 28
40 35 9
40 36 47
40 37 23
40 38 14
40 39 10
41 0 13
41 1 9
41 2 43
41 3 1
41 4 52
41 5 11
41 6 49
41 7 2
41 8 7
41 9 24
41 10 56
41 11 69
41 12 29
41 13 16
41 14 15
41 15 66
41 16 35
41 17 63
41 18 43
41 19 34
41 20 28
41 21 63
41 22 19
41 23 3
41 24 49
41 25 29
41 26 12
41 27 28
41 28 52
41 29 14
41 30 62
41 31 4
41 32 53
41 33 6
41 34 60
41 35 18
41 36 38
41 37 66
41 38 3
41 39 2
41 40 7
42 0 38
42 1 38
42 2 19
42 3 35
42 4 29
42 5 46
42 6 68
42 7 65
42 8 9
42 9 60
42 10 67
42 11 32
42 12 21
42 13 24
42 14 47
42 15 12
42 16 3
42 17 67
42 18 6
42 19 50
42 20 13
42 21 32
42 22 43
42 23 16
42 24 3
42 25 33
42 26 57
42 27 30
42 28 49
42 29 54
42 30 62
42 31 11
42 32 11
42 33 53
42 34 33
42 35 51
42 36 54
42 37 56
42 38 31
42 39 59
42 40 54
42 41 31
43 0 27
43 1 1
43 2 54
43 3 23
43 4 6
43 5 35
43 6 52
43 7 19
43 8 14
43 9 51
43 10 49
43 11 66
43 12 67
43 13 4
43 14 1
43 15 12
43 16 43
43 17 43
43 18 20
43 19 46
43 20 56
43 21 2
43 22 9
43 23 51
43 24 19
43 25 24
43 26 10
43 27 27
43 28 36
43 29 21
43 30 17
43 31 53
43 32 14
43 33 27
43 34 53
43 35 52
43 36 44
43 37 18
43 38 14
43 39 30
43 40 29
43 41 46
43 42 45
44 0 40
44 1 12
44 2 58
44 3 64
44 4 22
44 5 4
44 6 10
44 7 19
44 8 52
44 9 16
44 10 6
44 11 64
44 12 9
44 13 48
44 14 24
44 15 8
44 16 59
44 17 3
44 18 30
44 19 9
44 20 28
44 21 10
44 22 53
44 23 38
44 24 2
44 25 53
44 26 42
44 27 59
44 28 49
44 29 34
44 30 9
44 31 64
44 32 49
44 33 51
44 34 22
44 35 12
44 36 64
44 37 38
44 38 51
44 39 22
44 40 39
44 41 32
44 42 22
44 43 10
45 0 5
45 1 44
45 2 33
45 3 36
45 4 18
45 5 6
45 6 36
45 7 51
45 8 7
45 9 51
45 10 69
45 11 58
45 12 36
45 13 37
45 14 28
45 15 39
45 16 21
45 17 61
45 18 38
45 19 69
45 20 65
45 21 11
45 22 25
45 23 7
45 24 51
45 25 8
45 26 67
45 27 55
45 28 6
45 29 14
45 30 31
45 31 69
45 32 8
45 33 34
45 34 24
45 35 6
45 36 31
45 37 33
45 38 7
45 39 45
45 40 56
45 41 56
45 42 59
45 43 22
45 44 39
46 0 9
46 1 14
46 2 2
46 3 29
46 4 18
46 5 12
46 6 27
46 7 3
46 8 34
46 9 5
46 10 45
46 11 15
46 12 55
46 13 16
46 14 21
46 15 52
46 16 1
46 17 59
46 18 58
46 19 23
46 20 41
46 21 24
46 22 57
46 23 65
46 24 23
46 25 59
46 26 17
46 27 55
46 28 5
46 29 59
46 30 6
46 31 35
46 32 28
46 33 18
46 34 27
46 35 17
46 36 69
46 37 7
46 38 20
46 39 7
46 40 55
46 41 54
46 42 52
46 43 42
46 44 21
46 45 52
47 0 11
47 1 39
47 2 63
47 3 47
47 4 51
47 5 21
47 6 53
47 7 53
47 8 45
47 9 7
47 10 40
47 11 51
47 12 12
47 13 36
47 14 40
47 15 32
47 16 22
47 17 49
47 18 30
47 19 41
47 20 52
47 21 1
47 22 54
47 23 20
47 24 66
47 25 32
47 26 51
47 27 6
47 28 66
47 29 64
47 30 32
47 31 48
47 32 66
47 33 2
47 34 62
47 35 59
47 36 66
47 37 11
47 38 60
47 39 55
47 40 60
47 41 3
47 42 33
47 43 68
47 44 68
47 45 56
47 46 22
48 0 3
48 1 47
48 2 42
48 3 69
48 4 2
48 5 47
48 6 1
48 7 4
48 8 44
48 9 26
48 10 55
48 11 6
48 12 59
48 13 62
48 14 2
48 15 56
48 16 8
48 17 8
48 18 19
48 19 30
48 20 5
48 21 34
48 22 45
48 23 25
48 24 37
48 25 51
48 26 52
48 27 13
48 28 10
48 29 40
48 30 56
48 31 51
48 32 59
48 33 66
48 34 52
48 35 10
48 36 12
48 37 53
48 38 46
48 39 42
48 40 69
48 41 50
48 42 12
48 43 18
48 44 22
48 45 62
48 46 43
48 47 5
49 0 2
49 1 25
49 2 1
49 3 2
49 4 61
49 5 46
49 6 6
49 7 51
49 8 4
49 9 69
49 10 6
49 11 20
49 12 7
49 13 54
49 14 6
49 15 18
49 16 11
49 17 35
49 18 57
49 19 50
49 20 35
49 21 11
49 22 34
49 23 6
49 24 12
49 25 62
49 26 68
49 27 59
49 28 2
49 29 30
49 30 23
49 31 51
49 32 32
49 33 24
49 34 42
49 35 53
49 36 49
49 37 39
49 38 32
49 39 11
49 40 30
49 41 25
49 42 54
49 43 20
49 44 8
49 45 60
49 46 37
49 47 54
49 48 16
50 0 57
50 1 42
50 2 63
50 3 27
50 4 4
50 5 14
50 6 36
50 7 69
50 8 8
50 9 5
50 10 12
50 11 66
50 12 47
50 13 46
50 14 36
50 15 28
50 16 5
50 17 8
50 18 54
50 19 58
50 20 45
50 21 32
50 22 65
50 23 53
50 24 8
50 25 37
50 26 10
50 27 59
50 28 5
50 29 37
50 30 19
50 31 25
50 32 6
50 33 11
50 34 50
50 35 6
50 36 19
50 37 48
50 38 60
50 39 24
50 40 22
50 41 51
50 42 53
50 43 31
50 44 6
50 45 7
50 46 1
50 47 66
50 48 33
50 49 19
