44
1 0 15
2 0 18
2 1 19
3 0 30
3 1 29
3 2 16
4 0 9
4 1 13
4 2 28
4 3 5
5 0 16
5 1 34
5 2 11
5 3 25
5 4 29
6 0 38
6 1 27
6 2 22
6 3 27
6 4 33
6 5 23
7 0 27
7 1 30
7 2 4
7 3 33
7 4 13
7 5 32
7 6 21
8 0 26
8 1 23
8 2 21
8 3 4
8 4 10
8 5 18
8 6 3
8 7 36
9 0 29
9 1 3
9 2 13
9 3 2
9 4 31
9 5 17
9 6 20
9 7 25
9 8 15
10 0 14
10 1 23
10 2 10
10 3 7
10 4 1
10 5 8
10 6 34
10 7 16
10 8 22
10 9 38
11 0 23
11 1 38
11 2 6
11 3 14
11 4 9
11 5 18
11 6 6
11 7 3
11 8 2
11 9 30
11 10 2
12 0 20
12 1 34
12 2 16
12 3 26
12 4 2
12 5 28
12 6 38
12 7 3
12 8 6
12 9 34
12 10 14
12 11 37
13 0 8
13 1 13
13 2 2
13 3 35
13 4 36
13 5 26
13 6 18
13 7 17
13 8 11
13 9 38
13 10 8
13 11 22
13 12 21
14 0 18
14 1 13
14 2 30
14 3 27
14 4 16
14 5 20
14 6 18
14 7 5
14 8 11
14 9 17
14 10 35
14 11 25
14 12 27
14 13 30
15 0 26
15 1 11
15 2 24
15 3 32
15 4 5
15 5 31
15 6 10
15 7 12
15 8 2
15 9 30
15 10 32
15 11 3
15 12 29
15 13 11
15 14 14
16 0 35
16 1 15
16 2 27
16 3 1
16 4 14
16 5 31
16 6 3
16 7 2
16 8 20
16 9 31
16 10 13
16 11 29
16 12 34
16 13 8
16 14 22
16 15 15
17 0 8
17 1 38
17 2 18
17 3 15
17 4 18
17 5 1
17 6 31
17 7 5
17 8 27
17 9 17
17 10 24
17 11 1
17 12 10
17 13 8
17 14 25
17 15 37
17 16 16
18 0 36
18 1 18
18 2 6
18 3 36
18 4 20
18 5 25
18 6 34
18 7 31
18 8 34
18 9 9
18 10 35
18 11 32
18 12 30
18 13 2
18 14 12
18 15 16
18 16 28
18 17 10
19 0 6
19 1 18
19 2 11
19 3 9
19 4 9
19 5 7
19 6 19
19 7 26
19 8 32
19 9 8
19 10 29
19 11 21
19 12 5
19 13 15
19 14 5
19 15 11
19 16 23
19 17 11
19 18 9
20 0 14
20 1 1
20 2 36
20 3 12
20 4 6
20 5 17
20 6 30
20 7 24
20 8 20
20 9 8
20 10 10
20 11 26
20 12 33
20 13 17
20 14 8
20 15 8
20 16 10
20 17 38
20 18 20
20 19 30
21 0 10
21 1 37
21 2 33
21 3 27
21 4 8
21 5 15
21 6 17
21 7 16
21 8 36
21 9 26
21 10 36
21 11 14
21 12 2
21 13 27
21 14 20
21 15 19
21 16 8
21 17 37
21 18 8
21 19 22
21 20 14
22 0 34
22 1 29
22 2 28
22 3 21
22 4 13
22 5 22
22 6 23
22 7 28
22 8 38
22 9 31
22 10 13
22 11 4
22 12 4
22 13 17
22 14 26
22 15 14
22 16 19
22 17 25
22 18 31
22 19 6
22 20 10
22 21 15
23 0 16
23 1 1
23 2 16
23 3 30
23 4 31
23 5 26
23 6 12
23 7 6
23 8 13
23 9 7
23 10 18
23 11 25
23 12 34
23 13 13
23 14 19
23 15 29
23 16 35
23 17 29
23 18 5
23 19 38
23 20 21
23 21 2
23 22 4
24 0 34
24 1 29
24 2 36
24 3 15
24 4 3
24 5 2
24 6 1
24 7 30
24 8 21
24 9 3
24 10 20
24 11 33
24 12 38
24 13 15
24 14 30
24 15 13
24 16 27
24 17 21
24 18 20
24 19 11
24 20 37
24 21 10
24 22 15
24 23 10
25 0 21
25 1 11
25 2 9
25 3 15
25 4 15
25 5 8
25 6 17
25 7 35
25 8 22
25 9 13
25 10 18
25 11 10
25 12 11
25 13 19
25 14 25
25 15 17
25 16 10
25 17 6
25 18 15
25 19 37
25 20 7
25 21 16
25 22 1
25 23 3
25 24 21
26 0 27
26 1 11
26 2 36
26 3 17
26 4 9
26 5 22
26 6 21
26 7 37
26 8 19
26 9 10
26 10 8
26 11 11
26 12 20
26 13 32
26 14 25
26 15 25
26 16 12
26 17 26
26 18 24
26 19 34
26 20 8
26 21 23
26 22 37
26 23 34
26 24 26
26 25 19
27 0 2
27 1 17
27 2 36
27 3 27
27 4 30
27 5 19
27 6 12
27 7 15
27 8 12
27 9 7
27 10 12
27 11 1
27 12 1
27 13 32
27 14 4
27 15 32
27 16 9
27 17 12
27 18 7
27 19 12
27 20 25
27 21 27
27 22 2
27 23 37
27 24 11
27 25 4
27 26 36
28 0 19
28 1 34
28 2 31
28 3 37
28 4 10
28 5 26
28 6 27
28 7 3
28 8 26
28 9 31
28 10 1
28 11 33
28 12 5
28 13 26
28 14 6
28 15 13
28 16 27
28 17 38
28 18 8
28 19 13
28 20 10
28 21 18
28 22 8
28 23 16
28 24 8
28 25 16
28 26 9
28 27 16
29 0 38
29 1 18
29 2 9
29 3 12
29 4 17
29 5 16
29 6 36
29 7 19
29 8 12
29 9 31
29 10 1
29 11 33
29 12 24
29 13 34
29 14 28
29 15 34
29 16 33
29 17 25
29 18 25
29 19 12
29 20 31
29 21 23
29 22 2
29 23 11
29 24 29
29 25 14
29 26 4
29 27 36
29 28 19
30 0 29
30 1 5
30 2 32
30 3 6
30 4 27
30 5 9
30 6 23
30 7 26
30 8 20
30 9 12
30 10 5
30 11 32
30 12 31
30 13 13
30 14 19
30 15 28
30 16 34
30 17 2
30 18 36
30 19 19
30 20 9
30 21 34
30 22 26
30 23 18
30 24 27
30 25 21
30 26 31
30 27 36
30 28 27
30 29 10
31 0 4
31 1 17
31 2 29
31 3 14
31 4 10
31 5 7
31 6 36
31 7 10
31 8 2
31 9 3
31 10 38
31 11 21
31 12 38
31 13 9
31 14 17
31 15 31
31 16 6
31 17 5
31 18 4
31 19 21
31 20 25
31 21 35
31 22 33
31 23 22
31 24 5
31 25 6
31 26 1
31 27 33
31 28 23
31 29 14
31 30 27
32 0 17
32 1 29
32 2 38
32 3 31
32 4 14
32 5 12
32 6 23
32 7 25
32 8 4
32 9 23
32 10 23
32 11 17
32 12 16
32 13 24
32 14 23
32 15 35
32 16 18
32 17 7
32 18 21
32 19 2
32 20 25
32 21 30
32 22 25
32 23 17
32 24 13
32 25 29
32 26 9
32 27 2
32 28 21
32 29 9
32 30 4
32 31 5
33 0 23
33 1 17
33 2 19
33 3 25
33 4 23
33 5 6
33 6 12
33 7 27
33 8 33
33 9 9
33 10 34
33 11 12
33 12 13
33 13 36
33 14 13
33 15 38
33 16 29
33 17 4
33 18 29
33 19 26
33 20 2
33 21 11
33 22 15
33 23 16
33 24 11
33 25 2
33 26 21
33 27 7
33 28 4
33 29 9
33 30 6
33 31 6
33 32 9
34 0 14
34 1 38
34 2 15
34 3 6
34 4 26
34 5 5
34 6 21
34 7 15
34 8 28
34 9 33
34 10 38
34 11 2
34 12 10
34 13 21
34 14 32
34 15 36
34 16 20
34 17 4
34 18 13
34 19 11
34 20 10
34 21 16
34 22 26
34 23 24
34 24 35
34 25 33
34 26 30
34 27 18
34 28 37
34 29 6
34 30 22
34 31 2
34 32 15
34 33 1
35 0 24
35 1 7
35 2 19
35 3 9
35 4 3
35 5 31
35 6 34
35 7 3
35 8 28
35 9 34
35 10 13
35 11 26
35 12 11
35 13 29
35 14 12
35 15 1
35 16 28
35 17 12
35 18 36
35 19 10
35 20 28
35 21 4
35 22 29
35 23 21
35 24 2
35 25 24
35 26 34
35 27 28
35 28 25
35 29 17
35 30 5
35 31 35
35 32 11
35 33 19
35 34 32
36 0 32
36 1 33
36 2 4
36 3 19
36 4 17
36 5 29
36 6 21
36 7 19
36 8 37
36 9 25
36 10 36
36 11 23
36 12 26
36 13 6
36 14 34
36 15 37
36 16 5
36 17 24
36 18 20
36 19 18
36 20 33
36 21 7
36 22 4
36 23 14
36 24 7
36 25 13
36 26 3
36 27 36
36 28 16
36 29 32
36 30 3
36 31 31
36 32 21
36 33 38
36 34 23
36 35 10
37 0 25
37 1 10
37 2 20
37 3 17
37 4 3
37 5 36
37 6 25
37 7 28
37 8 14
37 9 9
37 10 14
37 11 3
37 12 17
37 13 2
37 14 14
37 15 17
37 16 29
37 17 16
37 18 18
37 19 32
37 20 34
37 21 6
37 22 13
37 23 37
37 24 11
37 25 10
37 26 22
37 27 9
37 28 2
37 29 11
37 30 21
37 31 1
37 32 27
37 33 19
37 34 24
37 35 22
37 36 21
38 0 29
38 1 5
38 2 15
38 3 4
38 4 9
38 5 34
38 6 18
38 7 21
38 8 14
38 9 10
38 10 26
38 11 9
38 12 38
38 13 34
38 14 29
38 15 35
38 16 12
38 17 33
38 18 6
38 19 27
38 20 1
38 21 36
38 22 30
38 23 22
38 24 4
38 25 21
38 26 25
38 27 17
38 28 25
38 29 20
38 30 28
38 31 13
38 32 14
38 33 5
38 34 22
38 35 6
38 36 35
38 37 10
39 0 20
39 1 35
39 2 22
39 3 19
39 4 27
39 5 35
39 6 7
39 7 26
39 8 27
39 9 19
39 10 26
39 11 8
39 12 12
39 13 35
39 14 9
39 15 32
39 16 36
39 17 15
39 18 23
39 19 10
39 20 7
39 21 8
39 22 6
39 23 11
39 24 18
39 25 15
39 26 29
39 27 21
39 28 25
39 29 22
39 30 25
39 31 7
39 32 5
39 33 1
39 34 16
39 35 25
39 36 27
39 37 23
39 38 14
40 0 32
40 1 17
40 2 25
40 3 32
40 4 9
40 5 5
40 6 25
40 7 19
40 8 9
40 9 6
40 10 17
40 11 23
40 12 29
40 13 27
40 14 5
40 15 14
40 16 35
40 17 36
40 18 4
40 19 27
40 20 33
40 21 14
40 22 28
40 23 16
40 24 38
40 25 19
40 26 23
40 27 14
40 28 37
40 29 19
40 30 30
40 31 3
40 32 20
40 33 29
40 34 22
40 35 7
40 36 24
40 37 7
40 38 29
40 39 6
41 0 36
41 1 26
41 2 28
41 3 29
41 4 5
41 5 19
41 6 35
41 7 35
41 8 35
41 9 36
41 10 36
41 11 24
41 12 26
41 13 35
41 14 30
41 15 31
41 16 5
41 17 10
41 18 15
41 19 25
41 20 2
41 21 24
41 22 6
41 23 38
41 24 24
41 25 29
41 26 14
41 27 31
41 28 24
41 29 1
41 30 27
41 31 6
41 32 5
41 33 31
41 34 1
41 35 18
41 36 3
41 37 3
41 38 7
41 39 22
41 40 27
42 0 1
42 1 34
42 2 33
42 3 14
42 4 36
42 5 14
42 6 7
42 7 22
42 8 21
42 9 19
42 10 15
42 11 9
42 12 12
42 13 7
42 14 35
42 15 11
42 16 25
42 17 12
42 18 27
42 19 11
42 20 6
42 21 1
42 22 5
42 23 30
42 24 30
42 25 7
42 26 35
42 27 12
42 28 7
42 29 5
42 30 9
42 31 10
42 32 17
42 33 3
42 34 21
42 35 17
42 36 22
42 37 34
42 38 19
42 39 22
42 40 37
42 41 1
43 0 17
43 1 12
43 2 20
43 3 24
43 4 36
43 5 16
43 6 1
43 7 25
43 8 26
43 9 8
43 10 3
43 11 38
43 12 18
43 13 17
43 14 30
43 15 35
43 16 8
43 17 8
43 18 29
43 19 35
43 20 5
43 21 24
43 22 8
43 23 6
43 24 23
43 25 6
43 26 17
43 27 11
43 28 20
43 29 37
43 30 24
43 31 21
43 32 21
43 33 33
43 34 38
43 35 2
43 36 14
43 37 13
43 38 23
43 39 38
43 40 14
43 41 38
43 42 13
