36
1 0 36
3 0 24
4 1 27
4 3 23
5 2 40
5 3 16
6 0 17
7 2 15
7 3 44
7 5 5
8 0 31
8 3 30
8 6 33
8 7 22
9 1 23
9 2 5
9 3 46
9 4 43
9 5 38
10 2 9
10 5 13
10 6 8
10 9 29
11 0 23
11 3 31
11 6 4
11 7 15
11 8 20
11 9 15
12 0 35
12 6 6
12 9 3
12 11 23
13 0 31
13 3 32
13 6 36
13 9 32
13 10 31
13 11 18
13 12 11
14 1 12
14 2 28
14 3 25
14 5 35
14 7 32
14 9 25
14 11 11
14 13 12
15 3 40
15 4 7
15 5 19
15 6 1
15 8 33
15 10 42
15 12 13
15 14 18
16 0 29
16 1 39
16 2 25
16 3 20
16 6 42
16 10 42
16 11 41
16 13 39
16 14 16
17 0 31
17 3 24
17 4 9
17 5 37
17 7 1
17 9 23
17 13 3
17 14 37
17 16 13
18 0 41
18 1 36
18 2 10
18 3 17
18 5 23
18 7 37
18 9 46
18 11 35
18 13 43
18 15 12
18 16 41
18 17 38
19 2 6
19 3 1
19 4 34
19 8 29
19 9 33
19 10 13
19 14 6
19 15 20
19 18 5
20 0 24
20 2 31
20 3 6
20 7 46
20 8 21
20 9 44
20 10 1
20 11 42
20 14 2
20 16 32
20 17 13
20 18 15
21 0 11
21 2 39
21 4 25
21 5 46
21 6 31
21 7 13
21 8 13
21 12 43
21 15 32
21 16 34
21 17 44
21 18 35
22 2 42
22 4 30
22 5 15
22 9 38
22 11 33
22 17 20
22 18 17
22 19 18
23 0 39
23 3 26
23 5 46
23 7 36
23 8 31
23 9 19
23 10 33
23 12 22
23 13 46
23 16 2
23 19 46
24 1 19
24 2 3
24 4 3
24 5 41
24 7 20
24 14 21
24 15 28
24 16 44
24 17 26
24 23 20
25 0 11
25 1 10
25 2 17
25 4 21
25 5 14
25 8 23
25 9 29
25 11 36
25 15 37
25 17 8
25 20 21
26 0 2
26 1 6
26 2 32
26 8 12
26 11 10
26 13 22
26 15 38
26 16 35
26 18 6
26 19 36
26 23 10
26 25 6
27 0 16
27 5 15
27 6 27
27 7 45
27 10 24
27 12 43
27 16 35
27 17 11
27 19 30
27 20 25
27 21 19
27 23 37
27 24 22
27 26 7
28 2 41
28 3 5
28 4 8
28 5 31
28 8 28
28 9 17
28 13 41
28 14 11
28 15 10
28 18 40
28 20 41
28 22 21
28 25 44
28 26 17
28 27 45
29 0 41
29 1 24
29 2 25
29 3 28
29 5 18
29 9 34
29 11 28
29 12 20
29 14 19
29 16 3
29 17 40
29 18 10
29 21 44
29 23 13
29 24 25
29 25 37
29 26 46
29 28 21
30 2 34
30 4 46
30 5 39
30 7 9
30 8 41
30 9 27
30 11 31
30 16 20
30 17 45
30 21 4
30 26 23
30 27 34
30 28 18
30 29 27
31 0 38
31 1 35
31 3 46
31 4 41
31 10 9
31 14 10
31 15 26
31 16 12
31 17 17
31 18 28
31 19 10
31 21 45
31 22 14
31 23 8
31 24 20
31 25 21
31 27 18
31 28 30
31 29 1
32 1 28
32 2 15
32 5 43
32 10 46
32 11 27
32 13 35
32 16 23
32 18 28
32 23 26
32 24 15
32 25 37
32 27 44
32 28 29
32 29 23
33 1 36
33 2 24
33 4 33
33 6 24
33 7 22
33 9 35
33 12 23
33 13 36
33 14 22
33 15 12
33 16 35
33 17 11
33 18 33
33 19 26
33 21 2
33 22 40
33 23 29
33 24 5
33 26 35
33 27 18
33 28 3
33 29 33
33 31 33
34 1 2
34 3 19
34 5 19
34 8 6
34 9 10
34 10 13
34 11 10
34 14 33
34 15 4
34 16 46
34 18 44
34 19 10
34 23 14
34 27 18
34 28 42
34 30 3
35 2 13
35 4 42
35 5 45
35 6 15
35 8 21
35 10 26
35 11 24
35 13 40
35 17 2
35 18 7
35 21 5
35 23 44
35 25 27
35 26 2
35 28 4
35 29 39
35 30 19
35 33 40
