17
3 1 27
4 0 24
4 3 6
5 0 8
5 1 5
5 2 25
5 3 9
6 0 23
6 4 15
7 3 14
7 6 2
8 0 4
8 2 5
8 5 13
8 7 22
9 0 17
9 1 23
9 2 19
9 6 25
9 7 10
9 8 19
10 1 16
10 2 12
10 4 27
10 5 24
10 8 23
11 0 14
11 2 13
11 3 17
11 5 5
11 6 8
11 7 2
11 8 8
11 9 26
11 10 3
12 1 9
12 2 18
12 5 18
12 6 26
12 8 9
12 10 6
13 1 14
13 4 15
13 6 21
13 8 21
13 12 10
14 0 2
14 3 6
14 4 24
14 7 28
14 8 10
14 9 22
14 10 5
14 11 15
15 0 1
15 1 28
15 2 2
15 3 12
15 4 28
15 5 18
15 9 10
15 10 7
15 11 10
15 13 5
16 2 4
16 6 15
16 7 25
16 9 26
16 11 25
16 12 11
16 13 16
16 14 15
16 15 17
