39
1 0 2
2 0 4
2 1 13
3 0 8
3 1 8
3 2 6
4 0 3
4 1 7
4 2 12
4 3 9
5 0 11
5 1 10
5 2 7
5 3 6
5 4 3
6 0 12
6 1 3
6 2 12
6 3 14
6 4 10
6 5 3
7 0 2
7 1 14
7 2 5
7 3 11
7 4 9
7 5 7
7 6 11
8 0 1
8 1 12
8 2 4
8 3 12
8 4 8
8 5 14
8 6 10
8 7 5
9 0 8
9 1 14
9 2 13
9 3 10
9 4 14
9 5 6
9 6 8
9 7 8
9 8 3
10 0 6
10 1 2
10 2 11
10 3 5
10 4 9
10 5 6
10 6 7
10 7 14
10 8 4
10 9 8
11 0 9
11 1 7
11 2 10
11 3 4
11 4 7
11 5 7
11 6 13
11 7 9
11 8 11
11 9 2
11 10 3
12 0 11
12 1 4
12 2 14
12 3 4
12 4 6
12 5 8
12 6 1
12 7 2
12 8 3
12 9 5
12 10 6
12 11 7
13 0 9
13 1 11
13 2 2
13 3 1
13 4 7
13 5 3
13 6 8
13 7 4
13 8 2
13 9 10
13 10 7
13 11 13
13 12 5
14 0 14
14 1 13
14 2 8
14 3 4
14 4 12
14 5 2
14 6 11
14 7 14
14 8 5
14 9 6
14 10 4
14 11 14
14 12 12
14 13 12
15 0 12
15 1 5
15 2 1
15 3 9
15 4 4
15 5 8
15 6 3
15 7 6
15 8 9
15 9 1
15 10 13
15 11 5
15 12 14
15 13 13
15 14 11
16 0 6
16 1 7
16 2 3
16 3 5
16 4 4
16 5 9
16 6 4
16 7 8
16 8 3
16 9 9
16 10 6
16 11 13
16 12 12
16 13 3
16 14 14
16 15 11
17 0 3
17 1 10
17 2 11
17 3 2
17 4 11
17 5 10
17 6 1
17 7 14
17 8 13
17 9 7
17 10 11
17 11 2
17 12 10
17 13 7
17 14 1
17 15 8
17 16 8
18 0 4
18 1 2
18 2 10
18 3 8
18 4 7
18 5 13
18 6 11
18 7 2
18 8 12
18 9 11
18 10 8
18 11 6
18 12 11
18 13 2
18 14 2
18 15 12
18 16 1
18 17 10
19 0 4
19 1 6
19 2 2
19 3 5
19 4 8
19 5 7
19 6 3
19 7 11
19 8 11
19 9 6
19 10 9
19 11 14
19 12 6
19 13 14
19 14 1
19 15 12
19 16 2
19 17 6
19 18 7
20 0 2
20 1 1
20 2 4
20 3 7
20 4 3
20 5 9
20 6 7
20 7 9
20 8 7
20 9 5
20 10 8
20 11 13
20 12 11
20 13 1
20 14 2
20 15 3
20 16 4
20 17 4
20 18 4
20 19 4
21 0 10
21 1 6
21 2 11
21 3 11
21 4 5
21 5 5
21 6 9
21 7 10
21 8 5
21 9 12
21 10 1
21 11 2
21 12 6
21 13 12
21 14 5
21 15 2
21 16 14
21 17 14
21 18 10
21 19 3
21 20 1
22 0 10
22 1 6
22 2 12
22 3 10
22 4 5
22 5 4
22 6 6
22 7 12
22 8 1
22 9 12
22 10 1
22 11 12
22 12 5
22 13 10
22 14 11
22 15 5
22 16 8
22 17 9
22 18 5
22 19 5
22 20 6
22 21 8
23 0 2
23 1 8
23 2 7
23 3 4
23 4 10
23 5 1
23 6 6
23 7 2
23 8 12
23 9 4
23 10 8
23 11 13
23 12 4
23 13 8
23 14 6
23 15 7
23 16 14
23 17 3
23 18 3
23 19 5
23 20 14
23 21 1
23 22 13
24 0 11
24 1 14
24 2 8
24 3 14
24 4 5
24 5 7
24 6 14
24 7 12
24 8 12
24 9 8
24 10 12
24 11 6
24 12 6
24 13 13
24 14 9
24 15 11
24 16 8
24 17 4
24 18 12
24 19 5
24 20 3
24 21 8
24 22 1
24 23 3
25 0 7
25 1 3
25 2 14
25 3 14
25 4 11
25 5 11
25 6 8
25 7 7
25 8 12
25 9 8
25 10 10
25 11 2
25 12 8
25 13 1
25 14 8
25 15 13
25 16 2
25 17 1
25 18 2
25 19 6
25 20 8
25 21 4
25 22 1
25 23 14
25 24 5
26 0 5
26 1 5
26 2 13
26 3 2
26 4 1
26 5 7
26 6 3
26 7 11
26 8 6
26 9 3
26 10 1
26 11 11
26 12 6
26 13 2
26 14 10
26 15 8
26 16 8
26 17 1
26 18 9
26 19 7
26 20 11
26 21 1
26 22 1
26 23 11
26 24 14
26 25 7
27 0 9
27 1 7
27 2 3
27 3 4
27 4 7
27 5 1
27 6 10
27 7 11
27 8 6
27 9 5
27 10 7
27 11 13
27 12 12
27 13 1
27 14 3
27 15 10
27 16 11
27 17 6
27 18 11
27 19 5
27 20 8
27 21 14
27 22 2
27 23 6
27 24 13
27 25 5
27 26 2
28 0 13
28 1 10
28 2 9
28 3 9
28 4 7
28 5 14
28 6 8
28 7 6
28 8 10
28 9 14
28 10 3
28 11 4
28 12 5
28 13 12
28 14 11
28 15 2
28 16 10
28 17 8
28 18 2
28 19 10
28 20 12
28 21 13
28 22 8
28 23 14
28 24 11
28 25 11
28 26 8
28 27 10
29 0 5
29 1 14
29 2 12
29 3 10
29 4 11
29 5 5
29 6 1
29 7 2
29 8 4
29 9 12
29 10 7
29 11 12
29 12 8
29 13 1
29 14 9
29 15 1
29 16 2
29 17 13
29 18 4
29 19 8
29 20 14
29 21 1
29 22 8
29 23 9
29 24 7
29 25 4
29 26 12
29 27 7
29 28 11
30 0 9
30 1 5
30 2 14
30 3 3
30 4 10
30 5 3
30 6 3
30 7 13
30 8 12
30 9 4
30 10 14
30 11 1
30 12 12
30 13 14
30 14 10
30 15 12
30 16 12
30 17 5
30 18 14
30 19 9
30 20 2
30 21 3
30 22 5
30 23 8
30 24 5
30 25 13
30 26 6
30 27 2
30 28 8
30 29 3
31 0 6
31 1 6
31 2 5
31 3 1
31 4 4
31 5 8
31 6 13
31 7 6
31 8 9
31 9 12
31 10 5
31 11 4
31 12 13
31 13 11
31 14 5
31 15 2
31 16 1
31 17 12
31 18 8
31 19 5
31 20 1
31 21 7
31 22 5
31 23 7
31 24 11
31 25 6
31 26 12
31 27 2
31 28 5
31 29 12
31 30 8
32 0 5
32 1 3
32 2 8
32 3 2
32 4 6
32 5 10
32 6 2
32 7 12
32 8 1
32 9 7
32 10 6
32 11 10
32 12 4
32 13 3
32 14 10
32 15 1
32 16 9
32 17 8
32 18 11
32 19 9
32 20 13
32 21 8
32 22 3
32 23 8
32 24 11
32 25 3
32 26 4
32 27 9
32 28 8
32 29 14
32 30 1
32 31 6
33 0 9
33 1 10
33 2 3
33 3 8
33 4 2
33 5 14
33 6 14
33 7 13
33 8 1
33 9 11
33 10 13
33 11 5
33 12 7
33 13 10
33 14 1
33 15 3
33 16 11
33 17 12
33 18 7
33 19 9
33 20 9
33 21 3
33 22 9
33 23 1
33 24 3
33 25 5
33 26 10
33 27 10
33 28 11
33 29 12
33 30 14
33 31 12
33 32 11
34 0 2
34 1 7
34 2 4
34 3 1
34 4 1
34 5 11
34 6 13
34 7 3
34 8 7
34 9 3
34 10 11
34 11 9
34 12 2
34 13 13
34 14 5
34 15 8
34 16 10
34 17 1
34 18 7
34 19 9
34 20 6
34 21 11
34 22 13
34 23 5
34 24 1
34 25 2
34 26 1
34 27 8
34 28 14
34 29 4
34 30 13
34 31 4
34 32 7
34 33 11
35 0 9
35 1 8
35 2 1
35 3 11
35 4 8
35 5 12
35 6 7
35 7 1
35 8 5
35 9 13
35 10 1
35 11 9
35 12 12
35 13 4
35 14 13
35 15 8
35 16 12
35 17 9
35 18 3
35 19 5
35 20 12
35 21 10
35 22 13
35 23 14
35 24 8
35 25 14
35 26 14
35 27 12
35 28 9
35 29 3
35 30 6
35 31 5
35 32 8
35 33 5
35 34 5
36 0 1
36 1 3
36 2 9
36 3 8
36 4 12
36 5 10
36 6 5
36 7 6
36 8 7
36 9 11
36 10 1
36 11 14
36 12 8
36 13 2
36 14 7
36 15 7
36 16 8
36 17 5
36 18 1
36 19 1
36 20 3
36 21 8
36 22 9
36 23 2
36 24 6
36 25 14
36 26 13
36 27 9
36 28 8
36 29 13
36 30 13
36 31 10
36 32 12
36 33 1
36 34 14
36 35 1
37 0 6
37 1 13
37 2 7
37 3 1
37 4 9
37 5 6
37 6 8
37 7 9
37 8 14
37 9 7
37 10 10
37 11 5
37 12 10
37 13 2
37 14 8
37 15 6
37 16 12
37 17 12
37 18 12
37 19 8
37 20 4
37 21 12
37 22 8
37 23 14
37 24 2
37 25 5
37 26 8
37 27 9
37 28 6
37 29 10
37 30 13
37 31 5
37 32 8
37 33 7
37 34 4
37 35 9
37 36 4
38 0 14
38 1 9
38 2 7
38 3 9
38 4 4
38 5 4
38 6 2
38 7 10
38 8 14
38 9 6
38 10 14
38 11 12
38 12 10
38 13 9
38 14 4
38 15 10
38 16 6
38 17 12
38 18 8
38 19 5
38 20 10
38 21 8
38 22 8
38 23 4
38 24 12
38 25 9
38 26 11
38 27 8
38 28 7
38 29 5
38 30 1
38 31 11
38 32 3
38 33 14
38 34 12
38 35 11
38 36 13
38 37 2
