39
3 0 3
3 1 6
4 3 5
5 1 16
5 3 10
5 4 11
6 2 10
6 3 8
6 4 18
7 0 12
7 1 6
7 2 19
7 4 7
7 6 3
8 4 4
8 7 19
9 0 7
9 4 10
9 6 24
9 8 2
10 2 18
10 5 12
10 6 1
10 8 7
11 0 5
11 3 5
11 5 4
11 8 12
11 9 25
11 10 23
12 0 13
12 1 22
12 2 23
12 3 6
12 4 19
12 6 17
12 7 7
12 10 19
12 11 6
13 0 8
13 2 18
13 3 2
13 10 5
13 11 13
13 12 7
14 0 21
14 2 18
14 4 23
14 7 5
14 9 5
14 10 18
14 12 4
14 13 17
15 2 15
15 5 16
15 6 22
15 7 9
15 9 6
15 10 9
15 11 19
15 12 10
16 2 15
16 5 25
16 6 3
16 7 24
16 10 22
16 11 6
16 13 18
17 0 4
17 1 1
17 7 14
17 8 19
17 11 12
17 13 23
17 14 19
17 15 5
17 16 25
18 0 1
18 1 22
18 7 25
18 10 21
18 11 7
18 13 19
18 14 25
18 15 22
18 17 15
19 0 12
19 3 18
19 5 11
19 8 23
19 12 7
19 13 23
19 14 21
19 15 24
19 17 20
20 1 4
20 2 4
20 3 22
20 4 11
20 8 13
20 9 14
20 10 18
20 11 11
20 12 11
20 16 23
21 0 3
21 2 14
21 8 11
21 11 19
21 20 17
22 0 18
22 3 22
22 8 22
22 11 22
22 12 7
22 20 21
22 21 9
23 7 17
23 8 24
23 9 19
23 11 24
23 12 10
23 16 6
23 17 17
23 19 24
24 1 16
24 8 17
24 9 17
24 11 4
24 13 14
24 14 14
24 15 11
24 17 14
24 19 23
24 20 4
24 21 22
24 22 5
24 23 2
25 3 8
25 5 12
25 10 18
25 13 15
25 14 17
25 17 14
25 23 17
26 2 9
26 3 10
26 4 23
26 5 12
26 6 18
26 8 22
26 9 12
26 11 6
26 12 7
26 13 4
26 14 6
26 17 18
26 20 10
26 22 20
26 24 18
27 1 4
27 2 25
27 6 24
27 11 21
27 12 9
27 15 7
27 19 17
27 20 21
27 21 20
27 22 24
27 23 6
27 24 18
27 25 21
27 26 13
28 1 9
28 2 16
28 3 4
28 4 10
28 5 5
28 7 16
28 8 14
28 10 13
28 12 8
28 14 18
28 16 3
28 18 23
28 19 24
28 21 6
28 22 9
28 23 14
28 27 4
29 0 19
29 1 13
29 6 24
29 9 10
29 10 5
29 16 20
29 18 3
29 19 10
29 21 14
29 25 2
29 27 22
30 0 12
30 3 22
30 4 12
30 10 14
30 12 20
30 13 9
30 16 10
30 17 15
30 22 1
30 23 17
30 24 10
30 29 8
31 1 2
31 2 6
31 3 3
31 5 12
31 6 9
31 8 19
31 10 10
31 11 21
31 12 11
31 14 2
31 15 23
31 16 17
31 17 16
31 19 20
31 20 4
31 22 4
31 23 6
31 25 22
31 26 20
31 28 12
31 29 6
32 0 1
32 1 6
32 2 11
32 3 10
32 4 25
32 7 17
32 8 14
32 9 16
32 10 6
32 11 20
32 13 2
32 15 25
32 17 13
32 19 14
32 20 21
32 21 10
32 23 18
32 25 25
32 27 17
32 29 11
32 30 7
32 31 11
33 1 16
33 2 21
33 3 16
33 4 7
33 8 4
33 10 3
33 13 2
33 14 2
33 18 17
33 21 17
33 26 15
33 29 10
33 30 15
33 32 23
34 4 12
34 5 3
34 6 9
34 10 23
34 13 1
34 15 16
34 16 14
34 18 14
34 24 16
34 30 14
34 31 5
34 32 2
34 33 14
35 0 2
35 3 14
35 8 6
35 11 16
35 16 9
35 18 24
35 21 18
35 22 22
35 23 16
35 27 2
35 29 16
35 30 14
35 31 8
35 32 4
35 33 24
36 1 9
36 3 25
36 5 14
36 6 8
36 8 15
36 11 9
36 12 22
36 13 25
36 14 11
36 16 5
36 18 2
36 19 2
36 22 25
36 23 1
36 25 22
36 26 6
36 29 7
36 30 15
36 31 17
36 32 2
36 33 23
36 35 11
37 4 25
37 7 15
37 8 24
37 9 4
37 10 21
37 13 5
37 14 17
37 18 6
37 19 14
37 21 9
37 23 22
37 25 11
37 26 2
37 28 12
37 30 13
37 33 20
37 34 8
37 35 1
38 0 9
38 1 10
38 2 20
38 3 24
38 4 3
38 5 16
38 6 9
38 7 21
38 9 15
38 10 1
38 12 16
38 13 24
38 14 5
38 15 12
38 16 10
38 17 8
38 18 20
38 19 4
38 20 25
38 23 18
38 26 21
38 28 20
38 29 19
38 30 1
38 31 1
38 32 5
38 34 11
38 36 13
