65
1 0 54
2 0 66
2 1 5
3 0 60
3 1 35
3 2 22
4 0 52
4 1 21
4 2 44
4 3 27
5 0 3
5 1 63
5 2 44
5 3 63
5 4 62
6 0 22
6 1 19
6 2 14
6 3 20
6 4 38
6 5 6
7 0 4
7 1 50
7 2 27
7 3 24
7 4 22
7 5 11
7 6 27
8 0 31
8 1 5
8 2 26
8 3 55
8 4 14
8 5 48
8 6 13
8 7 56
9 0 60
9 1 27
9 2 48
9 3 49
9 4 60
9 5 6
9 6 23
9 7 39
9 8 67
10 0 57
10 1 14
10 2 25
10 3 5
10 4 66
10 5 5
10 6 39
10 7 37
10 8 27
10 9 15
11 0 55
11 1 57
11 2 36
11 3 42
11 4 52
11 5 52
11 6 67
11 7 35
11 8 59
11 9 30
11 10 25
12 0 6
12 1 13
12 2 29
12 3 61
12 4 67
12 5 35
12 6 63
12 7 25
12 8 56
12 9 59
12 10 25
12 11 57
13 0 59
13 1 31
13 2 45
13 3 36
13 4 41
13 5 15
13 6 65
13 7 51
13 8 64
13 9 21
13 10 56
13 11 44
13 12 6
14 0 8
14 1 62
14 2 32
14 3 27
14 4 55
14 5 51
14 6 11
14 7 67
14 8 27
14 9 8
14 10 61
14 11 37
14 12 52
14 13 15
15 0 47
15 1 47
15 2 18
15 3 44
15 4 9
15 5 16
15 6 60
15 7 41
15 8 63
15 9 35
15 10 59
15 11 6
15 12 3
15 13 16
15 14 30
16 0 6
16 1 7
16 2 17
16 3 66
16 4 54
16 5 58
16 6 9
16 7 57
16 8 32
16 9 48
16 10 43
16 11 48
16 12 29
16 13 20
16 14 21
16 15 61
17 0 22
17 1 6
17 2 63
17 3 26
17 4 49
17 5 27
17 6 28
17 7 14
17 8 40
17 9 67
17 10 29
17 11 37
17 12 13
17 13 18
17 14 61
17 15 66
17 16 35
18 0 6
18 1 10
18 2 64
18 3 20
18 4 21
18 5 8
18 6 17
18 7 10
18 8 39
18 9 24
18 10 49
18 11 31
18 12 21
18 13 21
18 14 24
18 15 1
18 16 39
18 17 24
19 0 41
19 1 35
19 2 23
19 3 26
19 4 50
19 5 32
19 6 42
19 7 9
19 8 25
19 9 7
19 10 5
19 11 31
19 12 22
19 13 15
19 14 9
19 15 10
19 16 7
19 17 26
19 18 11
20 0 9
20 1 57
20 2 32
20 3 51
20 4 4
20 5 65
20 6 53
20 7 10
20 8 48
20 9 63
20 10 16
20 11 53
20 12 42
20 13 41
20 14 3
20 15 11
20 16 65
20 17 17
20 18 22
20 19 36
21 0 31
21 1 6
21 2 15
21 3 17
21 4 64
21 5 11
21 6 36
21 7 40
21 8 67
21 9 38
21 10 9
21 11 42
21 12 23
21 13 41
21 14 28
21 15 15
21 16 23
21 17 24
21 18 44
21 19 25
21 20 53
22 0 35
22 1 13
22 2 33
22 3 23
22 4 57
22 5 30
22 6 9
22 7 61
22 8 19
22 9 33
22 10 44
22 11 30
22 12 47
22 13 42
22 14 22
22 15 9
22 16 59
22 17 3
22 18 18
22 19 56
22 20 3
22 21 51
23 0 13
23 1 19
23 2 10
23 3 11
23 4 33
23 5 28
23 6 54
23 7 63
23 8 35
23 9 66
23 10 32
23 11 24
23 12 5
23 13 67
23 14 9
23 15 1
23 16 9
23 17 56
23 18 56
23 19 37
23 20 45
23 21 20
23 22 60
24 0 66
24 1 67
24 2 29
24 3 14
24 4 39
24 5 55
24 6 20
24 7 21
24 8 42
24 9 16
24 10 65
24 11 13
24 12 16
24 13 8
24 14 16
24 15 46
24 16 11
24 17 44
24 18 64
24 19 15
24 20 32
24 21 9
24 22 2
24 23 9
25 0 13
25 1 10
25 2 26
25 3 57
25 4 29
25 5 43
25 6 29
25 7 42
25 8 46
25 9 51
25 10 65
25 11 45
25 12 23
25 13 26
25 14 28
25 15 56
25 16 20
25 17 34
25 18 59
25 19 17
25 20 29
25 21 15
25 22 30
25 23 27
25 24 38
26 0 54
26 1 40
26 2 52
26 3 44
26 4 66
26 5 61
26 6 65
26 7 44
26 8 56
26 9 11
26 10 49
26 11 23
26 12 29
26 13 35
26 14 42
26 15 57
26 16 26
26 17 45
26 18 9
26 19 57
26 20 3
26 21 54
26 22 15
26 23 36
26 24 45
26 25 2
27 0 1
27 1 63
27 2 5
27 3 31
27 4 60
27 5 9
27 6 40
27 7 4
27 8 18
27 9 24
27 10 10
27 11 6
27 12 42
27 13 21
27 14 67
27 15 54
27 16 57
27 17 62
27 18 19
27 19 34
27 20 64
27 21 20
27 22 30
27 23 12
27 24 25
27 25 65
27 26 30
28 0 36
28 1 52
28 2 27
28 3 57
28 4 63
28 5 63
28 6 21
28 7 37
28 8 36
28 9 15
28 10 38
28 11 48
28 12 53
28 13 31
28 14 27
28 15 65
28 16 5
28 17 40
28 18 23
28 19 15
28 20 66
28 21 10
28 22 11
28 23 24
28 24 42
28 25 35
28 26 45
28 27 60
29 0 67
29 1 38
29 2 2
29 3 16
29 4 21
29 5 3
29 6 14
29 7 11
29 8 47
29 9 56
29 10 35
29 11 49
29 12 45
29 13 2
29 14 28
29 15 32
29 16 38
29 17 23
29 18 5
29 19 4
29 20 32
29 21 24
29 22 14
29 23 19
29 24 32
29 25 42
29 26 36
29 27 19
29 28 31
30 0 39
30 1 27
30 2 36
30 3 30
30 4 56
30 5 52
30 6 43
30 7 27
30 8 22
30 9 40
30 10 16
30 11 67
30 12 19
30 13 65
30 14 25
30 15 53
30 16 6
30 17 2
30 18 24
30 19 36
30 20 38
30 21 6
30 22 60
30 23 66
30 24 62
30 25 50
30 26 51
30 27 12
30 28 59
30 29 61
31 0 40
31 1 67
31 2 23
31 3 50
31 4 40
31 5 49
31 6 53
31 7 27
31 8 1
31 9 46
31 10 14
31 11 38
31 12 48
31 13 14
31 14 16
31 15 39
31 16 32
31 17 44
31 18 61
31 19 40
31 20 32
31 21 15
31 22 3
31 23 44
31 24 21
31 25 31
31 26 24
31 27 8
31 28 37
31 29 7
31 30 40
32 0 47
32 1 26
32 2 39
32 3 29
32 4 60
32 5 19
32 6 65
32 7 1
32 8 42
32 9 21
32 10 50
32 11 8
32 12 32
32 13 58
32 14 20
32 15 37
32 16 51
32 17 56
32 18 66
32 19 9
32 20 17
32 21 12
32 22 38
32 23 32
32 24 34
32 25 3
32 26 62
32 27 22
32 28 60
32 29 26
32 30 34
32 31 11
33 0 55
33 1 52
33 2 1
33 3 32
33 4 58
33 5 14
33 6 14
33 7 45
33 8 48
33 9 45
33 10 56
33 11 56
33 12 9
33 13 2
33 14 65
33 15 33
33 16 29
33 17 34
33 18 28
33 19 14
33 20 66
33 21 37
33 22 66
33 23 57
33 24 62
33 25 18
33 26 42
33 27 41
33 28 7
33 29 25
33 30 52
33 31 10
33 32 52
34 0 29
34 1 37
34 2 38
34 3 44
34 4 3
34 5 30
34 6 67
34 7 30
34 8 63
34 9 61
34 10 2
34 11 50
34 12 14
34 13 42
34 14 20
34 15 9
34 16 27
34 17 38
34 18 53
34 19 52
34 20 65
34 21 24
34 22 66
34 23 50
34 24 7
34 25 2
34 26 42
34 27 12
34 28 34
34 29 41
34 30 54
34 31 40
34 32 8
34 33 63
35 0 57
35 1 16
35 2 67
35 3 48
35 4 53
35 5 17
35 6 11
35 7 48
35 8 52
35 9 2
35 10 36
35 11 31
35 12 45
35 13 66
35 14 54
35 15 7
35 16 27
35 17 38
35 18 38
35 19 6
35 20 6
35 21 30
35 22 14
35 23 59
35 24 66
35 25 6
35 26 17
35 27 62
35 28 46
35 29 67
35 30 15
35 31 32
35 32 4
35 33 37
35 34 21
36 0 4
36 1 1
36 2 11
36 3 12
36 4 50
36 5 8
36 6 13
36 7 61
36 8 29
36 9 24
36 10 49
36 11 57
36 12 45
36 13 57
36 14 21
36 15 58
36 16 7
36 17 17
36 18 9
36 19 13
36 20 14
36 21 3
36 22 20
36 23 1
36 24 66
36 25 6
36 26 21
36 27 21
36 28 66
36 29 66
36 30 38
36 31 58
36 32 38
36 33 19
36 34 57
36 35 7
37 0 24
37 1 37
37 2 64
37 3 27
37 4 21
37 5 41
37 6 55
37 7 9
37 8 4
37 9 54
37 10 3
37 11 15
37 12 64
37 13 67
37 14 40
37 15 21
37 16 26
37 17 25
37 18 56
37 19 47
37 20 23
37 21 42
37 22 36
37 23 44
37 24 61
37 25 5
37 26 23
37 27 44
37 28 31
37 29 29
37 30 48
37 31 59
37 32 46
37 33 41
37 34 43
37 35 60
37 36 51
38 0 53
38 1 23
38 2 14
38 3 8
38 4 26
38 5 56
38 6 27
38 7 51
38 8 56
38 9 20
38 10 56
38 11 11
38 12 21
38 13 19
38 14 18
38 15 66
38 16 53
38 17 28
38 18 45
38 19 20
38 20 63
38 21 67
38 22 21
38 23 3
38 24 66
38 25 57
38 26 53
38 27 55
38 28 24
38 29 12
38 30 36
38 31 19
38 32 58
38 33 11
38 34 6
38 35 56
38 36 38
38 37 58
39 0 5
39 1 20
39 2 48
39 3 32
39 4 47
39 5 44
39 6 37
39 7 60
39 8 14
39 9 15
39 10 27
39 11 28
39 12 42
39 13 57
39 14 58
39 15 54
39 16 48
39 17 55
39 18 50
39 19 7
39 20 1
39 21 47
39 22 64
39 23 6
39 24 20
39 25 20
39 26 62
39 27 58
39 28 55
39 29 26
39 30 55
39 31 32
39 32 27
39 33 2
39 34 44
39 35 8
39 36 65
39 37 29
39 38 39
40 0 35
40 1 8
40 2 57
40 3 15
40 4 53
40 5 67
40 6 64
40 7 26
40 8 10
40 9 29
40 10 30
40 11 20
40 12 7
40 13 11
40 14 17
40 15 10
40 16 38
40 17 35
40 18 14
40 19 52
40 20 59
40 21 67
40 22 9
40 23 40
40 24 11
40 25 35
40 26 5
40 27 15
40 28 67
40 29 27
40 30 33
40 31 18
40 32 48
40 33 15
40 34 6
40 35 30
40 36 39
40 37 7
40 38 47
40 39 50
41 0 44
41 1 20
41 2 55
41 3 38
41 4 21
41 5 51
41 6 23
41 7 54
41 8 36
41 9 30
41 10 22
41 11 25
41 12 27
41 13 20
41 14 45
41 15 59
41 16 41
41 17 6
41 18 23
41 19 4
41 20 51
41 21 64
41 22 23
41 23 28
41 24 49
41 25 59
41 26 46
41 27 14
41 28 47
41 29 42
41 30 63
41 31 35
41 32 8
41 33 62
41 34 4
41 35 22
41 36 1
41 37 57
41 38 57
41 39 33
41 40 40
42 0 49
42 1 4
42 2 30
42 3 35
42 4 67
42 5 57
42 6 46
42 7 52
42 8 55
42 9 30
42 10 29
42 11 57
42 12 23
42 13 66
42 14 16
42 15 38
42 16 11
42 17 59
42 18 12
42 19 60
42 20 7
42 21 19
42 22 6
42 23 39
42 24 17
42 25 39
42 26 47
42 27 26
42 28 29
42 29 46
42 30 66
42 31 8
42 32 64
42 33 52
42 34 66
42 35 12
42 36 37
42 37 55
42 38 43
42 39 56
42 40 67
42 41 58
43 0 49
43 1 44
43 2 37
43 3 2
43 4 60
43 5 64
43 6 24
43 7 31
43 8 4
43 9 55
43 10 31
43 11 13
43 12 11
43 13 28
43 14 6
43 15 9
43 16 50
43 17 33
43 18 8
43 19 56
43 20 50
43 21 19
43 22 15
43 23 63
43 24 50
43 25 17
43 26 4
43 27 3
43 28 29
43 29 19
43 30 5
43 31 58
43 32 6
43 33 32
43 34 25
43 35 39
43 36 5
43 37 34
43 38 32
43 39 56
43 40 6
43 41 5
43 42 42
44 0 60
44 1 24
44 2 16
44 3 39
44 4 52
44 5 67
44 6 24
44 7 35
44 8 26
44 9 36
44 10 4
44 11 42
44 12 9
44 13 56
44 14 37
44 15 54
44 16 24
44 17 31
44 18 62
44 19 5
44 20 38
44 21 52
44 22 37
44 23 64
44 24 29
44 25 32
44 26 40
44 27 55
44 28 1
44 29 41
44 30 15
44 31 64
44 32 38
44 33 45
44 34 4
44 35 56
44 36 64
44 37 62
44 38 65
44 39 61
44 40 36
44 41 59
44 42 19
44 43 55
45 0 4
45 1 17
45 2 60
45 3 58
45 4 65
45 5 16
45 6 63
45 7 17
45 8 66
45 9 57
45 10 7
45 11 19
45 12 66
45 13 25
45 14 33
45 15 35
45 16 43
45 17 40
45 18 53
45 19 53
45 20 16
45 21 4
45 22 15
45 23 25
45 24 35
45 25 35
45 26 21
45 27 45
45 28 43
45 29 45
45 30 44
45 31 34
45 32 39
45 33 22
45 34 4
45 35 36
45 36 35
45 37 3
45 38 60
45 39 38
45 40 5
45 41 43
45 42 27
45 43 51
45 44 21
46 0 8
46 1 25
46 2 2
46 3 3
46 4 13
46 5 25
46 6 3
46 7 59
46 8 64
46 9 34
46 10 45
46 11 52
46 12 55
46 13 28
46 14 57
46 15 18
46 16 41
46 17 54
46 18 2
46 19 50
46 20 25
46 21 61
46 22 64
46 23 5
46 24 23
46 25 50
46 26 13
46 27 48
46 28 17
46 29 50
46 30 49
46 31 14
46 32 46
46 33 20
46 34 45
46 35 19
46 36 13
46 37 39
46 38 45
46 39 30
46 40 54
46 41 8
46 42 52
46 43 31
46 44 29
46 45 24
47 0 47
47 1 14
47 2 56
47 3 19
47 4 58
47 5 57
47 6 6
47 7 25
47 8 36
47 9 13
47 10 28
47 11 64
47 12 6
47 13 54
47 14 12
47 15 33
47 16 66
47 17 14
47 18 13
47 19 23
47 20 13
47 21 9
47 22 44
47 23 9
47 24 17
47 25 57
47 26 37
47 27 47
47 28 48
47 29 57
47 30 3
47 31 22
47 32 14
47 33 33
47 34 23
47 35 43
47 36 8
47 37 30
47 38 14
47 39 30
47 40 42
47 41 64
47 42 54
47 43 27
47 44 35
47 45 16
47 46 50
48 0 10
48 1 21
48 2 40
48 3 31
48 4 35
48 5 19
48 6 11
48 7 24
48 8 58
48 9 31
48 10 4
48 11 17
48 12 29
48 13 8
48 14 48
48 15 1
48 16 41
48 17 41
48 18 28
48 19 42
48 20 28
48 21 12
48 22 24
48 23 66
48 24 21
48 25 59
48 26 65
48 27 61
48 28 35
48 29 41
48 30 63
48 31 44
48 32 23
48 33 4
48 34 32
48 35 35
48 36 61
48 37 4
48 38 49
48 39 25
48 40 52
48 41 44
48 42 8
48 43 35
48 44 67
48 45 45
48 46 29
48 47 56
49 0 47
49 1 62
49 2 42
49 3 11
49 4 13
49 5 5
49 6 49
49 7 45
49 8 18
49 9 64
49 10 27
49 11 33
49 12 20
49 13 53
49 14 63
49 15 40
49 16 59
49 17 38
49 18 53
49 19 9
49 20 41
49 21 45
49 22 2
49 23 38
49 24 1
49 25 24
49 26 7
49 27 10
49 28 45
49 29 51
49 30 61
49 31 47
49 32 16
49 33 35
49 34 7
49 35 60
49 36 41
49 37 12
49 38 6
49 39 11
49 40 57
49 41 62
49 42 6
49 43 14
49 44 18
49 45 30
49 46 23
49 47 45
49 48 52
50 0 55
50 1 20
50 2 25
50 3 55
50 4 53
50 5 9
50 6 13
50 7 65
50 8 55
50 9 18
50 10 36
50 11 19
50 12 58
50 13 50
50 14 4
50 15 6
50 16 41
50 17 15
50 18 57
50 19 29
50 20 41
50 21 19
50 22 28
50 23 54
50 24 58
50 25 28
50 26 8
50 27 38
50 28 25
50 29 30
50 30 1
50 31 18
50 32 61
50 33 48
50 34 6
50 35 56
50 36 9
50 37 67
50 38 22
50 39 17
50 40 38
50 41 67
50 42 20
50 43 20
50 44 14
50 45 10
50 46 6
50 47 26
50 48 51
50 49 49
51 0 42
51 1 35
51 2 55
51 3 43
51 4 3
51 5 8
51 6 22
51 7 33
51 8 18
51 9 1
51 10 20
51 11 46
51 12 17
51 13 59
51 14 37
51 15 43
51 16 32
51 17 9
51 18 3
51 19 35
51 20 33
51 21 52
51 22 60
51 23 56
51 24 53
51 25 57
51 26 14
51 27 3
51 28 16
51 29 36
51 30 35
51 31 57
51 32 62
51 33 62
51 34 10
51 35 61
51 36 55
51 37 7
51 38 66
51 39 9
51 40 12
51 41 4
51 42 31
51 43 46
51 44 5
51 45 28
51 46 45
51 47 43
51 48 42
51 49 22
51 50 64
52 0 37
52 1 8
52 2 49
52 3 26
52 4 39
52 5 39
52 6 49
52 7 3
52 8 3
52 9 56
52 10 17
52 11 55
52 12 18
52 13 4
52 14 59
52 15 19
52 16 19
52 17 18
52 18 26
52 19 3
52 20 55
52 21 27
52 22 57
52 23 10
52 24 22
52 25 51
52 26 1
52 27 61
52 28 19
52 29 67
52 30 19
52 31 65
52 32 63
52 33 10
52 34 44
52 35 36
52 36 18
52 37 5
52 38 31
52 39 14
52 40 36
52 41 34
52 42 42
52 43 41
52 44 10
52 45 36
52 46 56
52 47 58
52 48 35
52 49 6
52 50 61
52 51 55
53 0 59
53 1 3
53 2 19
53 3 12
53 4 51
53 5 48
53 6 12
53 7 9
53 8 8
53 9 2
53 10 3
53 11 25
53 12 38
53 13 32
53 14 32
53 15 10
53 16 11
53 17 65
53 18 23
53 19 66
53 20 46
53 21 54
53 22 6
53 23 22
53 24 16
53 25 38
53 26 34
53 27 66
53 28 58
53 29 52
53 30 4
53 31 19
53 32 25
53 33 17
53 34 2
53 35 28
53 36 27
53 37 67
53 38 54
53 39 66
53 40 52
53 41 37
53 42 66
53 43 12
53 44 22
53 45 38
53 46 33
53 47 65
53 48 62
53 49 52
53 50 26
53 51 1
53 52 30
54 0 44
54 1 33
54 2 31
54 3 54
54 4 39
54 5 59
54 6 45
54 7 10
54 8 8
54 9 40
54 10 40
54 11 13
54 12 57
54 13 35
54 14 28
54 15 3
54 16 54
54 17 14
54 18 30
54 19 66
54 20 32
54 21 51
54 22 43
54 23 16
54 24 62
54 25 29
54 26 13
54 27 31
54 28 30
54 29 31
54 30 55
54 31 44
54 32 64
54 33 9
54 34 6
54 35 50
54 36 52
54 37 20
54 38 35
54 39 56
54 40 49
54 41 49
54 42 40
54 43 7
54 44 51
54 45 4
54 46 55
54 47 53
54 48 6
54 49 11
54 50 20
54 51 37
54 52 13
54 53 24
55 0 53
55 1 29
55 2 43
55 3 35
55 4 64
55 5 8
55 6 55
55 7 19
55 8 23
55 9 67
55 10 4
55 11 51
55 12 24
55 13 37
55 14 42
55 15 27
55 16 11
55 17 65
55 18 40
55 19 11
55 20 25
55 21 51
55 22 40
55 23 50
55 24 66
55 25 11
55 26 3
55 27 63
55 28 48
55 29 29
55 30 11
55 31 8
55 32 65
55 33 13
55 34 65
55 35 30
55 36 61
55 37 41
55 38 10
55 39 28
55 40 31
55 41 4
55 42 25
55 43 43
55 44 5
55 45 29
55 46 31
55 47 17
55 48 53
55 49 20
55 50 39
55 51 7
55 52 52
55 53 47
55 54 12
56 0 42
56 1 30
56 2 6
56 3 41
56 4 20
56 5 51
56 6 51
56 7 28
56 8 54
56 9 24
56 10 63
56 11 53
56 12 29
56 13 51
56 14 6
56 15 47
56 16 22
56 17 35
56 18 25
56 19 54
56 20 39
56 21 14
56 22 14
56 23 64
56 24 21
56 25 47
56 26 17
56 27 65
56 28 20
56 29 65
56 30 31
56 31 5
56 32 42
56 33 34
56 34 65
56 35 4
56 36 37
56 37 62
56 38 61
56 39 11
56 40 39
56 41 35
56 42 24
56 43 11
56 44 17
56 45 51
56 46 12
56 47 15
56 48 30
56 49 60
56 50 31
56 51 22
56 52 62
56 53 29
56 54 33
56 55 44
57 0 31
57 1 57
57 2 65
57 3 1
57 4 4
57 5 63
57 6 34
57 7 7
57 8 43
57 9 48
57 10 45
57 11 31
57 12 42
57 13 47
57 14 30
57 15 13
57 16 6
57 17 62
57 18 23
57 19 61
57 20 19
57 21 17
57 22 1
57 23 34
57 24 10
57 25 32
57 26 53
57 27 36
57 28 43
57 29 43
57 30 42
57 31 36
57 32 7
57 33 24
57 34 26
57 35 30
57 36 21
57 37 2
57 38 24
57 39 62
57 40 37
57 41 31
57 42 39
57 43 21
57 44 2
57 45 1
57 46 14
57 47 36
57 48 29
57 49 32
57 50 6
57 51 4
57 52 33
57 53 14
57 54 14
57 55 60
57 56 54
58 0 16
58 1 62
58 2 10
58 3 20
58 4 32
58 5 48
58 6 35
58 7 6
58 8 3
58 9 12
58 10 67
58 11 40
58 12 32
58 13 36
58 14 32
58 15 16
58 16 29
58 17 42
58 18 65
58 19 61
58 20 59
58 21 25
58 22 61
58 23 20
58 24 3
58 25 3
58 26 30
58 27 35
58 28 52
58 29 66
58 30 59
58 31 55
58 32 50
58 33 30
58 34 38
58 35 10
58 36 60
58 37 48
58 38 2
58 39 58
58 40 63
58 41 59
58 42 66
58 43 11
58 44 64
58 45 45
58 46 39
58 47 43
58 48 14
58 49 22
58 50 14
58 51 7
58 52 54
58 53 27
58 54 18
58 55 57
58 56 66
58 57 4
59 0 14
59 1 46
59 2 52
59 3 9
59 4 34
59 5 45
59 6 47
59 7 2
59 8 25
59 9 7
59 10 44
59 11 26
59 12 31
59 13 26
59 14 60
59 15 57
59 16 50
59 17 61
59 18 5
59 19 33
59 20 33
59 21 51
59 22 50
59 23 54
59 24 54
59 25 10
59 26 31
59 27 11
59 28 26
59 29 58
59 30 48
59 31 20
59 32 23
59 33 2
59 34 17
59 35 3
59 36 3
59 37 60
59 38 32
59 39 33
59 40 58
59 41 55
59 42 60
59 43 29
59 44 53
59 45 18
59 46 66
59 47 24
59 48 20
59 49 33
59 50 64
59 51 57
59 52 22
59 53 47
59 54 63
59 55 54
59 56 1
59 57 21
59 58 4
60 0 60
60 1 22
60 2 52
60 3 11
60 4 24
60 5 12
60 6 20
60 7 1
60 8 54
60 9 27
60 10 13
60 11 41
60 12 55
60 13 42
60 14 48
60 15 41
60 16 27
60 17 3
60 18 47
60 19 12
60 20 38
60 21 49
60 22 21
60 23 47
60 24 52
60 25 48
60 26 49
60 27 9
60 28 52
60 29 5
60 30 42
60 31 1
60 32 17
60 33 64
60 34 39
60 35 27
60 36 15
60 37 1
60 38 3
60 39 9
60 40 10
60 41 52
60 42 25
60 43 26
60 44 10
60 45 67
60 46 64
60 47 16
60 48 55
60 49 59
60 50 38
60 51 51
60 52 40
60 53 58
60 54 37
60 55 1
60 56 32
60 57 16
60 58 18
60 59 46
61 0 57
61 1 56
61 2 63
61 3 28
61 4 24
61 5 38
61 6 2
61 7 7
61 8 27
61 9 36
61 10 43
61 11 36
61 12 36
61 13 4
61 14 32
61 15 24
61 16 57
61 17 44
61 18 35
61 19 9
61 20 11
61 21 5
61 22 30
61 23 60
61 24 34
61 25 46
61 26 17
61 27 42
61 28 29
61 29 2
61 30 63
61 31 31
61 32 60
61 33 14
61 34 60
61 35 38
61 36 56
61 37 22
61 38 36
61 39 6
61 40 55
61 41 29
61 42 17
61 43 29
61 44 12
61 45 31
61 46 49
61 47 56
61 48 37
61 49 11
61 50 19
61 51 11
61 52 63
61 53 4
61 54 42
61 55 15
61 56 29
61 57 62
61 58 18
61 59 62
61 60 23
62 0 16
62 1 39
62 2 24
62 3 36
62 4 49
62 5 3
62 6 32
62 7 54
62 8 57
62 9 18
62 10 59
62 11 67
62 12 59
62 13 64
62 14 64
62 15 4
62 16 67
62 17 41
62 18 31
62 19 11
62 20 27
62 21 64
62 22 13
62 23 45
62 24 34
62 25 10
62 26 19
62 27 31
62 28 39
62 29 24
62 30 27
62 31 15
62 32 42
62 33 22
62 34 60
62 35 14
62 36 4
62 37 53
62 38 33
62 39 64
62 40 46
62 41 11
62 42 14
62 43 64
62 44 5
62 45 47
62 46 44
62 47 65
62 48 2
62 49 59
62 50 50
62 51 60
62 52 15
62 53 10
62 54 42
62 55 63
62 56 52
62 57 57
62 58 8
62 59 57
62 60 32
62 61 13
63 0 18
63 1 27
63 2 4
63 3 39
63 4 47
63 5 12
63 6 40
63 7 32
63 8 49
63 9 36
63 10 63
63 11 65
63 12 37
63 13 21
63 14 52
63 15 25
63 16 66
63 17 37
63 18 54
63 19 41
63 20 38
63 21 20
63 22 59
63 23 29
63 24 62
63 25 30
63 26 35
63 27 27
63 28 52
63 29 58
63 30 47
63 31 27
63 32 59
63 33 38
63 34 2
63 35 6
63 36 2
63 37 37
63 38 58
63 39 27
63 40 44
63 41 29
63 42 45
63 43 18
63 44 45
63 45 22
63 46 59
63 47 56
63 48 59
63 49 19
63 50 65
63 51 16
63 52 46
63 53 21
63 54 44
63 55 24
63 56 13
63 57 67
63 58 12
63 59 20
63 60 58
63 61 65
63 62 18
64 0 38
64 1 27
64 2 54
64 3 16
64 4 63
64 5 22
64 6 23
64 7 15
64 8 58
64 9 39
64 10 11
64 11 38
64 12 32
64 13 9
64 14 60
64 15 57
64 16 63
64 17 21
64 18 39
64 19 9
64 20 34
64 21 25
64 22 19
64 23 19
64 24 30
64 25 42
64 26 40
64 27 33
64 28 61
64 29 4
64 30 50
64 31 36
64 32 19
64 33 13
64 34 39
64 35 5
64 36 42
64 37 50
64 38 32
64 39 16
64 40 9
64 41 17
64 42 62
64 43 24
64 44 63
64 45 59
64 46 38
64 47 23
64 48 37
64 49 49
64 50 53
64 51 25
64 52 43
64 53 54
64 54 65
64 55 38
64 56 18
64 57 7
64 58 25
64 59 7
64 60 37
64 61 44
64 62 66
64 63 55
