41
1 0 26
2 0 35
2 1 10
3 0 16
4 0 7
4 3 30
5 0 2
5 3 30
6 0 35
6 1 19
6 5 25
7 0 12
7 4 16
7 5 7
7 6 28
8 1 20
8 5 34
8 6 27
9 4 11
9 5 30
9 7 10
9 8 22
10 0 9
10 3 13
10 6 24
10 7 3
10 8 22
11 3 31
11 4 28
11 7 11
11 8 17
11 9 37
11 10 7
12 0 35
12 10 7
12 11 21
13 0 15
13 2 10
13 5 27
13 7 16
13 9 12
13 10 13
14 2 15
14 5 15
14 6 19
14 7 26
14 8 22
14 9 28
14 10 2
14 12 7
14 13 20
15 0 7
15 3 19
15 4 11
15 5 8
15 6 5
15 7 7
15 8 28
15 9 23
15 10 21
15 11 26
15 14 22
16 1 22
16 2 35
16 3 19
16 4 25
16 5 31
16 9 12
16 12 10
16 13 24
16 14 4
16 15 34
17 0 28
17 2 26
17 5 6
17 6 20
17 9 22
17 10 33
17 11 30
17 12 17
17 13 20
17 16 16
18 0 35
18 1 20
18 4 23
18 5 37
18 6 28
18 8 9
18 10 1
18 13 19
18 14 9
18 15 21
19 4 6
19 5 8
19 6 13
19 7 9
19 8 20
19 10 1
19 12 16
19 13 4
19 15 26
19 17 19
20 2 10
20 6 1
20 7 8
20 8 17
20 11 7
20 12 2
20 15 29
20 16 2
20 17 16
20 19 28
21 0 4
21 2 8
21 5 14
21 6 27
21 7 1
21 9 24
21 10 18
21 16 13
21 18 2
21 19 30
21 20 34
22 0 34
22 10 17
22 13 20
22 15 36
22 16 6
22 20 20
23 2 1
23 4 16
23 5 16
23 8 25
23 11 29
23 12 34
23 14 37
23 15 12
23 16 8
23 17 27
23 19 12
24 0 20
24 1 16
24 2 36
24 5 17
24 6 2
24 7 1
24 8 12
24 12 10
24 13 4
24 14 35
24 15 18
24 16 36
24 17 3
24 18 18
24 20 28
24 21 25
24 22 10
24 23 5
25 2 17
25 5 10
25 6 8
25 9 21
25 10 28
25 11 33
25 12 37
25 13 9
25 15 35
25 19 1
25 20 32
25 22 37
25 23 31
25 24 25
26 3 35
26 6 30
26 10 30
26 12 17
26 16 29
26 19 37
26 21 11
26 22 33
27 3 16
27 5 15
27 6 21
27 7 33
27 8 21
27 9 15
27 10 24
27 12 15
27 15 18
27 16 30
27 18 33
27 19 15
27 21 34
27 22 26
27 23 23
27 25 22
27 26 31
28 0 1
28 1 33
28 2 26
28 7 3
28 8 20
28 9 11
28 10 8
28 11 1
28 13 9
28 17 7
28 20 20
28 21 12
28 22 33
28 23 11
28 24 37
28 27 1
29 0 29
29 1 19
29 2 10
29 3 1
29 4 37
29 5 35
29 7 25
29 8 30
29 10 23
29 13 33
29 14 19
29 15 4
29 20 22
29 25 35
29 27 36
30 0 32
30 1 15
30 3 8
30 4 21
30 8 24
30 9 28
30 11 24
30 14 24
30 15 23
30 17 28
30 18 30
30 22 29
30 27 12
30 28 19
31 0 35
31 3 16
31 4 33
31 5 16
31 8 24
31 9 7
31 10 16
31 13 34
31 14 5
31 19 12
31 20 37
31 23 5
31 24 16
31 25 22
31 26 21
31 27 13
31 29 25
32 0 19
32 5 11
32 6 7
32 7 30
32 8 16
32 11 35
32 19 17
32 20 24
32 21 32
32 22 13
32 24 6
32 29 22
32 31 23
33 1 31
33 5 27
33 8 18
33 9 31
33 10 5
33 11 21
33 12 4
33 13 9
33 15 21
33 21 33
33 25 26
33 26 34
33 27 7
33 28 24
33 29 16
34 0 23
34 1 10
34 4 27
34 6 7
34 7 34
34 8 22
34 11 16
34 14 12
34 16 23
34 17 26
34 18 30
34 19 9
34 20 11
34 21 5
34 24 11
34 25 33
34 26 13
34 27 12
34 31 1
35 1 31
35 2 27
35 14 35
35 15 26
35 16 35
35 21 17
35 22 26
35 24 15
35 28 35
35 29 20
35 32 29
36 0 4
36 5 10
36 8 27
36 9 18
36 13 20
36 14 19
36 16 3
36 17 5
36 19 26
36 20 24
36 23 8
36 25 9
36 26 16
36 27 29
36 28 19
36 30 4
37 0 2
37 2 31
37 5 21
37 6 13
37 7 13
37 8 33
37 10 17
37 11 24
37 14 13
37 15 22
37 16 12
37 17 23
37 18 24
37 19 26
37 20 17
37 22 17
37 24 8
37 25 34
37 26 21
37 27 25
37 29 28
37 31 23
37 33 37
37 36 31
38 0 11
38 3 4
38 6 19
38 9 1
38 10 28
38 11 14
38 12 4
38 16 17
38 18 9
38 20 18
38 21 13
38 24 28
38 25 6
38 29 27
38 30 1
38 32 19
38 33 28
38 35 20
39 0 20
39 1 12
39 3 36
39 5 3
39 7 8
39 8 27
39 10 3
39 12 34
39 16 29
39 17 25
39 20 36
39 21 5
39 23 15
39 25 26
39 27 2
39 29 34
39 30 7
39 31 29
39 33 18
39 38 21
40 5 29
40 7 20
40 15 16
40 16 30
40 17 25
40 18 21
40 22 13
40 27 26
40 29 10
40 30 5
40 32 13
40 33 25
40 37 27
40 38 16
40 39 6
