51
1 0 50
3 0 16
3 1 28
4 0 60
4 1 15
4 2 60
4 3 66
5 2 17
6 0 17
6 2 10
6 3 67
6 4 14
7 0 5
7 3 51
7 6 1
8 1 22
8 2 57
8 5 18
8 6 51
9 0 46
9 2 36
9 4 28
9 6 45
9 7 66
10 2 8
10 4 6
10 5 54
10 6 36
10 7 22
10 8 63
10 9 16
11 0 30
11 2 5
11 3 59
11 5 66
11 6 22
11 8 65
11 9 58
11 10 36
12 0 3
12 2 58
12 3 7
12 6 50
12 7 33
12 10 65
12 11 55
13 0 5
13 1 39
13 2 25
13 4 14
13 5 31
13 7 57
13 10 7
14 2 10
14 3 45
14 4 48
14 6 24
14 7 9
14 8 46
14 9 11
14 10 35
14 11 19
14 12 3
15 2 9
15 5 17
15 7 63
15 9 28
15 10 20
15 13 51
15 14 41
16 0 32
16 2 32
16 4 59
16 8 60
16 9 11
16 10 22
16 11 64
16 13 46
17 3 42
17 6 44
17 7 25
17 11 52
17 13 61
17 14 23
17 15 31
17 16 12
18 2 11
18 5 39
18 8 65
18 9 63
18 10 38
18 13 37
18 17 40
19 0 4
19 1 18
19 2 22
19 3 9
19 4 28
19 5 59
19 11 49
19 12 17
19 15 46
19 17 9
19 18 3
20 0 24
20 1 39
20 2 17
20 6 21
20 7 31
20 8 49
20 9 59
20 10 44
20 11 28
20 13 60
20 14 32
20 17 10
20 18 57
20 19 54
21 0 50
21 2 12
21 3 34
21 4 31
21 5 50
21 9 32
21 10 53
21 11 22
21 12 23
21 14 24
21 15 24
21 16 4
21 18 62
22 1 62
22 2 30
22 3 34
22 4 7
22 6 15
22 8 39
22 10 31
22 12 1
22 14 28
22 17 67
22 18 48
22 21 8
23 0 62
23 1 13
23 5 6
23 7 14
23 8 50
23 9 20
23 10 19
23 12 12
23 17 2
23 19 50
24 1 23
24 4 14
24 5 19
24 6 21
24 7 24
24 8 67
24 9 8
24 11 10
24 12 16
24 14 43
24 15 39
24 16 67
24 17 62
24 20 3
24 22 49
24 23 6
25 0 4
25 1 64
25 7 28
25 9 40
25 10 52
25 14 12
25 16 16
25 17 46
25 18 5
25 22 41
25 24 43
26 0 50
26 2 50
26 4 57
26 8 23
26 11 64
26 12 45
26 13 66
26 14 17
26 17 37
26 19 8
26 22 8
26 23 52
26 25 55
27 0 26
27 2 23
27 3 65
27 4 31
27 7 61
27 8 46
27 12 14
27 17 65
27 18 1
27 22 38
28 3 53
28 4 66
28 5 44
28 6 50
28 9 15
28 10 44
28 13 49
28 15 22
28 16 52
28 17 1
28 19 59
28 20 64
28 22 31
28 24 43
28 26 8
28 27 40
29 1 48
29 5 60
29 7 64
29 8 53
29 11 24
29 12 10
29 18 57
29 19 24
29 21 58
29 22 13
29 23 65
29 24 66
29 27 39
29 28 15
30 0 14
30 1 46
30 3 60
30 6 2
30 7 19
30 8 53
30 11 43
30 12 15
30 15 50
30 18 15
30 19 50
30 21 24
30 22 52
30 24 5
30 27 10
30 28 51
30 29 63
31 2 58
31 3 21
31 6 45
31 8 4
31 10 49
31 13 65
31 14 8
31 15 50
31 17 66
31 19 38
31 21 7
31 24 49
31 26 54
31 29 44
32 0 43
32 2 11
32 3 45
32 9 38
32 15 19
32 16 67
32 18 44
32 20 43
32 21 48
32 22 28
32 23 32
32 26 22
32 28 33
32 29 28
33 0 9
33 2 25
33 5 44
33 11 18
33 16 26
33 17 58
33 18 10
33 19 16
33 20 57
33 22 35
33 27 64
33 28 53
33 29 20
34 0 9
34 1 54
34 2 40
34 4 21
34 7 62
34 8 12
34 9 33
34 10 37
34 11 66
34 13 2
34 22 32
34 25 64
34 28 33
34 30 2
34 31 48
34 33 11
35 8 1
35 9 47
35 10 26
35 14 61
35 16 61
35 17 42
35 20 49
35 21 67
35 23 19
35 25 59
35 26 34
35 27 20
35 28 46
35 32 43
35 34 5
36 0 61
36 2 16
36 3 32
36 5 1
36 6 44
36 7 40
36 9 11
36 10 46
36 15 43
36 16 10
36 17 11
36 18 26
36 19 13
36 21 12
36 25 35
36 26 38
36 27 65
36 28 40
36 29 9
36 31 34
36 32 1
36 33 20
36 35 24
37 5 63
37 6 20
37 8 3
37 9 33
37 10 23
37 13 4
37 14 64
37 15 30
37 16 13
37 17 3
37 19 60
37 23 13
37 25 19
37 27 2
37 28 25
37 29 52
37 31 22
37 33 57
37 35 47
38 0 32
38 1 45
38 7 7
38 8 21
38 9 39
38 10 34
38 11 64
38 15 45
38 16 40
38 17 57
38 18 60
38 19 23
38 21 35
38 23 32
38 24 9
38 25 15
38 26 65
38 27 55
38 28 27
38 29 58
38 30 53
38 31 20
38 34 16
38 35 26
38 37 40
39 0 18
39 1 48
39 3 4
39 7 60
39 8 29
39 12 47
39 13 24
39 17 45
39 18 27
39 20 54
39 21 7
39 23 52
39 25 41
39 30 66
39 32 40
39 33 56
39 36 23
39 37 36
40 0 4
40 1 20
40 3 29
40 4 6
40 5 53
40 7 60
40 10 56
40 12 42
40 13 14
40 14 48
40 17 67
40 22 22
40 23 50
40 24 58
40 28 8
40 30 58
40 31 54
40 32 45
40 35 20
40 36 65
41 0 3
41 2 46
41 5 21
41 6 66
41 7 44
41 8 6
41 9 39
41 10 22
41 11 59
41 13 30
41 14 61
41 15 50
41 16 8
41 18 1
41 20 19
41 22 43
41 23 11
41 25 7
41 28 10
41 30 28
41 31 67
41 32 44
41 33 10
41 34 56
41 36 58
41 37 16
41 40 41
42 3 30
42 5 64
42 7 31
42 9 61
42 14 18
42 15 15
42 18 23
42 19 17
42 21 37
42 22 43
42 23 19
42 24 47
42 25 16
42 29 44
42 30 18
42 31 56
42 32 23
42 33 4
42 37 48
42 41 58
43 0 34
43 1 44
43 3 12
43 4 7
43 7 29
43 10 15
43 11 16
43 12 31
43 13 45
43 17 41
43 18 39
43 21 27
43 23 64
43 24 8
43 27 4
43 31 25
43 32 66
43 33 2
43 35 57
43 36 18
43 42 42
44 0 28
44 1 10
44 2 57
44 3 9
44 6 11
44 8 67
44 10 67
44 11 14
44 12 55
44 13 22
44 17 24
44 18 5
44 19 50
44 21 32
44 28 49
44 37 23
44 38 67
44 39 64
44 42 22
44 43 15
45 3 64
45 4 22
45 5 61
45 7 20
45 10 63
45 11 40
45 19 24
45 20 11
45 22 43
45 26 8
45 27 43
45 28 41
45 29 35
45 30 63
45 31 37
45 33 67
45 36 23
45 38 16
45 42 4
46 0 44
46 1 59
46 2 32
46 4 20
46 5 32
46 6 28
46 7 7
46 8 41
46 10 63
46 11 41
46 14 55
46 15 10
46 16 15
46 18 58
46 19 60
46 20 33
46 21 30
46 22 58
46 24 21
46 25 14
46 26 9
46 27 41
46 29 18
46 35 61
46 38 60
46 39 12
46 40 65
46 41 19
46 44 24
46 45 42
47 0 55
47 2 19
47 4 24
47 5 58
47 8 49
47 9 20
47 10 58
47 15 36
47 20 14
47 22 29
47 24 59
47 26 44
47 27 52
47 28 64
47 29 19
47 30 22
47 32 36
47 34 58
47 36 51
47 40 11
47 41 40
47 42 43
47 43 26
47 45 17
47 46 50
48 2 66
48 3 64
48 4 38
48 6 34
48 12 18
48 13 38
48 14 48
48 18 34
48 19 11
48 20 47
48 22 43
48 27 35
48 28 61
48 30 38
48 31 15
48 35 54
48 36 19
48 40 39
48 41 29
48 43 10
48 44 18
48 46 17
49 0 20
49 2 2
49 4 11
49 5 33
49 8 38
49 11 21
49 13 59
49 18 15
49 19 53
49 21 12
49 24 11
49 26 6
49 27 50
49 28 65
49 31 34
49 33 5
49 36 18
49 37 58
49 38 27
49 41 25
49 48 25
50 0 65
50 1 54
50 2 19
50 3 65
50 5 30
50 7 19
50 9 8
50 11 8
50 13 33
50 14 21
50 17 58
50 18 18
50 19 12
50 20 30
50 21 42
50 24 27
50 29 48
50 30 1
50 33 63
50 37 54
50 40 53
50 42 15
50 43 7
50 45 21
50 46 41
50 48 46
50 49 1
