26
1 0 18
2 0 17
2 1 30
3 0 5
3 1 30
3 2 4
4 0 22
4 1 29
4 2 14
4 3 13
5 0 14
5 1 8
5 2 30
5 3 18
5 4 26
6 0 32
6 1 24
6 2 27
6 3 15
6 4 31
6 5 19
7 0 24
7 1 20
7 2 21
7 3 27
7 4 35
7 5 30
7 6 18
8 0 23
8 1 19
8 2 6
8 3 15
8 4 10
8 5 20
8 6 6
8 7 4
9 0 12
9 1 33
9 2 23
9 3 28
9 4 5
9 5 26
9 6 28
9 7 16
9 8 19
10 0 4
10 1 23
10 2 21
10 3 4
10 4 1
10 5 9
10 6 34
10 7 1
10 8 22
10 9 10
11 0 4
11 1 29
11 2 14
11 3 22
11 4 3
11 5 7
11 6 3
11 7 14
11 8 9
11 9 7
11 10 33
12 0 32
12 1 12
12 2 20
12 3 17
12 4 28
12 5 8
12 6 6
12 7 32
12 8 16
12 9 32
12 10 23
12 11 18
13 0 11
13 1 19
13 2 32
13 3 13
13 4 12
13 5 31
13 6 30
13 7 11
13 8 21
13 9 11
13 10 18
13 11 6
13 12 35
14 0 3
14 1 27
14 2 5
14 3 19
14 4 30
14 5 35
14 6 18
14 7 20
14 8 13
14 9 11
14 10 22
14 11 30
14 12 30
14 13 22
15 0 1
15 1 23
15 2 26
15 3 10
15 4 33
15 5 35
15 6 19
15 7 1
15 8 1
15 9 26
15 10 33
15 11 33
15 12 15
15 13 9
15 14 23
16 0 6
16 1 27
16 2 31
16 3 21
16 4 29
16 5 5
16 6 11
16 7 8
16 8 8
16 9 16
16 10 16
16 11 2
16 12 20
16 13 3
16 14 32
16 15 7
17 0 19
17 1 21
17 2 26
17 3 29
17 4 9
17 5 6
17 6 35
17 7 4
17 8 7
17 9 31
17 10 24
17 11 15
17 12 13
17 13 26
17 14 30
17 15 7
17 16 32
18 0 16
18 1 27
18 2 5
18 3 16
18 4 7
18 5 30
18 6 28
18 7 12
18 8 32
18 9 21
18 10 4
18 11 20
18 12 29
18 13 11
18 14 9
18 15 24
18 16 8
18 17 2
19 0 7
19 1 3
19 2 28
19 3 23
19 4 1
19 5 2
19 6 31
19 7 29
19 8 9
19 9 18
19 10 23
19 11 27
19 12 5
19 13 29
19 14 29
19 15 21
19 16 7
19 17 24
19 18 24
20 0 33
20 1 2
20 2 23
20 3 13
20 4 31
20 5 20
20 6 30
20 7 24
20 8 25
20 9 31
20 10 30
20 11 2
20 12 34
20 13 24
20 14 5
20 15 34
20 16 12
20 17 31
20 18 5
20 19 25
21 0 35
21 1 16
21 2 2
21 3 21
21 4 7
21 5 15
21 6 30
21 7 7
21 8 1
21 9 27
21 10 8
21 11 22
21 12 30
21 13 3
21 14 17
21 15 9
21 16 35
21 17 10
21 18 7
21 19 32
21 20 4
22 0 14
22 1 26
22 2 10
22 3 1
22 4 12
22 5 20
22 6 31
22 7 20
22 8 21
22 9 34
22 10 8
22 11 17
22 12 26
22 13 34
22 14 24
22 15 7
22 16 5
22 17 32
22 18 9
22 19 6
22 20 29
22 21 23
23 0 14
23 1 19
23 2 1
23 3 1
23 4 17
23 5 17
23 6 22
23 7 29
23 8 22
23 9 31
23 10 2
23 11 1
23 12 25
23 13 31
23 14 34
23 15 13
23 16 7
23 17 34
23 18 33
23 19 1
23 20 1
23 21 33
23 22 32
24 0 22
24 1 8
24 2 26
24 3 4
24 4 34
24 5 20
24 6 31
24 7 34
24 8 16
24 9 7
24 10 21
24 11 23
24 12 19
24 13 1
24 14 30
24 15 30
24 16 9
24 17 15
24 18 29
24 19 24
24 20 12
24 21 10
24 22 10
24 23 28
25 0 16
25 1 25
25 2 12
25 3 2
25 4 27
25 5 35
25 6 14
25 7 19
25 8 26
25 9 8
25 10 23
25 11 18
25 12 32
25 13 3
25 14 26
25 15 30
25 16 32
25 17 18
25 18 10
25 19 31
25 20 9
25 21 10
25 22 17
25 23 23
25 24 15
