39
2 0 31
3 0 28
3 2 23
4 2 8
4 3 41
5 0 21
5 1 33
5 2 9
5 3 37
5 4 41
6 2 8
6 3 44
7 0 1
7 1 27
7 3 34
7 4 2
7 6 46
8 1 29
8 2 26
8 3 6
8 4 2
9 3 18
9 4 26
9 6 27
9 8 20
10 1 42
10 3 25
11 3 41
11 4 8
11 5 13
11 6 17
11 8 13
11 9 19
12 0 43
12 2 46
12 3 37
12 5 28
12 6 20
13 0 16
13 1 11
13 3 43
13 5 40
13 6 41
13 7 46
13 10 1
13 12 38
14 1 13
14 4 23
14 6 26
14 7 39
14 8 39
14 10 29
14 13 9
15 3 38
15 5 38
15 7 32
15 11 16
16 1 17
16 2 27
16 3 14
16 6 14
16 8 8
16 9 30
16 11 7
16 14 16
16 15 11
17 0 12
17 4 2
17 5 14
17 6 33
17 9 37
17 10 36
17 13 35
17 15 41
18 0 10
18 1 44
18 2 18
18 6 27
18 7 19
18 8 23
18 9 41
18 12 31
18 13 16
18 14 40
19 5 23
19 7 14
19 8 4
19 10 18
19 13 19
19 14 42
19 15 14
19 16 33
20 0 40
20 1 12
20 7 32
20 8 3
20 10 45
20 13 12
20 14 2
21 0 14
21 2 4
21 4 33
21 6 33
21 9 34
21 11 33
21 12 12
21 13 46
21 14 41
22 4 4
22 9 9
22 11 35
22 16 13
22 17 39
22 19 28
22 20 13
22 21 25
23 5 3
23 9 14
23 10 28
23 11 24
23 16 43
23 17 17
23 18 35
23 21 24
23 22 25
24 1 14
24 3 40
24 6 7
24 7 43
24 9 8
24 12 37
24 13 45
24 14 38
24 16 16
24 17 15
24 18 44
24 19 33
24 21 47
24 23 25
25 1 22
25 2 1
25 6 31
25 11 37
25 12 1
25 14 17
25 15 30
25 16 38
25 17 28
25 20 39
25 21 13
25 22 10
26 1 2
26 4 5
26 6 25
26 7 17
26 9 34
26 12 40
26 15 34
26 16 40
26 17 26
26 18 20
26 22 37
26 25 39
27 0 15
27 1 9
27 2 46
27 3 20
27 5 43
27 6 16
27 8 19
27 9 25
27 13 15
27 17 16
27 18 11
27 19 33
27 20 32
27 23 12
27 25 24
27 26 19
28 0 36
28 2 8
28 3 20
28 4 41
28 5 2
28 6 31
28 10 16
28 11 29
28 15 25
28 18 12
28 19 20
28 21 7
28 22 47
28 24 8
28 25 3
29 0 23
29 2 15
29 7 28
29 8 5
29 11 45
29 12 5
29 13 11
29 15 25
29 18 16
29 19 34
29 23 29
29 25 13
29 26 8
29 27 44
30 0 36
30 2 47
30 3 15
30 6 43
30 8 9
30 10 15
30 11 40
30 13 35
30 15 17
30 16 18
30 17 42
30 18 41
30 19 5
30 20 38
30 22 29
30 23 27
30 24 4
30 26 35
30 28 1
30 29 18
31 1 44
31 2 47
31 4 6
31 5 25
31 8 17
31 10 41
31 11 34
31 12 14
31 18 18
31 19 39
31 21 12
31 23 28
31 24 8
31 27 23
31 30 25
32 0 22
32 7 4
32 8 17
32 9 7
32 13 15
32 14 11
32 15 30
32 16 20
32 20 21
32 24 33
32 26 42
32 27 7
33 1 25
33 2 2
33 3 4
33 4 25
33 5 19
33 11 42
33 12 24
33 16 10
33 19 30
33 21 14
33 22 7
33 24 6
33 25 15
33 27 26
33 29 23
33 30 7
33 31 12
33 32 28
34 0 21
34 3 41
34 4 10
34 5 13
34 6 14
34 7 3
34 8 15
34 10 20
34 11 35
34 13 32
34 16 43
34 17 8
34 19 45
34 21 23
34 22 47
34 23 3
34 24 29
34 27 33
34 29 43
34 30 23
34 32 8
34 33 45
35 0 25
35 1 38
35 2 37
35 3 21
35 5 39
35 7 5
35 8 37
35 9 31
35 10 24
35 11 10
35 17 31
35 20 42
35 21 31
35 22 28
35 23 4
35 26 36
35 27 13
35 29 15
35 31 5
35 33 12
36 1 47
36 2 10
36 3 47
36 8 45
36 9 39
36 10 10
36 11 14
36 12 25
36 19 25
36 21 38
36 22 6
36 23 23
36 29 21
36 31 8
36 33 15
36 35 21
37 3 46
37 7 21
37 8 15
37 12 46
37 13 19
37 20 43
37 23 35
37 24 10
37 26 23
37 27 8
37 30 37
37 31 42
37 34 25
37 35 1
38 0 17
38 2 37
38 3 26
38 4 6
38 5 33
38 12 9
38 13 43
38 14 42
38 15 37
38 19 6
38 24 32
38 28 36
38 30 33
38 34 46
38 36 27
38 37 2
