62
1 0 14
2 0 4
2 1 22
3 0 27
3 1 7
3 2 13
4 0 23
4 1 10
4 2 19
4 3 20
5 0 14
5 1 21
5 2 24
5 3 17
5 4 4
6 0 17
6 1 21
6 2 16
6 3 14
6 4 19
6 5 21
7 0 3
7 1 10
7 2 11
7 3 12
7 4 14
7 5 27
7 6 27
8 0 10
8 1 13
8 2 15
8 3 4
8 4 17
8 5 10
8 6 14
8 7 3
9 0 10
9 1 10
9 2 13
9 3 18
9 4 25
9 5 2
9 6 23
9 7 8
9 8 7
10 0 10
10 1 1
10 2 4
10 3 4
10 4 14
10 5 27
10 6 1
10 7 9
10 8 14
10 9 9
11 0 16
11 1 22
11 2 25
11 3 8
11 4 25
11 5 8
11 6 27
11 7 19
11 8 19
11 9 17
11 10 20
12 0 22
12 1 12
12 2 4
12 3 4
12 4 17
12 5 10
12 6 26
12 7 1
12 8 15
12 9 8
12 10 9
12 11 19
13 0 14
13 1 7
13 2 14
13 3 19
13 4 5
13 5 15
13 6 19
13 7 16
13 8 10
13 9 7
13 10 16
13 11 26
13 12 15
14 0 12
14 1 19
14 2 19
14 3 9
14 4 2
14 5 25
14 6 17
14 7 16
14 8 17
14 9 15
14 10 12
14 11 26
14 12 9
14 13 24
15 0 20
15 1 4
15 2 19
15 3 26
15 4 27
15 5 21
15 6 5
15 7 8
15 8 1
15 9 1
15 10 18
15 11 22
15 12 15
15 13 6
15 14 8
16 0 20
16 1 18
16 2 6
16 3 21
16 4 14
16 5 7
16 6 23
16 7 7
16 8 7
16 9 21
16 10 8
16 11 14
16 12 2
16 13 27
16 14 3
16 15 16
17 0 22
17 1 13
17 2 14
17 3 20
17 4 24
17 5 2
17 6 9
17 7 25
17 8 23
17 9 11
17 10 23
17 11 5
17 12 16
17 13 13
17 14 8
17 15 24
17 16 21
18 0 23
18 1 5
18 2 19
18 3 26
18 4 11
18 5 23
18 6 6
18 7 20
18 8 15
18 9 16
18 10 11
18 11 19
18 12 27
18 13 8
18 14 16
18 15 24
18 16 26
18 17 26
19 0 7
19 1 16
19 2 12
19 3 22
19 4 12
19 5 3
19 6 26
19 7 5
19 8 13
19 9 19
19 10 14
19 11 16
19 12 22
19 13 16
19 14 13
19 15 11
19 16 18
19 17 9
19 18 9
20 0 26
20 1 2
20 2 10
20 3 8
20 4 9
20 5 10
20 6 17
20 7 9
20 8 6
20 9 13
20 10 23
20 11 18
20 12 17
20 13 24
20 14 22
20 15 18
20 16 20
20 17 27
20 18 12
20 19 13
21 0 16
21 1 26
21 2 15
21 3 4
21 4 12
21 5 18
21 6 3
21 7 24
21 8 23
21 9 3
21 10 20
21 11 23
21 12 13
21 13 6
21 14 1
21 15 11
21 16 5
21 17 18
21 18 2
21 19 23
21 20 21
22 0 9
22 1 1
22 2 2
22 3 17
22 4 11
22 5 17
22 6 19
22 7 8
22 8 9
22 9 10
22 10 14
22 11 9
22 12 5
22 13 25
22 14 11
22 15 7
22 16 3
22 17 4
22 18 27
22 19 3
22 20 19
22 21 21
23 0 18
23 1 12
23 2 21
23 3 2
23 4 25
23 5 14
23 6 19
23 7 2
23 8 20
23 9 24
23 10 14
23 11 25
23 12 27
23 13 16
23 14 1
23 15 3
23 16 25
23 17 2
23 18 27
23 19 9
23 20 20
23 21 7
23 22 4
24 0 21
24 1 8
24 2 10
24 3 7
24 4 4
24 5 20
24 6 8
24 7 21
24 8 17
24 9 23
24 10 27
24 11 24
24 12 8
24 13 14
24 14 2
24 15 19
24 16 6
24 17 16
24 18 6
24 19 24
24 20 6
24 21 21
24 22 15
24 23 17
25 0 27
25 1 19
25 2 25
25 3 19
25 4 18
25 5 6
25 6 15
25 7 18
25 8 2
25 9 1
25 10 22
25 11 22
25 12 3
25 13 9
25 14 24
25 15 10
25 16 12
25 17 22
25 18 16
25 19 24
25 20 17
25 21 1
25 22 23
25 23 17
25 24 14
26 0 27
26 1 1
26 2 5
26 3 8
26 4 17
26 5 20
26 6 3
26 7 19
26 8 14
26 9 19
26 10 13
26 11 1
26 12 21
26 13 12
26 14 16
26 15 12
26 16 7
26 17 26
26 18 14
26 19 3
26 20 9
26 21 7
26 22 19
26 23 12
26 24 24
26 25 14
27 0 17
27 1 22
27 2 14
27 3 23
27 4 19
27 5 27
27 6 15
27 7 24
27 8 5
27 9 5
27 10 27
27 11 7
27 12 15
27 13 24
27 14 8
27 15 3
27 16 4
27 17 15
27 18 4
27 19 2
27 20 1
27 21 4
27 22 10
27 23 15
27 24 9
27 25 8
27 26 5
28 0 18
28 1 11
28 2 14
28 3 12
28 4 18
28 5 21
28 6 12
28 7 18
28 8 22
28 9 18
28 10 20
28 11 6
28 12 16
28 13 1
28 14 10
28 15 17
28 16 27
28 17 18
28 18 9
28 19 16
28 20 8
28 21 9
28 22 11
28 23 8
28 24 8
28 25 23
28 26 19
28 27 22
29 0 8
29 1 19
29 2 18
29 3 12
29 4 2
29 5 20
29 6 2
29 7 4
29 8 15
29 9 4
29 10 14
29 11 2
29 12 2
29 13 24
29 14 12
29 15 20
29 16 19
29 17 16
29 18 11
29 19 1
29 20 8
29 21 24
29 22 22
29 23 3
29 24 23
29 25 26
29 26 16
29 27 19
29 28 10
30 0 18
30 1 18
30 2 9
30 3 19
30 4 24
30 5 17
30 6 24
30 7 20
30 8 26
30 9 22
30 10 9
30 11 21
30 12 23
30 13 6
30 14 14
30 15 9
30 16 24
30 17 8
30 18 20
30 19 15
30 20 17
30 21 25
30 22 20
30 23 23
30 24 21
30 25 18
30 26 17
30 27 14
30 28 12
30 29 22
31 0 21
31 1 22
31 2 9
31 3 16
31 4 8
31 5 21
31 6 7
31 7 2
31 8 1
31 9 4
31 10 14
31 11 14
31 12 7
31 13 1
31 14 17
31 15 25
31 16 6
31 17 8
31 18 11
31 19 20
31 20 2
31 21 26
31 22 4
31 23 6
31 24 14
31 25 9
31 26 10
31 27 21
31 28 18
31 29 24
31 30 1
32 0 4
32 1 23
32 2 3
32 3 3
32 4 16
32 5 23
32 6 1
32 7 14
32 8 26
32 9 6
32 10 18
32 11 13
32 12 22
32 13 11
32 14 23
32 15 7
32 16 20
32 17 2
32 18 20
32 19 23
32 20 10
32 21 3
32 22 25
32 23 16
32 24 3
32 25 18
32 26 10
32 27 6
32 28 5
32 29 13
32 30 8
32 31 27
33 0 26
33 1 21
33 2 17
33 3 1
33 4 7
33 5 11
33 6 2
33 7 27
33 8 4
33 9 3
33 10 14
33 11 16
33 12 25
33 13 18
33 14 8
33 15 17
33 16 10
33 17 1
33 18 27
33 19 11
33 20 14
33 21 1
33 22 14
33 23 8
33 24 19
33 25 9
33 26 3
33 27 25
33 28 1
33 29 12
33 30 14
33 31 25
33 32 15
34 0 25
34 1 5
34 2 3
34 3 10
34 4 21
34 5 8
34 6 26
34 7 7
34 8 17
34 9 9
34 10 22
34 11 13
34 12 20
34 13 22
34 14 4
34 15 26
34 16 10
34 17 25
34 18 14
34 19 2
34 20 4
34 21 18
34 22 14
34 23 6
34 24 22
34 25 5
34 26 7
34 27 6
34 28 10
34 29 16
34 30 5
34 31 1
34 32 19
34 33 2
35 0 19
35 1 21
35 2 14
35 3 1
35 4 24
35 5 8
35 6 19
35 7 4
35 8 9
35 9 12
35 10 9
35 11 27
35 12 2
35 13 20
35 14 24
35 15 16
35 16 27
35 17 11
35 18 27
35 19 22
35 20 1
35 21 21
35 22 21
35 23 11
35 24 15
35 25 7
35 26 19
35 27 18
35 28 24
35 29 2
35 30 18
35 31 18
35 32 19
35 33 1
35 34 3
36 0 24
36 1 21
36 2 14
36 3 2
36 4 27
36 5 2
36 6 15
36 7 14
36 8 11
36 9 16
36 10 27
36 11 7
36 12 4
36 13 10
36 14 1
36 15 24
36 16 23
36 17 3
36 18 27
36 19 13
36 20 15
36 21 22
36 22 27
36 23 25
36 24 17
36 25 12
36 26 17
36 27 25
36 28 7
36 29 24
36 30 7
36 31 10
36 32 23
36 33 9
36 34 9
36 35 26
37 0 23
37 1 24
37 2 11
37 3 24
37 4 7
37 5 10
37 6 18
37 7 8
37 8 13
37 9 6
37 10 12
37 11 1
37 12 20
37 13 26
37 14 2
37 15 9
37 16 3
37 17 7
37 18 12
37 19 18
37 20 26
37 21 20
37 22 24
37 23 8
37 24 23
37 25 3
37 26 26
37 27 19
37 28 26
37 29 10
37 30 23
37 31 2
37 32 6
37 33 22
37 34 5
37 35 27
37 36 9
38 0 15
38 1 6
38 2 5
38 3 4
38 4 9
38 5 21
38 6 20
38 7 12
38 8 1
38 9 10
38 10 20
38 11 6
38 12 11
38 13 15
38 14 4
38 15 17
38 16 11
38 17 21
38 18 20
38 19 24
38 20 20
38 21 20
38 22 8
38 23 1
38 24 25
38 25 21
38 26 2
38 27 5
38 28 10
38 29 9
38 30 14
38 31 16
38 32 8
38 33 11
38 34 25
38 35 27
38 36 3
38 37 22
39 0 25
39 1 18
39 2 4
39 3 4
39 4 23
39 5 6
39 6 8
39 7 26
39 8 9
39 9 17
39 10 3
39 11 2
39 12 14
39 13 5
39 14 21
39 15 2
39 16 14
39 17 14
39 18 21
39 19 7
39 20 20
39 21 25
39 22 23
39 23 9
39 24 17
39 25 4
39 26 23
39 27 2
39 28 9
39 29 3
39 30 21
39 31 14
39 32 7
39 33 15
39 34 1
39 35 16
39 36 13
39 37 17
39 38 2
40 0 23
40 1 10
40 2 1
40 3 21
40 4 24
40 5 12
40 6 12
40 7 6
40 8 6
40 9 2
40 10 6
40 11 15
40 12 16
40 13 8
40 14 16
40 15 18
40 16 19
40 17 4
40 18 23
40 19 27
40 20 24
40 21 18
40 22 12
40 23 19
40 24 27
40 25 9
40 26 15
40 27 7
40 28 8
40 29 15
40 30 21
40 31 24
40 32 16
40 33 19
40 34 16
40 35 3
40 36 18
40 37 10
40 38 10
40 39 9
41 0 23
41 1 12
41 2 6
41 3 27
41 4 26
41 5 19
41 6 7
41 7 11
41 8 12
41 9 26
41 10 7
41 11 7
41 12 6
41 13 16
41 14 19
41 15 17
41 16 5
41 17 6
41 18 6
41 19 23
41 20 7
41 21 11
41 22 20
41 23 14
41 24 18
41 25 10
41 26 13
41 27 13
41 28 23
41 29 6
41 30 3
41 31 26
41 32 22
41 33 27
41 34 12
41 35 10
41 36 9
41 37 25
41 38 10
41 39 13
41 40 5
42 0 6
42 1 8
42 2 3
42 3 21
42 4 17
42 5 2
42 6 27
42 7 17
42 8 14
42 9 23
42 10 10
42 11 16
42 12 25
42 13 25
42 14 11
42 15 10
42 16 13
42 17 8
42 18 16
42 19 18
42 20 11
42 21 8
42 22 18
42 23 3
42 24 12
42 25 16
42 26 18
42 27 4
42 28 6
42 29 23
42 30 1
42 31 17
42 32 19
42 33 2
42 34 12
42 35 14
42 36 12
42 37 1
42 38 5
42 39 11
42 40 20
42 41 14
43 0 8
43 1 6
43 2 27
43 3 1
43 4 1
43 5 17
43 6 7
43 7 18
43 8 15
43 9 25
43 10 4
43 11 20
43 12 8
43 13 13
43 14 24
43 15 25
43 16 24
43 17 3
43 18 9
43 19 16
43 20 12
43 21 15
43 22 25
43 23 17
43 24 18
43 25 9
43 26 2
43 27 2
43 28 24
43 29 18
43 30 15
43 31 15
43 32 6
43 33 24
43 34 20
43 35 22
43 36 7
43 37 21
43 38 12
43 39 27
43 40 4
43 41 23
43 42 17
44 0 3
44 1 25
44 2 8
44 3 11
44 4 25
44 5 8
44 6 1
44 7 1
44 8 14
44 9 15
44 10 15
44 11 17
44 12 21
44 13 1
44 14 26
44 15 5
44 16 17
44 17 8
44 18 18
44 19 4
44 20 16
44 21 6
44 22 18
44 23 17
44 24 19
44 25 14
44 26 8
44 27 14
44 28 11
44 29 6
44 30 22
44 31 10
44 32 24
44 33 9
44 34 7
44 35 1
44 36 5
44 37 21
44 38 15
44 39 27
44 40 5
44 41 26
44 42 20
44 43 25
45 0 23
45 1 27
45 2 16
45 3 12
45 4 17
45 5 10
45 6 7
45 7 9
45 8 4
45 9 27
45 10 25
45 11 3
45 12 21
45 13 2
45 14 17
45 15 2
45 16 12
45 17 23
45 18 2
45 19 11
45 20 2
45 21 9
45 22 7
45 23 7
45 24 4
45 25 2
45 26 25
45 27 13
45 28 15
45 29 7
45 30 15
45 31 18
45 32 13
45 33 12
45 34 20
45 35 20
45 36 14
45 37 5
45 38 1
45 39 27
45 40 14
45 41 11
45 42 27
45 43 12
45 44 11
46 0 11
46 1 27
46 2 27
46 3 21
46 4 22
46 5 18
46 6 22
46 7 24
46 8 24
46 9 2
46 10 5
46 11 26
46 12 3
46 13 23
46 14 11
46 15 24
46 16 9
46 17 18
46 18 17
46 19 11
46 20 26
46 21 3
46 22 11
46 23 23
46 24 7
46 25 21
46 26 10
46 27 16
46 28 13
46 29 4
46 30 12
46 31 4
46 32 12
46 33 3
46 34 23
46 35 2
46 36 16
46 37 1
46 38 17
46 39 19
46 40 14
46 41 8
46 42 25
46 43 4
46 44 4
46 45 5
47 0 15
47 1 12
47 2 18
47 3 15
47 4 24
47 5 7
47 6 3
47 7 5
47 8 19
47 9 4
47 10 17
47 11 12
47 12 5
47 13 13
47 14 23
47 15 1
47 16 11
47 17 12
47 18 21
47 19 27
47 20 27
47 21 23
47 22 25
47 23 1
47 24 12
47 25 19
47 26 13
47 27 26
47 28 19
47 29 10
47 30 5
47 31 20
47 32 2
47 33 7
47 34 18
47 35 13
47 36 1
47 37 5
47 38 21
47 39 6
47 40 21
47 41 20
47 42 12
47 43 24
47 44 1
47 45 12
47 46 26
48 0 23
48 1 15
48 2 11
48 3 3
48 4 20
48 5 2
48 6 1
48 7 22
48 8 11
48 9 14
48 10 19
48 11 5
48 12 9
48 13 9
48 14 11
48 15 6
48 16 4
48 17 17
48 18 1
48 19 20
48 20 2
48 21 13
48 22 26
48 23 10
48 24 23
48 25 9
48 26 12
48 27 24
48 28 14
48 29 19
48 30 16
48 31 11
48 32 22
48 33 7
48 34 17
48 35 8
48 36 10
48 37 3
48 38 26
48 39 5
48 40 23
48 41 4
48 42 27
48 43 10
48 44 23
48 45 10
48 46 19
48 47 15
49 0 14
49 1 19
49 2 20
49 3 25
49 4 10
49 5 20
49 6 11
49 7 2
49 8 26
49 9 16
49 10 11
49 11 20
49 12 10
49 13 11
49 14 19
49 15 5
49 16 3
49 17 11
49 18 1
49 19 24
49 20 12
49 21 25
49 22 1
49 23 19
49 24 19
49 25 23
49 26 27
49 27 9
49 28 18
49 29 12
49 30 7
49 31 27
49 32 8
49 33 23
49 34 16
49 35 20
49 36 8
49 37 20
49 38 11
49 39 9
49 40 12
49 41 19
49 42 22
49 43 16
49 44 16
49 45 26
49 46 1
49 47 1
49 48 18
50 0 16
50 1 13
50 2 6
50 3 1
50 4 9
50 5 15
50 6 12
50 7 16
50 8 21
50 9 5
50 10 12
50 11 18
50 12 13
50 13 13
50 14 4
50 15 27
50 16 26
50 17 16
50 18 25
50 19 18
50 20 1
50 21 18
50 22 24
50 23 26
50 24 2
50 25 21
50 26 27
50 27 11
50 28 8
50 29 26
50 30 15
50 31 22
50 32 12
50 33 18
50 34 21
50 35 12
50 36 12
50 37 12
50 38 26
50 39 11
50 40 22
50 41 19
50 42 5
50 43 2
50 44 4
50 45 22
50 46 21
50 47 2
50 48 19
50 49 16
51 0 7
51 1 24
51 2 4
51 3 9
51 4 6
51 5 21
51 6 13
51 7 1
51 8 25
51 9 20
51 10 14
51 11 26
51 12 19
51 13 6
51 14 23
51 15 25
51 16 11
51 17 23
51 18 27
51 19 4
51 20 19
51 21 27
51 22 1
51 23 10
51 24 13
51 25 10
51 26 24
51 27 17
51 28 2
51 29 16
51 30 17
51 31 22
51 32 8
51 33 21
51 34 21
51 35 26
51 36 18
51 37 14
51 38 15
51 39 21
51 40 25
51 41 7
51 42 8
51 43 7
51 44 25
51 45 17
51 46 8
51 47 26
51 48 20
51 49 10
51 50 16
52 0 7
52 1 4
52 2 26
52 3 25
52 4 4
52 5 3
52 6 24
52 7 10
52 8 25
52 9 21
52 10 1
52 11 12
52 12 24
52 13 7
52 14 8
52 15 5
52 16 6
52 17 26
52 18 26
52 19 27
52 20 11
52 21 14
52 22 22
52 23 5
52 24 17
52 25 13
52 26 14
52 27 5
52 28 17
52 29 8
52 30 13
52 31 25
52 32 12
52 33 4
52 34 10
52 35 18
52 36 8
52 37 22
52 38 23
52 39 22
52 40 5
52 41 20
52 42 5
52 43 13
52 44 10
52 45 16
52 46 8
52 47 12
52 48 19
52 49 7
52 50 19
52 51 19
53 0 9
53 1 9
53 2 14
53 3 21
53 4 5
53 5 20
53 6 1
53 7 26
53 8 19
53 9 25
53 10 5
53 11 5
53 12 4
53 13 8
53 14 18
53 15 9
53 16 23
53 17 20
53 18 24
53 19 2
53 20 5
53 21 26
53 22 20
53 23 21
53 24 19
53 25 1
53 26 12
53 27 16
53 28 18
53 29 15
53 30 5
53 31 8
53 32 18
53 33 13
53 34 9
53 35 2
53 36 6
53 37 11
53 38 19
53 39 17
53 40 19
53 41 25
53 42 13
53 43 6
53 44 10
53 45 2
53 46 10
53 47 7
53 48 15
53 49 17
53 50 27
53 51 3
53 52 16
54 0 26
54 1 8
54 2 12
54 3 26
54 4 3
54 5 24
54 6 4
54 7 20
54 8 25
54 9 4
54 10 7
54 11 6
54 12 23
54 13 27
54 14 21
54 15 23
54 16 25
54 17 8
54 18 21
54 19 19
54 20 14
54 21 7
54 22 24
54 23 12
54 24 6
54 25 22
54 26 11
54 27 15
54 28 27
54 29 8
54 30 4
54 31 27
54 32 1
54 33 23
54 34 26
54 35 15
54 36 6
54 37 26
54 38 5
54 39 25
54 40 23
54 41 22
54 42 5
54 43 27
54 44 9
54 45 17
54 46 14
54 47 26
54 48 15
54 49 11
54 50 2
54 51 26
54 52 25
54 53 5
55 0 10
55 1 24
55 2 26
55 3 1
55 4 12
55 5 8
55 6 19
55 7 19
55 8 2
55 9 13
55 10 17
55 11 25
55 12 12
55 13 3
55 14 2
55 15 6
55 16 19
55 17 5
55 18 9
55 19 7
55 20 5
55 21 7
55 22 5
55 23 19
55 24 5
55 25 24
55 26 25
55 27 13
55 28 9
55 29 24
55 30 22
55 31 7
55 32 8
55 33 1
55 34 8
55 35 15
55 36 4
55 37 5
55 38 25
55 39 24
55 40 15
55 41 14
55 42 14
55 43 27
55 44 24
55 45 6
55 46 22
55 47 27
55 48 24
55 49 8
55 50 14
55 51 12
55 52 1
55 53 2
55 54 4
56 0 19
56 1 3
56 2 4
56 3 1
56 4 11
56 5 3
56 6 19
56 7 14
56 8 24
56 9 6
56 10 3
56 11 11
56 12 26
56 13 19
56 14 12
56 15 17
56 16 24
56 17 13
56 18 20
56 19 2
56 20 17
56 21 13
56 22 6
56 23 13
56 24 8
56 25 12
56 26 18
56 27 15
56 28 26
56 29 17
56 30 6
56 31 26
56 32 26
56 33 15
56 34 11
56 35 21
56 36 12
56 37 16
56 38 7
56 39 7
56 40 8
56 41 22
56 42 15
56 43 18
56 44 26
56 45 24
56 46 24
56 47 21
56 48 25
56 49 6
56 50 18
56 51 18
56 52 26
56 53 26
56 54 26
56 55 4
57 0 11
57 1 21
57 2 26
57 3 7
57 4 22
57 5 1
57 6 25
57 7 12
57 8 9
57 9 19
57 10 1
57 11 27
57 12 23
57 13 6
57 14 23
57 15 14
57 16 18
57 17 3
57 18 8
57 19 5
57 20 27
57 21 12
57 22 17
57 23 18
57 24 9
57 25 19
57 26 15
57 27 23
57 28 16
57 29 19
57 30 15
57 31 7
57 32 27
57 33 10
57 34 3
57 35 2
57 36 1
57 37 25
57 38 20
57 39 23
57 40 6
57 41 6
57 42 1
57 43 27
57 44 23
57 45 21
57 46 24
57 47 9
57 48 20
57 49 21
57 50 5
57 51 27
57 52 2
57 53 11
57 54 26
57 55 3
57 56 3
58 0 2
58 1 4
58 2 17
58 3 12
58 4 4
58 5 6
58 6 24
58 7 15
58 8 1
58 9 25
58 10 17
58 11 22
58 12 25
58 13 5
58 14 5
58 15 1
58 16 9
58 17 23
58 18 17
58 19 6
58 20 20
58 21 23
58 22 11
58 23 15
58 24 16
58 25 25
58 26 8
58 27 15
58 28 4
58 29 4
58 30 23
58 31 25
58 32 15
58 33 10
58 34 22
58 35 12
58 36 4
58 37 2
58 38 2
58 39 12
58 40 4
58 41 25
58 42 21
58 43 23
58 44 18
58 45 15
58 46 12
58 47 6
58 48 7
58 49 27
58 50 19
58 51 6
58 52 13
58 53 26
58 54 16
58 55 10
58 56 11
58 57 22
59 0 21
59 1 24
59 2 25
59 3 1
59 4 19
59 5 18
59 6 1
59 7 10
59 8 7
59 9 8
59 10 1
59 11 23
59 12 2
59 13 13
59 14 27
59 15 4
59 16 2
59 17 14
59 18 7
59 19 21
59 20 23
59 21 27
59 22 11
59 23 26
59 24 4
59 25 6
59 26 19
59 27 23
59 28 4
59 29 9
59 30 19
59 31 15
59 32 22
59 33 11
59 34 2
59 35 1
59 36 24
59 37 12
59 38 7
59 39 25
59 40 2
59 41 11
59 42 3
59 43 19
59 44 15
59 45 24
59 46 27
59 47 23
59 48 26
59 49 11
59 50 13
59 51 5
59 52 6
59 53 27
59 54 15
59 55 26
59 56 12
59 57 19
59 58 15
60 0 18
60 1 21
60 2 9
60 3 19
60 4 26
60 5 26
60 6 5
60 7 4
60 8 22
60 9 11
60 10 7
60 11 2
60 12 15
60 13 4
60 14 11
60 15 20
60 16 27
60 17 1
60 18 23
60 19 2
60 20 11
60 21 27
60 22 5
60 23 5
60 24 6
60 25 8
60 26 6
60 27 12
60 28 18
60 29 21
60 30 24
60 31 27
60 32 13
60 33 9
60 34 19
60 35 22
60 36 23
60 37 27
60 38 20
60 39 13
60 40 2
60 41 6
60 42 20
60 43 19
60 44 4
60 45 2
60 46 6
60 47 21
60 48 3
60 49 2
60 50 16
60 51 22
60 52 27
60 53 8
60 54 12
60 55 10
60 56 7
60 57 21
60 58 20
60 59 19
61 0 2
61 1 11
61 2 13
61 3 4
61 4 9
61 5 18
61 6 4
61 7 18
61 8 20
61 9 9
61 10 22
61 11 5
61 12 7
61 13 13
61 14 2
61 15 3
61 16 20
61 17 20
61 18 17
61 19 23
61 20 5
61 21 14
61 22 24
61 23 23
61 24 12
61 25 18
61 26 8
61 27 16
61 28 11
61 29 25
61 30 11
61 31 10
61 32 8
61 33 22
61 34 15
61 35 11
61 36 25
61 37 5
61 38 7
61 39 19
61 40 18
61 41 7
61 42 5
61 43 17
61 44 16
61 45 27
61 46 16
61 47 5
61 48 9
61 49 13
61 50 6
61 51 15
61 52 23
61 53 24
61 54 27
61 55 2
61 56 25
61 57 25
61 58 9
61 59 9
61 60 7
