46
1 0 21
2 0 49
2 1 10
3 0 16
3 1 15
3 2 2
4 0 38
4 1 38
4 2 36
4 3 42
5 0 36
5 1 28
5 2 5
5 3 27
5 4 14
6 0 21
6 1 41
6 2 19
6 3 45
6 4 48
6 5 35
7 0 38
7 1 8
7 2 31
7 3 51
7 4 44
7 5 19
7 6 6
8 0 42
8 1 44
8 2 3
8 3 6
8 4 40
8 5 19
8 6 28
8 7 29
9 0 8
9 1 15
9 2 48
9 3 49
9 4 16
9 5 16
9 6 43
9 7 17
9 8 8
10 0 18
10 1 46
10 2 20
10 3 51
10 4 8
10 5 11
10 6 38
10 7 6
10 8 21
10 9 28
11 0 9
11 1 3
11 2 16
11 3 26
11 4 51
11 5 51
11 6 24
11 7 44
11 8 43
11 9 38
11 10 22
12 0 2
12 1 20
12 2 9
12 3 17
12 4 25
12 5 38
12 6 53
12 7 29
12 8 35
12 9 35
12 10 16
12 11 3
13 0 45
13 1 50
13 2 53
13 3 4
13 4 5
13 5 52
13 6 38
13 7 10
13 8 26
13 9 24
13 10 20
13 11 10
13 12 15
14 0 45
14 1 4
14 2 52
14 3 7
14 4 52
14 5 39
14 6 16
14 7 27
14 8 45
14 9 39
14 10 33
14 11 9
14 12 32
14 13 22
15 0 53
15 1 10
15 2 16
15 3 5
15 4 31
15 5 46
15 6 39
15 7 15
15 8 42
15 9 35
15 10 34
15 11 47
15 12 31
15 13 43
15 14 48
16 0 43
16 1 37
16 2 24
16 3 41
16 4 12
16 5 47
16 6 12
16 7 49
16 8 10
16 9 14
16 10 39
16 11 9
16 12 42
16 13 20
16 14 27
16 15 48
17 0 37
17 1 36
17 2 4
17 3 48
17 4 39
17 5 34
17 6 30
17 7 33
17 8 9
17 9 13
17 10 28
17 11 24
17 12 33
17 13 2
17 14 25
17 15 35
17 16 38
18 0 46
18 1 49
18 2 24
18 3 6
18 4 43
18 5 47
18 6 53
18 7 22
18 8 3
18 9 25
18 10 4
18 11 46
18 12 49
18 13 37
18 14 24
18 15 22
18 16 45
18 17 41
19 0 33
19 1 50
19 2 16
19 3 30
19 4 17
19 5 53
19 6 8
19 7 47
19 8 32
19 9 27
19 10 27
19 11 38
19 12 2
19 13 48
19 14 13
19 15 46
19 16 46
19 17 5
19 18 49
20 0 20
20 1 7
20 2 39
20 3 29
20 4 28
20 5 26
20 6 8
20 7 24
20 8 41
20 9 50
20 10 36
20 11 23
20 12 26
20 13 35
20 14 7
20 15 30
20 16 32
20 17 43
20 18 6
20 19 33
21 0 23
21 1 5
21 2 42
21 3 52
21 4 5
21 5 4
21 6 40
21 7 18
21 8 44
21 9 41
21 10 6
21 11 34
21 12 31
21 13 16
21 14 29
21 15 8
21 16 42
21 17 52
21 18 25
21 19 21
21 20 30
22 0 31
22 1 5
22 2 33
22 3 14
22 4 37
22 5 19
22 6 44
22 7 22
22 8 1
22 9 49
22 10 29
22 11 24
22 12 23
22 13 21
22 14 52
22 15 27
22 16 2
22 17 9
22 18 5
22 19 34
22 20 14
22 21 44
23 0 1
23 1 50
23 2 9
23 3 14
23 4 23
23 5 12
23 6 17
23 7 17
23 8 53
23 9 41
23 10 34
23 11 47
23 12 18
23 13 1
23 14 31
23 15 20
23 16 26
23 17 48
23 18 11
23 19 46
23 20 16
23 21 45
23 22 3
24 0 51
24 1 7
24 2 10
24 3 52
24 4 34
24 5 29
24 6 27
24 7 12
24 8 32
24 9 19
24 10 26
24 11 28
24 12 22
24 13 33
24 14 48
24 15 52
24 16 50
24 17 48
24 18 52
24 19 44
24 20 44
24 21 42
24 22 27
24 23 37
25 0 35
25 1 19
25 2 3
25 3 30
25 4 29
25 5 6
25 6 8
25 7 46
25 8 43
25 9 36
25 10 41
25 11 15
25 12 15
25 13 15
25 14 2
25 15 52
25 16 29
25 17 37
25 18 52
25 19 47
25 20 33
25 21 9
25 22 3
25 23 39
25 24 18
26 0 32
26 1 33
26 2 2
26 3 19
26 4 4
26 5 24
26 6 32
26 7 25
26 8 18
26 9 2
26 10 42
26 11 36
26 12 38
26 13 30
26 14 45
26 15 5
26 16 1
26 17 19
26 18 7
26 19 46
26 20 51
26 21 14
26 22 37
26 23 30
26 24 20
26 25 41
27 0 51
27 1 37
27 2 11
27 3 8
27 4 5
27 5 14
27 6 53
27 7 8
27 8 37
27 9 30
27 10 32
27 11 24
27 12 28
27 13 44
27 14 43
27 15 13
27 16 27
27 17 8
27 18 44
27 19 1
27 20 26
27 21 38
27 22 12
27 23 23
27 24 6
27 25 41
27 26 47
28 0 37
28 1 2
28 2 17
28 3 27
28 4 53
28 5 10
28 6 34
28 7 8
28 8 42
28 9 50
28 10 17
28 11 52
28 12 49
28 13 21
28 14 12
28 15 34
28 16 8
28 17 48
28 18 32
28 19 17
28 20 15
28 21 48
28 22 1
28 23 37
28 24 7
28 25 21
28 26 24
28 27 31
29 0 1
29 1 38
29 2 11
29 3 26
29 4 16
29 5 32
29 6 19
29 7 32
29 8 27
29 9 20
29 10 32
29 11 9
29 12 48
29 13 53
29 14 49
29 15 47
29 16 19
29 17 20
29 18 46
29 19 50
29 20 8
29 21 48
29 22 25
29 23 50
29 24 1
29 25 10
29 26 33
29 27 31
29 28 18
30 0 41
30 1 48
30 2 8
30 3 35
30 4 45
30 5 53
30 6 48
30 7 32
30 8 26
30 9 4
30 10 2
30 11 50
30 12 3
30 13 3
30 14 43
30 15 35
30 16 18
30 17 20
30 18 5
30 19 46
30 20 6
30 21 39
30 22 10
30 23 7
30 24 50
30 25 3
30 26 50
30 27 31
30 28 10
30 29 29
31 0 20
31 1 44
31 2 52
31 3 31
31 4 12
31 5 23
31 6 20
31 7 43
31 8 27
31 9 35
31 10 45
31 11 40
31 12 30
31 13 39
31 14 9
31 15 39
31 16 23
31 17 29
31 18 52
31 19 49
31 20 24
31 21 50
31 22 42
31 23 47
31 24 28
31 25 43
31 26 14
31 27 46
31 28 14
31 29 26
31 30 43
32 0 35
32 1 3
32 2 33
32 3 5
32 4 49
32 5 48
32 6 53
32 7 36
32 8 7
32 9 20
32 10 8
32 11 20
32 12 34
32 13 48
32 14 10
32 15 27
32 16 35
32 17 40
32 18 22
32 19 20
32 20 36
32 21 52
32 22 10
32 23 45
32 24 9
32 25 7
32 26 1
32 27 23
32 28 18
32 29 1
32 30 31
32 31 34
33 0 9
33 1 14
33 2 34
33 3 17
33 4 16
33 5 36
33 6 33
33 7 9
33 8 11
33 9 47
33 10 16
33 11 46
33 12 49
33 13 14
33 14 22
33 15 16
33 16 10
33 17 25
33 18 24
33 19 52
33 20 42
33 21 12
33 22 17
33 23 28
33 24 17
33 25 39
33 26 38
33 27 44
33 28 49
33 29 5
33 30 3
33 31 21
33 32 33
34 0 42
34 1 35
34 2 36
34 3 5
34 4 46
34 5 12
34 6 43
34 7 10
34 8 13
34 9 4
34 10 40
34 11 41
34 12 43
34 13 26
34 14 37
34 15 6
34 16 35
34 17 15
34 18 38
34 19 20
34 20 49
34 21 11
34 22 21
34 23 49
34 24 6
34 25 2
34 26 16
34 27 3
34 28 34
34 29 30
34 30 28
34 31 52
34 32 11
34 33 19
35 0 23
35 1 35
35 2 10
35 3 22
35 4 35
35 5 8
35 6 52
35 7 1
35 8 31
35 9 21
35 10 14
35 11 22
35 12 17
35 13 29
35 14 21
35 15 51
35 16 30
35 17 32
35 18 23
35 19 48
35 20 47
35 21 26
35 22 36
35 23 16
35 24 29
35 25 12
35 26 30
35 27 11
35 28 39
35 29 31
35 30 13
35 31 22
35 32 36
35 33 26
35 34 15
36 0 25
36 1 19
36 2 4
36 3 27
36 4 25
36 5 35
36 6 4
36 7 23
36 8 7
36 9 42
36 10 5
36 11 15
36 12 52
36 13 4
36 14 35
36 15 17
36 16 39
36 17 42
36 18 25
36 19 52
36 20 3
36 21 42
36 22 52
36 23 8
36 24 29
36 25 25
36 26 15
36 27 23
36 28 25
36 29 43
36 30 3
36 31 16
36 32 25
36 33 41
36 34 45
36 35 33
37 0 25
37 1 23
37 2 8
37 3 37
37 4 31
37 5 16
37 6 43
37 7 49
37 8 21
37 9 49
37 10 48
37 11 48
37 12 12
37 13 45
37 14 16
37 15 12
37 16 6
37 17 9
37 18 52
37 19 29
37 20 36
37 21 26
37 22 18
37 23 33
37 24 10
37 25 5
37 26 52
37 27 19
37 28 9
37 29 22
37 30 24
37 31 5
37 32 44
37 33 10
37 34 6
37 35 29
37 36 39
38 0 4
38 1 13
38 2 27
38 3 40
38 4 20
38 5 41
38 6 39
38 7 11
38 8 12
38 9 21
38 10 43
38 11 29
38 12 20
38 13 1
38 14 13
38 15 11
38 16 21
38 17 31
38 18 26
38 19 13
38 20 13
38 21 4
38 22 5
38 23 12
38 24 52
38 25 42
38 26 6
38 27 10
38 28 21
38 29 30
38 30 10
38 31 33
38 32 49
38 33 24
38 34 18
38 35 7
38 36 48
38 37 45
39 0 10
39 1 44
39 2 6
39 3 12
39 4 49
39 5 43
39 6 8
39 7 3
39 8 38
39 9 18
39 10 8
39 11 20
39 12 4
39 13 24
39 14 45
39 15 13
39 16 11
39 17 3
39 18 51
39 19 46
39 20 48
39 21 53
39 22 22
39 23 17
39 24 50
39 25 21
39 26 45
39 27 6
39 28 18
39 29 15
39 30 34
39 31 49
39 32 49
39 33 31
39 34 8
39 35 17
39 36 51
39 37 33
39 38 42
40 0 12
40 1 47
40 2 46
40 3 31
40 4 35
40 5 16
40 6 35
40 7 52
40 8 34
40 9 53
40 10 51
40 11 7
40 12 41
40 13 11
40 14 32
40 15 47
40 16 20
40 17 49
40 18 14
40 19 23
40 20 24
40 21 31
40 22 27
40 23 52
40 24 2
40 25 26
40 26 18
40 27 4
40 28 18
40 29 6
40 30 8
40 31 39
40 32 51
40 33 32
40 34 13
40 35 52
40 36 50
40 37 29
40 38 49
40 39 37
41 0 36
41 1 45
41 2 8
41 3 53
41 4 38
41 5 45
41 6 10
41 7 22
41 8 1
41 9 24
41 10 34
41 11 28
41 12 16
41 13 45
41 14 42
41 15 1
41 16 22
41 17 43
41 18 20
41 19 8
41 20 1
41 21 50
41 22 51
41 23 2
41 24 45
41 25 16
41 26 31
41 27 31
41 28 22
41 29 7
41 30 24
41 31 32
41 32 51
41 33 44
41 34 39
41 35 27
41 36 53
41 37 10
41 38 51
41 39 49
41 40 40
42 0 34
42 1 5
42 2 35
42 3 9
42 4 7
42 5 43
42 6 12
42 7 33
42 8 37
42 9 22
42 10 42
42 11 16
42 12 43
42 13 3
42 14 50
42 15 46
42 16 23
42 17 36
42 18 7
42 19 49
42 20 47
42 21 33
42 22 18
42 23 24
42 24 11
42 25 43
42 26 23
42 27 9
42 28 42
42 29 52
42 30 16
42 31 23
42 32 50
42 33 22
42 34 32
42 35 14
42 36 12
42 37 51
42 38 44
42 39 27
42 40 23
42 41 35
43 0 1
43 1 16
43 2 28
43 3 49
43 4 20
43 5 13
43 6 2
43 7 4
43 8 17
43 9 1
43 10 33
43 11 5
43 12 6
43 13 24
43 14 48
43 15 23
43 16 49
43 17 51
43 18 42
43 19 21
43 20 50
43 21 13
43 22 32
43 23 34
43 24 50
43 25 27
43 26 7
43 27 21
43 28 22
43 29 16
43 30 15
43 31 43
43 32 3
43 33 20
43 34 41
43 35 28
43 36 28
43 37 32
43 38 14
43 39 3
43 40 26
43 41 53
43 42 39
44 0 40
44 1 15
44 2 30
44 3 8
44 4 36
44 5 5
44 6 17
44 7 30
44 8 18
44 9 10
44 10 39
44 11 16
44 12 5
44 13 32
44 14 28
44 15 40
44 16 53
44 17 24
44 18 29
44 19 2
44 20 4
44 21 42
44 22 5
44 23 39
44 24 23
44 25 17
44 26 48
44 27 49
44 28 38
44 29 53
44 30 46
44 31 37
44 32 42
44 33 45
44 34 45
44 35 47
44 36 36
44 37 29
44 38 27
44 39 11
44 40 51
44 41 50
44 42 44
44 43 33
45 0 21
45 1 15
45 2 41
45 3 15
45 4 29
45 5 46
45 6 14
45 7 26
45 8 15
45 9 18
45 10 19
45 11 27
45 12 38
45 13 53
45 14 32
45 15 51
45 16 51
45 17 45
45 18 26
45 19 33
45 20 41
45 21 53
45 22 40
45 23 23
45 24 37
45 25 43
45 26 2
45 27 2
45 28 29
45 29 9
45 30 49
45 31 28
45 32 27
45 33 8
45 34 26
45 35 44
45 36 32
45 37 26
45 38 45
45 39 2
45 40 43
45 41 33
45 42 20
45 43 41
45 44 4
