65
1 0 50
2 0 17
2 1 28
3 0 32
3 1 17
3 2 54
4 0 28
4 1 44
4 2 10
4 3 4
5 0 26
5 1 26
5 2 32
5 3 7
5 4 2
6 0 51
6 1 10
6 2 49
6 3 3
6 4 50
6 5 41
7 0 11
7 1 36
7 2 13
7 3 1
7 4 19
7 5 42
7 6 45
8 0 4
8 1 1
8 2 49
8 3 42
8 4 2
8 5 38
8 6 49
8 7 14
9 0 7
9 1 16
9 2 44
9 3 16
9 4 44
9 5 29
9 6 44
9 7 50
9 8 2
10 0 5
10 1 13
10 2 9
10 3 35
10 4 51
10 5 3
10 6 37
10 7 20
10 8 52
10 9 1
11 0 19
11 1 9
11 2 52
11 3 45
11 4 2
11 5 32
11 6 40
11 7 37
11 8 50
11 9 37
11 10 38
12 0 5
12 1 41
12 2 21
12 3 10
12 4 7
12 5 32
12 6 32
12 7 34
12 8 52
12 9 35
12 10 16
12 11 2
13 0 47
13 1 49
13 2 20
13 3 30
13 4 45
13 5 8
13 6 11
13 7 3
13 8 15
13 9 29
13 10 43
13 11 48
13 12 45
14 0 16
14 1 21
14 2 27
14 3 10
14 4 48
14 5 38
14 6 23
14 7 53
14 8 28
14 9 10
14 10 32
14 11 42
14 12 9
14 13 50
15 0 27
15 1 28
15 2 33
15 3 13
15 4 14
15 5 36
15 6 34
15 7 48
15 8 38
15 9 12
15 10 39
15 11 32
15 12 3
15 13 12
15 14 7
16 0 13
16 1 47
16 2 35
16 3 29
16 4 1
16 5 16
16 6 15
16 7 11
16 8 11
16 9 38
16 10 25
16 11 13
16 12 25
16 13 18
16 14 44
16 15 7
17 0 53
17 1 32
17 2 43
17 3 50
17 4 33
17 5 4
17 6 16
17 7 36
17 8 47
17 9 11
17 10 22
17 11 41
17 12 31
17 13 34
17 14 48
17 15 41
17 16 23
18 0 9
18 1 11
18 2 21
18 3 42
18 4 15
18 5 8
18 6 48
18 7 19
18 8 24
18 9 16
18 10 12
18 11 44
18 12 24
18 13 45
18 14 23
18 15 21
18 16 54
18 17 31
19 0 9
19 1 36
19 2 1
19 3 10
19 4 33
19 5 48
19 6 6
19 7 47
19 8 47
19 9 40
19 10 40
19 11 8
19 12 30
19 13 36
19 14 41
19 15 19
19 16 32
19 17 22
19 18 54
20 0 6
20 1 46
20 2 9
20 3 47
20 4 43
20 5 37
20 6 17
20 7 24
20 8 41
20 9 9
20 10 3
20 11 39
20 12 53
20 13 29
20 14 6
20 15 13
20 16 14
20 17 27
20 18 17
20 19 49
21 0 1
21 1 7
21 2 2
21 3 3
21 4 34
21 5 25
21 6 22
21 7 37
21 8 36
21 9 12
21 10 52
21 11 40
21 12 23
21 13 8
21 14 11
21 15 46
21 16 36
21 17 53
21 18 10
21 19 36
21 20 32
22 0 51
22 1 52
22 2 49
22 3 11
22 4 14
22 5 40
22 6 38
22 7 40
22 8 9
22 9 50
22 10 47
22 11 2
22 12 26
22 13 24
22 14 6
22 15 23
22 16 28
22 17 4
22 18 18
22 19 8
22 20 51
22 21 26
23 0 41
23 1 53
23 2 9
23 3 27
23 4 6
23 5 44
23 6 47
23 7 36
23 8 24
23 9 13
23 10 3
23 11 50
23 12 10
23 13 13
23 14 44
23 15 18
23 16 29
23 17 50
23 18 26
23 19 47
23 20 16
23 21 36
23 22 49
24 0 48
24 1 34
24 2 51
24 3 5
24 4 44
24 5 36
24 6 1
24 7 21
24 8 46
24 9 30
24 10 9
24 11 4
24 12 10
24 13 31
24 14 1
24 15 48
24 16 40
24 17 25
24 18 14
24 19 43
24 20 20
24 21 51
24 22 41
24 23 13
25 0 19
25 1 12
25 2 54
25 3 35
25 4 16
25 5 41
25 6 54
25 7 42
25 8 49
25 9 44
25 10 33
25 11 12
25 12 15
25 13 28
25 14 32
25 15 16
25 16 32
25 17 10
25 18 34
25 19 51
25 20 23
25 21 32
25 22 44
25 23 31
25 24 53
26 0 1
26 1 35
26 2 41
26 3 6
26 4 31
26 5 48
26 6 19
26 7 41
26 8 51
26 9 40
26 10 23
26 11 13
26 12 25
26 13 11
26 14 4
26 15 27
26 16 35
26 17 38
26 18 48
26 19 23
26 20 49
26 21 50
26 22 49
26 23 32
26 24 30
26 25 2
27 0 5
27 1 2
27 2 15
27 3 13
27 4 38
27 5 14
27 6 18
27 7 36
27 8 6
27 9 9
27 10 43
27 11 46
27 12 7
27 13 45
27 14 46
27 15 20
27 16 31
27 17 17
27 18 28
27 19 20
27 20 39
27 21 48
27 22 7
27 23 5
27 24 14
27 25 14
27 26 17
28 0 39
28 1 11
28 2 49
28 3 35
28 4 45
28 5 23
28 6 23
28 7 40
28 8 34
28 9 35
28 10 32
28 11 42
28 12 28
28 13 48
28 14 27
28 15 47
28 16 52
28 17 48
28 18 46
28 19 20
28 20 17
28 21 49
28 22 33
28 23 7
28 24 12
28 25 47
28 26 16
28 27 31
29 0 3
29 1 2
29 2 35
29 3 50
29 4 1
29 5 12
29 6 28
29 7 46
29 8 6
29 9 33
29 10 13
29 11 22
29 12 18
29 13 35
29 14 48
29 15 10
29 16 13
29 17 12
29 18 45
29 19 54
29 20 12
29 21 35
29 22 52
29 23 23
29 24 54
29 25 41
29 26 18
29 27 52
29 28 1
30 0 8
30 1 41
30 2 49
30 3 5
30 4 35
30 5 5
30 6 51
30 7 53
30 8 14
30 9 10
30 10 12
30 11 17
30 12 23
30 13 14
30 14 15
30 15 33
30 16 2
30 17 37
30 18 6
30 19 24
30 20 36
30 21 21
30 22 25
30 23 10
30 24 20
30 25 52
30 26 41
30 27 31
30 28 11
30 29 39
31 0 24
31 1 9
31 2 51
31 3 44
31 4 50
31 5 31
31 6 31
31 7 28
31 8 47
31 9 42
31 10 13
31 11 8
31 12 40
31 13 2
31 14 2
31 15 3
31 16 11
31 17 17
31 18 31
31 19 2
31 20 10
31 21 3
31 22 28
31 23 38
31 24 2
31 25 41
31 26 12
31 27 1
31 28 10
31 29 41
31 30 16
32 0 38
32 1 52
32 2 9
32 3 38
32 4 23
32 5 33
32 6 39
32 7 38
32 8 2
32 9 41
32 10 13
32 11 51
32 12 52
32 13 36
32 14 43
32 15 12
32 16 49
32 17 12
32 18 38
32 19 38
32 20 11
32 21 16
32 22 8
32 23 52
32 24 23
32 25 9
32 26 50
32 27 50
32 28 25
32 29 51
32 30 33
32 31 22
33 0 43
33 1 10
33 2 14
33 3 10
33 4 35
33 5 19
33 6 9
33 7 24
33 8 39
33 9 29
33 10 38
33 11 17
33 12 13
33 13 40
33 14 46
33 15 41
33 16 27
33 17 39
33 18 14
33 19 47
33 20 26
33 21 50
33 22 39
33 23 29
33 24 3
33 25 16
33 26 30
33 27 51
33 28 36
33 29 48
33 30 15
33 31 27
33 32 42
34 0 20
34 1 16
34 2 43
34 3 23
34 4 16
34 5 51
34 6 9
34 7 24
34 8 14
34 9 42
34 10 37
34 11 25
34 12 28
34 13 53
34 14 32
34 15 37
34 16 46
34 17 21
34 18 39
34 19 53
34 20 23
34 21 26
34 22 13
34 23 39
34 24 9
34 25 12
34 26 47
34 27 36
34 28 43
34 29 44
34 30 19
34 31 32
34 32 32
34 33 26
35 0 44
35 1 25
35 2 31
35 3 5
35 4 22
35 5 32
35 6 21
35 7 7
35 8 9
35 9 40
35 10 33
35 11 9
35 12 11
35 13 19
35 14 39
35 15 15
35 16 27
35 17 19
35 18 16
35 19 30
35 20 51
35 21 1
35 22 2
35 23 48
35 24 33
35 25 4
35 26 38
35 27 49
35 28 49
35 29 52
35 30 5
35 31 10
35 32 38
35 33 46
35 34 33
36 0 32
36 1 8
36 2 46
36 3 6
36 4 15
36 5 45
36 6 32
36 7 53
36 8 30
36 9 45
36 10 7
36 11 40
36 12 36
36 13 12
36 14 35
36 15 25
36 16 20
36 17 33
36 18 39
36 19 4
36 20 44
36 21 39
36 22 43
36 23 6
36 24 41
36 25 30
36 26 20
36 27 26
36 28 37
36 29 20
36 30 1
36 31 21
36 32 54
36 33 7
36 34 4
36 35 31
37 0 20
37 1 3
37 2 42
37 3 15
37 4 2
37 5 42
37 6 10
37 7 45
37 8 30
37 9 54
37 10 4
37 11 29
37 12 21
37 13 31
37 14 34
37 15 26
37 16 10
37 17 36
37 18 45
37 19 18
37 20 40
37 21 20
37 22 35
37 23 4
37 24 51
37 25 26
37 26 20
37 27 42
37 28 19
37 29 7
37 30 50
37 31 9
37 32 50
37 33 39
37 34 54
37 35 2
37 36 11
38 0 38
38 1 3
38 2 41
38 3 6
38 4 18
38 5 38
38 6 10
38 7 48
38 8 44
38 9 15
38 10 50
38 11 4
38 12 8
38 13 4
38 14 37
38 15 15
38 16 20
38 17 50
38 18 9
38 19 24
38 20 39
38 21 9
38 22 40
38 23 47
38 24 10
38 25 43
38 26 46
38 27 35
38 28 32
38 29 40
38 30 52
38 31 54
38 32 49
38 33 17
38 34 21
38 35 17
38 36 23
38 37 21
39 0 14
39 1 41
39 2 16
39 3 43
39 4 39
39 5 3
39 6 17
39 7 2
39 8 49
39 9 31
39 10 50
39 11 14
39 12 16
39 13 51
39 14 2
39 15 12
39 16 35
39 17 41
39 18 52
39 19 25
39 20 21
39 21 12
39 22 30
39 23 54
39 24 17
39 25 31
39 26 29
39 27 28
39 28 1
39 29 45
39 30 19
39 31 24
39 32 13
39 33 12
39 34 10
39 35 35
39 36 9
39 37 4
39 38 4
40 0 36
40 1 15
40 2 23
40 3 47
40 4 30
40 5 29
40 6 11
40 7 1
40 8 43
40 9 32
40 10 2
40 11 52
40 12 54
40 13 35
40 14 5
40 15 48
40 16 8
40 17 2
40 18 4
40 19 53
40 20 45
40 21 31
40 22 43
40 23 24
40 24 22
40 25 21
40 26 38
40 27 10
40 28 20
40 29 41
40 30 14
40 31 21
40 32 9
40 33 2
40 34 53
40 35 49
40 36 13
40 37 41
40 38 47
40 39 3
41 0 14
41 1 35
41 2 13
41 3 48
41 4 22
41 5 49
41 6 10
41 7 30
41 8 34
41 9 11
41 10 18
41 11 4
41 12 48
41 13 51
41 14 28
41 15 30
41 16 52
41 17 6
41 18 33
41 19 40
41 20 24
41 21 32
41 22 31
41 23 29
41 24 37
41 25 32
41 26 28
41 27 46
41 28 5
41 29 51
41 30 8
41 31 39
41 32 50
41 33 5
41 34 14
41 35 43
41 36 31
41 37 5
41 38 42
41 39 25
41 40 43
42 0 8
42 1 42
42 2 23
42 3 31
42 4 16
42 5 17
42 6 15
42 7 30
42 8 12
42 9 53
42 10 22
42 11 2
42 12 28
42 13 41
42 14 23
42 15 11
42 16 44
42 17 13
42 18 48
42 19 1
42 20 26
42 21 37
42 22 2
42 23 47
42 24 42
42 25 3
42 26 27
42 27 46
42 28 3
42 29 11
42 30 43
42 31 34
42 32 45
42 33 6
42 34 35
42 35 42
42 36 14
42 37 19
42 38 17
42 39 14
42 40 8
42 41 25
43 0 3
43 1 39
43 2 26
43 3 53
43 4 44
43 5 12
43 6 18
43 7 5
43 8 49
43 9 46
43 10 19
43 11 16
43 12 36
43 13 34
43 14 22
43 15 30
43 16 44
43 17 3
43 18 49
43 19 37
43 20 15
43 21 34
43 22 7
43 23 7
43 24 36
43 25 10
43 26 15
43 27 14
43 28 37
43 29 31
43 30 19
43 31 49
43 32 14
43 33 21
43 34 43
43 35 37
43 36 35
43 37 31
43 38 43
43 39 22
43 40 38
43 41 5
43 42 29
44 0 38
44 1 17
44 2 2
44 3 38
44 4 17
44 5 44
44 6 2
44 7 14
44 8 5
44 9 20
44 10 24
44 11 1
44 12 28
44 13 1
44 14 3
44 15 49
44 16 5
44 17 4
44 18 6
44 19 27
44 20 15
44 21 22
44 22 48
44 23 25
44 24 19
44 25 18
44 26 14
44 27 9
44 28 48
44 29 19
44 30 38
44 31 11
44 32 24
44 33 50
44 34 2
44 35 45
44 36 21
44 37 6
44 38 33
44 39 27
44 40 40
44 41 39
44 42 44
44 43 1
45 0 32
45 1 5
45 2 2
45 3 2
45 4 1
45 5 2
45 6 28
45 7 42
45 8 20
45 9 8
45 10 50
45 11 19
45 12 17
45 13 54
45 14 8
45 15 53
45 16 12
45 17 22
45 18 50
45 19 2
45 20 26
45 21 1
45 22 19
45 23 33
45 24 2
45 25 9
45 26 16
45 27 7
45 28 6
45 29 15
45 30 12
45 31 17
45 32 8
45 33 26
45 34 47
45 35 10
45 36 5
45 37 17
45 38 7
45 39 10
45 40 35
45 41 33
45 42 42
45 43 32
45 44 26
46 0 42
46 1 44
46 2 38
46 3 52
46 4 13
46 5 54
46 6 27
46 7 10
46 8 50
46 9 21
46 10 41
46 11 30
46 12 31
46 13 4
46 14 52
46 15 40
46 16 36
46 17 40
46 18 7
46 19 9
46 20 8
46 21 15
46 22 45
46 23 3
46 24 10
46 25 45
46 26 44
46 27 51
46 28 36
46 29 3
46 30 44
46 31 8
46 32 4
46 33 15
46 34 48
46 35 11
46 36 17
46 37 1
46 38 6
46 39 49
46 40 5
46 41 51
46 42 16
46 43 2
46 44 16
46 45 10
47 0 24
47 1 50
47 2 23
47 3 44
47 4 53
47 5 33
47 6 45
47 7 35
47 8 34
47 9 8
47 10 34
47 11 42
47 12 5
47 13 17
47 14 11
47 15 30
47 16 20
47 17 42
47 18 50
47 19 44
47 20 31
47 21 27
47 22 23
47 23 35
47 24 41
47 25 50
47 26 21
47 27 54
47 28 37
47 29 10
47 30 1
47 31 49
47 32 53
47 33 26
47 34 19
47 35 54
47 36 51
47 37 15
47 38 13
47 39 46
47 40 40
47 41 46
47 42 35
47 43 13
47 44 6
47 45 42
47 46 24
48 0 1
48 1 38
48 2 43
48 3 9
48 4 39
48 5 26
48 6 30
48 7 1
48 8 49
48 9 50
48 10 7
48 11 18
48 12 29
48 13 10
48 14 3
48 15 18
48 16 18
48 17 8
48 18 33
48 19 38
48 20 41
48 21 53
48 22 25
48 23 20
48 24 3
48 25 4
48 26 38
48 27 32
48 28 17
48 29 49
48 30 6
48 31 14
48 32 46
48 33 34
48 34 19
48 35 44
48 36 7
48 37 18
48 38 1
48 39 25
48 40 2
48 41 1
48 42 46
48 43 21
48 44 15
48 45 8
48 46 44
48 47 7
49 0 10
49 1 53
49 2 34
49 3 29
49 4 18
49 5 10
49 6 47
49 7 43
49 8 24
49 9 32
49 10 54
49 11 22
49 12 43
49 13 37
49 14 33
49 15 17
49 16 53
49 17 28
49 18 6
49 19 14
49 20 40
49 21 9
49 22 15
49 23 18
49 24 7
49 25 36
49 26 34
49 27 15
49 28 25
49 29 15
49 30 34
49 31 41
49 32 29
49 33 16
49 34 39
49 35 50
49 36 19
49 37 3
49 38 15
49 39 48
49 40 2
49 41 33
49 42 37
49 43 50
49 44 46
49 45 10
49 46 51
49 47 28
49 48 34
50 0 36
50 1 54
50 2 34
50 3 34
50 4 28
50 5 12
50 6 37
50 7 4
50 8 49
50 9 53
50 10 14
50 11 35
50 12 46
50 13 17
50 14 24
50 15 36
50 16 52
50 17 42
50 18 19
50 19 41
50 20 44
50 21 21
50 22 12
50 23 26
50 24 2
50 25 3
50 26 6
50 27 49
50 28 47
50 29 46
50 30 11
50 31 1
50 32 30
50 33 3
50 34 1
50 35 1
50 36 46
50 37 3
50 38 19
50 39 12
50 40 31
50 41 10
50 42 19
50 43 30
50 44 8
50 45 11
50 46 24
50 47 40
50 48 8
50 49 8
51 0 46
51 1 28
51 2 33
51 3 32
51 4 37
51 5 44
51 6 35
51 7 32
51 8 20
51 9 18
51 10 17
51 11 49
51 12 21
51 13 15
51 14 9
51 15 8
51 16 43
51 17 4
51 18 36
51 19 2
51 20 10
51 21 12
51 22 28
51 23 4
51 24 37
51 25 38
51 26 30
51 27 49
51 28 22
51 29 39
51 30 34
51 31 24
51 32 22
51 33 24
51 34 51
51 35 40
51 36 51
51 37 12
51 38 24
51 39 38
51 40 47
51 41 15
51 42 21
51 43 23
51 44 8
51 45 5
51 46 7
51 47 42
51 48 45
51 49 38
51 50 49
52 0 18
52 1 21
52 2 42
52 3 49
52 4 46
52 5 40
52 6 17
52 7 53
52 8 4
52 9 34
52 10 1
52 11 5
52 12 15
52 13 8
52 14 51
52 15 43
52 16 51
52 17 30
52 18 46
52 19 47
52 20 27
52 21 40
52 22 27
52 23 31
52 24 7
52 25 44
52 26 31
52 27 12
52 28 49
52 29 46
52 30 14
52 31 12
52 32 36
52 33 41
52 34 22
52 35 27
52 36 41
52 37 35
52 38 2
52 39 5
52 40 11
52 41 17
52 42 21
52 43 19
52 44 5
52 45 38
52 46 44
52 47 54
52 48 17
52 49 21
52 50 33
52 51 3
53 0 33
53 1 23
53 2 54
53 3 14
53 4 52
53 5 18
53 6 1
53 7 22
53 8 35
53 9 39
53 10 21
53 11 11
53 12 15
53 13 1
53 14 18
53 15 52
53 16 53
53 17 25
53 18 42
53 19 32
53 20 21
53 21 49
53 22 32
53 23 37
53 24 49
53 25 24
53 26 54
53 27 26
53 28 45
53 29 43
53 30 49
53 31 12
53 32 53
53 33 50
53 34 52
53 35 54
53 36 49
53 37 24
53 38 36
53 39 18
53 40 6
53 41 33
53 42 45
53 43 36
53 44 29
53 45 54
53 46 7
53 47 3
53 48 21
53 49 24
53 50 21
53 51 25
53 52 7
54 0 18
54 1 17
54 2 6
54 3 5
54 4 41
54 5 24
54 6 30
54 7 54
54 8 52
54 9 24
54 10 44
54 11 30
54 12 4
54 13 23
54 14 46
54 15 36
54 16 3
54 17 29
54 18 24
54 19 9
54 20 23
54 21 8
54 22 54
54 23 44
54 24 4
54 25 30
54 26 3
54 27 15
54 28 19
54 29 30
54 30 17
54 31 8
54 32 16
54 33 45
54 34 35
54 35 12
54 36 18
54 37 41
54 38 12
54 39 41
54 40 10
54 41 54
54 42 51
54 43 9
54 44 46
54 45 7
54 46 31
54 47 32
54 48 27
54 49 7
54 50 22
54 51 11
54 52 53
54 53 27
55 0 21
55 1 15
55 2 14
55 3 18
55 4 49
55 5 9
55 6 38
55 7 27
55 8 36
55 9 2
55 10 30
55 11 45
55 12 32
55 13 40
55 14 24
55 15 8
55 16 24
55 17 9
55 18 6
55 19 12
55 20 27
55 21 16
55 22 34
55 23 15
55 24 51
55 25 18
55 26 42
55 27 14
55 28 13
55 29 53
55 30 20
55 31 26
55 32 6
55 33 32
55 34 34
55 35 54
55 36 30
55 37 35
55 38 3
55 39 45
55 40 9
55 41 12
55 42 9
55 43 12
55 44 45
55 45 46
55 46 16
55 47 1
55 48 20
55 49 12
55 50 3
55 51 22
55 52 30
55 53 42
55 54 28
56 0 14
56 1 2
56 2 38
56 3 47
56 4 47
56 5 41
56 6 18
56 7 8
56 8 46
56 9 44
56 10 42
56 11 31
56 12 30
56 13 15
56 14 4
56 15 18
56 16 15
56 17 48
56 18 32
56 19 47
56 20 47
56 21 6
56 22 13
56 23 8
56 24 50
56 25 37
56 26 36
56 27 14
56 28 13
56 29 33
56 30 36
56 31 29
56 32 31
56 33 30
56 34 21
56 35 2
56 36 40
56 37 38
56 38 53
56 39 37
56 40 19
56 41 43
56 42 52
56 43 2
56 44 19
56 45 46
56 46 21
56 47 2
56 48 23
56 49 36
56 50 19
56 51 14
56 52 23
56 53 16
56 54 46
56 55 41
57 0 12
57 1 49
57 2 38
57 3 10
57 4 35
57 5 47
57 6 1
57 7 1
57 8 24
57 9 2
57 10 44
57 11 3
57 12 14
57 13 7
57 14 17
57 15 23
57 16 25
57 17 15
57 18 10
57 19 44
57 20 43
57 21 51
57 22 48
57 23 32
57 24 34
57 25 18
57 26 44
57 27 7
57 28 2
57 29 36
57 30 39
57 31 33
57 32 53
57 33 30
57 34 45
57 35 44
57 36 29
57 37 28
57 38 32
57 39 41
57 40 39
57 41 8
57 42 47
57 43 28
57 44 18
57 45 33
57 46 10
57 47 9
57 48 10
57 49 40
57 50 5
57 51 47
57 52 13
57 53 19
57 54 2
57 55 30
57 56 37
58 0 1
58 1 7
58 2 38
58 3 12
58 4 11
58 5 38
58 6 8
58 7 33
58 8 31
58 9 34
58 10 48
58 11 31
58 12 53
58 13 38
58 14 24
58 15 31
58 16 54
58 17 36
58 18 8
58 19 1
58 20 33
58 21 34
58 22 19
58 23 46
58 24 7
58 25 45
58 26 30
58 27 33
58 28 14
58 29 10
58 30 54
58 31 33
58 32 20
58 33 6
58 34 53
58 35 30
58 36 47
58 37 15
58 38 5
58 39 40
58 40 29
58 41 27
58 42 11
58 43 52
58 44 16
58 45 53
58 46 45
58 47 21
58 48 24
58 49 22
58 50 1
58 51 21
58 52 37
58 53 42
58 54 17
58 55 46
58 56 9
58 57 42
59 0 51
59 1 17
59 2 29
59 3 24
59 4 38
59 5 28
59 6 51
59 7 54
59 8 53
59 9 29
59 10 48
59 11 16
59 12 41
59 13 2
59 14 47
59 15 25
59 16 51
59 17 13
59 18 14
59 19 8
59 20 2
59 21 22
59 22 15
59 23 4
59 24 49
59 25 15
59 26 42
59 27 24
59 28 33
59 29 26
59 30 35
59 31 18
59 32 6
59 33 1
59 34 3
59 35 19
59 36 25
59 37 16
59 38 21
59 39 13
59 40 54
59 41 16
59 42 1
59 43 47
59 44 13
59 45 45
59 46 16
59 47 52
59 48 48
59 49 3
59 50 44
59 51 44
59 52 46
59 53 33
59 54 32
59 55 15
59 56 27
59 57 4
59 58 29
60 0 7
60 1 15
60 2 36
60 3 38
60 4 35
60 5 20
60 6 17
60 7 48
60 8 41
60 9 21
60 10 25
60 11 44
60 12 15
60 13 52
60 14 24
60 15 47
60 16 52
60 17 45
60 18 5
60 19 52
60 20 34
60 21 37
60 22 53
60 23 18
60 24 13
60 25 1
60 26 26
60 27 1
60 28 53
60 29 40
60 30 28
60 31 31
60 32 32
60 33 6
60 34 42
60 35 5
60 36 27
60 37 32
60 38 33
60 39 37
60 40 30
60 41 8
60 42 48
60 43 51
60 44 17
60 45 34
60 46 42
60 47 5
60 48 22
60 49 9
60 50 4
60 51 43
60 52 2
60 53 14
60 54 12
60 55 42
60 56 7
60 57 26
60 58 41
60 59 1
61 0 17
61 1 1
61 2 25
61 3 38
61 4 43
61 5 52
61 6 23
61 7 27
61 8 1
61 9 25
61 10 48
61 11 49
61 12 25
61 13 16
61 14 33
61 15 30
61 16 7
61 17 50
61 18 8
61 19 42
61 20 24
61 21 32
61 22 6
61 23 40
61 24 29
61 25 49
61 26 24
61 27 8
61 28 22
61 29 39
61 30 12
61 31 11
61 32 22
61 33 32
61 34 36
61 35 17
61 36 31
61 37 52
61 38 9
61 39 40
61 40 23
61 41 44
61 42 25
61 43 4
61 44 42
61 45 29
61 46 34
61 47 35
61 48 45
61 49 10
61 50 9
61 51 37
61 52 39
61 53 23
61 54 26
61 55 7
61 56 53
61 57 41
61 58 29
61 59 33
61 60 1
62 0 53
62 1 27
62 2 29
62 3 1
62 4 40
62 5 30
62 6 32
62 7 27
62 8 48
62 9 19
62 10 8
62 11 50
62 12 44
62 13 42
62 14 8
62 15 14
62 16 53
62 17 34
62 18 40
62 19 33
62 20 25
62 21 1
62 22 25
62 23 49
62 24 10
62 25 5
62 26 46
62 27 31
62 28 49
62 29 25
62 30 50
62 31 34
62 32 30
62 33 45
62 34 38
62 35 28
62 36 7
62 37 54
62 38 43
62 39 31
62 40 23
62 41 50
62 42 41
62 43 21
62 44 20
62 45 10
62 46 37
62 47 42
62 48 24
62 49 46
62 50 11
62 51 32
62 52 45
62 53 14
62 54 3
62 55 30
62 56 52
62 57 16
62 58 37
62 59 31
62 60 44
62 61 50
63 0 31
63 1 31
63 2 5
63 3 46
63 4 15
63 5 25
63 6 54
63 7 10
63 8 30
63 9 6
63 10 19
63 11 8
63 12 38
63 13 9
63 14 15
63 15 38
63 16 11
63 17 11
63 18 41
63 19 43
63 20 26
63 21 31
63 22 33
63 23 29
63 24 47
63 25 50
63 26 35
63 27 38
63 28 33
63 29 8
63 30 27
63 31 12
63 32 8
63 33 24
63 34 50
63 35 20
63 36 9
63 37 31
63 38 32
63 39 13
63 40 9
63 41 24
63 42 51
63 43 21
63 44 20
63 45 50
63 46 33
63 47 48
63 48 25
63 49 7
63 50 54
63 51 54
63 52 22
63 53 45
63 54 35
63 55 26
63 56 7
63 57 33
63 58 11
63 59 51
63 60 1
63 61 4
63 62 47
64 0 1
64 1 34
64 2 54
64 3 12
64 4 9
64 5 40
64 6 19
64 7 13
64 8 7
64 9 46
64 10 39
64 11 13
64 12 51
64 13 39
64 14 16
64 15 50
64 16 24
64 17 38
64 18 36
64 19 43
64 20 49
64 21 27
64 22 44
64 23 38
64 24 19
64 25 7
64 26 28
64 27 54
64 28 22
64 29 4
64 30 33
64 31 54
64 32 7
64 33 34
64 34 49
64 35 20
64 36 40
64 37 10
64 38 51
64 39 46
64 40 23
64 41 1
64 42 38
64 43 11
64 44 42
64 45 37
64 46 44
64 47 32
64 48 11
64 49 51
64 50 11
64 51 34
64 52 30
64 53 10
64 54 4
64 55 32
64 56 50
64 57 27
64 58 26
64 59 1
64 60 4
64 61 51
64 62 11
64 63 19
