69
1 0 17
2 0 13
2 1 18
3 0 16
3 1 8
3 2 18
4 0 14
4 1 11
4 2 6
4 3 20
5 0 31
5 1 14
5 2 30
5 3 26
5 4 1
6 0 24
6 1 10
6 2 31
6 3 33
6 4 23
6 5 14
7 0 21
7 1 23
7 2 28
7 3 14
7 4 1
7 5 8
7 6 10
8 0 8
8 1 5
8 2 13
8 3 11
8 4 27
8 5 2
8 6 29
8 7 33
9 0 19
9 1 32
9 2 28
9 3 27
9 4 14
9 5 5
9 6 25
9 7 21
9 8 15
10 0 22
10 1 28
10 2 18
10 3 25
10 4 19
10 5 5
10 6 34
10 7 31
10 8 18
10 9 29
11 0 32
11 1 33
11 2 9
11 3 18
11 4 16
11 5 32
11 6 17
11 7 25
11 8 4
11 9 5
11 10 3
12 0 25
12 1 4
12 2 13
12 3 4
12 4 2
12 5 33
12 6 29
12 7 4
12 8 12
12 9 15
12 10 32
12 11 34
13 0 33
13 1 15
13 2 19
13 3 32
13 4 21
13 5 26
13 6 27
13 7 17
13 8 30
13 9 15
13 10 24
13 11 1
13 12 14
14 0 10
14 1 14
14 2 17
14 3 10
14 4 27
14 5 19
14 6 31
14 7 20
14 8 20
14 9 7
14 10 17
14 11 14
14 12 30
14 13 13
15 0 19
15 1 22
15 2 33
15 3 34
15 4 31
15 5 13
15 6 11
15 7 27
15 8 19
15 9 27
15 10 4
15 11 23
15 12 25
15 13 28
15 14 9
16 0 11
16 1 12
16 2 34
16 3 27
16 4 12
16 5 7
16 6 5
16 7 32
16 8 34
16 9 18
16 10 29
16 11 21
16 12 2
16 13 33
16 14 9
16 15 19
17 0 11
17 1 1
17 2 3
17 3 33
17 4 23
17 5 10
17 6 34
17 7 22
17 8 9
17 9 10
17 10 3
17 11 3
17 12 12
17 13 21
17 14 31
17 15 23
17 16 17
18 0 21
18 1 2
18 2 6
18 3 15
18 4 8
18 5 23
18 6 2
18 7 25
18 8 3
18 9 1
18 10 23
18 11 28
18 12 13
18 13 8
18 14 21
18 15 16
18 16 3
18 17 25
19 0 21
19 1 19
19 2 16
19 3 4
19 4 7
19 5 16
19 6 3
19 7 6
19 8 6
19 9 34
19 10 14
19 11 22
19 12 31
19 13 32
19 14 4
19 15 1
19 16 7
19 17 16
19 18 18
20 0 21
20 1 15
20 2 15
20 3 24
20 4 31
20 5 1
20 6 9
20 7 11
20 8 11
20 9 3
20 10 11
20 11 5
20 12 15
20 13 3
20 14 31
20 15 29
20 16 13
20 17 28
20 18 34
20 19 16
21 0 32
21 1 5
21 2 9
21 3 31
21 4 4
21 5 28
21 6 25
21 7 25
21 8 6
21 9 5
21 10 18
21 11 31
21 12 5
21 13 19
21 14 12
21 15 29
21 16 22
21 17 17
21 18 6
21 19 23
21 20 2
22 0 31
22 1 8
22 2 1
22 3 34
22 4 8
22 5 32
22 6 21
22 7 4
22 8 30
22 9 17
22 10 14
22 11 30
22 12 18
22 13 15
22 14 1
22 15 31
22 16 23
22 17 11
22 18 21
22 19 29
22 20 5
22 21 4
23 0 28
23 1 7
23 2 32
23 3 12
23 4 10
23 5 34
23 6 3
23 7 22
23 8 11
23 9 27
23 10 23
23 11 19
23 12 19
23 13 11
23 14 9
23 15 28
23 16 12
23 17 13
23 18 5
23 19 33
23 20 28
23 21 2
23 22 15
24 0 23
24 1 18
24 2 16
24 3 19
24 4 25
24 5 27
24 6 21
24 7 3
24 8 14
24 9 32
24 10 17
24 11 24
24 12 9
24 13 17
24 14 14
24 15 21
24 16 5
24 17 28
24 18 21
24 19 8
24 20 28
24 21 15
24 22 20
24 23 12
25 0 30
25 1 24
25 2 3
25 3 10
25 4 28
25 5 7
25 6 12
25 7 2
25 8 2
25 9 22
25 10 8
25 11 9
25 12 25
25 13 29
25 14 9
25 15 5
25 16 8
25 17 26
25 18 24
25 19 7
25 20 32
25 21 18
25 22 8
25 23 13
25 24 24
26 0 34
26 1 24
26 2 16
26 3 28
26 4 20
26 5 12
26 6 13
26 7 29
26 8 2
26 9 9
26 10 19
26 11 2
26 12 16
26 13 21
26 14 16
26 15 27
26 16 27
26 17 22
26 18 28
26 19 34
26 20 23
26 21 7
26 22 16
26 23 15
26 24 16
26 25 25
27 0 28
27 1 11
27 2 16
27 3 29
27 4 28
27 5 33
27 6 23
27 7 14
27 8 24
27 9 30
27 10 4
27 11 28
27 12 15
27 13 31
27 14 6
27 15 5
27 16 18
27 17 16
27 18 15
27 19 27
27 20 5
27 21 12
27 22 3
27 23 16
27 24 6
27 25 9
27 26 30
28 0 14
28 1 30
28 2 29
28 3 11
28 4 24
28 5 15
28 6 28
28 7 9
28 8 28
28 9 7
28 10 18
28 11 11
28 12 14
28 13 23
28 14 30
28 15 26
28 16 29
28 17 23
28 18 30
28 19 28
28 20 11
28 21 23
28 22 26
28 23 18
28 24 3
28 25 26
28 26 23
28 27 6
29 0 30
29 1 31
29 2 14
29 3 25
29 4 24
29 5 16
29 6 19
29 7 18
29 8 7
29 9 9
29 10 9
29 11 10
29 12 2
29 13 7
29 14 32
29 15 20
29 16 31
29 17 33
29 18 19
29 19 21
29 20 9
29 21 27
29 22 13
29 23 17
29 24 32
29 25 33
29 26 24
29 27 15
29 28 7
30 0 25
30 1 8
30 2 25
30 3 19
30 4 26
30 5 25
30 6 23
30 7 30
30 8 8
30 9 2
30 10 25
30 11 16
30 12 11
30 13 3
30 14 34
30 15 1
30 16 21
30 17 34
30 18 6
30 19 23
30 20 23
30 21 19
30 22 28
30 23 28
30 24 28
30 25 1
30 26 34
30 27 27
30 28 25
30 29 9
31 0 28
31 1 11
31 2 31
31 3 12
31 4 11
31 5 34
31 6 15
31 7 1
31 8 30
31 9 29
31 10 28
31 11 11
31 12 29
31 13 15
31 14 8
31 15 21
31 16 20
31 17 26
31 18 1
31 19 24
31 20 9
31 21 13
31 22 8
31 23 21
31 24 5
31 25 19
31 26 22
31 27 18
31 28 5
31 29 20
31 30 4
32 0 30
32 1 31
32 2 15
32 3 8
32 4 6
32 5 26
32 6 18
32 7 5
32 8 26
32 9 6
32 10 25
32 11 4
32 12 3
32 13 18
32 14 2
32 15 31
32 16 5
32 17 26
32 18 5
32 19 16
32 20 23
32 21 12
32 22 21
32 23 28
32 24 24
32 25 26
32 26 31
32 27 28
32 28 29
32 29 14
32 30 32
32 31 27
33 0 14
33 1 5
33 2 14
33 3 15
33 4 32
33 5 2
33 6 18
33 7 12
33 8 9
33 9 14
33 10 7
33 11 31
33 12 30
33 13 34
33 14 8
33 15 34
33 16 34
33 17 5
33 18 4
33 19 33
33 20 2
33 21 29
33 22 2
33 23 10
33 24 8
33 25 26
33 26 23
33 27 3
33 28 14
33 29 22
33 30 25
33 31 23
33 32 17
34 0 31
34 1 6
34 2 20
34 3 2
34 4 30
34 5 19
34 6 11
34 7 27
34 8 12
34 9 15
34 10 22
34 11 9
34 12 19
34 13 8
34 14 27
34 15 29
34 16 8
34 17 21
34 18 12
34 19 29
34 20 21
34 21 23
34 22 21
34 23 6
34 24 29
34 25 16
34 26 3
34 27 7
34 28 20
34 29 2
34 30 18
34 31 22
34 32 4
34 33 27
35 0 31
35 1 13
35 2 12
35 3 19
35 4 30
35 5 26
35 6 6
35 7 14
35 8 29
35 9 32
35 10 12
35 11 21
35 12 24
35 13 27
35 14 27
35 15 32
35 16 28
35 17 34
35 18 30
35 19 32
35 20 19
35 21 7
35 22 4
35 23 23
35 24 3
35 25 32
35 26 21
35 27 18
35 28 21
35 29 10
35 30 30
35 31 27
35 32 8
35 33 8
35 34 19
36 0 32
36 1 3
36 2 32
36 3 6
36 4 31
36 5 2
36 6 32
36 7 32
36 8 19
36 9 34
36 10 16
36 11 24
36 12 28
36 13 21
36 14 19
36 15 20
36 16 26
36 17 18
36 18 30
36 19 18
36 20 20
36 21 16
36 22 9
36 23 16
36 24 12
36 25 12
36 26 4
36 27 6
36 28 7
36 29 30
36 30 22
36 31 12
36 32 28
36 33 23
36 34 17
36 35 15
37 0 30
37 1 9
37 2 27
37 3 2
37 4 30
37 5 15
37 6 10
37 7 18
37 8 19
37 9 24
37 10 27
37 11 11
37 12 32
37 13 34
37 14 28
37 15 24
37 16 27
37 17 19
37 18 29
37 19 24
37 20 19
37 21 1
37 22 3
37 23 19
37 24 22
37 25 5
37 26 17
37 27 32
37 28 3
37 29 2
37 30 7
37 31 17
37 32 16
37 33 25
37 34 21
37 35 4
37 36 11
38 0 33
38 1 21
38 2 3
38 3 9
38 4 14
38 5 16
38 6 28
38 7 3
38 8 9
38 9 27
38 10 16
38 11 34
38 12 4
38 13 20
38 14 20
38 15 4
38 16 13
38 17 21
38 18 22
38 19 22
38 20 34
38 21 23
38 22 15
38 23 23
38 24 22
38 25 22
38 26 34
38 27 4
38 28 18
38 29 12
38 30 1
38 31 19
38 32 9
38 33 27
38 34 12
38 35 30
38 36 1
38 37 30
39 0 21
39 1 30
39 2 3
39 3 31
39 4 23
39 5 16
39 6 7
39 7 24
39 8 19
39 9 34
39 10 9
39 11 28
39 12 2
39 13 25
39 14 27
39 15 6
39 16 25
39 17 19
39 18 24
39 19 10
39 20 9
39 21 30
39 22 7
39 23 29
39 24 27
39 25 18
39 26 20
39 27 14
39 28 29
39 29 17
39 30 20
39 31 2
39 32 28
39 33 8
39 34 15
39 35 27
39 36 21
39 37 3
39 38 22
40 0 34
40 1 34
40 2 19
40 3 13
40 4 20
40 5 25
40 6 17
40 7 29
40 8 12
40 9 1
40 10 3
40 11 34
40 12 25
40 13 3
40 14 16
40 15 19
40 16 4
40 17 2
40 18 15
40 19 7
40 20 14
40 21 17
40 22 13
40 23 14
40 24 31
40 25 20
40 26 14
40 27 33
40 28 27
40 29 33
40 30 14
40 31 26
40 32 32
40 33 30
40 34 16
40 35 29
40 36 24
40 37 30
40 38 32
40 39 6
41 0 1
41 1 16
41 2 34
41 3 11
41 4 25
41 5 11
41 6 14
41 7 4
41 8 12
41 9 33
41 10 34
41 11 8
41 12 9
41 13 4
41 14 6
41 15 28
41 16 15
41 17 32
41 18 6
41 19 29
41 20 32
41 21 5
41 22 32
41 23 34
41 24 27
41 25 12
41 26 33
41 27 30
41 28 4
41 29 15
41 30 15
41 31 1
41 32 20
41 33 29
41 34 23
41 35 10
41 36 17
41 37 17
41 38 8
41 39 33
41 40 6
42 0 22
42 1 18
42 2 8
42 3 5
42 4 7
42 5 3
42 6 26
42 7 27
42 8 14
42 9 2
42 10 11
42 11 12
42 12 7
42 13 12
42 14 23
42 15 28
42 16 16
42 17 2
42 18 17
42 19 33
42 20 30
42 21 1
42 22 26
42 23 8
42 24 8
42 25 8
42 26 34
42 27 27
42 28 19
42 29 22
42 30 9
42 31 28
42 32 33
42 33 7
42 34 26
42 35 2
42 36 19
42 37 32
42 38 17
42 39 18
42 40 19
42 41 10
43 0 13
43 1 8
43 2 14
43 3 14
43 4 19
43 5 16
43 6 27
43 7 19
43 8 3
43 9 32
43 10 24
43 11 15
43 12 7
43 13 4
43 14 23
43 15 23
43 16 16
43 17 2
43 18 15
43 19 22
43 20 33
43 21 7
43 22 5
43 23 4
43 24 7
43 25 33
43 26 31
43 27 18
43 28 8
43 29 22
43 30 26
43 31 8
43 32 13
43 33 1
43 34 27
43 35 11
43 36 15
43 37 16
43 38 4
43 39 13
43 40 5
43 41 4
43 42 8
44 0 15
44 1 20
44 2 17
44 3 28
44 4 3
44 5 22
44 6 20
44 7 27
44 8 24
44 9 19
44 10 4
44 11 13
44 12 16
44 13 12
44 14 1
44 15 18
44 16 19
44 17 27
44 18 30
44 19 30
44 20 10
44 21 30
44 22 23
44 23 1
44 24 31
44 25 1
44 26 33
44 27 1
44 28 20
44 29 30
44 30 15
44 31 7
44 32 26
44 33 34
44 34 28
44 35 19
44 36 29
44 37 25
44 38 24
44 39 21
44 40 30
44 41 17
44 42 15
44 43 22
45 0 25
45 1 1
45 2 25
45 3 2
45 4 30
45 5 10
45 6 26
45 7 25
45 8 8
45 9 34
45 10 24
45 11 28
45 12 19
45 13 12
45 14 27
45 15 23
45 16 20
45 17 32
45 18 24
45 19 16
45 20 16
45 21 7
45 22 34
45 23 23
45 24 23
45 25 2
45 26 31
45 27 29
45 28 2
45 29 2
45 30 7
45 31 4
45 32 27
45 33 26
45 34 31
45 35 32
45 36 26
45 37 23
45 38 27
45 39 2
45 40 8
45 41 13
45 42 13
45 43 29
45 44 20
46 0 20
46 1 17
46 2 11
46 3 10
46 4 31
46 5 25
46 6 21
46 7 34
46 8 3
46 9 15
46 10 21
46 11 26
46 12 21
46 13 2
46 14 7
46 15 2
46 16 34
46 17 27
46 18 2
46 19 4
46 20 17
46 21 5
46 22 9
46 23 30
46 24 20
46 25 22
46 26 28
46 27 6
46 28 20
46 29 30
46 30 5
46 31 12
46 32 20
46 33 20
46 34 1
46 35 9
46 36 6
46 37 18
46 38 19
46 39 10
46 40 20
46 41 11
46 42 32
46 43 3
46 44 26
46 45 15
47 0 19
47 1 24
47 2 1
47 3 3
47 4 12
47 5 31
47 6 5
47 7 25
47 8 11
47 9 17
47 10 27
47 11 10
47 12 6
47 13 21
47 14 32
47 15 16
47 16 33
47 17 11
47 18 24
47 19 22
47 20 14
47 21 30
47 22 15
47 23 16
47 24 12
47 25 2
47 26 4
47 27 23
47 28 7
47 29 15
47 30 33
47 31 34
47 32 30
47 33 6
47 34 22
47 35 23
47 36 5
47 37 10
47 38 12
47 39 31
47 40 9
47 41 24
47 42 3
47 43 4
47 44 31
47 45 4
47 46 3
48 0 19
48 1 11
48 2 10
48 3 9
48 4 17
48 5 5
48 6 18
48 7 14
48 8 16
48 9 24
48 10 28
48 11 12
48 12 19
48 13 14
48 14 21
48 15 8
48 16 18
48 17 23
48 18 34
48 19 25
48 20 30
48 21 19
48 22 14
48 23 4
48 24 33
48 25 27
48 26 20
48 27 22
48 28 4
48 29 8
48 30 9
48 31 24
48 32 34
48 33 23
48 34 21
48 35 12
48 36 12
48 37 24
48 38 22
48 39 16
48 40 1
48 41 25
48 42 6
48 43 27
48 44 7
48 45 28
48 46 20
48 47 34
49 0 24
49 1 27
49 2 9
49 3 8
49 4 4
49 5 12
49 6 19
49 7 12
49 8 18
49 9 28
49 10 8
49 11 34
49 12 2
49 13 12
49 14 31
49 15 3
49 16 7
49 17 22
49 18 5
49 19 12
49 20 34
49 21 34
49 22 33
49 23 12
49 24 20
49 25 19
49 26 27
49 27 18
49 28 8
49 29 19
49 30 23
49 31 22
49 32 13
49 33 33
49 34 27
49 35 24
49 36 28
49 37 18
49 38 16
49 39 24
49 40 18
49 41 3
49 42 2
49 43 15
49 44 23
49 45 5
49 46 12
49 47 30
49 48 7
50 0 19
50 1 23
50 2 26
50 3 30
50 4 2
50 5 26
50 6 25
50 7 15
50 8 33
50 9 28
50 10 27
50 11 25
50 12 6
50 13 20
50 14 8
50 15 21
50 16 20
50 17 7
50 18 6
50 19 26
50 20 34
50 21 13
50 22 4
50 23 17
50 24 30
50 25 29
50 26 28
50 27 24
50 28 29
50 29 13
50 30 24
50 31 30
50 32 6
50 33 28
50 34 24
50 35 12
50 36 21
50 37 25
50 38 32
50 39 3
50 40 3
50 41 26
50 42 23
50 43 15
50 44 17
50 45 25
50 46 3
50 47 33
50 48 7
50 49 10
51 0 19
51 1 6
51 2 11
51 3 6
51 4 16
51 5 24
51 6 20
51 7 32
51 8 6
51 9 6
51 10 25
51 11 17
51 12 27
51 13 7
51 14 12
51 15 13
51 16 22
51 17 28
51 18 29
51 19 16
51 20 21
51 21 11
51 22 2
51 23 29
51 24 28
51 25 29
51 26 3
51 27 11
51 28 18
51 29 16
51 30 12
51 31 29
51 32 17
51 33 29
51 34 7
51 35 18
51 36 10
51 37 6
51 38 16
51 39 16
51 40 10
51 41 15
51 42 21
51 43 4
51 44 22
51 45 7
51 46 23
51 47 14
51 48 3
51 49 26
51 50 1
52 0 13
52 1 10
52 2 13
52 3 21
52 4 3
52 5 32
52 6 19
52 7 1
52 8 16
52 9 15
52 10 34
52 11 4
52 12 6
52 13 34
52 14 12
52 15 10
52 16 7
52 17 12
52 18 4
52 19 8
52 20 11
52 21 19
52 22 16
52 23 26
52 24 22
52 25 26
52 26 9
52 27 3
52 28 12
52 29 3
52 30 4
52 31 4
52 32 34
52 33 7
52 34 2
52 35 30
52 36 14
52 37 21
52 38 6
52 39 19
52 40 14
52 41 1
52 42 9
52 43 25
52 44 34
52 45 33
52 46 5
52 47 28
52 48 1
52 49 13
52 50 28
52 51 25
53 0 19
53 1 15
53 2 30
53 3 8
53 4 22
53 5 7
53 6 8
53 7 21
53 8 8
53 9 4
53 10 6
53 11 14
53 12 34
53 13 27
53 14 32
53 15 29
53 16 31
53 17 30
53 18 21
53 19 22
53 20 22
53 21 13
53 22 1
53 23 13
53 24 22
53 25 34
53 26 28
53 27 5
53 28 4
53 29 25
53 30 31
53 31 20
53 32 12
53 33 6
53 34 6
53 35 30
53 36 3
53 37 10
53 38 21
53 39 33
53 40 28
53 41 18
53 42 1
53 43 11
53 44 19
53 45 12
53 46 19
53 47 7
53 48 32
53 49 31
53 50 8
53 51 27
53 52 2
54 0 7
54 1 9
54 2 26
54 3 11
54 4 31
54 5 3
54 6 18
54 7 4
54 8 33
54 9 20
54 10 30
54 11 8
54 12 17
54 13 28
54 14 24
54 15 13
54 16 8
54 17 21
54 18 8
54 19 25
54 20 12
54 21 16
54 22 30
54 23 8
54 24 30
54 25 16
54 26 29
54 27 8
54 28 21
54 29 33
54 30 17
54 31 4
54 32 16
54 33 11
54 34 25
54 35 6
54 36 18
54 37 5
54 38 26
54 39 6
54 40 18
54 41 20
54 42 28
54 43 8
54 44 8
54 45 19
54 46 24
54 47 19
54 48 29
54 49 17
54 50 17
54 51 24
54 52 28
54 53 8
55 0 18
55 1 13
55 2 18
55 3 16
55 4 22
55 5 6
55 6 15
55 7 19
55 8 4
55 9 2
55 10 32
55 11 1
55 12 34
55 13 16
55 14 8
55 15 23
55 16 27
55 17 9
55 18 16
55 19 18
55 20 10
55 21 3
55 22 34
55 23 12
55 24 15
55 25 18
55 26 5
55 27 18
55 28 17
55 29 21
55 30 6
55 31 9
55 32 23
55 33 4
55 34 13
55 35 27
55 36 34
55 37 29
55 38 27
55 39 19
55 40 13
55 41 31
55 42 1
55 43 32
55 44 27
55 45 27
55 46 26
55 47 1
55 48 15
55 49 10
55 50 34
55 51 34
55 52 23
55 53 9
55 54 27
56 0 24
56 1 25
56 2 3
56 3 2
56 4 9
56 5 12
56 6 24
56 7 7
56 8 24
56 9 13
56 10 22
56 11 33
56 12 4
56 13 21
56 14 8
56 15 33
56 16 21
56 17 2
56 18 29
56 19 11
56 20 14
56 21 17
56 22 2
56 23 21
56 24 16
56 25 32
56 26 9
56 27 10
56 28 23
56 29 13
56 30 10
56 31 25
56 32 24
56 33 10
56 34 8
56 35 33
56 36 22
56 37 4
56 38 24
56 39 32
56 40 4
56 41 1
56 42 10
56 43 5
56 44 30
56 45 2
56 46 12
56 47 19
56 48 22
56 49 25
56 50 5
56 51 10
56 52 27
56 53 10
56 54 31
56 55 1
57 0 7
57 1 24
57 2 10
57 3 32
57 4 17
57 5 19
57 6 26
57 7 22
57 8 11
57 9 13
57 10 5
57 11 19
57 12 6
57 13 16
57 14 3
57 15 10
57 16 23
57 17 33
57 18 21
57 19 19
57 20 12
57 21 15
57 22 16
57 23 9
57 24 30
57 25 11
57 26 17
57 27 30
57 28 18
57 29 27
57 30 21
57 31 10
57 32 22
57 33 32
57 34 2
57 35 28
57 36 30
57 37 25
57 38 20
57 39 27
57 40 12
57 41 18
57 42 17
57 43 10
57 44 5
57 45 16
57 46 1
57 47 26
57 48 12
57 49 7
57 50 27
57 51 12
57 52 29
57 53 4
57 54 5
57 55 17
57 56 4
58 0 27
58 1 3
58 2 8
58 3 16
58 4 27
58 5 14
58 6 25
58 7 17
58 8 12
58 9 22
58 10 19
58 11 26
58 12 15
58 13 3
58 14 13
58 15 29
58 16 1
58 17 18
58 18 5
58 19 23
58 20 2
58 21 29
58 22 3
58 23 30
58 24 34
58 25 17
58 26 30
58 27 28
58 28 10
58 29 19
58 30 4
58 31 27
58 32 26
58 33 24
58 34 12
58 35 27
58 36 29
58 37 19
58 38 5
58 39 33
58 40 25
58 41 31
58 42 12
58 43 30
58 44 34
58 45 9
58 46 15
58 47 34
58 48 27
58 49 8
58 50 8
58 51 29
58 52 26
58 53 29
58 54 27
58 55 5
58 56 19
58 57 8
59 0 10
59 1 2
59 2 24
59 3 15
59 4 29
59 5 7
59 6 10
59 7 2
59 8 23
59 9 12
59 10 33
59 11 19
59 12 17
59 13 30
59 14 20
59 15 20
59 16 17
59 17 30
59 18 32
59 19 26
59 20 10
59 21 17
59 22 31
59 23 15
59 24 20
59 25 2
59 26 15
59 27 23
59 28 33
59 29 8
59 30 24
59 31 15
59 32 9
59 33 26
59 34 8
59 35 17
59 36 10
59 37 23
59 38 13
59 39 26
59 40 29
59 41 28
59 42 7
59 43 9
59 44 24
59 45 28
59 46 31
59 47 11
59 48 5
59 49 15
59 50 32
59 51 6
59 52 11
59 53 19
59 54 8
59 55 4
59 56 20
59 57 33
59 58 28
60 0 17
60 1 32
60 2 20
60 3 17
60 4 23
60 5 19
60 6 29
60 7 21
60 8 10
60 9 10
60 10 22
60 11 26
60 12 21
60 13 10
60 14 24
60 15 13
60 16 3
60 17 2
60 18 12
60 19 26
60 20 3
60 21 30
60 22 14
60 23 9
60 24 7
60 25 17
60 26 5
60 27 7
60 28 13
60 29 27
60 30 27
60 31 10
60 32 33
60 33 27
60 34 5
60 35 30
60 36 24
60 37 25
60 38 1
60 39 3
60 40 20
60 41 23
60 42 31
60 43 14
60 44 21
60 45 30
60 46 21
60 47 26
60 48 3
60 49 4
60 50 4
60 51 32
60 52 1
60 53 15
60 54 2
60 55 16
60 56 26
60 57 8
60 58 4
60 59 12
61 0 27
61 1 20
61 2 12
61 3 11
61 4 21
61 5 3
61 6 18
61 7 13
61 8 24
61 9 28
61 10 31
61 11 1
61 12 17
61 13 33
61 14 24
61 15 12
61 16 11
61 17 20
61 18 14
61 19 21
61 20 7
61 21 7
61 22 1
61 23 21
61 24 30
61 25 10
61 26 7
61 27 5
61 28 2
61 29 28
61 30 13
61 31 2
61 32 12
61 33 26
61 34 10
61 35 15
61 36 26
61 37 22
61 38 7
61 39 27
61 40 16
61 41 33
61 42 7
61 43 21
61 44 17
61 45 34
61 46 28
61 47 6
61 48 27
61 49 6
61 50 13
61 51 34
61 52 10
61 53 6
61 54 14
61 55 2
61 56 33
61 57 13
61 58 10
61 59 18
61 60 33
62 0 10
62 1 1
62 2 3
62 3 26
62 4 6
62 5 9
62 6 20
62 7 32
62 8 34
62 9 23
62 10 25
62 11 14
62 12 2
62 13 32
62 14 17
62 15 24
62 16 20
62 17 33
62 18 29
62 19 32
62 20 29
62 21 9
62 22 10
62 23 15
62 24 33
62 25 4
62 26 6
62 27 16
62 28 24
62 29 22
62 30 3
62 31 32
62 32 30
62 33 19
62 34 15
62 35 20
62 36 18
62 37 2
62 38 34
62 39 27
62 40 5
62 41 16
62 42 13
62 43 31
62 44 13
62 45 16
62 46 15
62 47 3
62 48 6
62 49 24
62 50 8
62 51 17
62 52 29
62 53 21
62 54 29
62 55 1
62 56 12
62 57 28
62 58 9
62 59 14
62 60 2
62 61 18
63 0 8
63 1 12
63 2 30
63 3 30
63 4 27
63 5 12
63 6 27
63 7 22
63 8 24
63 9 15
63 10 9
63 11 20
63 12 2
63 13 12
63 14 12
63 15 28
63 16 32
63 17 14
63 18 14
63 19 22
63 20 28
63 21 11
63 22 6
63 23 27
63 24 30
63 25 30
63 26 17
63 27 32
63 28 24
63 29 2
63 30 21
63 31 14
63 32 2
63 33 17
63 34 2
63 35 23
63 36 11
63 37 27
63 38 6
63 39 18
63 40 10
63 41 16
63 42 7
63 43 10
63 44 33
63 45 9
63 46 3
63 47 23
63 48 33
63 49 21
63 50 34
63 51 26
63 52 10
63 53 17
63 54 10
63 55 5
63 56 25
63 57 16
63 58 24
63 59 2
63 60 15
63 61 28
63 62 20
64 0 1
64 1 27
64 2 33
64 3 21
64 4 13
64 5 9
64 6 28
64 7 16
64 8 28
64 9 16
64 10 9
64 11 13
64 12 22
64 13 29
64 14 19
64 15 3
64 16 22
64 17 20
64 18 29
64 19 5
64 20 11
64 21 12
64 22 15
64 23 20
64 24 9
64 25 32
64 26 33
64 27 1
64 28 30
64 29 28
64 30 21
64 31 31
64 32 22
64 33 23
64 34 18
64 35 17
64 36 17
64 37 19
64 38 33
64 39 32
64 40 10
64 41 29
64 42 32
64 43 7
64 44 13
64 45 20
64 46 23
64 47 30
64 48 12
64 49 18
64 50 22
64 51 12
64 52 8
64 53 7
64 54 7
64 55 9
64 56 34
64 57 18
64 58 21
64 59 32
64 60 16
64 61 6
64 62 31
64 63 32
65 0 1
65 1 17
65 2 17
65 3 13
65 4 20
65 5 22
65 6 10
65 7 28
65 8 25
65 9 15
65 10 25
65 11 28
65 12 5
65 13 27
65 14 23
65 15 26
65 16 21
65 17 1
65 18 3
65 19 1
65 20 2
65 21 11
65 22 15
65 23 28
65 24 26
65 25 33
65 26 21
65 27 34
65 28 14
65 29 15
65 30 30
65 31 33
65 32 29
65 33 7
65 34 28
65 35 3
65 36 17
65 37 32
65 38 21
65 39 3
65 40 30
65 41 16
65 42 33
65 43 28
65 44 25
65 45 23
65 46 13
65 47 10
65 48 21
65 49 10
65 50 34
65 51 3
65 52 10
65 53 1
65 54 23
65 55 29
65 56 18
65 57 20
65 58 17
65 59 15
65 60 31
65 61 29
65 62 22
65 63 3
65 64 21
66 0 25
66 1 6
66 2 13
66 3 22
66 4 20
66 5 24
66 6 1
66 7 28
66 8 30
66 9 11
66 10 28
66 11 4
66 12 16
66 13 23
66 14 4
66 15 3
66 16 9
66 17 1
66 18 27
66 19 13
66 20 7
66 21 17
66 22 18
66 23 5
66 24 15
66 25 6
66 26 32
66 27 3
66 28 24
66 29 10
66 30 21
66 31 33
66 32 16
66 33 8
66 34 18
66 35 30
66 36 5
66 37 15
66 38 32
66 39 30
66 40 5
66 41 34
66 42 6
66 43 25
66 44 10
66 45 18
66 46 17
66 47 11
66 48 9
66 49 29
66 50 5
66 51 2
66 52 32
66 53 20
66 54 14
66 55 12
66 56 27
66 57 2
66 58 6
66 59 31
66 60 25
66 61 8
66 62 32
66 63 27
66 64 1
66 65 25
67 0 34
67 1 33
67 2 4
67 3 31
67 4 28
67 5 1
67 6 27
67 7 27
67 8 20
67 9 17
67 10 21
67 11 6
67 12 3
67 13 19
67 14 21
67 15 12
67 16 25
67 17 11
67 18 6
67 19 33
67 20 3
67 21 2
67 22 30
67 23 12
67 24 18
67 25 20
67 26 4
67 27 4
67 28 3
67 29 12
67 30 30
67 31 24
67 32 6
67 33 18
67 34 27
67 35 22
67 36 32
67 37 30
67 38 5
67 39 9
67 40 27
67 41 4
67 42 1
67 43 11
67 44 14
67 45 31
67 46 12
67 47 23
67 48 12
67 49 24
67 50 12
67 51 6
67 52 25
67 53 13
67 54 17
67 55 5
67 56 25
67 57 19
67 58 27
67 59 6
67 60 13
67 61 17
67 62 1
67 63 18
67 64 31
67 65 8
67 66 24
68 0 22
68 1 20
68 2 31
68 3 32
68 4 33
68 5 6
68 6 2
68 7 31
68 8 7
68 9 27
68 10 24
68 11 26
68 12 19
68 13 22
68 14 12
68 15 3
68 16 12
68 17 28
68 18 31
68 19 23
68 20 15
68 21 20
68 22 23
68 23 15
68 24 9
68 25 4
68 26 25
68 27 19
68 28 7
68 29 9
68 30 2
68 31 14
68 32 25
68 33 20
68 34 19
68 35 33
68 36 19
68 37 18
68 38 31
68 39 34
68 40 31
68 41 23
68 42 18
68 43 8
68 44 10
68 45 23
68 46 9
68 47 27
68 48 14
68 49 27
68 50 27
68 51 16
68 52 18
68 53 15
68 54 16
68 55 28
68 56 5
68 57 7
68 58 17
68 59 15
68 60 15
68 61 4
68 62 9
68 63 6
68 64 17
68 65 6
68 66 15
68 67 26
