30
1 0 2
2 0 3
2 1 4
3 0 5
3 1 3
3 2 7
4 0 1
4 1 7
4 2 1
4 3 1
5 0 3
5 1 2
5 2 6
5 3 2
5 4 7
6 0 6
6 1 3
6 2 3
6 3 1
6 4 3
6 5 1
7 0 3
7 1 4
7 2 3
7 3 7
7 4 2
7 5 7
7 6 5
8 0 3
8 1 7
8 2 3
8 3 6
8 4 5
8 5 3
8 6 6
8 7 1
9 0 7
9 1 2
9 2 3
9 3 7
9 4 1
9 5 5
9 6 1
9 7 5
9 8 3
10 0 6
10 1 7
10 2 7
10 3 2
10 4 7
10 5 4
10 6 3
10 7 1
10 8 3
10 9 5
11 0 1
11 1 2
11 2 1
11 3 6
11 4 3
11 5 6
11 6 1
11 7 1
11 8 5
11 9 1
11 10 5
12 0 1
12 1 7
12 2 6
12 3 5
12 4 5
12 5 7
12 6 2
12 7 5
12 8 7
12 9 3
12 10 4
12 11 5
13 0 1
13 1 4
13 2 1
13 3 7
13 4 2
13 5 5
13 6 5
13 7 2
13 8 4
13 9 5
13 10 4
13 11 2
13 12 4
14 0 2
14 1 5
14 2 6
14 3 3
14 4 6
14 5 6
14 6 4
14 7 6
14 8 1
14 9 7
14 10 3
14 11 4
14 12 6
14 13 7
15 0 2
15 1 6
15 2 1
15 3 2
15 4 3
15 5 2
15 6 7
15 7 2
15 8 7
15 9 4
15 10 5
15 11 3
15 12 7
15 13 3
15 14 7
16 0 3
16 1 4
16 2 2
16 3 1
16 4 6
16 5 1
16 6 7
16 7 4
16 8 3
16 9 2
16 10 4
16 11 7
16 12 5
16 13 5
16 14 6
16 15 5
17 0 2
17 1 7
17 2 6
17 3 3
17 4 2
17 5 2
17 6 7
17 7 5
17 8 4
17 9 5
17 10 1
17 11 1
17 12 4
17 13 6
17 14 7
17 15 1
17 16 3
18 0 1
18 1 2
18 2 4
18 3 7
18 4 5
18 5 3
18 6 5
18 7 6
18 8 4
18 9 4
18 10 5
18 11 3
18 12 5
18 13 3
18 14 2
18 15 6
18 16 6
18 17 6
19 0 4
19 1 4
19 2 2
19 3 7
19 4 5
19 5 5
19 6 4
19 7 2
19 8 1
19 9 4
19 10 3
19 11 1
19 12 4
19 13 7
19 14 1
19 15 3
19 16 5
19 17 7
19 18 5
20 0 5
20 1 1
20 2 4
20 3 4
20 4 2
20 5 2
20 6 5
20 7 3
20 8 4
20 9 6
20 10 6
20 11 6
20 12 5
20 13 7
20 14 6
20 15 2
20 16 5
20 17 5
20 18 3
20 19 1
21 0 7
21 1 5
21 2 5
21 3 4
21 4 4
21 5 3
21 6 6
21 7 2
21 8 1
21 9 2
21 10 3
21 11 3
21 12 7
21 13 5
21 14 7
21 15 5
21 16 6
21 17 1
21 18 2
21 19 6
21 20 3
22 0 3
22 1 7
22 2 6
22 3 4
22 4 2
22 5 2
22 6 6
22 7 7
22 8 4
22 9 6
22 10 3
22 11 4
22 12 3
22 13 3
22 14 4
22 15 4
22 16 1
22 17 3
22 18 4
22 19 3
22 20 7
22 21 2
23 0 2
23 1 1
23 2 5
23 3 6
23 4 2
23 5 6
23 6 1
23 7 7
23 8 4
23 9 1
23 10 5
23 11 5
23 12 4
23 13 2
23 14 2
23 15 3
23 16 6
23 17 6
23 18 2
23 19 2
23 20 4
23 21 4
23 22 6
24 0 6
24 1 5
24 2 1
24 3 1
24 4 2
24 5 5
24 6 1
24 7 3
24 8 3
24 9 3
24 10 1
24 11 3
24 12 2
24 13 3
24 14 1
24 15 1
24 16 2
24 17 6
24 18 1
24 19 4
24 20 1
24 21 6
24 22 2
24 23 6
25 0 4
25 1 2
25 2 7
25 3 7
25 4 6
25 5 4
25 6 2
25 7 4
25 8 3
25 9 1
25 10 7
25 11 3
25 12 5
25 13 5
25 14 7
25 15 4
25 16 7
25 17 4
25 18 2
25 19 7
25 20 7
25 21 4
25 22 6
25 23 6
25 24 6
26 0 6
26 1 3
26 2 4
26 3 3
26 4 1
26 5 3
26 6 6
26 7 6
26 8 2
26 9 1
26 10 7
26 11 7
26 12 2
26 13 6
26 14 6
26 15 2
26 16 4
26 17 2
26 18 7
26 19 7
26 20 6
26 21 7
26 22 1
26 23 4
26 24 5
26 25 3
27 0 6
27 1 2
27 2 1
27 3 3
27 4 5
27 5 3
27 6 2
27 7 2
27 8 6
27 9 5
27 10 5
27 11 6
27 12 4
27 13 6
27 14 3
27 15 6
27 16 3
27 17 4
27 18 3
27 19 6
27 20 4
27 21 3
27 22 4
27 23 4
27 24 1
27 25 6
27 26 1
28 0 6
28 1 3
28 2 3
28 3 6
28 4 1
28 5 6
28 6 2
28 7 5
28 8 5
28 9 3
28 10 1
28 11 2
28 12 3
28 13 4
28 14 2
28 15 2
28 16 3
28 17 4
28 18 3
28 19 2
28 20 4
28 21 4
28 22 2
28 23 1
28 24 1
28 25 7
28 26 5
28 27 1
29 0 3
29 1 7
29 2 2
29 3 2
29 4 6
29 5 1
29 6 7
29 7 3
29 8 2
29 9 7
29 10 6
29 11 3
29 12 2
29 13 1
29 14 6
29 15 5
29 16 5
29 17 1
29 18 5
29 19 7
29 20 7
29 21 7
29 22 6
29 23 7
29 24 3
29 25 3
29 26 2
29 27 5
29 28 4
