16
1 0 41
2 0 11
2 1 36
3 0 48
3 1 30
3 2 4
4 0 48
4 1 13
4 2 33
4 3 12
5 0 31
5 1 19
5 2 43
5 3 24
5 4 43
6 0 23
6 1 37
6 2 7
6 3 22
6 4 54
6 5 57
7 0 28
7 1 54
7 2 43
7 3 21
7 4 22
7 5 4
7 6 25
8 0 23
8 1 2
8 2 49
8 3 52
8 4 15
8 5 34
8 6 15
8 7 46
9 0 49
9 1 7
9 2 54
9 3 30
9 4 17
9 5 3
9 6 9
9 7 23
9 8 31
10 0 54
10 1 52
10 2 27
10 3 57
10 4 35
10 5 9
10 6 25
10 7 45
10 8 57
10 9 56
11 0 55
11 1 50
11 2 28
11 3 52
11 4 33
11 5 14
11 6 27
11 7 49
11 8 34
11 9 39
11 10 18
12 0 19
12 1 51
12 2 12
12 3 10
12 4 51
12 5 25
12 6 49
12 7 7
12 8 57
12 9 53
12 10 26
12 11 36
13 0 46
13 1 5
13 2 46
13 3 31
13 4 23
13 5 5
13 6 4
13 7 39
13 8 40
13 9 34
13 10 29
13 11 5
13 12 45
14 0 5
14 1 49
14 2 18
14 3 38
14 4 31
14 5 50
14 6 29
14 7 35
14 8 47
14 9 48
14 10 51
14 11 28
14 12 53
14 13 18
15 0 10
15 1 43
15 2 19
15 3 6
15 4 42
15 5 9
15 6 5
15 7 14
15 8 46
15 9 18
15 10 2
15 11 50
15 12 3
15 13 24
15 14 35
