53
1 0 38
2 0 29
2 1 39
3 0 11
3 1 7
3 2 37
4 0 3
4 1 41
4 2 4
4 3 22
5 0 14
5 1 16
5 2 6
5 3 24
5 4 14
6 0 2
6 1 3
6 2 40
6 3 4
6 4 2
6 5 38
7 0 33
7 1 6
7 2 20
7 3 4
7 4 29
7 5 34
7 6 10
8 0 36
8 1 12
8 2 42
8 3 7
8 4 20
8 5 2
8 6 24
8 7 29
9 0 20
9 1 17
9 2 42
9 3 25
9 4 42
9 5 32
9 6 28
9 7 14
9 8 5
10 0 39
10 1 24
10 2 31
10 3 8
10 4 30
10 5 43
10 6 3
10 7 4
10 8 10
10 9 12
11 0 24
11 1 27
11 2 39
11 3 33
11 4 13
11 5 36
11 6 29
11 7 40
11 8 37
11 9 1
11 10 8
12 0 40
12 1 31
12 2 19
12 3 43
12 4 1
12 5 11
12 6 42
12 7 31
12 8 36
12 9 1
12 10 36
12 11 2
13 0 13
13 1 24
13 2 7
13 3 36
13 4 35
13 5 39
13 6 26
13 7 33
13 8 33
13 9 25
13 10 30
13 11 16
13 12 30
14 0 36
14 1 26
14 2 7
14 3 29
14 4 4
14 5 43
14 6 17
14 7 21
14 8 10
14 9 37
14 10 30
14 11 2
14 12 7
14 13 7
15 0 18
15 1 35
15 2 14
15 3 20
15 4 27
15 5 11
15 6 34
15 7 13
15 8 40
15 9 31
15 10 21
15 11 37
15 12 33
15 13 2
15 14 43
16 0 35
16 1 26
16 2 2
16 3 8
16 4 36
16 5 13
16 6 21
16 7 42
16 8 21
16 9 29
16 10 10
16 11 24
16 12 6
16 13 37
16 14 28
16 15 34
17 0 22
17 1 2
17 2 31
17 3 17
17 4 34
17 5 29
17 6 1
17 7 10
17 8 15
17 9 19
17 10 33
17 11 37
17 12 33
17 13 5
17 14 27
17 15 6
17 16 17
18 0 23
18 1 38
18 2 28
18 3 34
18 4 9
18 5 4
18 6 37
18 7 36
18 8 43
18 9 23
18 10 33
18 11 9
18 12 21
18 13 3
18 14 9
18 15 36
18 16 14
18 17 33
19 0 41
19 1 40
19 2 43
19 3 2
19 4 25
19 5 10
19 6 39
19 7 36
19 8 21
19 9 27
19 10 22
19 11 5
19 12 24
19 13 26
19 14 35
19 15 31
19 16 30
19 17 42
19 18 35
20 0 12
20 1 26
20 2 22
20 3 23
20 4 40
20 5 43
20 6 7
20 7 19
20 8 38
20 9 12
20 10 20
20 11 36
20 12 1
20 13 26
20 14 8
20 15 12
20 16 11
20 17 30
20 18 40
20 19 12
21 0 12
21 1 21
21 2 33
21 3 26
21 4 33
21 5 12
21 6 40
21 7 42
21 8 14
21 9 14
21 10 40
21 11 9
21 12 38
21 13 35
21 14 40
21 15 2
21 16 37
21 17 31
21 18 3
21 19 36
21 20 34
22 0 41
22 1 7
22 2 9
22 3 5
22 4 2
22 5 36
22 6 22
22 7 43
22 8 34
22 9 9
22 10 6
22 11 34
22 12 41
22 13 22
22 14 19
22 15 17
22 16 2
22 17 10
22 18 36
22 19 20
22 20 15
22 21 3
23 0 38
23 1 16
23 2 11
23 3 7
23 4 3
23 5 17
23 6 41
23 7 36
23 8 9
23 9 17
23 10 28
23 11 30
23 12 22
23 13 5
23 14 21
23 15 37
23 16 9
23 17 29
23 18 39
23 19 17
23 20 1
23 21 6
23 22 11
24 0 32
24 1 29
24 2 7
24 3 28
24 4 12
24 5 31
24 6 29
24 7 27
24 8 15
24 9 40
24 10 34
24 11 41
24 12 31
24 13 9
24 14 8
24 15 30
24 16 37
24 17 36
24 18 3
24 19 15
24 20 37
24 21 17
24 22 9
24 23 33
25 0 29
25 1 31
25 2 25
25 3 41
25 4 7
25 5 30
25 6 42
25 7 11
25 8 37
25 9 35
25 10 11
25 11 9
25 12 31
25 13 33
25 14 1
25 15 16
25 16 9
25 17 21
25 18 20
25 19 27
25 20 18
25 21 19
25 22 4
25 23 2
25 24 40
26 0 3
26 1 25
26 2 4
26 3 2
26 4 22
26 5 27
26 6 32
26 7 5
26 8 22
26 9 31
26 10 10
26 11 15
26 12 20
26 13 24
26 14 27
26 15 21
26 16 24
26 17 35
26 18 19
26 19 30
26 20 7
26 21 43
26 22 16
26 23 9
26 24 38
26 25 32
27 0 38
27 1 43
27 2 19
27 3 2
27 4 24
27 5 42
27 6 22
27 7 2
27 8 3
27 9 7
27 10 30
27 11 11
27 12 25
27 13 42
27 14 15
27 15 25
27 16 21
27 17 28
27 18 17
27 19 27
27 20 6
27 21 10
27 22 3
27 23 24
27 24 38
27 25 34
27 26 21
28 0 8
28 1 18
28 2 37
28 3 43
28 4 37
28 5 23
28 6 5
28 7 34
28 8 31
28 9 23
28 10 32
28 11 18
28 12 25
28 13 2
28 14 15
28 15 14
28 16 22
28 17 40
28 18 40
28 19 31
28 20 35
28 21 17
28 22 22
28 23 28
28 24 6
28 25 41
28 26 22
28 27 8
29 0 30
29 1 13
29 2 30
29 3 40
29 4 2
29 5 19
29 6 21
29 7 21
29 8 29
29 9 36
29 10 41
29 11 10
29 12 22
29 13 13
29 14 33
29 15 38
29 16 6
29 17 25
29 18 35
29 19 22
29 20 8
29 21 13
29 22 13
29 23 4
29 24 8
29 25 30
29 26 36
29 27 30
29 28 43
30 0 37
30 1 15
30 2 35
30 3 28
30 4 37
30 5 1
30 6 27
30 7 33
30 8 35
30 9 36
30 10 4
30 11 20
30 12 38
30 13 3
30 14 4
30 15 5
30 16 19
30 17 42
30 18 6
30 19 12
30 20 11
30 21 22
30 22 19
30 23 2
30 24 14
30 25 35
30 26 3
30 27 7
30 28 24
30 29 34
31 0 29
31 1 40
31 2 24
31 3 3
31 4 7
31 5 34
31 6 18
31 7 3
31 8 41
31 9 43
31 10 31
31 11 1
31 12 41
31 13 30
31 14 30
31 15 7
31 16 17
31 17 18
31 18 5
31 19 24
31 20 39
31 21 41
31 22 3
31 23 3
31 24 30
31 25 35
31 26 1
31 27 16
31 28 36
31 29 38
31 30 33
32 0 25
32 1 28
32 2 8
32 3 2
32 4 8
32 5 41
32 6 15
32 7 38
32 8 29
32 9 29
32 10 28
32 11 16
32 12 9
32 13 35
32 14 35
32 15 30
32 16 39
32 17 12
32 18 12
32 19 17
32 20 33
32 21 24
32 22 12
32 23 27
32 24 18
32 25 18
32 26 33
32 27 4
32 28 37
32 29 13
32 30 36
32 31 6
33 0 9
33 1 37
33 2 17
33 3 30
33 4 3
33 5 37
33 6 2
33 7 19
33 8 38
33 9 18
33 10 28
33 11 11
33 12 19
33 13 17
33 14 1
33 15 39
33 16 26
33 17 8
33 18 11
33 19 18
33 20 27
33 21 23
33 22 14
33 23 21
33 24 30
33 25 30
33 26 29
33 27 8
33 28 40
33 29 22
33 30 27
33 31 31
33 32 14
34 0 2
34 1 11
34 2 33
34 3 38
34 4 26
34 5 42
34 6 34
34 7 35
34 8 35
34 9 33
34 10 21
34 11 19
34 12 23
34 13 2
34 14 9
34 15 6
34 16 8
34 17 18
34 18 34
34 19 32
34 20 21
34 21 39
34 22 16
34 23 42
34 24 35
34 25 22
34 26 8
34 27 33
34 28 35
34 29 34
34 30 3
34 31 40
34 32 29
34 33 18
35 0 23
35 1 8
35 2 16
35 3 16
35 4 23
35 5 19
35 6 35
35 7 15
35 8 3
35 9 11
35 10 30
35 11 41
35 12 27
35 13 27
35 14 12
35 15 6
35 16 33
35 17 6
35 18 30
35 19 15
35 20 23
35 21 1
35 22 22
35 23 8
35 24 22
35 25 36
35 26 9
35 27 27
35 28 23
35 29 9
35 30 12
35 31 8
35 32 26
35 33 35
35 34 2
36 0 14
36 1 16
36 2 13
36 3 2
36 4 4
36 5 7
36 6 12
36 7 43
36 8 38
36 9 29
36 10 10
36 11 24
36 12 38
36 13 28
36 14 42
36 15 9
36 16 11
36 17 41
36 18 5
36 19 11
36 20 18
36 21 15
36 22 33
36 23 25
36 24 36
36 25 24
36 26 12
36 27 31
36 28 15
36 29 9
36 30 30
36 31 21
36 32 30
36 33 17
36 34 14
36 35 41
37 0 40
37 1 14
37 2 33
37 3 29
37 4 39
37 5 25
37 6 42
37 7 29
37 8 40
37 9 40
37 10 14
37 11 11
37 12 15
37 13 29
37 14 35
37 15 25
37 16 20
37 17 1
37 18 1
37 19 1
37 20 21
37 21 41
37 22 43
37 23 19
37 24 38
37 25 21
37 26 24
37 27 36
37 28 31
37 29 18
37 30 29
37 31 7
37 32 28
37 33 39
37 34 36
37 35 11
37 36 31
38 0 24
38 1 22
38 2 43
38 3 10
38 4 31
38 5 42
38 6 20
38 7 6
38 8 2
38 9 33
38 10 15
38 11 40
38 12 8
38 13 31
38 14 5
38 15 27
38 16 9
38 17 31
38 18 33
38 19 38
38 20 34
38 21 30
38 22 32
38 23 40
38 24 8
38 25 18
38 26 35
38 27 36
38 28 9
38 29 5
38 30 40
38 31 19
38 32 6
38 33 36
38 34 39
38 35 5
38 36 38
38 37 11
39 0 5
39 1 37
39 2 4
39 3 19
39 4 42
39 5 22
39 6 6
39 7 20
39 8 9
39 9 8
39 10 30
39 11 4
39 12 10
39 13 7
39 14 37
39 15 37
39 16 31
39 17 39
39 18 31
39 19 15
39 20 32
39 21 22
39 22 36
39 23 24
39 24 31
39 25 21
39 26 17
39 27 7
39 28 4
39 29 7
39 30 18
39 31 31
39 32 20
39 33 5
39 34 28
39 35 39
39 36 33
39 37 34
39 38 4
40 0 2
40 1 27
40 2 29
40 3 2
40 4 35
40 5 33
40 6 9
40 7 11
40 8 39
40 9 15
40 10 42
40 11 24
40 12 35
40 13 34
40 14 1
40 15 41
40 16 11
40 17 39
40 18 8
40 19 12
40 20 30
40 21 36
40 22 37
40 23 31
40 24 2
40 25 2
40 26 31
40 27 33
40 28 31
40 29 10
40 30 3
40 31 21
40 32 12
40 33 4
40 34 2
40 35 14
40 36 21
40 37 2
40 38 34
40 39 23
41 0 30
41 1 28
41 2 6
41 3 3
41 4 19
41 5 5
41 6 34
41 7 25
41 8 8
41 9 7
41 10 33
41 11 37
41 12 14
41 13 12
41 14 23
41 15 37
41 16 29
41 17 38
41 18 20
41 19 40
41 20 23
41 21 10
41 22 2
41 23 10
41 24 31
41 25 37
41 26 17
41 27 18
41 28 14
41 29 34
41 30 38
41 31 25
41 32 33
41 33 12
41 34 30
41 35 30
41 36 40
41 37 20
41 38 1
41 39 38
41 40 43
42 0 41
42 1 40
42 2 28
42 3 22
42 4 31
42 5 1
42 6 36
42 7 31
42 8 37
42 9 40
42 10 16
42 11 43
42 12 19
42 13 30
42 14 3
42 15 25
42 16 4
42 17 34
42 18 10
42 19 40
42 20 40
42 21 16
42 22 35
42 23 11
42 24 37
42 25 7
42 26 12
42 27 36
42 28 19
42 29 28
42 30 17
42 31 35
42 32 30
42 33 33
42 34 34
42 35 42
42 36 39
42 37 19
42 38 37
42 39 29
42 40 39
42 41 9
43 0 15
43 1 25
43 2 21
43 3 1
43 4 29
43 5 15
43 6 5
43 7 1
43 8 3
43 9 5
43 10 3
43 11 39
43 12 26
43 13 20
43 14 10
43 15 41
43 16 13
43 17 16
43 18 33
43 19 39
43 20 16
43 21 41
43 22 8
43 23 21
43 24 20
43 25 26
43 26 12
43 27 4
43 28 30
43 29 11
43 30 14
43 31 32
43 32 17
43 33 9
43 34 11
43 35 33
43 36 8
43 37 27
43 38 31
43 39 18
43 40 33
43 41 30
43 42 25
44 0 25
44 1 18
44 2 39
44 3 32
44 4 9
44 5 7
44 6 8
44 7 26
44 8 13
44 9 2
44 10 36
44 11 32
44 12 11
44 13 4
44 14 2
44 15 11
44 16 4
44 17 38
44 18 4
44 19 6
44 20 4
44 21 26
44 22 5
44 23 11
44 24 15
44 25 10
44 26 1
44 27 17
44 28 28
44 29 5
44 30 9
44 31 2
44 32 32
44 33 8
44 34 37
44 35 25
44 36 25
44 37 22
44 38 5
44 39 36
44 40 12
44 41 37
44 42 26
44 43 26
45 0 38
45 1 26
45 2 29
45 3 25
45 4 12
45 5 2
45 6 26
45 7 8
45 8 30
45 9 43
45 10 29
45 11 34
45 12 19
45 13 19
45 14 33
45 15 27
45 16 17
45 17 4
45 18 33
45 19 16
45 20 37
45 21 23
45 22 11
45 23 40
45 24 43
45 25 21
45 26 41
45 27 13
45 28 1
45 29 38
45 30 43
45 31 5
45 32 29
45 33 35
45 34 11
45 35 22
45 36 39
45 37 6
45 38 30
45 39 28
45 40 27
45 41 30
45 42 6
45 43 15
45 44 41
46 0 24
46 1 24
46 2 9
46 3 11
46 4 3
46 5 34
46 6 10
46 7 9
46 8 3
46 9 20
46 10 19
46 11 19
46 12 1
46 13 13
46 14 6
46 15 12
46 16 38
46 17 8
46 18 2
46 19 7
46 20 25
46 21 35
46 22 7
46 23 19
46 24 33
46 25 28
46 26 6
46 27 21
46 28 9
46 29 16
46 30 33
46 31 28
46 32 35
46 33 15
46 34 21
46 35 20
46 36 11
46 37 33
46 38 12
46 39 30
46 40 30
46 41 3
46 42 13
46 43 31
46 44 4
46 45 13
47 0 1
47 1 5
47 2 35
47 3 18
47 4 40
47 5 43
47 6 7
47 7 14
47 8 33
47 9 18
47 10 20
47 11 33
47 12 3
47 13 1
47 14 34
47 15 30
47 16 26
47 17 3
47 18 5
47 19 8
47 20 29
47 21 28
47 22 35
47 23 6
47 24 16
47 25 26
47 26 40
47 27 26
47 28 28
47 29 14
47 30 43
47 31 18
47 32 20
47 33 28
47 34 42
47 35 37
47 36 10
47 37 25
47 38 22
47 39 24
47 40 40
47 41 5
47 42 40
47 43 11
47 44 37
47 45 4
47 46 29
48 0 29
48 1 17
48 2 7
48 3 20
48 4 38
48 5 5
48 6 32
48 7 9
48 8 40
48 9 43
48 10 18
48 11 1
48 12 16
48 13 38
48 14 3
48 15 32
48 16 9
48 17 2
48 18 40
48 19 15
48 20 19
48 21 30
48 22 39
48 23 19
48 24 35
48 25 42
48 26 17
48 27 18
48 28 42
48 29 16
48 30 11
48 31 15
48 32 36
48 33 39
48 34 9
48 35 7
48 36 37
48 37 23
48 38 24
48 39 24
48 40 30
48 41 15
48 42 26
48 43 18
48 44 9
48 45 34
48 46 2
48 47 6
49 0 7
49 1 34
49 2 27
49 3 34
49 4 23
49 5 29
49 6 16
49 7 5
49 8 33
49 9 8
49 10 22
49 11 37
49 12 10
49 13 43
49 14 31
49 15 38
49 16 24
49 17 18
49 18 23
49 19 1
49 20 40
49 21 17
49 22 32
49 23 33
49 24 6
49 25 36
49 26 14
49 27 40
49 28 14
49 29 43
49 30 10
49 31 11
49 32 18
49 33 16
49 34 38
49 35 21
49 36 36
49 37 11
49 38 25
49 39 5
49 40 7
49 41 3
49 42 33
49 43 11
49 44 21
49 45 4
49 46 1
49 47 4
49 48 29
50 0 5
50 1 10
50 2 34
50 3 1
50 4 5
50 5 21
50 6 41
50 7 2
50 8 8
50 9 14
50 10 4
50 11 43
50 12 6
50 13 16
50 14 26
50 15 23
50 16 19
50 17 1
50 18 1
50 19 1
50 20 31
50 21 1
50 22 35
50 23 31
50 24 28
50 25 21
50 26 41
50 27 13
50 28 7
50 29 35
50 30 1
50 31 20
50 32 6
50 33 4
50 34 14
50 35 4
50 36 15
50 37 14
50 38 26
50 39 41
50 40 35
50 41 26
50 42 16
50 43 16
50 44 7
50 45 35
50 46 20
50 47 16
50 48 37
50 49 18
51 0 36
51 1 28
51 2 31
51 3 40
51 4 30
51 5 32
51 6 35
51 7 27
51 8 39
51 9 40
51 10 8
51 11 32
51 12 43
51 13 11
51 14 7
51 15 10
51 16 39
51 17 31
51 18 13
51 19 38
51 20 43
51 21 41
51 22 3
51 23 13
51 24 21
51 25 13
51 26 28
51 27 5
51 28 4
51 29 34
51 30 1
51 31 8
51 32 18
51 33 37
51 34 26
51 35 1
51 36 24
51 37 3
51 38 21
51 39 27
51 40 39
51 41 9
51 42 39
51 43 3
51 44 4
51 45 16
51 46 16
51 47 42
51 48 24
51 49 4
51 50 1
52 0 29
52 1 13
52 2 22
52 3 23
52 4 18
52 5 29
52 6 3
52 7 4
52 8 43
52 9 5
52 10 17
52 11 4
52 12 2
52 13 26
52 14 11
52 15 29
52 16 16
52 17 38
52 18 34
52 19 42
52 20 10
52 21 42
52 22 15
52 23 5
52 24 25
52 25 11
52 26 31
52 27 1
52 28 27
52 29 10
52 30 26
52 31 27
52 32 41
52 33 2
52 34 10
52 35 14
52 36 23
52 37 1
52 38 10
52 39 4
52 40 43
52 41 33
52 42 19
52 43 16
52 44 1
52 45 36
52 46 24
52 47 18
52 48 1
52 49 1
52 50 40
52 51 10
