57
1 0 14
2 0 9
2 1 22
3 0 17
3 1 27
3 2 13
4 0 11
4 1 15
4 2 23
4 3 17
5 0 9
5 1 23
5 2 7
5 3 13
5 4 13
6 0 14
6 1 7
6 2 11
6 3 13
6 4 1
6 5 6
7 0 12
7 1 24
7 2 1
7 3 8
7 4 15
7 5 1
7 6 14
8 0 20
8 1 18
8 2 12
8 3 17
8 4 9
8 5 7
8 6 9
8 7 19
9 0 25
9 1 2
9 2 6
9 3 17
9 4 16
9 5 9
9 6 6
9 7 16
9 8 18
10 0 13
10 1 16
10 2 7
10 3 24
10 4 15
10 5 22
10 6 14
10 7 19
10 8 5
10 9 7
11 0 19
11 1 20
11 2 12
11 3 20
11 4 15
11 5 17
11 6 10
11 7 5
11 8 12
11 9 17
11 10 6
12 0 26
12 1 27
12 2 7
12 3 10
12 4 8
12 5 15
12 6 9
12 7 4
12 8 6
12 9 15
12 10 2
12 11 10
13 0 23
13 1 10
13 2 2
13 3 5
13 4 1
13 5 18
13 6 3
13 7 20
13 8 2
13 9 3
13 10 16
13 11 11
13 12 6
14 0 14
14 1 17
14 2 20
14 3 1
14 4 19
14 5 9
14 6 16
14 7 6
14 8 26
14 9 15
14 10 19
14 11 24
14 12 24
14 13 12
15 0 5
15 1 17
15 2 13
15 3 15
15 4 1
15 5 15
15 6 7
15 7 24
15 8 2
15 9 20
15 10 27
15 11 21
15 12 8
15 13 18
15 14 14
16 0 5
16 1 14
16 2 6
16 3 8
16 4 14
16 5 7
16 6 20
16 7 25
16 8 17
16 9 5
16 10 26
16 11 24
16 12 7
16 13 4
16 14 22
16 15 26
17 0 26
17 1 20
17 2 19
17 3 7
17 4 20
17 5 13
17 6 14
17 7 22
17 8 10
17 9 10
17 10 3
17 11 7
17 12 13
17 13 17
17 14 27
17 15 14
17 16 2
18 0 24
18 1 19
18 2 9
18 3 7
18 4 13
18 5 24
18 6 17
18 7 8
18 8 25
18 9 24
18 10 21
18 11 25
18 12 5
18 13 26
18 14 20
18 15 24
18 16 10
18 17 5
19 0 15
19 1 11
19 2 21
19 3 17
19 4 11
19 5 26
19 6 9
19 7 12
19 8 10
19 9 27
19 10 26
19 11 7
19 12 21
19 13 16
19 14 24
19 15 4
19 16 12
19 17 19
19 18 24
20 0 8
20 1 6
20 2 8
20 3 22
20 4 21
20 5 6
20 6 21
20 7 21
20 8 12
20 9 24
20 10 19
20 11 18
20 12 12
20 13 27
20 14 21
20 15 23
20 16 8
20 17 17
20 18 25
20 19 5
21 0 6
21 1 10
21 2 11
21 3 1
21 4 5
21 5 4
21 6 4
21 7 23
21 8 1
21 9 19
21 10 22
21 11 24
21 12 14
21 13 23
21 14 26
21 15 23
21 16 4
21 17 10
21 18 3
21 19 9
21 20 5
22 0 14
22 1 17
22 2 6
22 3 5
22 4 25
22 5 26
22 6 14
22 7 22
22 8 13
22 9 17
22 10 4
22 11 25
22 12 6
22 13 12
22 14 23
22 15 15
22 16 7
22 17 21
22 18 1
22 19 9
22 20 11
22 21 5
23 0 18
23 1 3
23 2 10
23 3 15
23 4 26
23 5 11
23 6 20
23 7 16
23 8 11
23 9 9
23 10 6
23 11 5
23 12 11
23 13 18
23 14 8
23 15 8
23 16 9
23 17 17
23 18 25
23 19 27
23 20 10
23 21 4
23 22 22
24 0 2
24 1 15
24 2 12
24 3 21
24 4 8
24 5 14
24 6 19
24 7 27
24 8 9
24 9 3
24 10 6
24 11 7
24 12 16
24 13 23
24 14 11
24 15 7
24 16 19
24 17 22
24 18 16
24 19 22
24 20 15
24 21 12
24 22 4
24 23 19
25 0 25
25 1 12
25 2 1
25 3 2
25 4 2
25 5 16
25 6 1
25 7 20
25 8 20
25 9 14
25 10 20
25 11 27
25 12 27
25 13 3
25 14 2
25 15 24
25 16 7
25 17 18
25 18 19
25 19 12
25 20 10
25 21 26
25 22 22
25 23 27
25 24 6
26 0 12
26 1 16
26 2 10
26 3 25
26 4 8
26 5 9
26 6 4
26 7 27
26 8 17
26 9 9
26 10 27
26 11 4
26 12 11
26 13 23
26 14 10
26 15 23
26 16 3
26 17 13
26 18 1
26 19 23
26 20 8
26 21 27
26 22 10
26 23 18
26 24 9
26 25 25
27 0 8
27 1 5
27 2 11
27 3 14
27 4 8
27 5 16
27 6 3
27 7 12
27 8 5
27 9 24
27 10 12
27 11 18
27 12 27
27 13 4
27 14 1
27 15 7
27 16 15
27 17 10
27 18 23
27 19 7
27 20 17
27 21 5
27 22 17
27 23 11
27 24 13
27 25 1
27 26 3
28 0 1
28 1 18
28 2 13
28 3 13
28 4 20
28 5 13
28 6 23
28 7 18
28 8 27
28 9 13
28 10 8
28 11 14
28 12 27
28 13 14
28 14 27
28 15 24
28 16 24
28 17 26
28 18 27
28 19 8
28 20 16
28 21 12
28 22 5
28 23 14
28 24 18
28 25 25
28 26 8
28 27 6
29 0 5
29 1 14
29 2 5
29 3 1
29 4 5
29 5 17
29 6 9
29 7 24
29 8 8
29 9 24
29 10 5
29 11 22
29 12 22
29 13 20
29 14 6
29 15 7
29 16 11
29 17 15
29 18 26
29 19 2
29 20 11
29 21 23
29 22 11
29 23 6
29 24 8
29 25 27
29 26 15
29 27 8
29 28 22
30 0 5
30 1 23
30 2 21
30 3 25
30 4 17
30 5 1
30 6 24
30 7 7
30 8 23
30 9 21
30 10 11
30 11 2
30 12 16
30 13 5
30 14 6
30 15 26
30 16 9
30 17 5
30 18 14
30 19 9
30 20 10
30 21 7
30 22 20
30 23 15
30 24 18
30 25 1
30 26 23
30 27 4
30 28 5
30 29 12
31 0 13
31 1 2
31 2 14
31 3 3
31 4 23
31 5 13
31 6 18
31 7 17
31 8 21
31 9 9
31 10 9
31 11 22
31 12 5
31 13 17
31 14 15
31 15 19
31 16 12
31 17 6
31 18 3
31 19 8
31 20 5
31 21 13
31 22 22
31 23 11
31 24 22
31 25 7
31 26 7
31 27 16
31 28 7
31 29 26
31 30 10
32 0 9
32 1 13
32 2 22
32 3 10
32 4 9
32 5 15
32 6 27
32 7 18
32 8 21
32 9 1
32 10 4
32 11 18
32 12 7
32 13 9
32 14 21
32 15 23
32 16 18
32 17 7
32 18 19
32 19 19
32 20 7
32 21 15
32 22 27
32 23 9
32 24 10
32 25 11
32 26 3
32 27 14
32 28 10
32 29 15
32 30 3
32 31 9
33 0 13
33 1 23
33 2 24
33 3 5
33 4 4
33 5 12
33 6 8
33 7 22
33 8 12
33 9 27
33 10 13
33 11 19
33 12 6
33 13 23
33 14 27
33 15 8
33 16 14
33 17 13
33 18 3
33 19 7
33 20 27
33 21 13
33 22 24
33 23 2
33 24 1
33 25 17
33 26 4
33 27 4
33 28 15
33 29 20
33 30 26
33 31 6
33 32 10
34 0 4
34 1 27
34 2 16
34 3 26
34 4 14
34 5 3
34 6 8
34 7 9
34 8 27
34 9 14
34 10 16
34 11 10
34 12 19
34 13 1
34 14 13
34 15 18
34 16 24
34 17 6
34 18 13
34 19 21
34 20 27
34 21 9
34 22 14
34 23 16
34 24 15
34 25 27
34 26 11
34 27 21
34 28 17
34 29 3
34 30 10
34 31 6
34 32 22
34 33 4
35 0 2
35 1 11
35 2 26
35 3 19
35 4 6
35 5 26
35 6 8
35 7 11
35 8 18
35 9 13
35 10 15
35 11 3
35 12 17
35 13 24
35 14 2
35 15 9
35 16 10
35 17 25
35 18 13
35 19 7
35 20 16
35 21 24
35 22 3
35 23 7
35 24 11
35 25 8
35 26 18
35 27 26
35 28 3
35 29 5
35 30 4
35 31 25
35 32 27
35 33 19
35 34 7
36 0 5
36 1 16
36 2 10
36 3 25
36 4 13
36 5 9
36 6 22
36 7 18
36 8 10
36 9 15
36 10 18
36 11 14
36 12 15
36 13 10
36 14 25
36 15 12
36 16 13
36 17 15
36 18 25
36 19 24
36 20 5
36 21 16
36 22 16
36 23 2
36 24 3
36 25 24
36 26 27
36 27 6
36 28 3
36 29 12
36 30 3
36 31 23
36 32 23
36 33 1
36 34 11
36 35 19
37 0 24
37 1 25
37 2 11
37 3 27
37 4 10
37 5 15
37 6 19
37 7 7
37 8 8
37 9 1
37 10 3
37 11 9
37 12 13
37 13 21
37 14 7
37 15 8
37 16 22
37 17 25
37 18 20
37 19 11
37 20 17
37 21 3
37 22 3
37 23 18
37 24 23
37 25 5
37 26 6
37 27 9
37 28 19
37 29 26
37 30 1
37 31 25
37 32 18
37 33 20
37 34 16
37 35 25
37 36 11
38 0 8
38 1 7
38 2 2
38 3 18
38 4 1
38 5 21
38 6 19
38 7 11
38 8 22
38 9 6
38 10 5
38 11 12
38 12 20
38 13 19
38 14 21
38 15 16
38 16 26
38 17 11
38 18 18
38 19 9
38 20 15
38 21 16
38 22 1
38 23 23
38 24 7
38 25 27
38 26 14
38 27 14
38 28 22
38 29 13
38 30 5
38 31 24
38 32 18
38 33 15
38 34 2
38 35 24
38 36 2
38 37 25
39 0 23
39 1 22
39 2 4
39 3 17
39 4 24
39 5 4
39 6 15
39 7 24
39 8 17
39 9 13
39 10 8
39 11 9
39 12 24
39 13 24
39 14 11
39 15 22
39 16 7
39 17 22
39 18 9
39 19 24
39 20 21
39 21 26
39 22 25
39 23 2
39 24 23
39 25 25
39 26 23
39 27 4
39 28 25
39 29 17
39 30 22
39 31 9
39 32 24
39 33 23
39 34 7
39 35 24
39 36 5
39 37 1
39 38 2
40 0 12
40 1 15
40 2 13
40 3 20
40 4 13
40 5 8
40 6 18
40 7 23
40 8 8
40 9 25
40 10 1
40 11 23
40 12 25
40 13 9
40 14 23
40 15 11
40 16 27
40 17 3
40 18 12
40 19 2
40 20 13
40 21 12
40 22 14
40 23 20
40 24 6
40 25 15
40 26 21
40 27 11
40 28 19
40 29 2
40 30 21
40 31 1
40 32 21
40 33 11
40 34 27
40 35 10
40 36 24
40 37 7
40 38 22
40 39 12
41 0 12
41 1 16
41 2 4
41 3 24
41 4 27
41 5 2
41 6 19
41 7 5
41 8 20
41 9 9
41 10 26
41 11 14
41 12 2
41 13 21
41 14 12
41 15 27
41 16 14
41 17 7
41 18 10
41 19 15
41 20 5
41 21 21
41 22 25
41 23 5
41 24 22
41 25 1
41 26 2
41 27 21
41 28 14
41 29 3
41 30 3
41 31 22
41 32 27
41 33 11
41 34 18
41 35 17
41 36 9
41 37 1
41 38 6
41 39 14
41 40 3
42 0 23
42 1 16
42 2 8
42 3 5
42 4 5
42 5 2
42 6 14
42 7 7
42 8 22
42 9 7
42 10 10
42 11 12
42 12 17
42 13 9
42 14 4
42 15 14
42 16 6
42 17 19
42 18 23
42 19 17
42 20 11
42 21 5
42 22 20
42 23 18
42 24 24
42 25 26
42 26 10
42 27 23
42 28 8
42 29 16
42 30 2
42 31 15
42 32 26
42 33 20
42 34 12
42 35 26
42 36 24
42 37 3
42 38 17
42 39 2
42 40 12
42 41 11
43 0 27
43 1 27
43 2 24
43 3 18
43 4 6
43 5 7
43 6 19
43 7 6
43 8 21
43 9 6
43 10 16
43 11 27
43 12 27
43 13 11
43 14 24
43 15 3
43 16 9
43 17 12
43 18 23
43 19 24
43 20 17
43 21 18
43 22 19
43 23 11
43 24 15
43 25 27
43 26 3
43 27 25
43 28 7
43 29 17
43 30 17
43 31 12
43 32 1
43 33 1
43 34 22
43 35 16
43 36 15
43 37 6
43 38 23
43 39 24
43 40 27
43 41 9
43 42 3
44 0 8
44 1 8
44 2 23
44 3 16
44 4 1
44 5 20
44 6 14
44 7 17
44 8 18
44 9 6
44 10 16
44 11 24
44 12 17
44 13 25
44 14 20
44 15 23
44 16 20
44 17 17
44 18 22
44 19 5
44 20 5
44 21 12
44 22 27
44 23 12
44 24 12
44 25 19
44 26 21
44 27 24
44 28 4
44 29 24
44 30 16
44 31 2
44 32 24
44 33 2
44 34 17
44 35 8
44 36 24
44 37 14
44 38 8
44 39 7
44 40 1
44 41 25
44 42 10
44 43 27
45 0 23
45 1 11
45 2 22
45 3 25
45 4 2
45 5 7
45 6 12
45 7 23
45 8 23
45 9 13
45 10 24
45 11 15
45 12 12
45 13 25
45 14 27
45 15 13
45 16 26
45 17 24
45 18 15
45 19 9
45 20 6
45 21 17
45 22 24
45 23 8
45 24 18
45 25 12
45 26 11
45 27 3
45 28 10
45 29 17
45 30 9
45 31 26
45 32 8
45 33 7
45 34 14
45 35 19
45 36 8
45 37 20
45 38 10
45 39 14
45 40 18
45 41 14
45 42 16
45 43 13
45 44 3
46 0 18
46 1 25
46 2 24
46 3 13
46 4 9
46 5 2
46 6 11
46 7 17
46 8 20
46 9 19
46 10 25
46 11 13
46 12 21
46 13 1
46 14 3
46 15 16
46 16 8
46 17 17
46 18 7
46 19 12
46 20 2
46 21 4
46 22 6
46 23 23
46 24 26
46 25 3
46 26 25
46 27 6
46 28 1
46 29 15
46 30 5
46 31 23
46 32 23
46 33 2
46 34 18
46 35 4
46 36 9
46 37 21
46 38 7
46 39 22
46 40 24
46 41 11
46 42 11
46 43 24
46 44 10
46 45 14
47 0 16
47 1 16
47 2 12
47 3 14
47 4 15
47 5 13
47 6 20
47 7 12
47 8 24
47 9 23
47 10 15
47 11 6
47 12 19
47 13 21
47 14 12
47 15 23
47 16 1
47 17 3
47 18 15
47 19 21
47 20 20
47 21 10
47 22 20
47 23 10
47 24 8
47 25 8
47 26 23
47 27 27
47 28 19
47 29 13
47 30 12
47 31 19
47 32 12
47 33 15
47 34 10
47 35 20
47 36 27
47 37 13
47 38 6
47 39 2
47 40 16
47 41 7
47 42 7
47 43 16
47 44 5
47 45 21
47 46 2
48 0 24
48 1 20
48 2 27
48 3 26
48 4 18
48 5 7
48 6 19
48 7 26
48 8 6
48 9 5
48 10 18
48 11 22
48 12 17
48 13 13
48 14 3
48 15 19
48 16 8
48 17 19
48 18 13
48 19 25
48 20 3
48 21 19
48 22 4
48 23 17
48 24 23
48 25 9
48 26 12
48 27 12
48 28 25
48 29 8
48 30 4
48 31 1
48 32 16
48 33 6
48 34 15
48 35 8
48 36 26
48 37 11
48 38 11
48 39 26
48 40 16
48 41 25
48 42 5
48 43 7
48 44 26
48 45 26
48 46 14
48 47 24
49 0 9
49 1 19
49 2 17
49 3 13
49 4 19
49 5 26
49 6 24
49 7 1
49 8 8
49 9 13
49 10 17
49 11 9
49 12 4
49 13 16
49 14 24
49 15 4
49 16 26
49 17 18
49 18 6
49 19 20
49 20 27
49 21 14
49 22 20
49 23 3
49 24 2
49 25 16
49 26 1
49 27 20
49 28 15
49 29 25
49 30 12
49 31 2
49 32 16
49 33 23
49 34 19
49 35 19
49 36 12
49 37 27
49 38 14
49 39 10
49 40 1
49 41 10
49 42 5
49 43 18
49 44 21
49 45 1
49 46 8
49 47 22
49 48 11
50 0 7
50 1 4
50 2 8
50 3 16
50 4 20
50 5 14
50 6 3
50 7 2
50 8 9
50 9 24
50 10 26
50 11 7
50 12 14
50 13 9
50 14 7
50 15 25
50 16 16
50 17 13
50 18 18
50 19 9
50 20 26
50 21 9
50 22 8
50 23 4
50 24 10
50 25 27
50 26 21
50 27 12
50 28 25
50 29 11
50 30 27
50 31 3
50 32 3
50 33 22
50 34 19
50 35 11
50 36 3
50 37 10
50 38 25
50 39 6
50 40 5
50 41 3
50 42 15
50 43 20
50 44 7
50 45 14
50 46 14
50 47 21
50 48 8
50 49 4
51 0 14
51 1 2
51 2 20
51 3 24
51 4 6
51 5 14
51 6 20
51 7 1
51 8 9
51 9 3
51 10 24
51 11 13
51 12 26
51 13 14
51 14 8
51 15 7
51 16 10
51 17 10
51 18 10
51 19 6
51 20 16
51 21 19
51 22 3
51 23 8
51 24 1
51 25 18
51 26 20
51 27 20
51 28 19
51 29 13
51 30 4
51 31 19
51 32 17
51 33 7
51 34 26
51 35 4
51 36 4
51 37 13
51 38 15
51 39 19
51 40 11
51 41 17
51 42 18
51 43 10
51 44 11
51 45 20
51 46 17
51 47 11
51 48 7
51 49 5
51 50 27
52 0 17
52 1 8
52 2 16
52 3 21
52 4 18
52 5 20
52 6 11
52 7 24
52 8 14
52 9 12
52 10 20
52 11 2
52 12 7
52 13 9
52 14 24
52 15 21
52 16 24
52 17 17
52 18 24
52 19 16
52 20 4
52 21 8
52 22 2
52 23 2
52 24 24
52 25 7
52 26 26
52 27 17
52 28 22
52 29 22
52 30 15
52 31 24
52 32 10
52 33 2
52 34 14
52 35 16
52 36 12
52 37 17
52 38 3
52 39 12
52 40 15
52 41 4
52 42 26
52 43 18
52 44 17
52 45 23
52 46 23
52 47 25
52 48 8
52 49 13
52 50 21
52 51 7
53 0 20
53 1 11
53 2 6
53 3 27
53 4 6
53 5 12
53 6 19
53 7 11
53 8 18
53 9 23
53 10 19
53 11 14
53 12 14
53 13 25
53 14 22
53 15 12
53 16 8
53 17 9
53 18 13
53 19 7
53 20 6
53 21 19
53 22 21
53 23 27
53 24 19
53 25 8
53 26 2
53 27 15
53 28 6
53 29 25
53 30 20
53 31 15
53 32 15
53 33 8
53 34 22
53 35 3
53 36 10
53 37 3
53 38 11
53 39 16
53 40 12
53 41 12
53 42 23
53 43 19
53 44 7
53 45 14
53 46 2
53 47 20
53 48 19
53 49 26
53 50 21
53 51 25
53 52 20
54 0 14
54 1 8
54 2 20
54 3 17
54 4 13
54 5 7
54 6 3
54 7 16
54 8 13
54 9 5
54 10 21
54 11 15
54 12 10
54 13 4
54 14 25
54 15 17
54 16 6
54 17 23
54 18 5
54 19 9
54 20 23
54 21 11
54 22 12
54 23 26
54 24 6
54 25 11
54 26 9
54 27 11
54 28 27
54 29 14
54 30 22
54 31 25
54 32 11
54 33 18
54 34 20
54 35 16
54 36 22
54 37 1
54 38 6
54 39 24
54 40 17
54 41 25
54 42 18
54 43 9
54 44 26
54 45 10
54 46 18
54 47 20
54 48 18
54 49 10
54 50 14
54 51 11
54 52 11
54 53 16
55 0 2
55 1 20
55 2 2
55 3 3
55 4 7
55 5 19
55 6 9
55 7 23
55 8 26
55 9 7
55 10 15
55 11 11
55 12 8
55 13 23
55 14 9
55 15 13
55 16 19
55 17 11
55 18 27
55 19 10
55 20 4
55 21 3
55 22 3
55 23 22
55 24 4
55 25 17
55 26 27
55 27 12
55 28 5
55 29 10
55 30 14
55 31 19
55 32 23
55 33 22
55 34 13
55 35 21
55 36 23
55 37 2
55 38 27
55 39 22
55 40 27
55 41 15
55 42 7
55 43 20
55 44 20
55 45 12
55 46 13
55 47 14
55 48 12
55 49 25
55 50 3
55 51 6
55 52 9
55 53 14
55 54 17
56 0 16
56 1 19
56 2 16
56 3 16
56 4 26
56 5 24
56 6 16
56 7 11
56 8 16
56 9 4
56 10 26
56 11 7
56 12 23
56 13 14
56 14 8
56 15 4
56 16 22
56 17 24
56 18 5
56 19 27
56 20 4
56 21 15
56 22 10
56 23 2
56 24 7
56 25 4
56 26 23
56 27 10
56 28 17
56 29 12
56 30 22
56 31 23
56 32 24
56 33 2
56 34 18
56 35 7
56 36 22
56 37 8
56 38 22
56 39 5
56 40 2
56 41 4
56 42 24
56 43 16
56 44 3
56 45 16
56 46 4
56 47 2
56 48 5
56 49 4
56 50 15
56 51 6
56 52 18
56 53 6
56 54 3
56 55 3
