61
1 0 7
3 2 3
4 2 3
5 0 1
6 2 3
6 3 4
7 0 4
7 1 1
7 2 1
7 3 7
8 2 5
8 5 3
8 7 4
9 1 3
9 2 5
9 5 7
10 0 4
10 1 5
10 2 1
10 3 5
10 4 2
10 6 6
10 7 4
10 8 2
10 9 3
11 1 6
11 3 8
11 6 5
11 7 9
11 10 6
12 0 9
12 2 1
12 8 6
13 2 2
13 3 9
13 4 9
13 5 7
13 6 9
13 10 2
13 11 2
13 12 9
14 0 3
14 1 6
14 3 4
14 5 6
14 6 4
14 8 9
14 9 2
14 10 8
14 12 7
15 2 4
15 4 6
15 5 3
15 6 4
15 7 3
15 8 4
15 9 5
15 10 1
15 11 4
15 12 1
15 13 8
16 0 9
16 3 9
16 4 8
16 5 9
16 7 9
16 9 3
16 11 8
16 14 4
16 15 9
17 0 9
17 1 4
17 2 7
17 3 4
17 5 9
17 6 3
17 8 2
17 10 1
17 13 4
18 2 9
18 5 5
18 6 2
18 8 5
18 9 7
18 10 2
18 11 8
18 16 2
18 17 5
19 2 9
19 4 6
19 7 1
19 8 1
19 9 1
19 11 7
19 14 8
20 4 1
20 6 6
20 13 9
20 14 6
20 15 2
20 18 6
21 0 9
21 2 8
21 7 7
21 8 2
21 9 1
21 10 1
21 12 8
21 13 9
21 14 6
21 17 4
21 18 3
22 1 8
22 4 9
22 5 1
22 7 1
22 9 5
22 11 1
22 13 5
22 14 1
22 16 9
22 18 5
22 19 3
23 2 8
23 4 8
23 5 6
23 9 4
23 10 9
23 13 9
23 14 5
23 18 9
23 19 4
23 21 8
24 1 3
24 6 4
24 7 9
24 8 2
24 11 4
24 12 4
24 13 4
24 14 5
24 15 5
24 17 6
24 18 2
24 20 7
25 1 4
25 2 2
25 8 6
25 9 7
25 11 5
25 14 9
25 15 6
25 19 5
25 20 4
25 21 1
25 22 6
25 23 9
26 0 2
26 1 8
26 2 7
26 4 6
26 8 4
26 9 2
26 11 9
26 12 3
26 14 2
26 16 7
26 18 8
26 19 9
26 21 2
26 24 3
27 5 1
27 6 4
27 14 2
27 16 6
27 19 2
27 24 8
27 25 2
28 1 8
28 2 7
28 4 8
28 5 6
28 6 3
28 7 4
28 12 2
28 13 2
28 14 2
28 15 6
28 16 4
28 18 9
28 19 6
28 24 7
28 25 4
28 26 5
29 0 8
29 1 3
29 5 1
29 6 9
29 7 5
29 9 2
29 10 8
29 11 2
29 12 4
29 20 1
29 21 2
29 23 2
30 1 1
30 2 8
30 3 9
30 5 2
30 6 6
30 8 1
30 10 6
30 12 3
30 13 9
30 14 9
30 15 3
30 16 2
30 20 6
30 21 1
30 24 1
30 25 8
31 1 7
31 2 8
31 3 9
31 5 5
31 6 7
31 9 5
31 12 9
31 13 1
31 14 2
31 18 3
31 23 7
31 24 2
31 26 8
31 27 1
31 29 6
32 0 4
32 1 3
32 2 7
32 6 3
32 8 3
32 10 2
32 11 4
32 12 5
32 14 9
32 15 1
32 16 5
32 19 1
32 20 3
32 21 4
32 25 2
32 26 8
32 27 4
32 30 5
33 1 7
33 4 3
33 6 7
33 7 7
33 9 8
33 10 9
33 11 2
33 12 3
33 16 7
33 17 4
33 23 6
33 28 6
33 29 1
33 30 9
34 0 2
34 4 2
34 5 2
34 6 1
34 12 4
34 13 1
34 14 7
34 15 5
34 16 7
34 18 8
34 20 7
34 24 3
34 25 1
34 26 2
34 28 3
35 3 8
35 4 1
35 5 4
35 6 7
35 7 3
35 9 2
35 10 3
35 12 3
35 14 2
35 15 5
35 19 2
35 26 7
35 28 4
35 31 4
36 0 1
36 1 3
36 4 8
36 5 3
36 9 9
36 10 9
36 12 9
36 17 3
36 18 8
36 19 1
36 23 9
36 24 8
36 25 9
36 28 6
36 29 7
36 32 4
36 35 4
37 4 3
37 6 3
37 8 4
37 9 4
37 11 9
37 12 4
37 13 5
37 14 2
37 15 6
37 16 9
37 17 8
37 20 3
37 22 8
37 28 7
37 30 3
37 31 8
37 34 3
37 35 9
37 36 5
38 1 5
38 3 3
38 4 9
38 8 9
38 12 2
38 14 8
38 18 5
38 21 4
38 22 4
38 23 4
38 24 3
38 26 8
38 29 8
38 35 8
38 36 9
39 1 8
39 3 1
39 4 8
39 6 7
39 7 9
39 8 8
39 12 5
39 14 5
39 18 7
39 19 9
39 20 2
39 21 5
39 23 7
39 24 8
39 25 4
39 26 8
39 33 9
39 36 7
39 37 2
40 0 8
40 2 6
40 3 8
40 4 8
40 5 9
40 6 6
40 7 6
40 9 1
40 11 6
40 12 6
40 15 9
40 17 1
40 18 1
40 20 6
40 22 8
40 26 9
40 28 2
40 30 8
40 34 1
40 37 8
41 2 2
41 11 7
41 12 8
41 18 8
41 23 4
41 24 7
41 25 7
41 27 4
41 32 1
41 34 8
41 40 3
42 2 3
42 5 6
42 6 2
42 7 6
42 9 1
42 10 9
42 11 2
42 12 6
42 16 5
42 17 5
42 18 5
42 19 1
42 20 4
42 23 2
42 24 9
42 25 3
42 28 9
42 29 1
42 30 8
42 31 6
42 32 7
42 33 1
42 36 4
42 38 1
42 39 5
42 40 2
43 1 2
43 2 8
43 4 9
43 5 3
43 6 8
43 8 2
43 11 1
43 12 2
43 13 5
43 17 4
43 18 6
43 19 5
43 20 2
43 21 2
43 23 2
43 24 1
43 26 6
43 27 8
43 29 3
43 30 1
43 32 1
43 34 7
43 38 7
43 41 8
43 42 3
44 0 8
44 1 3
44 6 2
44 7 5
44 8 5
44 11 1
44 19 3
44 20 4
44 21 3
44 23 3
44 25 4
44 29 4
44 31 4
44 35 6
44 40 1
44 41 3
44 42 3
44 43 2
45 2 9
45 3 7
45 4 9
45 6 1
45 9 9
45 10 9
45 12 9
45 16 8
45 20 5
45 22 3
45 23 8
45 24 6
45 26 8
45 27 9
45 28 3
45 31 1
45 32 6
45 35 5
45 36 2
45 37 5
45 38 4
45 39 8
45 44 3
46 0 1
46 1 3
46 3 4
46 5 3
46 10 1
46 13 8
46 14 4
46 15 7
46 22 3
46 23 9
46 29 2
46 30 8
46 31 9
46 34 5
46 38 2
46 40 3
46 41 1
47 1 1
47 3 2
47 7 6
47 8 1
47 9 4
47 12 4
47 13 2
47 17 5
47 20 3
47 23 1
47 24 5
47 25 2
47 26 7
47 28 2
47 29 9
47 30 4
47 32 8
47 34 7
47 36 9
47 38 8
47 40 3
47 41 1
47 42 3
47 43 7
47 44 5
47 45 6
47 46 7
48 0 3
48 3 7
48 5 5
48 8 9
48 9 7
48 11 8
48 12 1
48 13 4
48 17 8
48 19 9
48 20 2
48 21 5
48 22 5
48 23 3
48 24 3
48 25 6
48 27 5
48 29 5
48 32 5
48 33 9
48 37 6
48 38 9
48 44 1
48 45 8
48 46 9
49 0 9
49 1 2
49 3 5
49 4 3
49 5 1
49 10 3
49 11 5
49 13 6
49 14 8
49 15 9
49 17 8
49 18 5
49 20 8
49 21 9
49 23 3
49 24 4
49 25 8
49 27 4
49 28 9
49 31 9
49 33 8
49 34 7
49 35 6
49 36 1
49 38 7
49 40 5
49 41 5
49 42 3
49 43 6
49 45 2
49 46 1
50 0 4
50 1 7
50 3 6
50 4 1
50 5 5
50 7 7
50 8 5
50 9 6
50 11 3
50 14 3
50 16 8
50 18 7
50 19 7
50 21 9
50 25 4
50 26 5
50 29 4
50 30 6
50 31 6
50 32 3
50 35 1
50 38 5
50 43 5
50 44 8
50 46 9
50 47 3
50 48 9
51 6 6
51 7 1
51 11 5
51 12 2
51 13 5
51 14 5
51 16 4
51 18 6
51 19 7
51 20 1
51 23 3
51 24 4
51 27 9
51 28 4
51 29 3
51 30 7
51 31 3
51 32 9
51 33 6
51 34 2
51 37 3
51 38 3
51 41 9
51 43 8
51 46 6
51 47 6
51 48 7
51 49 8
52 0 7
52 1 1
52 2 6
52 3 1
52 4 1
52 6 5
52 7 1
52 9 3
52 13 6
52 14 3
52 15 6
52 18 4
52 20 1
52 22 9
52 23 2
52 24 2
52 25 5
52 28 9
52 29 2
52 30 3
52 32 2
52 38 2
52 39 8
52 40 4
52 41 7
52 42 9
52 44 1
52 48 3
52 49 5
52 51 8
53 6 9
53 8 7
53 10 3
53 11 3
53 12 8
53 13 8
53 18 2
53 19 4
53 21 2
53 22 8
53 24 3
53 25 7
53 26 2
53 28 3
53 29 1
53 32 1
53 35 4
53 39 6
53 41 4
53 42 7
53 45 3
53 46 3
53 47 5
53 48 6
53 49 5
53 51 9
54 0 5
54 1 6
54 3 8
54 7 7
54 13 4
54 14 1
54 16 9
54 18 6
54 21 4
54 23 7
54 25 3
54 27 3
54 28 6
54 29 8
54 31 1
54 32 1
54 33 6
54 34 8
54 35 4
54 37 2
54 38 3
54 46 5
54 47 9
54 49 4
54 50 5
54 52 7
55 1 3
55 2 6
55 3 2
55 7 8
55 8 8
55 9 8
55 14 2
55 20 9
55 21 7
55 22 1
55 23 2
55 24 1
55 25 2
55 27 1
55 29 8
55 32 9
55 33 5
55 34 3
55 35 5
55 37 9
55 38 4
55 39 3
55 42 4
55 43 1
55 45 2
55 51 2
55 52 7
55 53 7
55 54 4
56 0 7
56 1 8
56 3 2
56 4 6
56 8 5
56 9 7
56 10 7
56 11 8
56 12 4
56 14 4
56 16 5
56 17 4
56 18 7
56 19 4
56 22 9
56 24 2
56 25 2
56 26 9
56 29 2
56 30 7
56 31 5
56 32 7
56 35 5
56 36 4
56 37 4
56 38 7
56 39 5
56 40 7
56 44 1
56 46 1
56 47 7
56 50 3
56 52 7
56 53 3
56 55 8
57 3 6
57 4 7
57 5 9
57 13 1
57 15 9
57 18 7
57 19 1
57 20 1
57 22 9
57 26 6
57 28 4
57 30 4
57 33 1
57 35 7
57 36 8
57 38 7
57 39 4
57 40 5
57 43 8
57 44 7
57 47 6
57 48 9
57 50 1
57 51 2
57 52 9
57 53 3
57 54 9
58 0 7
58 3 8
58 5 1
58 7 7
58 10 6
58 11 5
58 13 8
58 14 2
58 16 4
58 17 8
58 19 4
58 21 1
58 27 7
58 30 1
58 33 7
58 36 4
58 37 5
58 39 5
58 42 5
58 43 9
58 45 9
58 51 5
58 56 5
58 57 2
59 2 3
59 3 9
59 7 7
59 8 6
59 12 4
59 14 1
59 17 9
59 18 2
59 19 5
59 20 8
59 21 8
59 25 4
59 35 8
59 36 3
59 37 4
59 39 3
59 40 1
59 41 3
59 42 6
59 44 7
59 48 5
59 49 7
59 50 6
59 51 9
59 52 3
59 53 2
59 54 2
59 56 7
60 0 6
60 3 2
60 7 2
60 9 8
60 12 8
60 13 8
60 15 1
60 16 6
60 17 1
60 18 8
60 20 6
60 21 1
60 22 1
60 23 7
60 25 9
60 27 4
60 28 6
60 29 8
60 32 4
60 34 2
60 37 6
60 40 4
60 41 4
60 44 7
60 45 8
60 48 1
60 49 4
60 50 6
60 51 3
60 52 3
60 58 3
60 59 6
