34
1 0 21
2 0 26
2 1 16
3 0 15
3 1 25
3 2 28
4 0 33
4 1 2
4 2 16
4 3 5
5 0 40
5 1 18
5 2 18
5 3 4
5 4 33
6 0 22
6 1 10
6 2 33
6 3 35
6 4 22
6 5 2
7 0 40
7 1 40
7 2 7
7 3 43
7 4 32
7 5 12
7 6 22
8 0 41
8 1 9
8 2 8
8 3 11
8 4 16
8 5 26
8 6 36
8 7 35
9 0 39
9 1 17
9 2 22
9 3 2
9 4 21
9 5 25
9 6 10
9 7 38
9 8 13
10 0 30
10 1 4
10 2 32
10 3 28
10 4 34
10 5 7
10 6 7
10 7 38
10 8 23
10 9 1
11 0 4
11 1 29
11 2 24
11 3 39
11 4 40
11 5 11
11 6 24
11 7 27
11 8 5
11 9 42
11 10 30
12 0 37
12 1 31
12 2 17
12 3 29
12 4 26
12 5 29
12 6 19
12 7 43
12 8 36
12 9 18
12 10 6
12 11 30
13 0 20
13 1 43
13 2 42
13 3 21
13 4 14
13 5 43
13 6 35
13 7 40
13 8 37
13 9 1
13 10 37
13 11 7
13 12 23
14 0 5
14 1 24
14 2 20
14 3 13
14 4 38
14 5 33
14 6 14
14 7 17
14 8 1
14 9 43
14 10 14
14 11 30
14 12 6
14 13 23
15 0 14
15 1 11
15 2 28
15 3 25
15 4 16
15 5 15
15 6 40
15 7 37
15 8 3
15 9 30
15 10 34
15 11 8
15 12 5
15 13 27
15 14 7
16 0 12
16 1 36
16 2 41
16 3 25
16 4 15
16 5 6
16 6 10
16 7 28
16 8 21
16 9 40
16 10 16
16 11 1
16 12 42
16 13 23
16 14 6
16 15 40
17 0 37
17 1 27
17 2 28
17 3 34
17 4 23
17 5 41
17 6 1
17 7 14
17 8 3
17 9 32
17 10 40
17 11 6
17 12 28
17 13 25
17 14 20
17 15 29
17 16 10
18 0 39
18 1 37
18 2 1
18 3 16
18 4 38
18 5 26
18 6 9
18 7 39
18 8 5
18 9 15
18 10 20
18 11 31
18 12 7
18 13 24
18 14 5
18 15 35
18 16 5
18 17 18
19 0 36
19 1 37
19 2 34
19 3 11
19 4 13
19 5 10
19 6 4
19 7 26
19 8 31
19 9 30
19 10 21
19 11 8
19 12 32
19 13 8
19 14 3
19 15 22
19 16 23
19 17 4
19 18 7
20 0 18
20 1 8
20 2 17
20 3 37
20 4 5
20 5 31
20 6 11
20 7 31
20 8 23
20 9 15
20 10 38
20 11 18
20 12 39
20 13 30
20 14 2
20 15 22
20 16 38
20 17 14
20 18 17
20 19 42
21 0 37
21 1 18
21 2 16
21 3 35
21 4 35
21 5 34
21 6 22
21 7 18
21 8 20
21 9 28
21 10 18
21 11 34
21 12 4
21 13 12
21 14 25
21 15 25
21 16 15
21 17 42
21 18 43
21 19 28
21 20 13
22 0 3
22 1 8
22 2 32
22 3 42
22 4 16
22 5 37
22 6 7
22 7 27
22 8 22
22 9 29
22 10 41
22 11 5
22 12 19
22 13 37
22 14 19
22 15 18
22 16 26
22 17 3
22 18 31
22 19 6
22 20 24
22 21 15
23 0 3
23 1 7
23 2 11
23 3 1
23 4 16
23 5 13
23 6 14
23 7 18
23 8 17
23 9 14
23 10 32
23 11 11
23 12 37
23 13 35
23 14 1
23 15 42
23 16 16
23 17 23
23 18 30
23 19 1
23 20 9
23 21 28
23 22 25
24 0 10
24 1 20
24 2 25
24 3 24
24 4 39
24 5 19
24 6 23
24 7 11
24 8 30
24 9 42
24 10 42
24 11 14
24 12 39
24 13 7
24 14 21
24 15 41
24 16 24
24 17 27
24 18 3
24 19 38
24 20 26
24 21 22
24 22 17
24 23 12
25 0 30
25 1 22
25 2 35
25 3 28
25 4 31
25 5 38
25 6 13
25 7 11
25 8 2
25 9 8
25 10 10
25 11 28
25 12 39
25 13 1
25 14 37
25 15 32
25 16 28
25 17 14
25 18 11
25 19 4
25 20 26
25 21 34
25 22 11
25 23 13
25 24 38
26 0 17
26 1 22
26 2 14
26 3 15
26 4 15
26 5 12
26 6 11
26 7 23
26 8 36
26 9 18
26 10 7
26 11 8
26 12 5
26 13 6
26 14 32
26 15 1
26 16 16
26 17 5
26 18 33
26 19 18
26 20 41
26 21 9
26 22 2
26 23 19
26 24 38
26 25 34
27 0 36
27 1 18
27 2 10
27 3 22
27 4 12
27 5 34
27 6 9
27 7 39
27 8 12
27 9 43
27 10 11
27 11 12
27 12 33
27 13 38
27 14 27
27 15 30
27 16 12
27 17 23
27 18 10
27 19 4
27 20 10
27 21 28
27 22 15
27 23 27
27 24 35
27 25 40
27 26 40
28 0 8
28 1 25
28 2 3
28 3 22
28 4 7
28 5 28
28 6 11
28 7 32
28 8 15
28 9 11
28 10 13
28 11 12
28 12 17
28 13 26
28 14 42
28 15 14
28 16 42
28 17 23
28 18 31
28 19 20
28 20 2
28 21 16
28 22 13
28 23 41
28 24 24
28 25 8
28 26 41
28 27 11
29 0 16
29 1 36
29 2 34
29 3 5
29 4 24
29 5 5
29 6 38
29 7 18
29 8 14
29 9 22
29 10 6
29 11 43
29 12 31
29 13 17
29 14 35
29 15 26
29 16 30
29 17 36
29 18 16
29 19 10
29 20 22
29 21 9
29 22 9
29 23 7
29 24 27
29 25 18
29 26 43
29 27 20
29 28 8
30 0 10
30 1 43
30 2 2
30 3 35
30 4 9
30 5 31
30 6 7
30 7 43
30 8 2
30 9 13
30 10 10
30 11 10
30 12 26
30 13 3
30 14 11
30 15 3
30 16 31
30 17 25
30 18 10
30 19 32
30 20 19
30 21 24
30 22 10
30 23 8
30 24 28
30 25 19
30 26 7
30 27 40
30 28 43
30 29 40
31 0 28
31 1 17
31 2 23
31 3 32
31 4 34
31 5 41
31 6 32
31 7 26
31 8 18
31 9 27
31 10 20
31 11 18
31 12 6
31 13 25
31 14 12
31 15 20
31 16 24
31 17 43
31 18 12
31 19 22
31 20 12
31 21 12
31 22 41
31 23 36
31 24 13
31 25 6
31 26 3
31 27 39
31 28 23
31 29 22
31 30 25
32 0 29
32 1 7
32 2 6
32 3 37
32 4 20
32 5 32
32 6 2
32 7 40
32 8 4
32 9 6
32 10 31
32 11 18
32 12 30
32 13 5
32 14 19
32 15 16
32 16 43
32 17 33
32 18 41
32 19 14
32 20 34
32 21 8
32 22 27
32 23 3
32 24 3
32 25 19
32 26 41
32 27 4
32 28 18
32 29 8
32 30 25
32 31 27
33 0 36
33 1 31
33 2 21
33 3 31
33 4 26
33 5 24
33 6 5
33 7 2
33 8 11
33 9 25
33 10 17
33 11 42
33 12 24
33 13 3
33 14 38
33 15 10
33 16 8
33 17 37
33 18 34
33 19 18
33 20 22
33 21 36
33 22 12
33 23 39
33 24 19
33 25 31
33 26 17
33 27 2
33 28 22
33 29 43
33 30 31
33 31 31
33 32 31
