34
2 0 38
3 1 41
4 0 20
4 1 15
4 2 20
5 1 17
6 3 47
6 4 3
7 0 41
7 5 12
7 6 14
8 1 56
8 2 2
8 4 25
8 7 49
9 0 44
9 1 7
9 5 26
9 6 39
10 0 41
10 3 27
10 4 5
10 7 57
10 9 47
11 0 44
11 1 34
11 2 27
11 4 29
11 5 28
11 6 24
11 7 38
12 3 49
12 5 24
12 6 38
12 8 13
12 10 15
12 11 9
13 4 48
13 5 8
13 8 3
13 9 56
13 11 29
13 12 45
14 0 56
14 3 49
14 4 55
14 12 51
14 13 33
15 3 38
15 5 29
15 7 9
15 9 16
15 10 5
15 11 58
16 0 38
16 1 19
16 3 10
16 7 13
16 8 56
16 10 13
16 13 45
16 14 41
16 15 50
17 4 17
17 6 41
17 7 17
17 9 3
17 11 15
17 13 30
17 14 24
18 0 8
18 3 48
18 6 27
18 7 2
18 8 49
18 11 2
18 14 56
19 1 23
19 2 7
19 3 59
19 5 30
19 8 11
19 10 59
19 11 51
19 12 25
19 14 24
19 15 34
19 18 57
20 5 18
20 10 14
20 15 23
21 1 1
21 2 52
21 8 37
21 9 32
21 12 50
21 13 7
21 17 44
22 1 40
22 3 28
22 8 53
22 9 27
22 10 44
22 11 42
22 12 28
22 15 28
22 16 41
22 18 12
22 21 5
23 0 13
23 5 27
23 7 32
23 8 43
23 9 23
23 10 2
23 13 15
23 14 14
23 15 15
23 16 28
23 18 42
23 21 35
23 22 40
24 0 2
24 1 7
24 2 37
24 3 10
24 6 44
24 10 42
24 11 4
24 13 43
24 16 57
24 18 38
24 20 57
25 1 54
25 3 12
25 5 54
25 7 12
25 11 60
25 12 43
25 13 10
25 14 20
25 21 56
25 22 37
25 24 27
26 0 26
26 3 53
26 4 36
26 5 25
26 8 53
26 9 36
26 12 60
26 13 2
26 15 31
26 16 52
26 18 60
26 19 41
26 21 55
26 23 16
26 25 32
27 0 16
27 4 27
27 5 22
27 6 35
27 11 2
27 12 29
27 13 52
27 17 33
27 18 29
27 21 27
27 22 31
27 23 37
27 24 9
27 26 33
28 1 24
28 3 27
28 4 53
28 10 38
28 11 31
28 16 35
28 17 41
28 18 28
28 20 15
28 21 49
28 22 4
28 25 45
28 27 41
29 0 21
29 1 28
29 4 9
29 6 53
29 7 28
29 10 6
29 11 29
29 13 10
29 14 55
29 15 57
29 16 60
29 17 16
29 18 11
29 20 24
29 21 60
29 23 24
29 24 13
29 25 41
29 27 52
29 28 9
30 0 2
30 2 33
30 3 9
30 5 35
30 6 54
30 9 36
30 13 29
30 18 18
30 21 25
30 25 20
30 26 6
30 27 26
30 29 6
31 4 48
31 5 54
31 6 29
31 7 39
31 11 22
31 12 26
31 13 28
31 16 48
31 17 60
31 18 24
31 19 26
31 21 19
31 22 45
31 23 3
31 26 9
31 27 11
31 28 7
31 29 19
31 30 42
32 0 4
32 1 19
32 3 23
32 4 12
32 5 6
32 8 22
32 11 25
32 16 40
32 17 50
32 18 3
32 20 55
32 23 22
32 25 37
32 26 38
32 29 58
32 31 56
33 1 24
33 2 54
33 3 29
33 4 48
33 7 10
33 9 38
33 11 45
33 15 11
33 16 1
33 18 46
33 19 51
33 23 25
33 25 57
33 27 31
33 28 22
33 29 35
33 31 40
