53
1 0 15
2 0 13
2 1 1
3 0 1
3 1 15
3 2 6
4 0 9
4 1 7
4 2 15
4 3 8
5 0 11
5 1 2
5 2 10
5 3 3
5 4 14
6 0 12
6 1 7
6 2 10
6 3 8
6 4 6
6 5 9
7 0 2
7 1 15
7 2 5
7 3 14
7 4 12
7 5 2
7 6 1
8 0 8
8 1 15
8 2 16
8 3 10
8 4 1
8 5 13
8 6 4
8 7 9
9 0 10
9 1 6
9 2 15
9 3 16
9 4 4
9 5 9
9 6 8
9 7 3
9 8 5
10 0 1
10 1 2
10 2 16
10 3 5
10 4 7
10 5 8
10 6 10
10 7 12
10 8 15
10 9 7
11 0 4
11 1 14
11 2 1
11 3 1
11 4 2
11 5 15
11 6 13
11 7 12
11 8 8
11 9 7
11 10 8
12 0 2
12 1 11
12 2 8
12 3 15
12 4 10
12 5 14
12 6 15
12 7 1
12 8 16
12 9 8
12 10 11
12 11 15
13 0 14
13 1 13
13 2 10
13 3 13
13 4 3
13 5 4
13 6 16
13 7 16
13 8 5
13 9 13
13 10 11
13 11 16
13 12 12
14 0 15
14 1 15
14 2 1
14 3 6
14 4 1
14 5 10
14 6 7
14 7 2
14 8 1
14 9 2
14 10 5
14 11 9
14 12 15
14 13 11
15 0 3
15 1 10
15 2 7
15 3 7
15 4 10
15 5 11
15 6 16
15 7 1
15 8 9
15 9 16
15 10 13
15 11 14
15 12 1
15 13 9
15 14 3
16 0 1
16 1 8
16 2 14
16 3 13
16 4 10
16 5 16
16 6 16
16 7 11
16 8 2
16 9 10
16 10 15
16 11 8
16 12 12
16 13 2
16 14 12
16 15 9
17 0 7
17 1 14
17 2 12
17 3 7
17 4 9
17 5 8
17 6 3
17 7 3
17 8 1
17 9 14
17 10 15
17 11 11
17 12 10
17 13 5
17 14 15
17 15 13
17 16 5
18 0 9
18 1 11
18 2 11
18 3 9
18 4 7
18 5 8
18 6 2
18 7 5
18 8 11
18 9 3
18 10 7
18 11 15
18 12 14
18 13 16
18 14 16
18 15 8
18 16 3
18 17 6
19 0 9
19 1 8
19 2 8
19 3 2
19 4 6
19 5 12
19 6 10
19 7 10
19 8 11
19 9 11
19 10 14
19 11 15
19 12 10
19 13 9
19 14 6
19 15 5
19 16 12
19 17 7
19 18 3
20 0 1
20 1 3
20 2 2
20 3 13
20 4 7
20 5 2
20 6 6
20 7 14
20 8 10
20 9 11
20 10 2
20 11 9
20 12 2
20 13 4
20 14 14
20 15 13
20 16 12
20 17 13
20 18 13
20 19 12
21 0 12
21 1 16
21 2 8
21 3 15
21 4 5
21 5 5
21 6 1
21 7 12
21 8 15
21 9 7
21 10 2
21 11 4
21 12 16
21 13 10
21 14 12
21 15 7
21 16 12
21 17 2
21 18 12
21 19 13
21 20 4
22 0 6
22 1 6
22 2 2
22 3 16
22 4 2
22 5 2
22 6 13
22 7 1
22 8 9
22 9 15
22 10 3
22 11 1
22 12 9
22 13 5
22 14 2
22 15 7
22 16 10
22 17 12
22 18 3
22 19 7
22 20 10
22 21 1
23 0 1
23 1 8
23 2 11
23 3 10
23 4 7
23 5 13
23 6 3
23 7 7
23 8 12
23 9 12
23 10 12
23 11 14
23 12 14
23 13 14
23 14 15
23 15 4
23 16 8
23 17 6
23 18 13
23 19 2
23 20 9
23 21 16
23 22 8
24 0 2
24 1 12
24 2 3
24 3 13
24 4 13
24 5 5
24 6 3
24 7 5
24 8 8
24 9 12
24 10 9
24 11 2
24 12 16
24 13 3
24 14 3
24 15 14
24 16 6
24 17 11
24 18 11
24 19 4
24 20 9
24 21 3
24 22 11
24 23 1
25 0 13
25 1 12
25 2 14
25 3 15
25 4 16
25 5 5
25 6 12
25 7 3
25 8 4
25 9 1
25 10 11
25 11 10
25 12 15
25 13 2
25 14 12
25 15 9
25 16 12
25 17 9
25 18 10
25 19 14
25 20 13
25 21 2
25 22 9
25 23 14
25 24 12
26 0 12
26 1 7
26 2 13
26 3 10
26 4 13
26 5 16
26 6 9
26 7 11
26 8 12
26 9 14
26 10 1
26 11 12
26 12 13
26 13 11
26 14 10
26 15 3
26 16 7
26 17 3
26 18 10
26 19 10
26 20 6
26 21 12
26 22 14
26 23 6
26 24 1
26 25 4
27 0 15
27 1 9
27 2 14
27 3 6
27 4 14
27 5 12
27 6 5
27 7 14
27 8 11
27 9 16
27 10 5
27 11 11
27 12 12
27 13 10
27 14 16
27 15 4
27 16 15
27 17 16
27 18 16
27 19 7
27 20 12
27 21 5
27 22 16
27 23 13
27 24 14
27 25 6
27 26 8
28 0 11
28 1 7
28 2 15
28 3 4
28 4 5
28 5 14
28 6 15
28 7 8
28 8 9
28 9 5
28 10 8
28 11 10
28 12 15
28 13 2
28 14 7
28 15 6
28 16 15
28 17 2
28 18 4
28 19 12
28 20 3
28 21 12
28 22 8
28 23 5
28 24 6
28 25 13
28 26 15
28 27 7
29 0 3
29 1 10
29 2 1
29 3 7
29 4 9
29 5 10
29 6 9
29 7 4
29 8 4
29 9 1
29 10 10
29 11 14
29 12 4
29 13 7
29 14 12
29 15 10
29 16 13
29 17 8
29 18 3
29 19 1
29 20 15
29 21 1
29 22 10
29 23 4
29 24 5
29 25 15
29 26 14
29 27 1
29 28 12
30 0 5
30 1 11
30 2 12
30 3 9
30 4 16
30 5 2
30 6 7
30 7 15
30 8 15
30 9 14
30 10 1
30 11 5
30 12 15
30 13 4
30 14 1
30 15 14
30 16 9
30 17 10
30 18 10
30 19 6
30 20 9
30 21 10
30 22 15
30 23 11
30 24 9
30 25 6
30 26 2
30 27 1
30 28 12
30 29 8
31 0 15
31 1 3
31 2 11
31 3 9
31 4 3
31 5 3
31 6 3
31 7 2
31 8 8
31 9 5
31 10 8
31 11 11
31 12 7
31 13 1
31 14 5
31 15 13
31 16 5
31 17 8
31 18 5
31 19 8
31 20 7
31 21 1
31 22 9
31 23 5
31 24 9
31 25 9
31 26 3
31 27 1
31 28 8
31 29 13
31 30 6
32 0 4
32 1 1
32 2 8
32 3 4
32 4 12
32 5 9
32 6 5
32 7 11
32 8 5
32 9 14
32 10 6
32 11 4
32 12 15
32 13 8
32 14 4
32 15 10
32 16 15
32 17 9
32 18 15
32 19 4
32 20 10
32 21 11
32 22 10
32 23 1
32 24 8
32 25 13
32 26 8
32 27 11
32 28 6
32 29 6
32 30 5
32 31 5
33 0 3
33 1 3
33 2 10
33 3 12
33 4 2
33 5 12
33 6 2
33 7 8
33 8 1
33 9 15
33 10 6
33 11 6
33 12 6
33 13 10
33 14 7
33 15 5
33 16 4
33 17 11
33 18 6
33 19 9
33 20 1
33 21 16
33 22 3
33 23 9
33 24 3
33 25 13
33 26 6
33 27 14
33 28 9
33 29 15
33 30 14
33 31 9
33 32 8
34 0 4
34 1 6
34 2 9
34 3 5
34 4 13
34 5 3
34 6 10
34 7 13
34 8 13
34 9 3
34 10 6
34 11 3
34 12 7
34 13 2
34 14 13
34 15 5
34 16 10
34 17 6
34 18 15
34 19 7
34 20 5
34 21 9
34 22 3
34 23 11
34 24 10
34 25 2
34 26 5
34 27 6
34 28 12
34 29 13
34 30 2
34 31 4
34 32 8
34 33 1
35 0 13
35 1 7
35 2 5
35 3 5
35 4 3
35 5 9
35 6 8
35 7 12
35 8 9
35 9 2
35 10 15
35 11 4
35 12 5
35 13 8
35 14 16
35 15 5
35 16 8
35 17 11
35 18 5
35 19 6
35 20 15
35 21 6
35 22 4
35 23 4
35 24 4
35 25 13
35 26 1
35 27 4
35 28 16
35 29 15
35 30 13
35 31 5
35 32 13
35 33 10
35 34 7
36 0 10
36 1 13
36 2 6
36 3 1
36 4 7
36 5 16
36 6 1
36 7 4
36 8 16
36 9 9
36 10 11
36 11 16
36 12 5
36 13 1
36 14 13
36 15 8
36 16 13
36 17 13
36 18 12
36 19 1
36 20 13
36 21 3
36 22 15
36 23 2
36 24 3
36 25 9
36 26 10
36 27 14
36 28 1
36 29 7
36 30 2
36 31 10
36 32 16
36 33 11
36 34 14
36 35 5
37 0 2
37 1 5
37 2 10
37 3 5
37 4 11
37 5 7
37 6 14
37 7 15
37 8 3
37 9 12
37 10 10
37 11 11
37 12 2
37 13 2
37 14 15
37 15 16
37 16 15
37 17 14
37 18 10
37 19 7
37 20 1
37 21 16
37 22 8
37 23 9
37 24 2
37 25 3
37 26 16
37 27 9
37 28 15
37 29 4
37 30 10
37 31 7
37 32 9
37 33 7
37 34 5
37 35 13
37 36 8
38 0 2
38 1 5
38 2 7
38 3 15
38 4 13
38 5 13
38 6 16
38 7 14
38 8 1
38 9 10
38 10 16
38 11 1
38 12 16
38 13 8
38 14 1
38 15 6
38 16 7
38 17 9
38 18 6
38 19 16
38 20 10
38 21 12
38 22 8
38 23 8
38 24 16
38 25 7
38 26 15
38 27 13
38 28 4
38 29 3
38 30 12
38 31 4
38 32 7
38 33 15
38 34 11
38 35 14
38 36 5
38 37 5
39 0 8
39 1 4
39 2 8
39 3 11
39 4 16
39 5 2
39 6 13
39 7 5
39 8 15
39 9 14
39 10 1
39 11 13
39 12 4
39 13 12
39 14 7
39 15 4
39 16 11
39 17 15
39 18 2
39 19 4
39 20 8
39 21 3
39 22 12
39 23 7
39 24 7
39 25 1
39 26 1
39 27 8
39 28 11
39 29 15
39 30 3
39 31 5
39 32 1
39 33 2
39 34 10
39 35 3
39 36 9
39 37 15
39 38 5
40 0 2
40 1 16
40 2 16
40 3 14
40 4 8
40 5 7
40 6 10
40 7 1
40 8 10
40 9 7
40 10 7
40 11 10
40 12 2
40 13 7
40 14 14
40 15 3
40 16 6
40 17 3
40 18 8
40 19 14
40 20 16
40 21 12
40 22 16
40 23 8
40 24 1
40 25 2
40 26 14
40 27 2
40 28 15
40 29 12
40 30 7
40 31 7
40 32 1
40 33 11
40 34 14
40 35 9
40 36 6
40 37 5
40 38 2
40 39 11
41 0 10
41 1 11
41 2 1
41 3 11
41 4 11
41 5 15
41 6 16
41 7 10
41 8 3
41 9 15
41 10 14
41 11 3
41 12 11
41 13 9
41 14 3
41 15 15
41 16 10
41 17 8
41 18 14
41 19 7
41 20 8
41 21 13
41 22 14
41 23 11
41 24 12
41 25 16
41 26 14
41 27 13
41 28 3
41 29 15
41 30 7
41 31 12
41 32 14
41 33 15
41 34 5
41 35 13
41 36 4
41 37 3
41 38 16
41 39 15
41 40 9
42 0 7
42 1 5
42 2 1
42 3 11
42 4 8
42 5 16
42 6 14
42 7 8
42 8 2
42 9 10
42 10 1
42 11 12
42 12 5
42 13 6
42 14 12
42 15 7
42 16 15
42 17 10
42 18 14
42 19 9
42 20 16
42 21 6
42 22 15
42 23 6
42 24 13
42 25 5
42 26 6
42 27 4
42 28 1
42 29 15
42 30 7
42 31 12
42 32 9
42 33 11
42 34 10
42 35 2
42 36 15
42 37 13
42 38 12
42 39 11
42 40 13
42 41 4
43 0 14
43 1 14
43 2 4
43 3 12
43 4 10
43 5 12
43 6 13
43 7 10
43 8 8
43 9 11
43 10 11
43 11 5
43 12 11
43 13 8
43 14 4
43 15 16
43 16 8
43 17 7
43 18 16
43 19 10
43 20 12
43 21 1
43 22 7
43 23 15
43 24 3
43 25 5
43 26 9
43 27 1
43 28 5
43 29 3
43 30 2
43 31 6
43 32 5
43 33 14
43 34 9
43 35 6
43 36 1
43 37 4
43 38 4
43 39 3
43 40 7
43 41 4
43 42 5
44 0 9
44 1 7
44 2 7
44 3 10
44 4 6
44 5 11
44 6 4
44 7 6
44 8 1
44 9 6
44 10 13
44 11 1
44 12 4
44 13 10
44 14 3
44 15 10
44 16 7
44 17 16
44 18 16
44 19 1
44 20 1
44 21 11
44 22 11
44 23 5
44 24 14
44 25 8
44 26 7
44 27 15
44 28 1
44 29 11
44 30 3
44 31 2
44 32 10
44 33 14
44 34 5
44 35 6
44 36 3
44 37 1
44 38 14
44 39 16
44 40 12
44 41 14
44 42 2
44 43 1
45 0 10
45 1 14
45 2 10
45 3 4
45 4 3
45 5 2
45 6 12
45 7 13
45 8 6
45 9 9
45 10 9
45 11 15
45 12 14
45 13 1
45 14 7
45 15 6
45 16 4
45 17 11
45 18 5
45 19 2
45 20 12
45 21 3
45 22 13
45 23 16
45 24 8
45 25 7
45 26 13
45 27 2
45 28 10
45 29 3
45 30 10
45 31 9
45 32 13
45 33 13
45 34 5
45 35 9
45 36 11
45 37 1
45 38 11
45 39 14
45 40 5
45 41 15
45 42 6
45 43 10
45 44 14
46 0 13
46 1 11
46 2 10
46 3 13
46 4 11
46 5 5
46 6 12
46 7 8
46 8 8
46 9 16
46 10 6
46 11 14
46 12 11
46 13 15
46 14 14
46 15 1
46 16 13
46 17 2
46 18 2
46 19 16
46 20 13
46 21 13
46 22 5
46 23 4
46 24 13
46 25 1
46 26 2
46 27 5
46 28 8
46 29 14
46 30 9
46 31 1
46 32 1
46 33 1
46 34 4
46 35 12
46 36 16
46 37 5
46 38 14
46 39 1
46 40 13
46 41 16
46 42 3
46 43 10
46 44 4
46 45 15
47 0 8
47 1 2
47 2 5
47 3 11
47 4 14
47 5 8
47 6 16
47 7 14
47 8 12
47 9 12
47 10 15
47 11 6
47 12 7
47 13 9
47 14 1
47 15 11
47 16 1
47 17 15
47 18 12
47 19 3
47 20 13
47 21 9
47 22 4
47 23 13
47 24 6
47 25 8
47 26 11
47 27 16
47 28 16
47 29 2
47 30 1
47 31 7
47 32 10
47 33 16
47 34 5
47 35 3
47 36 5
47 37 13
47 38 5
47 39 11
47 40 2
47 41 13
47 42 3
47 43 14
47 44 13
47 45 3
47 46 11
48 0 5
48 1 3
48 2 4
48 3 10
48 4 9
48 5 1
48 6 5
48 7 12
48 8 8
48 9 1
48 10 14
48 11 4
48 12 12
48 13 12
48 14 3
48 15 2
48 16 9
48 17 10
48 18 2
48 19 16
48 20 3
48 21 1
48 22 3
48 23 3
48 24 5
48 25 1
48 26 16
48 27 8
48 28 6
48 29 11
48 30 7
48 31 1
48 32 7
48 33 10
48 34 10
48 35 10
48 36 3
48 37 3
48 38 16
48 39 11
48 40 14
48 41 4
48 42 12
48 43 11
48 44 9
48 45 14
48 46 2
48 47 9
49 0 12
49 1 11
49 2 9
49 3 4
49 4 9
49 5 8
49 6 5
49 7 7
49 8 10
49 9 9
49 10 4
49 11 7
49 12 2
49 13 16
49 14 4
49 15 10
49 16 2
49 17 5
49 18 8
49 19 15
49 20 7
49 21 3
49 22 14
49 23 7
49 24 1
49 25 13
49 26 5
49 27 4
49 28 1
49 29 11
49 30 5
49 31 1
49 32 8
49 33 7
49 34 7
49 35 16
49 36 8
49 37 12
49 38 5
49 39 12
49 40 1
49 41 9
49 42 2
49 43 7
49 44 7
49 45 15
49 46 4
49 47 1
49 48 8
50 0 8
50 1 14
50 2 9
50 3 12
50 4 2
50 5 13
50 6 13
50 7 12
50 8 11
50 9 14
50 10 13
50 11 14
50 12 9
50 13 2
50 14 3
50 15 6
50 16 14
50 17 10
50 18 10
50 19 4
50 20 5
50 21 10
50 22 16
50 23 6
50 24 16
50 25 14
50 26 1
50 27 12
50 28 12
50 29 5
50 30 8
50 31 5
50 32 16
50 33 16
50 34 6
50 35 7
50 36 5
50 37 1
50 38 7
50 39 12
50 40 1
50 41 12
50 42 16
50 43 8
50 44 4
50 45 11
50 46 5
50 47 8
50 48 15
50 49 15
51 0 15
51 1 11
51 2 1
51 3 5
51 4 4
51 5 9
51 6 5
51 7 2
51 8 5
51 9 1
51 10 5
51 11 6
51 12 11
51 13 16
51 14 13
51 15 3
51 16 11
51 17 10
51 18 12
51 19 8
51 20 14
51 21 1
51 22 8
51 23 1
51 24 7
51 25 15
51 26 5
51 27 8
51 28 8
51 29 8
51 30 8
51 31 8
51 32 12
51 33 6
51 34 8
51 35 6
51 36 8
51 37 5
51 38 6
51 39 10
51 40 14
51 41 15
51 42 5
51 43 6
51 44 8
51 45 5
51 46 16
51 47 10
51 48 1
51 49 10
51 50 4
52 0 13
52 1 2
52 2 4
52 3 8
52 4 8
52 5 4
52 6 11
52 7 1
52 8 9
52 9 2
52 10 2
52 11 14
52 12 13
52 13 16
52 14 2
52 15 7
52 16 2
52 17 8
52 18 4
52 19 4
52 20 3
52 21 7
52 22 3
52 23 7
52 24 15
52 25 15
52 26 3
52 27 3
52 28 4
52 29 1
52 30 4
52 31 13
52 32 12
52 33 11
52 34 11
52 35 9
52 36 2
52 37 16
52 38 7
52 39 5
52 40 13
52 41 12
52 42 6
52 43 2
52 44 5
52 45 2
52 46 15
52 47 12
52 48 4
52 49 6
52 50 4
52 51 2
