17
1 0 12
2 0 29
2 1 20
3 0 19
3 1 15
3 2 29
4 0 16
4 1 7
4 2 5
4 3 24
5 0 2
5 1 30
5 2 3
5 3 7
5 4 28
6 0 17
6 1 5
6 2 14
6 3 18
6 4 24
6 5 15
7 0 28
7 1 3
7 2 22
7 3 30
7 4 12
7 5 22
7 6 22
8 0 22
8 1 11
8 2 14
8 3 19
8 4 23
8 5 26
8 6 9
8 7 30
9 0 10
9 1 28
9 2 28
9 3 20
9 4 26
9 5 19
9 6 12
9 7 2
9 8 11
10 0 23
10 1 22
10 2 25
10 3 30
10 4 30
10 5 27
10 6 8
10 7 12
10 8 3
10 9 22
11 0 4
11 1 9
11 2 12
11 3 26
11 4 30
11 5 5
11 6 9
11 7 5
11 8 6
11 9 22
11 10 11
12 0 25
12 1 5
12 2 7
12 3 20
12 4 3
12 5 11
12 6 10
12 7 26
12 8 15
12 9 19
12 10 23
12 11 27
13 0 9
13 1 1
13 2 30
13 3 13
13 4 19
13 5 30
13 6 21
13 7 10
13 8 14
13 9 11
13 10 2
13 11 7
13 12 11
14 0 2
14 1 11
14 2 25
14 3 14
14 4 8
14 5 8
14 6 5
14 7 19
14 8 21
14 9 18
14 10 10
14 11 12
14 12 24
14 13 21
15 0 25
15 1 29
15 2 19
15 3 26
15 4 6
15 5 24
15 6 26
15 7 30
15 8 19
15 9 11
15 10 14
15 11 14
15 12 7
15 13 30
15 14 9
16 0 18
16 1 15
16 2 27
16 3 15
16 4 10
16 5 11
16 6 5
16 7 29
16 8 10
16 9 1
16 10 27
16 11 1
16 12 26
16 13 8
16 14 23
16 15 25
