67
2 0 37
2 1 14
3 0 12
4 0 15
4 1 26
4 3 14
5 0 17
5 1 51
5 3 23
6 1 45
6 2 50
6 4 18
6 5 46
7 0 36
7 1 69
7 6 18
8 2 52
8 4 23
8 5 48
8 7 29
9 0 32
9 1 42
9 2 61
9 3 7
9 4 17
9 5 2
9 7 14
10 0 44
10 4 68
10 7 8
10 8 66
11 0 41
11 1 50
11 2 5
11 4 6
11 5 1
11 6 40
11 7 68
11 8 23
11 9 33
12 4 26
12 6 41
12 8 2
12 10 15
13 0 12
13 1 13
13 4 34
13 7 47
13 8 25
13 9 3
13 10 41
13 11 63
13 12 9
14 0 14
14 1 34
14 5 10
14 7 58
14 8 34
14 11 63
14 13 50
15 1 29
15 2 50
15 4 5
15 7 47
15 9 6
15 10 31
15 11 26
15 12 30
15 13 6
15 14 11
16 1 41
16 2 49
16 3 31
16 6 33
16 7 33
16 8 60
16 9 63
16 10 20
16 11 32
16 12 3
16 15 45
17 1 17
17 3 60
17 4 25
17 7 44
17 8 61
17 12 19
17 13 22
17 15 34
18 0 69
18 1 42
18 3 27
18 4 19
18 5 62
18 6 43
18 8 19
18 9 16
18 10 18
18 11 15
18 14 69
18 15 16
19 1 59
19 2 46
19 3 35
19 5 66
19 11 63
19 12 38
19 13 51
19 14 12
19 18 50
20 2 57
20 5 33
20 6 48
20 7 12
20 8 64
20 10 21
20 16 41
20 17 62
20 18 14
20 19 47
21 0 44
21 1 34
21 5 62
21 7 55
21 8 27
21 9 32
21 10 8
21 11 22
21 12 29
22 0 9
22 4 3
22 7 14
22 10 52
22 11 27
22 12 13
22 14 67
23 0 45
23 1 18
23 4 20
23 6 40
23 7 29
23 8 57
23 11 65
23 12 39
23 14 18
23 15 47
23 17 6
23 18 57
23 19 45
23 21 3
24 0 70
24 2 53
24 3 7
24 5 2
24 8 58
24 12 24
24 13 37
24 14 30
24 21 46
24 22 41
24 23 6
25 2 35
25 6 30
25 7 12
25 8 31
25 9 27
25 10 55
25 12 51
25 13 37
25 15 21
25 16 34
25 20 58
25 22 18
26 1 36
26 3 18
26 4 66
26 7 20
26 9 8
26 13 25
26 14 59
26 17 68
26 18 20
26 19 58
26 21 18
26 22 59
26 23 69
26 25 38
27 0 36
27 1 66
27 2 12
27 3 65
27 4 44
27 7 35
27 10 3
27 11 51
27 12 7
27 13 65
27 14 3
27 16 51
27 17 62
27 18 62
27 21 8
27 23 63
27 24 16
27 25 2
27 26 28
28 1 52
28 3 3
28 4 65
28 5 21
28 7 1
28 8 64
28 14 31
28 16 17
28 17 3
28 18 15
28 20 67
28 21 24
28 22 57
28 23 36
28 25 14
28 26 6
28 27 28
29 0 45
29 3 12
29 4 30
29 7 57
29 10 28
29 11 46
29 12 13
29 15 22
29 17 36
29 18 18
29 20 66
29 23 24
30 0 41
30 6 45
30 8 2
30 10 15
30 13 61
30 14 22
30 15 56
30 17 16
30 19 68
30 21 34
30 24 10
30 26 46
30 27 32
31 2 59
31 3 36
31 4 24
31 6 35
31 7 49
31 12 49
31 15 31
31 17 6
31 18 7
31 23 13
31 25 10
31 26 48
32 0 42
32 1 42
32 4 19
32 5 30
32 8 28
32 13 40
32 14 19
32 16 60
32 17 63
32 19 54
32 21 38
32 23 18
32 24 3
32 25 27
32 26 16
32 27 19
32 28 25
32 30 46
33 0 10
33 2 36
33 4 8
33 6 8
33 7 70
33 9 26
33 11 2
33 13 69
33 17 60
33 18 60
33 19 26
33 22 5
33 26 60
33 28 17
33 29 42
33 30 14
33 31 23
33 32 58
34 0 16
34 3 23
34 4 18
34 5 47
34 8 65
34 9 24
34 10 17
34 11 26
34 12 68
34 16 24
34 19 17
34 23 62
34 26 50
34 29 65
34 33 65
35 0 52
35 2 58
35 5 27
35 6 5
35 11 65
35 12 55
35 16 2
35 17 52
35 18 20
35 19 64
35 22 9
35 23 37
35 27 3
35 28 10
35 29 63
35 30 64
35 32 40
35 34 45
36 1 29
36 2 34
36 3 10
36 4 31
36 8 45
36 9 19
36 11 30
36 12 1
36 17 57
36 23 6
36 24 66
36 25 34
36 26 27
36 27 70
36 28 64
36 30 63
36 31 49
36 33 53
36 35 9
37 1 61
37 2 7
37 3 23
37 4 17
37 5 28
37 11 65
37 18 34
37 20 46
37 21 49
37 24 2
37 25 23
37 28 2
37 29 6
37 31 36
37 33 70
37 34 45
37 35 69
37 36 23
38 0 50
38 2 41
38 3 50
38 5 49
38 6 26
38 7 17
38 9 11
38 12 54
38 15 1
38 18 6
38 20 56
38 21 21
38 22 32
38 23 4
38 25 60
38 26 41
38 27 2
38 33 18
38 35 69
39 0 69
39 1 29
39 2 2
39 5 38
39 6 1
39 7 3
39 8 53
39 9 70
39 17 38
39 18 33
39 21 42
39 22 21
39 25 25
39 26 38
39 29 65
39 30 29
39 31 67
39 33 17
39 36 58
39 38 54
40 7 66
40 8 43
40 9 64
40 10 70
40 11 27
40 14 40
40 16 38
40 18 34
40 19 38
40 23 28
40 25 32
40 26 15
40 29 7
40 32 43
40 34 49
40 36 26
40 37 54
40 38 11
40 39 40
41 1 1
41 6 38
41 8 12
41 10 59
41 11 48
41 13 61
41 17 60
41 20 31
41 24 68
41 26 59
41 27 62
41 29 34
41 31 42
41 32 28
41 33 20
41 37 15
41 40 16
42 0 44
42 2 27
42 3 4
42 5 66
42 6 53
42 7 59
42 8 23
42 9 58
42 10 23
42 11 42
42 18 60
42 19 8
42 20 56
42 27 67
42 29 8
42 31 4
42 32 4
42 37 49
42 38 60
42 40 31
43 0 7
43 6 15
43 7 9
43 15 44
43 16 20
43 17 64
43 18 18
43 19 38
43 20 46
43 21 8
43 22 54
43 23 2
43 24 25
43 25 37
43 27 54
43 28 30
43 30 12
43 31 68
43 32 5
43 34 65
43 37 32
43 40 60
43 42 14
44 2 49
44 3 27
44 4 27
44 5 37
44 6 60
44 8 24
44 9 7
44 12 32
44 13 32
44 14 58
44 15 18
44 16 21
44 17 42
44 21 7
44 24 33
44 25 14
44 27 8
44 28 7
44 29 44
44 32 15
44 34 1
44 37 29
44 40 56
45 0 28
45 7 32
45 9 25
45 11 19
45 14 3
45 15 39
45 16 12
45 18 57
45 19 59
45 20 27
45 21 47
45 22 32
45 24 19
45 25 55
45 30 19
45 33 17
45 35 57
45 36 9
45 38 39
45 39 67
45 40 47
45 41 18
45 42 34
45 44 38
46 0 8
46 1 14
46 2 65
46 3 1
46 5 7
46 7 36
46 10 41
46 12 11
46 15 51
46 17 6
46 18 39
46 19 37
46 20 21
46 21 32
46 22 15
46 24 38
46 25 3
46 27 40
46 29 35
46 30 64
46 31 56
46 32 13
46 34 16
46 35 18
46 36 60
46 38 34
46 39 69
46 42 56
46 43 58
47 0 46
47 6 48
47 7 23
47 11 25
47 16 63
47 17 56
47 20 70
47 25 21
47 26 69
47 27 54
47 30 24
47 31 60
47 33 60
47 34 60
47 36 54
47 37 35
47 38 36
47 42 70
47 44 40
47 45 65
48 1 7
48 2 51
48 4 14
48 5 15
48 6 38
48 7 63
48 9 11
48 10 49
48 13 2
48 14 21
48 15 16
48 16 36
48 18 49
48 20 32
48 23 21
48 25 67
48 26 59
48 33 59
48 34 38
48 35 61
48 36 29
48 38 16
48 39 10
48 42 30
48 43 62
48 44 57
48 47 41
49 0 17
49 3 51
49 6 55
49 9 45
49 11 25
49 12 65
49 13 26
49 14 35
49 15 16
49 16 12
49 17 22
49 22 60
49 26 5
49 28 19
49 33 31
49 38 40
49 41 35
49 42 5
49 44 16
49 46 57
49 48 18
50 1 50
50 7 58
50 8 60
50 12 52
50 15 55
50 22 47
50 23 60
50 24 54
50 28 70
50 29 51
50 31 5
50 33 24
50 40 1
50 44 8
50 45 36
50 48 33
50 49 1
51 0 60
51 4 66
51 6 44
51 7 14
51 9 50
51 10 1
51 12 38
51 13 1
51 15 42
51 18 25
51 19 46
51 23 11
51 25 35
51 26 63
51 28 44
51 31 22
51 35 59
51 36 10
51 39 20
51 40 7
51 42 48
51 45 13
51 48 18
51 49 70
51 50 60
52 1 11
52 4 31
52 5 47
52 6 49
52 10 67
52 14 66
52 16 59
52 17 34
52 18 48
52 21 38
52 23 53
52 24 58
52 25 26
52 26 49
52 29 16
52 30 32
52 37 14
52 39 20
52 41 57
52 42 5
52 50 2
52 51 66
53 2 21
53 6 45
53 8 65
53 9 59
53 10 53
53 11 47
53 13 17
53 14 18
53 15 49
53 16 48
53 17 5
53 18 68
53 21 25
53 22 32
53 23 43
53 24 30
53 26 59
53 32 64
53 33 58
53 34 49
53 36 68
53 37 46
53 38 10
53 40 48
53 46 60
53 47 70
53 50 37
53 51 4
53 52 26
54 1 49
54 3 28
54 4 69
54 5 50
54 7 20
54 8 26
54 14 64
54 15 63
54 16 3
54 19 30
54 22 35
54 23 14
54 24 51
54 25 21
54 26 65
54 27 21
54 28 9
54 30 63
54 34 13
54 35 66
54 38 57
54 39 46
54 41 36
54 42 35
54 45 52
54 48 69
54 50 60
54 51 41
55 0 62
55 1 3
55 2 51
55 5 3
55 7 44
55 17 8
55 18 13
55 22 59
55 25 49
55 26 4
55 27 68
55 28 49
55 31 53
55 32 1
55 34 37
55 35 61
55 38 38
55 41 42
55 44 17
55 46 14
55 49 35
55 51 19
55 54 39
56 1 14
56 2 18
56 3 13
56 5 22
56 7 56
56 8 69
56 9 67
56 12 59
56 13 51
56 15 1
56 19 64
56 22 46
56 23 59
56 25 19
56 26 27
56 28 6
56 29 19
56 30 37
56 35 49
56 44 14
56 46 16
56 47 68
56 49 28
56 50 59
56 51 60
56 52 17
56 53 45
56 55 48
57 0 42
57 2 19
57 8 30
57 10 42
57 11 12
57 13 31
57 15 66
57 18 19
57 19 69
57 22 21
57 26 33
57 27 61
57 28 16
57 29 49
57 30 56
57 31 30
57 32 68
57 33 34
57 35 45
57 36 17
57 37 70
57 38 21
57 39 40
57 42 68
57 43 4
57 44 21
57 46 29
57 47 48
57 48 57
57 50 40
57 52 15
57 53 58
57 54 33
57 56 20
58 0 46
58 1 68
58 2 66
58 3 56
58 4 29
58 5 1
58 6 10
58 9 55
58 12 9
58 13 64
58 17 13
58 20 23
58 21 34
58 22 30
58 25 40
58 27 30
58 32 11
58 33 14
58 36 49
58 37 49
58 38 65
58 42 59
58 43 34
58 44 16
58 46 20
58 47 46
58 51 70
58 52 12
58 53 39
58 57 15
59 0 3
59 1 44
59 3 10
59 4 50
59 8 18
59 9 63
59 10 56
59 11 12
59 12 64
59 13 27
59 18 49
59 19 63
59 20 49
59 21 68
59 22 31
59 24 3
59 25 40
59 29 58
59 31 4
59 34 37
59 35 41
59 37 41
59 41 42
59 42 53
59 45 51
59 46 54
59 47 66
59 49 57
59 50 28
59 51 44
59 53 65
59 54 13
59 57 53
59 58 47
60 1 15
60 5 20
60 6 12
60 7 52
60 8 42
60 11 4
60 14 24
60 15 6
60 16 68
60 18 30
60 21 42
60 27 70
60 30 69
60 31 63
60 32 48
60 33 27
60 34 3
60 35 48
60 36 14
60 37 38
60 38 46
60 45 19
60 46 16
60 52 68
60 53 54
60 54 31
60 55 14
60 57 67
60 58 47
61 1 59
61 4 34
61 5 23
61 6 20
61 7 40
61 10 53
61 12 43
61 13 42
61 15 39
61 16 67
61 18 22
61 22 6
61 23 66
61 25 37
61 27 19
61 29 53
61 30 58
61 31 65
61 32 53
61 36 40
61 38 54
61 39 10
61 40 41
61 41 66
61 44 46
61 48 11
61 51 30
61 52 34
61 53 68
61 54 35
61 55 17
62 0 10
62 3 13
62 4 66
62 5 13
62 7 66
62 8 38
62 10 68
62 12 21
62 18 12
62 20 56
62 21 33
62 24 18
62 25 61
62 28 16
62 29 46
62 36 7
62 40 63
62 41 53
62 43 58
62 46 62
62 47 9
62 50 30
62 51 30
62 52 18
62 53 9
62 56 65
62 57 19
62 59 2
62 60 41
63 0 51
63 7 28
63 9 13
63 11 36
63 12 45
63 13 22
63 14 28
63 15 58
63 18 69
63 22 35
63 27 36
63 29 23
63 31 6
63 32 12
63 34 23
63 39 11
63 40 22
63 42 6
63 44 60
63 45 39
63 46 55
63 47 8
63 52 31
63 55 59
63 59 53
63 61 47
64 6 42
64 7 15
64 9 28
64 11 17
64 12 8
64 13 11
64 14 47
64 17 34
64 18 2
64 19 25
64 21 28
64 22 12
64 23 24
64 25 42
64 27 47
64 30 26
64 31 9
64 33 8
64 35 55
64 36 16
64 37 67
64 38 41
64 39 30
64 41 52
64 43 64
64 44 67
64 46 59
64 51 51
64 52 70
64 53 60
64 57 61
64 59 45
64 61 49
64 62 23
65 0 17
65 2 39
65 4 1
65 5 6
65 6 47
65 7 7
65 9 5
65 10 3
65 14 29
65 19 9
65 21 30
65 27 40
65 28 47
65 31 56
65 33 61
65 36 57
65 37 70
65 38 37
65 41 27
65 44 3
65 46 44
65 47 32
65 49 10
65 52 23
65 56 6
65 58 46
65 59 9
65 60 4
66 0 27
66 1 37
66 2 32
66 3 37
66 4 21
66 5 3
66 8 55
66 9 32
66 12 28
66 15 18
66 16 69
66 17 17
66 19 2
66 20 25
66 21 40
66 23 35
66 26 18
66 27 22
66 28 27
66 29 6
66 31 15
66 32 4
66 33 31
66 34 25
66 35 25
66 36 22
66 37 61
66 39 47
66 40 38
66 42 32
66 43 31
66 44 64
66 45 66
66 47 55
66 48 62
66 50 64
66 52 48
66 53 51
66 54 11
66 55 45
66 56 45
66 59 22
66 60 5
66 62 63
66 63 43
66 65 58
