29
2 0 6
2 1 3
3 1 4
3 2 6
4 0 5
4 2 4
5 1 5
5 2 1
6 0 3
6 2 6
6 3 3
6 5 2
7 3 3
7 6 3
8 2 1
8 6 3
9 0 2
9 1 5
9 2 4
9 5 5
9 7 1
10 3 4
10 4 1
10 5 2
10 7 2
10 9 5
11 2 5
11 7 4
11 8 6
11 10 1
12 0 5
12 1 6
12 2 1
12 5 3
12 6 6
12 7 4
12 8 2
12 9 6
12 10 6
12 11 5
13 2 3
13 3 2
13 4 6
13 6 2
13 8 5
13 10 2
13 12 4
14 0 3
14 5 3
14 6 2
14 7 3
14 10 2
15 0 5
15 1 4
15 2 5
15 6 5
15 7 3
15 8 1
15 9 2
15 12 2
16 0 4
16 1 2
16 2 5
16 7 3
16 8 2
16 9 6
17 0 5
17 1 2
17 3 4
17 4 6
17 6 3
17 11 1
17 12 4
17 14 5
17 15 4
18 0 5
18 3 5
18 4 6
18 8 4
18 9 4
18 11 1
18 12 2
18 15 4
18 16 1
18 17 6
19 0 1
19 1 2
19 2 4
19 6 2
19 7 5
19 9 6
19 13 4
19 18 1
20 1 2
20 5 1
20 9 2
20 13 5
20 16 5
20 17 3
20 18 6
20 19 2
21 1 4
21 2 6
21 4 1
21 7 2
21 9 2
21 10 4
21 12 3
21 14 5
21 15 5
21 16 6
21 19 3
22 1 6
22 2 1
22 3 3
22 4 1
22 5 4
22 6 6
22 13 4
22 16 6
23 1 4
23 2 1
23 4 2
23 5 5
23 10 4
23 11 6
23 15 4
23 20 3
23 21 5
23 22 5
24 2 6
24 6 6
24 7 4
24 8 3
24 9 3
24 10 1
24 12 5
24 13 3
24 14 2
24 15 5
24 19 3
24 21 6
25 1 6
25 2 1
25 4 4
25 5 4
25 6 3
25 7 1
25 9 4
25 11 6
25 13 1
25 14 3
25 15 4
25 19 5
25 20 5
25 22 4
26 0 5
26 1 1
26 2 5
26 4 4
26 6 5
26 7 4
26 8 2
26 10 3
26 13 3
26 15 1
26 18 4
26 19 1
26 24 6
27 0 6
27 3 4
27 6 2
27 8 3
27 11 1
27 12 1
27 14 3
27 16 2
27 21 4
27 23 5
27 24 6
27 26 2
28 0 6
28 6 6
28 8 5
28 10 4
28 12 1
28 15 4
28 16 5
28 17 1
28 18 3
28 19 4
28 20 1
28 22 1
28 23 3
28 25 1
28 26 4
28 27 2
