32
1 0 3
2 0 1
2 1 3
3 0 2
3 2 1
4 0 3
4 2 1
4 3 3
5 4 2
6 2 2
6 4 1
7 0 3
7 1 3
7 4 3
7 6 3
8 0 1
8 1 1
8 3 2
8 4 2
8 6 3
9 0 2
9 1 3
9 4 1
9 5 1
9 6 2
9 7 1
9 8 3
10 0 1
10 1 3
10 5 1
10 9 2
11 1 3
11 2 1
11 8 1
11 10 1
12 0 2
12 2 3
12 3 2
12 5 2
12 7 1
12 10 2
12 11 1
13 1 3
13 6 1
13 7 1
13 9 3
13 11 2
14 1 3
14 2 1
14 4 3
14 6 2
14 8 1
14 9 1
14 10 3
14 12 1
14 13 3
15 0 2
15 1 3
15 2 1
15 4 3
15 5 2
15 6 2
15 8 3
15 10 2
15 13 2
16 0 3
16 3 2
16 6 3
16 10 3
16 11 3
16 12 3
16 14 1
16 15 1
17 7 2
17 8 3
17 9 2
17 12 3
17 15 1
17 16 2
18 4 1
18 5 3
18 10 1
18 12 1
18 13 1
18 15 2
18 17 3
19 0 2
19 3 2
19 4 2
19 5 3
19 6 2
19 9 1
19 12 1
19 16 3
19 18 2
20 1 3
20 3 2
20 4 1
20 5 3
20 9 2
20 10 3
20 11 3
20 12 1
20 14 1
20 17 1
21 1 3
21 2 3
21 3 1
21 5 3
21 6 1
21 11 1
21 12 1
21 14 2
21 16 1
21 17 2
21 20 3
22 1 3
22 4 3
22 5 1
22 7 2
22 8 1
22 10 3
22 11 3
22 16 3
22 17 3
22 18 3
22 19 3
22 20 3
22 21 1
23 1 1
23 5 2
23 7 1
23 10 1
23 12 3
23 14 3
23 17 1
23 18 3
23 19 2
23 22 1
24 0 2
24 1 2
24 2 1
24 3 2
24 4 2
24 6 3
24 7 2
24 9 1
24 10 2
24 12 2
24 13 3
24 14 1
24 15 2
24 16 3
24 20 1
24 22 2
25 0 3
25 1 3
25 2 2
25 4 1
25 7 1
25 8 1
25 10 1
25 11 3
25 12 3
25 14 2
25 20 2
25 21 1
25 24 2
26 0 3
26 3 1
26 4 1
26 5 3
26 8 1
26 9 3
26 12 2
26 13 3
26 16 1
26 17 3
26 21 3
27 2 1
27 3 1
27 4 3
27 5 3
27 11 3
27 12 3
27 13 2
27 14 3
27 15 2
27 16 2
27 17 2
27 18 3
27 20 3
27 21 1
27 24 2
27 25 3
27 26 1
28 0 1
28 1 2
28 2 1
28 9 3
28 13 3
28 17 2
28 18 1
28 19 1
28 20 3
28 22 3
28 24 3
28 25 3
28 27 1
29 1 1
29 3 3
29 4 1
29 5 3
29 8 3
29 13 3
29 18 3
29 19 3
29 20 1
29 22 3
29 23 2
29 25 1
29 26 1
29 28 1
30 0 3
30 3 1
30 4 1
30 5 1
30 9 1
30 10 1
30 14 2
30 15 2
30 16 3
30 17 2
30 20 1
30 22 2
30 24 3
30 26 2
30 28 3
31 0 2
31 1 2
31 2 3
31 3 3
31 4 1
31 5 1
31 7 2
31 11 2
31 13 3
31 14 3
31 15 1
31 16 2
31 18 2
31 19 1
31 21 3
31 23 3
31 24 1
31 25 3
31 29 3
