26
1 0 29
2 0 14
2 1 1
3 0 32
3 1 20
3 2 50
4 0 1
4 1 19
4 2 30
4 3 35
5 0 39
5 1 44
5 2 49
5 3 33
5 4 33
6 0 13
6 1 44
6 2 34
6 3 6
6 4 5
6 5 40
7 0 12
7 1 29
7 2 53
7 3 14
7 4 30
7 5 6
7 6 20
8 0 22
8 1 40
8 2 7
8 3 20
8 4 25
8 5 29
8 6 7
8 7 47
9 0 29
9 1 29
9 2 42
9 3 50
9 4 22
9 5 6
9 6 4
9 7 34
9 8 34
10 0 2
10 1 4
10 2 20
10 3 49
10 4 19
10 5 38
10 6 9
10 7 47
10 8 51
10 9 53
11 0 53
11 1 19
11 2 51
11 3 35
11 4 38
11 5 14
11 6 42
11 7 28
11 8 24
11 9 54
11 10 40
12 0 43
12 1 25
12 2 42
12 3 8
12 4 20
12 5 16
12 6 25
12 7 27
12 8 29
12 9 39
12 10 44
12 11 18
13 0 19
13 1 1
13 2 50
13 3 41
13 4 15
13 5 46
13 6 40
13 7 24
13 8 29
13 9 41
13 10 26
13 11 1
13 12 34
14 0 55
14 1 39
14 2 52
14 3 17
14 4 32
14 5 9
14 6 14
14 7 2
14 8 52
14 9 31
14 10 49
14 11 11
14 12 26
14 13 12
15 0 23
15 1 16
15 2 24
15 3 52
15 4 20
15 5 25
15 6 48
15 7 47
15 8 26
15 9 2
15 10 45
15 11 31
15 12 39
15 13 20
15 14 40
16 0 24
16 1 26
16 2 24
16 3 5
16 4 38
16 5 52
16 6 37
16 7 24
16 8 10
16 9 52
16 10 45
16 11 15
16 12 41
16 13 53
16 14 20
16 15 55
17 0 2
17 1 24
17 2 22
17 3 10
17 4 13
17 5 53
17 6 37
17 7 13
17 8 18
17 9 28
17 10 7
17 11 24
17 12 31
17 13 30
17 14 27
17 15 14
17 16 25
18 0 36
18 1 21
18 2 6
18 3 19
18 4 10
18 5 2
18 6 39
18 7 22
18 8 44
18 9 53
18 10 22
18 11 36
18 12 15
18 13 42
18 14 34
18 15 17
18 16 36
18 17 51
19 0 54
19 1 34
19 2 33
19 3 36
19 4 48
19 5 43
19 6 42
19 7 37
19 8 22
19 9 55
19 10 20
19 11 46
19 12 9
19 13 20
19 14 17
19 15 46
19 16 10
19 17 13
19 18 31
20 0 18
20 1 46
20 2 35
20 3 32
20 4 26
20 5 52
20 6 15
20 7 4
20 8 19
20 9 54
20 10 34
20 11 20
20 12 7
20 13 14
20 14 54
20 15 55
20 16 36
20 17 29
20 18 37
20 19 42
21 0 3
21 1 23
21 2 22
21 3 39
21 4 22
21 5 30
21 6 42
21 7 9
21 8 23
21 9 6
21 10 24
21 11 4
21 12 7
21 13 33
21 14 12
21 15 28
21 16 34
21 17 46
21 18 25
21 19 37
21 20 15
22 0 15
22 1 47
22 2 37
22 3 28
22 4 20
22 5 22
22 6 48
22 7 33
22 8 37
22 9 29
22 10 18
22 11 54
22 12 47
22 13 38
22 14 55
22 15 25
22 16 18
22 17 9
22 18 37
22 19 8
22 20 55
22 21 38
23 0 28
23 1 44
23 2 45
23 3 13
23 4 49
23 5 5
23 6 1
23 7 54
23 8 55
23 9 53
23 10 45
23 11 24
23 12 15
23 13 7
23 14 17
23 15 6
23 16 25
23 17 18
23 18 9
23 19 11
23 20 9
23 21 37
23 22 19
24 0 18
24 1 10
24 2 39
24 3 54
24 4 10
24 5 35
24 6 33
24 7 54
24 8 34
24 9 2
24 10 36
24 11 53
24 12 31
24 13 43
24 14 11
24 15 2
24 16 43
24 17 22
24 18 21
24 19 47
24 20 25
24 21 53
24 22 36
24 23 25
25 0 47
25 1 15
25 2 36
25 3 43
25 4 54
25 5 33
25 6 3
25 7 29
25 8 28
25 9 18
25 10 21
25 11 6
25 12 35
25 13 44
25 14 4
25 15 40
25 16 46
25 17 51
25 18 6
25 19 50
25 20 10
25 21 35
25 22 54
25 23 41
25 24 6
