23
1 0 42
2 0 48
2 1 18
3 0 18
3 1 44
3 2 17
4 0 31
4 1 1
4 2 48
4 3 37
5 0 26
5 1 46
5 2 40
5 3 21
5 4 43
6 0 1
6 1 30
6 2 23
6 3 47
6 4 51
6 5 3
7 0 10
7 1 45
7 2 26
7 3 25
7 4 44
7 5 7
7 6 30
8 0 34
8 1 44
8 2 50
8 3 9
8 4 15
8 5 7
8 6 25
8 7 38
9 0 41
9 1 36
9 2 40
9 3 5
9 4 21
9 5 48
9 6 52
9 7 13
9 8 15
10 0 5
10 1 30
10 2 38
10 3 29
10 4 24
10 5 48
10 6 37
10 7 44
10 8 2
10 9 42
11 0 27
11 1 48
11 2 6
11 3 29
11 4 31
11 5 36
11 6 36
11 7 10
11 8 13
11 9 45
11 10 3
12 0 54
12 1 51
12 2 46
12 3 50
12 4 26
12 5 42
12 6 19
12 7 50
12 8 29
12 9 18
12 10 42
12 11 52
13 0 25
13 1 22
13 2 6
13 3 3
13 4 47
13 5 45
13 6 50
13 7 35
13 8 35
13 9 40
13 10 1
13 11 22
13 12 52
14 0 41
14 1 22
14 2 42
14 3 23
14 4 15
14 5 33
14 6 19
14 7 54
14 8 21
14 9 19
14 10 32
14 11 37
14 12 22
14 13 48
15 0 45
15 1 31
15 2 9
15 3 8
15 4 46
15 5 1
15 6 4
15 7 49
15 8 28
15 9 5
15 10 6
15 11 42
15 12 7
15 13 17
15 14 49
16 0 50
16 1 25
16 2 34
16 3 39
16 4 34
16 5 45
16 6 51
16 7 3
16 8 11
16 9 31
16 10 40
16 11 50
16 12 36
16 13 25
16 14 23
16 15 22
17 0 24
17 1 35
17 2 45
17 3 35
17 4 54
17 5 22
17 6 32
17 7 34
17 8 46
17 9 13
17 10 29
17 11 23
17 12 42
17 13 3
17 14 14
17 15 26
17 16 45
18 0 6
18 1 29
18 2 29
18 3 34
18 4 32
18 5 21
18 6 49
18 7 14
18 8 24
18 9 25
18 10 17
18 11 10
18 12 52
18 13 41
18 14 32
18 15 25
18 16 33
18 17 14
19 0 49
19 1 13
19 2 26
19 3 13
19 4 11
19 5 45
19 6 48
19 7 26
19 8 9
19 9 12
19 10 40
19 11 16
19 12 51
19 13 49
19 14 33
19 15 16
19 16 6
19 17 54
19 18 3
20 0 21
20 1 3
20 2 19
20 3 8
20 4 15
20 5 22
20 6 2
20 7 18
20 8 27
20 9 25
20 10 16
20 11 27
20 12 44
20 13 25
20 14 5
20 15 20
20 16 23
20 17 20
20 18 28
20 19 39
21 0 25
21 1 29
21 2 2
21 3 25
21 4 23
21 5 6
21 6 4
21 7 45
21 8 49
21 9 26
21 10 22
21 11 46
21 12 28
21 13 44
21 14 39
21 15 33
21 16 44
21 17 29
21 18 48
21 19 1
21 20 54
22 0 23
22 1 47
22 2 50
22 3 12
22 4 33
22 5 34
22 6 2
22 7 50
22 8 28
22 9 9
22 10 50
22 11 51
22 12 40
22 13 30
22 14 46
22 15 32
22 16 19
22 17 39
22 18 36
22 19 27
22 20 1
22 21 20
