54
1 0 16
2 0 36
2 1 29
3 0 31
3 1 26
3 2 46
4 0 5
4 1 25
4 2 9
4 3 38
5 0 19
5 1 22
5 2 49
5 3 45
5 4 47
6 0 2
6 1 44
6 2 10
6 3 44
6 4 5
6 5 7
7 0 25
7 1 39
7 2 38
7 3 11
7 4 50
7 5 53
7 6 41
8 0 35
8 1 44
8 2 43
8 3 24
8 4 21
8 5 37
8 6 38
8 7 24
9 0 42
9 1 5
9 2 21
9 3 28
9 4 41
9 5 43
9 6 39
9 7 22
9 8 47
10 0 11
10 1 8
10 2 17
10 3 43
10 4 46
10 5 51
10 6 30
10 7 28
10 8 51
10 9 43
11 0 41
11 1 19
11 2 21
11 3 44
11 4 1
11 5 13
11 6 5
11 7 3
11 8 52
11 9 22
11 10 42
12 0 51
12 1 7
12 2 11
12 3 16
12 4 13
12 5 39
12 6 20
12 7 51
12 8 34
12 9 14
12 10 20
12 11 48
13 0 45
13 1 49
13 2 39
13 3 24
13 4 44
13 5 12
13 6 46
13 7 10
13 8 43
13 9 47
13 10 25
13 11 19
13 12 42
14 0 28
14 1 20
14 2 6
14 3 1
14 4 41
14 5 43
14 6 26
14 7 25
14 8 1
14 9 16
14 10 7
14 11 20
14 12 37
14 13 23
15 0 15
15 1 21
15 2 42
15 3 33
15 4 20
15 5 45
15 6 7
15 7 18
15 8 15
15 9 6
15 10 52
15 11 16
15 12 18
15 13 19
15 14 44
16 0 7
16 1 9
16 2 34
16 3 51
16 4 51
16 5 30
16 6 40
16 7 55
16 8 41
16 9 14
16 10 50
16 11 50
16 12 33
16 13 53
16 14 13
16 15 21
17 0 47
17 1 41
17 2 33
17 3 9
17 4 51
17 5 16
17 6 16
17 7 8
17 8 32
17 9 20
17 10 49
17 11 55
17 12 29
17 13 48
17 14 41
17 15 41
17 16 46
18 0 37
18 1 19
18 2 33
18 3 29
18 4 43
18 5 20
18 6 51
18 7 8
18 8 49
18 9 8
18 10 11
18 11 31
18 12 17
18 13 50
18 14 16
18 15 53
18 16 22
18 17 6
19 0 19
19 1 44
19 2 36
19 3 20
19 4 15
19 5 24
19 6 31
19 7 13
19 8 27
19 9 23
19 10 5
19 11 40
19 12 31
19 13 46
19 14 24
19 15 54
19 16 34
19 17 7
19 18 15
20 0 54
20 1 53
20 2 14
20 3 41
20 4 52
20 5 12
20 6 11
20 7 54
20 8 41
20 9 39
20 10 4
20 11 37
20 12 34
20 13 13
20 14 25
20 15 7
20 16 53
20 17 9
20 18 35
20 19 55
21 0 8
21 1 31
21 2 47
21 3 11
21 4 12
21 5 4
21 6 44
21 7 4
21 8 20
21 9 15
21 10 52
21 11 39
21 12 16
21 13 6
21 14 28
21 15 53
21 16 52
21 17 27
21 18 52
21 19 22
21 20 12
22 0 3
22 1 24
22 2 34
22 3 29
22 4 2
22 5 42
22 6 19
22 7 30
22 8 11
22 9 30
22 10 13
22 11 12
22 12 38
22 13 30
22 14 37
22 15 11
22 16 19
22 17 39
22 18 25
22 19 52
22 20 13
22 21 11
23 0 25
23 1 26
23 2 10
23 3 19
23 4 46
23 5 13
23 6 2
23 7 26
23 8 52
23 9 38
23 10 9
23 11 52
23 12 15
23 13 43
23 14 27
23 15 53
23 16 6
23 17 50
23 18 39
23 19 46
23 20 33
23 21 30
23 22 55
24 0 41
24 1 31
24 2 20
24 3 55
24 4 32
24 5 3
24 6 31
24 7 49
24 8 47
24 9 37
24 10 50
24 11 4
24 12 49
24 13 4
24 14 15
24 15 35
24 16 19
24 17 8
24 18 11
24 19 27
24 20 52
24 21 49
24 22 31
24 23 8
25 0 25
25 1 44
25 2 55
25 3 14
25 4 17
25 5 26
25 6 22
25 7 28
25 8 5
25 9 40
25 10 2
25 11 27
25 12 16
25 13 12
25 14 12
25 15 32
25 16 23
25 17 38
25 18 54
25 19 7
25 20 46
25 21 3
25 22 34
25 23 6
25 24 51
26 0 1
26 1 14
26 2 27
26 3 55
26 4 12
26 5 5
26 6 40
26 7 32
26 8 30
26 9 35
26 10 53
26 11 39
26 12 31
26 13 4
26 14 22
26 15 19
26 16 7
26 17 46
26 18 17
26 19 14
26 20 24
26 21 45
26 22 50
26 23 42
26 24 16
26 25 51
27 0 15
27 1 10
27 2 6
27 3 39
27 4 34
27 5 6
27 6 18
27 7 31
27 8 47
27 9 37
27 10 43
27 11 25
27 12 16
27 13 23
27 14 31
27 15 17
27 16 39
27 17 27
27 18 9
27 19 34
27 20 19
27 21 11
27 22 8
27 23 30
27 24 20
27 25 21
27 26 34
28 0 2
28 1 55
28 2 48
28 3 51
28 4 25
28 5 24
28 6 54
28 7 47
28 8 38
28 9 49
28 10 3
28 11 46
28 12 49
28 13 41
28 14 17
28 15 12
28 16 19
28 17 34
28 18 30
28 19 22
28 20 55
28 21 29
28 22 30
28 23 27
28 24 35
28 25 42
28 26 1
28 27 45
29 0 45
29 1 13
29 2 37
29 3 21
29 4 1
29 5 46
29 6 34
29 7 5
29 8 40
29 9 42
29 10 11
29 11 21
29 12 6
29 13 33
29 14 3
29 15 37
29 16 43
29 17 11
29 18 44
29 19 24
29 20 46
29 21 24
29 22 45
29 23 14
29 24 50
29 25 40
29 26 4
29 27 49
29 28 6
30 0 6
30 1 39
30 2 7
30 3 1
30 4 22
30 5 7
30 6 17
30 7 13
30 8 26
30 9 30
30 10 27
30 11 53
30 12 51
30 13 24
30 14 35
30 15 41
30 16 30
30 17 16
30 18 28
30 19 18
30 20 15
30 21 24
30 22 2
30 23 10
30 24 39
30 25 10
30 26 13
30 27 15
30 28 20
30 29 14
31 0 9
31 1 6
31 2 7
31 3 22
31 4 16
31 5 55
31 6 33
31 7 25
31 8 17
31 9 10
31 10 18
31 11 38
31 12 25
31 13 19
31 14 19
31 15 40
31 16 35
31 17 24
31 18 55
31 19 31
31 20 52
31 21 3
31 22 21
31 23 32
31 24 28
31 25 33
31 26 50
31 27 23
31 28 36
31 29 7
31 30 21
32 0 10
32 1 49
32 2 34
32 3 10
32 4 14
32 5 3
32 6 45
32 7 2
32 8 51
32 9 43
32 10 12
32 11 29
32 12 15
32 13 5
32 14 39
32 15 30
32 16 17
32 17 42
32 18 43
32 19 53
32 20 6
32 21 38
32 22 31
32 23 36
32 24 30
32 25 29
32 26 3
32 27 18
32 28 52
32 29 16
32 30 6
32 31 51
33 0 26
33 1 33
33 2 17
33 3 26
33 4 17
33 5 53
33 6 33
33 7 40
33 8 3
33 9 54
33 10 20
33 11 7
33 12 33
33 13 37
33 14 23
33 15 22
33 16 23
33 17 3
33 18 52
33 19 24
33 20 22
33 21 51
33 22 23
33 23 2
33 24 18
33 25 14
33 26 55
33 27 20
33 28 34
33 29 36
33 30 11
33 31 35
33 32 8
34 0 8
34 1 17
34 2 20
34 3 9
34 4 34
34 5 14
34 6 41
34 7 28
34 8 17
34 9 54
34 10 20
34 11 41
34 12 45
34 13 3
34 14 22
34 15 5
34 16 27
34 17 26
34 18 41
34 19 50
34 20 28
34 21 47
34 22 43
34 23 20
34 24 32
34 25 14
34 26 39
34 27 23
34 28 20
34 29 30
34 30 53
34 31 24
34 32 52
34 33 55
35 0 39
35 1 47
35 2 1
35 3 19
35 4 27
35 5 40
35 6 28
35 7 39
35 8 1
35 9 20
35 10 48
35 11 15
35 12 54
35 13 48
35 14 14
35 15 2
35 16 42
35 17 49
35 18 20
35 19 33
35 20 30
35 21 20
35 22 26
35 23 35
35 24 44
35 25 21
35 26 15
35 27 13
35 28 22
35 29 25
35 30 15
35 31 45
35 32 55
35 33 29
35 34 40
36 0 40
36 1 2
36 2 49
36 3 1
36 4 6
36 5 37
36 6 28
36 7 6
36 8 28
36 9 42
36 10 40
36 11 3
36 12 13
36 13 13
36 14 8
36 15 34
36 16 38
36 17 46
36 18 5
36 19 10
36 20 49
36 21 50
36 22 14
36 23 51
36 24 2
36 25 41
36 26 6
36 27 30
36 28 52
36 29 42
36 30 19
36 31 19
36 32 26
36 33 17
36 34 28
36 35 13
37 0 27
37 1 53
37 2 18
37 3 4
37 4 46
37 5 46
37 6 35
37 7 18
37 8 20
37 9 3
37 10 45
37 11 1
37 12 9
37 13 7
37 14 6
37 15 31
37 16 22
37 17 31
37 18 19
37 19 37
37 20 14
37 21 25
37 22 42
37 23 33
37 24 12
37 25 46
37 26 9
37 27 31
37 28 32
37 29 25
37 30 21
37 31 45
37 32 40
37 33 46
37 34 53
37 35 44
37 36 38
38 0 4
38 1 31
38 2 32
38 3 9
38 4 27
38 5 10
38 6 7
38 7 50
38 8 15
38 9 31
38 10 20
38 11 52
38 12 43
38 13 14
38 14 3
38 15 23
38 16 47
38 17 6
38 18 53
38 19 44
38 20 30
38 21 19
38 22 35
38 23 42
38 24 4
38 25 13
38 26 49
38 27 54
38 28 52
38 29 12
38 30 10
38 31 38
38 32 20
38 33 7
38 34 40
38 35 39
38 36 31
38 37 24
39 0 36
39 1 22
39 2 40
39 3 55
39 4 25
39 5 29
39 6 20
39 7 39
39 8 5
39 9 8
39 10 27
39 11 50
39 12 9
39 13 2
39 14 7
39 15 33
39 16 29
39 17 13
39 18 31
39 19 33
39 20 25
39 21 31
39 22 43
39 23 23
39 24 7
39 25 21
39 26 50
39 27 23
39 28 11
39 29 4
39 30 14
39 31 25
39 32 38
39 33 30
39 34 46
39 35 6
39 36 10
39 37 9
39 38 7
40 0 16
40 1 26
40 2 49
40 3 19
40 4 41
40 5 52
40 6 12
40 7 49
40 8 36
40 9 17
40 10 27
40 11 16
40 12 29
40 13 27
40 14 33
40 15 5
40 16 6
40 17 53
40 18 4
40 19 30
40 20 41
40 21 23
40 22 9
40 23 44
40 24 29
40 25 3
40 26 20
40 27 6
40 28 29
40 29 35
40 30 33
40 31 13
40 32 16
40 33 52
40 34 39
40 35 8
40 36 49
40 37 35
40 38 17
40 39 32
41 0 7
41 1 17
41 2 5
41 3 54
41 4 24
41 5 25
41 6 51
41 7 2
41 8 53
41 9 35
41 10 29
41 11 55
41 12 25
41 13 51
41 14 26
41 15 1
41 16 16
41 17 25
41 18 50
41 19 29
41 20 33
41 21 47
41 22 9
41 23 26
41 24 21
41 25 28
41 26 4
41 27 36
41 28 53
41 29 22
41 30 44
41 31 35
41 32 15
41 33 29
41 34 24
41 35 51
41 36 46
41 37 20
41 38 44
41 39 33
41 40 24
42 0 3
42 1 46
42 2 7
42 3 41
42 4 43
42 5 50
42 6 28
42 7 18
42 8 53
42 9 49
42 10 44
42 11 12
42 12 10
42 13 28
42 14 30
42 15 29
42 16 42
42 17 35
42 18 51
42 19 48
42 20 25
42 21 24
42 22 22
42 23 42
42 24 45
42 25 32
42 26 18
42 27 7
42 28 11
42 29 39
42 30 40
42 31 35
42 32 18
42 33 9
42 34 15
42 35 19
42 36 40
42 37 31
42 38 55
42 39 4
42 40 4
42 41 33
43 0 37
43 1 28
43 2 30
43 3 22
43 4 16
43 5 36
43 6 7
43 7 54
43 8 34
43 9 23
43 10 24
43 11 4
43 12 30
43 13 26
43 14 12
43 15 52
43 16 29
43 17 22
43 18 8
43 19 8
43 20 42
43 21 1
43 22 1
43 23 28
43 24 25
43 25 20
43 26 34
43 27 24
43 28 34
43 29 30
43 30 8
43 31 33
43 32 8
43 33 38
43 34 40
43 35 26
43 36 2
43 37 26
43 38 10
43 39 27
43 40 14
43 41 12
43 42 36
44 0 19
44 1 13
44 2 14
44 3 12
44 4 8
44 5 17
44 6 9
44 7 48
44 8 21
44 9 32
44 10 14
44 11 28
44 12 29
44 13 41
44 14 5
44 15 29
44 16 16
44 17 7
44 18 8
44 19 35
44 20 27
44 21 46
44 22 44
44 23 32
44 24 6
44 25 47
44 26 17
44 27 50
44 28 1
44 29 27
44 30 23
44 31 19
44 32 30
44 33 23
44 34 41
44 35 3
44 36 44
44 37 8
44 38 12
44 39 44
44 40 14
44 41 54
44 42 54
44 43 12
45 0 13
45 1 29
45 2 40
45 3 10
45 4 20
45 5 16
45 6 22
45 7 21
45 8 45
45 9 11
45 10 30
45 11 24
45 12 3
45 13 43
45 14 43
45 15 55
45 16 41
45 17 25
45 18 26
45 19 1
45 20 20
45 21 10
45 22 7
45 23 53
45 24 14
45 25 32
45 26 19
45 27 24
45 28 53
45 29 50
45 30 30
45 31 49
45 32 51
45 33 37
45 34 11
45 35 9
45 36 14
45 37 3
45 38 46
45 39 47
45 40 38
45 41 48
45 42 55
45 43 16
45 44 22
46 0 14
46 1 38
46 2 4
46 3 52
46 4 51
46 5 52
46 6 36
46 7 38
46 8 53
46 9 47
46 10 26
46 11 22
46 12 21
46 13 8
46 14 33
46 15 46
46 16 41
46 17 47
46 18 51
46 19 45
46 20 55
46 21 50
46 22 10
46 23 31
46 24 50
46 25 33
46 26 24
46 27 38
46 28 49
46 29 26
46 30 5
46 31 8
46 32 11
46 33 40
46 34 5
46 35 42
46 36 42
46 37 16
46 38 2
46 39 19
46 40 48
46 41 31
46 42 38
46 43 22
46 44 50
46 45 43
47 0 40
47 1 5
47 2 34
47 3 5
47 4 33
47 5 49
47 6 22
47 7 30
47 8 23
47 9 43
47 10 7
47 11 24
47 12 45
47 13 32
47 14 54
47 15 12
47 16 5
47 17 10
47 18 27
47 19 14
47 20 25
47 21 54
47 22 55
47 23 36
47 24 55
47 25 50
47 26 50
47 27 40
47 28 34
47 29 31
47 30 19
47 31 44
47 32 7
47 33 37
47 34 35
47 35 30
47 36 18
47 37 37
47 38 12
47 39 48
47 40 40
47 41 3
47 42 4
47 43 18
47 44 5
47 45 6
47 46 47
48 0 13
48 1 1
48 2 52
48 3 3
48 4 9
48 5 27
48 6 44
48 7 18
48 8 32
48 9 44
48 10 27
48 11 18
48 12 30
48 13 20
48 14 2
48 15 2
48 16 48
48 17 17
48 18 54
48 19 11
48 20 18
48 21 3
48 22 1
48 23 26
48 24 26
48 25 1
48 26 51
48 27 25
48 28 16
48 29 11
48 30 45
48 31 29
48 32 3
48 33 24
48 34 13
48 35 19
48 36 31
48 37 29
48 38 37
48 39 11
48 40 48
48 41 15
48 42 30
48 43 50
48 44 33
48 45 25
48 46 37
48 47 39
49 0 33
49 1 15
49 2 36
49 3 17
49 4 14
49 5 24
49 6 49
49 7 9
49 8 29
49 9 23
49 10 8
49 11 34
49 12 13
49 13 5
49 14 42
49 15 30
49 16 31
49 17 3
49 18 55
49 19 25
49 20 33
49 21 20
49 22 55
49 23 11
49 24 20
49 25 11
49 26 31
49 27 7
49 28 42
49 29 8
49 30 40
49 31 43
49 32 17
49 33 37
49 34 21
49 35 43
49 36 30
49 37 8
49 38 6
49 39 31
49 40 38
49 41 35
49 42 23
49 43 46
49 44 36
49 45 7
49 46 19
49 47 16
49 48 39
50 0 50
50 1 6
50 2 27
50 3 14
50 4 21
50 5 54
50 6 20
50 7 35
50 8 29
50 9 52
50 10 33
50 11 49
50 12 35
50 13 36
50 14 36
50 15 42
50 16 13
50 17 38
50 18 31
50 19 34
50 20 8
50 21 9
50 22 26
50 23 40
50 24 13
50 25 14
50 26 32
50 27 27
50 28 13
50 29 4
50 30 11
50 31 18
50 32 38
50 33 10
50 34 46
50 35 6
50 36 54
50 37 21
50 38 20
50 39 47
50 40 40
50 41 40
50 42 14
50 43 35
50 44 25
50 45 53
50 46 54
50 47 4
50 48 1
50 49 38
51 0 2
51 1 49
51 2 2
51 3 2
51 4 28
51 5 22
51 6 48
51 7 38
51 8 43
51 9 45
51 10 15
51 11 19
51 12 11
51 13 49
51 14 4
51 15 14
51 16 23
51 17 7
51 18 40
51 19 15
51 20 45
51 21 32
51 22 55
51 23 20
51 24 34
51 25 15
51 26 34
51 27 49
51 28 51
51 29 18
51 30 32
51 31 46
51 32 15
51 33 31
51 34 14
51 35 49
51 36 23
51 37 11
51 38 35
51 39 4
51 40 11
51 41 40
51 42 15
51 43 12
51 44 46
51 45 20
51 46 51
51 47 38
51 48 55
51 49 23
51 50 41
52 0 48
52 1 36
52 2 25
52 3 33
52 4 32
52 5 9
52 6 20
52 7 54
52 8 16
52 9 26
52 10 26
52 11 22
52 12 45
52 13 15
52 14 21
52 15 20
52 16 50
52 17 18
52 18 8
52 19 14
52 20 48
52 21 31
52 22 1
52 23 42
52 24 14
52 25 32
52 26 49
52 27 34
52 28 48
52 29 26
52 30 3
52 31 50
52 32 16
52 33 14
52 34 4
52 35 6
52 36 3
52 37 29
52 38 36
52 39 29
52 40 18
52 41 41
52 42 5
52 43 6
52 44 10
52 45 20
52 46 24
52 47 22
52 48 3
52 49 55
52 50 34
52 51 27
53 0 25
53 1 54
53 2 3
53 3 54
53 4 10
53 5 12
53 6 34
53 7 17
53 8 3
53 9 5
53 10 46
53 11 10
53 12 17
53 13 47
53 14 39
53 15 39
53 16 13
53 17 45
53 18 45
53 19 36
53 20 16
53 21 10
53 22 6
53 23 39
53 24 16
53 25 20
53 26 50
53 27 5
53 28 48
53 29 9
53 30 54
53 31 16
53 32 47
53 33 8
53 34 28
53 35 14
53 36 44
53 37 54
53 38 28
53 39 14
53 40 3
53 41 46
53 42 3
53 43 49
53 44 10
53 45 42
53 46 7
53 47 27
53 48 8
53 49 49
53 50 11
53 51 19
53 52 22
