23
1 0 14
2 0 21
2 1 20
3 0 3
3 1 11
3 2 9
4 0 31
4 1 33
4 2 11
4 3 25
5 0 31
5 1 4
5 2 29
5 3 21
5 4 18
6 0 22
6 1 4
6 2 16
6 3 30
6 4 11
6 5 29
7 0 3
7 1 33
7 2 6
7 3 8
7 4 17
7 5 22
7 6 19
8 0 1
8 1 15
8 2 33
8 3 29
8 4 25
8 5 23
8 6 16
8 7 13
9 0 2
9 1 16
9 2 8
9 3 6
9 4 19
9 5 3
9 6 17
9 7 12
9 8 24
10 0 32
10 1 17
10 2 8
10 3 10
10 4 11
10 5 4
10 6 5
10 7 31
10 8 22
10 9 28
11 0 6
11 1 26
11 2 3
11 3 11
11 4 6
11 5 15
11 6 8
11 7 16
11 8 29
11 9 5
11 10 29
12 0 6
12 1 11
12 2 22
12 3 33
12 4 5
12 5 6
12 6 15
12 7 21
12 8 30
12 9 10
12 10 4
12 11 23
13 0 23
13 1 23
13 2 1
13 3 28
13 4 21
13 5 23
13 6 30
13 7 32
13 8 16
13 9 13
13 10 9
13 11 23
13 12 2
14 0 1
14 1 25
14 2 5
14 3 1
14 4 5
14 5 4
14 6 8
14 7 18
14 8 12
14 9 14
14 10 12
14 11 3
14 12 17
14 13 6
15 0 32
15 1 7
15 2 32
15 3 7
15 4 7
15 5 17
15 6 12
15 7 11
15 8 14
15 9 21
15 10 16
15 11 5
15 12 23
15 13 7
15 14 24
16 0 32
16 1 29
16 2 6
16 3 3
16 4 8
16 5 23
16 6 27
16 7 17
16 8 32
16 9 13
16 10 9
16 11 7
16 12 9
16 13 28
16 14 23
16 15 10
17 0 32
17 1 25
17 2 4
17 3 16
17 4 27
17 5 20
17 6 21
17 7 11
17 8 21
17 9 31
17 10 17
17 11 27
17 12 22
17 13 3
17 14 21
17 15 7
17 16 2
18 0 11
18 1 30
18 2 30
18 3 21
18 4 2
18 5 21
18 6 2
18 7 8
18 8 16
18 9 20
18 10 1
18 11 19
18 12 10
18 13 10
18 14 8
18 15 25
18 16 21
18 17 16
19 0 2
19 1 32
19 2 21
19 3 18
19 4 17
19 5 14
19 6 27
19 7 16
19 8 27
19 9 18
19 10 7
19 11 13
19 12 33
19 13 33
19 14 25
19 15 26
19 16 20
19 17 21
19 18 2
20 0 13
20 1 11
20 2 6
20 3 9
20 4 26
20 5 7
20 6 17
20 7 12
20 8 15
20 9 20
20 10 19
20 11 13
20 12 24
20 13 1
20 14 12
20 15 27
20 16 5
20 17 24
20 18 23
20 19 4
21 0 33
21 1 18
21 2 13
21 3 26
21 4 19
21 5 10
21 6 10
21 7 33
21 8 12
21 9 33
21 10 13
21 11 12
21 12 19
21 13 6
21 14 15
21 15 4
21 16 23
21 17 22
21 18 20
21 19 13
21 20 14
22 0 13
22 1 6
22 2 30
22 3 18
22 4 30
22 5 2
22 6 12
22 7 6
22 8 23
22 9 20
22 10 17
22 11 12
22 12 30
22 13 1
22 14 9
22 15 10
22 16 19
22 17 28
22 18 33
22 19 19
22 20 18
22 21 3
