44
3 1 6
3 2 1
4 2 16
4 3 12
5 0 14
6 1 14
6 3 16
6 4 3
6 5 8
7 1 10
7 2 8
7 3 12
7 5 5
7 6 3
8 0 2
8 3 8
8 5 3
8 6 4
8 7 16
9 0 3
9 3 6
9 4 11
9 8 2
10 0 3
10 3 9
10 5 11
10 6 5
10 8 1
10 9 4
11 2 15
11 3 7
11 4 16
11 5 6
11 7 15
11 8 8
12 3 4
12 4 15
12 5 10
12 6 5
13 0 1
13 3 6
13 4 1
13 5 14
13 7 12
13 9 8
13 10 14
14 4 6
14 5 16
14 7 16
14 9 15
14 11 2
15 0 1
15 3 10
15 5 12
15 6 13
15 7 9
15 8 2
15 10 6
15 11 13
15 12 15
16 0 4
16 1 3
16 2 9
16 3 8
16 4 1
16 7 15
16 9 6
16 11 2
16 12 3
16 13 14
16 15 13
17 1 9
17 2 2
17 3 10
17 6 9
17 7 11
17 9 2
17 10 6
17 14 3
17 15 12
17 16 13
18 2 16
18 3 16
18 4 8
18 5 2
18 8 14
18 9 4
18 11 9
18 14 8
18 15 11
19 5 4
19 6 1
19 8 13
19 9 6
19 12 5
19 13 3
19 14 14
19 15 1
19 17 14
19 18 14
20 1 10
20 4 12
20 8 12
20 9 2
20 10 13
20 13 2
20 14 4
20 15 6
20 17 9
20 18 7
21 0 14
21 1 11
21 2 2
21 3 7
21 5 16
21 6 14
21 11 7
21 12 5
21 13 2
21 14 10
21 16 10
21 20 10
22 0 11
22 1 9
22 3 16
22 7 4
22 9 2
22 10 15
22 12 13
22 13 11
22 14 15
22 16 12
22 18 8
22 19 1
22 20 16
23 4 9
23 5 11
23 6 13
23 7 15
23 8 12
23 10 16
23 11 12
23 12 13
23 13 5
23 14 15
23 16 9
23 17 13
23 18 5
23 21 6
23 22 5
24 0 7
24 1 6
24 3 8
24 6 8
24 9 2
24 10 1
24 11 16
24 12 1
24 13 10
24 14 12
24 16 9
24 18 12
24 19 5
24 21 5
24 22 9
25 0 7
25 2 4
25 4 5
25 8 3
25 9 15
25 11 3
25 14 15
25 16 4
25 17 6
26 0 16
26 1 2
26 2 2
26 3 15
26 4 12
26 5 2
26 6 15
26 7 4
26 8 8
26 10 6
26 11 2
26 12 1
26 13 1
26 14 16
26 15 7
26 16 6
26 17 6
26 19 4
26 21 3
27 1 10
27 3 15
27 4 16
27 6 8
27 9 10
27 16 13
27 18 6
27 20 8
27 21 6
27 22 13
27 23 12
27 26 15
28 3 6
28 7 15
28 8 8
28 10 9
28 12 14
28 14 14
28 15 1
28 18 10
28 23 16
28 24 4
28 25 8
28 27 2
29 0 10
29 1 1
29 3 4
29 5 7
29 6 2
29 7 3
29 8 14
29 9 12
29 10 7
29 11 13
29 14 13
29 15 5
29 16 14
29 18 5
29 21 4
29 22 9
29 23 4
29 26 5
29 27 8
29 28 12
30 2 13
30 3 1
30 5 9
30 7 1
30 12 2
30 15 8
30 17 16
30 21 6
30 27 2
30 28 8
31 0 10
31 4 3
31 8 5
31 9 7
31 10 12
31 12 11
31 15 11
31 17 12
31 18 15
31 19 10
31 21 15
31 24 10
31 27 9
32 0 12
32 1 4
32 12 8
32 13 7
32 14 4
32 17 4
32 18 15
32 19 14
32 20 16
32 21 15
32 23 10
32 24 13
32 29 12
32 30 2
32 31 13
33 0 4
33 2 14
33 3 1
33 4 8
33 6 5
33 7 1
33 9 10
33 10 12
33 12 15
33 13 9
33 15 16
33 17 7
33 18 10
33 20 5
33 21 15
33 22 10
33 23 13
33 26 11
33 28 12
34 0 1
34 2 16
34 3 9
34 5 1
34 6 14
34 7 5
34 9 7
34 10 6
34 17 9
34 18 4
34 20 2
34 21 9
34 22 10
34 24 14
34 25 12
34 26 8
34 27 3
34 29 15
34 30 12
34 31 4
34 33 9
35 3 16
35 5 14
35 6 7
35 11 15
35 13 15
35 18 12
35 20 16
35 21 11
35 22 12
35 23 13
35 24 1
35 25 10
35 27 8
35 29 12
35 32 9
35 33 14
35 34 4
36 1 3
36 2 11
36 3 9
36 5 11
36 11 5
36 13 5
36 16 6
36 17 7
36 18 8
36 19 5
36 23 12
36 24 8
36 25 7
36 28 6
36 30 15
36 32 9
36 34 13
36 35 15
37 0 11
37 4 9
37 5 2
37 6 3
37 9 15
37 12 16
37 13 3
37 17 3
37 19 14
37 21 11
37 22 5
37 25 1
37 27 6
37 28 7
37 29 7
37 31 16
37 33 2
37 34 16
37 35 16
38 1 10
38 2 16
38 5 3
38 7 16
38 13 13
38 16 9
38 18 14
38 20 15
38 25 9
38 26 6
38 30 16
38 31 3
38 32 4
38 34 3
39 1 9
39 2 12
39 3 16
39 8 15
39 9 15
39 10 7
39 11 6
39 12 10
39 14 1
39 15 1
39 17 13
39 18 3
39 20 8
39 22 3
39 23 5
39 24 9
39 25 10
39 27 11
39 28 4
39 29 11
39 30 14
39 32 5
39 33 1
39 34 3
39 35 15
39 36 10
39 38 2
40 0 5
40 2 4
40 3 6
40 6 6
40 8 15
40 11 13
40 12 3
40 14 9
40 15 6
40 17 8
40 18 4
40 21 5
40 22 1
40 23 4
40 27 7
40 28 10
40 31 5
40 32 4
40 34 11
40 36 9
40 37 9
40 38 6
41 1 5
41 5 8
41 6 5
41 10 7
41 16 5
41 17 1
41 18 2
41 19 15
41 22 11
41 23 2
41 24 16
41 26 4
41 28 6
41 29 5
41 32 13
41 39 2
42 3 7
42 7 12
42 10 10
42 13 3
42 18 5
42 23 10
42 24 10
42 25 15
42 26 8
42 28 12
42 30 12
42 32 5
42 33 13
42 34 1
42 38 9
42 40 5
42 41 5
43 0 7
43 1 10
43 3 4
43 4 8
43 5 8
43 7 14
43 8 5
43 9 14
43 12 13
43 13 6
43 14 4
43 23 12
43 26 11
43 27 3
43 29 7
43 30 8
43 31 3
43 36 3
43 39 8
43 41 8
43 42 9
