35
1 0 15
2 0 1
2 1 9
3 2 14
4 0 4
4 2 2
5 0 4
5 2 8
5 4 11
6 0 1
6 1 15
6 2 8
6 3 2
6 4 2
7 1 14
7 2 11
7 4 1
7 6 4
8 0 6
8 1 11
9 2 15
9 4 14
9 6 15
9 7 9
9 8 10
10 0 15
10 6 13
11 2 1
11 3 13
11 4 13
11 5 6
11 6 9
11 7 13
11 9 6
12 2 3
12 3 3
12 4 10
12 5 8
12 6 5
12 9 11
13 2 13
13 4 5
13 5 16
13 6 9
13 8 4
13 9 9
13 10 13
13 12 16
14 1 14
14 4 12
14 5 3
14 6 9
14 7 8
14 9 14
14 11 3
14 12 3
15 1 15
15 3 1
15 5 13
15 12 1
15 13 12
16 2 1
16 3 7
16 4 15
16 6 11
16 7 14
16 8 2
16 11 9
16 14 9
16 15 3
17 1 3
17 2 8
17 6 9
17 9 4
17 14 14
17 16 5
18 0 15
18 3 15
18 4 5
18 6 16
18 10 13
18 11 13
18 12 11
18 13 5
18 15 1
18 16 11
19 0 5
19 2 10
19 4 3
19 5 7
19 10 14
19 12 8
19 14 15
19 16 10
19 17 7
20 0 12
20 2 7
20 3 9
20 4 10
20 8 2
20 10 15
20 12 4
20 13 5
20 14 10
20 17 4
20 19 7
21 0 5
21 2 9
21 7 3
21 8 6
21 9 3
21 10 7
21 13 6
21 14 14
21 16 6
21 17 5
21 18 9
22 1 7
22 6 9
22 8 7
22 11 6
22 12 7
22 17 4
22 21 4
23 0 4
23 1 13
23 7 5
23 8 2
23 9 2
23 10 11
23 16 7
23 17 15
23 18 15
23 20 9
23 21 6
24 0 7
24 4 10
24 5 9
24 6 9
24 7 3
24 8 15
24 9 12
24 11 6
24 12 11
24 15 13
24 17 14
24 20 12
24 21 2
24 22 9
25 0 3
25 1 4
25 2 11
25 3 8
25 5 2
25 6 13
25 10 16
25 11 8
25 14 12
25 15 11
25 18 9
25 19 13
25 20 5
25 21 2
25 22 3
25 23 10
25 24 15
26 2 11
26 3 9
26 5 8
26 6 13
26 8 4
26 11 7
26 12 3
26 15 15
26 16 9
26 22 4
26 24 8
27 0 9
27 1 1
27 3 16
27 4 3
27 5 4
27 7 2
27 8 11
27 9 4
27 10 11
27 12 16
27 13 4
27 17 5
27 18 13
27 19 7
27 22 7
28 0 5
28 1 5
28 2 12
28 4 6
28 6 12
28 7 10
28 8 5
28 9 1
28 11 6
28 13 5
28 14 3
28 16 16
28 17 9
28 19 4
28 21 6
28 22 3
28 23 12
28 24 8
29 1 12
29 6 11
29 9 13
29 11 10
29 17 9
29 19 14
29 21 4
29 22 6
29 25 14
29 26 9
29 27 3
29 28 4
30 0 10
30 2 12
30 3 10
30 4 11
30 6 11
30 8 2
30 11 2
30 12 12
30 13 9
30 14 1
30 16 1
30 17 15
30 20 8
30 21 12
30 22 12
30 23 12
30 24 6
30 26 4
30 29 15
31 0 10
31 1 11
31 2 2
31 3 10
31 4 15
31 8 4
31 10 9
31 12 14
31 15 13
31 20 12
31 21 15
31 22 12
31 23 11
31 24 10
31 27 9
31 28 2
31 30 16
32 0 1
32 3 2
32 5 14
32 6 8
32 8 3
32 11 15
32 12 7
32 15 6
32 20 2
32 21 4
32 22 13
32 23 9
32 24 13
32 25 2
32 26 14
32 29 7
33 2 2
33 3 11
33 5 12
33 6 6
33 7 12
33 10 16
33 15 14
33 19 9
33 21 4
33 23 10
33 24 16
33 28 14
33 29 16
33 30 12
33 32 7
34 0 4
34 1 6
34 2 7
34 3 13
34 4 9
34 5 4
34 8 15
34 10 15
34 12 15
34 13 2
34 17 7
34 19 7
34 23 5
34 26 11
34 27 7
34 31 10
34 32 4
