53
1 0 5
2 0 26
2 1 35
3 0 33
3 1 14
3 2 38
4 0 19
4 1 36
4 2 34
4 3 12
5 0 11
5 1 35
5 2 1
5 3 1
5 4 25
6 0 2
6 1 11
6 2 32
6 3 12
6 4 3
6 5 2
7 0 10
7 1 9
7 2 25
7 3 31
7 4 1
7 5 19
7 6 37
8 0 24
8 1 36
8 2 14
8 3 27
8 4 38
8 5 26
8 6 6
8 7 32
9 0 33
9 1 4
9 2 19
9 3 6
9 4 19
9 5 33
9 6 11
9 7 34
9 8 28
10 0 8
10 1 19
10 2 8
10 3 28
10 4 23
10 5 10
10 6 29
10 7 36
10 8 23
10 9 10
11 0 33
11 1 10
11 2 17
11 3 6
11 4 13
11 5 21
11 6 34
11 7 27
11 8 19
11 9 30
11 10 26
12 0 33
12 1 33
12 2 26
12 3 13
12 4 17
12 5 16
12 6 24
12 7 8
12 8 2
12 9 18
12 10 36
12 11 6
13 0 29
13 1 21
13 2 6
13 3 6
13 4 30
13 5 33
13 6 29
13 7 29
13 8 11
13 9 10
13 10 14
13 11 5
13 12 34
14 0 21
14 1 22
14 2 38
14 3 1
14 4 1
14 5 25
14 6 7
14 7 8
14 8 3
14 9 3
14 10 5
14 11 36
14 12 17
14 13 23
15 0 18
15 1 12
15 2 32
15 3 1
15 4 3
15 5 8
15 6 5
15 7 3
15 8 27
15 9 16
15 10 6
15 11 10
15 12 13
15 13 20
15 14 26
16 0 11
16 1 36
16 2 20
16 3 23
16 4 13
16 5 35
16 6 19
16 7 32
16 8 35
16 9 26
16 10 33
16 11 24
16 12 9
16 13 11
16 14 2
16 15 23
17 0 30
17 1 34
17 2 22
17 3 23
17 4 29
17 5 7
17 6 27
17 7 14
17 8 2
17 9 19
17 10 22
17 11 3
17 12 3
17 13 14
17 14 2
17 15 12
17 16 38
18 0 36
18 1 32
18 2 20
18 3 28
18 4 15
18 5 35
18 6 25
18 7 30
18 8 30
18 9 27
18 10 3
18 11 5
18 12 7
18 13 1
18 14 6
18 15 13
18 16 33
18 17 27
19 0 1
19 1 5
19 2 29
19 3 5
19 4 18
19 5 12
19 6 7
19 7 15
19 8 4
19 9 15
19 10 24
19 11 21
19 12 31
19 13 12
19 14 20
19 15 21
19 16 25
19 17 28
19 18 15
20 0 16
20 1 18
20 2 4
20 3 26
20 4 29
20 5 25
20 6 6
20 7 4
20 8 8
20 9 20
20 10 3
20 11 13
20 12 35
20 13 14
20 14 1
20 15 23
20 16 2
20 17 23
20 18 29
20 19 36
21 0 14
21 1 37
21 2 31
21 3 37
21 4 7
21 5 27
21 6 18
21 7 30
21 8 1
21 9 37
21 10 5
21 11 21
21 12 8
21 13 35
21 14 4
21 15 7
21 16 30
21 17 19
21 18 3
21 19 16
21 20 28
22 0 24
22 1 6
22 2 6
22 3 16
22 4 5
22 5 4
22 6 8
22 7 21
22 8 10
22 9 20
22 10 35
22 11 12
22 12 1
22 13 7
22 14 17
22 15 9
22 16 22
22 17 1
22 18 30
22 19 37
22 20 13
22 21 14
23 0 15
23 1 16
23 2 24
23 3 14
23 4 10
23 5 9
23 6 35
23 7 26
23 8 3
23 9 11
23 10 4
23 11 35
23 12 8
23 13 7
23 14 14
23 15 19
23 16 6
23 17 37
23 18 18
23 19 35
23 20 14
23 21 38
23 22 18
24 0 8
24 1 32
24 2 1
24 3 18
24 4 20
24 5 33
24 6 16
24 7 31
24 8 10
24 9 20
24 10 31
24 11 15
24 12 14
24 13 4
24 14 36
24 15 29
24 16 24
24 17 24
24 18 36
24 19 24
24 20 25
24 21 30
24 22 32
24 23 35
25 0 27
25 1 9
25 2 28
25 3 4
25 4 5
25 5 2
25 6 38
25 7 22
25 8 15
25 9 26
25 10 24
25 11 2
25 12 18
25 13 32
25 14 10
25 15 31
25 16 32
25 17 1
25 18 26
25 19 19
25 20 16
25 21 22
25 22 33
25 23 25
25 24 8
26 0 28
26 1 37
26 2 7
26 3 16
26 4 34
26 5 14
26 6 28
26 7 10
26 8 34
26 9 4
26 10 7
26 11 1
26 12 17
26 13 15
26 14 5
26 15 31
26 16 27
26 17 24
26 18 35
26 19 35
26 20 15
26 21 8
26 22 24
26 23 5
26 24 28
26 25 18
27 0 38
27 1 15
27 2 15
27 3 1
27 4 10
27 5 6
27 6 11
27 7 21
27 8 14
27 9 27
27 10 14
27 11 35
27 12 4
27 13 20
27 14 14
27 15 38
27 16 4
27 17 35
27 18 4
27 19 28
27 20 18
27 21 29
27 22 3
27 23 37
27 24 35
27 25 11
27 26 11
28 0 21
28 1 17
28 2 33
28 3 18
28 4 28
28 5 38
28 6 19
28 7 17
28 8 3
28 9 21
28 10 13
28 11 29
28 12 20
28 13 22
28 14 15
28 15 17
28 16 20
28 17 1
28 18 23
28 19 4
28 20 28
28 21 1
28 22 14
28 23 31
28 24 23
28 25 3
28 26 25
28 27 26
29 0 25
29 1 16
29 2 9
29 3 23
29 4 33
29 5 32
29 6 12
29 7 12
29 8 28
29 9 36
29 10 4
29 11 1
29 12 11
29 13 8
29 14 25
29 15 19
29 16 10
29 17 18
29 18 15
29 19 28
29 20 1
29 21 15
29 22 35
29 23 36
29 24 30
29 25 38
29 26 36
29 27 38
29 28 20
30 0 22
30 1 30
30 2 14
30 3 24
30 4 23
30 5 15
30 6 5
30 7 32
30 8 33
30 9 4
30 10 35
30 11 14
30 12 34
30 13 16
30 14 7
30 15 6
30 16 26
30 17 28
30 18 37
30 19 18
30 20 1
30 21 16
30 22 28
30 23 26
30 24 14
30 25 6
30 26 17
30 27 24
30 28 15
30 29 2
31 0 34
31 1 28
31 2 6
31 3 4
31 4 10
31 5 17
31 6 26
31 7 5
31 8 23
31 9 2
31 10 21
31 11 34
31 12 30
31 13 34
31 14 30
31 15 18
31 16 38
31 17 11
31 18 26
31 19 29
31 20 2
31 21 31
31 22 1
31 23 35
31 24 36
31 25 3
31 26 20
31 27 36
31 28 4
31 29 18
31 30 2
32 0 25
32 1 34
32 2 36
32 3 32
32 4 37
32 5 4
32 6 7
32 7 8
32 8 13
32 9 36
32 10 28
32 11 36
32 12 10
32 13 21
32 14 26
32 15 29
32 16 23
32 17 29
32 18 7
32 19 15
32 20 8
32 21 13
32 22 32
32 23 8
32 24 27
32 25 10
32 26 32
32 27 12
32 28 29
32 29 28
32 30 4
32 31 26
33 0 3
33 1 34
33 2 4
33 3 29
33 4 36
33 5 16
33 6 3
33 7 17
33 8 7
33 9 21
33 10 24
33 11 24
33 12 16
33 13 10
33 14 3
33 15 14
33 16 21
33 17 17
33 18 37
33 19 27
33 20 28
33 21 15
33 22 29
33 23 22
33 24 31
33 25 9
33 26 17
33 27 8
33 28 20
33 29 27
33 30 22
33 31 3
33 32 29
34 0 15
34 1 7
34 2 15
34 3 24
34 4 32
34 5 15
34 6 20
34 7 38
34 8 25
34 9 26
34 10 31
34 11 2
34 12 25
34 13 4
34 14 36
34 15 1
34 16 29
34 17 8
34 18 21
34 19 30
34 20 1
34 21 5
34 22 28
34 23 8
34 24 12
34 25 38
34 26 1
34 27 20
34 28 7
34 29 2
34 30 16
34 31 6
34 32 36
34 33 1
35 0 36
35 1 13
35 2 17
35 3 9
35 4 30
35 5 34
35 6 20
35 7 30
35 8 28
35 9 38
35 10 16
35 11 9
35 12 32
35 13 21
35 14 23
35 15 25
35 16 5
35 17 20
35 18 23
35 19 26
35 20 3
35 21 26
35 22 6
35 23 37
35 24 7
35 25 9
35 26 18
35 27 23
35 28 19
35 29 14
35 30 14
35 31 2
35 32 18
35 33 38
35 34 37
36 0 7
36 1 1
36 2 28
36 3 29
36 4 29
36 5 33
36 6 7
36 7 19
36 8 11
36 9 26
36 10 9
36 11 11
36 12 3
36 13 11
36 14 21
36 15 11
36 16 7
36 17 7
36 18 20
36 19 34
36 20 3
36 21 2
36 22 34
36 23 9
36 24 35
36 25 5
36 26 37
36 27 1
36 28 1
36 29 14
36 30 32
36 31 4
36 32 11
36 33 32
36 34 28
36 35 23
37 0 34
37 1 9
37 2 10
37 3 16
37 4 3
37 5 27
37 6 25
37 7 30
37 8 1
37 9 26
37 10 26
37 11 16
37 12 1
37 13 36
37 14 16
37 15 15
37 16 38
37 17 6
37 18 19
37 19 32
37 20 6
37 21 11
37 22 33
37 23 4
37 24 36
37 25 16
37 26 9
37 27 31
37 28 24
37 29 33
37 30 15
37 31 7
37 32 34
37 33 28
37 34 17
37 35 16
37 36 11
38 0 37
38 1 16
38 2 4
38 3 20
38 4 6
38 5 29
38 6 24
38 7 10
38 8 38
38 9 2
38 10 24
38 11 4
38 12 20
38 13 18
38 14 23
38 15 25
38 16 17
38 17 36
38 18 35
38 19 26
38 20 12
38 21 16
38 22 20
38 23 11
38 24 2
38 25 6
38 26 31
38 27 22
38 28 11
38 29 13
38 30 36
38 31 5
38 32 28
38 33 6
38 34 16
38 35 2
38 36 37
38 37 16
39 0 10
39 1 6
39 2 37
39 3 4
39 4 33
39 5 14
39 6 33
39 7 19
39 8 3
39 9 32
39 10 36
39 11 38
39 12 6
39 13 33
39 14 28
39 15 13
39 16 22
39 17 38
39 18 35
39 19 10
39 20 11
39 21 25
39 22 10
39 23 23
39 24 28
39 25 13
39 26 24
39 27 9
39 28 20
39 29 4
39 30 3
39 31 31
39 32 23
39 33 4
39 34 25
39 35 31
39 36 38
39 37 38
39 38 1
40 0 8
40 1 12
40 2 31
40 3 3
40 4 13
40 5 9
40 6 25
40 7 28
40 8 15
40 9 11
40 10 38
40 11 36
40 12 20
40 13 6
40 14 24
40 15 28
40 16 32
40 17 10
40 18 27
40 19 1
40 20 18
40 21 38
40 22 5
40 23 18
40 24 21
40 25 7
40 26 14
40 27 17
40 28 38
40 29 29
40 30 14
40 31 2
40 32 5
40 33 7
40 34 13
40 35 21
40 36 30
40 37 19
40 38 19
40 39 38
41 0 9
41 1 16
41 2 28
41 3 28
41 4 3
41 5 37
41 6 15
41 7 24
41 8 15
41 9 33
41 10 2
41 11 10
41 12 1
41 13 20
41 14 10
41 15 13
41 16 11
41 17 1
41 18 32
41 19 20
41 20 22
41 21 5
41 22 25
41 23 25
41 24 12
41 25 25
41 26 17
41 27 27
41 28 10
41 29 19
41 30 32
41 31 6
41 32 19
41 33 14
41 34 30
41 35 12
41 36 7
41 37 23
41 38 7
41 39 9
41 40 38
42 0 5
42 1 34
42 2 38
42 3 3
42 4 5
42 5 2
42 6 21
42 7 23
42 8 36
42 9 33
42 10 4
42 11 23
42 12 17
42 13 30
42 14 16
42 15 6
42 16 38
42 17 14
42 18 30
42 19 26
42 20 14
42 21 1
42 22 38
42 23 27
42 24 15
42 25 17
42 26 19
42 27 1
42 28 21
42 29 7
42 30 8
42 31 25
42 32 7
42 33 12
42 34 15
42 35 25
42 36 22
42 37 11
42 38 25
42 39 31
42 40 30
42 41 1
43 0 34
43 1 31
43 2 33
43 3 2
43 4 1
43 5 8
43 6 8
43 7 7
43 8 8
43 9 25
43 10 1
43 11 3
43 12 30
43 13 33
43 14 3
43 15 27
43 16 3
43 17 16
43 18 4
43 19 20
43 20 6
43 21 16
43 22 33
43 23 25
43 24 16
43 25 18
43 26 20
43 27 33
43 28 17
43 29 26
43 30 33
43 31 32
43 32 4
43 33 23
43 34 19
43 35 37
43 36 26
43 37 37
43 38 4
43 39 26
43 40 33
43 41 14
43 42 17
44 0 13
44 1 21
44 2 17
44 3 17
44 4 35
44 5 6
44 6 28
44 7 31
44 8 33
44 9 25
44 10 7
44 11 6
44 12 13
44 13 8
44 14 23
44 15 33
44 16 15
44 17 2
44 18 10
44 19 38
44 20 25
44 21 38
44 22 25
44 23 30
44 24 2
44 25 10
44 26 24
44 27 31
44 28 6
44 29 16
44 30 10
44 31 38
44 32 16
44 33 14
44 34 1
44 35 10
44 36 21
44 37 16
44 38 19
44 39 23
44 40 9
44 41 25
44 42 14
44 43 11
45 0 25
45 1 11
45 2 12
45 3 37
45 4 3
45 5 10
45 6 22
45 7 1
45 8 13
45 9 1
45 10 33
45 11 28
45 12 24
45 13 24
45 14 33
45 15 34
45 16 5
45 17 21
45 18 34
45 19 26
45 20 34
45 21 25
45 22 3
45 23 15
45 24 3
45 25 13
45 26 12
45 27 3
45 28 35
45 29 30
45 30 31
45 31 9
45 32 22
45 33 32
45 34 33
45 35 2
45 36 20
45 37 35
45 38 21
45 39 34
45 40 5
45 41 3
45 42 38
45 43 8
45 44 21
46 0 36
46 1 23
46 2 25
46 3 5
46 4 10
46 5 25
46 6 17
46 7 2
46 8 15
46 9 32
46 10 2
46 11 27
46 12 23
46 13 23
46 14 36
46 15 4
46 16 23
46 17 19
46 18 30
46 19 17
46 20 38
46 21 11
46 22 13
46 23 19
46 24 1
46 25 26
46 26 4
46 27 14
46 28 33
46 29 20
46 30 8
46 31 1
46 32 36
46 33 31
46 34 19
46 35 21
46 36 7
46 37 24
46 38 15
46 39 29
46 40 17
46 41 2
46 42 1
46 43 4
46 44 12
46 45 12
47 0 3
47 1 26
47 2 31
47 3 15
47 4 37
47 5 32
47 6 6
47 7 4
47 8 18
47 9 24
47 10 5
47 11 32
47 12 32
47 13 11
47 14 8
47 15 15
47 16 5
47 17 16
47 18 7
47 19 13
47 20 5
47 21 13
47 22 29
47 23 11
47 24 8
47 25 7
47 26 33
47 27 26
47 28 2
47 29 10
47 30 8
47 31 33
47 32 38
47 33 5
47 34 25
47 35 4
47 36 10
47 37 12
47 38 7
47 39 7
47 40 25
47 41 12
47 42 22
47 43 2
47 44 16
47 45 31
47 46 6
48 0 32
48 1 5
48 2 35
48 3 15
48 4 23
48 5 33
48 6 33
48 7 26
48 8 12
48 9 9
48 10 23
48 11 6
48 12 29
48 13 1
48 14 9
48 15 3
48 16 29
48 17 38
48 18 6
48 19 4
48 20 30
48 21 33
48 22 7
48 23 32
48 24 19
48 25 1
48 26 16
48 27 31
48 28 13
48 29 16
48 30 14
48 31 18
48 32 5
48 33 12
48 34 19
48 35 23
48 36 15
48 37 36
48 38 24
48 39 38
48 40 15
48 41 38
48 42 7
48 43 19
48 44 7
48 45 11
48 46 37
48 47 35
49 0 17
49 1 22
49 2 22
49 3 8
49 4 33
49 5 4
49 6 13
49 7 33
49 8 33
49 9 36
49 10 3
49 11 24
49 12 15
49 13 2
49 14 20
49 15 29
49 16 13
49 17 1
49 18 21
49 19 25
49 20 28
49 21 28
49 22 2
49 23 20
49 24 37
49 25 9
49 26 28
49 27 5
49 28 16
49 29 36
49 30 38
49 31 11
49 32 3
49 33 21
49 34 3
49 35 11
49 36 33
49 37 20
49 38 38
49 39 17
49 40 30
49 41 8
49 42 18
49 43 20
49 44 18
49 45 13
49 46 1
49 47 33
49 48 7
50 0 7
50 1 26
50 2 12
50 3 20
50 4 3
50 5 12
50 6 2
50 7 2
50 8 15
50 9 21
50 10 21
50 11 16
50 12 6
50 13 11
50 14 23
50 15 14
50 16 18
50 17 37
50 18 14
50 19 5
50 20 13
50 21 17
50 22 13
50 23 10
50 24 15
50 25 26
50 26 32
50 27 2
50 28 23
50 29 11
50 30 2
50 31 28
50 32 20
50 33 22
50 34 20
50 35 20
50 36 22
50 37 3
50 38 27
50 39 37
50 40 28
50 41 3
50 42 33
50 43 9
50 44 12
50 45 1
50 46 12
50 47 8
50 48 33
50 49 37
51 0 11
51 1 22
51 2 21
51 3 36
51 4 11
51 5 15
51 6 5
51 7 12
51 8 8
51 9 28
51 10 18
51 11 14
51 12 13
51 13 9
51 14 35
51 15 28
51 16 34
51 17 32
51 18 31
51 19 12
51 20 6
51 21 6
51 22 30
51 23 31
51 24 38
51 25 35
51 26 17
51 27 13
51 28 13
51 29 25
51 30 18
51 31 38
51 32 2
51 33 23
51 34 16
51 35 14
51 36 7
51 37 15
51 38 11
51 39 16
51 40 27
51 41 37
51 42 16
51 43 28
51 44 30
51 45 35
51 46 23
51 47 8
51 48 27
51 49 1
51 50 27
52 0 1
52 1 33
52 2 37
52 3 17
52 4 4
52 5 1
52 6 9
52 7 18
52 8 5
52 9 8
52 10 20
52 11 23
52 12 1
52 13 7
52 14 29
52 15 22
52 16 1
52 17 19
52 18 8
52 19 17
52 20 8
52 21 7
52 22 32
52 23 32
52 24 36
52 25 28
52 26 26
52 27 17
52 28 19
52 29 18
52 30 24
52 31 27
52 32 4
52 33 20
52 34 17
52 35 15
52 36 28
52 37 15
52 38 19
52 39 15
52 40 33
52 41 17
52 42 11
52 43 12
52 44 26
52 45 34
52 46 23
52 47 15
52 48 21
52 49 14
52 50 14
52 51 38
