27
2 1 18
5 0 32
5 1 8
6 1 15
6 2 14
6 3 35
6 4 6
7 0 19
7 1 17
7 2 29
7 4 35
8 0 14
8 1 10
8 2 32
8 3 12
8 4 1
8 6 20
8 7 26
9 0 20
9 1 34
9 3 1
9 5 35
9 7 2
10 0 11
10 1 16
10 5 18
10 8 6
11 2 26
11 5 1
11 7 34
11 9 24
11 10 30
12 0 7
12 2 9
12 3 29
12 11 19
13 0 26
13 2 21
13 4 7
13 5 21
13 6 13
13 8 12
13 9 6
13 10 16
13 11 1
13 12 30
14 1 26
14 2 28
14 4 16
14 6 30
14 7 3
14 9 28
14 10 17
14 11 34
14 12 27
15 9 16
15 10 4
15 11 8
15 13 14
16 0 25
16 1 27
16 2 5
16 3 13
16 4 8
16 5 34
16 7 14
16 10 28
16 11 19
16 12 16
16 13 13
16 14 32
17 0 16
17 5 21
17 12 22
17 16 24
18 0 22
18 2 8
18 5 24
18 10 24
18 13 33
18 14 3
19 0 2
19 1 15
19 2 29
19 3 21
19 4 2
19 6 35
19 7 6
19 11 16
19 12 15
19 13 15
19 16 22
19 17 19
20 0 7
20 6 18
20 7 18
20 8 19
20 9 12
20 10 35
20 11 7
20 12 18
20 15 18
20 16 27
21 0 35
21 2 28
21 3 4
21 5 13
21 7 29
21 11 19
21 15 9
21 16 24
21 18 24
21 20 30
22 1 7
22 2 10
22 3 6
22 7 28
22 17 34
22 19 21
22 20 26
22 21 32
23 0 31
23 2 16
23 3 11
23 8 29
23 11 26
23 12 28
23 13 28
23 16 13
23 18 28
23 19 19
23 20 24
23 22 25
24 4 33
24 5 33
24 8 32
24 9 23
24 10 21
24 13 4
24 14 32
24 16 18
24 19 35
24 20 22
24 21 25
24 22 13
24 23 16
25 4 8
25 6 1
25 7 20
25 8 9
25 10 12
25 11 21
25 12 18
25 14 8
25 16 8
25 17 21
25 18 2
25 19 16
25 20 6
25 21 26
25 23 32
26 0 27
26 1 34
26 2 35
26 5 32
26 10 28
26 13 32
26 14 16
26 17 16
26 22 18
26 25 23
