18
2 1 4
3 0 10
3 1 48
3 2 28
4 0 56
4 2 17
5 0 51
5 1 53
5 2 42
5 3 10
5 4 27
6 1 53
6 3 6
6 5 5
7 0 11
7 1 26
7 2 24
7 4 34
8 0 26
8 1 44
8 2 47
8 4 23
8 5 10
9 0 9
9 3 6
9 7 29
9 8 57
10 0 38
10 3 22
10 4 26
10 5 29
10 6 47
10 8 24
10 9 22
11 0 27
11 1 40
11 2 19
11 3 7
11 5 33
11 7 3
11 9 26
12 0 51
12 2 23
12 5 2
12 10 57
13 0 41
13 7 33
13 9 10
13 10 30
13 11 50
13 12 13
14 0 51
14 1 40
14 3 24
14 4 35
14 5 20
14 6 34
14 7 34
14 8 9
14 11 22
14 12 24
15 0 1
15 2 46
15 6 20
15 9 53
15 14 41
16 3 44
16 4 23
16 5 31
16 6 30
16 9 48
16 11 15
16 12 24
16 15 27
17 0 16
17 3 50
17 6 23
17 7 29
17 8 11
17 9 3
17 11 32
17 14 57
17 15 11
17 16 1
