64
1 0 5
2 0 42
2 1 9
3 0 25
3 1 7
3 2 42
4 0 8
4 1 40
4 2 26
4 3 22
5 3 41
5 4 10
6 2 16
6 4 32
7 0 5
7 1 41
7 3 34
8 0 37
8 1 40
8 3 4
8 7 34
9 2 13
9 4 36
9 6 23
9 7 32
10 0 24
10 2 10
10 6 22
10 8 25
10 9 7
11 0 28
11 3 28
11 4 26
11 5 38
11 6 35
11 7 18
12 0 20
12 1 10
12 2 12
12 8 22
12 10 33
13 1 34
13 4 5
13 5 15
13 6 32
13 8 18
13 10 24
13 11 22
14 0 19
14 1 29
14 2 5
14 7 43
14 8 42
14 9 23
14 11 22
14 12 11
14 13 22
15 0 7
15 1 21
15 2 27
15 4 10
15 7 23
15 11 32
15 12 26
15 13 10
15 14 28
16 1 2
16 5 9
16 7 41
16 8 26
16 9 33
16 10 13
16 11 5
17 0 12
17 1 25
17 3 38
17 5 4
17 6 28
17 8 5
17 10 25
17 12 24
17 13 10
17 15 13
18 1 30
18 2 4
18 3 22
18 4 30
18 8 41
18 13 42
18 16 30
18 17 36
19 1 17
19 3 30
19 6 25
19 7 30
19 8 22
19 10 3
19 11 36
19 12 13
19 15 6
19 16 13
20 0 12
20 2 24
20 4 22
20 5 23
20 7 1
20 9 31
20 12 15
20 13 18
20 14 32
20 15 4
20 17 13
20 19 5
21 0 38
21 2 25
21 3 22
21 4 15
21 6 42
21 7 11
21 9 27
21 10 31
21 13 39
21 15 33
21 18 22
22 0 28
22 4 36
22 7 26
22 8 37
22 11 12
22 12 6
22 15 38
22 16 32
22 18 30
22 19 30
22 21 9
23 5 30
23 6 42
23 8 4
23 9 42
23 10 31
23 11 43
23 14 2
23 21 34
24 1 23
24 3 9
24 4 24
24 6 15
24 7 18
24 8 13
24 11 7
24 12 14
24 17 6
24 18 26
24 19 23
24 20 25
24 21 39
24 22 9
24 23 33
25 0 3
25 3 41
25 5 17
25 7 10
25 14 32
25 16 28
25 17 21
25 18 31
25 19 37
25 21 30
25 22 41
25 23 27
25 24 31
26 1 7
26 2 17
26 4 18
26 6 28
26 7 24
26 8 4
26 9 22
26 10 11
26 11 35
26 13 19
26 14 27
26 17 39
26 18 18
26 19 12
26 20 41
26 21 15
26 23 24
26 24 18
26 25 25
27 0 27
27 1 4
27 2 34
27 5 18
27 7 20
27 8 3
27 9 40
27 11 43
27 14 13
27 15 41
27 18 34
27 19 25
27 20 36
27 22 18
27 24 20
27 26 5
28 0 36
28 2 16
28 3 2
28 4 39
28 7 35
28 12 11
28 14 29
28 19 27
28 20 38
28 21 15
28 24 43
28 25 31
29 1 15
29 2 42
29 3 20
29 4 24
29 6 29
29 7 7
29 11 14
29 13 23
29 14 9
29 17 20
29 20 23
29 21 39
29 24 20
29 25 16
29 27 33
29 28 33
30 1 26
30 2 11
30 3 36
30 4 38
30 7 26
30 10 19
30 12 39
30 13 18
30 15 32
30 19 27
30 20 2
30 21 36
30 23 4
30 25 43
30 26 43
30 27 30
30 28 5
31 0 14
31 3 11
31 4 26
31 5 25
31 6 43
31 7 5
31 8 39
31 12 30
31 13 17
31 15 21
31 16 7
31 19 13
31 20 10
31 22 11
31 23 35
31 25 34
31 26 24
32 0 35
32 1 22
32 3 40
32 6 25
32 8 26
32 9 43
32 11 4
32 19 21
32 25 1
32 27 27
32 28 11
32 29 6
32 31 31
33 1 2
33 2 1
33 3 6
33 4 25
33 5 13
33 7 26
33 10 15
33 11 39
33 13 2
33 14 10
33 16 2
33 18 17
33 20 21
33 21 28
33 23 38
33 24 12
33 28 1
33 32 23
34 0 20
34 1 10
34 2 8
34 6 40
34 7 1
34 8 43
34 9 38
34 10 39
34 11 11
34 13 9
34 14 40
34 15 35
34 18 40
34 19 25
34 20 32
34 21 10
34 29 32
34 30 2
34 31 4
34 33 32
35 2 35
35 3 7
35 4 11
35 7 32
35 11 21
35 12 38
35 13 39
35 14 10
35 15 5
35 16 1
35 17 41
35 18 15
35 20 1
35 21 26
35 22 40
35 23 36
35 27 24
35 28 21
35 32 4
35 33 10
36 0 31
36 1 9
36 2 10
36 4 40
36 5 7
36 6 15
36 7 23
36 8 10
36 9 42
36 10 21
36 13 16
36 14 12
36 18 40
36 19 29
36 21 40
36 22 27
36 25 13
36 26 34
36 27 9
36 30 2
36 31 8
36 33 24
36 35 22
37 0 33
37 1 22
37 2 41
37 3 25
37 8 41
37 9 16
37 10 8
37 11 1
37 16 2
37 17 5
37 20 34
37 24 28
37 27 29
37 29 37
37 30 25
37 31 6
37 32 12
37 34 43
37 35 4
38 0 16
38 3 19
38 4 40
38 5 32
38 6 10
38 10 12
38 11 24
38 12 27
38 13 38
38 18 34
38 20 31
38 21 31
38 23 9
38 24 37
38 25 12
38 26 29
38 31 11
38 33 11
38 35 5
39 0 32
39 1 5
39 2 38
39 3 36
39 5 11
39 7 10
39 9 1
39 10 5
39 12 8
39 14 43
39 15 11
39 16 23
39 18 2
39 20 31
39 22 42
39 23 26
39 32 1
39 34 5
39 35 31
39 37 25
40 0 3
40 2 2
40 3 35
40 5 39
40 6 9
40 7 43
40 8 11
40 9 32
40 11 7
40 12 10
40 15 40
40 18 37
40 19 24
40 21 41
40 22 30
40 23 38
40 24 16
40 27 11
40 29 28
40 31 41
40 34 8
40 37 37
40 39 33
41 2 1
41 3 42
41 4 4
41 6 29
41 7 1
41 8 13
41 14 31
41 15 24
41 17 36
41 18 27
41 24 30
41 25 29
41 29 23
41 30 12
41 34 27
41 35 42
41 36 11
41 37 13
41 39 16
41 40 21
42 0 4
42 2 14
42 4 9
42 5 32
42 6 2
42 7 2
42 9 32
42 11 16
42 14 7
42 15 16
42 18 38
42 19 25
42 20 35
42 22 36
42 23 7
42 27 33
42 28 21
42 29 11
42 30 17
42 31 21
42 32 34
42 34 5
42 35 32
42 36 30
43 0 14
43 2 22
43 3 6
43 4 14
43 9 21
43 14 39
43 15 20
43 16 34
43 17 22
43 19 17
43 20 24
43 21 13
43 23 18
43 28 41
43 29 5
43 30 25
43 31 25
43 33 2
43 34 38
43 37 34
43 42 21
44 1 32
44 4 3
44 6 9
44 7 14
44 9 36
44 10 7
44 11 1
44 12 16
44 13 24
44 18 24
44 20 14
44 23 42
44 24 32
44 25 2
44 28 36
44 29 41
44 30 28
44 31 32
44 34 39
44 37 24
44 38 42
44 42 43
44 43 30
45 0 20
45 1 19
45 2 40
45 3 19
45 4 10
45 5 16
45 6 20
45 10 15
45 12 5
45 13 2
45 14 17
45 15 35
45 17 2
45 18 6
45 19 4
45 24 32
45 29 11
45 31 43
45 32 7
45 33 1
45 36 3
45 38 29
45 39 13
45 41 19
46 3 18
46 4 25
46 6 12
46 7 1
46 8 17
46 9 33
46 10 28
46 11 10
46 16 20
46 19 39
46 20 35
46 23 5
46 24 38
46 27 26
46 29 43
46 31 35
46 34 38
46 39 28
46 40 37
46 41 20
46 42 22
46 44 25
46 45 23
47 0 19
47 2 13
47 4 22
47 5 4
47 6 30
47 7 31
47 8 32
47 11 31
47 12 1
47 13 12
47 16 31
47 19 36
47 20 43
47 23 28
47 26 10
47 33 14
47 34 27
47 37 11
47 40 31
47 41 31
47 43 32
47 44 12
47 45 18
47 46 8
48 0 20
48 1 32
48 5 17
48 7 17
48 8 42
48 12 14
48 13 28
48 15 33
48 17 28
48 20 42
48 23 29
48 24 36
48 26 3
48 29 10
48 30 22
48 31 8
48 34 15
48 38 31
48 41 8
48 42 8
48 43 8
48 44 32
48 45 24
48 46 16
48 47 36
49 2 31
49 3 32
49 4 32
49 5 24
49 6 36
49 10 19
49 12 3
49 13 17
49 14 40
49 16 14
49 18 15
49 19 6
49 20 34
49 22 28
49 25 32
49 29 21
49 30 2
49 31 41
49 35 17
49 37 25
49 38 5
49 41 19
49 42 25
49 43 26
49 44 3
50 0 42
50 1 33
50 2 32
50 5 14
50 6 23
50 12 27
50 13 32
50 15 24
50 19 15
50 21 37
50 22 38
50 23 32
50 26 12
50 28 9
50 32 19
50 33 29
50 34 1
50 35 38
50 39 37
50 40 28
50 43 2
50 44 19
50 47 35
51 4 14
51 5 41
51 6 15
51 7 1
51 8 10
51 10 21
51 13 15
51 15 18
51 19 22
51 21 36
51 23 36
51 25 32
51 29 15
51 31 15
51 33 40
51 34 25
51 38 14
51 40 18
51 41 16
51 42 18
51 43 15
51 44 35
51 45 9
51 47 26
52 0 11
52 1 25
52 4 40
52 6 43
52 7 5
52 8 28
52 9 43
52 10 14
52 11 27
52 12 7
52 13 33
52 14 25
52 18 32
52 19 32
52 21 27
52 26 30
52 29 18
52 31 13
52 33 1
52 35 28
52 36 12
52 38 39
52 39 1
52 40 38
52 43 16
52 45 28
52 48 27
53 1 39
53 3 33
53 4 8
53 6 2
53 11 32
53 16 42
53 17 19
53 21 27
53 22 42
53 23 33
53 24 4
53 25 11
53 26 1
53 29 23
53 31 17
53 34 32
53 36 25
53 39 28
53 40 27
53 42 26
53 43 29
53 45 13
53 48 23
54 1 39
54 7 29
54 8 26
54 9 19
54 15 34
54 17 26
54 19 10
54 21 11
54 25 11
54 26 19
54 28 6
54 32 37
54 33 5
54 34 17
54 35 24
54 39 1
54 41 40
54 46 40
54 47 11
54 48 37
54 49 20
54 50 40
54 52 11
55 1 33
55 2 34
55 5 29
55 6 5
55 7 28
55 8 13
55 9 27
55 10 41
55 14 30
55 16 13
55 17 38
55 20 6
55 21 37
55 23 42
55 24 3
55 26 42
55 27 36
55 29 10
55 30 3
55 31 2
55 33 6
55 34 22
55 35 18
55 36 27
55 37 33
55 38 36
55 39 38
55 41 11
55 43 10
55 45 23
55 46 28
55 48 28
55 49 32
55 50 30
55 51 32
55 52 32
56 1 9
56 3 24
56 4 9
56 5 19
56 6 9
56 9 14
56 10 39
56 14 8
56 16 31
56 17 12
56 18 38
56 19 30
56 22 5
56 23 20
56 24 22
56 26 13
56 29 35
56 34 24
56 35 14
56 36 35
56 37 22
56 38 40
56 39 33
56 40 3
56 42 19
56 44 32
56 45 21
56 46 36
56 47 26
56 48 7
56 51 19
56 53 15
56 54 22
56 55 37
57 0 37
57 2 43
57 4 17
57 5 17
57 9 26
57 10 12
57 11 23
57 12 35
57 13 16
57 17 8
57 18 1
57 21 22
57 25 37
57 26 38
57 28 34
57 31 15
57 42 26
57 47 35
57 55 13
57 56 38
58 2 21
58 3 10
58 4 30
58 5 1
58 6 25
58 10 42
58 11 35
58 12 24
58 15 22
58 18 36
58 20 17
58 27 10
58 29 19
58 30 42
58 31 15
58 32 43
58 33 17
58 34 18
58 35 38
58 37 29
58 42 1
58 43 17
58 46 19
58 51 36
58 56 3
59 1 2
59 3 25
59 10 10
59 11 14
59 12 31
59 13 31
59 15 42
59 16 26
59 17 43
59 18 1
59 19 23
59 20 21
59 24 43
59 28 14
59 31 31
59 33 35
59 34 35
59 35 9
59 36 42
59 37 29
59 38 40
59 39 20
59 40 13
59 41 2
59 42 13
59 43 32
59 44 24
59 45 42
59 47 35
59 48 27
59 49 5
59 50 20
59 51 4
59 53 5
59 54 24
59 55 27
59 56 15
59 58 7
60 1 28
60 5 20
60 8 10
60 10 29
60 11 29
60 12 5
60 15 7
60 16 18
60 19 4
60 21 30
60 24 11
60 25 5
60 28 35
60 29 27
60 35 8
60 37 31
60 38 32
60 39 31
60 42 31
60 44 19
60 45 21
60 46 1
60 51 23
60 52 25
60 54 40
60 55 15
60 59 18
61 1 25
61 2 29
61 3 14
61 4 6
61 5 36
61 7 19
61 8 6
61 9 24
61 10 30
61 11 32
61 12 4
61 15 32
61 16 38
61 17 18
61 18 21
61 19 15
61 21 11
61 23 14
61 24 13
61 25 43
61 28 37
61 34 35
61 37 15
61 39 40
61 40 29
61 41 25
61 42 26
61 44 43
61 45 9
61 46 23
61 47 29
61 48 32
61 53 36
61 54 23
61 55 2
61 59 13
61 60 15
62 0 37
62 1 27
62 3 34
62 4 16
62 5 21
62 6 2
62 8 18
62 9 3
62 11 1
62 12 5
62 13 33
62 14 13
62 15 15
62 16 6
62 17 31
62 19 23
62 20 43
62 21 12
62 24 39
62 25 8
62 26 10
62 28 8
62 29 15
62 30 16
62 35 35
62 37 9
62 41 29
62 42 35
62 44 2
62 45 17
62 46 24
62 47 40
62 50 20
62 52 1
62 53 43
62 57 25
62 60 6
63 5 22
63 6 21
63 8 17
63 9 23
63 10 30
63 11 7
63 13 8
63 14 2
63 16 3
63 17 38
63 18 40
63 21 36
63 22 29
63 28 6
63 30 28
63 38 29
63 40 35
63 42 37
63 44 26
63 45 8
63 46 8
63 47 5
63 48 3
63 49 7
63 50 42
63 51 28
63 53 39
63 55 33
63 58 11
