56
1 0 8
2 0 2
2 1 4
3 0 9
3 1 2
3 2 5
4 0 1
4 1 6
4 2 10
4 3 7
5 0 10
5 1 4
5 2 3
5 3 7
5 4 10
6 0 6
6 1 10
6 2 2
6 3 10
6 4 3
6 5 1
7 0 1
7 1 6
7 2 9
7 3 2
7 4 8
7 5 10
7 6 8
8 0 2
8 1 2
8 2 10
8 3 9
8 4 7
8 5 1
8 6 5
8 7 5
9 0 10
9 1 4
9 2 3
9 3 10
9 4 4
9 5 2
9 6 3
9 7 10
9 8 4
10 0 4
10 1 8
10 2 5
10 3 3
10 4 4
10 5 6
10 6 9
10 7 6
10 8 9
10 9 1
11 0 4
11 1 9
11 2 7
11 3 3
11 4 5
11 5 1
11 6 5
11 7 5
11 8 4
11 9 2
11 10 3
12 0 2
12 1 6
12 2 8
12 3 8
12 4 8
12 5 10
12 6 10
12 7 1
12 8 7
12 9 7
12 10 5
12 11 2
13 0 8
13 1 9
13 2 4
13 3 3
13 4 6
13 5 1
13 6 3
13 7 4
13 8 1
13 9 3
13 10 3
13 11 6
13 12 1
14 0 1
14 1 10
14 2 9
14 3 7
14 4 8
14 5 9
14 6 3
14 7 10
14 8 7
14 9 3
14 10 8
14 11 9
14 12 9
14 13 8
15 0 4
15 1 6
15 2 7
15 3 1
15 4 9
15 5 8
15 6 2
15 7 9
15 8 5
15 9 4
15 10 3
15 11 10
15 12 3
15 13 9
15 14 1
16 0 3
16 1 5
16 2 3
16 3 5
16 4 8
16 5 2
16 6 1
16 7 7
16 8 6
16 9 3
16 10 5
16 11 1
16 12 9
16 13 10
16 14 5
16 15 3
17 0 6
17 1 9
17 2 3
17 3 1
17 4 9
17 5 3
17 6 6
17 7 7
17 8 1
17 9 5
17 10 3
17 11 5
17 12 5
17 13 2
17 14 7
17 15 7
17 16 9
18 0 7
18 1 1
18 2 3
18 3 5
18 4 4
18 5 4
18 6 8
18 7 10
18 8 7
18 9 9
18 10 3
18 11 2
18 12 2
18 13 1
18 14 3
18 15 6
18 16 9
18 17 4
19 0 10
19 1 9
19 2 9
19 3 10
19 4 7
19 5 6
19 6 3
19 7 4
19 8 9
19 9 7
19 10 2
19 11 3
19 12 5
19 13 2
19 14 1
19 15 8
19 16 6
19 17 3
19 18 9
20 0 2
20 1 3
20 2 10
20 3 8
20 4 9
20 5 7
20 6 2
20 7 9
20 8 1
20 9 10
20 10 8
20 11 6
20 12 10
20 13 5
20 14 2
20 15 1
20 16 9
20 17 8
20 18 1
20 19 10
21 0 3
21 1 2
21 2 1
21 3 7
21 4 6
21 5 2
21 6 4
21 7 10
21 8 5
21 9 9
21 10 1
21 11 10
21 12 4
21 13 7
21 14 7
21 15 4
21 16 8
21 17 7
21 18 2
21 19 5
21 20 10
22 0 6
22 1 8
22 2 2
22 3 7
22 4 3
22 5 7
22 6 2
22 7 3
22 8 10
22 9 9
22 10 8
22 11 6
22 12 8
22 13 7
22 14 8
22 15 2
22 16 7
22 17 4
22 18 9
22 19 4
22 20 3
22 21 1
23 0 3
23 1 2
23 2 6
23 3 9
23 4 6
23 5 9
23 6 6
23 7 4
23 8 10
23 9 4
23 10 9
23 11 7
23 12 10
23 13 6
23 14 2
23 15 6
23 16 4
23 17 9
23 18 7
23 19 5
23 20 4
23 21 5
23 22 1
24 0 1
24 1 1
24 2 4
24 3 6
24 4 6
24 5 7
24 6 10
24 7 9
24 8 3
24 9 7
24 10 5
24 11 1
24 12 7
24 13 2
24 14 7
24 15 7
24 16 6
24 17 8
24 18 1
24 19 4
24 20 2
24 21 4
24 22 8
24 23 7
25 0 3
25 1 4
25 2 9
25 3 10
25 4 7
25 5 6
25 6 8
25 7 5
25 8 8
25 9 4
25 10 6
25 11 8
25 12 1
25 13 10
25 14 2
25 15 4
25 16 8
25 17 9
25 18 7
25 19 4
25 20 5
25 21 8
25 22 7
25 23 2
25 24 5
26 0 4
26 1 6
26 2 10
26 3 10
26 4 6
26 5 3
26 6 4
26 7 10
26 8 1
26 9 4
26 10 10
26 11 3
26 12 1
26 13 3
26 14 4
26 15 4
26 16 4
26 17 1
26 18 2
26 19 9
26 20 2
26 21 6
26 22 7
26 23 5
26 24 10
26 25 1
27 0 10
27 1 1
27 2 10
27 3 9
27 4 1
27 5 10
27 6 6
27 7 9
27 8 2
27 9 5
27 10 10
27 11 5
27 12 2
27 13 10
27 14 10
27 15 3
27 16 7
27 17 2
27 18 1
27 19 3
27 20 7
27 21 6
27 22 1
27 23 3
27 24 3
27 25 2
27 26 4
28 0 4
28 1 2
28 2 7
28 3 4
28 4 10
28 5 7
28 6 9
28 7 2
28 8 7
28 9 6
28 10 1
28 11 9
28 12 8
28 13 8
28 14 5
28 15 10
28 16 7
28 17 6
28 18 9
28 19 4
28 20 6
28 21 2
28 22 4
28 23 1
28 24 7
28 25 8
28 26 4
28 27 7
29 0 1
29 1 10
29 2 4
29 3 1
29 4 6
29 5 3
29 6 9
29 7 2
29 8 10
29 9 5
29 10 10
29 11 4
29 12 2
29 13 5
29 14 5
29 15 4
29 16 10
29 17 2
29 18 10
29 19 9
29 20 1
29 21 1
29 22 8
29 23 4
29 24 5
29 25 9
29 26 2
29 27 1
29 28 3
30 0 5
30 1 4
30 2 2
30 3 1
30 4 2
30 5 1
30 6 7
30 7 5
30 8 3
30 9 2
30 10 8
30 11 7
30 12 5
30 13 6
30 14 7
30 15 6
30 16 6
30 17 1
30 18 1
30 19 5
30 20 2
30 21 5
30 22 10
30 23 2
30 24 7
30 25 4
30 26 10
30 27 6
30 28 9
30 29 6
31 0 10
31 1 4
31 2 8
31 3 7
31 4 10
31 5 2
31 6 4
31 7 5
31 8 4
31 9 4
31 10 9
31 11 5
31 12 8
31 13 7
31 14 3
31 15 7
31 16 10
31 17 6
31 18 7
31 19 8
31 20 9
31 21 3
31 22 4
31 23 10
31 24 7
31 25 4
31 26 7
31 27 1
31 28 6
31 29 2
31 30 6
32 0 9
32 1 4
32 2 9
32 3 3
32 4 3
32 5 6
32 6 5
32 7 4
32 8 7
32 9 4
32 10 10
32 11 9
32 12 3
32 13 7
32 14 5
32 15 5
32 16 9
32 17 7
32 18 5
32 19 2
32 20 2
32 21 1
32 22 10
32 23 2
32 24 4
32 25 1
32 26 10
32 27 4
32 28 3
32 29 7
32 30 1
32 31 5
33 0 6
33 1 1
33 2 6
33 3 9
33 4 10
33 5 2
33 6 8
33 7 9
33 8 5
33 9 2
33 10 5
33 11 1
33 12 2
33 13 3
33 14 10
33 15 7
33 16 8
33 17 3
33 18 6
33 19 6
33 20 10
33 21 1
33 22 7
33 23 1
33 24 5
33 25 4
33 26 5
33 27 7
33 28 3
33 29 6
33 30 1
33 31 6
33 32 8
34 0 10
34 1 7
34 2 6
34 3 10
34 4 5
34 5 3
34 6 2
34 7 5
34 8 8
34 9 9
34 10 4
34 11 1
34 12 3
34 13 7
34 14 1
34 15 9
34 16 10
34 17 9
34 18 3
34 19 2
34 20 10
34 21 3
34 22 6
34 23 1
34 24 10
34 25 6
34 26 8
34 27 9
34 28 9
34 29 9
34 30 6
34 31 2
34 32 2
34 33 10
35 0 1
35 1 5
35 2 3
35 3 3
35 4 9
35 5 9
35 6 2
35 7 9
35 8 10
35 9 9
35 10 4
35 11 5
35 12 9
35 13 1
35 14 5
35 15 7
35 16 1
35 17 9
35 18 2
35 19 4
35 20 7
35 21 4
35 22 7
35 23 3
35 24 7
35 25 1
35 26 3
35 27 6
35 28 8
35 29 1
35 30 8
35 31 10
35 32 4
35 33 2
35 34 8
36 0 7
36 1 5
36 2 8
36 3 6
36 4 2
36 5 9
36 6 3
36 7 5
36 8 1
36 9 2
36 10 2
36 11 7
36 12 5
36 13 1
36 14 8
36 15 3
36 16 9
36 17 9
36 18 7
36 19 5
36 20 2
36 21 10
36 22 3
36 23 1
36 24 3
36 25 5
36 26 10
36 27 10
36 28 10
36 29 4
36 30 3
36 31 9
36 32 9
36 33 1
36 34 10
36 35 8
37 0 6
37 1 3
37 2 3
37 3 6
37 4 2
37 5 7
37 6 3
37 7 10
37 8 2
37 9 1
37 10 4
37 11 5
37 12 7
37 13 3
37 14 2
37 15 5
37 16 7
37 17 7
37 18 9
37 19 1
37 20 8
37 21 10
37 22 3
37 23 3
37 24 5
37 25 8
37 26 10
37 27 5
37 28 2
37 29 10
37 30 9
37 31 8
37 32 3
37 33 6
37 34 8
37 35 4
37 36 3
38 0 1
38 1 3
38 2 4
38 3 4
38 4 5
38 5 9
38 6 4
38 7 1
38 8 8
38 9 6
38 10 3
38 11 1
38 12 5
38 13 1
38 14 2
38 15 5
38 16 9
38 17 6
38 18 7
38 19 7
38 20 6
38 21 1
38 22 1
38 23 8
38 24 3
38 25 6
38 26 3
38 27 8
38 28 8
38 29 8
38 30 9
38 31 5
38 32 8
38 33 6
38 34 9
38 35 4
38 36 6
38 37 4
39 0 6
39 1 10
39 2 1
39 3 5
39 4 5
39 5 5
39 6 7
39 7 8
39 8 6
39 9 6
39 10 1
39 11 1
39 12 7
39 13 7
39 14 5
39 15 6
39 16 4
39 17 9
39 18 7
39 19 3
39 20 7
39 21 5
39 22 4
39 23 2
39 24 1
39 25 10
39 26 10
39 27 1
39 28 1
39 29 1
39 30 7
39 31 1
39 32 4
39 33 8
39 34 4
39 35 5
39 36 9
39 37 5
39 38 8
40 0 4
40 1 4
40 2 3
40 3 9
40 4 5
40 5 9
40 6 6
40 7 1
40 8 7
40 9 4
40 10 1
40 11 1
40 12 1
40 13 7
40 14 1
40 15 8
40 16 10
40 17 9
40 18 5
40 19 6
40 20 3
40 21 1
40 22 10
40 23 5
40 24 8
40 25 3
40 26 8
40 27 8
40 28 5
40 29 7
40 30 7
40 31 1
40 32 6
40 33 1
40 34 8
40 35 7
40 36 10
40 37 6
40 38 4
40 39 2
41 0 8
41 1 5
41 2 3
41 3 4
41 4 5
41 5 7
41 6 8
41 7 3
41 8 10
41 9 1
41 10 7
41 11 5
41 12 4
41 13 10
41 14 4
41 15 8
41 16 4
41 17 9
41 18 5
41 19 1
41 20 6
41 21 3
41 22 5
41 23 6
41 24 3
41 25 2
41 26 7
41 27 3
41 28 1
41 29 2
41 30 8
41 31 4
41 32 10
41 33 6
41 34 8
41 35 7
41 36 3
41 37 7
41 38 3
41 39 3
41 40 1
42 0 7
42 1 9
42 2 9
42 3 8
42 4 5
42 5 1
42 6 10
42 7 4
42 8 4
42 9 1
42 10 5
42 11 3
42 12 8
42 13 9
42 14 1
42 15 3
42 16 5
42 17 9
42 18 8
42 19 8
42 20 5
42 21 5
42 22 10
42 23 1
42 24 4
42 25 10
42 26 6
42 27 10
42 28 7
42 29 8
42 30 2
42 31 3
42 32 4
42 33 3
42 34 3
42 35 7
42 36 9
42 37 4
42 38 1
42 39 3
42 40 4
42 41 4
43 0 9
43 1 1
43 2 1
43 3 4
43 4 7
43 5 10
43 6 7
43 7 10
43 8 2
43 9 8
43 10 7
43 11 1
43 12 5
43 13 5
43 14 3
43 15 9
43 16 1
43 17 8
43 18 9
43 19 1
43 20 3
43 21 3
43 22 1
43 23 6
43 24 8
43 25 7
43 26 10
43 27 3
43 28 1
43 29 3
43 30 3
43 31 5
43 32 4
43 33 9
43 34 9
43 35 10
43 36 5
43 37 1
43 38 9
43 39 1
43 40 10
43 41 7
43 42 4
44 0 9
44 1 3
44 2 7
44 3 1
44 4 4
44 5 1
44 6 6
44 7 6
44 8 1
44 9 9
44 10 8
44 11 7
44 12 5
44 13 7
44 14 10
44 15 8
44 16 6
44 17 7
44 18 7
44 19 10
44 20 3
44 21 8
44 22 7
44 23 10
44 24 3
44 25 2
44 26 9
44 27 8
44 28 6
44 29 2
44 30 9
44 31 1
44 32 9
44 33 4
44 34 5
44 35 2
44 36 10
44 37 4
44 38 5
44 39 4
44 40 7
44 41 5
44 42 7
44 43 5
45 0 4
45 1 6
45 2 10
45 3 2
45 4 2
45 5 1
45 6 10
45 7 1
45 8 3
45 9 2
45 10 8
45 11 6
45 12 5
45 13 9
45 14 3
45 15 9
45 16 5
45 17 2
45 18 3
45 19 1
45 20 5
45 21 9
45 22 7
45 23 9
45 24 1
45 25 7
45 26 7
45 27 8
45 28 7
45 29 10
45 30 2
45 31 3
45 32 1
45 33 7
45 34 1
45 35 3
45 36 8
45 37 2
45 38 3
45 39 7
45 40 8
45 41 4
45 42 5
45 43 9
45 44 2
46 0 3
46 1 5
46 2 3
46 3 4
46 4 4
46 5 7
46 6 8
46 7 1
46 8 7
46 9 9
46 10 7
46 11 9
46 12 9
46 13 10
46 14 6
46 15 6
46 16 9
46 17 1
46 18 6
46 19 3
46 20 6
46 21 5
46 22 7
46 23 10
46 24 9
46 25 8
46 26 6
46 27 5
46 28 2
46 29 6
46 30 10
46 31 5
46 32 3
46 33 3
46 34 2
46 35 9
46 36 10
46 37 7
46 38 7
46 39 5
46 40 6
46 41 10
46 42 9
46 43 10
46 44 4
46 45 3
47 0 7
47 1 4
47 2 2
47 3 7
47 4 7
47 5 8
47 6 10
47 7 5
47 8 3
47 9 2
47 10 5
47 11 8
47 12 8
47 13 10
47 14 4
47 15 7
47 16 5
47 17 2
47 18 5
47 19 3
47 20 9
47 21 4
47 22 3
47 23 3
47 24 8
47 25 2
47 26 10
47 27 8
47 28 4
47 29 1
47 30 10
47 31 5
47 32 9
47 33 3
47 34 10
47 35 3
47 36 10
47 37 2
47 38 9
47 39 6
47 40 9
47 41 10
47 42 1
47 43 3
47 44 4
47 45 6
47 46 6
48 0 7
48 1 9
48 2 2
48 3 7
48 4 7
48 5 10
48 6 9
48 7 1
48 8 5
48 9 3
48 10 1
48 11 7
48 12 9
48 13 3
48 14 7
48 15 2
48 16 1
48 17 4
48 18 9
48 19 1
48 20 10
48 21 7
48 22 5
48 23 2
48 24 4
48 25 10
48 26 2
48 27 4
48 28 1
48 29 7
48 30 8
48 31 4
48 32 9
48 33 6
48 34 4
48 35 1
48 36 1
48 37 7
48 38 1
48 39 2
48 40 9
48 41 6
48 42 3
48 43 6
48 44 3
48 45 6
48 46 3
48 47 2
49 0 7
49 1 3
49 2 5
49 3 6
49 4 1
49 5 7
49 6 2
49 7 2
49 8 5
49 9 1
49 10 2
49 11 6
49 12 5
49 13 5
49 14 1
49 15 3
49 16 2
49 17 4
49 18 7
49 19 6
49 20 1
49 21 7
49 22 9
49 23 3
49 24 5
49 25 4
49 26 6
49 27 9
49 28 9
49 29 9
49 30 9
49 31 3
49 32 10
49 33 6
49 34 3
49 35 10
49 36 1
49 37 9
49 38 1
49 39 3
49 40 7
49 41 10
49 42 7
49 43 10
49 44 8
49 45 2
49 46 6
49 47 6
49 48 10
50 0 10
50 1 6
50 2 1
50 3 7
50 4 4
50 5 1
50 6 5
50 7 4
50 8 7
50 9 1
50 10 6
50 11 1
50 12 9
50 13 7
50 14 10
50 15 9
50 16 8
50 17 4
50 18 1
50 19 9
50 20 3
50 21 10
50 22 9
50 23 8
50 24 6
50 25 5
50 26 1
50 27 1
50 28 1
50 29 6
50 30 5
50 31 9
50 32 1
50 33 1
50 34 10
50 35 3
50 36 3
50 37 10
50 38 2
50 39 3
50 40 4
50 41 3
50 42 10
50 43 9
50 44 10
50 45 8
50 46 9
50 47 9
50 48 10
50 49 8
51 0 4
51 1 1
51 2 1
51 3 4
51 4 5
51 5 7
51 6 4
51 7 10
51 8 10
51 9 7
51 10 1
51 11 4
51 12 2
51 13 2
51 14 5
51 15 9
51 16 2
51 17 2
51 18 7
51 19 3
51 20 3
51 21 10
51 22 9
51 23 10
51 24 7
51 25 9
51 26 4
51 27 8
51 28 2
51 29 9
51 30 6
51 31 10
51 32 1
51 33 1
51 34 10
51 35 9
51 36 1
51 37 3
51 38 5
51 39 7
51 40 6
51 41 2
51 42 5
51 43 9
51 44 6
51 45 7
51 46 3
51 47 4
51 48 10
51 49 2
51 50 5
52 0 2
52 1 4
52 2 6
52 3 9
52 4 7
52 5 1
52 6 6
52 7 3
52 8 2
52 9 5
52 10 7
52 11 10
52 12 9
52 13 5
52 14 10
52 15 2
52 16 4
52 17 2
52 18 9
52 19 7
52 20 4
52 21 7
52 22 6
52 23 7
52 24 2
52 25 4
52 26 1
52 27 10
52 28 1
52 29 5
52 30 4
52 31 8
52 32 9
52 33 10
52 34 5
52 35 8
52 36 7
52 37 9
52 38 6
52 39 6
52 40 7
52 41 5
52 42 1
52 43 6
52 44 9
52 45 8
52 46 10
52 47 5
52 48 8
52 49 9
52 50 10
52 51 8
53 0 2
53 1 8
53 2 4
53 3 3
53 4 1
53 5 5
53 6 1
53 7 7
53 8 7
53 9 9
53 10 8
53 11 2
53 12 3
53 13 6
53 14 6
53 15 6
53 16 4
53 17 8
53 18 7
53 19 9
53 20 1
53 21 4
53 22 6
53 23 6
53 24 1
53 25 6
53 26 7
53 27 10
53 28 10
53 29 1
53 30 10
53 31 6
53 32 9
53 33 9
53 34 1
53 35 9
53 36 3
53 37 10
53 38 5
53 39 3
53 40 2
53 41 3
53 42 8
53 43 1
53 44 4
53 45 7
53 46 7
53 47 5
53 48 9
53 49 4
53 50 7
53 51 7
53 52 6
54 0 9
54 1 3
54 2 5
54 3 6
54 4 7
54 5 8
54 6 3
54 7 10
54 8 9
54 9 9
54 10 3
54 11 6
54 12 1
54 13 8
54 14 3
54 15 2
54 16 4
54 17 4
54 18 4
54 19 10
54 20 10
54 21 3
54 22 8
54 23 6
54 24 3
54 25 1
54 26 5
54 27 9
54 28 7
54 29 3
54 30 4
54 31 9
54 32 5
54 33 6
54 34 7
54 35 6
54 36 8
54 37 7
54 38 6
54 39 1
54 40 1
54 41 6
54 42 3
54 43 6
54 44 9
54 45 10
54 46 6
54 47 7
54 48 8
54 49 5
54 50 2
54 51 10
54 52 9
54 53 6
55 0 5
55 1 6
55 2 9
55 3 5
55 4 9
55 5 5
55 6 6
55 7 5
55 8 8
55 9 4
55 10 4
55 11 2
55 12 4
55 13 2
55 14 9
55 15 5
55 16 1
55 17 3
55 18 4
55 19 3
55 20 9
55 21 1
55 22 8
55 23 10
55 24 4
55 25 6
55 26 9
55 27 9
55 28 4
55 29 2
55 30 2
55 31 9
55 32 7
55 33 5
55 34 3
55 35 3
55 36 5
55 37 2
55 38 8
55 39 5
55 40 8
55 41 4
55 42 1
55 43 9
55 44 10
55 45 1
55 46 2
55 47 9
55 48 10
55 49 9
55 50 3
55 51 1
55 52 5
55 53 2
55 54 7
