32
1 0 3
2 0 5
2 1 2
3 0 2
3 1 1
3 2 3
4 0 4
4 1 2
4 2 4
4 3 4
5 0 2
5 1 5
5 2 2
5 3 3
5 4 3
6 0 2
6 1 5
6 2 5
6 3 3
6 4 4
6 5 2
7 0 5
7 1 4
7 2 5
7 3 3
7 4 3
7 5 4
7 6 2
8 0 3
8 1 1
8 2 3
8 3 4
8 4 1
8 5 2
8 6 4
8 7 1
9 0 2
9 1 1
9 2 1
9 3 2
9 4 5
9 5 3
9 6 5
9 7 5
9 8 2
10 0 4
10 1 3
10 2 1
10 3 1
10 4 1
10 5 4
10 6 4
10 7 1
10 8 2
10 9 3
11 0 3
11 1 1
11 2 2
11 3 4
11 4 4
11 5 2
11 6 1
11 7 5
11 8 4
11 9 4
11 10 5
12 0 3
12 1 1
12 2 3
12 3 4
12 4 4
12 5 5
12 6 3
12 7 2
12 8 3
12 9 4
12 10 1
12 11 2
13 0 5
13 1 2
13 2 3
13 3 1
13 4 4
13 5 2
13 6 4
13 7 5
13 8 3
13 9 1
13 10 5
13 11 5
13 12 5
14 0 4
14 1 5
14 2 2
14 3 3
14 4 4
14 5 4
14 6 1
14 7 4
14 8 4
14 9 1
14 10 1
14 11 5
14 12 3
14 13 3
15 0 3
15 1 3
15 2 1
15 3 1
15 4 5
15 5 1
15 6 4
15 7 1
15 8 1
15 9 1
15 10 5
15 11 3
15 12 5
15 13 1
15 14 5
16 0 3
16 1 5
16 2 1
16 3 3
16 4 5
16 5 1
16 6 4
16 7 5
16 8 1
16 9 1
16 10 5
16 11 4
16 12 2
16 13 3
16 14 2
16 15 5
17 0 1
17 1 2
17 2 5
17 3 1
17 4 4
17 5 5
17 6 3
17 7 1
17 8 4
17 9 5
17 10 4
17 11 2
17 12 2
17 13 4
17 14 5
17 15 5
17 16 2
18 0 2
18 1 1
18 2 3
18 3 5
18 4 3
18 5 3
18 6 5
18 7 1
18 8 5
18 9 4
18 10 3
18 11 3
18 12 2
18 13 1
18 14 4
18 15 3
18 16 4
18 17 5
19 0 2
19 1 1
19 2 4
19 3 5
19 4 4
19 5 5
19 6 4
19 7 1
19 8 2
19 9 3
19 10 3
19 11 2
19 12 1
19 13 5
19 14 4
19 15 3
19 16 3
19 17 5
19 18 2
20 0 2
20 1 4
20 2 5
20 3 3
20 4 4
20 5 1
20 6 3
20 7 4
20 8 3
20 9 2
20 10 5
20 11 4
20 12 5
20 13 4
20 14 4
20 15 3
20 16 3
20 17 5
20 18 3
20 19 5
21 0 5
21 1 1
21 2 5
21 3 5
21 4 5
21 5 1
21 6 4
21 7 1
21 8 5
21 9 1
21 10 3
21 11 4
21 12 3
21 13 1
21 14 2
21 15 4
21 16 4
21 17 4
21 18 2
21 19 4
21 20 1
22 0 1
22 1 2
22 2 1
22 3 4
22 4 3
22 5 2
22 6 1
22 7 5
22 8 2
22 9 2
22 10 5
22 11 2
22 12 4
22 13 5
22 14 1
22 15 5
22 16 3
22 17 2
22 18 5
22 19 1
22 20 3
22 21 4
23 0 2
23 1 2
23 2 4
23 3 1
23 4 5
23 5 5
23 6 3
23 7 4
23 8 1
23 9 1
23 10 3
23 11 2
23 12 4
23 13 2
23 14 5
23 15 1
23 16 1
23 17 4
23 18 3
23 19 5
23 20 5
23 21 2
23 22 2
24 0 5
24 1 2
24 2 2
24 3 4
24 4 4
24 5 4
24 6 2
24 7 3
24 8 3
24 9 5
24 10 3
24 11 5
24 12 1
24 13 3
24 14 4
24 15 5
24 16 4
24 17 1
24 18 3
24 19 5
24 20 3
24 21 4
24 22 1
24 23 2
25 0 5
25 1 4
25 2 1
25 3 2
25 4 2
25 5 3
25 6 4
25 7 1
25 8 2
25 9 4
25 10 5
25 11 3
25 12 4
25 13 2
25 14 5
25 15 2
25 16 1
25 17 4
25 18 4
25 19 4
25 20 5
25 21 4
25 22 3
25 23 4
25 24 5
26 0 5
26 1 5
26 2 1
26 3 5
26 4 3
26 5 2
26 6 5
26 7 2
26 8 5
26 9 3
26 10 4
26 11 3
26 12 1
26 13 1
26 14 3
26 15 5
26 16 1
26 17 5
26 18 1
26 19 2
26 20 1
26 21 3
26 22 4
26 23 5
26 24 2
26 25 5
27 0 4
27 1 4
27 2 3
27 3 3
27 4 4
27 5 1
27 6 2
27 7 3
27 8 3
27 9 1
27 10 3
27 11 1
27 12 4
27 13 4
27 14 5
27 15 3
27 16 5
27 17 1
27 18 1
27 19 5
27 20 1
27 21 3
27 22 1
27 23 3
27 24 4
27 25 1
27 26 4
28 0 1
28 1 4
28 2 4
28 3 4
28 4 1
28 5 4
28 6 2
28 7 3
28 8 5
28 9 4
28 10 1
28 11 3
28 12 1
28 13 4
28 14 2
28 15 2
28 16 3
28 17 1
28 18 1
28 19 3
28 20 2
28 21 5
28 22 2
28 23 3
28 24 4
28 25 2
28 26 3
28 27 2
29 0 5
29 1 1
29 2 4
29 3 3
29 4 5
29 5 3
29 6 4
29 7 3
29 8 2
29 9 4
29 10 2
29 11 1
29 12 5
29 13 5
29 14 2
29 15 5
29 16 1
29 17 5
29 18 3
29 19 5
29 20 1
29 21 1
29 22 1
29 23 2
29 24 5
29 25 1
29 26 5
29 27 1
29 28 4
30 0 3
30 1 3
30 2 2
30 3 5
30 4 4
30 5 4
30 6 3
30 7 1
30 8 3
30 9 4
30 10 2
30 11 3
30 12 2
30 13 5
30 14 3
30 15 5
30 16 3
30 17 1
30 18 1
30 19 1
30 20 4
30 21 4
30 22 5
30 23 2
30 24 3
30 25 2
30 26 2
30 27 4
30 28 2
30 29 5
31 0 5
31 1 4
31 2 3
31 3 5
31 4 2
31 5 5
31 6 1
31 7 4
31 8 2
31 9 5
31 10 5
31 11 2
31 12 5
31 13 2
31 14 4
31 15 5
31 16 5
31 17 2
31 18 5
31 19 2
31 20 2
31 21 2
31 22 5
31 23 3
31 24 2
31 25 5
31 26 1
31 27 1
31 28 3
31 29 2
31 30 3
