52
3 1 22
4 0 21
4 1 26
4 2 25
5 0 28
5 3 16
6 0 15
6 2 18
7 1 6
7 2 20
7 4 2
8 0 10
8 2 10
8 3 41
8 5 11
8 7 2
9 0 21
9 1 34
9 2 3
9 5 36
9 6 24
9 7 5
10 0 31
10 2 19
10 3 26
10 7 9
10 8 3
10 9 22
11 1 15
11 2 12
11 4 36
11 5 9
11 7 31
11 8 5
11 9 31
12 1 11
12 2 38
12 3 27
12 4 36
12 7 12
12 10 35
12 11 15
13 4 30
13 7 39
13 11 39
13 12 25
14 0 14
14 1 37
14 2 8
14 5 37
14 6 14
14 7 37
14 12 13
15 0 29
15 1 26
15 4 35
15 5 15
15 9 33
15 10 40
15 13 33
15 14 33
16 0 17
16 1 39
16 2 17
16 3 38
16 8 5
16 10 16
16 12 36
16 13 4
17 3 28
17 4 32
17 9 10
17 15 39
17 16 13
18 0 34
18 1 2
18 5 39
18 8 29
18 9 26
18 10 6
18 13 20
18 14 39
18 16 22
18 17 9
19 0 18
19 1 25
19 6 34
19 7 36
19 8 39
19 9 12
19 10 41
19 12 41
19 13 31
19 14 35
19 16 33
20 2 26
20 3 28
20 4 11
20 6 41
20 8 38
20 9 40
20 10 1
20 11 15
20 13 40
20 14 19
20 15 27
20 16 14
20 17 11
20 18 16
21 0 13
21 2 1
21 5 34
21 6 8
21 8 40
21 9 7
21 11 21
21 14 13
21 16 25
21 17 34
22 0 41
22 3 12
22 6 1
22 7 14
22 8 30
22 12 39
22 14 23
22 15 23
22 16 31
22 17 31
22 19 18
22 21 6
23 4 7
23 6 23
23 10 1
23 12 21
23 13 29
23 14 27
23 16 3
23 17 8
23 20 11
23 22 4
24 0 36
24 3 16
24 5 22
24 7 3
24 8 28
24 10 11
24 13 18
24 17 14
24 19 17
24 20 10
24 23 5
25 0 32
25 4 30
25 6 28
25 8 23
25 9 36
25 11 41
25 12 4
25 13 16
25 20 30
25 22 13
26 0 16
26 2 4
26 4 25
26 6 1
26 7 8
26 8 8
26 9 12
26 10 41
26 11 12
26 13 27
26 14 40
26 16 26
26 19 25
26 23 26
26 25 33
27 2 36
27 4 5
27 6 13
27 10 31
27 11 5
27 15 27
27 16 26
27 18 35
27 19 41
27 20 8
27 25 25
27 26 26
28 1 17
28 3 3
28 5 6
28 7 21
28 10 8
28 13 21
28 15 13
28 16 1
28 19 33
28 22 33
28 23 34
28 24 31
28 25 32
28 27 23
29 1 19
29 2 8
29 3 13
29 4 12
29 5 1
29 6 24
29 8 20
29 10 21
29 14 1
29 15 36
29 18 40
29 19 27
29 20 3
29 22 30
29 25 10
30 1 12
30 3 25
30 5 13
30 6 2
30 7 35
30 9 4
30 10 19
30 11 30
30 15 8
30 16 11
30 20 20
30 21 17
30 26 23
31 1 11
31 2 23
31 3 18
31 5 41
31 7 2
31 8 3
31 10 34
31 12 9
31 14 29
31 15 15
31 16 10
31 17 31
31 18 2
31 20 23
31 22 20
31 23 9
31 25 28
31 26 12
31 27 19
31 30 23
32 0 5
32 1 34
32 2 41
32 4 19
32 7 31
32 8 40
32 9 26
32 11 15
32 12 13
32 13 33
32 14 41
32 17 10
32 22 6
32 24 40
32 25 18
32 29 27
32 30 26
32 31 20
33 1 25
33 4 12
33 12 33
33 15 9
33 17 22
33 19 1
33 23 40
33 29 28
34 3 23
34 5 19
34 10 16
34 11 32
34 12 14
34 17 20
34 20 6
34 22 1
34 23 1
34 27 28
34 28 40
34 29 14
34 30 36
34 31 14
34 32 13
35 2 33
35 3 11
35 5 29
35 7 18
35 8 41
35 9 38
35 11 32
35 12 8
35 14 19
35 16 19
35 17 13
35 23 5
35 24 28
36 1 17
36 2 20
36 3 25
36 4 39
36 6 31
36 8 14
36 10 7
36 11 27
36 12 41
36 15 1
36 22 24
36 24 40
36 26 9
36 28 8
36 31 34
36 32 9
36 33 35
36 35 20
37 0 35
37 2 12
37 3 6
37 4 3
37 5 5
37 8 22
37 9 40
37 10 17
37 12 2
37 23 30
37 24 35
37 26 33
37 28 14
37 30 20
37 32 13
37 35 27
38 3 36
38 5 2
38 6 35
38 8 40
38 10 41
38 13 23
38 15 17
38 21 38
38 22 8
38 25 13
38 26 41
38 27 31
38 28 28
38 31 8
38 32 32
38 33 14
38 34 18
38 35 15
39 0 6
39 1 12
39 3 37
39 6 38
39 7 33
39 8 16
39 10 18
39 11 34
39 13 40
39 14 1
39 15 30
39 16 5
39 18 14
39 19 11
39 21 10
39 23 13
39 24 9
39 29 9
39 30 39
39 34 31
39 36 4
39 37 41
40 0 5
40 1 17
40 3 35
40 6 23
40 7 28
40 9 32
40 11 14
40 14 3
40 20 4
40 24 34
40 25 25
40 29 22
40 30 35
40 31 32
40 34 16
40 35 38
40 37 9
40 38 24
41 0 31
41 2 9
41 6 33
41 7 33
41 9 37
41 10 10
41 12 19
41 14 16
41 15 33
41 19 25
41 20 34
41 21 8
41 22 25
41 25 3
41 26 3
41 27 37
41 28 4
41 29 23
41 34 9
41 35 9
41 36 32
41 37 33
41 38 23
42 2 15
42 3 34
42 4 32
42 8 22
42 10 6
42 11 31
42 12 31
42 16 3
42 17 19
42 18 33
42 25 5
42 26 2
42 27 32
42 28 14
42 31 40
42 32 29
42 34 40
42 35 18
42 37 27
42 38 1
43 2 12
43 7 27
43 8 33
43 9 20
43 10 34
43 11 3
43 15 24
43 16 17
43 17 18
43 19 6
43 22 34
43 23 37
43 24 1
43 27 5
43 32 19
43 35 23
43 38 37
43 41 31
43 42 37
44 0 35
44 1 40
44 3 1
44 5 35
44 7 3
44 10 40
44 11 14
44 15 37
44 17 13
44 18 27
44 20 28
44 21 32
44 22 40
44 26 29
44 27 12
44 28 29
44 29 7
44 30 22
44 35 28
44 36 8
44 37 25
44 39 16
44 40 20
44 42 16
45 3 21
45 4 32
45 6 16
45 10 32
45 12 9
45 15 5
45 16 4
45 21 19
45 23 36
45 25 10
45 27 33
45 28 16
45 29 31
45 30 8
45 36 36
45 37 23
45 38 22
45 39 8
45 41 28
45 42 15
45 43 5
45 44 18
46 0 6
46 1 28
46 2 7
46 4 19
46 10 29
46 11 38
46 12 31
46 15 24
46 16 7
46 17 32
46 19 15
46 20 16
46 23 4
46 24 7
46 31 36
46 32 38
46 33 20
46 34 2
46 37 34
46 39 6
46 40 19
46 41 4
46 44 4
47 0 2
47 1 26
47 5 9
47 7 8
47 11 19
47 16 8
47 18 20
47 19 28
47 20 12
47 21 16
47 23 11
47 25 32
47 26 29
47 29 13
47 30 6
47 31 10
47 34 33
47 38 17
47 39 9
47 42 23
47 45 32
47 46 6
48 2 19
48 3 32
48 4 29
48 5 5
48 6 9
48 8 20
48 9 22
48 11 16
48 12 39
48 13 11
48 15 8
48 17 9
48 18 29
48 21 32
48 22 21
48 24 31
48 25 37
48 27 2
48 29 36
48 31 19
48 33 28
48 34 41
48 40 34
48 41 21
48 43 7
48 44 19
48 45 40
48 46 14
49 3 35
49 5 21
49 6 7
49 8 5
49 10 9
49 12 5
49 14 28
49 19 19
49 22 36
49 24 37
49 30 26
49 31 29
49 33 41
49 34 18
49 38 32
49 41 1
49 42 34
49 45 41
49 47 33
50 1 22
50 2 16
50 3 33
50 4 37
50 5 9
50 6 32
50 11 1
50 12 6
50 13 6
50 14 29
50 15 16
50 17 27
50 18 2
50 21 31
50 22 40
50 25 11
50 26 13
50 28 8
50 29 35
50 34 18
50 37 15
50 42 20
50 44 18
50 46 27
50 47 7
50 48 21
50 49 29
51 0 9
51 2 3
51 3 19
51 5 23
51 6 24
51 7 7
51 10 31
51 11 2
51 13 2
51 15 1
51 18 32
51 22 30
51 23 7
51 24 18
51 25 23
51 26 38
51 27 4
51 28 16
51 30 28
51 32 37
51 34 32
51 35 27
51 37 11
51 40 11
51 41 27
51 47 1
51 48 22
51 50 37
