30
2 0 6
3 0 18
3 2 33
4 1 40
4 2 40
5 0 28
5 2 3
5 3 23
5 4 35
6 0 29
6 1 5
6 3 38
6 4 25
7 2 28
8 0 26
8 1 8
8 4 41
8 5 30
9 2 35
9 3 19
9 6 17
9 7 6
10 3 30
10 6 42
10 7 26
10 8 33
11 0 37
11 1 18
11 2 10
11 3 29
11 4 17
11 5 19
11 6 41
11 8 24
11 9 14
12 0 13
12 1 35
12 2 42
12 3 42
12 6 26
12 8 22
12 10 9
13 0 3
13 1 37
13 3 35
13 4 21
13 7 31
13 10 17
13 12 15
14 0 23
14 2 41
14 4 3
14 7 5
14 8 25
14 10 34
14 12 21
15 0 19
15 2 22
15 3 15
15 5 35
15 8 13
15 9 13
15 10 12
15 11 3
15 12 27
15 13 23
16 0 29
16 1 1
16 3 25
16 4 31
16 8 13
16 10 3
16 11 34
16 12 28
16 13 21
17 2 9
17 3 7
17 5 1
17 6 28
17 8 24
17 9 26
17 10 20
17 11 27
17 12 7
17 15 39
17 16 30
18 2 6
18 4 24
18 9 38
18 10 18
18 11 5
18 13 20
18 14 14
18 15 35
19 1 9
19 9 6
19 10 23
19 12 15
19 15 39
20 1 19
20 2 40
20 3 7
20 4 39
20 8 10
20 11 25
20 12 30
20 14 23
20 15 29
20 16 42
20 17 11
20 19 30
21 0 13
21 6 8
21 8 3
21 10 34
21 11 42
21 13 8
21 14 29
21 15 29
21 17 39
21 20 4
22 0 21
22 3 38
22 5 32
22 6 42
22 8 27
22 11 6
22 12 30
22 14 25
22 16 3
23 7 22
23 9 11
23 10 11
23 13 10
23 14 13
23 16 7
23 18 2
23 20 32
23 21 37
23 22 38
24 1 21
24 5 18
24 6 36
24 10 24
24 11 41
24 12 22
24 14 11
24 15 3
24 21 3
25 0 41
25 2 1
25 6 41
25 7 17
25 8 33
25 10 9
25 11 41
25 12 19
25 14 17
25 15 42
25 16 15
25 18 35
25 22 11
25 23 15
26 0 13
26 3 21
26 4 1
26 5 6
26 7 22
26 10 17
26 11 30
26 15 39
26 16 25
26 17 10
26 20 1
26 23 41
27 2 21
27 4 2
27 7 29
27 8 5
27 9 3
27 10 4
27 11 21
27 13 26
27 15 12
27 19 2
27 20 24
27 23 26
27 24 32
27 25 26
27 26 23
28 0 40
28 2 7
28 5 41
28 7 24
28 8 8
28 9 38
28 12 33
28 16 28
28 21 25
28 22 23
28 24 40
28 26 26
28 27 19
29 2 25
29 3 40
29 10 1
29 11 6
29 12 35
29 13 37
29 15 6
29 16 13
29 19 20
29 21 36
29 23 7
29 24 17
29 28 8
