50
1 0 39
2 0 18
2 1 48
3 0 9
3 1 34
3 2 25
4 0 52
4 1 30
4 2 18
4 3 40
5 0 27
5 1 1
5 2 49
5 3 38
5 4 10
6 0 39
6 1 18
6 2 26
6 3 16
6 4 47
6 5 52
7 0 38
7 1 7
7 2 17
7 3 46
7 4 22
7 5 4
7 6 12
8 0 47
8 1 11
8 2 52
8 3 47
8 4 51
8 5 21
8 6 44
8 7 35
9 0 5
9 1 53
9 2 36
9 3 20
9 4 22
9 5 21
9 6 21
9 7 24
9 8 5
10 0 19
10 1 37
10 2 1
10 3 33
10 4 40
10 5 41
10 6 41
10 7 26
10 8 46
10 9 48
11 0 34
11 1 35
11 2 18
11 3 19
11 4 14
11 5 15
11 6 12
11 7 19
11 8 5
11 9 23
11 10 29
12 0 41
12 1 19
12 2 44
12 3 21
12 4 6
12 5 9
12 6 48
12 7 17
12 8 26
12 9 52
12 10 39
12 11 43
13 0 3
13 1 36
13 2 27
13 3 1
13 4 8
13 5 3
13 6 31
13 7 46
13 8 36
13 9 45
13 10 29
13 11 16
13 12 39
14 0 9
14 1 30
14 2 24
14 3 41
14 4 7
14 5 50
14 6 44
14 7 17
14 8 11
14 9 48
14 10 42
14 11 18
14 12 10
14 13 42
15 0 51
15 1 36
15 2 13
15 3 14
15 4 19
15 5 10
15 6 12
15 7 16
15 8 22
15 9 31
15 10 6
15 11 44
15 12 4
15 13 42
15 14 30
16 0 32
16 1 37
16 2 43
16 3 27
16 4 24
16 5 28
16 6 50
16 7 38
16 8 52
16 9 38
16 10 3
16 11 33
16 12 29
16 13 29
16 14 25
16 15 26
17 0 47
17 1 52
17 2 13
17 3 16
17 4 48
17 5 42
17 6 53
17 7 30
17 8 16
17 9 5
17 10 52
17 11 48
17 12 11
17 13 35
17 14 30
17 15 17
17 16 1
18 0 43
18 1 23
18 2 23
18 3 42
18 4 11
18 5 19
18 6 1
18 7 18
18 8 20
18 9 9
18 10 31
18 11 38
18 12 24
18 13 20
18 14 6
18 15 25
18 16 26
18 17 26
19 0 48
19 1 14
19 2 33
19 3 1
19 4 9
19 5 23
19 6 23
19 7 41
19 8 53
19 9 45
19 10 42
19 11 44
19 12 39
19 13 43
19 14 43
19 15 17
19 16 44
19 17 8
19 18 28
20 0 2
20 1 42
20 2 39
20 3 36
20 4 10
20 5 45
20 6 41
20 7 44
20 8 15
20 9 15
20 10 50
20 11 8
20 12 24
20 13 32
20 14 4
20 15 8
20 16 4
20 17 10
20 18 52
20 19 8
21 0 24
21 1 47
21 2 31
21 3 39
21 4 31
21 5 34
21 6 25
21 7 6
21 8 38
21 9 21
21 10 31
21 11 46
21 12 1
21 13 31
21 14 32
21 15 26
21 16 30
21 17 5
21 18 12
21 19 36
21 20 21
22 0 26
22 1 27
22 2 16
22 3 27
22 4 45
22 5 43
22 6 38
22 7 50
22 8 31
22 9 5
22 10 27
22 11 19
22 12 51
22 13 36
22 14 2
22 15 39
22 16 15
22 17 31
22 18 19
22 19 3
22 20 50
22 21 9
23 0 14
23 1 11
23 2 48
23 3 31
23 4 39
23 5 19
23 6 3
23 7 15
23 8 48
23 9 38
23 10 38
23 11 45
23 12 12
23 13 4
23 14 14
23 15 20
23 16 40
23 17 51
23 18 20
23 19 32
23 20 22
23 21 10
23 22 44
24 0 25
24 1 38
24 2 36
24 3 21
24 4 28
24 5 38
24 6 33
24 7 21
24 8 39
24 9 23
24 10 45
24 11 14
24 12 14
24 13 31
24 14 47
24 15 38
24 16 30
24 17 21
24 18 25
24 19 31
24 20 36
24 21 12
24 22 12
24 23 37
25 0 36
25 1 4
25 2 42
25 3 38
25 4 29
25 5 31
25 6 41
25 7 20
25 8 53
25 9 20
25 10 52
25 11 25
25 12 5
25 13 48
25 14 11
25 15 5
25 16 26
25 17 51
25 18 18
25 19 26
25 20 46
25 21 33
25 22 20
25 23 21
25 24 37
26 0 12
26 1 51
26 2 24
26 3 28
26 4 42
26 5 19
26 6 22
26 7 20
26 8 48
26 9 51
26 10 3
26 11 50
26 12 40
26 13 36
26 14 50
26 15 38
26 16 17
26 17 3
26 18 44
26 19 9
26 20 25
26 21 41
26 22 42
26 23 37
26 24 29
26 25 42
27 0 40
27 1 45
27 2 1
27 3 34
27 4 53
27 5 5
27 6 43
27 7 6
27 8 34
27 9 18
27 10 41
27 11 48
27 12 16
27 13 27
27 14 4
27 15 30
27 16 18
27 17 19
27 18 42
27 19 46
27 20 27
27 21 4
27 22 45
27 23 41
27 24 43
27 25 21
27 26 45
28 0 3
28 1 52
28 2 17
28 3 53
28 4 39
28 5 42
28 6 28
28 7 32
28 8 38
28 9 5
28 10 25
28 11 2
28 12 10
28 13 29
28 14 4
28 15 26
28 16 46
28 17 50
28 18 6
28 19 13
28 20 50
28 21 9
28 22 31
28 23 45
28 24 20
28 25 42
28 26 14
28 27 13
29 0 9
29 1 48
29 2 42
29 3 31
29 4 16
29 5 48
29 6 34
29 7 28
29 8 37
29 9 2
29 10 46
29 11 6
29 12 27
29 13 8
29 14 30
29 15 24
29 16 21
29 17 42
29 18 25
29 19 51
29 20 33
29 21 44
29 22 49
29 23 51
29 24 16
29 25 46
29 26 17
29 27 27
29 28 49
30 0 26
30 1 40
30 2 3
30 3 3
30 4 51
30 5 23
30 6 23
30 7 46
30 8 44
30 9 1
30 10 46
30 11 52
30 12 44
30 13 51
30 14 18
30 15 28
30 16 30
30 17 44
30 18 19
30 19 30
30 20 24
30 21 34
30 22 1
30 23 23
30 24 25
30 25 2
30 26 47
30 27 21
30 28 40
30 29 43
31 0 53
31 1 33
31 2 17
31 3 5
31 4 11
31 5 36
31 6 14
31 7 7
31 8 30
31 9 49
31 10 6
31 11 22
31 12 20
31 13 12
31 14 24
31 15 46
31 16 10
31 17 21
31 18 52
31 19 2
31 20 3
31 21 42
31 22 7
31 23 40
31 24 25
31 25 13
31 26 33
31 27 26
31 28 48
31 29 9
31 30 11
32 0 27
32 1 15
32 2 33
32 3 17
32 4 24
32 5 8
32 6 24
32 7 40
32 8 3
32 9 38
32 10 1
32 11 20
32 12 10
32 13 13
32 14 5
32 15 24
32 16 5
32 17 52
32 18 35
32 19 16
32 20 48
32 21 51
32 22 9
32 23 7
32 24 32
32 25 12
32 26 11
32 27 19
32 28 3
32 29 17
32 30 23
32 31 47
33 0 38
33 1 14
33 2 38
33 3 45
33 4 16
33 5 53
33 6 27
33 7 10
33 8 20
33 9 16
33 10 46
33 11 38
33 12 32
33 13 36
33 14 49
33 15 34
33 16 21
33 17 27
33 18 17
33 19 50
33 20 45
33 21 38
33 22 17
33 23 35
33 24 23
33 25 27
33 26 22
33 27 17
33 28 40
33 29 52
33 30 25
33 31 45
33 32 15
34 0 49
34 1 3
34 2 47
34 3 8
34 4 41
34 5 21
34 6 13
34 7 51
34 8 33
34 9 47
34 10 43
34 11 33
34 12 51
34 13 20
34 14 18
34 15 19
34 16 10
34 17 31
34 18 49
34 19 31
34 20 23
34 21 8
34 22 50
34 23 23
34 24 52
34 25 31
34 26 39
34 27 30
34 28 23
34 29 40
34 30 37
34 31 9
34 32 23
34 33 43
35 0 3
35 1 3
35 2 22
35 3 41
35 4 38
35 5 2
35 6 53
35 7 49
35 8 3
35 9 24
35 10 38
35 11 8
35 12 27
35 13 2
35 14 16
35 15 25
35 16 5
35 17 40
35 18 40
35 19 24
35 20 19
35 21 25
35 22 49
35 23 32
35 24 40
35 25 8
35 26 8
35 27 30
35 28 44
35 29 12
35 30 22
35 31 41
35 32 49
35 33 22
35 34 5
36 0 53
36 1 34
36 2 42
36 3 49
36 4 47
36 5 44
36 6 16
36 7 52
36 8 29
36 9 50
36 10 36
36 11 2
36 12 25
36 13 10
36 14 33
36 15 6
36 16 31
36 17 35
36 18 39
36 19 18
36 20 16
36 21 25
36 22 20
36 23 29
36 24 36
36 25 23
36 26 41
36 27 52
36 28 3
36 29 1
36 30 29
36 31 14
36 32 44
36 33 27
36 34 4
36 35 11
37 0 22
37 1 26
37 2 50
37 3 23
37 4 10
37 5 18
37 6 19
37 7 40
37 8 12
37 9 6
37 10 39
37 11 42
37 12 6
37 13 5
37 14 21
37 15 7
37 16 2
37 17 5
37 18 6
37 19 14
37 20 51
37 21 41
37 22 12
37 23 53
37 24 38
37 25 4
37 26 20
37 27 46
37 28 5
37 29 19
37 30 2
37 31 11
37 32 27
37 33 36
37 34 22
37 35 24
37 36 35
38 0 29
38 1 30
38 2 4
38 3 8
38 4 51
38 5 31
38 6 7
38 7 28
38 8 29
38 9 14
38 10 18
38 11 20
38 12 8
38 13 40
38 14 17
38 15 6
38 16 16
38 17 46
38 18 7
38 19 24
38 20 8
38 21 5
38 22 22
38 23 16
38 24 50
38 25 42
38 26 45
38 27 11
38 28 18
38 29 38
38 30 21
38 31 7
38 32 36
38 33 51
38 34 3
38 35 7
38 36 16
38 37 10
39 0 37
39 1 41
39 2 37
39 3 23
39 4 8
39 5 40
39 6 34
39 7 1
39 8 8
39 9 14
39 10 44
39 11 21
39 12 5
39 13 12
39 14 42
39 15 41
39 16 15
39 17 16
39 18 51
39 19 4
39 20 48
39 21 14
39 22 1
39 23 19
39 24 35
39 25 5
39 26 13
39 27 51
39 28 18
39 29 8
39 30 12
39 31 45
39 32 21
39 33 3
39 34 13
39 35 49
39 36 10
39 37 7
39 38 8
40 0 23
40 1 46
40 2 32
40 3 35
40 4 32
40 5 41
40 6 51
40 7 13
40 8 4
40 9 40
40 10 53
40 11 5
40 12 47
40 13 6
40 14 39
40 15 49
40 16 8
40 17 46
40 18 49
40 19 20
40 20 24
40 21 17
40 22 48
40 23 32
40 24 40
40 25 34
40 26 18
40 27 50
40 28 20
40 29 31
40 30 32
40 31 2
40 32 9
40 33 23
40 34 8
40 35 40
40 36 6
40 37 19
40 38 6
40 39 26
41 0 47
41 1 8
41 2 50
41 3 13
41 4 9
41 5 17
41 6 38
41 7 4
41 8 39
41 9 1
41 10 33
41 11 49
41 12 19
41 13 16
41 14 31
41 15 6
41 16 34
41 17 30
41 18 9
41 19 46
41 20 38
41 21 8
41 22 8
41 23 31
41 24 31
41 25 38
41 26 15
41 27 46
41 28 47
41 29 29
41 30 24
41 31 27
41 32 51
41 33 8
41 34 53
41 35 36
41 36 25
41 37 33
41 38 50
41 39 30
41 40 17
42 0 37
42 1 21
42 2 33
42 3 23
42 4 34
42 5 22
42 6 29
42 7 25
42 8 5
42 9 11
42 10 26
42 11 39
42 12 32
42 13 11
42 14 7
42 15 46
42 16 39
42 17 24
42 18 42
42 19 2
42 20 36
42 21 31
42 22 20
42 23 31
42 24 40
42 25 2
42 26 9
42 27 27
42 28 29
42 29 25
42 30 29
42 31 16
42 32 7
42 33 19
42 34 16
42 35 41
42 36 49
42 37 18
42 38 45
42 39 1
42 40 7
42 41 49
43 0 50
43 1 43
43 2 32
43 3 19
43 4 16
43 5 43
43 6 41
43 7 46
43 8 21
43 9 20
43 10 44
43 11 37
43 12 25
43 13 14
43 14 31
43 15 31
43 16 7
43 17 53
43 18 13
43 19 18
43 20 31
43 21 51
43 22 24
43 23 11
43 24 49
43 25 29
43 26 5
43 27 38
43 28 18
43 29 33
43 30 41
43 31 14
43 32 53
43 33 31
43 34 1
43 35 52
43 36 2
43 37 17
43 38 28
43 39 4
43 40 44
43 41 6
43 42 6
44 0 12
44 1 30
44 2 17
44 3 49
44 4 21
44 5 45
44 6 8
44 7 31
44 8 10
44 9 33
44 10 4
44 11 40
44 12 42
44 13 47
44 14 36
44 15 33
44 16 48
44 17 42
44 18 43
44 19 18
44 20 16
44 21 23
44 22 28
44 23 53
44 24 49
44 25 47
44 26 10
44 27 18
44 28 38
44 29 38
44 30 26
44 31 36
44 32 23
44 33 3
44 34 31
44 35 53
44 36 14
44 37 30
44 38 20
44 39 15
44 40 51
44 41 16
44 42 31
44 43 17
45 0 47
45 1 3
45 2 24
45 3 37
45 4 1
45 5 39
45 6 48
45 7 35
45 8 46
45 9 1
45 10 37
45 11 10
45 12 7
45 13 4
45 14 36
45 15 11
45 16 3
45 17 13
45 18 25
45 19 52
45 20 6
45 21 2
45 22 4
45 23 1
45 24 28
45 25 34
45 26 52
45 27 11
45 28 29
45 29 53
45 30 13
45 31 40
45 32 40
45 33 53
45 34 7
45 35 16
45 36 24
45 37 23
45 38 40
45 39 9
45 40 14
45 41 40
45 42 16
45 43 46
45 44 18
46 0 37
46 1 13
46 2 6
46 3 41
46 4 20
46 5 21
46 6 46
46 7 14
46 8 29
46 9 33
46 10 21
46 11 43
46 12 40
46 13 44
46 14 17
46 15 22
46 16 2
46 17 16
46 18 8
46 19 44
46 20 6
46 21 41
46 22 23
46 23 37
46 24 9
46 25 16
46 26 3
46 27 45
46 28 2
46 29 24
46 30 5
46 31 36
46 32 45
46 33 5
46 34 4
46 35 28
46 36 53
46 37 32
46 38 41
46 39 37
46 40 34
46 41 25
46 42 47
46 43 35
46 44 2
46 45 47
47 0 3
47 1 16
47 2 45
47 3 9
47 4 12
47 5 23
47 6 42
47 7 36
47 8 15
47 9 45
47 10 19
47 11 17
47 12 23
47 13 41
47 14 40
47 15 38
47 16 45
47 17 21
47 18 44
47 19 51
47 20 14
47 21 33
47 22 2
47 23 4
47 24 47
47 25 38
47 26 33
47 27 5
47 28 42
47 29 10
47 30 11
47 31 53
47 32 16
47 33 44
47 34 6
47 35 1
47 36 24
47 37 15
47 38 28
47 39 11
47 40 15
47 41 18
47 42 37
47 43 4
47 44 28
47 45 30
47 46 26
48 0 46
48 1 14
48 2 23
48 3 12
48 4 33
48 5 16
48 6 37
48 7 34
48 8 9
48 9 13
48 10 44
48 11 6
48 12 36
48 13 52
48 14 41
48 15 40
48 16 28
48 17 34
48 18 12
48 19 46
48 20 26
48 21 17
48 22 19
48 23 10
48 24 18
48 25 20
48 26 31
48 27 16
48 28 47
48 29 38
48 30 42
48 31 36
48 32 25
48 33 36
48 34 8
48 35 6
48 36 39
48 37 15
48 38 21
48 39 19
48 40 11
48 41 51
48 42 16
48 43 17
48 44 46
48 45 12
48 46 35
48 47 4
49 0 50
49 1 26
49 2 47
49 3 43
49 4 15
49 5 20
49 6 18
49 7 2
49 8 22
49 9 8
49 10 33
49 11 50
49 12 47
49 13 47
49 14 42
49 15 39
49 16 32
49 17 46
49 18 51
49 19 14
49 20 16
49 21 53
49 22 50
49 23 13
49 24 8
49 25 18
49 26 45
49 27 3
49 28 22
49 29 12
49 30 32
49 31 34
49 32 28
49 33 15
49 34 7
49 35 13
49 36 50
49 37 23
49 38 23
49 39 51
49 40 37
49 41 48
49 42 44
49 43 6
49 44 32
49 45 20
49 46 12
49 47 13
49 48 23
