61
4 0 3
5 1 5
5 3 4
5 4 1
6 0 3
6 1 1
6 2 1
6 3 5
6 5 2
7 1 2
7 3 4
7 5 1
8 2 4
8 3 5
8 4 6
8 5 2
8 6 2
8 7 6
9 3 4
9 5 1
9 7 6
10 0 4
10 2 1
10 3 6
10 5 4
10 7 4
10 8 2
11 0 6
11 2 2
11 3 3
11 4 3
11 5 1
11 6 1
12 1 2
12 4 5
12 6 4
12 9 5
13 3 6
13 4 3
13 8 6
13 10 1
13 12 4
14 0 2
14 1 4
14 2 3
14 9 4
14 11 5
14 12 1
15 1 3
15 3 3
15 5 5
15 7 2
15 8 3
15 12 1
15 14 4
16 0 6
16 1 1
16 2 1
16 7 5
16 8 6
16 9 1
16 11 4
16 15 5
17 0 4
17 1 5
17 2 5
17 6 6
17 7 3
17 8 2
17 9 3
17 16 4
18 0 6
18 2 4
18 5 4
18 6 6
18 7 4
18 8 6
18 10 4
18 11 1
18 12 4
19 1 2
19 2 2
19 3 3
19 11 6
19 13 4
19 14 6
19 16 5
19 17 6
20 3 2
20 4 1
20 5 6
20 9 4
20 10 3
20 11 5
20 12 3
20 14 1
20 15 6
20 18 2
20 19 6
21 0 3
21 3 3
21 5 4
21 7 3
21 8 5
21 9 5
21 10 4
21 12 3
21 13 6
21 15 1
21 19 6
21 20 1
22 1 1
22 2 3
22 3 6
22 4 4
22 5 1
22 10 3
22 12 2
22 15 5
22 16 1
22 18 3
22 21 3
23 5 4
23 6 4
23 7 4
23 9 1
23 10 6
23 14 4
23 15 3
23 16 4
23 17 3
23 18 2
23 20 4
23 21 5
23 22 1
24 3 4
24 4 6
24 6 4
24 8 2
24 9 4
24 10 2
24 12 6
24 13 3
24 15 4
24 17 5
24 18 5
24 20 1
24 22 1
24 23 2
25 6 5
25 7 5
25 8 2
25 12 3
25 16 3
25 17 3
25 18 1
25 19 6
25 20 4
25 21 1
25 22 4
25 24 4
26 2 1
26 4 3
26 6 4
26 7 1
26 10 6
26 11 3
26 14 3
26 17 1
26 18 6
26 21 2
26 23 5
26 24 5
26 25 2
27 0 1
27 3 6
27 6 5
27 8 3
27 9 5
27 10 5
27 12 5
27 13 5
27 14 2
27 15 4
27 17 6
27 19 2
27 21 3
27 23 5
27 24 4
27 25 5
27 26 5
28 0 5
28 6 2
28 7 5
28 8 5
28 9 5
28 11 6
28 12 6
28 14 4
28 15 5
28 18 1
28 25 1
28 27 4
29 1 1
29 3 2
29 7 4
29 8 5
29 9 5
29 10 6
29 11 4
29 12 1
29 16 6
29 17 4
29 24 2
29 26 3
29 28 6
30 1 3
30 4 6
30 6 3
30 8 3
30 12 1
30 13 4
30 16 1
30 17 2
30 18 4
30 20 3
30 22 3
30 24 4
30 25 1
30 26 5
30 28 4
30 29 5
31 0 2
31 1 3
31 4 1
31 5 1
31 6 5
31 9 3
31 11 6
31 14 4
31 25 1
32 4 4
32 5 1
32 6 1
32 7 6
32 13 1
32 18 5
32 21 4
32 22 2
32 24 6
32 30 4
32 31 2
33 0 6
33 5 1
33 7 4
33 8 6
33 13 5
33 16 1
33 18 3
33 19 6
33 23 2
33 24 6
33 28 3
33 29 6
33 32 4
34 0 4
34 1 2
34 2 3
34 6 1
34 8 5
34 9 1
34 12 5
34 16 2
34 18 3
34 19 5
34 25 6
34 27 5
34 30 1
34 31 5
34 33 2
35 1 2
35 6 3
35 7 2
35 8 4
35 9 4
35 14 6
35 17 4
35 19 4
35 21 2
35 23 6
35 24 3
35 28 5
35 29 1
35 30 3
35 31 4
35 32 3
35 33 6
36 0 4
36 1 2
36 3 1
36 4 2
36 7 4
36 9 2
36 11 3
36 14 5
36 16 5
36 17 5
36 18 2
36 20 4
36 22 2
36 24 5
36 25 5
36 26 6
36 27 2
36 30 4
36 31 6
36 32 6
36 33 5
37 0 3
37 1 6
37 2 3
37 3 4
37 5 5
37 7 4
37 9 3
37 10 4
37 17 3
37 20 4
37 23 2
37 27 2
37 29 5
37 30 6
37 31 4
37 32 6
37 35 5
38 4 2
38 5 1
38 7 2
38 8 6
38 9 4
38 12 2
38 13 4
38 15 5
38 16 6
38 19 2
38 20 1
38 22 1
38 23 6
38 24 1
38 25 6
38 26 1
38 30 4
38 33 6
38 35 1
38 36 5
39 1 6
39 2 6
39 3 5
39 7 4
39 10 1
39 11 5
39 12 2
39 14 5
39 16 3
39 17 6
39 18 6
39 19 4
39 23 4
39 25 2
39 27 4
39 31 3
39 32 5
39 38 2
40 1 4
40 2 2
40 4 1
40 8 3
40 10 6
40 12 1
40 14 3
40 16 5
40 18 5
40 20 2
40 22 6
40 24 3
40 25 1
40 26 6
40 27 3
40 29 2
40 30 4
40 31 4
40 34 4
40 36 4
40 38 2
41 1 5
41 2 4
41 3 4
41 4 3
41 5 1
41 6 4
41 7 4
41 8 4
41 9 6
41 10 4
41 12 4
41 14 5
41 15 3
41 16 6
41 18 5
41 19 5
41 20 5
41 21 6
41 22 1
41 24 6
41 25 4
41 29 6
41 30 2
41 32 6
41 33 3
41 35 6
41 36 6
41 37 4
41 40 3
42 2 3
42 4 6
42 7 2
42 9 4
42 10 5
42 11 3
42 12 2
42 13 3
42 14 6
42 17 2
42 20 4
42 22 6
42 24 6
42 26 6
42 27 5
42 29 4
42 30 2
42 31 6
42 32 3
42 33 6
42 34 2
42 35 4
42 37 2
42 38 3
43 0 3
43 1 5
43 2 4
43 6 3
43 7 4
43 8 3
43 10 3
43 11 3
43 18 4
43 19 1
43 21 5
43 24 4
43 27 4
43 31 1
43 32 4
43 34 2
43 37 6
43 38 3
43 40 3
44 5 4
44 6 4
44 7 5
44 10 6
44 12 4
44 13 1
44 16 1
44 18 5
44 19 5
44 20 5
44 21 3
44 22 1
44 26 2
44 27 1
44 30 6
44 31 5
44 33 1
44 36 5
44 37 5
44 41 2
45 0 6
45 1 3
45 2 3
45 3 1
45 4 5
45 7 4
45 10 6
45 12 5
45 13 5
45 17 6
45 18 6
45 19 1
45 21 3
45 23 4
45 25 4
45 27 6
45 28 2
45 31 3
45 32 5
45 33 2
45 36 4
45 38 5
45 39 3
45 41 3
45 43 6
45 44 4
46 3 2
46 4 4
46 7 3
46 8 5
46 9 4
46 10 1
46 11 3
46 12 6
46 13 1
46 15 1
46 16 6
46 17 3
46 18 3
46 23 1
46 24 3
46 26 4
46 27 4
46 30 1
46 31 5
46 35 5
46 38 6
46 39 1
46 41 4
47 2 6
47 3 4
47 5 5
47 8 4
47 10 3
47 12 6
47 13 4
47 19 6
47 21 2
47 23 1
47 24 2
47 25 3
47 26 1
47 27 3
47 28 5
47 31 4
47 32 6
47 33 5
47 34 4
47 35 3
47 36 2
47 37 3
47 39 5
47 43 1
47 45 3
48 0 6
48 2 3
48 3 3
48 4 4
48 8 1
48 9 3
48 10 2
48 11 5
48 12 3
48 13 6
48 15 4
48 17 5
48 18 2
48 21 6
48 24 5
48 25 6
48 28 4
48 29 4
48 31 6
48 33 5
48 35 1
48 36 1
48 37 3
48 38 2
48 40 4
48 41 5
48 46 2
48 47 6
49 1 3
49 2 3
49 3 3
49 4 1
49 5 1
49 6 2
49 8 2
49 13 6
49 15 4
49 16 6
49 17 2
49 19 5
49 20 6
49 23 5
49 25 5
49 26 2
49 28 6
49 29 2
49 35 3
49 37 5
49 38 3
49 39 2
49 40 5
49 44 2
49 45 5
49 46 6
49 48 4
50 0 4
50 2 6
50 4 3
50 6 5
50 7 2
50 9 1
50 12 2
50 15 2
50 19 1
50 20 2
50 21 2
50 26 5
50 27 5
50 28 6
50 29 6
50 30 6
50 32 4
50 33 2
50 34 6
50 36 5
50 37 2
50 38 5
50 40 3
50 41 4
50 42 3
50 45 5
50 46 6
50 47 1
50 48 4
50 49 5
51 0 5
51 1 1
51 2 2
51 3 1
51 5 5
51 8 3
51 12 5
51 14 1
51 15 5
51 16 1
51 18 5
51 20 2
51 21 5
51 25 4
51 27 5
51 28 3
51 29 5
51 30 2
51 31 1
51 32 4
51 34 4
51 35 1
51 36 6
51 38 1
51 40 2
51 41 5
51 43 4
51 48 5
51 49 5
51 50 1
52 3 2
52 7 6
52 10 5
52 12 6
52 13 6
52 14 6
52 17 2
52 18 1
52 19 4
52 24 4
52 25 6
52 26 6
52 28 2
52 30 4
52 34 4
52 37 1
52 41 4
52 44 1
52 45 2
52 46 5
52 48 2
52 49 3
52 51 1
53 0 4
53 1 2
53 3 5
53 5 1
53 6 1
53 7 5
53 8 5
53 9 5
53 11 2
53 15 5
53 17 3
53 19 4
53 20 2
53 21 5
53 23 5
53 24 6
53 26 4
53 27 6
53 28 6
53 29 3
53 30 6
53 33 2
53 34 2
53 35 1
53 36 6
53 38 1
53 40 1
53 41 3
53 46 4
53 48 6
53 49 3
53 50 2
54 0 6
54 2 6
54 3 5
54 4 4
54 5 6
54 6 3
54 7 6
54 8 4
54 16 4
54 17 1
54 18 3
54 23 4
54 24 3
54 25 6
54 26 6
54 29 2
54 30 1
54 32 1
54 34 1
54 36 2
54 39 2
54 40 2
54 44 2
54 48 2
54 49 4
54 50 6
54 53 3
55 1 4
55 7 4
55 9 2
55 11 1
55 15 4
55 16 1
55 18 6
55 24 5
55 32 6
55 33 6
55 38 5
55 40 2
55 41 5
55 42 5
55 46 4
55 49 1
55 50 1
55 51 5
55 53 3
55 54 6
56 3 3
56 4 4
56 7 4
56 8 1
56 9 5
56 10 1
56 11 1
56 14 1
56 15 3
56 22 5
56 27 3
56 28 5
56 29 6
56 32 5
56 33 2
56 34 5
56 35 1
56 36 5
56 37 3
56 38 6
56 40 1
56 41 2
56 42 4
56 43 2
56 44 4
56 46 2
56 47 5
56 48 4
56 50 3
56 52 3
56 53 6
57 1 6
57 2 6
57 3 6
57 4 2
57 6 6
57 8 2
57 11 3
57 12 5
57 13 1
57 14 2
57 16 6
57 17 5
57 18 2
57 19 5
57 20 3
57 22 2
57 23 4
57 24 4
57 26 6
57 27 6
57 29 5
57 31 3
57 33 4
57 35 3
57 39 2
57 43 2
57 45 5
57 48 3
57 49 1
57 50 3
57 51 5
57 53 2
57 54 4
57 56 1
58 0 2
58 2 1
58 3 4
58 4 5
58 7 3
58 8 3
58 12 6
58 13 2
58 15 1
58 16 2
58 17 6
58 19 4
58 23 4
58 24 5
58 28 5
58 29 6
58 30 2
58 31 3
58 33 2
58 34 4
58 36 3
58 39 1
58 41 1
58 44 4
58 45 1
58 47 4
58 48 1
58 49 5
58 50 4
58 51 5
58 52 3
58 54 3
58 56 2
58 57 1
59 0 5
59 1 1
59 3 1
59 4 1
59 6 4
59 8 4
59 10 3
59 11 3
59 12 4
59 15 4
59 18 6
59 20 1
59 23 4
59 25 6
59 26 3
59 29 2
59 30 1
59 31 2
59 32 1
59 33 1
59 34 5
59 35 6
59 37 1
59 41 2
59 42 6
59 43 1
59 44 4
59 48 4
59 49 4
59 51 3
59 52 5
59 57 2
59 58 5
60 6 4
60 7 6
60 8 6
60 11 6
60 12 3
60 13 1
60 14 5
60 15 5
60 17 5
60 22 5
60 25 4
60 30 6
60 32 2
60 33 4
60 34 6
60 35 3
60 40 6
60 42 3
60 44 3
60 45 6
60 46 6
60 47 3
60 49 6
60 50 4
60 53 1
60 55 6
60 56 6
60 57 2
