16
1 0 14
2 0 16
2 1 54
3 0 36
3 1 44
3 2 55
4 0 56
4 1 56
4 2 49
4 3 28
5 0 53
5 1 56
5 2 32
5 3 13
5 4 18
6 0 34
6 1 19
6 2 40
6 3 22
6 4 50
6 5 25
7 0 19
7 1 42
7 2 5
7 3 19
7 4 14
7 5 39
7 6 46
8 0 12
8 1 20
8 2 45
8 3 56
8 4 40
8 5 56
8 6 16
8 7 52
9 0 31
9 1 52
9 2 48
9 3 23
9 4 51
9 5 6
9 6 40
9 7 4
9 8 55
10 0 50
10 1 11
10 2 16
10 3 42
10 4 52
10 5 14
10 6 42
10 7 57
10 8 48
10 9 51
11 0 51
11 1 17
11 2 2
11 3 35
11 4 36
11 5 16
11 6 46
11 7 47
11 8 55
11 9 2
11 10 54
12 0 17
12 1 25
12 2 38
12 3 50
12 4 52
12 5 54
12 6 6
12 7 36
12 8 54
12 9 32
12 10 58
12 11 53
13 0 30
13 1 17
13 2 53
13 3 36
13 4 23
13 5 19
13 6 24
13 7 18
13 8 33
13 9 3
13 10 57
13 11 30
13 12 48
14 0 41
14 1 5
14 2 49
14 3 19
14 4 31
14 5 50
14 6 16
14 7 26
14 8 22
14 9 17
14 10 16
14 11 38
14 12 58
14 13 28
15 0 23
15 1 12
15 2 8
15 3 12
15 4 27
15 5 57
15 6 50
15 7 32
15 8 49
15 9 25
15 10 54
15 11 54
15 12 2
15 13 46
15 14 42
