17
1 0 9
2 0 4
2 1 9
3 0 9
3 1 6
3 2 9
4 0 1
4 1 4
4 2 5
4 3 8
5 0 6
5 1 8
5 2 4
5 3 5
5 4 1
6 0 6
6 1 7
6 2 5
6 3 2
6 4 8
6 5 4
7 0 2
7 1 8
7 2 3
7 3 9
7 4 7
7 5 7
7 6 6
8 0 4
8 1 5
8 2 7
8 3 2
8 4 1
8 5 5
8 6 6
8 7 8
9 0 7
9 1 9
9 2 6
9 3 8
9 4 7
9 5 6
9 6 3
9 7 2
9 8 3
10 0 5
10 1 7
10 2 2
10 3 4
10 4 2
10 5 2
10 6 6
10 7 9
10 8 1
10 9 4
11 0 1
11 1 2
11 2 7
11 3 5
11 4 4
11 5 4
11 6 5
11 7 4
11 8 5
11 9 3
11 10 1
12 0 7
12 1 5
12 2 3
12 3 8
12 4 1
12 5 3
12 6 2
12 7 5
12 8 8
12 9 4
12 10 7
12 11 8
13 0 7
13 1 6
13 2 8
13 3 2
13 4 5
13 5 2
13 6 9
13 7 5
13 8 2
13 9 5
13 10 4
13 11 7
13 12 3
14 0 6
14 1 8
14 2 3
14 3 2
14 4 5
14 5 3
14 6 7
14 7 1
14 8 4
14 9 8
14 10 5
14 11 1
14 12 4
14 13 6
15 0 4
15 1 5
15 2 3
15 3 1
15 4 4
15 5 3
15 6 8
15 7 1
15 8 5
15 9 2
15 10 1
15 11 9
15 12 8
15 13 2
15 14 2
16 0 5
16 1 9
16 2 9
16 3 3
16 4 4
16 5 1
16 6 4
16 7 3
16 8 4
16 9 7
16 10 3
16 11 7
16 12 3
16 13 8
16 14 6
16 15 1
