68
1 0 25
2 0 9
2 1 19
3 0 2
3 1 5
3 2 20
4 0 25
4 1 30
4 2 28
4 3 20
5 0 32
5 1 14
5 2 33
5 3 13
5 4 22
6 0 10
6 1 13
6 2 16
6 3 9
6 4 16
6 5 20
7 0 22
7 1 12
7 2 17
7 3 5
7 4 29
7 5 4
7 6 31
8 0 15
8 1 25
8 2 1
8 3 8
8 4 3
8 5 13
8 6 24
8 7 31
9 0 26
9 1 15
9 2 34
9 3 4
9 4 9
9 5 9
9 6 32
9 7 29
9 8 22
10 0 7
10 1 17
10 2 12
10 3 15
10 4 4
10 5 20
10 6 25
10 7 27
10 8 14
10 9 7
11 0 14
11 1 34
11 2 16
11 3 19
11 4 32
11 5 3
11 6 15
11 7 21
11 8 3
11 9 12
11 10 7
12 0 11
12 1 6
12 2 25
12 3 9
12 4 9
12 5 21
12 6 26
12 7 16
12 8 5
12 9 3
12 10 6
12 11 17
13 0 23
13 1 30
13 2 25
13 3 26
13 4 30
13 5 5
13 6 24
13 7 26
13 8 11
13 9 30
13 10 25
13 11 15
13 12 12
14 0 27
14 1 26
14 2 2
14 3 12
14 4 7
14 5 18
14 6 5
14 7 3
14 8 11
14 9 3
14 10 6
14 11 33
14 12 23
14 13 22
15 0 31
15 1 4
15 2 27
15 3 7
15 4 30
15 5 32
15 6 12
15 7 30
15 8 12
15 9 27
15 10 20
15 11 6
15 12 17
15 13 24
15 14 10
16 0 17
16 1 34
16 2 25
16 3 7
16 4 15
16 5 8
16 6 19
16 7 30
16 8 23
16 9 6
16 10 25
16 11 19
16 12 31
16 13 21
16 14 6
16 15 31
17 0 25
17 1 32
17 2 33
17 3 19
17 4 14
17 5 31
17 6 26
17 7 4
17 8 10
17 9 10
17 10 7
17 11 11
17 12 33
17 13 25
17 14 5
17 15 23
17 16 19
18 0 30
18 1 27
18 2 13
18 3 26
18 4 11
18 5 15
18 6 30
18 7 15
18 8 23
18 9 11
18 10 25
18 11 32
18 12 9
18 13 2
18 14 3
18 15 21
18 16 3
18 17 29
19 0 30
19 1 27
19 2 29
19 3 27
19 4 19
19 5 20
19 6 12
19 7 15
19 8 21
19 9 2
19 10 25
19 11 24
19 12 23
19 13 25
19 14 3
19 15 25
19 16 31
19 17 18
19 18 15
20 0 24
20 1 11
20 2 9
20 3 9
20 4 23
20 5 13
20 6 28
20 7 1
20 8 5
20 9 34
20 10 6
20 11 11
20 12 5
20 13 4
20 14 9
20 15 19
20 16 8
20 17 25
20 18 34
20 19 18
21 0 31
21 1 29
21 2 4
21 3 32
21 4 1
21 5 19
21 6 28
21 7 30
21 8 14
21 9 18
21 10 2
21 11 9
21 12 21
21 13 17
21 14 1
21 15 28
21 16 29
21 17 13
21 18 18
21 19 28
21 20 30
22 0 15
22 1 33
22 2 23
22 3 6
22 4 7
22 5 28
22 6 18
22 7 7
22 8 16
22 9 26
22 10 1
22 11 14
22 12 9
22 13 29
22 14 25
22 15 31
22 16 30
22 17 33
22 18 21
22 19 20
22 20 8
22 21 16
23 0 32
23 1 26
23 2 31
23 3 6
23 4 9
23 5 14
23 6 4
23 7 30
23 8 19
23 9 32
23 10 3
23 11 20
23 12 11
23 13 13
23 14 29
23 15 8
23 16 20
23 17 7
23 18 4
23 19 19
23 20 2
23 21 15
23 22 33
24 0 16
24 1 18
24 2 20
24 3 20
24 4 4
24 5 26
24 6 16
24 7 2
24 8 13
24 9 3
24 10 8
24 11 4
24 12 14
24 13 22
24 14 33
24 15 6
24 16 27
24 17 1
24 18 24
24 19 14
24 20 5
24 21 15
24 22 25
24 23 7
25 0 6
25 1 34
25 2 18
25 3 22
25 4 29
25 5 28
25 6 26
25 7 29
25 8 34
25 9 17
25 10 5
25 11 29
25 12 12
25 13 22
25 14 34
25 15 34
25 16 34
25 17 19
25 18 2
25 19 20
25 20 31
25 21 28
25 22 17
25 23 14
25 24 29
26 0 28
26 1 21
26 2 16
26 3 21
26 4 3
26 5 10
26 6 27
26 7 26
26 8 11
26 9 22
26 10 12
26 11 13
26 12 16
26 13 24
26 14 15
26 15 28
26 16 21
26 17 32
26 18 1
26 19 12
26 20 19
26 21 14
26 22 32
26 23 24
26 24 17
26 25 24
27 0 24
27 1 26
27 2 20
27 3 29
27 4 25
27 5 17
27 6 7
27 7 18
27 8 2
27 9 7
27 10 4
27 11 18
27 12 20
27 13 2
27 14 7
27 15 18
27 16 29
27 17 17
27 18 27
27 19 23
27 20 26
27 21 33
27 22 15
27 23 2
27 24 16
27 25 28
27 26 15
28 0 16
28 1 19
28 2 15
28 3 5
28 4 14
28 5 22
28 6 15
28 7 12
28 8 33
28 9 4
28 10 24
28 11 2
28 12 11
28 13 13
28 14 31
28 15 6
28 16 23
28 17 24
28 18 7
28 19 15
28 20 9
28 21 3
28 22 21
28 23 14
28 24 13
28 25 15
28 26 20
28 27 5
29 0 20
29 1 16
29 2 27
29 3 33
29 4 33
29 5 8
29 6 3
29 7 26
29 8 19
29 9 7
29 10 5
29 11 11
29 12 18
29 13 14
29 14 5
29 15 27
29 16 1
29 17 4
29 18 26
29 19 14
29 20 7
29 21 16
29 22 5
29 23 25
29 24 9
29 25 34
29 26 20
29 27 16
29 28 15
30 0 10
30 1 9
30 2 10
30 3 8
30 4 8
30 5 6
30 6 13
30 7 7
30 8 30
30 9 30
30 10 18
30 11 7
30 12 27
30 13 9
30 14 4
30 15 6
30 16 11
30 17 26
30 18 6
30 19 16
30 20 5
30 21 12
30 22 20
30 23 7
30 24 8
30 25 27
30 26 26
30 27 24
30 28 22
30 29 4
31 0 21
31 1 24
31 2 21
31 3 21
31 4 30
31 5 18
31 6 24
31 7 2
31 8 13
31 9 6
31 10 34
31 11 28
31 12 18
31 13 11
31 14 11
31 15 23
31 16 29
31 17 34
31 18 9
31 19 3
31 20 12
31 21 18
31 22 24
31 23 3
31 24 29
31 25 27
31 26 9
31 27 18
31 28 32
31 29 1
31 30 2
32 0 7
32 1 32
32 2 19
32 3 24
32 4 15
32 5 5
32 6 11
32 7 17
32 8 4
32 9 3
32 10 8
32 11 17
32 12 2
32 13 19
32 14 14
32 15 4
32 16 9
32 17 3
32 18 30
32 19 9
32 20 21
32 21 22
32 22 21
32 23 2
32 24 27
32 25 25
32 26 19
32 27 27
32 28 23
32 29 13
32 30 10
32 31 2
33 0 16
33 1 29
33 2 18
33 3 2
33 4 12
33 5 18
33 6 5
33 7 29
33 8 3
33 9 30
33 10 9
33 11 18
33 12 11
33 13 1
33 14 23
33 15 26
33 16 12
33 17 18
33 18 1
33 19 34
33 20 13
33 21 19
33 22 3
33 23 18
33 24 33
33 25 33
33 26 31
33 27 26
33 28 24
33 29 30
33 30 20
33 31 9
33 32 22
34 0 31
34 1 18
34 2 6
34 3 2
34 4 18
34 5 26
34 6 14
34 7 5
34 8 11
34 9 10
34 10 17
34 11 11
34 12 33
34 13 20
34 14 4
34 15 31
34 16 5
34 17 8
34 18 16
34 19 5
34 20 19
34 21 20
34 22 14
34 23 9
34 24 16
34 25 18
34 26 26
34 27 31
34 28 23
34 29 11
34 30 31
34 31 33
34 32 31
34 33 13
35 0 13
35 1 27
35 2 21
35 3 11
35 4 9
35 5 8
35 6 5
35 7 25
35 8 1
35 9 5
35 10 31
35 11 9
35 12 3
35 13 7
35 14 32
35 15 12
35 16 4
35 17 32
35 18 5
35 19 17
35 20 28
35 21 29
35 22 7
35 23 23
35 24 34
35 25 19
35 26 15
35 27 29
35 28 30
35 29 18
35 30 20
35 31 3
35 32 30
35 33 25
35 34 7
36 0 1
36 1 28
36 2 21
36 3 2
36 4 30
36 5 22
36 6 24
36 7 22
36 8 28
36 9 23
36 10 1
36 11 31
36 12 24
36 13 20
36 14 16
36 15 21
36 16 11
36 17 21
36 18 29
36 19 3
36 20 26
36 21 7
36 22 17
36 23 7
36 24 26
36 25 17
36 26 23
36 27 23
36 28 13
36 29 20
36 30 15
36 31 17
36 32 12
36 33 21
36 34 5
36 35 22
37 0 11
37 1 31
37 2 2
37 3 12
37 4 30
37 5 27
37 6 8
37 7 33
37 8 17
37 9 26
37 10 15
37 11 2
37 12 5
37 13 12
37 14 26
37 15 31
37 16 23
37 17 15
37 18 14
37 19 6
37 20 7
37 21 15
37 22 18
37 23 25
37 24 2
37 25 33
37 26 5
37 27 15
37 28 18
37 29 12
37 30 25
37 31 13
37 32 9
37 33 6
37 34 30
37 35 11
37 36 28
38 0 4
38 1 34
38 2 27
38 3 8
38 4 18
38 5 1
38 6 5
38 7 33
38 8 2
38 9 27
38 10 9
38 11 2
38 12 4
38 13 12
38 14 26
38 15 16
38 16 24
38 17 11
38 18 2
38 19 12
38 20 4
38 21 11
38 22 17
38 23 32
38 24 26
38 25 27
38 26 15
38 27 1
38 28 20
38 29 32
38 30 34
38 31 13
38 32 6
38 33 14
38 34 29
38 35 34
38 36 28
38 37 11
39 0 8
39 1 6
39 2 10
39 3 12
39 4 14
39 5 33
39 6 28
39 7 34
39 8 13
39 9 9
39 10 17
39 11 24
39 12 22
39 13 13
39 14 17
39 15 32
39 16 26
39 17 19
39 18 16
39 19 20
39 20 21
39 21 15
39 22 33
39 23 9
39 24 27
39 25 28
39 26 3
39 27 23
39 28 3
39 29 1
39 30 14
39 31 20
39 32 4
39 33 31
39 34 2
39 35 12
39 36 5
39 37 4
39 38 10
40 0 8
40 1 14
40 2 5
40 3 4
40 4 13
40 5 1
40 6 21
40 7 33
40 8 1
40 9 23
40 10 10
40 11 32
40 12 20
40 13 10
40 14 6
40 15 22
40 16 28
40 17 34
40 18 21
40 19 18
40 20 23
40 21 3
40 22 4
40 23 30
40 24 29
40 25 30
40 26 15
40 27 18
40 28 27
40 29 29
40 30 8
40 31 8
40 32 14
40 33 4
40 34 33
40 35 29
40 36 9
40 37 8
40 38 6
40 39 19
41 0 30
41 1 4
41 2 15
41 3 12
41 4 2
41 5 9
41 6 7
41 7 17
41 8 28
41 9 27
41 10 21
41 11 22
41 12 11
41 13 27
41 14 28
41 15 18
41 16 5
41 17 1
41 18 23
41 19 3
41 20 33
41 21 9
41 22 23
41 23 12
41 24 29
41 25 16
41 26 8
41 27 32
41 28 2
41 29 21
41 30 9
41 31 17
41 32 23
41 33 2
41 34 2
41 35 19
41 36 8
41 37 23
41 38 9
41 39 23
41 40 34
42 0 1
42 1 20
42 2 34
42 3 32
42 4 17
42 5 3
42 6 9
42 7 1
42 8 6
42 9 15
42 10 9
42 11 34
42 12 15
42 13 19
42 14 3
42 15 8
42 16 6
42 17 20
42 18 13
42 19 21
42 20 30
42 21 21
42 22 3
42 23 24
42 24 27
42 25 13
42 26 33
42 27 31
42 28 32
42 29 3
42 30 26
42 31 8
42 32 5
42 33 20
42 34 11
42 35 24
42 36 26
42 37 20
42 38 15
42 39 33
42 40 3
42 41 34
43 0 19
43 1 4
43 2 21
43 3 16
43 4 25
43 5 30
43 6 16
43 7 2
43 8 34
43 9 11
43 10 31
43 11 31
43 12 20
43 13 31
43 14 17
43 15 9
43 16 13
43 17 25
43 18 23
43 19 1
43 20 14
43 21 28
43 22 5
43 23 12
43 24 21
43 25 3
43 26 8
43 27 1
43 28 31
43 29 25
43 30 17
43 31 13
43 32 13
43 33 10
43 34 7
43 35 20
43 36 5
43 37 13
43 38 2
43 39 24
43 40 6
43 41 16
43 42 21
44 0 4
44 1 4
44 2 8
44 3 15
44 4 18
44 5 1
44 6 25
44 7 17
44 8 11
44 9 14
44 10 30
44 11 18
44 12 23
44 13 31
44 14 4
44 15 22
44 16 26
44 17 28
44 18 24
44 19 2
44 20 28
44 21 32
44 22 14
44 23 21
44 24 9
44 25 27
44 26 28
44 27 5
44 28 25
44 29 28
44 30 26
44 31 34
44 32 30
44 33 18
44 34 32
44 35 24
44 36 15
44 37 12
44 38 19
44 39 3
44 40 19
44 41 20
44 42 28
44 43 1
45 0 33
45 1 11
45 2 34
45 3 23
45 4 32
45 5 19
45 6 17
45 7 9
45 8 5
45 9 7
45 10 27
45 11 6
45 12 13
45 13 17
45 14 9
45 15 3
45 16 7
45 17 13
45 18 22
45 19 31
45 20 3
45 21 17
45 22 9
45 23 4
45 24 34
45 25 1
45 26 34
45 27 33
45 28 34
45 29 21
45 30 24
45 31 23
45 32 14
45 33 25
45 34 9
45 35 30
45 36 4
45 37 22
45 38 7
45 39 12
45 40 8
45 41 25
45 42 18
45 43 3
45 44 27
46 0 20
46 1 5
46 2 18
46 3 7
46 4 18
46 5 26
46 6 2
46 7 3
46 8 4
46 9 17
46 10 9
46 11 17
46 12 26
46 13 14
46 14 14
46 15 3
46 16 3
46 17 24
46 18 25
46 19 21
46 20 33
46 21 16
46 22 19
46 23 21
46 24 22
46 25 26
46 26 4
46 27 12
46 28 20
46 29 1
46 30 8
46 31 22
46 32 19
46 33 22
46 34 7
46 35 11
46 36 12
46 37 11
46 38 30
46 39 6
46 40 4
46 41 23
46 42 7
46 43 29
46 44 9
46 45 1
47 0 16
47 1 29
47 2 7
47 3 14
47 4 13
47 5 29
47 6 15
47 7 12
47 8 25
47 9 29
47 10 2
47 11 20
47 12 33
47 13 20
47 14 13
47 15 10
47 16 9
47 17 29
47 18 5
47 19 6
47 20 30
47 21 6
47 22 32
47 23 16
47 24 12
47 25 2
47 26 19
47 27 27
47 28 20
47 29 31
47 30 5
47 31 14
47 32 27
47 33 6
47 34 30
47 35 12
47 36 29
47 37 19
47 38 9
47 39 12
47 40 31
47 41 28
47 42 10
47 43 24
47 44 24
47 45 10
47 46 32
48 0 10
48 1 10
48 2 16
48 3 3
48 4 24
48 5 7
48 6 21
48 7 20
48 8 27
48 9 4
48 10 4
48 11 29
48 12 13
48 13 15
48 14 2
48 15 27
48 16 32
48 17 15
48 18 15
48 19 18
48 20 11
48 21 9
48 22 23
48 23 2
48 24 1
48 25 7
48 26 17
48 27 14
48 28 12
48 29 18
48 30 13
48 31 14
48 32 19
48 33 30
48 34 6
48 35 7
48 36 7
48 37 24
48 38 9
48 39 16
48 40 22
48 41 5
48 42 33
48 43 19
48 44 23
48 45 1
48 46 15
48 47 10
49 0 1
49 1 1
49 2 22
49 3 34
49 4 28
49 5 17
49 6 3
49 7 29
49 8 15
49 9 2
49 10 6
49 11 10
49 12 9
49 13 29
49 14 31
49 15 4
49 16 13
49 17 2
49 18 18
49 19 6
49 20 2
49 21 19
49 22 31
49 23 24
49 24 21
49 25 29
49 26 26
49 27 15
49 28 10
49 29 31
49 30 19
49 31 13
49 32 25
49 33 13
49 34 3
49 35 17
49 36 14
49 37 4
49 38 2
49 39 2
49 40 16
49 41 7
49 42 34
49 43 9
49 44 6
49 45 10
49 46 10
49 47 14
49 48 12
50 0 2
50 1 18
50 2 15
50 3 14
50 4 23
50 5 29
50 6 6
50 7 30
50 8 27
50 9 22
50 10 8
50 11 16
50 12 25
50 13 14
50 14 10
50 15 1
50 16 22
50 17 18
50 18 18
50 19 8
50 20 8
50 21 19
50 22 9
50 23 15
50 24 21
50 25 6
50 26 7
50 27 6
50 28 17
50 29 31
50 30 20
50 31 24
50 32 10
50 33 32
50 34 7
50 35 23
50 36 16
50 37 13
50 38 17
50 39 21
50 40 26
50 41 4
50 42 23
50 43 15
50 44 6
50 45 7
50 46 23
50 47 9
50 48 1
50 49 27
51 0 23
51 1 11
51 2 19
51 3 27
51 4 9
51 5 9
51 6 12
51 7 22
51 8 13
51 9 4
51 10 3
51 11 9
51 12 30
51 13 26
51 14 10
51 15 24
51 16 9
51 17 30
51 18 28
51 19 5
51 20 28
51 21 14
51 22 22
51 23 17
51 24 8
51 25 34
51 26 26
51 27 18
51 28 17
51 29 20
51 30 28
51 31 4
51 32 24
51 33 34
51 34 4
51 35 15
51 36 31
51 37 3
51 38 17
51 39 7
51 40 11
51 41 1
51 42 21
51 43 21
51 44 9
51 45 10
51 46 20
51 47 12
51 48 32
51 49 2
51 50 32
52 0 18
52 1 30
52 2 25
52 3 6
52 4 11
52 5 8
52 6 27
52 7 34
52 8 29
52 9 33
52 10 9
52 11 8
52 12 15
52 13 7
52 14 12
52 15 10
52 16 8
52 17 32
52 18 18
52 19 4
52 20 5
52 21 25
52 22 16
52 23 14
52 24 11
52 25 14
52 26 32
52 27 20
52 28 15
52 29 34
52 30 21
52 31 11
52 32 5
52 33 26
52 34 8
52 35 4
52 36 22
52 37 20
52 38 25
52 39 34
52 40 33
52 41 17
52 42 6
52 43 14
52 44 33
52 45 26
52 46 20
52 47 23
52 48 8
52 49 3
52 50 4
52 51 33
53 0 18
53 1 18
53 2 3
53 3 14
53 4 5
53 5 21
53 6 25
53 7 18
53 8 32
53 9 17
53 10 32
53 11 22
53 12 5
53 13 31
53 14 8
53 15 32
53 16 21
53 17 27
53 18 15
53 19 22
53 20 9
53 21 15
53 22 7
53 23 4
53 24 18
53 25 25
53 26 17
53 27 33
53 28 11
53 29 25
53 30 27
53 31 25
53 32 20
53 33 18
53 34 29
53 35 10
53 36 26
53 37 22
53 38 8
53 39 11
53 40 20
53 41 26
53 42 19
53 43 22
53 44 24
53 45 34
53 46 3
53 47 26
53 48 25
53 49 27
53 50 20
53 51 8
53 52 10
54 0 6
54 1 22
54 2 32
54 3 32
54 4 5
54 5 24
54 6 33
54 7 17
54 8 34
54 9 7
54 10 19
54 11 8
54 12 19
54 13 17
54 14 5
54 15 6
54 16 22
54 17 8
54 18 19
54 19 12
54 20 10
54 21 22
54 22 1
54 23 12
54 24 28
54 25 19
54 26 14
54 27 13
54 28 33
54 29 14
54 30 22
54 31 3
54 32 32
54 33 19
54 34 31
54 35 14
54 36 20
54 37 12
54 38 10
54 39 17
54 40 21
54 41 5
54 42 9
54 43 13
54 44 5
54 45 2
54 46 17
54 47 2
54 48 5
54 49 34
54 50 11
54 51 29
54 52 18
54 53 17
55 0 15
55 1 16
55 2 7
55 3 12
55 4 3
55 5 4
55 6 30
55 7 1
55 8 2
55 9 20
55 10 24
55 11 7
55 12 21
55 13 2
55 14 8
55 15 6
55 16 18
55 17 31
55 18 27
55 19 34
55 20 3
55 21 13
55 22 25
55 23 5
55 24 6
55 25 7
55 26 29
55 27 23
55 28 5
55 29 26
55 30 1
55 31 28
55 32 10
55 33 21
55 34 33
55 35 14
55 36 18
55 37 5
55 38 12
55 39 30
55 40 33
55 41 1
55 42 5
55 43 17
55 44 1
55 45 5
55 46 21
55 47 8
55 48 30
55 49 28
55 50 3
55 51 2
55 52 20
55 53 13
55 54 7
56 0 11
56 1 9
56 2 30
56 3 20
56 4 25
56 5 29
56 6 3
56 7 3
56 8 6
56 9 23
56 10 32
56 11 24
56 12 9
56 13 23
56 14 26
56 15 9
56 16 3
56 17 34
56 18 12
56 19 18
56 20 13
56 21 12
56 22 22
56 23 20
56 24 34
56 25 12
56 26 5
56 27 14
56 28 3
56 29 23
56 30 29
56 31 5
56 32 23
56 33 34
56 34 11
56 35 8
56 36 13
56 37 20
56 38 28
56 39 28
56 40 17
56 41 11
56 42 22
56 43 29
56 44 22
56 45 27
56 46 20
56 47 16
56 48 33
56 49 31
56 50 22
56 51 18
56 52 6
56 53 2
56 54 19
56 55 8
57 0 2
57 1 13
57 2 32
57 3 31
57 4 19
57 5 13
57 6 28
57 7 17
57 8 3
57 9 20
57 10 3
57 11 21
57 12 34
57 13 19
57 14 3
57 15 2
57 16 9
57 17 17
57 18 13
57 19 15
57 20 23
57 21 6
57 22 7
57 23 28
57 24 11
57 25 14
57 26 17
57 27 10
57 28 3
57 29 24
57 30 11
57 31 27
57 32 11
57 33 33
57 34 33
57 35 27
57 36 4
57 37 27
57 38 14
57 39 20
57 40 21
57 41 8
57 42 13
57 43 13
57 44 14
57 45 5
57 46 25
57 47 3
57 48 5
57 49 28
57 50 19
57 51 4
57 52 14
57 53 9
57 54 15
57 55 29
57 56 31
58 0 5
58 1 16
58 2 9
58 3 17
58 4 28
58 5 8
58 6 18
58 7 17
58 8 14
58 9 1
58 10 12
58 11 2
58 12 2
58 13 8
58 14 1
58 15 1
58 16 32
58 17 23
58 18 32
58 19 17
58 20 19
58 21 21
58 22 29
58 23 10
58 24 10
58 25 31
58 26 33
58 27 6
58 28 10
58 29 24
58 30 31
58 31 27
58 32 18
58 33 14
58 34 1
58 35 18
58 36 30
58 37 30
58 38 20
58 39 16
58 40 12
58 41 10
58 42 25
58 43 21
58 44 5
58 45 25
58 46 20
58 47 6
58 48 19
58 49 31
58 50 11
58 51 13
58 52 1
58 53 5
58 54 20
58 55 24
58 56 5
58 57 26
59 0 19
59 1 2
59 2 17
59 3 21
59 4 31
59 5 30
59 6 23
59 7 33
59 8 12
59 9 9
59 10 8
59 11 18
59 12 3
59 13 26
59 14 20
59 15 28
59 16 33
59 17 17
59 18 31
59 19 22
59 20 2
59 21 8
59 22 18
59 23 32
59 24 7
59 25 34
59 26 14
59 27 17
59 28 29
59 29 26
59 30 25
59 31 16
59 32 21
59 33 5
59 34 26
59 35 4
59 36 12
59 37 5
59 38 13
59 39 31
59 40 32
59 41 10
59 42 29
59 43 15
59 44 26
59 45 31
59 46 34
59 47 33
59 48 30
59 49 6
59 50 28
59 51 12
59 52 11
59 53 13
59 54 30
59 55 2
59 56 23
59 57 15
59 58 11
60 0 9
60 1 13
60 2 16
60 3 16
60 4 31
60 5 4
60 6 4
60 7 23
60 8 5
60 9 3
60 10 6
60 11 32
60 12 19
60 13 17
60 14 3
60 15 14
60 16 17
60 17 3
60 18 28
60 19 17
60 20 22
60 21 29
60 22 11
60 23 34
60 24 13
60 25 1
60 26 33
60 27 3
60 28 10
60 29 7
60 30 13
60 31 34
60 32 20
60 33 4
60 34 34
60 35 24
60 36 27
60 37 7
60 38 20
60 39 14
60 40 30
60 41 14
60 42 18
60 43 34
60 44 8
60 45 18
60 46 12
60 47 5
60 48 12
60 49 4
60 50 10
60 51 30
60 52 33
60 53 29
60 54 10
60 55 3
60 56 23
60 57 23
60 58 3
60 59 3
61 0 27
61 1 18
61 2 16
61 3 4
61 4 26
61 5 31
61 6 4
61 7 22
61 8 3
61 9 31
61 10 15
61 11 18
61 12 8
61 13 26
61 14 4
61 15 22
61 16 20
61 17 9
61 18 17
61 19 24
61 20 34
61 21 12
61 22 9
61 23 26
61 24 14
61 25 11
61 26 13
61 27 7
61 28 6
61 29 18
61 30 29
61 31 1
61 32 12
61 33 21
61 34 23
61 35 27
61 36 21
61 37 21
61 38 12
61 39 10
61 40 14
61 41 10
61 42 11
61 43 1
61 44 5
61 45 27
61 46 21
61 47 5
61 48 3
61 49 20
61 50 33
61 51 3
61 52 6
61 53 22
61 54 14
61 55 16
61 56 13
61 57 3
61 58 15
61 59 23
61 60 34
62 0 11
62 1 31
62 2 9
62 3 23
62 4 18
62 5 27
62 6 13
62 7 29
62 8 30
62 9 26
62 10 10
62 11 20
62 12 5
62 13 1
62 14 8
62 15 5
62 16 7
62 17 34
62 18 32
62 19 13
62 20 31
62 21 27
62 22 20
62 23 22
62 24 7
62 25 12
62 26 33
62 27 19
62 28 8
62 29 2
62 30 6
62 31 4
62 32 15
62 33 26
62 34 11
62 35 31
62 36 9
62 37 30
62 38 18
62 39 16
62 40 5
62 41 1
62 42 30
62 43 26
62 44 1
62 45 29
62 46 19
62 47 21
62 48 24
62 49 23
62 50 18
62 51 22
62 52 5
62 53 27
62 54 21
62 55 27
62 56 13
62 57 8
62 58 25
62 59 11
62 60 34
62 61 4
63 0 16
63 1 17
63 2 20
63 3 7
63 4 21
63 5 34
63 6 27
63 7 17
63 8 33
63 9 8
63 10 14
63 11 34
63 12 27
63 13 3
63 14 6
63 15 3
63 16 21
63 17 10
63 18 27
63 19 7
63 20 11
63 21 5
63 22 18
63 23 5
63 24 24
63 25 27
63 26 21
63 27 34
63 28 23
63 29 4
63 30 25
63 31 5
63 32 14
63 33 25
63 34 28
63 35 28
63 36 19
63 37 1
63 38 30
63 39 8
63 40 16
63 41 33
63 42 11
63 43 3
63 44 3
63 45 34
63 46 10
63 47 13
63 48 33
63 49 23
63 50 26
63 51 16
63 52 23
63 53 17
63 54 19
63 55 26
63 56 12
63 57 10
63 58 13
63 59 30
63 60 2
63 61 32
63 62 28
64 0 25
64 1 25
64 2 8
64 3 15
64 4 7
64 5 13
64 6 26
64 7 34
64 8 4
64 9 25
64 10 3
64 11 31
64 12 24
64 13 7
64 14 21
64 15 20
64 16 5
64 17 3
64 18 10
64 19 23
64 20 6
64 21 22
64 22 4
64 23 32
64 24 22
64 25 31
64 26 19
64 27 3
64 28 26
64 29 14
64 30 22
64 31 16
64 32 33
64 33 5
64 34 30
64 35 32
64 36 18
64 37 34
64 38 30
64 39 10
64 40 33
64 41 11
64 42 32
64 43 21
64 44 20
64 45 25
64 46 5
64 47 18
64 48 30
64 49 8
64 50 10
64 51 4
64 52 10
64 53 34
64 54 22
64 55 14
64 56 9
64 57 19
64 58 2
64 59 31
64 60 22
64 61 14
64 62 16
64 63 25
65 0 25
65 1 2
65 2 5
65 3 24
65 4 29
65 5 34
65 6 20
65 7 13
65 8 30
65 9 15
65 10 5
65 11 4
65 12 9
65 13 13
65 14 14
65 15 33
65 16 28
65 17 16
65 18 26
65 19 5
65 20 12
65 21 4
65 22 12
65 23 25
65 24 4
65 25 7
65 26 27
65 27 27
65 28 31
65 29 27
65 30 12
65 31 13
65 32 10
65 33 17
65 34 27
65 35 9
65 36 20
65 37 17
65 38 29
65 39 11
65 40 17
65 41 3
65 42 7
65 43 10
65 44 16
65 45 31
65 46 1
65 47 29
65 48 1
65 49 15
65 50 4
65 51 9
65 52 33
65 53 27
65 54 19
65 55 18
65 56 33
65 57 9
65 58 24
65 59 8
65 60 33
65 61 8
65 62 10
65 63 27
65 64 17
66 0 7
66 1 1
66 2 28
66 3 30
66 4 34
66 5 30
66 6 20
66 7 19
66 8 25
66 9 21
66 10 4
66 11 16
66 12 31
66 13 3
66 14 7
66 15 2
66 16 10
66 17 19
66 18 10
66 19 7
66 20 10
66 21 33
66 22 9
66 23 11
66 24 26
66 25 4
66 26 12
66 27 12
66 28 11
66 29 31
66 30 30
66 31 13
66 32 12
66 33 4
66 34 16
66 35 1
66 36 15
66 37 18
66 38 28
66 39 9
66 40 12
66 41 20
66 42 17
66 43 20
66 44 31
66 45 11
66 46 1
66 47 7
66 48 22
66 49 14
66 50 9
66 51 31
66 52 6
66 53 5
66 54 3
66 55 29
66 56 4
66 57 4
66 58 23
66 59 15
66 60 13
66 61 26
66 62 33
66 63 13
66 64 14
66 65 20
67 0 31
67 1 30
67 2 34
67 3 24
67 4 30
67 5 20
67 6 9
67 7 8
67 8 11
67 9 16
67 10 3
67 11 21
67 12 8
67 13 34
67 14 17
67 15 21
67 16 10
67 17 8
67 18 6
67 19 32
67 20 25
67 21 28
67 22 34
67 23 32
67 24 3
67 25 21
67 26 18
67 27 23
67 28 25
67 29 32
67 30 11
67 31 29
67 32 16
67 33 7
67 34 33
67 35 24
67 36 22
67 37 29
67 38 2
67 39 34
67 40 6
67 41 23
67 42 11
67 43 16
67 44 16
67 45 19
67 46 2
67 47 1
67 48 19
67 49 34
67 50 5
67 51 28
67 52 16
67 53 12
67 54 14
67 55 14
67 56 25
67 57 29
67 58 11
67 59 10
67 60 4
67 61 24
67 62 4
67 63 14
67 64 30
67 65 5
67 66 25
