44
1 0 2
2 0 17
2 1 12
3 0 5
3 1 21
3 2 8
4 0 23
4 1 14
4 2 31
4 3 3
5 0 27
5 1 20
5 2 11
5 3 27
5 4 9
6 0 2
6 1 27
6 2 27
6 3 21
6 4 31
6 5 8
7 0 22
7 1 2
7 2 4
7 3 14
7 4 18
7 5 21
7 6 22
8 0 18
8 1 10
8 2 18
8 3 14
8 4 2
8 5 18
8 6 13
8 7 30
9 0 12
9 1 29
9 2 20
9 3 10
9 4 6
9 5 11
9 6 5
9 7 7
9 8 20
10 0 6
10 1 16
10 2 23
10 3 8
10 4 13
10 5 24
10 6 24
10 7 18
10 8 2
10 9 16
11 0 12
11 1 14
11 2 30
11 3 12
11 4 24
11 5 19
11 6 13
11 7 8
11 8 26
11 9 6
11 10 23
12 0 10
12 1 7
12 2 30
12 3 22
12 4 22
12 5 13
12 6 19
12 7 2
12 8 13
12 9 9
12 10 16
12 11 28
13 0 20
13 1 9
13 2 12
13 3 25
13 4 21
13 5 27
13 6 12
13 7 2
13 8 1
13 9 8
13 10 26
13 11 17
13 12 17
14 0 7
14 1 2
14 2 27
14 3 23
14 4 25
14 5 9
14 6 22
14 7 5
14 8 31
14 9 26
14 10 25
14 11 3
14 12 23
14 13 21
15 0 28
15 1 17
15 2 5
15 3 27
15 4 16
15 5 8
15 6 6
15 7 16
15 8 9
15 9 21
15 10 20
15 11 31
15 12 15
15 13 20
15 14 5
16 0 31
16 1 30
16 2 10
16 3 17
16 4 16
16 5 4
16 6 23
16 7 13
16 8 15
16 9 15
16 10 31
16 11 6
16 12 5
16 13 4
16 14 29
16 15 31
17 0 5
17 1 19
17 2 20
17 3 26
17 4 31
17 5 6
17 6 15
17 7 30
17 8 5
17 9 25
17 10 8
17 11 30
17 12 11
17 13 30
17 14 21
17 15 29
17 16 17
18 0 3
18 1 12
18 2 20
18 3 22
18 4 22
18 5 3
18 6 16
18 7 5
18 8 31
18 9 19
18 10 3
18 11 21
18 12 20
18 13 31
18 14 30
18 15 4
18 16 11
18 17 23
19 0 13
19 1 4
19 2 6
19 3 31
19 4 20
19 5 2
19 6 9
19 7 6
19 8 23
19 9 31
19 10 11
19 11 21
19 12 4
19 13 12
19 14 18
19 15 28
19 16 6
19 17 13
19 18 11
20 0 15
20 1 1
20 2 28
20 3 13
20 4 14
20 5 17
20 6 22
20 7 21
20 8 24
20 9 29
20 10 20
20 11 5
20 12 25
20 13 19
20 14 18
20 15 14
20 16 25
20 17 28
20 18 2
20 19 8
21 0 12
21 1 8
21 2 30
21 3 4
21 4 9
21 5 18
21 6 12
21 7 29
21 8 11
21 9 7
21 10 12
21 11 18
21 12 17
21 13 15
21 14 9
21 15 17
21 16 16
21 17 18
21 18 29
21 19 13
21 20 9
22 0 1
22 1 29
22 2 10
22 3 19
22 4 1
22 5 14
22 6 20
22 7 9
22 8 27
22 9 1
22 10 29
22 11 23
22 12 17
22 13 18
22 14 22
22 15 5
22 16 19
22 17 14
22 18 8
22 19 16
22 20 9
22 21 7
23 0 31
23 1 17
23 2 7
23 3 29
23 4 7
23 5 13
23 6 21
23 7 13
23 8 8
23 9 4
23 10 22
23 11 2
23 12 24
23 13 19
23 14 18
23 15 23
23 16 28
23 17 29
23 18 5
23 19 22
23 20 27
23 21 3
23 22 28
24 0 18
24 1 4
24 2 30
24 3 20
24 4 12
24 5 14
24 6 9
24 7 2
24 8 8
24 9 25
24 10 16
24 11 3
24 12 7
24 13 24
24 14 1
24 15 7
24 16 11
24 17 10
24 18 5
24 19 2
24 20 1
24 21 18
24 22 29
24 23 1
25 0 5
25 1 3
25 2 14
25 3 16
25 4 22
25 5 10
25 6 6
25 7 5
25 8 23
25 9 4
25 10 2
25 11 12
25 12 24
25 13 25
25 14 22
25 15 21
25 16 14
25 17 4
25 18 30
25 19 20
25 20 13
25 21 15
25 22 18
25 23 29
25 24 7
26 0 22
26 1 18
26 2 13
26 3 17
26 4 5
26 5 6
26 6 7
26 7 31
26 8 8
26 9 14
26 10 4
26 11 12
26 12 18
26 13 16
26 14 7
26 15 1
26 16 24
26 17 23
26 18 15
26 19 30
26 20 4
26 21 22
26 22 3
26 23 13
26 24 14
26 25 28
27 0 15
27 1 13
27 2 25
27 3 16
27 4 5
27 5 13
27 6 30
27 7 26
27 8 16
27 9 30
27 10 30
27 11 15
27 12 18
27 13 1
27 14 28
27 15 18
27 16 1
27 17 19
27 18 13
27 19 5
27 20 12
27 21 11
27 22 25
27 23 23
27 24 22
27 25 25
27 26 13
28 0 8
28 1 17
28 2 5
28 3 31
28 4 24
28 5 29
28 6 22
28 7 28
28 8 11
28 9 15
28 10 11
28 11 17
28 12 12
28 13 2
28 14 7
28 15 20
28 16 6
28 17 16
28 18 18
28 19 18
28 20 6
28 21 19
28 22 30
28 23 17
28 24 26
28 25 23
28 26 19
28 27 28
29 0 17
29 1 15
29 2 25
29 3 5
29 4 29
29 5 29
29 6 6
29 7 7
29 8 7
29 9 8
29 10 8
29 11 3
29 12 23
29 13 29
29 14 10
29 15 5
29 16 24
29 17 1
29 18 23
29 19 17
29 20 30
29 21 25
29 22 5
29 23 6
29 24 16
29 25 25
29 26 11
29 27 28
29 28 22
30 0 20
30 1 13
30 2 13
30 3 29
30 4 9
30 5 23
30 6 22
30 7 5
30 8 9
30 9 5
30 10 3
30 11 3
30 12 31
30 13 15
30 14 4
30 15 3
30 16 16
30 17 10
30 18 6
30 19 13
30 20 6
30 21 9
30 22 4
30 23 19
30 24 31
30 25 21
30 26 13
30 27 10
30 28 23
30 29 3
31 0 7
31 1 11
31 2 2
31 3 5
31 4 12
31 5 6
31 6 31
31 7 27
31 8 23
31 9 27
31 10 2
31 11 30
31 12 19
31 13 12
31 14 20
31 15 2
31 16 22
31 17 25
31 18 16
31 19 2
31 20 4
31 21 18
31 22 13
31 23 29
31 24 12
31 25 1
31 26 27
31 27 1
31 28 4
31 29 29
31 30 30
32 0 24
32 1 8
32 2 19
32 3 1
32 4 26
32 5 9
32 6 24
32 7 10
32 8 19
32 9 19
32 10 18
32 11 21
32 12 22
32 13 3
32 14 1
32 15 23
32 16 28
32 17 26
32 18 29
32 19 1
32 20 25
32 21 29
32 22 7
32 23 6
32 24 30
32 25 7
32 26 2
32 27 23
32 28 9
32 29 24
32 30 6
32 31 31
33 0 3
33 1 10
33 2 15
33 3 31
33 4 30
33 5 6
33 6 12
33 7 9
33 8 16
33 9 26
33 10 6
33 11 23
33 12 10
33 13 23
33 14 28
33 15 16
33 16 1
33 17 7
33 18 5
33 19 9
33 20 10
33 21 12
33 22 29
33 23 26
33 24 23
33 25 26
33 26 11
33 27 31
33 28 14
33 29 25
33 30 7
33 31 18
33 32 27
34 0 20
34 1 3
34 2 10
34 3 16
34 4 9
34 5 25
34 6 15
34 7 6
34 8 13
34 9 30
34 10 20
34 11 24
34 12 26
34 13 22
34 14 5
34 15 17
34 16 22
34 17 25
34 18 1
34 19 23
34 20 22
34 21 28
34 22 3
34 23 18
34 24 5
34 25 14
34 26 12
34 27 11
34 28 2
34 29 15
34 30 6
34 31 27
34 32 25
34 33 19
35 0 17
35 1 25
35 2 10
35 3 25
35 4 20
35 5 8
35 6 11
35 7 10
35 8 29
35 9 26
35 10 12
35 11 25
35 12 9
35 13 13
35 14 20
35 15 17
35 16 1
35 17 17
35 18 23
35 19 23
35 20 16
35 21 25
35 22 8
35 23 16
35 24 15
35 25 19
35 26 7
35 27 18
35 28 15
35 29 25
35 30 2
35 31 3
35 32 29
35 33 12
35 34 27
36 0 31
36 1 29
36 2 4
36 3 28
36 4 28
36 5 18
36 6 30
36 7 11
36 8 8
36 9 12
36 10 14
36 11 11
36 12 16
36 13 11
36 14 10
36 15 14
36 16 11
36 17 23
36 18 15
36 19 23
36 20 9
36 21 2
36 22 18
36 23 6
36 24 4
36 25 17
36 26 4
36 27 26
36 28 11
36 29 24
36 30 30
36 31 28
36 32 27
36 33 12
36 34 1
36 35 3
37 0 10
37 1 15
37 2 9
37 3 4
37 4 19
37 5 2
37 6 8
37 7 16
37 8 2
37 9 29
37 10 28
37 11 11
37 12 30
37 13 2
37 14 13
37 15 6
37 16 1
37 17 18
37 18 3
37 19 12
37 20 27
37 21 13
37 22 31
37 23 5
37 24 31
37 25 29
37 26 10
37 27 1
37 28 20
37 29 9
37 30 25
37 31 3
37 32 7
37 33 30
37 34 14
37 35 28
37 36 27
38 0 19
38 1 1
38 2 17
38 3 22
38 4 25
38 5 31
38 6 25
38 7 30
38 8 20
38 9 1
38 10 15
38 11 13
38 12 14
38 13 19
38 14 13
38 15 11
38 16 16
38 17 5
38 18 29
38 19 8
38 20 1
38 21 6
38 22 2
38 23 2
38 24 21
38 25 31
38 26 22
38 27 31
38 28 31
38 29 16
38 30 4
38 31 12
38 32 13
38 33 18
38 34 29
38 35 3
38 36 19
38 37 10
39 0 20
39 1 25
39 2 5
39 3 11
39 4 9
39 5 13
39 6 18
39 7 26
39 8 7
39 9 28
39 10 30
39 11 29
39 12 14
39 13 28
39 14 3
39 15 7
39 16 10
39 17 14
39 18 20
39 19 16
39 20 17
39 21 28
39 22 23
39 23 31
39 24 28
39 25 22
39 26 6
39 27 4
39 28 28
39 29 26
39 30 2
39 31 12
39 32 9
39 33 28
39 34 1
39 35 23
39 36 13
39 37 8
39 38 23
40 0 28
40 1 17
40 2 19
40 3 1
40 4 30
40 5 24
40 6 3
40 7 24
40 8 24
40 9 1
40 10 19
40 11 23
40 12 22
40 13 22
40 14 26
40 15 27
40 16 17
40 17 9
40 18 21
40 19 19
40 20 10
40 21 14
40 22 14
40 23 4
40 24 13
40 25 12
40 26 17
40 27 26
40 28 31
40 29 10
40 30 5
40 31 29
40 32 3
40 33 16
40 34 3
40 35 16
40 36 10
40 37 4
40 38 12
40 39 25
41 0 29
41 1 27
41 2 18
41 3 16
41 4 6
41 5 1
41 6 8
41 7 1
41 8 1
41 9 29
41 10 1
41 11 17
41 12 1
41 13 4
41 14 7
41 15 22
41 16 12
41 17 5
41 18 27
41 19 27
41 20 3
41 21 11
41 22 17
41 23 24
41 24 25
41 25 25
41 26 20
41 27 8
41 28 7
41 29 11
41 30 19
41 31 17
41 32 13
41 33 4
41 34 23
41 35 24
41 36 28
41 37 17
41 38 3
41 39 8
41 40 13
42 0 8
42 1 18
42 2 16
42 3 12
42 4 4
42 5 6
42 6 27
42 7 21
42 8 23
42 9 21
42 10 9
42 11 7
42 12 8
42 13 21
42 14 30
42 15 16
42 16 4
42 17 24
42 18 12
42 19 2
42 20 6
42 21 22
42 22 5
42 23 11
42 24 12
42 25 17
42 26 1
42 27 23
42 28 26
42 29 21
42 30 9
42 31 18
42 32 28
42 33 1
42 34 5
42 35 16
42 36 29
42 37 31
42 38 9
42 39 5
42 40 18
42 41 10
43 0 26
43 1 19
43 2 18
43 3 20
43 4 23
43 5 17
43 6 23
43 7 14
43 8 25
43 9 9
43 10 27
43 11 21
43 12 5
43 13 11
43 14 22
43 15 17
43 16 28
43 17 22
43 18 16
43 19 19
43 20 4
43 21 11
43 22 7
43 23 24
43 24 17
43 25 18
43 26 16
43 27 24
43 28 21
43 29 5
43 30 1
43 31 22
43 32 29
43 33 15
43 34 3
43 35 10
43 36 4
43 37 4
43 38 24
43 39 28
43 40 20
43 41 8
43 42 11
