23
1 0 31
2 0 10
2 1 30
3 0 63
3 1 30
3 2 54
4 0 2
4 1 19
4 2 56
4 3 50
5 0 8
5 1 22
5 2 46
5 3 16
5 4 35
6 0 54
6 1 64
6 2 10
6 3 20
6 4 15
6 5 6
7 0 27
7 1 32
7 2 41
7 3 62
7 4 2
7 5 42
7 6 30
8 0 48
8 1 8
8 2 41
8 3 10
8 4 52
8 5 23
8 6 60
8 7 45
9 0 20
9 1 27
9 2 34
9 3 41
9 4 46
9 5 45
9 6 11
9 7 56
9 8 58
10 0 9
10 1 42
10 2 20
10 3 51
10 4 64
10 5 5
10 6 20
10 7 43
10 8 1
10 9 31
11 0 27
11 1 39
11 2 10
11 3 33
11 4 53
11 5 35
11 6 64
11 7 34
11 8 38
11 9 12
11 10 19
12 0 39
12 1 29
12 2 35
12 3 28
12 4 26
12 5 64
12 6 54
12 7 50
12 8 43
12 9 14
12 10 16
12 11 9
13 0 62
13 1 57
13 2 25
13 3 47
13 4 49
13 5 26
13 6 57
13 7 29
13 8 17
13 9 51
13 10 14
13 11 32
13 12 13
14 0 4
14 1 38
14 2 20
14 3 51
14 4 17
14 5 52
14 6 38
14 7 36
14 8 55
14 9 13
14 10 1
14 11 28
14 12 13
14 13 5
15 0 30
15 1 48
15 2 15
15 3 21
15 4 19
15 5 44
15 6 46
15 7 7
15 8 54
15 9 33
15 10 55
15 11 53
15 12 1
15 13 38
15 14 39
16 0 46
16 1 61
16 2 62
16 3 27
16 4 45
16 5 63
16 6 2
16 7 17
16 8 35
16 9 11
16 10 41
16 11 51
16 12 23
16 13 37
16 14 40
16 15 27
17 0 55
17 1 41
17 2 33
17 3 24
17 4 9
17 5 33
17 6 3
17 7 10
17 8 51
17 9 20
17 10 39
17 11 57
17 12 30
17 13 20
17 14 61
17 15 41
17 16 33
18 0 62
18 1 31
18 2 25
18 3 4
18 4 59
18 5 15
18 6 29
18 7 46
18 8 39
18 9 18
18 10 44
18 11 54
18 12 4
18 13 2
18 14 25
18 15 64
18 16 57
18 17 56
19 0 63
19 1 62
19 2 50
19 3 63
19 4 55
19 5 41
19 6 55
19 7 22
19 8 62
19 9 29
19 10 43
19 11 12
19 12 59
19 13 17
19 14 51
19 15 36
19 16 61
19 17 60
19 18 18
20 0 33
20 1 46
20 2 51
20 3 23
20 4 19
20 5 51
20 6 4
20 7 14
20 8 36
20 9 46
20 10 29
20 11 47
20 12 17
20 13 34
20 14 4
20 15 30
20 16 63
20 17 17
20 18 61
20 19 16
21 0 45
21 1 61
21 2 57
21 3 22
21 4 28
21 5 61
21 6 44
21 7 54
21 8 62
21 9 58
21 10 32
21 11 47
21 12 58
21 13 17
21 14 21
21 15 5
21 16 39
21 17 30
21 18 48
21 19 58
21 20 46
22 0 9
22 1 10
22 2 1
22 3 30
22 4 59
22 5 30
22 6 40
22 7 52
22 8 46
22 9 56
22 10 38
22 11 17
22 12 32
22 13 8
22 14 55
22 15 50
22 16 3
22 17 23
22 18 58
22 19 13
22 20 5
22 21 41
