26
1 0 3
2 0 18
2 1 4
3 0 7
3 1 15
3 2 13
4 0 1
4 1 4
4 2 6
4 3 10
5 0 9
5 1 17
5 2 10
5 3 18
5 4 17
6 0 13
6 1 11
6 2 11
6 3 5
6 4 6
6 5 3
7 0 13
7 1 12
7 2 8
7 3 12
7 4 9
7 5 7
7 6 3
8 0 18
8 1 6
8 2 17
8 3 10
8 4 10
8 5 6
8 6 4
8 7 15
9 0 5
9 1 18
9 2 9
9 3 6
9 4 1
9 5 3
9 6 13
9 7 8
9 8 18
10 0 4
10 1 2
10 2 4
10 3 5
10 4 2
10 5 12
10 6 3
10 7 15
10 8 5
10 9 3
11 0 8
11 1 3
11 2 16
11 3 12
11 4 1
11 5 3
11 6 4
11 7 5
11 8 15
11 9 4
11 10 3
12 0 6
12 1 13
12 2 8
12 3 7
12 4 4
12 5 17
12 6 2
12 7 10
12 8 5
12 9 13
12 10 5
12 11 7
13 0 3
13 1 12
13 2 4
13 3 5
13 4 8
13 5 1
13 6 16
13 7 4
13 8 14
13 9 11
13 10 8
13 11 8
13 12 16
14 0 4
14 1 17
14 2 5
14 3 7
14 4 14
14 5 1
14 6 4
14 7 18
14 8 14
14 9 10
14 10 5
14 11 3
14 12 2
14 13 17
15 0 7
15 1 10
15 2 10
15 3 14
15 4 18
15 5 16
15 6 3
15 7 4
15 8 15
15 9 12
15 10 13
15 11 14
15 12 4
15 13 14
15 14 13
16 0 5
16 1 8
16 2 17
16 3 9
16 4 6
16 5 5
16 6 9
16 7 14
16 8 1
16 9 1
16 10 6
16 11 12
16 12 13
16 13 14
16 14 11
16 15 17
17 0 13
17 1 10
17 2 7
17 3 1
17 4 15
17 5 2
17 6 16
17 7 18
17 8 16
17 9 5
17 10 15
17 11 16
17 12 11
17 13 18
17 14 9
17 15 15
17 16 15
18 0 7
18 1 1
18 2 8
18 3 10
18 4 13
18 5 10
18 6 7
18 7 10
18 8 14
18 9 13
18 10 4
18 11 18
18 12 12
18 13 17
18 14 17
18 15 13
18 16 13
18 17 14
19 0 3
19 1 2
19 2 6
19 3 6
19 4 13
19 5 4
19 6 17
19 7 10
19 8 9
19 9 6
19 10 14
19 11 4
19 12 6
19 13 5
19 14 15
19 15 10
19 16 7
19 17 9
19 18 10
20 0 15
20 1 15
20 2 8
20 3 16
20 4 6
20 5 11
20 6 12
20 7 14
20 8 8
20 9 18
20 10 4
20 11 4
20 12 12
20 13 12
20 14 8
20 15 18
20 16 9
20 17 9
20 18 5
20 19 5
21 0 3
21 1 16
21 2 18
21 3 7
21 4 17
21 5 4
21 6 10
21 7 12
21 8 4
21 9 11
21 10 8
21 11 18
21 12 10
21 13 13
21 14 18
21 15 8
21 16 1
21 17 9
21 18 7
21 19 3
21 20 9
22 0 12
22 1 15
22 2 6
22 3 7
22 4 5
22 5 7
22 6 10
22 7 9
22 8 1
22 9 14
22 10 14
22 11 6
22 12 2
22 13 11
22 14 4
22 15 14
22 16 2
22 17 15
22 18 5
22 19 7
22 20 7
22 21 16
23 0 14
23 1 11
23 2 8
23 3 11
23 4 7
23 5 16
23 6 1
23 7 2
23 8 18
23 9 15
23 10 3
23 11 14
23 12 5
23 13 7
23 14 18
23 15 14
23 16 5
23 17 16
23 18 18
23 19 14
23 20 10
23 21 17
23 22 12
24 0 14
24 1 12
24 2 12
24 3 8
24 4 8
24 5 12
24 6 2
24 7 7
24 8 16
24 9 4
24 10 3
24 11 6
24 12 5
24 13 8
24 14 15
24 15 8
24 16 13
24 17 3
24 18 14
24 19 14
24 20 8
24 21 12
24 22 18
24 23 1
25 0 13
25 1 16
25 2 7
25 3 15
25 4 8
25 5 16
25 6 7
25 7 2
25 8 6
25 9 2
25 10 5
25 11 14
25 12 7
25 13 13
25 14 5
25 15 8
25 16 17
25 17 10
25 18 7
25 19 13
25 20 5
25 21 10
25 22 5
25 23 9
25 24 10
