22
1 0 7
2 0 18
2 1 14
3 0 6
3 1 8
3 2 21
4 0 8
4 1 6
4 2 11
4 3 4
5 0 20
5 1 19
5 2 9
5 3 16
5 4 17
6 0 18
6 1 4
6 2 10
6 3 14
6 4 10
6 5 6
7 0 6
7 1 10
7 2 3
7 3 3
7 4 10
7 5 2
7 6 1
8 0 17
8 1 7
8 2 18
8 3 12
8 4 4
8 5 3
8 6 7
8 7 15
9 0 11
9 1 14
9 2 20
9 3 19
9 4 3
9 5 15
9 6 17
9 7 16
9 8 6
10 0 2
10 1 20
10 2 20
10 3 5
10 4 8
10 5 11
10 6 12
10 7 3
10 8 20
10 9 4
11 0 5
11 1 8
11 2 12
11 3 12
11 4 6
11 5 4
11 6 7
11 7 6
11 8 7
11 9 18
11 10 16
12 0 4
12 1 4
12 2 13
12 3 20
12 4 10
12 5 4
12 6 1
12 7 9
12 8 9
12 9 5
12 10 19
12 11 13
13 0 8
13 1 16
13 2 14
13 3 2
13 4 3
13 5 17
13 6 19
13 7 17
13 8 12
13 9 9
13 10 15
13 11 12
13 12 11
14 0 18
14 1 12
14 2 15
14 3 3
14 4 15
14 5 20
14 6 7
14 7 3
14 8 6
14 9 20
14 10 5
14 11 12
14 12 16
14 13 17
15 0 7
15 1 12
15 2 19
15 3 5
15 4 12
15 5 14
15 6 4
15 7 11
15 8 11
15 9 6
15 10 1
15 11 5
15 12 17
15 13 21
15 14 15
16 0 18
16 1 21
16 2 2
16 3 9
16 4 6
16 5 16
16 6 12
16 7 1
16 8 20
16 9 21
16 10 7
16 11 6
16 12 2
16 13 10
16 14 7
16 15 13
17 0 11
17 1 7
17 2 5
17 3 12
17 4 18
17 5 9
17 6 8
17 7 12
17 8 18
17 9 18
17 10 17
17 11 2
17 12 11
17 13 4
17 14 6
17 15 13
17 16 9
18 0 21
18 1 10
18 2 5
18 3 17
18 4 15
18 5 10
18 6 4
18 7 14
18 8 16
18 9 17
18 10 9
18 11 19
18 12 8
18 13 1
18 14 7
18 15 10
18 16 12
18 17 3
19 0 13
19 1 15
19 2 8
19 3 15
19 4 17
19 5 10
19 6 15
19 7 8
19 8 14
19 9 13
19 10 13
19 11 4
19 12 7
19 13 8
19 14 8
19 15 9
19 16 16
19 17 5
19 18 19
20 0 5
20 1 15
20 2 2
20 3 11
20 4 2
20 5 20
20 6 1
20 7 16
20 8 21
20 9 5
20 10 12
20 11 6
20 12 11
20 13 2
20 14 14
20 15 8
20 16 5
20 17 13
20 18 14
20 19 3
21 0 19
21 1 12
21 2 14
21 3 6
21 4 4
21 5 16
21 6 19
21 7 16
21 8 1
21 9 10
21 10 18
21 11 5
21 12 9
21 13 21
21 14 21
21 15 9
21 16 21
21 17 10
21 18 13
21 19 13
21 20 18
