60
2 1 54
3 1 32
4 2 40
4 3 7
5 1 43
5 3 50
5 4 28
6 0 35
6 1 16
6 4 49
7 0 34
7 1 55
7 3 22
7 6 44
8 3 17
8 5 52
8 6 11
8 7 13
9 4 21
9 6 21
9 8 20
10 2 41
10 5 27
10 6 40
10 8 5
11 0 1
11 1 7
11 2 7
11 6 46
11 7 47
12 1 22
12 2 22
12 3 47
12 5 12
12 8 27
12 9 15
12 10 17
13 1 24
13 2 30
13 3 28
13 4 49
13 6 40
13 8 51
13 9 53
13 10 54
14 1 19
14 5 20
14 6 50
14 7 7
14 12 18
14 13 35
15 3 5
15 4 51
15 6 16
15 9 25
15 11 35
16 4 3
16 5 51
16 9 32
16 10 37
16 12 14
16 13 43
16 15 43
17 0 30
17 1 36
17 2 54
17 4 47
17 6 25
17 7 40
17 9 22
17 12 41
17 13 52
17 14 36
17 15 34
18 1 21
18 2 50
18 3 47
18 5 19
18 6 13
18 11 35
18 12 27
18 14 7
18 15 54
18 17 55
19 1 55
19 5 14
19 8 38
19 9 26
19 10 29
19 11 3
19 12 22
19 14 24
20 2 25
20 3 43
20 6 14
20 7 49
20 9 27
20 10 1
20 11 12
20 15 54
20 16 3
21 0 19
21 2 36
21 3 10
21 4 40
21 6 9
21 10 33
21 11 54
21 16 13
21 17 10
21 18 24
21 20 7
22 1 42
22 2 38
22 3 28
22 4 14
22 5 27
22 7 48
22 8 25
22 11 20
22 12 17
22 13 14
22 14 1
22 15 42
22 16 42
22 17 22
22 18 31
22 21 18
23 0 19
23 7 54
23 9 42
23 10 48
23 11 46
23 13 7
23 14 55
23 15 15
23 17 38
23 18 9
23 21 17
23 22 5
24 0 10
24 3 5
24 8 24
24 10 9
24 13 11
24 14 54
24 15 21
24 16 10
24 17 5
24 18 29
24 19 9
24 21 35
24 22 6
24 23 24
25 2 55
25 3 54
25 4 27
25 9 38
25 13 26
25 14 28
25 15 46
25 16 17
25 19 50
25 21 41
25 24 9
26 2 51
26 3 51
26 5 6
26 6 51
26 7 30
26 10 41
26 11 14
26 12 14
26 13 21
26 17 38
26 18 47
26 19 12
26 22 38
26 23 5
26 25 34
27 0 33
27 3 27
27 7 52
27 12 45
27 15 29
27 16 17
27 18 15
27 19 42
27 20 34
27 23 26
27 25 52
27 26 31
28 1 9
28 6 50
28 7 39
28 8 2
28 12 29
28 17 11
28 18 14
28 21 50
28 22 3
28 25 14
29 2 13
29 3 29
29 7 47
29 12 19
29 14 50
29 16 49
29 18 43
29 21 14
29 23 50
29 25 42
29 26 24
29 28 19
30 0 52
30 1 41
30 4 3
30 6 28
30 9 21
30 10 17
30 12 12
30 13 22
30 15 51
30 17 46
30 18 12
30 19 15
30 22 32
30 27 44
30 28 23
31 0 23
31 2 44
31 4 32
31 8 41
31 9 48
31 12 19
31 14 20
31 15 45
31 18 31
31 20 28
31 21 13
31 26 23
31 27 12
31 28 44
31 30 6
32 0 39
32 3 55
32 5 39
32 7 51
32 8 55
32 9 29
32 11 45
32 12 5
32 13 43
32 15 13
32 16 32
32 17 22
32 18 19
32 19 46
32 20 51
32 22 34
32 26 47
32 28 9
32 30 47
32 31 53
33 0 46
33 1 55
33 4 41
33 8 41
33 11 11
33 13 21
33 14 12
33 16 44
33 17 35
33 19 7
33 25 16
33 26 12
33 28 33
33 29 47
33 30 1
34 0 3
34 1 37
34 3 15
34 7 28
34 9 39
34 10 18
34 12 11
34 13 10
34 16 1
34 18 35
34 20 2
34 21 20
34 23 26
34 26 45
34 28 47
34 29 41
34 30 5
34 32 46
35 3 42
35 6 48
35 9 10
35 10 5
35 11 53
35 12 55
35 13 6
35 15 52
35 16 20
35 21 40
35 23 14
35 26 10
35 28 41
35 29 31
35 30 54
35 33 16
35 34 34
36 0 38
36 2 16
36 4 20
36 5 36
36 6 31
36 8 14
36 11 33
36 13 52
36 14 20
36 15 50
36 18 28
36 20 17
36 21 35
36 22 13
36 25 54
36 26 12
36 27 26
36 28 43
36 29 6
36 30 50
36 33 31
36 34 23
36 35 7
37 2 14
37 4 51
37 7 28
37 8 7
37 9 50
37 10 4
37 15 5
37 19 6
37 21 17
37 23 20
37 24 30
37 25 6
37 27 15
37 28 35
37 30 7
37 31 45
37 33 16
37 34 44
38 0 18
38 1 13
38 2 50
38 4 47
38 5 25
38 8 7
38 11 39
38 14 1
38 15 37
38 16 13
38 17 20
38 18 43
38 19 20
38 20 1
38 23 44
38 24 35
38 26 1
38 28 14
38 32 40
38 34 25
38 35 15
39 1 54
39 2 7
39 4 53
39 8 44
39 9 44
39 11 27
39 12 16
39 13 28
39 14 45
39 17 40
39 18 31
39 19 29
39 21 47
39 22 39
39 23 21
39 24 3
39 25 38
39 26 8
39 27 2
39 30 9
39 35 1
39 38 27
40 2 50
40 4 53
40 10 52
40 13 6
40 14 29
40 15 3
40 17 11
40 18 28
40 23 22
40 24 11
40 26 28
40 27 17
40 29 43
40 30 23
40 31 28
40 32 37
40 35 36
40 36 9
41 0 44
41 5 20
41 6 18
41 8 20
41 9 6
41 11 3
41 12 54
41 14 46
41 15 11
41 17 39
41 18 15
41 23 18
41 24 53
41 25 43
41 27 22
41 28 28
41 31 30
41 34 2
41 35 42
41 36 25
41 38 37
41 39 1
42 0 48
42 1 5
42 2 9
42 4 17
42 5 9
42 9 23
42 11 31
42 13 23
42 17 29
42 18 21
42 22 3
42 23 12
42 25 35
42 29 17
42 30 7
42 31 4
42 32 27
42 33 38
42 39 19
42 40 36
43 1 13
43 4 51
43 7 1
43 10 1
43 12 29
43 13 47
43 14 34
43 19 27
43 20 3
43 21 5
43 22 15
43 24 14
43 25 27
43 27 18
43 28 28
43 31 44
43 32 49
43 35 31
43 36 5
43 37 6
43 39 13
43 41 14
44 1 21
44 4 33
44 5 22
44 6 31
44 9 5
44 10 1
44 13 12
44 18 14
44 20 13
44 21 46
44 22 49
44 25 13
44 28 13
44 30 2
44 31 1
44 33 15
44 36 21
44 41 21
45 0 27
45 1 29
45 7 17
45 8 50
45 10 5
45 14 38
45 15 13
45 20 11
45 23 45
45 25 16
45 27 10
45 29 44
45 30 46
45 31 37
45 35 27
45 36 9
45 38 29
45 40 42
45 43 7
46 1 32
46 2 4
46 4 32
46 5 17
46 6 52
46 9 19
46 10 6
46 12 50
46 14 27
46 17 26
46 18 38
46 19 16
46 21 5
46 22 2
46 23 35
46 26 29
46 34 27
46 35 1
46 36 45
46 38 2
46 39 3
46 41 38
46 43 51
47 6 49
47 7 27
47 8 53
47 11 39
47 12 32
47 13 19
47 14 5
47 15 6
47 19 45
47 22 41
47 23 11
47 24 44
47 25 3
47 26 55
47 27 30
47 31 7
47 33 8
47 36 23
47 37 31
47 39 19
47 42 14
47 43 1
47 44 11
48 1 12
48 2 54
48 3 17
48 4 31
48 5 8
48 8 22
48 9 14
48 11 54
48 13 41
48 14 46
48 15 37
48 17 44
48 18 16
48 20 20
48 24 15
48 25 11
48 28 27
48 29 23
48 30 19
48 31 30
48 33 28
48 34 50
48 38 20
48 39 16
48 41 30
48 42 25
48 43 27
49 1 35
49 2 49
49 4 41
49 5 33
49 6 14
49 10 33
49 11 18
49 12 32
49 13 4
49 14 45
49 15 19
49 17 8
49 18 28
49 21 20
49 25 49
49 27 22
49 30 21
49 31 31
49 34 2
49 35 25
49 44 39
49 48 4
50 1 53
50 6 32
50 8 11
50 10 16
50 12 55
50 14 52
50 16 55
50 17 44
50 18 25
50 21 30
50 22 48
50 24 10
50 29 8
50 30 9
50 31 14
50 33 48
50 34 13
50 37 48
50 39 52
50 40 7
50 45 41
50 46 22
50 49 7
51 0 2
51 1 2
51 2 29
51 3 16
51 6 1
51 8 27
51 9 19
51 11 5
51 15 47
51 16 29
51 20 10
51 23 23
51 26 30
51 27 2
51 28 14
51 29 8
51 32 55
51 33 48
51 34 31
51 36 34
51 37 22
51 40 36
51 41 30
51 42 2
51 43 41
51 45 25
51 49 50
51 50 43
52 0 49
52 5 21
52 7 27
52 8 52
52 9 2
52 13 47
52 14 51
52 15 26
52 20 9
52 22 33
52 23 43
52 25 14
52 26 17
52 27 42
52 30 46
52 31 21
52 33 55
52 34 1
52 37 43
52 38 18
52 39 2
52 41 45
52 45 30
52 46 19
52 48 28
53 0 36
53 2 16
53 4 47
53 5 50
53 7 19
53 8 42
53 11 34
53 13 2
53 15 16
53 16 23
53 20 52
53 26 21
53 28 19
53 29 39
53 30 30
53 32 2
53 33 40
53 35 29
53 37 49
53 41 44
53 42 31
53 43 51
53 44 22
53 46 40
53 47 25
53 49 2
53 50 37
54 1 35
54 4 6
54 5 19
54 6 27
54 7 9
54 8 36
54 12 15
54 13 41
54 15 19
54 17 41
54 19 22
54 25 9
54 26 43
54 31 25
54 33 47
54 35 8
54 36 15
54 39 32
54 42 7
54 43 42
54 45 53
54 47 46
54 49 43
54 50 41
54 52 52
54 53 37
55 2 13
55 3 35
55 4 28
55 6 34
55 9 46
55 11 45
55 13 36
55 14 1
55 17 55
55 18 45
55 24 35
55 26 52
55 30 42
55 33 49
55 34 51
55 38 16
55 39 2
55 40 16
55 47 17
55 51 28
55 54 46
56 0 44
56 3 36
56 4 8
56 5 27
56 6 18
56 7 32
56 8 35
56 9 27
56 10 3
56 14 12
56 16 1
56 17 45
56 18 29
56 19 51
56 21 15
56 22 21
56 23 12
56 24 53
56 26 34
56 27 35
56 31 10
56 32 21
56 33 4
56 34 17
56 35 21
56 36 53
56 38 15
56 39 16
56 40 38
56 41 30
56 42 50
56 44 17
56 45 10
56 48 24
56 49 42
56 52 16
56 53 49
56 54 26
56 55 2
57 3 8
57 4 37
57 5 26
57 9 29
57 11 21
57 12 23
57 13 2
57 14 5
57 16 45
57 17 11
57 19 24
57 20 26
57 21 29
57 22 31
57 23 35
57 26 23
57 27 9
57 33 5
57 34 14
57 36 53
57 39 19
57 41 27
57 44 19
57 45 45
57 46 16
57 50 50
57 51 39
57 52 26
57 54 1
57 55 38
57 56 22
58 2 31
58 3 18
58 4 3
58 6 53
58 9 13
58 10 27
58 13 3
58 14 7
58 16 29
58 21 49
58 22 26
58 23 5
58 25 48
58 30 54
58 31 33
58 32 28
58 34 28
58 36 40
58 38 49
58 39 2
58 40 29
58 41 12
58 42 28
58 43 15
58 47 43
58 53 53
58 54 27
58 56 43
58 57 5
59 0 50
59 1 41
59 3 12
59 8 25
59 16 27
59 17 36
59 20 30
59 21 18
59 23 43
59 27 52
59 28 30
59 29 18
59 30 8
59 32 45
59 34 52
59 35 21
59 37 7
59 38 22
59 39 29
59 43 48
59 47 22
59 49 33
59 54 41
59 55 52
59 56 55
59 58 8
