32
2 0 1
3 0 1
4 2 1
4 3 1
5 0 1
5 2 1
6 1 1
6 3 1
7 0 1
7 2 1
7 4 1
7 5 1
8 1 1
8 3 1
8 4 1
8 5 1
8 6 1
8 7 1
9 2 1
9 5 1
9 6 1
9 7 1
10 1 1
10 2 1
10 5 1
10 8 1
10 9 1
11 1 1
11 3 1
11 5 1
11 6 1
11 7 1
11 9 1
12 0 1
12 3 1
12 4 1
12 5 1
12 7 1
12 8 1
12 9 1
12 10 1
12 11 1
13 0 1
13 2 1
13 7 1
13 10 1
14 1 1
14 3 1
14 4 1
14 5 1
14 6 1
14 8 1
14 10 1
14 11 1
14 12 1
14 13 1
15 4 1
15 5 1
15 8 1
15 11 1
16 4 1
16 5 1
16 6 1
16 7 1
16 8 1
16 10 1
16 11 1
16 15 1
17 0 1
17 6 1
17 7 1
17 14 1
17 15 1
17 16 1
18 1 1
18 2 1
18 3 1
18 4 1
18 6 1
18 7 1
18 8 1
18 9 1
18 10 1
18 12 1
18 13 1
18 15 1
19 1 1
19 2 1
19 4 1
19 9 1
19 10 1
19 12 1
19 13 1
19 15 1
19 16 1
19 18 1
20 1 1
20 2 1
20 3 1
20 5 1
20 8 1
20 10 1
20 14 1
20 18 1
21 1 1
21 4 1
21 6 1
21 7 1
21 12 1
21 13 1
21 14 1
21 15 1
21 16 1
21 17 1
21 18 1
21 19 1
22 0 1
22 3 1
22 4 1
22 7 1
22 11 1
22 13 1
22 14 1
22 15 1
22 16 1
22 17 1
22 18 1
22 19 1
22 21 1
23 1 1
23 2 1
23 3 1
23 4 1
23 5 1
23 6 1
23 8 1
23 9 1
23 13 1
23 15 1
23 16 1
23 20 1
23 21 1
24 0 1
24 1 1
24 2 1
24 4 1
24 5 1
24 6 1
24 7 1
24 8 1
24 10 1
24 11 1
24 12 1
24 15 1
24 19 1
24 20 1
25 1 1
25 2 1
25 3 1
25 7 1
25 11 1
25 19 1
25 20 1
25 21 1
26 0 1
26 2 1
26 5 1
26 6 1
26 7 1
26 9 1
26 10 1
26 11 1
26 12 1
26 13 1
26 14 1
26 15 1
26 18 1
26 19 1
26 22 1
26 23 1
26 24 1
26 25 1
27 0 1
27 3 1
27 8 1
27 9 1
27 10 1
27 11 1
27 12 1
27 13 1
27 17 1
27 19 1
27 20 1
27 22 1
27 24 1
28 3 1
28 4 1
28 6 1
28 7 1
28 10 1
28 13 1
28 14 1
28 17 1
28 20 1
28 25 1
29 1 1
29 3 1
29 4 1
29 5 1
29 7 1
29 8 1
29 10 1
29 11 1
29 14 1
29 16 1
29 18 1
29 23 1
29 24 1
29 25 1
29 26 1
29 28 1
30 0 1
30 3 1
30 5 1
30 6 1
30 10 1
30 12 1
30 16 1
30 17 1
30 18 1
30 19 1
30 20 1
30 21 1
30 23 1
30 25 1
30 28 1
30 29 1
31 4 1
31 5 1
31 7 1
31 8 1
31 11 1
31 14 1
31 17 1
31 18 1
31 20 1
31 21 1
31 22 1
31 24 1
31 28 1
31 30 1
