45
1 0 18
2 1 21
3 0 18
3 1 7
3 2 12
4 2 22
4 3 22
5 0 36
5 3 16
5 4 27
6 0 20
6 2 20
6 3 2
7 1 5
7 6 20
8 0 4
8 1 8
8 6 34
8 7 26
9 1 1
9 2 12
9 4 20
9 5 30
10 2 33
10 6 22
10 7 12
10 8 28
11 1 29
11 3 28
11 4 4
11 6 12
11 7 15
11 8 1
12 0 34
12 1 10
12 2 15
12 3 39
12 7 8
12 8 34
12 9 8
12 10 2
13 4 37
13 5 3
13 10 16
13 12 4
14 0 16
14 1 24
14 4 14
14 8 9
14 10 27
14 11 32
14 12 7
14 13 32
15 0 4
15 3 34
15 4 33
15 6 2
15 7 39
15 9 18
15 10 2
15 12 11
15 13 18
15 14 24
16 2 4
16 3 8
16 5 22
16 7 8
16 8 21
16 10 18
16 12 32
16 14 9
16 15 31
17 0 20
17 2 14
17 8 38
17 9 3
17 15 1
17 16 23
18 0 19
18 2 11
18 6 18
18 7 27
18 8 25
18 9 7
18 11 33
18 12 25
18 13 16
18 16 25
18 17 27
19 0 18
19 1 34
19 2 29
19 3 8
19 4 7
19 8 25
19 10 12
19 14 32
19 17 34
19 18 24
20 4 27
20 6 10
20 8 32
20 10 36
20 11 33
20 12 4
20 13 37
20 15 4
20 17 23
20 18 34
21 3 30
21 5 20
21 6 29
21 7 28
21 9 10
21 13 22
21 16 6
21 17 18
22 0 16
22 1 28
22 5 24
22 8 36
22 9 28
22 11 32
22 12 9
22 14 17
22 18 23
22 19 25
23 0 21
23 4 2
23 5 1
23 6 16
23 7 28
23 13 31
23 14 28
23 15 38
23 17 17
23 19 10
23 22 36
24 4 30
24 5 31
24 7 22
24 9 2
24 11 35
24 13 10
24 15 33
24 18 33
24 20 25
24 21 39
25 0 36
25 2 13
25 4 24
25 5 3
25 6 20
25 8 11
25 9 29
25 10 1
25 12 4
25 15 39
25 16 24
25 17 6
25 20 32
25 23 3
26 1 33
26 3 20
26 5 21
26 6 10
26 7 8
26 8 25
26 9 33
26 10 31
26 11 23
26 12 1
26 13 15
26 14 39
26 17 6
26 18 25
26 21 30
26 23 24
26 25 6
27 0 4
27 4 12
27 8 6
27 11 25
27 12 27
27 14 34
27 17 11
27 19 4
27 21 25
27 22 25
27 23 22
27 24 4
28 1 35
28 2 1
28 3 19
28 4 4
28 6 7
28 7 13
28 10 34
28 12 36
28 13 35
28 15 5
28 16 35
28 20 35
28 21 22
28 23 30
28 24 16
28 25 36
28 27 8
29 0 2
29 1 11
29 3 17
29 5 16
29 6 27
29 7 3
29 8 1
29 9 21
29 11 35
29 16 14
29 17 7
29 18 8
29 19 4
29 20 21
29 23 24
29 26 20
30 4 36
30 6 7
30 7 25
30 8 14
30 10 15
30 11 26
30 13 19
30 14 2
30 15 36
30 18 5
30 19 33
30 20 32
30 21 10
30 24 39
30 25 23
30 26 31
30 29 25
31 0 36
31 1 14
31 3 8
31 4 16
31 5 1
31 6 22
31 7 4
31 8 28
31 9 18
31 10 6
31 11 32
31 12 27
31 14 10
31 19 30
31 20 28
31 22 32
31 23 6
31 28 1
32 2 31
32 3 9
32 4 37
32 7 32
32 8 17
32 9 16
32 10 23
32 11 1
32 12 32
32 14 30
32 15 2
32 17 18
32 20 32
32 21 2
32 22 22
32 27 4
32 30 19
32 31 35
33 0 17
33 2 23
33 9 26
33 10 38
33 14 35
33 16 21
33 17 21
33 18 19
33 19 11
33 21 5
33 24 36
33 27 16
33 29 35
33 30 5
33 31 12
33 32 37
34 0 34
34 1 17
34 2 25
34 6 27
34 7 8
34 13 33
34 14 3
34 15 25
34 18 25
34 19 38
34 20 18
34 22 6
34 24 12
34 27 26
34 29 22
34 31 25
34 33 29
35 0 14
35 3 8
35 8 31
35 10 23
35 11 1
35 12 22
35 13 1
35 17 37
35 19 11
35 21 38
35 22 38
35 23 27
35 24 5
35 25 13
35 26 8
35 27 14
35 28 25
35 30 3
35 32 9
35 34 20
36 1 29
36 6 34
36 7 24
36 9 1
36 12 38
36 13 23
36 18 25
36 19 9
36 20 28
36 21 3
36 27 25
36 32 11
36 33 2
36 34 15
37 1 12
37 2 8
37 3 19
37 4 8
37 5 4
37 7 9
37 10 10
37 11 30
37 12 29
37 13 14
37 15 21
37 18 23
37 19 3
37 23 15
37 24 9
37 26 33
37 29 9
37 30 30
37 36 29
38 2 17
38 3 10
38 4 15
38 5 10
38 9 19
38 14 1
38 17 20
38 19 35
38 25 33
38 28 2
38 29 35
38 32 3
39 1 2
39 2 33
39 4 6
39 5 14
39 14 20
39 15 7
39 16 6
39 17 18
39 19 27
39 20 23
39 22 11
39 23 14
39 24 2
39 25 30
39 29 35
39 31 24
39 35 26
39 36 1
39 37 23
40 0 13
40 1 22
40 2 7
40 4 21
40 5 24
40 8 18
40 11 39
40 12 1
40 14 38
40 18 38
40 19 38
40 20 39
40 23 35
40 25 27
40 28 5
40 30 32
40 37 21
40 38 23
41 1 13
41 2 9
41 3 38
41 4 37
41 5 28
41 7 3
41 8 36
41 15 31
41 16 14
41 17 4
41 19 39
41 21 37
41 22 36
41 26 21
41 27 32
41 28 16
41 30 11
41 33 10
41 38 17
41 39 32
42 0 38
42 2 8
42 3 4
42 6 33
42 10 21
42 11 16
42 13 10
42 14 19
42 20 6
42 21 38
42 23 17
42 27 2
42 29 21
42 30 13
42 31 25
42 32 39
42 34 1
42 36 1
42 37 34
42 38 5
42 41 20
43 0 19
43 1 4
43 2 37
43 5 16
43 6 33
43 8 38
43 9 21
43 10 29
43 12 6
43 14 37
43 18 5
43 19 15
43 21 9
43 25 12
43 27 8
43 28 10
43 31 39
43 32 39
43 35 26
43 41 5
43 42 2
44 0 34
44 1 13
44 6 9
44 8 30
44 9 30
44 10 33
44 13 33
44 17 11
44 20 29
44 22 7
44 23 21
44 24 37
44 26 30
44 29 8
44 32 13
44 33 10
44 37 35
44 40 20
44 41 29
44 42 5
44 43 15
