63
2 1 62
4 0 23
4 1 28
4 2 40
5 1 10
5 2 29
6 0 42
6 2 26
6 4 39
7 1 8
7 2 62
7 3 46
7 4 13
7 6 36
8 1 32
8 2 40
8 5 28
8 6 7
9 2 42
9 5 56
9 6 6
9 7 10
10 3 62
10 5 32
10 7 5
10 9 42
11 2 6
11 4 21
11 5 61
11 6 26
11 10 59
12 0 32
12 2 32
12 5 5
12 6 39
12 7 22
12 9 57
12 11 31
13 1 10
13 4 20
13 6 41
13 7 5
13 8 61
13 9 37
13 11 54
13 12 18
14 0 16
14 1 62
14 2 41
14 5 4
14 7 5
15 1 55
15 3 55
15 4 28
15 6 15
15 8 41
15 12 17
16 0 22
16 1 38
16 3 20
16 5 32
16 6 56
16 7 20
16 8 58
16 10 24
16 12 42
16 14 61
17 0 58
17 1 44
17 3 29
17 7 58
17 9 35
17 10 6
17 12 24
17 13 20
17 15 59
18 1 30
18 2 22
18 4 61
18 6 15
18 8 48
18 11 3
18 15 9
18 16 4
18 17 53
19 0 9
19 1 34
19 2 60
19 4 5
19 7 4
19 9 49
19 10 38
19 12 5
19 15 41
19 16 4
19 17 31
19 18 23
20 0 33
20 1 2
20 2 16
20 3 30
20 4 51
20 5 61
20 7 2
20 9 1
20 11 43
20 12 38
20 14 6
20 15 11
21 0 39
21 3 28
21 7 11
21 14 24
21 19 61
22 0 43
22 1 27
22 2 25
22 4 22
22 6 45
22 8 50
22 9 7
22 12 19
22 16 5
22 18 54
23 0 34
23 1 35
23 2 54
23 3 20
23 6 28
23 7 10
23 8 10
23 9 22
23 10 61
23 15 43
23 16 26
23 17 33
23 19 6
23 21 61
23 22 46
24 4 45
24 5 26
24 6 32
24 7 24
24 8 2
24 12 3
24 13 39
24 17 17
24 20 44
24 23 39
25 1 22
25 2 62
25 4 1
25 5 16
25 7 15
25 9 24
25 10 49
25 11 22
25 12 50
25 15 26
25 16 51
25 17 35
25 18 59
25 19 13
25 21 36
25 22 60
25 23 35
26 3 34
26 5 56
26 7 26
26 8 2
26 9 14
26 11 35
26 12 28
26 21 24
26 23 4
27 1 43
27 2 9
27 4 38
27 6 54
27 7 29
27 11 18
27 13 32
27 14 21
27 19 47
27 22 29
27 26 3
28 0 15
28 3 49
28 5 23
28 6 7
28 10 37
28 11 40
28 14 13
28 16 21
28 19 21
28 21 60
28 23 50
28 25 57
29 0 42
29 1 24
29 4 41
29 5 56
29 6 47
29 8 5
29 11 43
29 12 12
29 14 52
29 15 4
29 16 52
29 19 43
29 20 12
29 22 59
29 24 33
29 26 17
29 28 23
30 0 6
30 2 43
30 5 57
30 7 15
30 8 12
30 10 19
30 12 32
30 13 50
30 14 32
30 15 56
30 17 39
30 21 6
30 22 10
30 26 44
30 29 33
31 0 29
31 1 57
31 2 45
31 3 42
31 5 47
31 6 60
31 7 28
31 9 18
31 11 32
31 12 17
31 14 5
31 16 50
31 18 9
31 19 37
31 20 37
31 22 55
31 23 11
31 26 34
31 28 33
31 29 9
31 30 30
32 2 12
32 7 6
32 12 59
32 13 56
32 15 26
32 16 59
32 17 41
32 20 28
32 21 51
32 22 54
32 23 52
32 24 2
32 25 41
32 26 15
32 30 53
33 1 14
33 2 12
33 3 12
33 6 42
33 7 15
33 8 47
33 9 21
33 10 48
33 12 24
33 13 49
33 17 17
33 18 36
33 19 59
33 20 53
33 22 10
33 24 40
33 25 38
33 30 15
33 31 6
33 32 12
34 1 37
34 2 26
34 4 20
34 5 12
34 9 48
34 12 20
34 14 37
34 15 23
34 18 42
34 19 34
34 20 38
34 21 38
34 22 24
34 27 25
34 28 6
35 0 15
35 1 46
35 2 6
35 4 60
35 5 38
35 6 27
35 10 61
35 11 27
35 16 35
35 17 8
35 19 42
35 21 54
35 22 56
35 23 13
35 24 34
35 25 30
35 26 2
35 27 53
35 28 42
35 32 12
35 33 32
36 0 28
36 1 19
36 6 4
36 8 42
36 9 49
36 10 40
36 11 45
36 12 37
36 13 4
36 15 27
36 18 55
36 20 28
36 21 56
36 22 40
36 24 62
36 26 35
36 31 30
36 32 4
36 33 57
36 35 34
37 1 43
37 2 12
37 3 61
37 4 1
37 7 5
37 10 45
37 12 45
37 13 59
37 15 14
37 16 40
37 17 61
37 20 47
37 22 13
37 23 26
37 25 22
37 26 25
37 28 34
37 32 10
37 33 14
37 35 19
37 36 13
38 0 34
38 1 30
38 2 14
38 6 17
38 8 42
38 11 2
38 12 28
38 16 22
38 17 5
38 20 4
38 22 56
38 25 1
38 26 57
38 27 35
38 28 32
38 29 34
38 31 24
38 34 56
39 0 38
39 2 32
39 4 53
39 8 2
39 9 30
39 10 49
39 11 55
39 12 35
39 13 47
39 14 43
39 17 40
39 18 7
39 21 59
39 22 53
39 24 53
39 27 23
39 29 28
39 30 3
39 31 16
39 33 18
39 34 2
39 36 22
39 37 42
40 3 49
40 4 53
40 9 12
40 10 3
40 12 38
40 13 5
40 14 26
40 17 28
40 18 45
40 23 2
40 24 19
40 25 23
40 26 36
40 29 43
40 30 30
40 31 56
40 35 37
40 38 17
40 39 31
41 5 14
41 6 58
41 7 15
41 9 10
41 12 26
41 14 16
41 17 13
41 18 46
41 22 19
41 23 58
41 25 16
41 26 41
41 27 53
41 28 18
41 29 39
41 31 10
41 32 30
41 33 24
41 37 5
41 38 51
41 40 55
42 0 16
42 1 38
42 4 18
42 5 2
42 7 27
42 10 11
42 11 61
42 12 13
42 14 54
42 15 2
42 16 2
42 20 55
42 23 51
42 24 24
42 25 49
42 27 15
42 29 34
42 31 41
42 32 26
42 33 33
42 34 28
42 35 33
42 36 7
42 38 40
42 39 58
42 40 38
42 41 47
43 1 5
43 2 57
43 4 52
43 5 55
43 6 21
43 8 35
43 9 2
43 12 10
43 13 46
43 15 7
43 16 42
43 18 54
43 27 5
43 29 21
43 30 61
43 31 49
43 32 17
43 34 26
43 35 51
43 38 11
43 41 46
43 42 11
44 1 12
44 2 2
44 4 62
44 6 5
44 7 61
44 8 38
44 9 52
44 10 4
44 11 27
44 13 40
44 14 8
44 19 35
44 21 20
44 22 49
44 24 54
44 26 42
44 31 56
44 34 9
44 35 39
44 36 41
44 40 57
44 41 46
44 42 50
45 0 9
45 4 43
45 6 58
45 11 4
45 12 38
45 15 1
45 16 36
45 18 36
45 19 25
45 20 2
45 21 2
45 22 10
45 29 56
45 32 1
45 34 51
45 35 57
45 36 10
45 38 55
45 42 11
45 43 29
46 1 31
46 6 62
46 7 61
46 9 39
46 11 8
46 12 11
46 18 45
46 19 54
46 20 50
46 21 20
46 22 45
46 23 4
46 25 4
46 28 12
46 29 38
46 30 6
46 31 25
46 33 36
46 34 7
46 36 2
46 39 42
46 42 34
46 44 4
46 45 2
47 0 22
47 1 4
47 2 13
47 5 24
47 6 22
47 10 52
47 12 57
47 18 57
47 19 15
47 21 29
47 22 24
47 23 13
47 25 1
47 28 10
47 39 13
47 40 48
47 41 32
47 44 46
47 46 36
48 1 5
48 5 27
48 6 37
48 8 41
48 9 37
48 11 12
48 12 13
48 13 42
48 16 57
48 18 17
48 19 24
48 20 51
48 21 62
48 22 3
48 23 35
48 24 62
48 25 57
48 26 36
48 29 7
48 30 35
48 33 13
48 36 37
48 37 17
48 38 40
48 40 32
48 42 36
48 45 6
49 1 24
49 5 31
49 6 3
49 7 44
49 8 21
49 9 34
49 14 28
49 17 40
49 18 23
49 21 34
49 22 11
49 25 58
49 28 29
49 29 25
49 34 62
49 36 24
49 42 38
49 44 24
49 45 27
49 47 53
49 48 5
50 0 28
50 3 60
50 6 60
50 7 6
50 10 19
50 13 53
50 14 59
50 19 5
50 22 20
50 23 35
50 25 34
50 26 37
50 28 51
50 30 8
50 32 57
50 36 47
50 37 22
50 38 51
50 39 17
50 42 48
50 43 12
50 46 59
50 47 12
50 48 6
50 49 9
51 0 18
51 3 1
51 6 14
51 10 4
51 12 14
51 13 14
51 15 3
51 16 34
51 18 58
51 19 16
51 20 35
51 23 2
51 24 33
51 26 9
51 32 16
51 34 21
51 36 50
51 38 54
51 40 35
51 41 53
51 43 2
51 44 27
51 46 62
51 48 49
51 50 29
52 0 11
52 1 35
52 2 52
52 3 42
52 5 12
52 7 1
52 10 50
52 13 9
52 14 38
52 15 61
52 16 13
52 17 61
52 18 21
52 21 38
52 24 13
52 25 3
52 26 62
52 29 19
52 30 13
52 31 35
52 32 6
52 36 45
52 37 44
52 38 22
52 41 28
52 42 18
52 43 23
52 44 24
52 45 4
52 46 50
52 47 11
52 48 54
52 51 57
53 1 11
53 2 10
53 5 21
53 6 60
53 10 33
53 14 49
53 15 39
53 16 9
53 18 30
53 20 46
53 24 58
53 26 31
53 29 16
53 34 37
53 37 11
53 39 6
53 40 16
53 46 20
53 47 35
53 48 13
53 49 60
53 51 38
54 0 29
54 2 13
54 5 29
54 6 49
54 7 55
54 8 2
54 17 35
54 19 61
54 20 28
54 21 50
54 25 36
54 28 42
54 30 35
54 31 15
54 32 6
54 34 56
54 35 4
54 40 19
54 41 21
54 42 7
54 44 13
54 46 38
54 50 44
54 52 20
55 1 20
55 2 45
55 3 6
55 4 38
55 6 23
55 7 51
55 9 18
55 12 59
55 14 37
55 15 12
55 17 18
55 20 57
55 23 47
55 25 55
55 26 11
55 31 3
55 33 33
55 37 44
55 40 26
55 46 36
55 47 8
55 50 4
55 51 42
55 54 46
56 0 34
56 2 21
56 3 62
56 5 48
56 8 56
56 9 1
56 11 2
56 12 59
56 13 17
56 16 59
56 18 54
56 20 34
56 23 60
56 25 16
56 27 53
56 29 20
56 33 57
56 34 31
56 39 37
56 43 59
56 45 39
56 50 32
56 53 18
56 55 52
57 0 48
57 1 3
57 2 16
57 4 17
57 5 10
57 6 32
57 7 20
57 10 12
57 13 39
57 14 48
57 15 52
57 16 45
57 18 31
57 20 37
57 21 48
57 22 23
57 23 41
57 24 42
57 26 8
57 27 58
57 28 18
57 30 19
57 31 55
57 34 5
57 35 36
57 38 56
57 41 28
57 42 45
57 43 41
57 45 13
57 46 50
57 47 51
57 49 16
57 50 25
57 52 43
57 55 42
58 0 43
58 1 40
58 2 47
58 8 7
58 9 5
58 12 41
58 15 51
58 16 27
58 19 35
58 24 11
58 26 40
58 29 6
58 31 43
58 33 57
58 34 50
58 35 45
58 36 30
58 44 18
58 47 3
58 50 5
58 51 14
58 53 5
58 54 54
58 55 14
58 56 53
58 57 3
59 0 32
59 6 39
59 7 49
59 8 40
59 9 5
59 10 30
59 11 28
59 13 1
59 14 13
59 16 8
59 23 54
59 24 47
59 26 26
59 28 21
59 29 21
59 31 23
59 32 4
59 33 62
59 34 21
59 35 6
59 36 17
59 37 48
59 39 19
59 44 46
59 45 25
59 46 37
59 47 59
59 49 27
59 52 53
59 56 6
59 57 14
60 3 35
60 4 48
60 7 21
60 8 37
60 11 19
60 12 53
60 13 46
60 14 17
60 15 19
60 16 49
60 20 31
60 23 41
60 28 58
60 29 41
60 30 55
60 31 2
60 34 30
60 40 50
60 41 45
60 42 11
60 48 41
60 57 13
60 59 1
61 0 40
61 3 38
61 4 54
61 5 5
61 7 43
61 8 14
61 11 17
61 13 1
61 16 12
61 17 57
61 18 40
61 20 23
61 22 57
61 23 50
61 27 16
61 29 24
61 31 41
61 33 21
61 35 6
61 38 51
61 39 11
61 41 27
61 42 28
61 43 52
61 44 21
61 45 51
61 46 18
61 47 55
61 48 7
61 49 23
61 50 59
61 51 3
61 52 31
61 55 11
61 60 47
62 1 12
62 2 23
62 6 35
62 8 12
62 10 41
62 11 62
62 13 55
62 15 19
62 16 12
62 17 51
62 18 7
62 20 7
62 21 38
62 22 60
62 24 4
62 26 19
62 27 31
62 28 57
62 30 49
62 31 13
62 37 38
62 40 54
62 41 30
62 42 62
62 44 60
62 47 42
62 48 20
62 52 10
62 55 8
62 57 22
62 59 45
62 60 48
