37
1 0 24
2 0 17
2 1 58
3 0 38
3 1 42
3 2 35
4 0 20
4 1 55
4 2 18
4 3 12
5 0 24
5 1 58
5 2 28
5 3 32
5 4 25
6 0 49
6 1 22
6 2 7
6 3 38
6 4 12
6 5 32
7 0 22
7 1 27
7 2 60
7 3 31
7 4 4
7 5 50
7 6 32
8 0 7
8 1 51
8 2 60
8 3 10
8 4 40
8 5 18
8 6 39
8 7 50
9 0 2
9 1 27
9 2 48
9 3 33
9 4 40
9 5 49
9 6 14
9 7 9
9 8 40
10 0 27
10 1 23
10 2 35
10 3 41
10 4 18
10 5 37
10 6 44
10 7 2
10 8 1
10 9 39
11 0 29
11 1 42
11 2 12
11 3 28
11 4 24
11 5 46
11 6 24
11 7 47
11 8 25
11 9 28
11 10 27
12 0 17
12 1 26
12 2 5
12 3 7
12 4 54
12 5 26
12 6 22
12 7 3
12 8 51
12 9 50
12 10 54
12 11 20
13 0 21
13 1 59
13 2 58
13 3 25
13 4 15
13 5 7
13 6 42
13 7 6
13 8 42
13 9 14
13 10 26
13 11 43
13 12 2
14 0 27
14 1 44
14 2 57
14 3 7
14 4 3
14 5 29
14 6 45
14 7 60
14 8 18
14 9 54
14 10 15
14 11 41
14 12 37
14 13 24
15 0 53
15 1 8
15 2 30
15 3 52
15 4 51
15 5 5
15 6 47
15 7 25
15 8 41
15 9 8
15 10 44
15 11 1
15 12 42
15 13 9
15 14 9
16 0 17
16 1 27
16 2 6
16 3 29
16 4 35
16 5 32
16 6 45
16 7 43
16 8 10
16 9 22
16 10 50
16 11 28
16 12 39
16 13 38
16 14 40
16 15 25
17 0 40
17 1 48
17 2 18
17 3 22
17 4 9
17 5 42
17 6 44
17 7 7
17 8 21
17 9 4
17 10 39
17 11 16
17 12 60
17 13 40
17 14 54
17 15 32
17 16 7
18 0 18
18 1 27
18 2 10
18 3 7
18 4 48
18 5 44
18 6 35
18 7 20
18 8 53
18 9 29
18 10 18
18 11 24
18 12 32
18 13 38
18 14 45
18 15 42
18 16 59
18 17 41
19 0 37
19 1 58
19 2 49
19 3 40
19 4 47
19 5 52
19 6 34
19 7 46
19 8 56
19 9 1
19 10 59
19 11 3
19 12 27
19 13 51
19 14 35
19 15 54
19 16 16
19 17 6
19 18 18
20 0 9
20 1 37
20 2 5
20 3 37
20 4 3
20 5 55
20 6 58
20 7 58
20 8 21
20 9 22
20 10 27
20 11 41
20 12 27
20 13 41
20 14 53
20 15 42
20 16 12
20 17 28
20 18 43
20 19 36
21 0 42
21 1 46
21 2 31
21 3 1
21 4 33
21 5 56
21 6 10
21 7 17
21 8 59
21 9 58
21 10 8
21 11 50
21 12 3
21 13 50
21 14 32
21 15 49
21 16 54
21 17 24
21 18 38
21 19 56
21 20 28
22 0 8
22 1 4
22 2 26
22 3 30
22 4 33
22 5 42
22 6 43
22 7 27
22 8 4
22 9 4
22 10 8
22 11 51
22 12 58
22 13 48
22 14 44
22 15 7
22 16 17
22 17 25
22 18 18
22 19 49
22 20 8
22 21 24
23 0 38
23 1 4
23 2 33
23 3 35
23 4 2
23 5 22
23 6 3
23 7 58
23 8 46
23 9 12
23 10 21
23 11 45
23 12 21
23 13 7
23 14 1
23 15 10
23 16 20
23 17 5
23 18 57
23 19 16
23 20 4
23 21 29
23 22 2
24 0 52
24 1 8
24 2 57
24 3 21
24 4 16
24 5 48
24 6 52
24 7 34
24 8 25
24 9 42
24 10 16
24 11 47
24 12 42
24 13 22
24 14 34
24 15 44
24 16 33
24 17 22
24 18 9
24 19 2
24 20 23
24 21 25
24 22 52
24 23 59
25 0 45
25 1 26
25 2 3
25 3 16
25 4 36
25 5 31
25 6 31
25 7 14
25 8 8
25 9 22
25 10 29
25 11 50
25 12 35
25 13 25
25 14 41
25 15 20
25 16 49
25 17 8
25 18 60
25 19 24
25 20 43
25 21 43
25 22 13
25 23 7
25 24 50
26 0 30
26 1 4
26 2 7
26 3 29
26 4 46
26 5 16
26 6 46
26 7 28
26 8 34
26 9 27
26 10 13
26 11 8
26 12 2
26 13 21
26 14 45
26 15 15
26 16 6
26 17 15
26 18 32
26 19 12
26 20 36
26 21 45
26 22 2
26 23 11
26 24 16
26 25 32
27 0 27
27 1 37
27 2 7
27 3 20
27 4 58
27 5 52
27 6 5
27 7 40
27 8 49
27 9 52
27 10 59
27 11 40
27 12 18
27 13 40
27 14 15
27 15 14
27 16 18
27 17 27
27 18 56
27 19 37
27 20 58
27 21 51
27 22 50
27 23 35
27 24 39
27 25 36
27 26 52
28 0 13
28 1 4
28 2 48
28 3 7
28 4 57
28 5 29
28 6 18
28 7 59
28 8 6
28 9 26
28 10 4
28 11 26
28 12 23
28 13 54
28 14 28
28 15 20
28 16 59
28 17 30
28 18 44
28 19 16
28 20 3
28 21 38
28 22 29
28 23 34
28 24 57
28 25 52
28 26 22
28 27 4
29 0 26
29 1 4
29 2 52
29 3 4
29 4 42
29 5 55
29 6 23
29 7 32
29 8 54
29 9 47
29 10 22
29 11 25
29 12 33
29 13 18
29 14 5
29 15 38
29 16 8
29 17 57
29 18 6
29 19 5
29 20 28
29 21 30
29 22 58
29 23 54
29 24 59
29 25 15
29 26 11
29 27 34
29 28 47
30 0 8
30 1 49
30 2 42
30 3 10
30 4 38
30 5 17
30 6 42
30 7 3
30 8 25
30 9 59
30 10 35
30 11 21
30 12 39
30 13 53
30 14 26
30 15 28
30 16 19
30 17 28
30 18 40
30 19 8
30 20 38
30 21 19
30 22 47
30 23 31
30 24 57
30 25 18
30 26 16
30 27 20
30 28 18
30 29 26
31 0 12
31 1 9
31 2 38
31 3 31
31 4 13
31 5 18
31 6 25
31 7 17
31 8 11
31 9 8
31 10 6
31 11 37
31 12 44
31 13 25
31 14 43
31 15 13
31 16 20
31 17 4
31 18 26
31 19 32
31 20 53
31 21 41
31 22 60
31 23 3
31 24 31
31 25 27
31 26 16
31 27 5
31 28 33
31 29 28
31 30 27
32 0 45
32 1 35
32 2 26
32 3 30
32 4 58
32 5 3
32 6 20
32 7 60
32 8 5
32 9 7
32 10 40
32 11 22
32 12 11
32 13 12
32 14 7
32 15 11
32 16 44
32 17 55
32 18 51
32 19 8
32 20 7
32 21 6
32 22 55
32 23 46
32 24 32
32 25 15
32 26 16
32 27 59
32 28 55
32 29 19
32 30 29
32 31 2
33 0 7
33 1 60
33 2 8
33 3 35
33 4 31
33 5 49
33 6 29
33 7 50
33 8 35
33 9 36
33 10 54
33 11 55
33 12 9
33 13 15
33 14 6
33 15 8
33 16 41
33 17 44
33 18 17
33 19 39
33 20 21
33 21 2
33 22 35
33 23 36
33 24 60
33 25 60
33 26 27
33 27 56
33 28 21
33 29 48
33 30 5
33 31 27
33 32 41
34 0 9
34 1 43
34 2 37
34 3 16
34 4 35
34 5 30
34 6 22
34 7 3
34 8 27
34 9 29
34 10 51
34 11 24
34 12 22
34 13 34
34 14 50
34 15 52
34 16 29
34 17 44
34 18 18
34 19 25
34 20 27
34 21 52
34 22 23
34 23 30
34 24 14
34 25 45
34 26 38
34 27 46
34 28 8
34 29 21
34 30 21
34 31 38
34 32 31
34 33 20
35 0 32
35 1 44
35 2 11
35 3 27
35 4 27
35 5 59
35 6 33
35 7 12
35 8 6
35 9 57
35 10 41
35 11 53
35 12 55
35 13 31
35 14 11
35 15 6
35 16 44
35 17 25
35 18 34
35 19 9
35 20 31
35 21 38
35 22 5
35 23 57
35 24 29
35 25 3
35 26 42
35 27 26
35 28 1
35 29 55
35 30 30
35 31 36
35 32 48
35 33 44
35 34 31
36 0 26
36 1 37
36 2 51
36 3 7
36 4 47
36 5 38
36 6 46
36 7 8
36 8 30
36 9 49
36 10 2
36 11 31
36 12 41
36 13 14
36 14 3
36 15 15
36 16 46
36 17 9
36 18 25
36 19 38
36 20 39
36 21 6
36 22 28
36 23 21
36 24 30
36 25 31
36 26 4
36 27 49
36 28 25
36 29 35
36 30 6
36 31 44
36 32 29
36 33 16
36 34 52
36 35 56
