68
1 0 44
3 1 17
4 0 9
4 2 8
5 0 22
5 1 16
5 2 67
5 3 4
5 4 34
6 4 9
7 1 44
7 4 27
7 5 62
7 6 44
8 5 55
8 6 29
8 7 32
9 0 29
9 3 42
9 5 14
9 6 52
10 0 3
10 2 61
10 4 25
10 5 27
10 7 35
11 1 28
11 5 57
11 6 63
11 8 47
11 9 41
11 10 63
12 1 41
12 2 62
12 9 47
12 10 4
12 11 52
13 4 64
13 6 45
13 7 16
13 10 7
14 4 43
14 5 39
14 6 56
14 7 51
14 8 31
14 11 24
14 12 33
15 1 24
15 2 50
15 4 60
15 5 5
15 6 28
15 8 48
15 11 23
15 12 53
15 13 39
16 0 36
16 1 20
16 2 54
16 3 14
16 7 23
16 10 15
16 13 60
16 15 39
17 0 42
17 1 28
17 4 5
17 6 19
17 7 24
17 9 13
17 10 18
17 12 64
17 13 7
17 16 42
18 5 38
18 8 20
18 11 48
18 12 4
18 15 7
19 1 39
19 2 39
19 5 60
19 6 44
19 7 66
19 11 16
19 12 36
19 13 12
19 14 51
19 15 25
20 3 7
20 4 37
20 6 26
20 9 12
20 13 53
20 15 6
20 16 22
21 1 41
21 3 21
21 4 6
21 6 64
21 7 29
21 9 16
21 10 20
21 11 28
21 12 4
21 13 3
21 14 50
21 15 16
21 18 53
21 19 31
22 0 8
22 1 67
22 11 45
22 16 4
22 17 47
22 18 13
22 19 48
22 21 31
23 0 19
23 3 34
23 5 68
23 6 43
23 7 64
23 8 10
23 11 60
23 12 43
23 14 29
23 15 67
23 19 5
23 20 25
23 21 18
24 1 22
24 2 42
24 3 55
24 4 37
24 6 40
24 7 12
24 9 45
24 12 58
24 13 17
24 14 52
24 18 60
24 19 4
24 22 1
25 0 60
25 2 9
25 3 69
25 6 18
25 7 44
25 8 47
25 10 11
25 11 12
25 12 49
25 13 67
25 14 43
25 15 38
25 22 53
25 24 49
26 1 8
26 2 54
26 3 8
26 5 18
26 8 62
26 10 65
26 13 27
26 14 6
26 17 8
26 19 63
26 20 68
26 22 69
26 25 49
27 0 2
27 1 13
27 2 61
27 3 42
27 7 60
27 8 40
27 10 37
27 11 14
27 12 14
27 14 30
27 15 18
27 16 14
27 17 3
27 18 30
27 19 9
27 21 39
27 22 23
27 23 59
27 26 61
28 2 12
28 7 69
28 9 30
28 10 21
28 11 41
28 12 61
28 13 39
28 15 10
28 16 51
28 18 37
28 20 64
28 23 46
28 25 12
28 27 35
29 3 34
29 5 61
29 8 22
29 10 53
29 11 6
29 12 34
29 19 2
29 20 52
29 21 1
29 22 54
29 24 64
29 26 67
29 27 14
29 28 37
30 0 56
30 1 56
30 3 50
30 5 64
30 6 52
30 8 14
30 12 16
30 13 50
30 15 6
30 18 47
30 19 44
30 22 68
30 24 25
30 25 65
30 28 13
30 29 16
31 0 53
31 2 35
31 4 67
31 6 63
31 8 59
31 9 46
31 12 52
31 14 5
31 17 52
31 18 49
31 19 7
31 22 38
31 23 43
31 27 18
32 0 65
32 3 19
32 4 34
32 8 60
32 9 7
32 11 54
32 12 42
32 14 48
32 16 44
32 18 26
32 20 51
32 23 40
32 24 25
32 28 32
32 30 56
33 0 1
33 1 16
33 2 52
33 4 33
33 8 60
33 14 53
33 15 3
33 16 3
33 19 11
33 21 31
33 22 50
33 26 14
33 28 6
33 29 45
33 30 45
34 0 10
34 3 43
34 4 21
34 6 45
34 10 37
34 11 39
34 13 13
34 14 42
34 18 68
34 19 25
34 22 46
34 23 69
34 24 50
34 25 33
34 26 26
34 29 12
34 30 30
34 31 6
34 32 55
34 33 10
35 0 5
35 3 53
35 4 35
35 6 29
35 7 51
35 8 31
35 10 17
35 11 49
35 14 35
35 16 58
35 17 40
35 18 57
35 21 68
35 23 24
35 24 64
35 26 57
35 27 18
35 28 36
35 29 3
35 32 14
36 1 10
36 3 17
36 7 18
36 8 1
36 10 69
36 11 39
36 13 23
36 14 43
36 15 11
36 16 16
36 19 4
36 20 52
36 23 28
36 24 36
36 26 11
36 27 39
36 28 24
36 30 39
36 33 68
37 0 43
37 2 32
37 4 14
37 11 36
37 12 26
37 14 65
37 17 67
37 18 41
37 20 43
37 21 18
37 22 16
37 23 18
37 24 26
37 26 44
37 28 17
37 29 61
37 31 19
37 33 1
37 36 31
38 1 48
38 2 26
38 3 45
38 4 45
38 5 68
38 6 1
38 9 28
38 10 16
38 11 18
38 12 45
38 14 42
38 18 6
38 19 46
38 21 10
38 23 65
38 24 57
38 27 9
38 29 56
38 30 53
38 33 38
38 34 10
38 35 9
39 0 7
39 1 1
39 2 17
39 3 7
39 7 6
39 10 39
39 11 52
39 15 19
39 16 24
39 18 43
39 20 37
39 23 29
39 26 7
39 30 35
39 32 38
39 35 37
39 36 15
40 1 54
40 2 31
40 3 41
40 4 65
40 5 14
40 7 41
40 9 3
40 11 15
40 15 60
40 17 52
40 19 52
40 20 30
40 22 37
40 26 17
40 28 62
40 30 28
40 34 55
40 35 57
40 37 15
40 38 60
41 1 26
41 4 33
41 6 4
41 7 18
41 8 6
41 9 65
41 10 45
41 12 34
41 15 50
41 17 65
41 18 20
41 19 52
41 23 7
41 24 36
41 27 23
41 28 61
41 29 22
41 30 13
41 33 28
41 34 35
41 35 34
41 36 34
41 38 5
41 39 36
41 40 25
42 0 33
42 2 25
42 5 1
42 6 30
42 9 42
42 12 51
42 14 8
42 15 59
42 18 4
42 19 43
42 20 3
42 24 25
42 25 53
42 26 55
42 27 12
42 28 32
42 29 32
42 31 67
42 32 36
42 35 45
42 37 62
42 39 21
43 1 20
43 5 61
43 6 37
43 9 39
43 10 63
43 16 16
43 19 46
43 20 15
43 21 33
43 24 53
43 27 31
43 32 65
43 36 66
43 38 55
43 41 56
43 42 61
44 1 13
44 10 26
44 11 11
44 12 30
44 14 64
44 15 14
44 18 17
44 19 16
44 21 50
44 22 57
44 25 9
44 26 34
44 29 22
44 34 15
44 36 52
44 38 21
44 40 26
44 41 58
45 0 36
45 4 38
45 6 30
45 9 10
45 10 7
45 11 5
45 12 25
45 16 6
45 17 14
45 18 30
45 21 29
45 24 55
45 26 47
45 28 24
45 33 48
45 34 29
45 36 1
45 40 39
45 43 46
46 3 35
46 5 46
46 7 21
46 10 24
46 11 36
46 14 27
46 15 18
46 16 54
46 18 61
46 19 24
46 21 52
46 22 35
46 23 52
46 25 10
46 26 1
46 32 18
46 36 25
46 37 66
46 38 30
46 42 7
46 44 44
47 0 10
47 2 53
47 3 7
47 4 7
47 5 4
47 7 5
47 8 7
47 9 11
47 10 48
47 11 53
47 13 2
47 15 50
47 16 55
47 17 50
47 20 40
47 21 13
47 22 15
47 24 25
47 25 24
47 26 65
47 28 50
47 30 59
47 32 49
47 34 47
47 37 64
47 40 32
47 41 65
47 42 55
48 0 52
48 1 31
48 5 12
48 6 69
48 7 57
48 8 58
48 9 67
48 10 6
48 12 24
48 14 4
48 15 63
48 17 5
48 18 10
48 20 61
48 22 53
48 24 35
48 25 1
48 26 13
48 28 46
48 29 67
48 31 18
48 33 43
48 35 3
48 36 53
48 37 25
48 39 11
48 40 53
48 41 7
48 45 10
48 46 23
49 0 55
49 2 10
49 3 46
49 5 40
49 7 67
49 8 32
49 12 10
49 13 22
49 14 34
49 15 51
49 16 7
49 21 55
49 23 14
49 24 59
49 26 61
49 28 10
49 29 2
49 32 23
49 34 7
49 38 58
49 40 56
49 41 1
49 43 29
49 46 5
50 0 47
50 2 14
50 3 57
50 7 64
50 8 1
50 11 41
50 14 10
50 15 62
50 16 22
50 21 7
50 24 41
50 28 52
50 29 59
50 31 33
50 32 69
50 33 58
50 35 21
50 37 40
50 40 42
50 41 31
50 42 38
50 43 6
50 48 20
50 49 27
51 4 35
51 5 49
51 7 25
51 9 23
51 10 50
51 11 7
51 12 68
51 13 12
51 14 5
51 15 42
51 20 49
51 21 47
51 23 52
51 24 2
51 27 6
51 28 59
51 29 8
51 30 19
51 32 39
51 33 26
51 34 6
51 35 15
51 37 47
51 41 44
51 42 30
51 44 49
51 45 64
51 46 11
51 47 1
51 49 46
51 50 49
52 0 3
52 1 57
52 2 52
52 4 63
52 5 21
52 6 65
52 7 45
52 8 54
52 12 21
52 13 30
52 14 39
52 15 30
52 18 64
52 19 14
52 22 63
52 23 54
52 24 37
52 25 50
52 26 20
52 27 49
52 28 25
52 29 63
52 32 26
52 33 57
52 34 3
52 35 62
52 38 11
52 40 25
52 43 49
52 44 48
52 46 30
52 48 44
52 49 17
53 0 59
53 3 2
53 5 15
53 9 48
53 10 55
53 15 25
53 16 63
53 18 33
53 19 4
53 21 7
53 26 27
53 29 21
53 30 56
53 35 63
53 37 29
53 39 8
53 40 65
53 41 55
53 43 60
53 44 34
53 45 58
53 46 1
53 47 3
53 48 60
53 50 11
53 52 30
54 1 67
54 2 43
54 3 20
54 4 11
54 5 9
54 6 23
54 7 54
54 8 60
54 9 24
54 10 42
54 19 20
54 21 66
54 23 27
54 24 53
54 28 31
54 30 69
54 32 2
54 34 36
54 37 30
54 38 16
54 39 12
54 40 37
54 41 57
54 42 50
54 43 21
54 50 29
54 51 34
54 53 51
55 2 27
55 4 31
55 6 56
55 7 25
55 8 58
55 10 17
55 12 69
55 15 35
55 16 33
55 17 25
55 18 21
55 19 40
55 20 63
55 27 52
55 29 40
55 31 68
55 37 44
55 39 8
55 40 47
55 43 2
55 44 69
55 45 6
55 47 37
55 48 16
55 49 30
55 52 19
55 53 17
55 54 63
56 0 41
56 3 27
56 7 31
56 9 68
56 12 24
56 13 68
56 14 21
56 15 11
56 17 16
56 20 5
56 21 11
56 22 27
56 25 21
56 28 64
56 29 59
56 31 17
56 34 19
56 36 29
56 39 40
56 40 68
56 43 50
56 44 34
56 45 27
56 47 54
56 50 35
56 54 18
56 55 8
57 0 64
57 1 37
57 2 45
57 3 43
57 4 48
57 5 14
57 6 40
57 7 42
57 11 13
57 13 32
57 14 65
57 15 41
57 16 32
57 18 32
57 20 2
57 22 27
57 24 60
57 30 21
57 32 42
57 33 8
57 34 55
57 35 60
57 36 4
57 37 61
57 38 15
57 40 20
57 44 23
57 45 31
57 46 45
57 47 48
57 48 66
57 49 63
57 50 12
57 53 28
57 55 2
57 56 47
58 3 50
58 4 22
58 5 64
58 7 40
58 12 29
58 13 6
58 16 29
58 18 18
58 23 61
58 25 46
58 27 50
58 30 24
58 31 57
58 32 68
58 34 28
58 36 62
58 38 68
58 39 39
58 40 11
58 41 48
58 42 17
58 44 13
58 45 33
58 47 4
58 49 33
58 50 15
58 52 68
58 53 32
58 56 46
58 57 12
59 1 46
59 3 51
59 4 22
59 5 28
59 7 44
59 8 36
59 9 1
59 10 4
59 11 1
59 12 18
59 18 61
59 20 66
59 21 45
59 27 53
59 28 67
59 30 6
59 31 10
59 34 22
59 35 68
59 37 59
59 38 9
59 39 64
59 40 58
59 41 69
59 42 16
59 43 58
59 46 14
59 47 69
59 48 36
59 56 33
59 57 4
59 58 50
60 0 45
60 1 32
60 3 2
60 5 41
60 6 46
60 7 59
60 8 54
60 9 53
60 11 16
60 12 37
60 13 31
60 15 8
60 16 68
60 17 60
60 18 56
60 20 53
60 22 11
60 23 37
60 24 30
60 25 49
60 26 31
60 27 69
60 32 14
60 33 36
60 35 4
60 37 3
60 38 33
60 40 54
60 41 13
60 42 65
60 43 28
60 47 32
60 48 8
60 49 43
60 50 60
60 51 67
60 54 61
60 56 12
60 58 47
61 1 53
61 2 52
61 3 14
61 8 20
61 9 42
61 11 2
61 12 27
61 13 7
61 14 7
61 16 8
61 17 39
61 18 19
61 19 31
61 26 36
61 27 4
61 29 1
61 32 46
61 33 67
61 34 56
61 36 31
61 38 28
61 40 56
61 42 22
61 43 61
61 44 49
61 45 9
61 50 43
61 51 52
61 53 41
61 54 45
61 59 6
61 60 28
62 2 3
62 7 23
62 9 56
62 11 13
62 15 53
62 20 45
62 21 55
62 22 9
62 26 53
62 27 1
62 30 4
62 33 15
62 35 67
62 38 16
62 41 39
62 43 63
62 45 35
62 46 52
62 47 17
62 49 23
62 53 2
62 54 46
62 56 11
62 57 32
62 60 3
63 0 60
63 1 27
63 5 31
63 9 67
63 10 24
63 11 7
63 12 14
63 16 38
63 17 25
63 18 35
63 19 11
63 21 50
63 22 53
63 23 43
63 28 67
63 32 36
63 33 1
63 36 3
63 38 2
63 41 38
63 46 67
63 49 57
63 52 37
63 57 43
63 58 66
63 59 67
63 60 63
63 62 34
64 1 28
64 2 45
64 3 33
64 5 7
64 6 39
64 7 53
64 8 45
64 9 21
64 11 27
64 13 59
64 14 38
64 15 28
64 16 52
64 18 40
64 19 47
64 21 22
64 22 65
64 25 2
64 26 16
64 27 10
64 28 28
64 30 65
64 37 40
64 42 15
64 48 57
64 49 65
64 50 18
64 51 49
64 53 40
64 54 15
64 56 27
64 57 46
64 58 10
64 59 19
64 61 44
64 63 54
65 1 12
65 2 33
65 5 43
65 7 2
65 10 27
65 13 55
65 14 64
65 15 60
65 17 37
65 18 61
65 19 11
65 20 35
65 23 40
65 24 24
65 25 13
65 26 44
65 27 58
65 28 51
65 31 65
65 35 45
65 36 56
65 38 25
65 39 21
65 41 37
65 43 31
65 44 28
65 46 15
65 47 68
65 48 51
65 49 3
65 50 27
65 51 24
65 52 69
65 53 18
65 54 38
65 56 13
65 57 29
65 59 15
65 61 69
66 2 66
66 3 4
66 4 7
66 6 30
66 7 62
66 12 24
66 13 6
66 16 2
66 17 57
66 18 62
66 20 39
66 21 31
66 24 58
66 25 17
66 26 15
66 28 17
66 32 39
66 33 7
66 34 54
66 36 43
66 39 23
66 42 33
66 43 8
66 45 7
66 46 30
66 48 37
66 51 9
66 52 39
66 55 26
66 57 64
66 58 58
66 60 18
66 61 17
66 62 57
66 63 68
66 64 26
67 1 69
67 3 52
67 4 64
67 8 15
67 9 6
67 11 17
67 17 35
67 18 41
67 22 6
67 23 21
67 26 11
67 27 23
67 28 20
67 30 22
67 31 28
67 33 56
67 34 43
67 37 30
67 41 7
67 43 7
67 44 16
67 48 67
67 50 41
67 51 9
67 52 65
67 55 36
67 56 63
67 58 60
67 59 68
67 63 12
67 66 15
