51
1 0 31
2 0 17
2 1 10
3 0 12
3 1 32
3 2 31
4 0 24
4 1 12
4 2 9
4 3 26
5 0 11
5 1 20
5 2 41
5 3 30
5 4 25
6 0 22
6 1 8
6 2 11
6 3 43
6 4 21
6 5 41
7 0 36
7 1 29
7 2 33
7 3 36
7 4 16
7 5 8
7 6 14
8 0 16
8 1 32
8 2 26
8 3 37
8 4 7
8 5 23
8 6 30
8 7 8
9 0 29
9 1 16
9 2 18
9 3 33
9 4 3
9 5 36
9 6 13
9 7 13
9 8 39
10 0 4
10 1 18
10 2 36
10 3 3
10 4 32
10 5 39
10 6 30
10 7 29
10 8 21
10 9 9
11 0 12
11 1 24
11 2 15
11 3 27
11 4 21
11 5 27
11 6 3
11 7 30
11 8 15
11 9 25
11 10 21
12 0 28
12 1 6
12 2 42
12 3 4
12 4 41
12 5 37
12 6 15
12 7 11
12 8 19
12 9 12
12 10 27
12 11 31
13 0 41
13 1 19
13 2 2
13 3 14
13 4 2
13 5 24
13 6 13
13 7 34
13 8 22
13 9 41
13 10 20
13 11 33
13 12 32
14 0 38
14 1 17
14 2 32
14 3 38
14 4 37
14 5 5
14 6 30
14 7 31
14 8 32
14 9 31
14 10 43
14 11 21
14 12 25
14 13 33
15 0 11
15 1 5
15 2 2
15 3 39
15 4 34
15 5 21
15 6 38
15 7 33
15 8 20
15 9 43
15 10 39
15 11 34
15 12 10
15 13 13
15 14 10
16 0 34
16 1 26
16 2 37
16 3 41
16 4 22
16 5 40
16 6 5
16 7 10
16 8 12
16 9 10
16 10 42
16 11 33
16 12 25
16 13 34
16 14 13
16 15 43
17 0 11
17 1 38
17 2 11
17 3 22
17 4 21
17 5 18
17 6 35
17 7 21
17 8 38
17 9 13
17 10 43
17 11 43
17 12 16
17 13 27
17 14 18
17 15 42
17 16 21
18 0 15
18 1 6
18 2 33
18 3 19
18 4 28
18 5 1
18 6 19
18 7 9
18 8 27
18 9 14
18 10 30
18 11 8
18 12 19
18 13 35
18 14 41
18 15 9
18 16 23
18 17 29
19 0 27
19 1 15
19 2 21
19 3 18
19 4 2
19 5 16
19 6 9
19 7 6
19 8 15
19 9 38
19 10 1
19 11 41
19 12 11
19 13 28
19 14 33
19 15 25
19 16 36
19 17 22
19 18 27
20 0 3
20 1 14
20 2 43
20 3 25
20 4 28
20 5 32
20 6 15
20 7 42
20 8 37
20 9 39
20 10 32
20 11 34
20 12 11
20 13 6
20 14 1
20 15 18
20 16 35
20 17 29
20 18 32
20 19 31
21 0 29
21 1 20
21 2 42
21 3 19
21 4 26
21 5 3
21 6 34
21 7 31
21 8 21
21 9 35
21 10 11
21 11 38
21 12 38
21 13 18
21 14 39
21 15 39
21 16 8
21 17 18
21 18 17
21 19 13
21 20 2
22 0 28
22 1 2
22 2 8
22 3 11
22 4 16
22 5 36
22 6 38
22 7 35
22 8 22
22 9 16
22 10 10
22 11 15
22 12 28
22 13 19
22 14 24
22 15 39
22 16 10
22 17 1
22 18 36
22 19 31
22 20 19
22 21 27
23 0 30
23 1 24
23 2 30
23 3 32
23 4 4
23 5 31
23 6 21
23 7 18
23 8 40
23 9 42
23 10 7
23 11 25
23 12 42
23 13 28
23 14 2
23 15 9
23 16 29
23 17 36
23 18 25
23 19 32
23 20 39
23 21 28
23 22 34
24 0 22
24 1 29
24 2 26
24 3 3
24 4 22
24 5 20
24 6 39
24 7 4
24 8 15
24 9 13
24 10 37
24 11 16
24 12 43
24 13 11
24 14 42
24 15 27
24 16 25
24 17 35
24 18 23
24 19 16
24 20 17
24 21 41
24 22 14
24 23 2
25 0 41
25 1 18
25 2 6
25 3 22
25 4 34
25 5 10
25 6 2
25 7 3
25 8 4
25 9 15
25 10 36
25 11 12
25 12 24
25 13 11
25 14 34
25 15 36
25 16 5
25 17 29
25 18 26
25 19 31
25 20 13
25 21 37
25 22 35
25 23 12
25 24 15
26 0 3
26 1 9
26 2 38
26 3 18
26 4 6
26 5 19
26 6 7
26 7 22
26 8 16
26 9 4
26 10 14
26 11 3
26 12 1
26 13 15
26 14 37
26 15 2
26 16 10
26 17 20
26 18 26
26 19 43
26 20 6
26 21 19
26 22 40
26 23 41
26 24 15
26 25 38
27 0 32
27 1 25
27 2 21
27 3 23
27 4 18
27 5 36
27 6 36
27 7 13
27 8 34
27 9 31
27 10 32
27 11 27
27 12 40
27 13 13
27 14 12
27 15 25
27 16 11
27 17 8
27 18 5
27 19 42
27 20 19
27 21 22
27 22 37
27 23 13
27 24 30
27 25 21
27 26 39
28 0 29
28 1 36
28 2 20
28 3 6
28 4 13
28 5 3
28 6 15
28 7 26
28 8 8
28 9 13
28 10 3
28 11 42
28 12 11
28 13 22
28 14 37
28 15 30
28 16 14
28 17 16
28 18 39
28 19 43
28 20 3
28 21 23
28 22 42
28 23 5
28 24 5
28 25 32
28 26 9
28 27 16
29 0 23
29 1 37
29 2 31
29 3 8
29 4 6
29 5 36
29 6 4
29 7 42
29 8 17
29 9 30
29 10 3
29 11 19
29 12 34
29 13 12
29 14 8
29 15 39
29 16 41
29 17 20
29 18 1
29 19 30
29 20 3
29 21 34
29 22 20
29 23 20
29 24 6
29 25 4
29 26 32
29 27 9
29 28 9
30 0 9
30 1 26
30 2 17
30 3 34
30 4 39
30 5 34
30 6 5
30 7 33
30 8 42
30 9 19
30 10 28
30 11 32
30 12 32
30 13 14
30 14 26
30 15 28
30 16 24
30 17 36
30 18 15
30 19 42
30 20 40
30 21 20
30 22 32
30 23 31
30 24 24
30 25 37
30 26 13
30 27 23
30 28 19
30 29 31
31 0 42
31 1 3
31 2 23
31 3 14
31 4 31
31 5 27
31 6 34
31 7 17
31 8 5
31 9 42
31 10 27
31 11 23
31 12 27
31 13 16
31 14 12
31 15 8
31 16 2
31 17 31
31 18 1
31 19 18
31 20 7
31 21 36
31 22 36
31 23 30
31 24 6
31 25 35
31 26 38
31 27 3
31 28 30
31 29 25
31 30 16
32 0 6
32 1 6
32 2 9
32 3 19
32 4 14
32 5 8
32 6 28
32 7 23
32 8 7
32 9 29
32 10 40
32 11 22
32 12 3
32 13 35
32 14 1
32 15 1
32 16 19
32 17 31
32 18 29
32 19 40
32 20 15
32 21 2
32 22 16
32 23 21
32 24 32
32 25 5
32 26 33
32 27 25
32 28 16
32 29 10
32 30 21
32 31 35
33 0 30
33 1 13
33 2 7
33 3 22
33 4 13
33 5 15
33 6 41
33 7 40
33 8 39
33 9 11
33 10 40
33 11 14
33 12 32
33 13 12
33 14 15
33 15 10
33 16 41
33 17 16
33 18 18
33 19 34
33 20 14
33 21 17
33 22 39
33 23 15
33 24 23
33 25 28
33 26 9
33 27 39
33 28 30
33 29 22
33 30 21
33 31 22
33 32 29
34 0 35
34 1 32
34 2 36
34 3 35
34 4 15
34 5 9
34 6 16
34 7 40
34 8 37
34 9 23
34 10 22
34 11 24
34 12 9
34 13 14
34 14 19
34 15 35
34 16 16
34 17 10
34 18 5
34 19 28
34 20 1
34 21 26
34 22 39
34 23 5
34 24 13
34 25 12
34 26 13
34 27 38
34 28 4
34 29 12
34 30 39
34 31 14
34 32 23
34 33 12
35 0 43
35 1 29
35 2 29
35 3 5
35 4 24
35 5 14
35 6 43
35 7 41
35 8 6
35 9 43
35 10 19
35 11 17
35 12 9
35 13 32
35 14 21
35 15 5
35 16 7
35 17 20
35 18 2
35 19 33
35 20 14
35 21 38
35 22 40
35 23 37
35 24 5
35 25 41
35 26 8
35 27 8
35 28 40
35 29 7
35 30 23
35 31 40
35 32 28
35 33 11
35 34 38
36 0 27
36 1 17
36 2 7
36 3 15
36 4 14
36 5 28
36 6 19
36 7 20
36 8 36
36 9 40
36 10 14
36 11 26
36 12 42
36 13 33
36 14 6
36 15 20
36 16 2
36 17 15
36 18 40
36 19 23
36 20 38
36 21 23
36 22 16
36 23 18
36 24 22
36 25 27
36 26 5
36 27 43
36 28 1
36 29 20
36 30 28
36 31 22
36 32 8
36 33 26
36 34 38
36 35 27
37 0 41
37 1 25
37 2 14
37 3 4
37 4 2
37 5 25
37 6 10
37 7 25
37 8 3
37 9 2
37 10 16
37 11 8
37 12 32
37 13 43
37 14 17
37 15 41
37 16 25
37 17 9
37 18 18
37 19 31
37 20 34
37 21 6
37 22 43
37 23 40
37 24 11
37 25 34
37 26 2
37 27 30
37 28 1
37 29 31
37 30 24
37 31 13
37 32 26
37 33 19
37 34 21
37 35 10
37 36 33
38 0 25
38 1 27
38 2 43
38 3 5
38 4 12
38 5 28
38 6 27
38 7 6
38 8 18
38 9 23
38 10 32
38 11 36
38 12 5
38 13 15
38 14 43
38 15 3
38 16 15
38 17 27
38 18 38
38 19 42
38 20 22
38 21 42
38 22 3
38 23 23
38 24 29
38 25 3
38 26 18
38 27 34
38 28 17
38 29 20
38 30 33
38 31 19
38 32 23
38 33 16
38 34 39
38 35 29
38 36 28
38 37 16
39 0 25
39 1 32
39 2 25
39 3 10
39 4 37
39 5 17
39 6 15
39 7 32
39 8 41
39 9 9
39 10 30
39 11 7
39 12 39
39 13 22
39 14 33
39 15 28
39 16 24
39 17 18
39 18 30
39 19 23
39 20 15
39 21 4
39 22 4
39 23 30
39 24 7
39 25 17
39 26 40
39 27 13
39 28 31
39 29 18
39 30 43
39 31 14
39 32 40
39 33 24
39 34 6
39 35 6
39 36 24
39 37 8
39 38 37
40 0 33
40 1 38
40 2 5
40 3 43
40 4 20
40 5 6
40 6 19
40 7 35
40 8 5
40 9 43
40 10 1
40 11 1
40 12 21
40 13 25
40 14 15
40 15 21
40 16 39
40 17 21
40 18 10
40 19 2
40 20 21
40 21 36
40 22 18
40 23 27
40 24 31
40 25 23
40 26 16
40 27 6
40 28 43
40 29 1
40 30 24
40 31 10
40 32 21
40 33 20
40 34 5
40 35 9
40 36 8
40 37 31
40 38 38
40 39 30
41 0 30
41 1 6
41 2 30
41 3 33
41 4 9
41 5 22
41 6 1
41 7 24
41 8 14
41 9 41
41 10 43
41 11 30
41 12 26
41 13 23
41 14 15
41 15 4
41 16 31
41 17 39
41 18 3
41 19 39
41 20 41
41 21 14
41 22 27
41 23 22
41 24 4
41 25 20
41 26 6
41 27 5
41 28 13
41 29 24
41 30 29
41 31 7
41 32 5
41 33 12
41 34 39
41 35 27
41 36 42
41 37 11
41 38 18
41 39 5
41 40 40
42 0 36
42 1 25
42 2 40
42 3 6
42 4 32
42 5 37
42 6 42
42 7 22
42 8 3
42 9 37
42 10 31
42 11 32
42 12 43
42 13 22
42 14 43
42 15 11
42 16 25
42 17 43
42 18 12
42 19 7
42 20 1
42 21 36
42 22 13
42 23 39
42 24 2
42 25 30
42 26 27
42 27 16
42 28 16
42 29 2
42 30 23
42 31 38
42 32 11
42 33 38
42 34 41
42 35 31
42 36 34
42 37 36
42 38 26
42 39 33
42 40 13
42 41 28
43 0 26
43 1 3
43 2 2
43 3 27
43 4 39
43 5 15
43 6 12
43 7 35
43 8 31
43 9 39
43 10 34
43 11 30
43 12 19
43 13 27
43 14 12
43 15 36
43 16 3
43 17 24
43 18 26
43 19 35
43 20 28
43 21 25
43 22 38
43 23 9
43 24 34
43 25 13
43 26 7
43 27 29
43 28 43
43 29 33
43 30 37
43 31 7
43 32 10
43 33 38
43 34 24
43 35 42
43 36 13
43 37 30
43 38 18
43 39 5
43 40 28
43 41 32
43 42 29
44 0 11
44 1 39
44 2 7
44 3 30
44 4 8
44 5 4
44 6 22
44 7 36
44 8 15
44 9 18
44 10 5
44 11 34
44 12 18
44 13 3
44 14 25
44 15 16
44 16 22
44 17 19
44 18 33
44 19 39
44 20 18
44 21 22
44 22 25
44 23 22
44 24 16
44 25 33
44 26 41
44 27 9
44 28 9
44 29 17
44 30 4
44 31 13
44 32 18
44 33 31
44 34 42
44 35 34
44 36 38
44 37 28
44 38 18
44 39 30
44 40 12
44 41 34
44 42 24
44 43 9
45 0 16
45 1 41
45 2 7
45 3 28
45 4 27
45 5 18
45 6 13
45 7 7
45 8 35
45 9 24
45 10 16
45 11 28
45 12 36
45 13 12
45 14 16
45 15 37
45 16 21
45 17 1
45 18 5
45 19 42
45 20 14
45 21 21
45 22 18
45 23 21
45 24 32
45 25 7
45 26 35
45 27 16
45 28 22
45 29 17
45 30 4
45 31 13
45 32 43
45 33 31
45 34 41
45 35 34
45 36 24
45 37 14
45 38 17
45 39 32
45 40 27
45 41 14
45 42 20
45 43 7
45 44 32
46 0 37
46 1 41
46 2 18
46 3 26
46 4 12
46 5 32
46 6 16
46 7 25
46 8 4
46 9 3
46 10 1
46 11 20
46 12 15
46 13 41
46 14 22
46 15 23
46 16 18
46 17 18
46 18 40
46 19 35
46 20 28
46 21 13
46 22 37
46 23 24
46 24 12
46 25 38
46 26 39
46 27 3
46 28 21
46 29 22
46 30 20
46 31 10
46 32 22
46 33 39
46 34 23
46 35 39
46 36 9
46 37 4
46 38 20
46 39 25
46 40 25
46 41 36
46 42 28
46 43 41
46 44 43
46 45 4
47 0 37
47 1 28
47 2 14
47 3 1
47 4 21
47 5 1
47 6 35
47 7 18
47 8 4
47 9 33
47 10 38
47 11 30
47 12 39
47 13 31
47 14 8
47 15 29
47 16 5
47 17 16
47 18 39
47 19 34
47 20 12
47 21 25
47 22 3
47 23 33
47 24 6
47 25 33
47 26 35
47 27 20
47 28 22
47 29 22
47 30 34
47 31 32
47 32 4
47 33 13
47 34 29
47 35 17
47 36 28
47 37 38
47 38 36
47 39 24
47 40 24
47 41 20
47 42 1
47 43 6
47 44 29
47 45 33
47 46 32
48 0 4
48 1 17
48 2 22
48 3 6
48 4 39
48 5 37
48 6 43
48 7 1
48 8 1
48 9 4
48 10 39
48 11 15
48 12 28
48 13 14
48 14 11
48 15 43
48 16 40
48 17 27
48 18 13
48 19 37
48 20 18
48 21 6
48 22 40
48 23 27
48 24 16
48 25 42
48 26 20
48 27 27
48 28 5
48 29 29
48 30 12
48 31 26
48 32 3
48 33 10
48 34 24
48 35 27
48 36 20
48 37 20
48 38 43
48 39 43
48 40 8
48 41 24
48 42 17
48 43 9
48 44 15
48 45 9
48 46 12
48 47 13
49 0 24
49 1 15
49 2 9
49 3 40
49 4 23
49 5 23
49 6 16
49 7 12
49 8 5
49 9 22
49 10 15
49 11 19
49 12 23
49 13 29
49 14 21
49 15 41
49 16 16
49 17 42
49 18 10
49 19 32
49 20 42
49 21 43
49 22 6
49 23 16
49 24 34
49 25 4
49 26 22
49 27 25
49 28 8
49 29 22
49 30 43
49 31 27
49 32 24
49 33 20
49 34 22
49 35 15
49 36 4
49 37 1
49 38 10
49 39 31
49 40 43
49 41 27
49 42 29
49 43 37
49 44 20
49 45 20
49 46 2
49 47 25
49 48 21
50 0 4
50 1 16
50 2 31
50 3 20
50 4 39
50 5 43
50 6 36
50 7 2
50 8 17
50 9 32
50 10 32
50 11 23
50 12 21
50 13 19
50 14 36
50 15 15
50 16 8
50 17 41
50 18 34
50 19 26
50 20 9
50 21 30
50 22 25
50 23 19
50 24 29
50 25 16
50 26 28
50 27 20
50 28 33
50 29 17
50 30 29
50 31 42
50 32 2
50 33 8
50 34 16
50 35 32
50 36 39
50 37 21
50 38 7
50 39 39
50 40 1
50 41 42
50 42 29
50 43 42
50 44 7
50 45 21
50 46 26
50 47 39
50 48 26
50 49 34
