47
2 0 24
2 1 50
3 0 47
3 2 58
4 1 18
5 0 60
5 1 3
6 0 50
6 2 37
6 5 32
7 2 42
7 3 45
7 4 50
7 5 48
8 0 1
8 1 53
8 2 35
9 0 6
9 2 17
9 5 1
9 7 42
10 0 35
10 1 16
10 2 61
10 4 25
10 5 36
10 7 43
10 9 29
11 2 31
11 3 53
11 4 31
11 5 6
11 7 13
11 8 27
11 9 30
11 10 6
12 0 52
12 2 12
12 3 26
12 5 42
12 6 59
12 7 26
12 9 18
12 11 28
13 0 19
13 3 47
13 4 5
13 5 36
13 8 53
13 11 29
14 0 5
14 4 51
14 6 30
14 11 60
14 13 24
15 3 45
15 4 1
15 7 52
15 9 12
15 10 56
15 12 27
15 13 4
16 0 20
16 3 23
16 4 6
16 9 60
16 13 32
17 1 52
17 3 37
17 4 36
17 5 5
17 8 3
17 9 13
17 10 15
18 0 5
18 1 22
18 2 48
18 3 52
18 5 24
18 6 29
18 10 10
18 11 15
18 12 1
18 14 10
18 15 10
19 0 49
19 2 16
19 3 5
19 4 44
19 6 42
19 7 57
19 9 23
19 10 10
19 11 19
19 12 4
19 13 8
19 15 39
19 16 7
19 18 51
20 5 27
20 7 8
20 10 33
20 15 4
20 16 26
20 17 10
20 18 54
21 0 42
21 1 7
21 3 40
21 4 26
21 8 38
21 10 47
21 13 4
21 14 56
21 20 33
22 4 14
22 8 35
22 10 11
22 11 26
22 16 2
22 18 32
22 19 7
22 20 58
22 21 59
23 1 56
23 2 51
23 6 52
23 8 9
23 9 38
23 10 54
23 12 44
23 13 47
23 15 40
23 17 56
23 20 23
23 21 17
23 22 42
24 1 37
24 2 48
24 3 31
24 4 35
24 6 10
24 7 11
24 10 6
24 11 43
24 15 12
24 17 61
24 19 19
24 21 40
24 22 11
25 0 36
25 1 32
25 2 38
25 3 18
25 7 35
25 8 9
25 12 45
25 13 15
25 16 11
25 17 28
25 19 22
25 23 23
26 3 27
26 4 28
26 6 61
26 11 7
26 16 14
26 21 17
26 22 31
26 23 31
26 25 37
27 1 13
27 3 3
27 4 47
27 5 23
27 7 20
27 8 15
27 9 27
27 11 3
27 12 52
27 14 56
27 15 18
27 17 7
27 20 18
27 21 25
27 24 46
27 26 38
28 3 34
28 4 22
28 5 55
28 8 49
28 11 58
28 12 37
28 13 2
28 14 21
28 15 48
28 19 47
28 23 9
28 25 11
28 26 33
29 0 9
29 4 50
29 5 5
29 10 6
29 11 19
29 12 10
29 13 56
29 16 1
29 17 41
29 18 8
29 20 38
29 22 36
29 23 3
29 25 29
29 27 46
30 1 20
30 4 8
30 5 35
30 7 44
30 8 46
30 9 37
30 10 17
30 11 52
30 14 31
30 15 27
30 16 58
30 17 14
30 19 59
30 21 48
30 25 1
30 29 5
31 0 22
31 3 35
31 6 23
31 7 25
31 9 6
31 10 7
31 13 50
31 15 13
31 16 56
31 18 58
31 26 28
31 29 4
32 1 38
32 4 54
32 11 61
32 13 53
32 14 27
32 16 6
32 17 48
32 18 57
32 20 18
32 22 15
32 23 14
32 24 36
32 26 26
32 28 48
32 29 3
32 30 33
32 31 9
33 0 28
33 1 17
33 4 27
33 11 23
33 14 18
33 16 21
33 18 35
33 20 5
33 21 12
33 22 40
33 23 59
33 26 24
33 27 16
33 29 4
33 31 39
33 32 45
34 0 25
34 5 47
34 7 10
34 9 55
34 10 60
34 13 59
34 14 26
34 15 44
34 16 39
34 18 60
34 19 13
34 21 25
34 25 29
34 26 34
34 29 21
34 31 10
34 32 39
35 0 54
35 1 46
35 2 42
35 3 59
35 4 28
35 6 5
35 7 52
35 8 3
35 9 44
35 13 52
35 14 47
35 19 49
35 21 55
35 24 16
35 26 6
35 27 54
35 28 53
35 30 23
35 31 45
35 32 48
36 5 21
36 7 56
36 10 29
36 12 18
36 14 50
36 16 42
36 17 28
36 19 15
36 22 60
36 23 6
36 24 2
36 26 43
36 28 18
36 29 37
36 32 28
36 33 4
36 35 51
37 4 53
37 5 28
37 7 10
37 9 55
37 10 19
37 13 29
37 15 54
37 16 16
37 20 36
37 23 48
37 24 53
37 28 55
37 29 25
37 31 53
37 32 32
37 34 2
37 35 40
38 0 59
38 2 52
38 6 25
38 10 19
38 13 37
38 15 33
38 17 56
38 19 58
38 21 19
38 22 23
38 25 25
38 26 12
38 28 42
38 30 39
38 31 42
38 32 30
38 34 13
38 36 51
39 6 12
39 7 24
39 8 36
39 10 31
39 12 59
39 14 49
39 17 60
39 18 46
39 19 46
39 23 56
39 24 57
39 25 22
39 27 55
39 32 57
39 34 20
39 35 48
39 37 26
40 0 34
40 1 13
40 7 33
40 8 55
40 9 34
40 10 54
40 11 24
40 13 43
40 14 60
40 15 57
40 16 28
40 18 14
40 21 61
40 23 46
40 28 18
40 29 24
40 30 57
40 31 50
40 34 35
40 35 14
40 39 21
41 0 46
41 1 26
41 2 8
41 4 45
41 5 18
41 8 60
41 12 57
41 14 32
41 16 43
41 17 44
41 20 18
41 21 6
41 24 41
41 25 10
41 29 7
41 31 40
41 35 7
41 37 36
41 39 23
42 3 42
42 9 22
42 10 48
42 11 45
42 16 57
42 18 28
42 20 41
42 21 44
42 23 4
42 24 60
42 28 32
42 31 3
42 32 22
42 35 54
42 36 57
43 2 28
43 3 28
43 5 29
43 7 3
43 8 27
43 13 34
43 14 8
43 15 2
43 16 41
43 17 38
43 20 48
43 21 12
43 22 20
43 25 33
43 30 3
43 33 37
43 34 36
43 36 32
43 37 34
43 39 54
43 42 31
44 0 11
44 3 17
44 4 3
44 5 18
44 7 39
44 14 28
44 15 59
44 16 10
44 17 15
44 18 51
44 22 22
44 28 37
44 29 39
44 30 52
44 31 19
44 33 12
44 35 57
44 37 26
44 38 5
44 40 46
45 0 46
45 1 55
45 2 29
45 4 42
45 7 47
45 8 55
45 12 60
45 13 52
45 15 34
45 17 10
45 18 59
45 19 60
45 20 40
45 24 30
45 33 24
45 38 55
45 39 30
45 44 8
46 1 3
46 2 19
46 4 32
46 6 52
46 7 60
46 10 33
46 11 46
46 12 44
46 15 26
46 16 8
46 19 24
46 20 17
46 21 6
46 22 29
46 23 57
46 24 34
46 28 47
46 32 1
46 38 33
46 39 5
46 40 40
46 43 39
46 44 52
46 45 49
