42
1 0 10
2 0 9
2 1 10
3 0 8
3 1 12
3 2 15
4 0 14
4 1 9
4 2 9
4 3 8
5 0 1
5 1 2
5 2 5
5 3 15
5 4 11
6 0 5
6 1 1
6 2 1
6 3 13
6 4 9
6 5 6
7 0 8
7 1 5
7 2 2
7 3 8
7 4 1
7 5 11
7 6 9
8 0 4
8 1 5
8 2 6
8 3 12
8 4 7
8 5 6
8 6 1
8 7 3
9 0 9
9 1 6
9 2 9
9 3 6
9 4 4
9 5 6
9 6 6
9 7 9
9 8 6
10 0 7
10 1 9
10 2 7
10 3 13
10 4 9
10 5 14
10 6 4
10 7 13
10 8 4
10 9 12
11 0 10
11 1 8
11 2 12
11 3 9
11 4 13
11 5 8
11 6 6
11 7 4
11 8 7
11 9 4
11 10 12
12 0 8
12 1 4
12 2 11
12 3 2
12 4 13
12 5 9
12 6 1
12 7 1
12 8 6
12 9 11
12 10 5
12 11 4
13 0 8
13 1 3
13 2 14
13 3 8
13 4 7
13 5 2
13 6 10
13 7 6
13 8 11
13 9 9
13 10 2
13 11 13
13 12 15
14 0 14
14 1 8
14 2 5
14 3 6
14 4 4
14 5 1
14 6 4
14 7 4
14 8 6
14 9 5
14 10 3
14 11 14
14 12 3
14 13 7
15 0 9
15 1 15
15 2 13
15 3 3
15 4 7
15 5 3
15 6 6
15 7 9
15 8 10
15 9 3
15 10 2
15 11 2
15 12 9
15 13 3
15 14 11
16 0 3
16 1 8
16 2 7
16 3 8
16 4 9
16 5 12
16 6 10
16 7 3
16 8 12
16 9 7
16 10 1
16 11 8
16 12 13
16 13 8
16 14 13
16 15 14
17 0 15
17 1 2
17 2 12
17 3 13
17 4 10
17 5 7
17 6 11
17 7 7
17 8 1
17 9 4
17 10 7
17 11 14
17 12 11
17 13 15
17 14 7
17 15 5
17 16 1
18 0 9
18 1 5
18 2 9
18 3 9
18 4 13
18 5 8
18 6 7
18 7 3
18 8 11
18 9 7
18 10 2
18 11 10
18 12 14
18 13 1
18 14 9
18 15 7
18 16 9
18 17 9
19 0 4
19 1 12
19 2 14
19 3 4
19 4 9
19 5 12
19 6 1
19 7 14
19 8 4
19 9 9
19 10 13
19 11 4
19 12 13
19 13 8
19 14 7
19 15 5
19 16 14
19 17 10
19 18 14
20 0 14
20 1 5
20 2 15
20 3 12
20 4 12
20 5 13
20 6 8
20 7 13
20 8 14
20 9 13
20 10 12
20 11 4
20 12 9
20 13 5
20 14 5
20 15 15
20 16 9
20 17 7
20 18 4
20 19 5
21 0 15
21 1 12
21 2 1
21 3 4
21 4 12
21 5 4
21 6 15
21 7 12
21 8 15
21 9 14
21 10 3
21 11 10
21 12 8
21 13 4
21 14 9
21 15 12
21 16 3
21 17 15
21 18 4
21 19 14
21 20 7
22 0 3
22 1 7
22 2 14
22 3 6
22 4 13
22 5 9
22 6 15
22 7 6
22 8 9
22 9 3
22 10 12
22 11 5
22 12 15
22 13 5
22 14 1
22 15 12
22 16 15
22 17 6
22 18 15
22 19 7
22 20 12
22 21 1
23 0 5
23 1 7
23 2 1
23 3 10
23 4 10
23 5 8
23 6 1
23 7 2
23 8 9
23 9 7
23 10 4
23 11 14
23 12 15
23 13 2
23 14 9
23 15 10
23 16 1
23 17 5
23 18 2
23 19 6
23 20 12
23 21 6
23 22 5
24 0 9
24 1 5
24 2 6
24 3 14
24 4 3
24 5 1
24 6 9
24 7 3
24 8 8
24 9 10
24 10 11
24 11 9
24 12 7
24 13 10
24 14 9
24 15 5
24 16 7
24 17 3
24 18 5
24 19 6
24 20 6
24 21 6
24 22 3
24 23 13
25 0 14
25 1 6
25 2 14
25 3 15
25 4 2
25 5 6
25 6 2
25 7 7
25 8 2
25 9 13
25 10 8
25 11 8
25 12 8
25 13 7
25 14 15
25 15 1
25 16 2
25 17 11
25 18 11
25 19 1
25 20 8
25 21 15
25 22 13
25 23 6
25 24 3
26 0 3
26 1 10
26 2 5
26 3 2
26 4 13
26 5 13
26 6 12
26 7 15
26 8 2
26 9 8
26 10 15
26 11 10
26 12 15
26 13 5
26 14 13
26 15 7
26 16 9
26 17 6
26 18 12
26 19 4
26 20 6
26 21 1
26 22 8
26 23 3
26 24 4
26 25 14
27 0 14
27 1 6
27 2 2
27 3 2
27 4 7
27 5 3
27 6 15
27 7 8
27 8 10
27 9 14
27 10 8
27 11 9
27 12 5
27 13 10
27 14 8
27 15 12
27 16 10
27 17 13
27 18 15
27 19 2
27 20 3
27 21 13
27 22 7
27 23 2
27 24 2
27 25 10
27 26 11
28 0 15
28 1 2
28 2 3
28 3 7
28 4 2
28 5 2
28 6 8
28 7 8
28 8 11
28 9 7
28 10 3
28 11 1
28 12 2
28 13 1
28 14 15
28 15 7
28 16 10
28 17 5
28 18 15
28 19 10
28 20 1
28 21 5
28 22 10
28 23 5
28 24 10
28 25 4
28 26 2
28 27 9
29 0 2
29 1 12
29 2 15
29 3 1
29 4 14
29 5 12
29 6 5
29 7 2
29 8 5
29 9 13
29 10 9
29 11 4
29 12 2
29 13 12
29 14 14
29 15 1
29 16 5
29 17 6
29 18 3
29 19 4
29 20 11
29 21 8
29 22 6
29 23 3
29 24 14
29 25 6
29 26 7
29 27 9
29 28 10
30 0 14
30 1 13
30 2 1
30 3 14
30 4 9
30 5 2
30 6 10
30 7 8
30 8 10
30 9 4
30 10 10
30 11 14
30 12 11
30 13 6
30 14 1
30 15 12
30 16 8
30 17 14
30 18 10
30 19 5
30 20 9
30 21 8
30 22 7
30 23 5
30 24 7
30 25 7
30 26 5
30 27 13
30 28 14
30 29 14
31 0 5
31 1 10
31 2 4
31 3 5
31 4 3
31 5 5
31 6 13
31 7 13
31 8 9
31 9 13
31 10 8
31 11 7
31 12 4
31 13 10
31 14 12
31 15 12
31 16 9
31 17 4
31 18 7
31 19 11
31 20 11
31 21 13
31 22 15
31 23 14
31 24 3
31 25 6
31 26 10
31 27 7
31 28 15
31 29 11
31 30 3
32 0 7
32 1 10
32 2 15
32 3 7
32 4 9
32 5 7
32 6 4
32 7 14
32 8 7
32 9 11
32 10 7
32 11 8
32 12 10
32 13 8
32 14 9
32 15 8
32 16 15
32 17 2
32 18 14
32 19 1
32 20 14
32 21 5
32 22 15
32 23 13
32 24 10
32 25 7
32 26 13
32 27 11
32 28 8
32 29 12
32 30 4
32 31 3
33 0 9
33 1 10
33 2 13
33 3 2
33 4 5
33 5 6
33 6 2
33 7 9
33 8 7
33 9 12
33 10 3
33 11 5
33 12 8
33 13 15
33 14 3
33 15 13
33 16 3
33 17 15
33 18 10
33 19 8
33 20 3
33 21 11
33 22 9
33 23 14
33 24 11
33 25 3
33 26 3
33 27 3
33 28 12
33 29 15
33 30 8
33 31 3
33 32 8
34 0 5
34 1 3
34 2 13
34 3 3
34 4 1
34 5 5
34 6 9
34 7 14
34 8 5
34 9 10
34 10 1
34 11 5
34 12 13
34 13 6
34 14 7
34 15 2
34 16 3
34 17 2
34 18 15
34 19 1
34 20 6
34 21 13
34 22 1
34 23 10
34 24 2
34 25 9
34 26 8
34 27 6
34 28 12
34 29 10
34 30 4
34 31 13
34 32 5
34 33 1
35 0 12
35 1 8
35 2 6
35 3 14
35 4 4
35 5 15
35 6 11
35 7 9
35 8 6
35 9 1
35 10 2
35 11 9
35 12 4
35 13 7
35 14 12
35 15 4
35 16 4
35 17 6
35 18 3
35 19 12
35 20 9
35 21 10
35 22 14
35 23 3
35 24 5
35 25 3
35 26 14
35 27 3
35 28 10
35 29 13
35 30 7
35 31 2
35 32 4
35 33 9
35 34 1
36 0 1
36 1 1
36 2 9
36 3 7
36 4 12
36 5 11
36 6 6
36 7 7
36 8 10
36 9 1
36 10 9
36 11 10
36 12 3
36 13 13
36 14 2
36 15 3
36 16 12
36 17 1
36 18 10
36 19 3
36 20 13
36 21 7
36 22 7
36 23 2
36 24 12
36 25 10
36 26 3
36 27 4
36 28 5
36 29 1
36 30 9
36 31 10
36 32 9
36 33 15
36 34 13
36 35 12
37 0 2
37 1 13
37 2 14
37 3 8
37 4 15
37 5 15
37 6 13
37 7 10
37 8 5
37 9 7
37 10 4
37 11 12
37 12 3
37 13 6
37 14 6
37 15 8
37 16 4
37 17 10
37 18 15
37 19 15
37 20 8
37 21 13
37 22 6
37 23 7
37 24 5
37 25 3
37 26 10
37 27 6
37 28 6
37 29 2
37 30 9
37 31 2
37 32 9
37 33 6
37 34 12
37 35 13
37 36 10
38 0 1
38 1 5
38 2 12
38 3 2
38 4 7
38 5 1
38 6 13
38 7 11
38 8 1
38 9 3
38 10 6
38 11 2
38 12 15
38 13 4
38 14 13
38 15 9
38 16 12
38 17 5
38 18 10
38 19 1
38 20 3
38 21 11
38 22 12
38 23 3
38 24 8
38 25 14
38 26 10
38 27 5
38 28 9
38 29 5
38 30 11
38 31 2
38 32 12
38 33 2
38 34 12
38 35 10
38 36 3
38 37 1
39 0 9
39 1 4
39 2 11
39 3 6
39 4 7
39 5 14
39 6 10
39 7 5
39 8 1
39 9 13
39 10 5
39 11 14
39 12 8
39 13 4
39 14 1
39 15 15
39 16 12
39 17 15
39 18 14
39 19 12
39 20 12
39 21 9
39 22 5
39 23 7
39 24 7
39 25 10
39 26 9
39 27 2
39 28 12
39 29 14
39 30 1
39 31 13
39 32 11
39 33 13
39 34 13
39 35 12
39 36 6
39 37 4
39 38 1
40 0 11
40 1 14
40 2 3
40 3 8
40 4 6
40 5 12
40 6 14
40 7 4
40 8 5
40 9 11
40 10 5
40 11 6
40 12 7
40 13 1
40 14 15
40 15 4
40 16 2
40 17 6
40 18 15
40 19 7
40 20 7
40 21 10
40 22 11
40 23 4
40 24 9
40 25 4
40 26 14
40 27 1
40 28 8
40 29 14
40 30 6
40 31 12
40 32 15
40 33 9
40 34 5
40 35 10
40 36 15
40 37 5
40 38 1
40 39 11
41 0 15
41 1 7
41 2 5
41 3 12
41 4 1
41 5 1
41 6 4
41 7 13
41 8 3
41 9 9
41 10 13
41 11 4
41 12 14
41 13 11
41 14 11
41 15 5
41 16 8
41 17 13
41 18 4
41 19 11
41 20 3
41 21 15
41 22 15
41 23 15
41 24 13
41 25 6
41 26 1
41 27 5
41 28 8
41 29 2
41 30 14
41 31 15
41 32 2
41 33 6
41 34 12
41 35 15
41 36 2
41 37 5
41 38 8
41 39 6
41 40 9
