23
1 0 3
2 0 5
3 1 3
4 0 2
5 0 9
5 1 2
5 2 5
5 4 2
6 0 9
6 1 1
6 2 1
6 3 4
7 0 3
7 2 4
7 4 9
7 5 4
8 1 7
8 3 4
8 7 6
9 0 5
9 3 8
9 5 8
9 7 1
10 0 3
10 1 8
10 3 5
10 4 6
10 6 1
10 7 3
10 8 4
11 0 6
11 1 3
11 3 1
11 4 1
11 5 6
11 6 2
11 10 2
12 2 5
12 5 3
12 7 7
12 11 3
13 0 1
13 1 4
13 6 1
13 9 4
13 10 6
13 11 5
13 12 4
14 0 6
14 2 8
14 3 8
14 5 6
14 6 7
14 8 1
14 11 2
14 13 9
15 0 5
15 2 8
15 4 1
15 5 2
16 1 8
16 3 9
16 8 8
16 11 5
16 12 1
16 14 4
17 0 6
17 8 9
17 9 8
17 13 1
17 14 4
17 15 3
18 3 3
18 5 2
18 8 2
18 9 2
18 10 9
18 14 7
18 17 7
19 0 7
19 2 2
19 3 9
19 8 5
19 9 8
19 11 6
19 12 5
19 13 7
19 15 1
19 16 8
19 17 2
19 18 1
20 0 6
20 2 7
20 3 3
20 5 6
20 10 8
20 11 9
20 13 2
20 14 1
20 18 4
21 0 1
21 1 4
21 2 1
21 5 5
21 6 4
21 8 8
21 9 5
21 10 1
21 15 2
21 16 4
21 17 8
21 19 1
21 20 2
22 5 2
22 6 5
22 7 5
22 8 2
22 10 6
22 14 3
22 15 6
22 19 4
22 20 7
22 21 8
