30
1 0 9
2 0 22
3 0 15
3 1 3
4 1 13
4 2 20
5 0 7
5 2 14
5 4 18
6 5 5
7 0 3
7 1 1
7 2 12
7 3 1
8 4 1
8 7 20
9 0 22
9 6 14
10 1 22
10 4 24
10 5 2
10 7 9
11 0 3
11 1 15
11 2 23
11 4 16
11 6 3
11 7 18
11 8 13
11 9 17
11 10 1
12 0 17
12 6 21
12 7 11
12 9 12
12 10 11
12 11 22
13 0 15
13 2 24
13 6 3
13 9 2
13 11 23
14 1 13
14 2 15
14 3 1
14 4 18
14 8 15
14 9 19
14 13 2
15 2 17
15 3 21
15 4 1
15 5 24
15 7 22
15 10 15
15 11 12
15 13 6
16 0 23
16 3 6
16 4 7
16 8 24
16 9 11
16 10 14
16 11 4
17 0 2
17 1 5
17 3 8
17 4 7
17 7 8
17 8 20
17 9 7
17 10 9
17 11 15
17 15 16
18 0 12
18 1 7
18 2 20
18 3 1
18 4 8
18 5 17
18 6 9
18 8 24
18 13 8
18 15 16
19 0 13
19 5 17
19 9 4
19 11 20
19 12 22
19 13 6
19 14 7
19 16 12
19 17 17
19 18 21
20 0 25
20 2 6
20 3 12
20 4 9
20 6 3
20 7 7
20 13 24
20 14 23
20 15 7
20 16 18
20 17 17
20 18 24
20 19 17
21 0 18
21 2 1
21 4 3
21 6 23
21 7 16
21 9 5
21 11 2
21 12 14
21 14 17
21 16 24
21 17 11
21 18 10
21 19 10
22 3 8
22 8 11
22 10 18
22 11 17
22 13 24
22 15 5
22 18 17
22 21 10
23 0 4
23 1 20
23 2 14
23 5 24
23 7 19
23 9 14
23 11 21
23 14 21
23 15 15
23 16 23
23 17 4
23 19 19
23 22 2
24 1 7
24 2 12
24 3 21
24 5 22
24 6 19
24 7 24
24 8 6
24 9 7
24 10 1
24 15 16
24 17 17
24 18 5
24 20 10
24 22 15
25 0 1
25 1 15
25 8 24
25 13 12
25 14 23
25 15 6
25 16 16
25 18 17
25 19 12
25 20 19
25 23 1
25 24 1
26 0 1
26 9 24
26 10 7
26 11 13
26 14 16
26 19 19
26 21 5
26 22 16
26 24 13
27 0 10
27 1 24
27 4 9
27 5 7
27 6 20
27 7 7
27 9 23
27 10 18
27 11 21
27 12 14
27 14 13
27 15 4
27 17 21
27 18 25
27 19 21
27 23 6
28 0 6
28 1 17
28 2 22
28 3 4
28 4 6
28 6 3
28 15 13
28 16 23
28 17 19
28 18 2
28 20 23
28 21 18
28 22 21
28 26 6
29 2 7
29 3 11
29 4 14
29 7 7
29 10 21
29 11 24
29 12 24
29 13 22
29 16 13
29 17 3
29 19 23
29 20 16
29 21 8
29 22 7
29 25 22
29 27 9
