56
3 2 37
4 0 17
5 2 8
6 0 15
6 2 19
6 3 49
6 5 12
7 0 25
7 3 41
8 0 47
8 4 5
9 2 35
9 4 50
9 6 37
10 0 56
10 1 41
10 2 31
10 3 13
10 5 37
11 1 37
11 2 30
11 3 2
11 4 37
11 5 11
11 6 25
11 10 23
12 1 7
12 2 15
12 5 22
12 6 50
12 7 18
12 8 25
12 9 40
12 11 3
13 0 41
13 1 41
13 4 46
13 6 53
13 8 3
13 9 10
13 10 13
13 12 11
14 1 1
14 10 51
14 11 52
14 12 42
14 13 45
15 1 32
15 2 31
15 4 37
15 5 56
15 9 35
15 12 43
16 0 26
16 4 17
16 6 32
16 8 34
16 12 45
16 13 7
16 15 28
17 0 44
17 2 41
17 4 40
17 5 53
17 6 1
17 7 5
17 8 57
17 10 23
17 11 12
17 12 16
17 15 51
17 16 9
18 0 22
18 2 57
18 4 27
18 5 3
18 6 54
18 8 34
18 10 51
18 11 31
18 12 2
18 16 34
18 17 38
19 0 28
19 3 49
19 6 19
19 7 49
19 11 37
19 12 51
19 14 35
19 15 32
19 16 21
19 17 14
20 1 25
20 2 32
20 3 7
20 4 23
20 5 38
20 11 40
20 12 4
20 13 55
20 14 19
20 16 37
21 6 37
21 7 55
21 8 33
21 11 44
21 12 42
21 14 50
21 17 19
21 18 36
22 0 43
22 1 13
22 2 57
22 5 35
22 8 47
22 14 57
22 17 31
22 18 17
22 19 27
22 20 54
23 2 30
23 3 19
23 4 3
23 5 19
23 6 19
23 7 12
23 8 50
23 9 40
23 11 25
23 12 4
23 13 39
23 15 20
23 16 43
23 17 5
23 18 46
23 19 14
24 0 26
24 2 8
24 8 56
24 9 37
24 10 48
24 11 56
24 12 11
24 14 56
24 15 48
24 16 48
24 18 48
24 20 38
24 21 16
24 22 48
24 23 47
25 2 39
25 4 12
25 6 17
25 11 17
25 12 54
25 15 43
25 17 28
25 18 14
25 19 29
25 20 12
25 22 3
25 23 4
25 24 9
26 1 47
26 2 12
26 3 28
26 5 12
26 6 32
26 7 22
26 9 14
26 10 41
26 11 11
26 12 3
26 13 36
26 15 48
26 18 23
26 19 19
26 21 19
26 23 38
26 25 17
27 0 58
27 4 39
27 6 30
27 9 10
27 12 23
27 15 10
27 19 40
27 21 25
27 22 9
27 24 6
27 25 47
28 0 43
28 1 24
28 6 36
28 8 10
28 10 47
28 12 46
28 16 3
28 17 51
28 18 52
28 19 22
28 20 19
28 21 50
28 22 41
28 23 14
28 25 15
28 26 27
28 27 20
29 0 51
29 1 9
29 2 30
29 6 17
29 9 32
29 10 2
29 14 3
29 16 58
29 17 39
29 19 25
29 20 52
29 21 12
29 22 57
29 27 44
30 2 7
30 6 4
30 10 20
30 12 39
30 16 29
30 18 20
30 21 27
30 25 52
30 26 9
30 29 11
31 0 51
31 1 5
31 2 28
31 3 29
31 5 20
31 6 26
31 7 3
31 11 23
31 13 8
31 15 48
31 16 25
31 17 44
31 18 21
31 19 48
31 20 46
31 21 31
31 23 25
31 24 1
31 26 53
31 28 27
31 30 23
32 0 1
32 1 56
32 2 5
32 5 4
32 6 31
32 7 41
32 8 24
32 9 55
32 10 30
32 13 5
32 14 51
32 15 55
32 16 56
32 17 32
32 19 23
32 21 1
32 23 27
32 25 19
32 26 5
32 27 47
32 28 4
32 29 23
33 1 16
33 2 41
33 5 58
33 7 41
33 8 32
33 9 10
33 10 24
33 13 56
33 14 39
33 15 19
33 16 3
33 18 46
33 19 21
33 21 20
33 22 11
33 23 1
33 24 9
33 26 54
33 28 39
33 29 47
33 32 25
34 2 15
34 5 39
34 9 12
34 11 12
34 12 42
34 14 54
34 16 34
34 19 3
34 20 50
34 24 40
34 26 19
34 28 21
34 29 51
34 33 42
35 0 43
35 2 56
35 3 4
35 5 11
35 6 45
35 7 13
35 8 29
35 9 35
35 10 46
35 11 22
35 12 15
35 13 37
35 15 15
35 17 38
35 18 12
35 21 38
35 25 44
35 26 40
35 33 39
35 34 37
36 0 15
36 2 48
36 3 19
36 5 56
36 7 14
36 9 21
36 10 49
36 11 16
36 13 7
36 17 35
36 19 24
36 20 12
36 24 28
36 25 16
36 26 36
36 28 40
36 31 10
36 33 57
37 0 51
37 1 32
37 5 58
37 8 21
37 10 2
37 11 40
37 14 42
37 15 56
37 16 2
37 17 40
37 19 34
37 20 37
37 21 21
37 22 34
37 24 36
37 27 2
37 28 21
37 35 41
38 0 12
38 3 14
38 4 22
38 7 46
38 8 22
38 10 2
38 11 4
38 14 17
38 15 34
38 16 36
38 17 28
38 18 5
38 20 9
38 21 57
38 22 20
38 24 11
38 27 41
38 29 1
38 30 45
38 31 39
38 32 43
38 33 38
39 0 51
39 2 36
39 3 4
39 4 17
39 8 35
39 13 42
39 15 46
39 16 47
39 18 43
39 19 36
39 20 24
39 23 52
39 24 27
39 25 9
39 27 15
39 28 2
39 29 48
39 33 2
39 36 31
39 38 47
40 1 22
40 2 7
40 3 47
40 6 13
40 9 54
40 10 56
40 12 58
40 13 16
40 14 9
40 15 23
40 16 19
40 18 10
40 20 55
40 22 50
40 23 13
40 24 52
40 27 9
40 28 20
40 29 2
40 30 21
40 34 17
40 35 34
40 36 15
40 38 37
40 39 24
41 2 7
41 4 8
41 8 45
41 10 35
41 11 20
41 17 9
41 21 41
41 23 41
41 24 51
41 25 38
41 27 6
41 29 20
41 32 13
41 33 41
41 34 30
41 35 4
41 36 58
41 38 3
41 40 35
42 2 55
42 9 18
42 12 24
42 15 27
42 16 56
42 17 16
42 23 27
42 26 6
42 27 22
42 29 19
42 30 25
42 33 8
42 36 35
42 39 35
43 0 51
43 4 36
43 5 16
43 6 17
43 9 24
43 10 33
43 11 39
43 12 40
43 13 8
43 14 51
43 15 21
43 16 34
43 17 9
43 23 6
43 24 54
43 27 22
43 28 6
43 30 27
43 31 21
43 34 40
43 36 19
43 39 20
43 40 35
43 42 11
44 2 28
44 6 36
44 7 15
44 9 7
44 10 12
44 14 41
44 19 18
44 21 20
44 24 8
44 25 7
44 37 25
44 41 21
45 1 30
45 2 8
45 7 3
45 8 58
45 9 54
45 12 26
45 14 56
45 15 35
45 17 36
45 18 56
45 19 38
45 20 14
45 23 42
45 24 48
45 25 22
45 26 24
45 28 51
45 29 27
45 30 13
45 31 48
45 32 48
45 40 53
45 41 38
45 42 57
45 44 9
46 4 45
46 5 39
46 7 45
46 12 7
46 14 16
46 17 34
46 18 25
46 25 23
46 31 29
46 33 43
46 34 15
46 35 43
46 36 30
46 40 14
46 43 7
47 0 18
47 1 38
47 2 21
47 3 38
47 7 7
47 8 45
47 11 11
47 12 55
47 15 27
47 16 8
47 17 33
47 20 43
47 22 20
47 25 53
47 26 44
47 27 7
47 30 25
47 31 29
47 32 36
47 33 36
47 35 20
47 37 48
47 39 20
47 40 19
47 42 53
47 44 39
48 0 39
48 4 20
48 6 5
48 8 12
48 9 35
48 11 55
48 12 5
48 13 8
48 14 57
48 15 35
48 16 51
48 17 43
48 22 15
48 23 57
48 24 38
48 26 3
48 34 44
48 36 33
48 39 8
48 44 4
48 45 1
49 0 43
49 1 41
49 2 30
49 3 8
49 4 19
49 6 33
49 8 18
49 9 26
49 12 24
49 13 9
49 14 5
49 16 2
49 19 21
49 20 45
49 22 41
49 23 15
49 24 13
49 27 34
49 29 34
49 32 6
49 33 46
49 35 44
49 37 51
49 38 41
49 39 46
49 40 58
49 41 48
49 42 50
49 45 29
49 46 40
49 48 34
50 0 12
50 3 33
50 4 35
50 5 26
50 6 27
50 8 12
50 11 21
50 12 40
50 18 40
50 20 41
50 21 47
50 28 15
50 35 25
50 37 47
50 38 27
50 40 13
50 42 21
50 43 5
50 44 17
50 45 38
50 46 54
51 1 48
51 5 22
51 6 35
51 7 46
51 8 19
51 12 33
51 14 53
51 15 57
51 16 54
51 18 31
51 19 45
51 22 49
51 24 38
51 25 52
51 26 20
51 30 10
51 31 53
51 34 30
51 37 3
51 39 4
51 40 45
51 42 37
51 44 13
51 46 37
51 47 23
51 49 14
52 0 31
52 1 57
52 3 40
52 5 31
52 6 52
52 8 52
52 16 24
52 19 38
52 22 30
52 23 39
52 25 7
52 27 54
52 30 19
52 31 32
52 32 8
52 33 40
52 35 40
52 36 27
52 37 2
52 38 4
52 41 7
52 42 44
52 44 35
52 50 57
52 51 4
53 1 9
53 11 55
53 14 21
53 15 27
53 16 13
53 17 40
53 18 14
53 19 15
53 22 16
53 27 54
53 28 27
53 30 22
53 33 13
53 35 31
53 38 46
53 39 51
53 43 12
53 44 7
53 46 8
53 47 55
53 50 21
54 1 50
54 3 54
54 7 55
54 12 29
54 13 50
54 14 36
54 16 56
54 18 6
54 20 50
54 23 32
54 24 43
54 26 13
54 28 1
54 31 43
54 32 45
54 33 18
54 34 33
54 41 58
54 43 16
54 45 22
54 46 50
54 47 31
54 49 8
54 50 5
54 51 58
54 52 49
55 1 13
55 7 53
55 8 56
55 12 10
55 13 28
55 15 6
55 18 14
55 19 54
55 23 18
55 25 44
55 26 49
55 27 47
55 28 19
55 33 29
55 35 37
55 38 20
55 41 8
55 44 47
55 46 45
55 48 57
55 49 40
55 50 1
55 51 27
55 53 52
55 54 6
