61
1 0 44
2 0 54
2 1 28
3 0 34
3 1 13
3 2 58
4 0 52
4 1 6
4 2 19
4 3 20
5 0 38
5 1 54
5 2 36
5 3 35
5 4 28
6 0 58
6 1 19
6 2 43
6 3 28
6 4 28
6 5 60
7 0 29
7 1 25
7 2 64
7 3 35
7 4 43
7 5 49
7 6 17
8 0 52
8 1 20
8 2 39
8 3 16
8 4 50
8 5 15
8 6 8
8 7 39
9 0 36
9 1 47
9 2 58
9 3 48
9 4 36
9 5 14
9 6 61
9 7 43
9 8 10
10 0 36
10 1 53
10 2 53
10 3 38
10 4 3
10 5 53
10 6 35
10 7 47
10 8 10
10 9 51
11 0 39
11 1 60
11 2 19
11 3 9
11 4 5
11 5 6
11 6 16
11 7 1
11 8 42
11 9 40
11 10 15
12 0 53
12 1 57
12 2 2
12 3 37
12 4 39
12 5 12
12 6 13
12 7 26
12 8 40
12 9 24
12 10 43
12 11 6
13 0 40
13 1 24
13 2 36
13 3 64
13 4 21
13 5 1
13 6 36
13 7 7
13 8 12
13 9 18
13 10 51
13 11 24
13 12 35
14 0 29
14 1 51
14 2 57
14 3 34
14 4 50
14 5 23
14 6 23
14 7 36
14 8 61
14 9 55
14 10 13
14 11 12
14 12 10
14 13 10
15 0 43
15 1 39
15 2 48
15 3 37
15 4 20
15 5 7
15 6 46
15 7 4
15 8 7
15 9 18
15 10 35
15 11 53
15 12 60
15 13 55
15 14 64
16 0 12
16 1 63
16 2 19
16 3 4
16 4 9
16 5 45
16 6 44
16 7 6
16 8 52
16 9 6
16 10 29
16 11 49
16 12 15
16 13 32
16 14 60
16 15 33
17 0 55
17 1 10
17 2 2
17 3 32
17 4 33
17 5 21
17 6 5
17 7 14
17 8 8
17 9 43
17 10 10
17 11 28
17 12 16
17 13 4
17 14 4
17 15 2
17 16 7
18 0 14
18 1 51
18 2 51
18 3 59
18 4 48
18 5 32
18 6 26
18 7 28
18 8 25
18 9 48
18 10 4
18 11 14
18 12 49
18 13 6
18 14 36
18 15 2
18 16 52
18 17 1
19 0 51
19 1 11
19 2 34
19 3 46
19 4 51
19 5 54
19 6 5
19 7 25
19 8 64
19 9 56
19 10 4
19 11 62
19 12 21
19 13 18
19 14 46
19 15 29
19 16 11
19 17 29
19 18 9
20 0 22
20 1 23
20 2 12
20 3 62
20 4 40
20 5 51
20 6 37
20 7 14
20 8 44
20 9 30
20 10 42
20 11 48
20 12 44
20 13 35
20 14 15
20 15 5
20 16 33
20 17 21
20 18 17
20 19 18
21 0 26
21 1 59
21 2 62
21 3 9
21 4 33
21 5 58
21 6 8
21 7 59
21 8 36
21 9 42
21 10 32
21 11 25
21 12 51
21 13 45
21 14 27
21 15 54
21 16 11
21 17 34
21 18 49
21 19 23
21 20 34
22 0 42
22 1 54
22 2 44
22 3 2
22 4 58
22 5 15
22 6 16
22 7 14
22 8 6
22 9 19
22 10 10
22 11 26
22 12 45
22 13 56
22 14 26
22 15 21
22 16 14
22 17 43
22 18 41
22 19 14
22 20 9
22 21 9
23 0 58
23 1 44
23 2 51
23 3 54
23 4 39
23 5 15
23 6 51
23 7 48
23 8 21
23 9 5
23 10 19
23 11 48
23 12 19
23 13 48
23 14 39
23 15 35
23 16 56
23 17 41
23 18 9
23 19 41
23 20 60
23 21 24
23 22 4
24 0 61
24 1 29
24 2 42
24 3 44
24 4 29
24 5 20
24 6 16
24 7 20
24 8 45
24 9 19
24 10 56
24 11 1
24 12 24
24 13 62
24 14 22
24 15 37
24 16 1
24 17 28
24 18 20
24 19 37
24 20 32
24 21 44
24 22 15
24 23 28
25 0 12
25 1 44
25 2 44
25 3 47
25 4 43
25 5 37
25 6 57
25 7 22
25 8 33
25 9 39
25 10 15
25 11 61
25 12 25
25 13 32
25 14 6
25 15 8
25 16 41
25 17 52
25 18 14
25 19 5
25 20 4
25 21 64
25 22 42
25 23 43
25 24 26
26 0 28
26 1 45
26 2 16
26 3 4
26 4 46
26 5 29
26 6 35
26 7 50
26 8 54
26 9 9
26 10 44
26 11 21
26 12 14
26 13 9
26 14 56
26 15 41
26 16 27
26 17 15
26 18 24
26 19 48
26 20 18
26 21 45
26 22 6
26 23 33
26 24 51
26 25 30
27 0 35
27 1 63
27 2 46
27 3 53
27 4 5
27 5 1
27 6 2
27 7 6
27 8 58
27 9 12
27 10 32
27 11 54
27 12 62
27 13 31
27 14 13
27 15 44
27 16 56
27 17 5
27 18 34
27 19 46
27 20 28
27 21 12
27 22 4
27 23 6
27 24 30
27 25 63
27 26 41
28 0 33
28 1 53
28 2 49
28 3 2
28 4 10
28 5 11
28 6 13
28 7 23
28 8 58
28 9 30
28 10 9
28 11 13
28 12 36
28 13 32
28 14 19
28 15 49
28 16 17
28 17 60
28 18 53
28 19 53
28 20 45
28 21 35
28 22 50
28 23 10
28 24 39
28 25 44
28 26 42
28 27 47
29 0 36
29 1 12
29 2 45
29 3 56
29 4 14
29 5 21
29 6 48
29 7 11
29 8 33
29 9 20
29 10 38
29 11 52
29 12 17
29 13 33
29 14 13
29 15 43
29 16 26
29 17 42
29 18 24
29 19 15
29 20 52
29 21 23
29 22 45
29 23 21
29 24 17
29 25 49
29 26 37
29 27 9
29 28 3
30 0 28
30 1 2
30 2 1
30 3 28
30 4 28
30 5 33
30 6 64
30 7 54
30 8 30
30 9 38
30 10 10
30 11 27
30 12 22
30 13 52
30 14 6
30 15 31
30 16 23
30 17 35
30 18 19
30 19 62
30 20 10
30 21 59
30 22 5
30 23 53
30 24 11
30 25 11
30 26 19
30 27 63
30 28 55
30 29 54
31 0 18
31 1 29
31 2 16
31 3 53
31 4 23
31 5 39
31 6 31
31 7 63
31 8 13
31 9 32
31 10 22
31 11 6
31 12 38
31 13 15
31 14 7
31 15 12
31 16 43
31 17 20
31 18 64
31 19 32
31 20 29
31 21 41
31 22 19
31 23 50
31 24 19
31 25 46
31 26 48
31 27 31
31 28 47
31 29 61
31 30 46
32 0 5
32 1 36
32 2 22
32 3 42
32 4 55
32 5 29
32 6 56
32 7 16
32 8 34
32 9 9
32 10 26
32 11 47
32 12 39
32 13 12
32 14 47
32 15 14
32 16 37
32 17 57
32 18 31
32 19 43
32 20 10
32 21 29
32 22 41
32 23 20
32 24 11
32 25 8
32 26 60
32 27 22
32 28 56
32 29 26
32 30 40
32 31 22
33 0 50
33 1 37
33 2 13
33 3 44
33 4 14
33 5 37
33 6 60
33 7 54
33 8 20
33 9 30
33 10 44
33 11 30
33 12 1
33 13 10
33 14 2
33 15 38
33 16 24
33 17 26
33 18 45
33 19 19
33 20 20
33 21 63
33 22 3
33 23 48
33 24 27
33 25 29
33 26 53
33 27 30
33 28 35
33 29 18
33 30 50
33 31 7
33 32 26
34 0 57
34 1 25
34 2 16
34 3 12
34 4 9
34 5 12
34 6 58
34 7 10
34 8 11
34 9 25
34 10 54
34 11 36
34 12 37
34 13 32
34 14 46
34 15 20
34 16 38
34 17 33
34 18 53
34 19 28
34 20 28
34 21 39
34 22 60
34 23 3
34 24 15
34 25 37
34 26 20
34 27 37
34 28 60
34 29 20
34 30 18
34 31 14
34 32 33
34 33 7
35 0 32
35 1 6
35 2 60
35 3 47
35 4 3
35 5 27
35 6 63
35 7 21
35 8 3
35 9 53
35 10 55
35 11 39
35 12 14
35 13 28
35 14 58
35 15 14
35 16 49
35 17 30
35 18 27
35 19 47
35 20 21
35 21 35
35 22 54
35 23 6
35 24 10
35 25 47
35 26 63
35 27 17
35 28 24
35 29 17
35 30 14
35 31 16
35 32 19
35 33 16
35 34 43
36 0 15
36 1 12
36 2 64
36 3 54
36 4 62
36 5 33
36 6 37
36 7 8
36 8 58
36 9 6
36 10 64
36 11 20
36 12 48
36 13 26
36 14 53
36 15 3
36 16 21
36 17 63
36 18 22
36 19 36
36 20 59
36 21 47
36 22 32
36 23 25
36 24 42
36 25 35
36 26 14
36 27 1
36 28 19
36 29 37
36 30 57
36 31 18
36 32 52
36 33 3
36 34 5
36 35 12
37 0 26
37 1 26
37 2 45
37 3 39
37 4 56
37 5 17
37 6 20
37 7 47
37 8 43
37 9 26
37 10 17
37 11 29
37 12 46
37 13 55
37 14 45
37 15 58
37 16 10
37 17 44
37 18 59
37 19 64
37 20 26
37 21 1
37 22 19
37 23 36
37 24 19
37 25 49
37 26 1
37 27 25
37 28 63
37 29 32
37 30 12
37 31 31
37 32 14
37 33 62
37 34 7
37 35 5
37 36 55
38 0 57
38 1 48
38 2 25
38 3 61
38 4 6
38 5 49
38 6 8
38 7 36
38 8 22
38 9 39
38 10 8
38 11 20
38 12 61
38 13 31
38 14 55
38 15 18
38 16 34
38 17 12
38 18 33
38 19 43
38 20 11
38 21 20
38 22 46
38 23 37
38 24 64
38 25 2
38 26 36
38 27 23
38 28 59
38 29 40
38 30 15
38 31 63
38 32 52
38 33 36
38 34 15
38 35 61
38 36 57
38 37 30
39 0 20
39 1 52
39 2 36
39 3 45
39 4 31
39 5 18
39 6 12
39 7 5
39 8 43
39 9 46
39 10 41
39 11 63
39 12 62
39 13 13
39 14 29
39 15 7
39 16 28
39 17 35
39 18 63
39 19 26
39 20 3
39 21 7
39 22 59
39 23 60
39 24 7
39 25 1
39 26 63
39 27 53
39 28 24
39 29 23
39 30 47
39 31 37
39 32 33
39 33 32
39 34 54
39 35 10
39 36 50
39 37 15
39 38 8
40 0 57
40 1 10
40 2 52
40 3 15
40 4 63
40 5 56
40 6 59
40 7 59
40 8 15
40 9 42
40 10 2
40 11 17
40 12 6
40 13 47
40 14 64
40 15 59
40 16 27
40 17 31
40 18 20
40 19 51
40 20 24
40 21 28
40 22 1
40 23 29
40 24 18
40 25 49
40 26 48
40 27 7
40 28 40
40 29 46
40 30 31
40 31 2
40 32 18
40 33 32
40 34 10
40 35 56
40 36 47
40 37 28
40 38 61
40 39 5
41 0 58
41 1 48
41 2 8
41 3 29
41 4 52
41 5 3
41 6 39
41 7 38
41 8 10
41 9 18
41 10 47
41 11 36
41 12 42
41 13 1
41 14 54
41 15 17
41 16 39
41 17 8
41 18 40
41 19 17
41 20 6
41 21 18
41 22 27
41 23 8
41 24 45
41 25 46
41 26 54
41 27 13
41 28 53
41 29 31
41 30 35
41 31 56
41 32 46
41 33 52
41 34 55
41 35 24
41 36 5
41 37 26
41 38 39
41 39 49
41 40 47
42 0 63
42 1 33
42 2 59
42 3 41
42 4 5
42 5 52
42 6 1
42 7 24
42 8 6
42 9 6
42 10 40
42 11 53
42 12 9
42 13 26
42 14 57
42 15 42
42 16 8
42 17 14
42 18 27
42 19 55
42 20 59
42 21 53
42 22 14
42 23 31
42 24 2
42 25 3
42 26 27
42 27 8
42 28 40
42 29 36
42 30 49
42 31 15
42 32 3
42 33 11
42 34 10
42 35 49
42 36 21
42 37 50
42 38 50
42 39 7
42 40 59
42 41 54
43 0 20
43 1 17
43 2 10
43 3 45
43 4 38
43 5 32
43 6 42
43 7 62
43 8 37
43 9 22
43 10 10
43 11 55
43 12 25
43 13 7
43 14 9
43 15 18
43 16 3
43 17 53
43 18 24
43 19 56
43 20 54
43 21 4
43 22 19
43 23 29
43 24 47
43 25 53
43 26 42
43 27 26
43 28 6
43 29 57
43 30 9
43 31 19
43 32 43
43 33 59
43 34 39
43 35 24
43 36 41
43 37 29
43 38 23
43 39 55
43 40 5
43 41 36
43 42 25
44 0 26
44 1 23
44 2 38
44 3 50
44 4 48
44 5 5
44 6 36
44 7 33
44 8 47
44 9 40
44 10 60
44 11 20
44 12 12
44 13 37
44 14 56
44 15 33
44 16 6
44 17 32
44 18 21
44 19 56
44 20 26
44 21 42
44 22 19
44 23 52
44 24 10
44 25 60
44 26 27
44 27 48
44 28 49
44 29 2
44 30 34
44 31 12
44 32 61
44 33 18
44 34 56
44 35 60
44 36 12
44 37 14
44 38 11
44 39 35
44 40 60
44 41 31
44 42 46
44 43 57
45 0 15
45 1 38
45 2 8
45 3 23
45 4 56
45 5 54
45 6 27
45 7 18
45 8 42
45 9 16
45 10 52
45 11 22
45 12 26
45 13 27
45 14 62
45 15 13
45 16 34
45 17 44
45 18 58
45 19 48
45 20 36
45 21 54
45 22 47
45 23 19
45 24 49
45 25 22
45 26 54
45 27 2
45 28 55
45 29 61
45 30 24
45 31 24
45 32 24
45 33 63
45 34 53
45 35 2
45 36 19
45 37 49
45 38 29
45 39 63
45 40 58
45 41 56
45 42 40
45 43 34
45 44 63
46 0 20
46 1 11
46 2 27
46 3 53
46 4 53
46 5 53
46 6 25
46 7 49
46 8 44
46 9 47
46 10 47
46 11 3
46 12 64
46 13 1
46 14 60
46 15 21
46 16 6
46 17 55
46 18 9
46 19 13
46 20 45
46 21 18
46 22 10
46 23 23
46 24 4
46 25 63
46 26 27
46 27 21
46 28 51
46 29 41
46 30 56
46 31 11
46 32 42
46 33 38
46 34 49
46 35 10
46 36 11
46 37 57
46 38 57
46 39 32
46 40 56
46 41 6
46 42 41
46 43 51
46 44 50
46 45 17
47 0 7
47 1 36
47 2 62
47 3 64
47 4 60
47 5 5
47 6 54
47 7 39
47 8 35
47 9 26
47 10 5
47 11 42
47 12 19
47 13 21
47 14 34
47 15 25
47 16 27
47 17 38
47 18 40
47 19 6
47 20 49
47 21 45
47 22 50
47 23 1
47 24 63
47 25 63
47 26 11
47 27 39
47 28 24
47 29 62
47 30 45
47 31 15
47 32 42
47 33 2
47 34 2
47 35 30
47 36 22
47 37 62
47 38 2
47 39 49
47 40 43
47 41 2
47 42 10
47 43 8
47 44 63
47 45 24
47 46 14
48 0 56
48 1 9
48 2 4
48 3 64
48 4 52
48 5 24
48 6 13
48 7 31
48 8 25
48 9 44
48 10 43
48 11 37
48 12 37
48 13 43
48 14 38
48 15 43
48 16 37
48 17 19
48 18 25
48 19 30
48 20 38
48 21 8
48 22 25
48 23 58
48 24 23
48 25 61
48 26 1
48 27 1
48 28 1
48 29 59
48 30 64
48 31 6
48 32 35
48 33 27
48 34 35
48 35 33
48 36 3
48 37 34
48 38 59
48 39 18
48 40 21
48 41 46
48 42 8
48 43 41
48 44 42
48 45 64
48 46 42
48 47 53
49 0 49
49 1 56
49 2 27
49 3 43
49 4 23
49 5 44
49 6 22
49 7 27
49 8 42
49 9 18
49 10 11
49 11 11
49 12 49
49 13 63
49 14 43
49 15 53
49 16 12
49 17 25
49 18 6
49 19 23
49 20 11
49 21 30
49 22 35
49 23 46
49 24 13
49 25 62
49 26 58
49 27 60
49 28 51
49 29 2
49 30 3
49 31 64
49 32 7
49 33 44
49 34 55
49 35 43
49 36 16
49 37 30
49 38 9
49 39 19
49 40 24
49 41 23
49 42 19
49 43 21
49 44 39
49 45 62
49 46 42
49 47 63
49 48 52
50 0 23
50 1 40
50 2 28
50 3 33
50 4 10
50 5 3
50 6 20
50 7 22
50 8 51
50 9 32
50 10 26
50 11 11
50 12 1
50 13 29
50 14 5
50 15 35
50 16 58
50 17 23
50 18 28
50 19 13
50 20 20
50 21 26
50 22 30
50 23 43
50 24 7
50 25 4
50 26 50
50 27 23
50 28 59
50 29 63
50 30 26
50 31 37
50 32 14
50 33 63
50 34 58
50 35 21
50 36 43
50 37 40
50 38 61
50 39 63
50 40 35
50 41 17
50 42 52
50 43 4
50 44 11
50 45 13
50 46 27
50 47 42
50 48 1
50 49 24
51 0 23
51 1 28
51 2 58
51 3 56
51 4 28
51 5 3
51 6 6
51 7 59
51 8 56
51 9 29
51 10 38
51 11 22
51 12 38
51 13 43
51 14 55
51 15 47
51 16 34
51 17 37
51 18 44
51 19 39
51 20 23
51 21 5
51 22 56
51 23 15
51 24 8
51 25 47
51 26 7
51 27 18
51 28 21
51 29 33
51 30 11
51 31 6
51 32 43
51 33 30
51 34 13
51 35 28
51 36 42
51 37 13
51 38 61
51 39 2
51 40 20
51 41 50
51 42 53
51 43 61
51 44 11
51 45 17
51 46 37
51 47 9
51 48 5
51 49 63
51 50 50
52 0 22
52 1 26
52 2 19
52 3 14
52 4 9
52 5 61
52 6 25
52 7 18
52 8 9
52 9 20
52 10 38
52 11 40
52 12 18
52 13 52
52 14 59
52 15 51
52 16 59
52 17 2
52 18 62
52 19 47
52 20 9
52 21 42
52 22 36
52 23 63
52 24 32
52 25 15
52 26 24
52 27 30
52 28 64
52 29 47
52 30 55
52 31 57
52 32 7
52 33 36
52 34 57
52 35 8
52 36 15
52 37 56
52 38 4
52 39 18
52 40 45
52 41 42
52 42 43
52 43 9
52 44 19
52 45 52
52 46 31
52 47 21
52 48 1
52 49 15
52 50 17
52 51 24
53 0 32
53 1 44
53 2 22
53 3 20
53 4 3
53 5 50
53 6 51
53 7 51
53 8 39
53 9 35
53 10 63
53 11 47
53 12 4
53 13 19
53 14 39
53 15 47
53 16 16
53 17 62
53 18 34
53 19 24
53 20 9
53 21 45
53 22 49
53 23 25
53 24 55
53 25 50
53 26 51
53 27 59
53 28 18
53 29 9
53 30 56
53 31 3
53 32 49
53 33 52
53 34 54
53 35 25
53 36 59
53 37 8
53 38 62
53 39 32
53 40 43
53 41 47
53 42 37
53 43 10
53 44 4
53 45 34
53 46 38
53 47 10
53 48 15
53 49 7
53 50 10
53 51 51
53 52 57
54 0 21
54 1 64
54 2 26
54 3 5
54 4 15
54 5 25
54 6 34
54 7 59
54 8 18
54 9 33
54 10 41
54 11 58
54 12 30
54 13 55
54 14 32
54 15 40
54 16 20
54 17 59
54 18 32
54 19 11
54 20 15
54 21 12
54 22 40
54 23 43
54 24 62
54 25 19
54 26 54
54 27 36
54 28 25
54 29 58
54 30 15
54 31 33
54 32 21
54 33 36
54 34 56
54 35 18
54 36 36
54 37 34
54 38 27
54 39 49
54 40 9
54 41 39
54 42 4
54 43 9
54 44 37
54 45 13
54 46 5
54 47 49
54 48 32
54 49 14
54 50 11
54 51 16
54 52 62
54 53 36
55 0 34
55 1 62
55 2 35
55 3 24
55 4 4
55 5 47
55 6 40
55 7 11
55 8 13
55 9 40
55 10 53
55 11 35
55 12 43
55 13 62
55 14 23
55 15 12
55 16 35
55 17 11
55 18 45
55 19 18
55 20 48
55 21 49
55 22 56
55 23 37
55 24 3
55 25 58
55 26 22
55 27 47
55 28 45
55 29 13
55 30 22
55 31 37
55 32 46
55 33 34
55 34 51
55 35 38
55 36 15
55 37 24
55 38 38
55 39 44
55 40 29
55 41 48
55 42 41
55 43 57
55 44 12
55 45 44
55 46 60
55 47 57
55 48 59
55 49 57
55 50 46
55 51 12
55 52 1
55 53 10
55 54 23
56 0 32
56 1 21
56 2 36
56 3 31
56 4 45
56 5 34
56 6 22
56 7 40
56 8 11
56 9 49
56 10 19
56 11 23
56 12 50
56 13 27
56 14 5
56 15 40
56 16 30
56 17 23
56 18 19
56 19 50
56 20 20
56 21 48
56 22 60
56 23 39
56 24 43
56 25 4
56 26 1
56 27 14
56 28 32
56 29 28
56 30 40
56 31 45
56 32 14
56 33 9
56 34 64
56 35 54
56 36 34
56 37 48
56 38 54
56 39 20
56 40 14
56 41 29
56 42 32
56 43 16
56 44 42
56 45 39
56 46 20
56 47 54
56 48 45
56 49 24
56 50 27
56 51 49
56 52 11
56 53 2
56 54 8
56 55 12
57 0 62
57 1 25
57 2 57
57 3 56
57 4 49
57 5 21
57 6 19
57 7 41
57 8 36
57 9 32
57 10 13
57 11 9
57 12 49
57 13 31
57 14 49
57 15 41
57 16 26
57 17 13
57 18 35
57 19 23
57 20 52
57 21 17
57 22 24
57 23 44
57 24 42
57 25 25
57 26 61
57 27 4
57 28 25
57 29 32
57 30 24
57 31 23
57 32 33
57 33 41
57 34 63
57 35 24
57 36 51
57 37 7
57 38 6
57 39 27
57 40 60
57 41 34
57 42 52
57 43 15
57 44 59
57 45 21
57 46 55
57 47 55
57 48 15
57 49 27
57 50 60
57 51 53
57 52 34
57 53 39
57 54 16
57 55 18
57 56 35
58 0 10
58 1 15
58 2 32
58 3 23
58 4 47
58 5 36
58 6 7
58 7 15
58 8 16
58 9 51
58 10 58
58 11 41
58 12 45
58 13 35
58 14 7
58 15 9
58 16 61
58 17 61
58 18 34
58 19 32
58 20 49
58 21 34
58 22 46
58 23 53
58 24 59
58 25 11
58 26 29
58 27 52
58 28 7
58 29 35
58 30 51
58 31 32
58 32 46
58 33 11
58 34 45
58 35 55
58 36 59
58 37 6
58 38 5
58 39 12
58 40 50
58 41 51
58 42 33
58 43 26
58 44 62
58 45 52
58 46 7
58 47 23
58 48 30
58 49 11
58 50 25
58 51 50
58 52 32
58 53 45
58 54 58
58 55 56
58 56 23
58 57 42
59 0 8
59 1 11
59 2 55
59 3 25
59 4 59
59 5 30
59 6 47
59 7 63
59 8 25
59 9 59
59 10 13
59 11 59
59 12 1
59 13 29
59 14 21
59 15 20
59 16 31
59 17 17
59 18 3
59 19 31
59 20 33
59 21 63
59 22 7
59 23 26
59 24 37
59 25 52
59 26 62
59 27 50
59 28 21
59 29 35
59 30 39
59 31 39
59 32 11
59 33 37
59 34 62
59 35 22
59 36 17
59 37 3
59 38 1
59 39 14
59 40 59
59 41 52
59 42 7
59 43 22
59 44 11
59 45 1
59 46 57
59 47 29
59 48 51
59 49 15
59 50 56
59 51 33
59 52 32
59 53 37
59 54 48
59 55 49
59 56 40
59 57 16
59 58 42
60 0 32
60 1 43
60 2 26
60 3 12
60 4 63
60 5 52
60 6 25
60 7 62
60 8 16
60 9 44
60 10 29
60 11 52
60 12 39
60 13 39
60 14 54
60 15 61
60 16 1
60 17 44
60 18 46
60 19 54
60 20 61
60 21 34
60 22 14
60 23 31
60 24 12
60 25 49
60 26 49
60 27 27
60 28 36
60 29 14
60 30 21
60 31 35
60 32 55
60 33 44
60 34 20
60 35 41
60 36 21
60 37 35
60 38 15
60 39 18
60 40 17
60 41 52
60 42 29
60 43 19
60 44 61
60 45 10
60 46 23
60 47 16
60 48 50
60 49 4
60 50 9
60 51 17
60 52 10
60 53 15
60 54 52
60 55 30
60 56 61
60 57 60
60 58 9
60 59 48
