52
3 0 7
3 1 5
3 2 12
4 1 25
5 2 11
7 1 2
7 4 33
7 6 22
8 0 32
8 1 15
9 1 11
9 2 3
9 3 39
9 5 21
9 7 15
10 2 42
10 4 40
10 5 2
10 6 42
10 8 29
11 1 28
11 3 31
11 4 3
11 7 35
11 8 10
11 10 29
12 0 26
12 2 30
12 3 29
12 11 33
13 3 37
13 4 20
13 5 40
13 8 18
13 11 17
13 12 17
14 0 35
14 4 36
14 5 7
14 6 11
14 9 23
14 11 27
14 12 3
15 0 40
15 1 28
15 5 26
15 6 29
15 7 37
15 9 22
16 0 1
16 2 31
16 6 5
16 10 42
16 11 40
16 12 32
17 0 6
17 10 20
17 15 10
18 1 15
18 3 42
18 4 26
18 5 29
18 13 35
18 14 36
18 16 15
19 2 40
19 4 13
19 7 10
19 8 35
19 9 27
19 10 13
19 11 13
19 12 42
19 14 10
20 4 7
20 7 14
20 8 17
20 9 17
20 11 34
20 14 24
20 16 39
20 17 7
20 18 35
21 0 18
21 1 3
21 2 30
21 3 8
21 4 4
21 5 25
21 6 20
21 8 7
21 9 23
21 15 36
21 19 20
22 1 36
22 2 34
22 7 10
22 8 34
22 9 27
22 10 15
22 12 27
22 18 40
22 20 20
23 0 27
23 3 31
23 5 20
23 6 39
23 7 39
23 9 24
23 12 9
23 13 6
23 14 33
23 15 21
23 17 31
23 18 9
23 19 4
24 2 27
24 3 27
24 4 24
24 5 20
24 7 6
24 9 1
24 10 33
24 13 14
24 18 1
24 19 38
24 22 30
25 1 30
25 2 40
25 4 3
25 7 5
25 8 6
25 10 3
25 13 5
25 14 34
25 16 29
25 23 29
26 6 30
26 7 23
26 9 21
26 10 22
26 11 13
26 15 25
26 16 11
26 19 20
26 24 26
27 0 1
27 1 12
27 4 13
27 5 17
27 8 7
27 11 17
27 12 25
27 15 26
27 21 27
27 24 39
27 25 22
28 0 11
28 3 5
28 6 41
28 7 12
28 9 30
28 10 32
28 17 27
28 18 1
28 19 29
28 22 2
28 23 41
28 25 17
28 26 25
28 27 34
29 2 38
29 3 3
29 4 13
29 5 17
29 10 8
29 13 30
29 14 17
29 15 30
29 16 11
29 18 4
29 20 42
29 22 4
29 24 38
29 25 16
29 26 39
29 27 8
30 1 13
30 3 42
30 8 38
30 10 15
30 11 34
30 13 35
30 15 26
30 16 26
30 17 15
30 18 1
30 22 17
30 25 37
30 26 33
31 0 18
31 1 27
31 2 29
31 4 26
31 9 3
31 12 26
31 13 4
31 14 24
31 17 22
31 20 17
31 21 16
31 22 11
31 27 22
31 29 17
32 0 37
32 2 40
32 3 34
32 5 22
32 6 15
32 8 14
32 9 42
32 11 27
32 13 23
32 16 20
32 19 9
32 20 42
32 24 23
32 25 8
32 26 31
32 27 23
32 28 16
33 0 42
33 1 35
33 4 28
33 5 33
33 6 21
33 8 9
33 9 15
33 11 12
33 12 42
33 13 2
33 15 35
33 16 4
33 17 20
33 20 18
33 21 27
33 22 12
33 25 26
33 26 24
33 27 3
33 29 31
33 30 3
34 1 37
34 2 11
34 3 36
34 4 33
34 5 27
34 7 3
34 11 32
34 13 6
34 17 4
34 22 31
34 24 30
34 25 19
34 26 35
34 28 14
34 30 14
35 0 26
35 1 18
35 2 6
35 3 41
35 6 39
35 8 1
35 10 35
35 12 19
35 23 22
35 26 42
35 28 24
35 30 26
35 33 37
35 34 2
36 4 26
36 5 42
36 6 13
36 8 39
36 9 1
36 12 33
36 15 14
36 16 4
36 17 33
36 18 24
36 21 33
36 22 3
36 24 39
36 26 8
36 27 2
36 29 20
36 30 36
36 33 8
36 34 25
37 0 24
37 2 36
37 4 39
37 5 23
37 10 27
37 11 15
37 13 35
37 14 5
37 15 23
37 18 38
37 20 22
37 26 39
37 27 35
37 30 42
37 32 11
37 36 29
38 0 36
38 5 3
38 6 39
38 12 37
38 14 13
38 15 1
38 16 17
38 19 35
38 21 11
38 22 1
38 23 11
38 26 36
38 30 9
38 31 28
38 33 29
38 34 29
38 35 23
38 37 18
39 0 21
39 6 9
39 8 13
39 11 18
39 13 7
39 15 39
39 16 40
39 19 1
39 22 5
39 25 33
39 27 30
39 30 27
39 31 22
39 34 30
39 35 38
39 36 27
40 1 4
40 8 5
40 9 2
40 10 36
40 11 32
40 13 39
40 14 4
40 15 16
40 18 38
40 19 40
40 21 24
40 23 22
40 25 28
40 26 7
40 27 27
40 28 27
40 30 3
40 31 37
40 32 14
40 35 36
41 0 40
41 2 17
41 3 25
41 4 2
41 5 28
41 8 8
41 14 10
41 15 4
41 17 7
41 18 1
41 21 13
41 22 15
41 23 28
41 26 9
41 29 40
41 30 38
41 35 28
41 37 17
41 38 32
42 1 9
42 2 23
42 3 32
42 4 42
42 7 9
42 8 21
42 9 34
42 10 42
42 11 34
42 12 39
42 13 11
42 14 22
42 16 9
42 17 16
42 19 17
42 21 7
42 22 14
42 23 23
42 26 42
42 29 31
42 34 35
42 36 27
42 37 29
42 38 38
42 39 5
42 40 10
43 1 41
43 2 7
43 5 6
43 7 19
43 10 29
43 13 35
43 14 2
43 16 21
43 18 18
43 19 10
43 20 41
43 22 3
43 23 36
43 25 20
43 30 42
43 31 27
43 36 8
43 38 3
43 40 39
44 0 16
44 2 15
44 5 12
44 6 6
44 8 31
44 9 34
44 10 22
44 15 42
44 17 35
44 18 34
44 21 37
44 23 4
44 24 4
44 26 10
44 27 39
44 29 24
44 30 39
44 35 28
44 39 13
44 42 31
45 0 8
45 2 3
45 5 28
45 7 40
45 9 38
45 11 28
45 13 37
45 14 32
45 16 42
45 19 19
45 20 22
45 22 27
45 24 18
45 26 25
45 30 36
45 33 16
45 34 10
45 39 24
45 41 42
45 42 26
46 1 25
46 2 31
46 5 13
46 6 6
46 9 39
46 11 1
46 12 14
46 13 12
46 15 12
46 20 41
46 21 26
46 22 3
46 23 19
46 24 7
46 28 36
46 30 30
46 32 7
46 33 35
46 35 22
46 39 1
46 40 28
46 41 42
46 43 19
46 44 9
47 0 24
47 1 9
47 2 35
47 5 30
47 7 1
47 8 11
47 13 29
47 17 18
47 20 22
47 21 16
47 23 26
47 26 29
47 30 33
47 33 10
47 34 31
47 37 39
47 42 36
47 43 22
47 45 26
47 46 15
48 0 26
48 1 6
48 7 1
48 8 6
48 10 14
48 11 9
48 12 15
48 13 34
48 14 2
48 16 2
48 17 14
48 19 15
48 22 15
48 25 4
48 26 36
48 28 42
48 29 26
48 30 22
48 32 8
48 36 10
48 38 23
48 39 38
48 40 15
48 42 38
48 43 35
48 46 17
49 0 40
49 3 40
49 6 24
49 8 17
49 9 36
49 10 36
49 11 21
49 14 37
49 16 40
49 18 3
49 20 14
49 21 3
49 24 14
49 28 26
49 29 24
49 31 22
49 32 28
49 35 24
49 38 3
49 40 39
49 43 10
49 44 4
50 2 1
50 4 28
50 5 3
50 8 6
50 9 31
50 10 10
50 14 31
50 15 16
50 17 41
50 18 33
50 23 35
50 24 35
50 28 15
50 30 35
50 35 40
50 36 10
50 39 8
50 40 23
50 45 22
50 48 37
50 49 12
51 0 31
51 2 32
51 4 37
51 6 31
51 8 15
51 9 6
51 10 32
51 11 8
51 12 1
51 14 2
51 15 2
51 19 22
51 20 23
51 24 16
51 25 42
51 26 36
51 34 21
51 35 8
51 36 22
51 39 7
51 42 26
51 43 16
51 45 18
51 47 8
51 48 20
51 49 29
