48
1 0 24
2 0 47
2 1 49
3 0 40
3 1 47
3 2 15
4 0 52
4 1 17
4 2 20
4 3 13
5 0 21
5 1 47
5 2 54
5 3 28
5 4 25
6 0 24
6 1 5
6 2 1
6 3 9
6 4 24
6 5 10
7 0 16
7 1 37
7 2 5
7 3 4
7 4 23
7 5 49
7 6 16
8 0 11
8 1 48
8 2 12
8 3 14
8 4 18
8 5 45
8 6 33
8 7 47
9 0 23
9 1 40
9 2 27
9 3 36
9 4 9
9 5 27
9 6 9
9 7 38
9 8 44
10 0 20
10 1 31
10 2 40
10 3 32
10 4 26
10 5 41
10 6 38
10 7 50
10 8 31
10 9 19
11 0 5
11 1 53
11 2 22
11 3 42
11 4 6
11 5 26
11 6 47
11 7 14
11 8 16
11 9 36
11 10 36
12 0 32
12 1 9
12 2 53
12 3 24
12 4 15
12 5 17
12 6 38
12 7 17
12 8 41
12 9 29
12 10 42
12 11 19
13 0 24
13 1 14
13 2 22
13 3 29
13 4 4
13 5 19
13 6 15
13 7 7
13 8 33
13 9 44
13 10 17
13 11 36
13 12 11
14 0 11
14 1 32
14 2 34
14 3 47
14 4 45
14 5 38
14 6 47
14 7 52
14 8 33
14 9 18
14 10 20
14 11 5
14 12 42
14 13 33
15 0 25
15 1 11
15 2 19
15 3 44
15 4 6
15 5 14
15 6 14
15 7 32
15 8 35
15 9 35
15 10 24
15 11 18
15 12 49
15 13 37
15 14 22
16 0 33
16 1 3
16 2 49
16 3 54
16 4 7
16 5 11
16 6 8
16 7 18
16 8 49
16 9 39
16 10 32
16 11 24
16 12 6
16 13 44
16 14 7
16 15 26
17 0 3
17 1 45
17 2 47
17 3 4
17 4 19
17 5 29
17 6 34
17 7 3
17 8 47
17 9 45
17 10 37
17 11 32
17 12 25
17 13 52
17 14 10
17 15 14
17 16 21
18 0 22
18 1 41
18 2 54
18 3 36
18 4 39
18 5 35
18 6 36
18 7 3
18 8 45
18 9 5
18 10 40
18 11 37
18 12 50
18 13 49
18 14 24
18 15 40
18 16 55
18 17 12
19 0 2
19 1 20
19 2 14
19 3 24
19 4 38
19 5 41
19 6 8
19 7 10
19 8 24
19 9 17
19 10 53
19 11 5
19 12 32
19 13 15
19 14 55
19 15 54
19 16 27
19 17 45
19 18 40
20 0 12
20 1 32
20 2 14
20 3 33
20 4 47
20 5 50
20 6 12
20 7 18
20 8 18
20 9 35
20 10 48
20 11 46
20 12 9
20 13 33
20 14 25
20 15 12
20 16 5
20 17 17
20 18 36
20 19 17
21 0 53
21 1 17
21 2 46
21 3 45
21 4 44
21 5 46
21 6 50
21 7 6
21 8 3
21 9 4
21 10 18
21 11 51
21 12 13
21 13 18
21 14 48
21 15 51
21 16 5
21 17 14
21 18 42
21 19 32
21 20 45
22 0 38
22 1 18
22 2 51
22 3 46
22 4 34
22 5 40
22 6 10
22 7 21
22 8 44
22 9 43
22 10 8
22 11 33
22 12 35
22 13 23
22 14 7
22 15 11
22 16 20
22 17 4
22 18 30
22 19 45
22 20 54
22 21 2
23 0 31
23 1 26
23 2 3
23 3 40
23 4 27
23 5 45
23 6 28
23 7 12
23 8 38
23 9 12
23 10 15
23 11 33
23 12 9
23 13 41
23 14 54
23 15 54
23 16 16
23 17 33
23 18 15
23 19 14
23 20 10
23 21 32
23 22 29
24 0 41
24 1 39
24 2 34
24 3 48
24 4 40
24 5 8
24 6 26
24 7 49
24 8 51
24 9 55
24 10 12
24 11 25
24 12 55
24 13 27
24 14 53
24 15 17
24 16 21
24 17 37
24 18 49
24 19 40
24 20 44
24 21 15
24 22 43
24 23 9
25 0 36
25 1 31
25 2 30
25 3 34
25 4 4
25 5 8
25 6 16
25 7 17
25 8 55
25 9 9
25 10 50
25 11 50
25 12 52
25 13 21
25 14 32
25 15 13
25 16 9
25 17 17
25 18 16
25 19 13
25 20 17
25 21 5
25 22 19
25 23 43
25 24 2
26 0 7
26 1 38
26 2 29
26 3 41
26 4 16
26 5 12
26 6 42
26 7 50
26 8 23
26 9 30
26 10 55
26 11 12
26 12 26
26 13 53
26 14 4
26 15 42
26 16 23
26 17 28
26 18 30
26 19 3
26 20 46
26 21 9
26 22 48
26 23 7
26 24 38
26 25 2
27 0 38
27 1 41
27 2 51
27 3 39
27 4 5
27 5 48
27 6 36
27 7 6
27 8 49
27 9 2
27 10 12
27 11 45
27 12 54
27 13 33
27 14 16
27 15 28
27 16 24
27 17 36
27 18 51
27 19 48
27 20 8
27 21 8
27 22 12
27 23 22
27 24 42
27 25 32
27 26 39
28 0 39
28 1 29
28 2 25
28 3 6
28 4 24
28 5 10
28 6 49
28 7 38
28 8 43
28 9 49
28 10 33
28 11 29
28 12 9
28 13 13
28 14 51
28 15 23
28 16 44
28 17 13
28 18 20
28 19 2
28 20 52
28 21 18
28 22 19
28 23 2
28 24 12
28 25 37
28 26 40
28 27 37
29 0 10
29 1 2
29 2 20
29 3 24
29 4 9
29 5 22
29 6 55
29 7 41
29 8 2
29 9 40
29 10 46
29 11 36
29 12 15
29 13 52
29 14 54
29 15 6
29 16 29
29 17 40
29 18 28
29 19 11
29 20 48
29 21 33
29 22 33
29 23 31
29 24 55
29 25 50
29 26 16
29 27 36
29 28 13
30 0 7
30 1 36
30 2 44
30 3 6
30 4 49
30 5 29
30 6 7
30 7 2
30 8 33
30 9 54
30 10 34
30 11 5
30 12 27
30 13 14
30 14 10
30 15 51
30 16 32
30 17 45
30 18 25
30 19 29
30 20 46
30 21 40
30 22 22
30 23 16
30 24 23
30 25 31
30 26 17
30 27 27
30 28 49
30 29 32
31 0 28
31 1 9
31 2 48
31 3 36
31 4 3
31 5 5
31 6 21
31 7 27
31 8 9
31 9 19
31 10 44
31 11 51
31 12 54
31 13 27
31 14 17
31 15 23
31 16 13
31 17 30
31 18 16
31 19 55
31 20 42
31 21 10
31 22 49
31 23 16
31 24 46
31 25 49
31 26 44
31 27 18
31 28 44
31 29 51
31 30 50
32 0 22
32 1 41
32 2 21
32 3 35
32 4 5
32 5 46
32 6 43
32 7 37
32 8 4
32 9 39
32 10 39
32 11 37
32 12 41
32 13 54
32 14 47
32 15 15
32 16 10
32 17 54
32 18 2
32 19 12
32 20 32
32 21 2
32 22 14
32 23 29
32 24 47
32 25 47
32 26 5
32 27 5
32 28 48
32 29 9
32 30 29
32 31 6
33 0 4
33 1 22
33 2 18
33 3 6
33 4 50
33 5 3
33 6 28
33 7 30
33 8 28
33 9 11
33 10 21
33 11 25
33 12 39
33 13 8
33 14 30
33 15 12
33 16 5
33 17 13
33 18 22
33 19 37
33 20 40
33 21 26
33 22 11
33 23 14
33 24 52
33 25 49
33 26 52
33 27 30
33 28 4
33 29 38
33 30 17
33 31 36
33 32 5
34 0 54
34 1 33
34 2 21
34 3 42
34 4 35
34 5 22
34 6 51
34 7 22
34 8 52
34 9 12
34 10 25
34 11 31
34 12 48
34 13 39
34 14 13
34 15 18
34 16 6
34 17 46
34 18 41
34 19 44
34 20 4
34 21 17
34 22 4
34 23 2
34 24 1
34 25 9
34 26 39
34 27 41
34 28 18
34 29 2
34 30 12
34 31 8
34 32 1
34 33 53
35 0 33
35 1 55
35 2 2
35 3 22
35 4 23
35 5 46
35 6 34
35 7 44
35 8 35
35 9 27
35 10 2
35 11 14
35 12 14
35 13 48
35 14 20
35 15 38
35 16 39
35 17 22
35 18 11
35 19 37
35 20 47
35 21 34
35 22 22
35 23 9
35 24 3
35 25 39
35 26 11
35 27 19
35 28 33
35 29 8
35 30 27
35 31 21
35 32 23
35 33 40
35 34 46
36 0 14
36 1 46
36 2 23
36 3 44
36 4 22
36 5 7
36 6 10
36 7 25
36 8 55
36 9 31
36 10 19
36 11 7
36 12 29
36 13 39
36 14 20
36 15 1
36 16 12
36 17 53
36 18 6
36 19 49
36 20 5
36 21 27
36 22 42
36 23 12
36 24 36
36 25 11
36 26 15
36 27 26
36 28 2
36 29 28
36 30 41
36 31 12
36 32 32
36 33 42
36 34 11
36 35 27
37 0 55
37 1 38
37 2 45
37 3 25
37 4 32
37 5 16
37 6 11
37 7 18
37 8 10
37 9 9
37 10 44
37 11 6
37 12 40
37 13 45
37 14 55
37 15 30
37 16 45
37 17 44
37 18 42
37 19 30
37 20 19
37 21 30
37 22 1
37 23 35
37 24 22
37 25 9
37 26 41
37 27 29
37 28 49
37 29 3
37 30 48
37 31 37
37 32 21
37 33 19
37 34 8
37 35 23
37 36 30
38 0 1
38 1 40
38 2 12
38 3 41
38 4 17
38 5 8
38 6 51
38 7 53
38 8 19
38 9 48
38 10 7
38 11 1
38 12 19
38 13 35
38 14 5
38 15 37
38 16 47
38 17 9
38 18 41
38 19 12
38 20 43
38 21 10
38 22 42
38 23 34
38 24 19
38 25 35
38 26 45
38 27 8
38 28 46
38 29 29
38 30 13
38 31 20
38 32 12
38 33 55
38 34 52
38 35 35
38 36 46
38 37 10
39 0 23
39 1 30
39 2 30
39 3 21
39 4 39
39 5 11
39 6 24
39 7 22
39 8 9
39 9 46
39 10 29
39 11 48
39 12 10
39 13 31
39 14 23
39 15 21
39 16 9
39 17 7
39 18 35
39 19 18
39 20 23
39 21 39
39 22 13
39 23 51
39 24 52
39 25 27
39 26 49
39 27 54
39 28 5
39 29 34
39 30 16
39 31 2
39 32 27
39 33 7
39 34 1
39 35 16
39 36 6
39 37 38
39 38 53
40 0 10
40 1 49
40 2 1
40 3 41
40 4 37
40 5 32
40 6 49
40 7 14
40 8 32
40 9 37
40 10 45
40 11 42
40 12 25
40 13 30
40 14 17
40 15 20
40 16 51
40 17 10
40 18 20
40 19 54
40 20 29
40 21 7
40 22 43
40 23 38
40 24 15
40 25 30
40 26 17
40 27 29
40 28 30
40 29 27
40 30 40
40 31 47
40 32 18
40 33 44
40 34 22
40 35 51
40 36 29
40 37 11
40 38 55
40 39 14
41 0 50
41 1 30
41 2 4
41 3 55
41 4 8
41 5 18
41 6 9
41 7 23
41 8 46
41 9 40
41 10 25
41 11 55
41 12 27
41 13 2
41 14 38
41 15 1
41 16 49
41 17 2
41 18 42
41 19 25
41 20 15
41 21 48
41 22 23
41 23 39
41 24 19
41 25 19
41 26 14
41 27 16
41 28 46
41 29 32
41 30 7
41 31 33
41 32 26
41 33 46
41 34 17
41 35 31
41 36 15
41 37 30
41 38 20
41 39 26
41 40 34
42 0 6
42 1 13
42 2 30
42 3 32
42 4 44
42 5 17
42 6 42
42 7 19
42 8 55
42 9 12
42 10 24
42 11 47
42 12 37
42 13 49
42 14 11
42 15 53
42 16 25
42 17 48
42 18 21
42 19 27
42 20 2
42 21 55
42 22 11
42 23 19
42 24 50
42 25 4
42 26 4
42 27 26
42 28 8
42 29 54
42 30 55
42 31 3
42 32 55
42 33 20
42 34 41
42 35 32
42 36 51
42 37 2
42 38 25
42 39 32
42 40 30
42 41 26
43 0 44
43 1 49
43 2 12
43 3 8
43 4 40
43 5 10
43 6 54
43 7 36
43 8 34
43 9 48
43 10 10
43 11 42
43 12 18
43 13 34
43 14 2
43 15 54
43 16 11
43 17 4
43 18 38
43 19 2
43 20 21
43 21 33
43 22 48
43 23 30
43 24 51
43 25 16
43 26 54
43 27 45
43 28 12
43 29 5
43 30 25
43 31 28
43 32 7
43 33 14
43 34 14
43 35 15
43 36 45
43 37 15
43 38 19
43 39 8
43 40 44
43 41 52
43 42 23
44 0 7
44 1 2
44 2 25
44 3 47
44 4 45
44 5 6
44 6 15
44 7 2
44 8 34
44 9 29
44 10 34
44 11 25
44 12 35
44 13 1
44 14 30
44 15 10
44 16 7
44 17 11
44 18 52
44 19 34
44 20 22
44 21 45
44 22 10
44 23 30
44 24 19
44 25 45
44 26 47
44 27 55
44 28 4
44 29 38
44 30 11
44 31 32
44 32 17
44 33 45
44 34 2
44 35 52
44 36 27
44 37 2
44 38 4
44 39 41
44 40 47
44 41 15
44 42 13
44 43 16
45 0 39
45 1 10
45 2 16
45 3 45
45 4 52
45 5 15
45 6 43
45 7 38
45 8 24
45 9 33
45 10 12
45 11 21
45 12 29
45 13 16
45 14 48
45 15 55
45 16 18
45 17 24
45 18 42
45 19 20
45 20 7
45 21 54
45 22 40
45 23 20
45 24 10
45 25 45
45 26 19
45 27 36
45 28 52
45 29 3
45 30 26
45 31 17
45 32 1
45 33 16
45 34 32
45 35 46
45 36 51
45 37 23
45 38 48
45 39 27
45 40 8
45 41 1
45 42 16
45 43 2
45 44 6
46 0 33
46 1 36
46 2 25
46 3 3
46 4 13
46 5 22
46 6 48
46 7 54
46 8 18
46 9 54
46 10 6
46 11 15
46 12 21
46 13 46
46 14 23
46 15 12
46 16 16
46 17 14
46 18 14
46 19 5
46 20 24
46 21 33
46 22 24
46 23 14
46 24 17
46 25 7
46 26 35
46 27 17
46 28 2
46 29 42
46 30 24
46 31 25
46 32 24
46 33 54
46 34 9
46 35 35
46 36 43
46 37 28
46 38 12
46 39 53
46 40 31
46 41 24
46 42 43
46 43 22
46 44 18
46 45 14
47 0 4
47 1 8
47 2 5
47 3 22
47 4 18
47 5 39
47 6 29
47 7 43
47 8 26
47 9 47
47 10 48
47 11 9
47 12 55
47 13 51
47 14 28
47 15 23
47 16 30
47 17 6
47 18 19
47 19 1
47 20 4
47 21 42
47 22 45
47 23 12
47 24 51
47 25 41
47 26 51
47 27 51
47 28 53
47 29 29
47 30 24
47 31 12
47 32 24
47 33 20
47 34 33
47 35 40
47 36 34
47 37 53
47 38 43
47 39 38
47 40 4
47 41 15
47 42 43
47 43 17
47 44 19
47 45 22
47 46 41
