56
1 0 6
2 0 4
2 1 12
3 0 15
3 1 10
3 2 2
4 0 3
4 1 6
4 2 10
4 3 6
5 0 9
5 1 15
5 2 1
5 3 3
5 4 14
6 0 6
6 1 14
6 2 15
6 3 6
6 4 1
6 5 8
7 0 9
7 1 5
7 2 1
7 3 2
7 4 3
7 5 7
7 6 13
8 0 11
8 1 1
8 2 3
8 3 1
8 4 11
8 5 10
8 6 9
8 7 7
9 0 15
9 1 3
9 2 4
9 3 5
9 4 9
9 5 10
9 6 12
9 7 8
9 8 11
10 0 3
10 1 1
10 2 3
10 3 14
10 4 3
10 5 3
10 6 11
10 7 15
10 8 2
10 9 14
11 0 10
11 1 7
11 2 9
11 3 1
11 4 3
11 5 6
11 6 4
11 7 15
11 8 3
11 9 8
11 10 2
12 0 14
12 1 11
12 2 1
12 3 6
12 4 13
12 5 7
12 6 15
12 7 12
12 8 14
12 9 14
12 10 4
12 11 5
13 0 6
13 1 6
13 2 6
13 3 15
13 4 15
13 5 8
13 6 13
13 7 2
13 8 2
13 9 6
13 10 4
13 11 3
13 12 12
14 0 7
14 1 9
14 2 1
14 3 13
14 4 9
14 5 1
14 6 11
14 7 6
14 8 15
14 9 14
14 10 2
14 11 1
14 12 15
14 13 5
15 0 5
15 1 11
15 2 13
15 3 10
15 4 11
15 5 13
15 6 12
15 7 1
15 8 1
15 9 3
15 10 1
15 11 13
15 12 8
15 13 10
15 14 12
16 0 10
16 1 9
16 2 5
16 3 3
16 4 9
16 5 9
16 6 8
16 7 6
16 8 7
16 9 8
16 10 8
16 11 1
16 12 6
16 13 2
16 14 12
16 15 5
17 0 8
17 1 6
17 2 15
17 3 11
17 4 13
17 5 8
17 6 9
17 7 3
17 8 6
17 9 12
17 10 14
17 11 4
17 12 7
17 13 14
17 14 7
17 15 6
17 16 1
18 0 15
18 1 11
18 2 11
18 3 5
18 4 1
18 5 1
18 6 5
18 7 6
18 8 8
18 9 2
18 10 11
18 11 4
18 12 10
18 13 15
18 14 5
18 15 6
18 16 13
18 17 5
19 0 6
19 1 10
19 2 1
19 3 10
19 4 11
19 5 7
19 6 6
19 7 13
19 8 10
19 9 1
19 10 8
19 11 14
19 12 1
19 13 15
19 14 8
19 15 3
19 16 5
19 17 12
19 18 14
20 0 6
20 1 6
20 2 7
20 3 14
20 4 1
20 5 6
20 6 13
20 7 3
20 8 3
20 9 2
20 10 1
20 11 15
20 12 15
20 13 9
20 14 6
20 15 5
20 16 2
20 17 8
20 18 15
20 19 7
21 0 3
21 1 3
21 2 10
21 3 1
21 4 10
21 5 5
21 6 14
21 7 1
21 8 6
21 9 15
21 10 6
21 11 12
21 12 9
21 13 3
21 14 8
21 15 6
21 16 15
21 17 2
21 18 6
21 19 10
21 20 9
22 0 1
22 1 9
22 2 8
22 3 14
22 4 5
22 5 2
22 6 6
22 7 1
22 8 15
22 9 3
22 10 7
22 11 5
22 12 3
22 13 14
22 14 11
22 15 5
22 16 12
22 17 8
22 18 15
22 19 14
22 20 7
22 21 4
23 0 7
23 1 3
23 2 4
23 3 14
23 4 9
23 5 7
23 6 7
23 7 7
23 8 12
23 9 2
23 10 7
23 11 15
23 12 7
23 13 11
23 14 1
23 15 6
23 16 13
23 17 3
23 18 3
23 19 9
23 20 12
23 21 3
23 22 15
24 0 14
24 1 15
24 2 9
24 3 10
24 4 3
24 5 5
24 6 6
24 7 14
24 8 13
24 9 6
24 10 1
24 11 7
24 12 7
24 13 8
24 14 12
24 15 8
24 16 1
24 17 12
24 18 15
24 19 10
24 20 15
24 21 1
24 22 5
24 23 6
25 0 4
25 1 4
25 2 2
25 3 2
25 4 1
25 5 11
25 6 11
25 7 7
25 8 3
25 9 11
25 10 2
25 11 15
25 12 14
25 13 6
25 14 6
25 15 4
25 16 2
25 17 3
25 18 1
25 19 8
25 20 15
25 21 15
25 22 13
25 23 7
25 24 11
26 0 7
26 1 14
26 2 13
26 3 1
26 4 9
26 5 1
26 6 6
26 7 15
26 8 6
26 9 13
26 10 8
26 11 8
26 12 4
26 13 14
26 14 15
26 15 8
26 16 12
26 17 4
26 18 5
26 19 10
26 20 14
26 21 3
26 22 6
26 23 4
26 24 14
26 25 3
27 0 5
27 1 10
27 2 15
27 3 3
27 4 1
27 5 1
27 6 10
27 7 13
27 8 3
27 9 6
27 10 9
27 11 9
27 12 13
27 13 1
27 14 10
27 15 15
27 16 13
27 17 4
27 18 13
27 19 1
27 20 6
27 21 15
27 22 4
27 23 6
27 24 12
27 25 11
27 26 15
28 0 1
28 1 15
28 2 9
28 3 11
28 4 6
28 5 4
28 6 10
28 7 2
28 8 10
28 9 13
28 10 15
28 11 12
28 12 15
28 13 4
28 14 10
28 15 6
28 16 10
28 17 14
28 18 5
28 19 12
28 20 10
28 21 13
28 22 5
28 23 13
28 24 14
28 25 14
28 26 11
28 27 15
29 0 3
29 1 12
29 2 2
29 3 7
29 4 9
29 5 8
29 6 11
29 7 11
29 8 9
29 9 14
29 10 1
29 11 15
29 12 8
29 13 12
29 14 6
29 15 5
29 16 8
29 17 8
29 18 13
29 19 3
29 20 4
29 21 5
29 22 6
29 23 14
29 24 3
29 25 2
29 26 13
29 27 11
29 28 7
30 0 15
30 1 14
30 2 15
30 3 2
30 4 2
30 5 15
30 6 11
30 7 2
30 8 13
30 9 1
30 10 3
30 11 5
30 12 1
30 13 13
30 14 7
30 15 7
30 16 6
30 17 3
30 18 12
30 19 12
30 20 9
30 21 7
30 22 13
30 23 4
30 24 14
30 25 1
30 26 2
30 27 2
30 28 3
30 29 10
31 0 8
31 1 3
31 2 5
31 3 11
31 4 10
31 5 1
31 6 12
31 7 15
31 8 10
31 9 6
31 10 9
31 11 1
31 12 3
31 13 14
31 14 8
31 15 12
31 16 6
31 17 1
31 18 8
31 19 3
31 20 11
31 21 14
31 22 14
31 23 3
31 24 3
31 25 5
31 26 14
31 27 13
31 28 11
31 29 3
31 30 4
32 0 6
32 1 5
32 2 3
32 3 7
32 4 1
32 5 9
32 6 2
32 7 13
32 8 13
32 9 7
32 10 7
32 11 8
32 12 13
32 13 8
32 14 3
32 15 2
32 16 5
32 17 13
32 18 3
32 19 6
32 20 15
32 21 10
32 22 13
32 23 14
32 24 12
32 25 3
32 26 3
32 27 9
32 28 2
32 29 15
32 30 3
32 31 5
33 0 4
33 1 10
33 2 2
33 3 3
33 4 9
33 5 6
33 6 14
33 7 8
33 8 8
33 9 11
33 10 9
33 11 2
33 12 6
33 13 12
33 14 10
33 15 7
33 16 6
33 17 5
33 18 11
33 19 2
33 20 14
33 21 11
33 22 6
33 23 8
33 24 4
33 25 9
33 26 2
33 27 5
33 28 13
33 29 3
33 30 13
33 31 13
33 32 1
34 0 14
34 1 4
34 2 14
34 3 10
34 4 10
34 5 2
34 6 12
34 7 12
34 8 15
34 9 7
34 10 10
34 11 5
34 12 2
34 13 15
34 14 1
34 15 9
34 16 8
34 17 3
34 18 4
34 19 12
34 20 13
34 21 12
34 22 9
34 23 6
34 24 6
34 25 1
34 26 4
34 27 10
34 28 3
34 29 12
34 30 14
34 31 15
34 32 9
34 33 15
35 0 3
35 1 5
35 2 2
35 3 5
35 4 9
35 5 8
35 6 1
35 7 7
35 8 13
35 9 10
35 10 4
35 11 5
35 12 15
35 13 13
35 14 9
35 15 2
35 16 1
35 17 15
35 18 9
35 19 15
35 20 3
35 21 15
35 22 15
35 23 5
35 24 9
35 25 10
35 26 13
35 27 4
35 28 11
35 29 10
35 30 15
35 31 15
35 32 12
35 33 12
35 34 15
36 0 6
36 1 10
36 2 6
36 3 10
36 4 3
36 5 5
36 6 14
36 7 2
36 8 15
36 9 2
36 10 5
36 11 6
36 12 12
36 13 14
36 14 7
36 15 2
36 16 5
36 17 1
36 18 9
36 19 12
36 20 15
36 21 2
36 22 3
36 23 4
36 24 6
36 25 4
36 26 13
36 27 3
36 28 3
36 29 8
36 30 13
36 31 8
36 32 14
36 33 1
36 34 11
36 35 8
37 0 3
37 1 12
37 2 1
37 3 5
37 4 6
37 5 9
37 6 6
37 7 2
37 8 14
37 9 12
37 10 4
37 11 11
37 12 6
37 13 2
37 14 5
37 15 8
37 16 2
37 17 5
37 18 3
37 19 7
37 20 9
37 21 2
37 22 9
37 23 1
37 24 8
37 25 6
37 26 9
37 27 4
37 28 6
37 29 14
37 30 8
37 31 14
37 32 8
37 33 9
37 34 4
37 35 4
37 36 15
38 0 2
38 1 11
38 2 8
38 3 12
38 4 9
38 5 11
38 6 6
38 7 3
38 8 13
38 9 1
38 10 10
38 11 4
38 12 4
38 13 8
38 14 8
38 15 2
38 16 8
38 17 13
38 18 1
38 19 14
38 20 1
38 21 2
38 22 10
38 23 14
38 24 5
38 25 7
38 26 2
38 27 4
38 28 2
38 29 10
38 30 14
38 31 4
38 32 8
38 33 11
38 34 9
38 35 4
38 36 9
38 37 7
39 0 15
39 1 12
39 2 9
39 3 1
39 4 14
39 5 15
39 6 8
39 7 5
39 8 4
39 9 5
39 10 6
39 11 13
39 12 15
39 13 2
39 14 4
39 15 13
39 16 2
39 17 3
39 18 3
39 19 7
39 20 12
39 21 12
39 22 3
39 23 11
39 24 14
39 25 6
39 26 4
39 27 1
39 28 10
39 29 4
39 30 12
39 31 15
39 32 13
39 33 5
39 34 13
39 35 15
39 36 6
39 37 14
39 38 14
40 0 11
40 1 5
40 2 15
40 3 11
40 4 5
40 5 6
40 6 11
40 7 3
40 8 14
40 9 15
40 10 9
40 11 4
40 12 14
40 13 5
40 14 4
40 15 5
40 16 12
40 17 2
40 18 6
40 19 6
40 20 13
40 21 14
40 22 2
40 23 8
40 24 11
40 25 3
40 26 14
40 27 3
40 28 15
40 29 5
40 30 12
40 31 11
40 32 11
40 33 13
40 34 1
40 35 4
40 36 1
40 37 12
40 38 1
40 39 15
41 0 10
41 1 5
41 2 12
41 3 14
41 4 8
41 5 4
41 6 1
41 7 6
41 8 1
41 9 15
41 10 13
41 11 6
41 12 5
41 13 13
41 14 6
41 15 8
41 16 3
41 17 2
41 18 10
41 19 15
41 20 4
41 21 5
41 22 1
41 23 3
41 24 4
41 25 13
41 26 9
41 27 9
41 28 8
41 29 4
41 30 13
41 31 1
41 32 15
41 33 11
41 34 12
41 35 2
41 36 15
41 37 12
41 38 15
41 39 15
41 40 8
42 0 1
42 1 15
42 2 7
42 3 2
42 4 10
42 5 7
42 6 9
42 7 5
42 8 11
42 9 4
42 10 5
42 11 1
42 12 11
42 13 14
42 14 14
42 15 12
42 16 5
42 17 11
42 18 12
42 19 9
42 20 10
42 21 8
42 22 6
42 23 10
42 24 8
42 25 14
42 26 5
42 27 4
42 28 1
42 29 15
42 30 7
42 31 13
42 32 3
42 33 8
42 34 14
42 35 9
42 36 9
42 37 12
42 38 15
42 39 1
42 40 12
42 41 3
43 0 4
43 1 14
43 2 1
43 3 6
43 4 3
43 5 11
43 6 2
43 7 5
43 8 10
43 9 13
43 10 5
43 11 12
43 12 3
43 13 14
43 14 5
43 15 9
43 16 8
43 17 3
43 18 10
43 19 4
43 20 15
43 21 6
43 22 2
43 23 7
43 24 6
43 25 5
43 26 7
43 27 11
43 28 10
43 29 10
43 30 13
43 31 10
43 32 2
43 33 1
43 34 7
43 35 15
43 36 8
43 37 12
43 38 1
43 39 4
43 40 4
43 41 3
43 42 15
44 0 13
44 1 2
44 2 11
44 3 7
44 4 4
44 5 12
44 6 9
44 7 12
44 8 14
44 9 4
44 10 13
44 11 11
44 12 2
44 13 10
44 14 8
44 15 13
44 16 4
44 17 12
44 18 1
44 19 15
44 20 2
44 21 15
44 22 11
44 23 2
44 24 12
44 25 15
44 26 3
44 27 3
44 28 2
44 29 4
44 30 14
44 31 13
44 32 13
44 33 13
44 34 5
44 35 15
44 36 6
44 37 10
44 38 15
44 39 3
44 40 2
44 41 7
44 42 8
44 43 10
45 0 15
45 1 10
45 2 8
45 3 13
45 4 4
45 5 5
45 6 5
45 7 9
45 8 10
45 9 4
45 10 12
45 11 8
45 12 3
45 13 8
45 14 10
45 15 10
45 16 1
45 17 4
45 18 6
45 19 6
45 20 6
45 21 3
45 22 6
45 23 12
45 24 4
45 25 7
45 26 10
45 27 14
45 28 13
45 29 4
45 30 12
45 31 8
45 32 10
45 33 2
45 34 13
45 35 2
45 36 14
45 37 15
45 38 2
45 39 13
45 40 9
45 41 9
45 42 13
45 43 2
45 44 15
46 0 9
46 1 15
46 2 11
46 3 13
46 4 7
46 5 5
46 6 1
46 7 11
46 8 13
46 9 11
46 10 4
46 11 15
46 12 13
46 13 7
46 14 2
46 15 12
46 16 10
46 17 8
46 18 5
46 19 12
46 20 14
46 21 4
46 22 7
46 23 3
46 24 2
46 25 2
46 26 11
46 27 7
46 28 1
46 29 1
46 30 7
46 31 15
46 32 5
46 33 5
46 34 5
46 35 9
46 36 10
46 37 5
46 38 9
46 39 6
46 40 10
46 41 7
46 42 4
46 43 4
46 44 4
46 45 11
47 0 8
47 1 5
47 2 14
47 3 9
47 4 15
47 5 13
47 6 5
47 7 3
47 8 3
47 9 3
47 10 12
47 11 1
47 12 14
47 13 14
47 14 10
47 15 1
47 16 11
47 17 6
47 18 1
47 19 11
47 20 8
47 21 13
47 22 2
47 23 14
47 24 8
47 25 9
47 26 11
47 27 9
47 28 4
47 29 6
47 30 2
47 31 6
47 32 7
47 33 8
47 34 4
47 35 11
47 36 11
47 37 2
47 38 10
47 39 4
47 40 9
47 41 6
47 42 6
47 43 14
47 44 11
47 45 11
47 46 8
48 0 11
48 1 5
48 2 4
48 3 12
48 4 5
48 5 10
48 6 8
48 7 9
48 8 10
48 9 9
48 10 4
48 11 7
48 12 3
48 13 10
48 14 4
48 15 5
48 16 7
48 17 11
48 18 11
48 19 2
48 20 14
48 21 5
48 22 9
48 23 10
48 24 12
48 25 5
48 26 9
48 27 14
48 28 5
48 29 14
48 30 7
48 31 14
48 32 6
48 33 12
48 34 9
48 35 6
48 36 4
48 37 2
48 38 7
48 39 15
48 40 9
48 41 12
48 42 3
48 43 6
48 44 3
48 45 8
48 46 2
48 47 11
49 0 5
49 1 8
49 2 13
49 3 13
49 4 13
49 5 11
49 6 15
49 7 10
49 8 13
49 9 11
49 10 9
49 11 6
49 12 13
49 13 13
49 14 11
49 15 8
49 16 7
49 17 13
49 18 4
49 19 4
49 20 3
49 21 7
49 22 11
49 23 8
49 24 10
49 25 7
49 26 6
49 27 14
49 28 5
49 29 10
49 30 6
49 31 7
49 32 8
49 33 5
49 34 14
49 35 11
49 36 13
49 37 5
49 38 7
49 39 3
49 40 15
49 41 5
49 42 3
49 43 5
49 44 14
49 45 14
49 46 10
49 47 3
49 48 9
50 0 2
50 1 14
50 2 9
50 3 12
50 4 14
50 5 6
50 6 7
50 7 5
50 8 15
50 9 11
50 10 8
50 11 13
50 12 4
50 13 13
50 14 7
50 15 9
50 16 14
50 17 5
50 18 9
50 19 2
50 20 6
50 21 8
50 22 8
50 23 8
50 24 3
50 25 2
50 26 2
50 27 5
50 28 1
50 29 5
50 30 4
50 31 3
50 32 3
50 33 11
50 34 9
50 35 2
50 36 15
50 37 5
50 38 2
50 39 6
50 40 10
50 41 3
50 42 5
50 43 14
50 44 15
50 45 6
50 46 8
50 47 2
50 48 1
50 49 7
51 0 3
51 1 5
51 2 6
51 3 4
51 4 9
51 5 14
51 6 6
51 7 15
51 8 7
51 9 10
51 10 2
51 11 1
51 12 10
51 13 11
51 14 9
51 15 9
51 16 7
51 17 14
51 18 6
51 19 5
51 20 12
51 21 3
51 22 14
51 23 1
51 24 6
51 25 13
51 26 14
51 27 11
51 28 5
51 29 5
51 30 9
51 31 12
51 32 9
51 33 9
51 34 9
51 35 13
51 36 15
51 37 3
51 38 4
51 39 3
51 40 9
51 41 11
51 42 4
51 43 15
51 44 12
51 45 8
51 46 5
51 47 11
51 48 2
51 49 3
51 50 14
52 0 10
52 1 8
52 2 4
52 3 11
52 4 15
52 5 1
52 6 9
52 7 7
52 8 12
52 9 4
52 10 7
52 11 5
52 12 9
52 13 10
52 14 5
52 15 7
52 16 8
52 17 14
52 18 8
52 19 1
52 20 9
52 21 14
52 22 14
52 23 2
52 24 5
52 25 8
52 26 8
52 27 3
52 28 12
52 29 1
52 30 6
52 31 10
52 32 7
52 33 1
52 34 7
52 35 2
52 36 8
52 37 11
52 38 5
52 39 12
52 40 3
52 41 15
52 42 4
52 43 13
52 44 1
52 45 5
52 46 8
52 47 12
52 48 13
52 49 13
52 50 4
52 51 3
53 0 11
53 1 7
53 2 12
53 3 12
53 4 11
53 5 12
53 6 6
53 7 7
53 8 11
53 9 8
53 10 3
53 11 5
53 12 4
53 13 14
53 14 9
53 15 6
53 16 4
53 17 10
53 18 5
53 19 10
53 20 3
53 21 3
53 22 2
53 23 7
53 24 2
53 25 2
53 26 15
53 27 4
53 28 1
53 29 12
53 30 10
53 31 8
53 32 9
53 33 13
53 34 14
53 35 10
53 36 1
53 37 2
53 38 2
53 39 15
53 40 9
53 41 3
53 42 6
53 43 13
53 44 14
53 45 1
53 46 8
53 47 11
53 48 13
53 49 15
53 50 4
53 51 7
53 52 14
54 0 6
54 1 13
54 2 3
54 3 4
54 4 8
54 5 14
54 6 2
54 7 8
54 8 13
54 9 4
54 10 1
54 11 8
54 12 5
54 13 3
54 14 2
54 15 4
54 16 10
54 17 5
54 18 10
54 19 8
54 20 2
54 21 13
54 22 9
54 23 12
54 24 14
54 25 1
54 26 8
54 27 8
54 28 10
54 29 8
54 30 8
54 31 13
54 32 13
54 33 12
54 34 9
54 35 8
54 36 4
54 37 6
54 38 2
54 39 3
54 40 7
54 41 2
54 42 3
54 43 1
54 44 10
54 45 6
54 46 12
54 47 2
54 48 15
54 49 15
54 50 15
54 51 13
54 52 11
54 53 5
55 0 14
55 1 5
55 2 5
55 3 13
55 4 11
55 5 6
55 6 3
55 7 10
55 8 14
55 9 15
55 10 13
55 11 7
55 12 10
55 13 8
55 14 14
55 15 6
55 16 3
55 17 12
55 18 13
55 19 4
55 20 15
55 21 1
55 22 11
55 23 2
55 24 2
55 25 10
55 26 5
55 27 4
55 28 5
55 29 8
55 30 10
55 31 7
55 32 8
55 33 3
55 34 7
55 35 2
55 36 4
55 37 2
55 38 13
55 39 15
55 40 10
55 41 12
55 42 12
55 43 10
55 44 9
55 45 15
55 46 5
55 47 11
55 48 13
55 49 10
55 50 9
55 51 6
55 52 15
55 53 5
55 54 15
