21
1 0 7
2 0 11
2 1 3
3 0 5
3 1 11
3 2 14
4 0 7
4 1 1
4 2 6
4 3 12
5 0 6
5 1 7
5 2 4
5 3 2
5 4 9
6 0 7
6 1 1
6 2 10
6 3 3
6 4 4
6 5 3
7 0 4
7 1 4
7 2 12
7 3 14
7 4 7
7 5 1
7 6 3
8 0 3
8 1 7
8 2 5
8 3 2
8 4 2
8 5 8
8 6 3
8 7 4
9 0 6
9 1 9
9 2 1
9 3 3
9 4 4
9 5 10
9 6 10
9 7 14
9 8 1
10 0 6
10 1 1
10 2 2
10 3 11
10 4 12
10 5 3
10 6 10
10 7 11
10 8 4
10 9 8
11 0 6
11 1 3
11 2 3
11 3 1
11 4 3
11 5 12
11 6 9
11 7 12
11 8 11
11 9 6
11 10 14
12 0 11
12 1 3
12 2 6
12 3 2
12 4 6
12 5 6
12 6 7
12 7 5
12 8 13
12 9 9
12 10 8
12 11 5
13 0 9
13 1 2
13 2 8
13 3 13
13 4 11
13 5 9
13 6 12
13 7 10
13 8 7
13 9 5
13 10 1
13 11 8
13 12 4
14 0 11
14 1 14
14 2 1
14 3 13
14 4 13
14 5 10
14 6 5
14 7 11
14 8 4
14 9 4
14 10 3
14 11 9
14 12 6
14 13 10
15 0 5
15 1 5
15 2 7
15 3 7
15 4 1
15 5 5
15 6 2
15 7 8
15 8 14
15 9 8
15 10 14
15 11 11
15 12 5
15 13 3
15 14 9
16 0 1
16 1 12
16 2 2
16 3 5
16 4 11
16 5 14
16 6 13
16 7 6
16 8 10
16 9 8
16 10 9
16 11 5
16 12 10
16 13 6
16 14 5
16 15 3
17 0 7
17 1 7
17 2 10
17 3 12
17 4 12
17 5 8
17 6 12
17 7 2
17 8 2
17 9 14
17 10 2
17 11 14
17 12 10
17 13 1
17 14 5
17 15 12
17 16 10
18 0 6
18 1 8
18 2 9
18 3 14
18 4 10
18 5 5
18 6 2
18 7 6
18 8 5
18 9 6
18 10 5
18 11 12
18 12 7
18 13 3
18 14 11
18 15 1
18 16 1
18 17 7
19 0 12
19 1 14
19 2 14
19 3 1
19 4 9
19 5 10
19 6 10
19 7 14
19 8 6
19 9 8
19 10 12
19 11 5
19 12 6
19 13 12
19 14 5
19 15 2
19 16 8
19 17 5
19 18 12
20 0 4
20 1 3
20 2 9
20 3 13
20 4 4
20 5 4
20 6 9
20 7 5
20 8 13
20 9 11
20 10 13
20 11 13
20 12 6
20 13 10
20 14 14
20 15 13
20 16 14
20 17 2
20 18 7
20 19 6
