46
2 0 1
2 1 9
3 0 42
4 0 27
4 1 9
4 3 5
5 0 1
5 1 29
5 4 40
6 0 34
6 3 35
7 4 19
7 5 16
8 0 27
8 1 18
8 2 39
8 5 45
8 6 24
9 1 34
9 2 44
9 3 12
9 5 24
9 6 30
9 7 15
9 8 36
10 1 44
10 2 21
10 3 34
10 4 4
10 6 11
10 9 43
11 0 37
11 3 1
11 5 15
11 7 40
11 9 3
11 10 2
12 2 37
12 3 40
12 4 32
12 6 1
12 8 9
13 1 21
13 2 8
13 3 44
13 4 27
13 5 30
13 7 23
13 8 34
13 10 35
13 11 39
14 3 2
14 4 16
14 6 13
14 7 8
14 8 31
14 10 29
14 13 29
15 0 3
15 1 27
15 2 32
15 5 28
15 6 30
15 7 12
15 9 33
15 11 44
15 13 32
16 0 4
16 2 25
16 3 1
16 6 28
16 7 11
16 12 11
17 0 5
17 4 1
17 7 12
17 9 9
17 12 15
17 13 16
17 16 9
18 2 43
18 6 43
18 9 18
18 10 19
18 13 13
18 15 1
18 16 24
19 0 21
19 1 40
19 2 36
19 4 3
19 7 45
19 8 13
19 11 39
19 13 39
19 14 42
19 18 28
20 0 16
20 1 5
20 2 40
20 3 33
20 7 17
20 8 42
20 10 24
20 12 25
20 13 33
20 16 22
20 17 13
21 3 31
21 4 5
21 5 42
21 6 33
21 7 15
21 8 15
21 11 4
21 12 32
21 13 15
21 18 40
21 19 43
21 20 9
22 2 17
22 3 40
22 5 18
22 10 15
22 13 21
22 15 15
22 16 6
22 17 28
22 19 34
22 21 30
23 0 40
23 4 16
23 10 1
23 11 25
23 13 28
23 14 43
23 16 14
23 17 7
23 18 6
23 20 33
23 22 7
24 4 23
24 9 10
24 10 42
24 11 43
24 13 9
24 14 29
24 19 23
24 20 22
24 23 41
25 2 26
25 3 8
25 7 20
25 9 4
25 11 14
25 22 12
25 24 34
26 1 15
26 2 16
26 8 45
26 10 1
26 13 31
26 14 9
26 15 19
26 17 13
26 18 9
26 21 11
26 22 21
26 23 39
26 24 42
26 25 38
27 0 45
27 1 1
27 2 11
27 4 37
27 6 5
27 8 41
27 9 9
27 12 21
27 15 2
27 18 3
27 19 41
27 21 30
27 22 31
27 24 10
27 26 24
28 1 24
28 5 34
28 8 44
28 10 31
28 14 22
28 15 20
28 16 30
28 17 32
28 18 25
28 19 23
28 20 29
28 22 30
28 25 39
28 27 23
29 1 41
29 2 32
29 4 45
29 6 25
29 8 34
29 9 11
29 18 40
29 19 28
29 21 11
29 23 32
29 26 45
29 27 19
29 28 30
30 0 23
30 2 44
30 3 6
30 7 3
30 9 21
30 11 9
30 13 2
30 15 29
30 16 24
30 17 22
30 22 39
30 23 14
30 25 23
30 26 24
30 28 33
30 29 21
31 0 27
31 2 32
31 3 34
31 5 41
31 8 6
31 10 45
31 12 37
31 18 34
31 22 27
31 23 35
31 27 41
31 29 33
32 0 12
32 3 24
32 5 27
32 9 45
32 10 12
32 11 45
32 14 21
32 15 42
32 20 9
32 22 27
32 27 31
32 28 16
32 29 26
32 31 24
33 2 2
33 3 5
33 5 30
33 8 36
33 10 35
33 11 40
33 13 36
33 14 38
33 15 38
33 16 33
33 18 9
33 19 39
33 23 13
33 25 16
33 28 13
33 31 12
34 0 20
34 1 22
34 3 1
34 4 21
34 7 16
34 8 31
34 14 36
34 16 31
34 17 11
34 19 10
34 20 35
34 21 30
34 23 15
34 24 1
34 27 14
34 28 18
34 30 20
35 0 6
35 9 37
35 10 28
35 11 27
35 15 18
35 16 40
35 18 32
35 19 36
35 21 17
35 24 9
35 26 13
35 31 38
35 33 25
35 34 5
36 0 30
36 1 6
36 2 2
36 3 21
36 4 27
36 9 1
36 13 13
36 14 39
36 15 40
36 16 4
36 18 31
36 20 13
36 21 11
36 22 43
36 24 21
36 25 30
36 26 23
36 27 30
36 28 30
36 34 18
36 35 33
37 0 44
37 2 30
37 3 12
37 6 11
37 10 28
37 13 33
37 15 9
37 18 14
37 20 41
37 23 38
37 26 25
37 27 13
37 28 27
37 29 40
37 35 28
37 36 7
38 1 4
38 2 24
38 3 36
38 6 22
38 8 32
38 9 11
38 10 12
38 13 20
38 14 24
38 16 37
38 21 32
38 23 14
38 26 39
38 31 6
38 32 29
38 33 25
38 36 13
38 37 24
39 0 37
39 4 23
39 6 9
39 7 12
39 10 28
39 15 19
39 16 44
39 17 38
39 21 26
39 22 8
39 25 2
39 26 15
39 28 40
39 29 41
39 30 45
39 31 7
39 32 9
39 34 24
39 35 28
39 38 38
40 5 41
40 6 21
40 7 20
40 9 23
40 10 1
40 11 16
40 12 21
40 14 5
40 16 34
40 18 17
40 22 10
40 24 1
40 25 22
40 26 42
40 29 24
40 36 21
40 37 34
40 38 23
41 1 2
41 9 44
41 10 34
41 11 41
41 12 5
41 13 22
41 15 16
41 17 18
41 18 31
41 19 4
41 23 10
41 24 38
41 25 14
41 26 28
41 27 23
41 28 14
41 30 26
41 31 36
41 32 24
41 35 39
41 36 28
41 38 21
41 39 31
42 1 25
42 5 11
42 6 43
42 11 24
42 12 32
42 16 15
42 17 18
42 18 31
42 25 41
42 28 29
42 29 22
42 32 25
42 33 34
42 36 13
42 38 25
42 39 6
43 2 15
43 3 24
43 5 7
43 6 44
43 8 35
43 10 20
43 13 22
43 15 28
43 16 23
43 17 28
43 18 10
43 21 22
43 22 37
43 24 25
43 25 41
43 27 44
43 28 8
43 29 34
43 33 23
43 34 34
43 37 21
43 39 1
43 40 38
43 42 29
44 0 16
44 1 26
44 2 29
44 3 18
44 4 8
44 5 24
44 6 20
44 7 22
44 8 38
44 10 26
44 12 39
44 13 9
44 15 17
44 16 1
44 21 16
44 22 18
44 23 1
44 25 28
44 26 15
44 27 2
44 28 8
44 29 35
44 30 41
44 31 29
44 32 40
44 33 11
44 34 10
44 38 29
44 42 12
45 0 45
45 3 31
45 9 13
45 11 9
45 13 1
45 16 26
45 22 20
45 26 11
45 27 18
45 30 45
45 33 28
45 34 27
45 35 32
45 37 8
45 38 45
45 39 2
