65
1 0 4
2 0 7
3 0 3
3 1 9
4 0 5
4 2 8
4 3 6
5 1 6
5 2 6
6 1 6
6 3 3
7 0 5
7 3 1
7 4 7
7 6 3
8 0 5
8 3 4
8 5 7
8 6 1
8 7 3
9 3 9
9 5 4
9 6 9
9 7 5
10 0 5
10 2 8
10 3 6
10 5 4
10 8 8
10 9 9
11 3 7
11 4 7
11 8 8
11 9 7
12 0 6
12 1 1
12 3 5
12 7 9
12 8 9
12 10 2
12 11 1
13 0 5
13 5 6
13 6 1
13 7 7
13 10 1
13 11 4
13 12 2
14 2 2
14 3 5
14 4 3
14 5 4
14 6 7
14 9 2
14 10 7
14 11 4
14 12 5
14 13 9
15 1 6
15 7 8
15 8 1
15 12 4
15 13 1
15 14 2
16 2 8
16 7 5
16 9 4
16 12 3
16 14 4
16 15 9
17 0 7
17 4 7
17 5 1
17 7 7
17 8 8
17 9 2
17 16 4
18 0 1
18 3 5
18 4 8
18 5 9
18 6 9
18 7 3
18 11 5
18 13 7
18 15 6
18 16 1
19 6 8
19 7 4
19 9 9
19 11 1
19 12 8
19 13 1
19 14 3
19 15 2
19 16 7
19 18 6
20 0 4
20 4 2
20 5 4
20 8 8
20 10 7
20 12 7
20 14 9
20 15 8
20 17 9
21 4 4
21 8 3
21 10 1
21 12 2
21 13 8
21 16 3
21 17 7
22 0 7
22 1 3
22 5 3
22 6 3
22 7 2
22 8 3
22 11 4
22 12 1
22 13 6
22 17 1
22 18 4
23 1 8
23 2 2
23 3 3
23 6 1
23 9 6
23 12 2
23 13 7
23 16 7
23 17 2
23 19 8
23 21 3
23 22 3
24 1 6
24 2 3
24 3 8
24 5 1
24 10 5
24 12 6
24 13 3
24 17 1
24 19 6
24 21 2
25 1 6
25 2 2
25 4 2
25 8 5
25 10 1
25 11 3
25 13 5
25 16 2
25 17 6
25 18 1
25 20 9
25 21 5
25 23 8
25 24 9
26 0 8
26 2 9
26 3 6
26 4 7
26 5 6
26 6 1
26 8 1
26 9 3
26 13 3
26 16 5
26 18 2
26 21 6
26 22 8
26 23 5
26 24 9
26 25 6
27 0 4
27 1 8
27 3 1
27 4 8
27 6 9
27 7 5
27 9 6
27 10 1
27 11 3
27 12 2
27 17 1
27 18 2
27 20 2
27 21 9
27 23 4
27 24 1
27 25 6
27 26 1
28 0 7
28 3 9
28 5 5
28 7 5
28 8 5
28 9 7
28 10 8
28 11 1
28 13 2
28 14 7
28 16 5
28 17 2
28 18 6
28 19 3
28 20 4
28 25 3
28 26 7
29 1 6
29 2 6
29 5 9
29 8 7
29 13 1
29 16 8
29 17 1
29 19 8
29 20 9
29 22 6
29 23 2
29 26 8
29 28 4
30 0 4
30 2 4
30 4 4
30 6 8
30 7 9
30 12 4
30 14 2
30 15 1
30 16 9
30 18 3
30 19 6
30 20 9
30 25 6
30 28 8
30 29 1
31 0 2
31 1 8
31 3 8
31 5 7
31 7 7
31 8 3
31 9 9
31 12 5
31 14 5
31 15 6
31 17 4
31 19 7
31 20 5
31 21 8
31 25 3
32 1 6
32 2 3
32 6 4
32 7 9
32 9 7
32 10 9
32 11 7
32 20 8
32 23 9
32 24 5
32 26 3
32 29 1
32 30 3
32 31 3
33 5 9
33 10 9
33 16 8
33 20 7
33 22 1
33 23 1
33 24 7
33 27 2
33 30 6
33 31 8
34 8 7
34 9 8
34 10 8
34 11 9
34 13 8
34 14 6
34 15 8
34 17 8
34 18 6
34 21 1
34 23 3
34 24 9
34 25 9
34 27 1
34 29 4
34 30 2
34 31 5
35 1 4
35 2 4
35 3 6
35 4 1
35 5 9
35 6 7
35 8 6
35 9 1
35 11 5
35 12 2
35 13 1
35 15 6
35 16 8
35 17 3
35 20 5
35 21 8
35 22 4
35 24 1
35 25 2
35 26 5
35 29 2
35 32 3
35 33 1
35 34 9
36 1 3
36 2 7
36 6 4
36 8 7
36 10 2
36 15 9
36 16 5
36 19 3
36 20 4
36 22 9
36 23 6
36 24 4
36 26 3
36 33 4
36 34 4
36 35 7
37 1 3
37 11 5
37 18 3
37 19 7
37 21 1
37 22 1
37 25 5
37 27 6
37 28 3
37 32 2
37 33 9
37 34 3
37 35 9
38 1 1
38 2 8
38 5 2
38 7 3
38 9 7
38 15 7
38 16 6
38 19 5
38 20 5
38 22 1
38 23 5
38 24 8
38 25 6
38 26 5
38 28 2
38 30 6
38 31 2
38 32 3
38 34 5
38 37 3
39 2 1
39 3 9
39 4 7
39 5 4
39 6 3
39 9 3
39 10 4
39 12 7
39 13 4
39 14 9
39 15 1
39 16 7
39 17 2
39 18 9
39 21 6
39 23 4
39 24 7
39 26 9
39 27 8
39 28 5
39 31 2
39 32 1
39 33 2
39 34 3
39 37 3
39 38 3
40 1 8
40 2 7
40 3 4
40 5 5
40 6 4
40 7 1
40 8 9
40 9 7
40 10 8
40 13 1
40 14 4
40 15 7
40 16 2
40 18 1
40 19 2
40 22 3
40 23 2
40 26 1
40 29 3
40 31 9
40 32 8
40 36 4
40 37 3
40 39 5
41 3 6
41 5 5
41 6 1
41 7 6
41 8 2
41 10 5
41 12 7
41 17 4
41 20 3
41 23 8
41 26 7
41 28 2
41 29 4
41 30 2
41 32 4
41 34 1
41 35 4
41 36 7
41 37 2
41 38 1
42 1 1
42 2 5
42 7 8
42 10 3
42 12 8
42 14 3
42 15 6
42 18 6
42 19 7
42 22 7
42 24 6
42 26 9
42 27 2
42 29 7
42 32 4
42 35 6
42 36 1
42 37 2
42 39 6
42 40 7
42 41 5
43 0 6
43 2 6
43 3 3
43 4 9
43 6 9
43 7 2
43 8 6
43 13 5
43 15 7
43 18 7
43 20 2
43 21 9
43 24 5
43 27 8
43 28 4
43 29 3
43 32 8
43 33 8
43 35 5
43 36 7
44 0 2
44 13 6
44 16 2
44 17 6
44 18 5
44 19 9
44 20 2
44 25 4
44 26 5
44 27 9
44 28 7
44 29 2
44 32 3
44 33 5
44 34 2
44 36 1
44 37 5
44 38 8
44 42 6
44 43 1
45 2 6
45 6 7
45 8 1
45 10 8
45 14 9
45 17 7
45 18 7
45 19 9
45 21 8
45 22 9
45 23 4
45 24 7
45 25 2
45 26 2
45 28 6
45 29 4
45 30 9
45 31 9
45 32 1
45 33 5
45 34 4
45 37 2
45 39 3
45 41 3
45 42 9
45 43 5
46 3 9
46 4 6
46 5 6
46 6 5
46 9 3
46 10 4
46 15 6
46 16 6
46 19 7
46 20 8
46 22 5
46 26 3
46 28 9
46 29 2
46 30 3
46 32 8
46 34 8
46 35 7
46 36 6
46 37 8
46 43 2
46 45 1
47 0 9
47 1 6
47 3 7
47 5 6
47 6 3
47 8 3
47 9 5
47 12 3
47 16 2
47 17 8
47 18 6
47 19 5
47 20 7
47 21 4
47 22 7
47 23 5
47 27 2
47 31 2
47 33 8
47 35 7
47 36 8
47 37 8
47 38 1
47 42 9
47 44 6
47 45 6
48 2 3
48 5 7
48 6 5
48 8 4
48 9 2
48 11 8
48 12 9
48 13 4
48 14 3
48 19 7
48 20 3
48 22 4
48 25 9
48 26 7
48 27 3
48 30 5
48 34 7
48 36 4
48 38 6
48 39 7
48 40 2
48 41 5
48 42 6
48 47 2
49 0 6
49 2 6
49 5 2
49 7 1
49 9 2
49 10 8
49 11 3
49 12 7
49 15 8
49 16 1
49 17 1
49 18 6
49 19 3
49 24 7
49 26 1
49 28 7
49 30 1
49 32 9
49 35 5
49 36 3
49 37 3
49 40 9
49 41 4
49 43 2
49 46 2
50 1 1
50 3 3
50 4 8
50 5 5
50 8 5
50 9 5
50 11 4
50 14 2
50 16 3
50 17 7
50 18 7
50 20 2
50 21 8
50 22 5
50 25 4
50 27 7
50 28 2
50 29 8
50 31 4
50 32 8
50 37 8
50 38 3
50 39 6
50 41 5
50 42 4
50 47 8
50 48 3
51 2 8
51 5 1
51 6 5
51 7 6
51 9 3
51 11 2
51 14 3
51 16 5
51 19 1
51 23 6
51 26 9
51 30 6
51 31 5
51 33 6
51 36 5
51 39 1
51 41 3
51 43 1
51 44 3
51 45 6
51 46 8
51 47 2
51 49 6
51 50 6
52 0 9
52 1 7
52 3 6
52 10 9
52 11 9
52 12 4
52 15 7
52 16 9
52 17 3
52 21 4
52 23 3
52 24 1
52 26 6
52 28 3
52 29 9
52 30 5
52 32 5
52 34 9
52 35 1
52 37 7
52 40 2
52 48 7
52 49 6
53 0 4
53 4 4
53 5 8
53 7 5
53 10 2
53 11 1
53 15 1
53 16 8
53 17 6
53 18 7
53 19 5
53 20 5
53 22 4
53 26 8
53 27 7
53 30 4
53 31 1
53 33 9
53 34 4
53 37 8
53 38 2
53 41 4
53 46 9
53 47 5
53 49 1
53 50 6
53 51 5
53 52 8
54 2 7
54 3 8
54 5 7
54 6 2
54 7 8
54 8 5
54 9 5
54 10 4
54 11 8
54 16 9
54 18 7
54 20 8
54 21 3
54 22 5
54 23 9
54 24 6
54 25 4
54 26 5
54 27 9
54 30 3
54 32 8
54 33 1
54 37 5
54 39 8
54 40 8
54 41 7
54 44 3
54 45 3
54 47 2
54 51 5
54 52 2
55 1 2
55 4 1
55 6 5
55 10 8
55 11 5
55 12 1
55 15 1
55 16 3
55 18 6
55 19 9
55 21 2
55 24 5
55 29 2
55 30 8
55 31 4
55 32 4
55 33 4
55 36 7
55 37 2
55 38 3
55 39 5
55 42 1
55 44 9
55 45 4
55 46 6
55 48 8
55 50 3
55 53 4
55 54 7
56 0 6
56 3 9
56 6 6
56 9 3
56 11 7
56 13 8
56 14 8
56 16 4
56 17 4
56 19 6
56 23 7
56 24 3
56 27 7
56 29 9
56 31 3
56 32 7
56 33 7
56 34 6
56 35 6
56 36 4
56 41 9
56 42 2
56 43 9
56 44 2
56 46 6
56 48 5
56 49 4
56 51 2
56 52 2
56 54 1
56 55 9
57 2 8
57 4 2
57 7 6
57 8 8
57 9 6
57 10 9
57 11 7
57 13 3
57 14 5
57 17 4
57 19 8
57 21 5
57 22 5
57 26 8
57 28 4
57 30 1
57 32 7
57 36 3
57 39 5
57 41 7
57 43 5
57 44 2
57 49 7
57 51 2
57 52 1
57 53 6
57 54 6
57 56 5
58 1 7
58 7 6
58 12 9
58 13 6
58 15 8
58 17 2
58 18 5
58 19 9
58 21 2
58 28 3
58 33 5
58 35 7
58 36 9
58 38 2
58 39 3
58 40 9
58 43 4
58 44 7
58 46 6
58 48 5
58 49 6
58 51 6
58 52 2
58 54 1
58 55 8
58 57 8
59 1 3
59 2 4
59 4 6
59 6 3
59 9 4
59 12 5
59 13 9
59 19 5
59 20 9
59 21 8
59 23 1
59 29 9
59 30 5
59 31 5
59 33 5
59 34 2
59 35 7
59 36 6
59 37 1
59 38 2
59 41 3
59 43 7
59 44 3
59 46 8
59 49 3
59 50 1
59 51 2
59 52 2
59 54 7
59 55 2
60 2 8
60 3 5
60 4 7
60 8 3
60 9 6
60 10 1
60 12 2
60 13 2
60 14 5
60 15 7
60 16 5
60 19 3
60 20 7
60 21 8
60 23 7
60 25 9
60 26 9
60 27 6
60 29 8
60 31 4
60 32 1
60 33 4
60 35 9
60 36 9
60 39 4
60 41 5
60 42 3
60 44 4
60 46 4
60 47 6
60 50 8
60 51 2
60 52 1
60 53 6
60 56 8
61 1 9
61 5 3
61 10 2
61 11 4
61 13 5
61 14 2
61 16 4
61 17 8
61 20 4
61 21 4
61 25 3
61 32 9
61 34 8
61 35 9
61 36 2
61 39 9
61 42 4
61 43 3
61 45 8
61 46 1
61 47 6
61 48 4
61 49 2
61 51 3
61 53 7
61 54 6
61 55 4
61 56 8
61 58 5
61 60 6
62 1 8
62 2 8
62 6 7
62 7 7
62 9 7
62 12 2
62 14 8
62 15 2
62 17 2
62 18 4
62 22 6
62 26 8
62 28 4
62 29 9
62 33 2
62 36 1
62 37 7
62 39 5
62 42 9
62 44 3
62 46 9
62 47 2
62 48 3
62 53 5
62 54 2
62 55 3
62 56 7
63 3 2
63 7 9
63 9 5
63 12 6
63 14 7
63 15 4
63 16 5
63 20 7
63 23 8
63 25 2
63 28 8
63 29 3
63 30 8
63 33 9
63 34 2
63 35 1
63 36 2
63 40 3
63 41 3
63 42 2
63 43 4
63 44 2
63 45 1
63 48 4
63 51 1
63 52 5
63 53 9
63 58 5
64 0 1
64 3 6
64 4 5
64 5 7
64 9 6
64 10 7
64 11 4
64 14 5
64 16 6
64 18 9
64 19 9
64 21 3
64 22 3
64 23 9
64 24 7
64 25 1
64 27 6
64 28 4
64 29 8
64 32 6
64 35 7
64 36 5
64 37 2
64 38 7
64 39 7
64 42 9
64 44 6
64 46 4
64 49 8
64 50 8
64 51 3
64 55 8
64 58 7
64 63 5
