27
1 0 16
2 0 14
2 1 5
3 0 37
3 1 20
3 2 5
4 0 14
4 1 27
4 2 30
4 3 31
5 0 21
5 1 11
5 2 30
5 3 6
5 4 3
6 0 34
6 1 3
6 2 11
6 3 2
6 4 16
6 5 37
7 0 21
7 1 28
7 2 1
7 3 30
7 4 11
7 5 23
7 6 27
8 0 14
8 1 17
8 2 11
8 3 15
8 4 29
8 5 22
8 6 22
8 7 37
9 0 18
9 1 41
9 2 15
9 3 38
9 4 33
9 5 38
9 6 31
9 7 3
9 8 31
10 0 13
10 1 35
10 2 38
10 3 13
10 4 11
10 5 39
10 6 24
10 7 1
10 8 5
10 9 7
11 0 6
11 1 36
11 2 17
11 3 12
11 4 19
11 5 15
11 6 23
11 7 26
11 8 7
11 9 35
11 10 23
12 0 6
12 1 18
12 2 19
12 3 30
12 4 9
12 5 5
12 6 38
12 7 22
12 8 22
12 9 24
12 10 9
12 11 19
13 0 15
13 1 35
13 2 7
13 3 22
13 4 33
13 5 5
13 6 41
13 7 25
13 8 5
13 9 33
13 10 18
13 11 32
13 12 2
14 0 25
14 1 19
14 2 23
14 3 24
14 4 13
14 5 5
14 6 21
14 7 37
14 8 10
14 9 10
14 10 23
14 11 16
14 12 21
14 13 9
15 0 6
15 1 30
15 2 32
15 3 34
15 4 2
15 5 26
15 6 37
15 7 38
15 8 21
15 9 24
15 10 21
15 11 20
15 12 30
15 13 39
15 14 6
16 0 15
16 1 13
16 2 10
16 3 24
16 4 20
16 5 35
16 6 34
16 7 36
16 8 36
16 9 38
16 10 8
16 11 25
16 12 5
16 13 5
16 14 7
16 15 25
17 0 22
17 1 40
17 2 28
17 3 32
17 4 8
17 5 31
17 6 1
17 7 21
17 8 8
17 9 24
17 10 24
17 11 36
17 12 13
17 13 14
17 14 32
17 15 22
17 16 24
18 0 15
18 1 22
18 2 3
18 3 22
18 4 30
18 5 11
18 6 12
18 7 8
18 8 37
18 9 26
18 10 23
18 11 40
18 12 29
18 13 16
18 14 9
18 15 6
18 16 7
18 17 32
19 0 35
19 1 23
19 2 30
19 3 34
19 4 25
19 5 28
19 6 16
19 7 5
19 8 5
19 9 41
19 10 19
19 11 2
19 12 33
19 13 33
19 14 27
19 15 19
19 16 4
19 17 26
19 18 18
20 0 19
20 1 18
20 2 23
20 3 14
20 4 28
20 5 38
20 6 28
20 7 15
20 8 2
20 9 29
20 10 12
20 11 39
20 12 7
20 13 30
20 14 18
20 15 26
20 16 36
20 17 24
20 18 32
20 19 34
21 0 8
21 1 4
21 2 20
21 3 19
21 4 7
21 5 14
21 6 3
21 7 25
21 8 7
21 9 5
21 10 15
21 11 16
21 12 18
21 13 34
21 14 18
21 15 41
21 16 10
21 17 25
21 18 38
21 19 4
21 20 38
22 0 2
22 1 1
22 2 26
22 3 17
22 4 30
22 5 6
22 6 35
22 7 9
22 8 24
22 9 10
22 10 16
22 11 1
22 12 30
22 13 34
22 14 9
22 15 9
22 16 11
22 17 20
22 18 16
22 19 2
22 20 10
22 21 24
23 0 9
23 1 9
23 2 29
23 3 3
23 4 31
23 5 14
23 6 25
23 7 31
23 8 39
23 9 11
23 10 1
23 11 25
23 12 1
23 13 3
23 14 32
23 15 28
23 16 28
23 17 33
23 18 22
23 19 37
23 20 3
23 21 37
23 22 8
24 0 32
24 1 12
24 2 24
24 3 24
24 4 33
24 5 3
24 6 13
24 7 14
24 8 41
24 9 3
24 10 24
24 11 11
24 12 39
24 13 28
24 14 36
24 15 12
24 16 13
24 17 9
24 18 20
24 19 17
24 20 19
24 21 13
24 22 20
24 23 29
25 0 9
25 1 16
25 2 7
25 3 18
25 4 7
25 5 32
25 6 28
25 7 3
25 8 19
25 9 41
25 10 24
25 11 16
25 12 5
25 13 35
25 14 31
25 15 12
25 16 38
25 17 30
25 18 27
25 19 34
25 20 28
25 21 9
25 22 4
25 23 21
25 24 16
26 0 26
26 1 31
26 2 6
26 3 24
26 4 18
26 5 13
26 6 17
26 7 32
26 8 19
26 9 40
26 10 18
26 11 35
26 12 13
26 13 20
26 14 20
26 15 3
26 16 29
26 17 7
26 18 37
26 19 23
26 20 6
26 21 14
26 22 39
26 23 32
26 24 27
26 25 27
