22
1 0 28
2 0 5
2 1 23
3 0 15
3 1 14
3 2 3
4 3 7
5 0 26
6 0 20
6 2 4
6 3 2
6 5 3
7 1 8
7 2 11
7 3 20
7 6 32
8 0 17
8 2 23
8 3 7
8 7 23
9 1 8
9 2 14
9 3 17
9 4 25
9 5 14
9 6 20
9 7 4
10 0 33
10 1 10
10 2 7
10 3 6
10 5 20
10 6 3
10 7 12
11 0 7
11 1 6
11 2 12
11 5 3
11 7 24
11 9 32
12 0 25
12 1 18
12 6 3
12 7 3
12 9 19
12 10 30
13 1 8
13 2 32
13 3 15
13 4 11
13 5 7
13 8 1
14 0 27
14 1 22
14 3 14
14 5 32
14 6 1
14 11 14
14 12 17
15 1 1
15 3 34
15 5 25
15 6 9
15 14 29
16 1 32
16 3 21
16 5 8
16 8 25
16 9 15
16 12 1
16 13 9
16 14 6
17 0 23
17 1 34
17 3 13
17 4 10
17 5 33
17 8 30
17 10 6
17 14 22
17 15 21
17 16 17
18 2 8
18 4 30
18 6 32
18 7 31
18 11 17
18 13 32
18 14 33
19 0 26
19 1 16
19 3 21
19 4 22
19 6 13
19 8 14
19 11 13
19 13 29
19 15 18
19 16 17
19 17 22
19 18 27
20 0 20
20 1 18
20 5 11
20 9 28
20 14 19
20 15 28
20 17 13
21 1 22
21 2 18
21 3 24
21 7 10
21 8 10
21 12 34
21 14 32
21 20 8
