61
2 0 6
3 2 17
4 0 14
4 1 8
4 2 12
4 3 10
5 0 14
5 1 2
5 3 17
5 4 22
6 1 12
6 2 6
6 3 11
6 4 12
7 0 22
7 1 18
7 4 19
8 0 13
8 1 10
8 2 2
8 3 4
8 7 13
9 0 5
9 1 18
9 2 13
9 5 10
9 8 23
10 1 11
10 2 19
10 5 17
10 6 1
10 7 18
10 8 5
11 3 13
11 5 4
11 9 9
12 2 17
12 5 9
12 8 7
12 9 5
12 11 10
13 1 15
13 2 2
13 4 11
13 6 11
13 9 13
13 11 13
14 0 20
14 1 4
14 2 15
14 7 21
14 8 2
14 9 5
14 10 21
15 1 12
15 3 10
15 5 15
15 6 6
15 7 23
15 8 23
15 9 18
15 10 20
15 12 15
15 14 14
16 3 2
16 8 1
16 9 4
16 13 12
16 14 14
16 15 19
17 0 20
17 2 12
17 6 14
17 9 4
17 10 23
17 11 23
17 12 20
17 13 18
17 14 10
17 15 5
17 16 16
18 0 10
18 1 14
18 3 12
18 4 18
18 5 16
18 7 19
18 9 20
18 10 23
18 12 7
18 13 10
18 15 8
18 16 23
19 0 17
19 3 13
19 6 10
19 7 20
19 8 19
19 9 17
19 10 17
19 13 8
19 16 18
20 0 12
20 2 5
20 3 4
20 4 15
20 6 14
20 7 22
20 12 20
20 18 19
21 2 22
21 3 23
21 5 8
21 11 5
21 13 4
21 15 1
21 20 16
22 0 20
22 1 16
22 2 2
22 7 23
22 8 11
22 9 19
22 10 2
22 11 11
22 12 12
22 13 18
22 14 16
22 16 15
22 17 5
22 19 5
23 0 23
23 3 17
23 5 18
23 6 1
23 7 18
23 8 10
23 9 15
23 10 7
23 11 3
23 12 19
23 16 13
23 17 14
23 20 8
23 21 23
23 22 16
24 4 22
24 5 8
24 7 10
24 8 7
24 9 23
24 11 19
24 16 16
24 17 12
24 19 7
24 21 22
24 22 23
25 0 16
25 1 16
25 3 20
25 4 5
25 5 5
25 6 6
25 7 4
25 8 1
25 9 23
25 10 12
25 12 20
25 14 13
25 15 8
25 16 10
25 17 6
25 18 10
25 20 13
25 21 14
25 22 4
25 23 3
25 24 12
26 2 7
26 4 23
26 5 18
26 9 4
26 11 11
26 14 18
26 15 21
26 22 5
26 23 3
26 24 10
26 25 23
27 1 21
27 3 2
27 10 16
27 11 21
27 13 17
27 14 10
27 16 3
27 17 20
27 18 14
27 20 16
27 21 14
27 22 20
27 24 15
28 0 8
28 1 11
28 12 11
28 16 6
28 17 16
28 18 21
28 19 16
28 20 4
28 21 17
28 22 15
28 23 18
28 24 3
28 26 3
28 27 3
29 2 23
29 4 6
29 8 11
29 9 18
29 10 20
29 11 22
29 12 16
29 13 15
29 15 15
29 20 11
29 21 8
29 22 4
29 25 3
29 26 17
29 27 8
30 0 4
30 1 21
30 3 17
30 4 4
30 14 18
30 16 14
30 17 20
30 19 22
30 20 2
30 21 17
30 25 5
30 28 15
30 29 17
31 0 13
31 1 5
31 2 5
31 3 17
31 5 6
31 6 19
31 7 17
31 10 2
31 11 13
31 12 22
31 13 19
31 15 1
31 17 8
31 18 22
31 19 11
31 20 3
31 21 9
31 22 20
31 27 14
31 29 11
32 1 20
32 2 13
32 3 21
32 4 9
32 9 7
32 10 10
32 11 2
32 13 18
32 14 16
32 15 6
32 17 21
32 18 23
32 19 9
32 20 21
32 21 21
32 22 22
32 23 7
32 27 15
32 31 3
33 0 13
33 3 8
33 6 14
33 10 3
33 11 23
33 12 19
33 18 20
33 20 5
33 21 5
33 22 21
33 23 14
33 26 19
33 27 23
33 28 1
33 29 11
33 31 17
34 0 20
34 1 18
34 2 17
34 4 7
34 5 18
34 6 16
34 8 1
34 9 7
34 11 6
34 14 22
34 15 12
34 16 19
34 18 3
34 21 4
34 22 16
34 24 1
34 25 9
34 28 4
34 30 13
34 31 7
34 33 9
35 0 11
35 2 3
35 5 17
35 6 22
35 10 7
35 14 17
35 15 22
35 18 6
35 25 9
35 26 19
35 27 18
35 34 2
36 0 19
36 2 10
36 3 11
36 4 19
36 5 21
36 7 21
36 8 19
36 10 18
36 12 9
36 13 16
36 16 6
36 17 7
36 19 7
36 20 6
36 22 2
36 24 3
36 25 5
36 28 16
36 29 6
36 30 12
36 31 8
36 32 13
36 35 14
37 4 17
37 5 13
37 6 21
37 8 5
37 9 12
37 10 7
37 11 21
37 12 18
37 13 4
37 14 18
37 17 13
37 19 3
37 20 3
37 25 1
37 27 15
37 30 17
37 31 13
37 32 5
37 33 7
37 35 7
37 36 18
38 0 20
38 1 14
38 4 14
38 9 6
38 11 20
38 12 15
38 14 5
38 15 18
38 16 20
38 18 1
38 19 13
38 20 16
38 21 19
38 23 3
38 24 3
38 27 22
38 28 2
38 31 22
38 32 19
38 33 5
38 34 22
38 36 17
38 37 13
39 0 22
39 1 5
39 2 18
39 6 3
39 9 12
39 10 1
39 12 1
39 14 15
39 16 21
39 17 18
39 19 23
39 21 18
39 22 11
39 23 4
39 26 3
39 29 13
39 32 5
39 33 15
39 34 7
39 35 2
39 36 15
39 37 1
40 1 16
40 2 16
40 4 11
40 5 11
40 6 6
40 7 7
40 11 4
40 13 18
40 15 3
40 16 5
40 21 1
40 23 1
40 26 3
40 27 14
40 33 16
40 34 19
40 35 4
40 37 11
41 0 6
41 1 10
41 3 5
41 4 2
41 6 5
41 7 16
41 8 22
41 9 11
41 11 21
41 14 16
41 15 1
41 16 19
41 17 14
41 18 6
41 19 7
41 32 5
41 34 10
41 36 12
41 38 9
41 40 2
42 2 11
42 4 2
42 7 12
42 14 17
42 18 2
42 19 2
42 22 1
42 23 21
42 25 15
42 26 1
42 27 7
42 28 12
42 29 12
42 31 5
42 32 15
42 33 4
42 35 6
42 38 22
43 0 5
43 3 18
43 7 15
43 8 20
43 9 16
43 10 21
43 12 12
43 15 19
43 16 4
43 17 6
43 20 15
43 23 1
43 26 1
43 28 2
43 29 6
43 31 15
43 32 21
43 35 1
43 37 18
43 39 8
43 41 11
44 0 13
44 1 10
44 2 7
44 3 6
44 4 15
44 5 14
44 6 3
44 8 22
44 9 12
44 11 4
44 14 8
44 16 18
44 18 9
44 20 11
44 21 7
44 22 22
44 23 19
44 24 13
44 25 11
44 28 8
44 29 17
44 32 22
44 33 1
44 34 17
44 35 22
44 36 16
44 37 13
44 39 18
44 40 10
44 41 6
45 1 7
45 3 7
45 4 6
45 7 3
45 8 3
45 9 7
45 10 1
45 11 17
45 13 10
45 14 18
45 16 1
45 17 9
45 20 16
45 21 21
45 22 23
45 23 19
45 24 4
45 26 13
45 34 22
45 36 3
45 37 13
45 39 18
45 40 9
45 41 12
45 42 11
45 44 11
46 1 7
46 3 11
46 4 13
46 5 15
46 7 20
46 9 3
46 12 23
46 14 10
46 18 8
46 19 12
46 21 16
46 23 4
46 25 12
46 29 12
46 30 15
46 32 11
46 36 16
46 37 10
46 39 23
46 41 23
46 44 23
46 45 14
47 1 7
47 5 23
47 6 5
47 7 18
47 11 6
47 13 2
47 14 9
47 15 5
47 16 6
47 17 13
47 18 22
47 22 18
47 24 18
47 26 20
47 28 17
47 29 13
47 31 10
47 33 13
47 36 7
47 40 19
47 41 3
47 42 15
47 44 3
47 45 18
47 46 20
48 0 21
48 1 9
48 2 5
48 3 21
48 6 11
48 9 10
48 11 11
48 12 7
48 14 20
48 17 19
48 19 12
48 22 17
48 24 11
48 26 1
48 27 4
48 28 14
48 32 14
48 33 18
48 34 17
48 35 6
48 36 7
48 40 16
48 42 3
48 43 12
48 46 12
49 0 22
49 3 5
49 5 10
49 7 15
49 10 16
49 11 18
49 13 1
49 15 14
49 16 21
49 17 23
49 19 16
49 20 7
49 21 21
49 22 7
49 24 16
49 27 20
49 28 5
49 29 4
49 30 9
49 31 13
49 33 15
49 34 16
49 37 15
49 40 11
49 41 12
49 44 5
49 46 1
49 48 5
50 1 16
50 2 23
50 4 11
50 5 18
50 6 18
50 7 4
50 8 6
50 9 12
50 12 16
50 13 2
50 16 20
50 17 23
50 22 18
50 23 8
50 24 8
50 25 4
50 26 7
50 27 4
50 30 9
50 31 13
50 33 20
50 34 20
50 35 1
50 36 20
50 41 10
50 44 1
50 45 18
50 47 15
50 48 20
51 2 13
51 3 4
51 5 10
51 7 2
51 10 14
51 11 9
51 13 2
51 14 5
51 16 10
51 17 22
51 19 13
51 20 18
51 22 3
51 24 1
51 26 4
51 27 18
51 30 23
51 31 4
51 33 13
51 35 3
51 38 16
51 39 7
51 42 12
51 43 19
51 45 1
51 47 15
52 0 21
52 1 5
52 2 17
52 4 15
52 5 9
52 6 16
52 7 8
52 9 11
52 13 23
52 14 13
52 17 23
52 18 2
52 20 9
52 21 21
52 22 16
52 23 10
52 25 1
52 26 14
52 27 11
52 29 14
52 30 14
52 31 14
52 32 23
52 36 9
52 40 22
52 42 2
52 43 16
52 44 19
52 45 8
52 46 6
52 48 15
52 50 19
52 51 8
53 0 6
53 1 22
53 2 13
53 3 19
53 4 21
53 7 21
53 13 18
53 15 16
53 16 9
53 17 21
53 18 23
53 21 11
53 24 21
53 29 13
53 37 11
53 42 5
53 43 10
53 45 12
53 47 13
53 50 8
53 52 7
54 1 13
54 7 7
54 17 1
54 19 20
54 20 14
54 22 1
54 23 12
54 24 19
54 27 22
54 28 8
54 30 1
54 31 7
54 33 23
54 34 20
54 36 12
54 38 9
54 39 21
54 40 18
54 41 6
54 42 8
54 43 4
54 44 9
54 46 21
54 49 15
54 50 6
54 51 21
55 0 1
55 5 14
55 6 3
55 7 12
55 13 18
55 15 19
55 16 11
55 17 12
55 19 8
55 24 2
55 27 20
55 30 8
55 31 8
55 34 11
55 37 1
55 38 5
55 41 12
55 48 9
55 51 3
56 2 1
56 3 2
56 4 20
56 6 7
56 7 21
56 10 1
56 11 13
56 12 12
56 14 13
56 15 11
56 16 3
56 17 1
56 22 16
56 23 1
56 27 6
56 29 19
56 30 6
56 31 2
56 34 17
56 36 22
56 37 7
56 38 14
56 39 12
56 40 9
56 43 2
56 48 20
56 51 15
56 52 5
57 1 4
57 2 16
57 9 19
57 11 17
57 12 19
57 14 11
57 15 9
57 17 3
57 18 15
57 19 8
57 20 13
57 22 20
57 23 16
57 29 9
57 30 12
57 35 12
57 36 11
57 37 23
57 38 18
57 41 12
57 42 6
57 43 21
57 47 21
57 49 16
57 50 2
57 51 21
57 52 6
57 53 7
57 55 5
57 56 7
58 2 10
58 3 20
58 4 18
58 5 9
58 6 19
58 9 3
58 12 14
58 14 9
58 15 9
58 16 4
58 17 8
58 19 22
58 21 12
58 23 16
58 25 3
58 27 5
58 30 17
58 33 5
58 34 17
58 35 14
58 36 10
58 38 12
58 39 4
58 40 16
58 41 12
58 42 20
58 46 19
58 49 18
58 51 17
58 52 15
58 55 3
58 56 3
59 0 20
59 1 8
59 2 11
59 3 9
59 5 8
59 9 3
59 10 19
59 13 14
59 14 3
59 15 21
59 18 3
59 19 7
59 22 19
59 25 3
59 26 12
59 30 16
59 31 4
59 33 11
59 35 10
59 36 17
59 38 2
59 41 20
59 42 22
59 43 21
59 44 2
59 47 17
59 49 17
59 52 6
59 54 17
59 55 8
60 3 16
60 5 17
60 7 19
60 9 13
60 10 4
60 15 22
60 18 4
60 19 7
60 22 9
60 25 6
60 26 9
60 27 7
60 28 11
60 29 12
60 31 3
60 32 19
60 35 9
60 37 9
60 38 13
60 39 4
60 43 15
60 47 22
60 48 7
60 49 4
60 50 20
60 51 21
60 53 15
60 55 20
60 56 1
60 57 16
60 58 20
60 59 8
