24
2 0 42
2 1 51
4 0 58
4 1 11
4 2 6
5 3 47
5 4 60
6 2 8
6 3 2
6 4 20
7 1 3
7 5 50
7 6 44
8 2 17
8 3 41
8 6 57
8 7 14
9 0 3
9 2 58
9 5 61
9 8 22
10 1 16
10 3 24
10 6 56
10 7 53
10 8 10
11 0 39
11 1 54
11 2 40
11 4 53
11 5 5
11 6 7
11 9 6
12 1 40
12 2 34
12 4 33
12 5 6
12 10 43
13 0 48
13 2 63
13 3 54
13 5 43
13 6 29
13 11 6
14 4 39
14 7 12
14 8 30
14 9 53
14 12 4
15 1 55
15 2 22
15 6 51
15 7 10
15 8 36
15 10 49
15 11 33
15 12 35
15 14 10
16 4 33
16 7 16
16 8 12
16 9 18
16 10 37
16 11 26
16 12 49
17 1 13
17 2 29
17 5 38
17 9 11
17 11 61
17 12 44
17 13 61
17 14 17
17 16 10
18 3 40
18 4 7
18 6 10
18 7 7
18 9 4
18 10 29
18 13 61
18 15 9
19 2 56
19 4 42
19 6 51
19 8 32
19 9 63
19 11 34
19 13 22
19 14 50
19 15 48
19 16 23
19 17 45
19 18 34
20 0 27
20 2 32
20 5 18
20 6 43
20 7 54
20 8 17
20 10 22
20 13 23
20 14 23
20 16 18
20 18 27
20 19 30
21 0 37
21 2 41
21 3 32
21 5 23
21 6 7
21 10 29
21 11 38
21 14 5
21 15 3
21 16 36
21 17 36
21 18 23
22 0 59
22 1 60
22 2 42
22 3 56
22 7 45
22 8 20
22 9 17
22 12 57
22 13 17
22 15 29
22 19 41
23 0 11
23 7 30
23 8 63
23 9 24
23 10 43
23 11 38
23 14 37
23 15 28
23 18 49
23 19 57
23 21 20
23 22 15
