47
3 0 1
3 1 3
4 1 4
4 3 3
5 0 1
5 2 4
5 3 1
5 4 1
6 1 4
7 0 4
7 2 3
7 4 1
8 1 4
8 4 3
8 6 1
9 1 3
9 2 1
9 4 2
9 6 2
9 8 4
10 0 3
10 7 2
10 8 3
11 5 4
11 6 1
11 7 2
12 0 4
12 2 4
12 4 2
12 5 2
12 7 4
12 9 4
12 11 1
13 1 2
13 5 3
13 7 4
13 8 1
13 9 1
13 11 2
13 12 2
14 0 4
14 2 4
14 6 4
14 7 4
14 8 1
14 9 4
15 3 1
15 5 2
15 7 3
15 14 3
16 0 1
16 1 2
16 2 1
16 4 2
16 5 1
16 9 2
16 10 4
16 12 1
16 13 2
16 15 4
17 1 3
17 2 4
17 3 1
17 4 2
17 5 1
17 7 1
17 9 1
17 10 3
17 11 3
17 12 2
17 13 4
17 14 4
18 0 4
18 1 3
18 2 2
18 3 2
18 8 1
18 10 4
18 12 1
18 13 3
18 14 2
18 15 1
18 16 3
18 17 4
19 0 1
19 2 1
19 3 1
19 4 4
19 6 3
19 7 4
19 10 1
19 12 1
19 15 2
19 16 1
19 17 4
19 18 3
20 0 3
20 2 4
20 4 3
20 8 1
20 9 1
20 11 1
20 13 3
20 14 4
20 15 1
20 17 1
21 3 2
21 4 4
21 5 1
21 6 4
21 7 4
21 8 2
21 9 1
21 10 2
21 11 3
21 17 3
21 18 3
21 20 1
22 0 1
22 6 3
22 8 1
22 12 1
22 14 2
22 20 4
22 21 4
23 0 3
23 2 2
23 3 2
23 4 2
23 7 4
23 8 3
23 12 3
23 13 1
23 15 3
23 16 1
23 17 3
23 19 3
23 21 2
24 1 1
24 2 3
24 3 4
24 6 1
24 7 2
24 8 4
24 10 4
24 13 4
24 16 1
24 17 1
24 19 4
24 20 3
24 21 2
24 23 2
25 5 1
25 9 4
25 10 2
25 12 2
25 13 4
25 14 3
25 15 2
25 19 3
25 21 4
26 2 1
26 3 1
26 4 3
26 5 2
26 7 1
26 13 4
26 15 3
26 17 2
26 19 2
26 20 1
26 22 4
26 23 1
27 1 1
27 2 2
27 3 1
27 9 4
27 10 1
27 13 3
27 14 2
27 15 3
27 16 2
27 17 2
27 18 3
27 22 1
27 23 3
27 24 3
27 26 3
28 0 3
28 1 4
28 2 4
28 4 4
28 5 3
28 6 1
28 8 3
28 10 3
28 12 4
28 13 2
28 14 4
28 18 3
28 19 4
28 22 4
28 23 2
28 25 2
28 26 1
28 27 1
29 3 3
29 5 4
29 6 2
29 7 4
29 10 1
29 13 2
29 14 4
29 15 3
29 18 1
29 25 1
29 26 3
29 27 3
29 28 2
30 2 3
30 3 1
30 7 3
30 8 4
30 10 2
30 14 1
30 16 3
30 18 2
30 20 4
30 23 4
30 25 1
30 26 2
30 27 1
30 29 3
31 5 1
31 8 1
31 9 4
31 11 1
31 15 3
31 16 4
31 17 4
31 18 3
31 19 2
31 25 1
31 26 3
31 29 1
32 1 4
32 5 4
32 7 3
32 13 3
32 17 3
32 18 4
32 20 4
32 24 1
32 25 2
32 28 3
32 29 3
32 31 1
33 0 1
33 2 2
33 3 1
33 7 1
33 8 4
33 9 3
33 10 1
33 11 4
33 12 2
33 14 4
33 15 1
33 16 4
33 21 1
33 24 4
33 27 4
33 28 2
33 29 2
33 30 1
33 31 1
33 32 2
34 0 2
34 1 1
34 5 1
34 6 4
34 7 3
34 8 4
34 9 1
34 11 3
34 15 3
34 16 4
34 17 2
34 20 4
34 22 1
34 23 2
34 24 3
34 25 1
34 27 1
34 29 4
34 33 1
35 1 3
35 2 1
35 3 4
35 4 3
35 5 2
35 6 1
35 9 1
35 11 1
35 13 2
35 15 4
35 16 4
35 18 4
35 21 4
35 22 4
35 23 3
35 25 2
35 26 2
35 28 1
35 30 3
35 31 3
35 33 1
35 34 3
36 11 1
36 13 2
36 15 3
36 22 4
36 23 2
36 25 3
36 28 1
36 30 4
36 32 3
36 33 2
36 35 3
37 0 2
37 2 1
37 8 1
37 10 1
37 11 3
37 16 2
37 22 1
37 23 2
37 24 2
37 25 2
37 27 1
37 31 2
37 35 4
37 36 1
38 2 4
38 7 4
38 13 4
38 15 4
38 17 3
38 19 4
38 21 4
38 30 1
38 31 1
38 32 2
38 33 3
38 36 2
39 0 2
39 2 2
39 3 4
39 4 4
39 5 4
39 7 2
39 8 3
39 11 1
39 12 2
39 14 1
39 15 1
39 18 2
39 19 4
39 22 3
39 23 2
39 25 2
39 27 4
39 29 1
39 30 3
39 32 2
39 34 1
39 35 3
39 36 2
39 37 4
40 0 1
40 4 2
40 7 4
40 8 2
40 12 1
40 14 1
40 16 1
40 18 3
40 22 4
40 23 2
40 30 3
40 31 2
40 33 4
40 34 3
40 35 1
40 38 3
40 39 3
41 0 2
41 5 1
41 6 1
41 10 1
41 11 1
41 14 4
41 15 3
41 19 2
41 20 2
41 21 2
41 24 4
41 26 1
41 28 3
41 29 3
41 31 4
41 34 4
41 36 3
41 37 2
41 39 1
41 40 3
42 0 3
42 3 3
42 4 2
42 5 1
42 6 3
42 7 4
42 8 1
42 9 3
42 11 2
42 12 3
42 13 3
42 14 4
42 16 2
42 18 3
42 19 4
42 21 1
42 23 3
42 24 3
42 25 4
42 31 3
42 32 1
42 35 2
42 39 2
42 40 1
43 0 2
43 2 4
43 4 2
43 5 1
43 9 4
43 11 2
43 16 2
43 21 4
43 22 1
43 23 2
43 27 2
43 30 4
43 31 4
43 33 3
43 35 4
43 36 1
43 37 4
43 38 3
43 39 3
43 41 1
44 1 2
44 5 4
44 7 3
44 8 3
44 9 4
44 11 3
44 13 4
44 16 2
44 18 2
44 21 3
44 22 3
44 23 3
44 25 4
44 29 3
44 31 2
44 32 3
44 33 1
44 34 2
44 38 3
44 39 4
44 43 3
45 1 4
45 3 3
45 6 1
45 7 4
45 10 4
45 12 1
45 16 4
45 18 3
45 19 3
45 20 3
45 22 3
45 23 1
45 27 2
45 29 4
45 31 3
45 32 3
45 35 3
45 36 3
45 37 2
45 43 1
46 3 2
46 7 3
46 13 4
46 16 1
46 19 4
46 21 1
46 23 2
46 25 4
46 26 2
46 27 3
46 28 4
46 30 2
46 31 3
46 32 3
46 33 2
46 35 3
46 39 3
46 42 2
46 43 4
46 45 1
