47
1 0 41
2 0 19
2 1 27
3 0 26
4 0 27
4 1 1
4 3 41
5 0 44
5 1 35
5 2 23
5 3 23
6 1 31
6 3 38
6 4 14
6 5 23
7 0 20
7 1 15
7 2 5
7 3 9
7 4 6
7 5 21
7 6 13
8 1 37
8 2 4
8 3 16
8 5 18
9 0 52
9 1 32
9 2 9
9 4 12
9 5 10
9 6 2
9 7 33
10 1 30
10 4 4
10 6 26
10 9 8
11 2 30
11 7 3
11 9 32
11 10 5
12 0 41
12 1 47
12 2 28
12 4 14
12 5 5
12 6 29
12 7 32
13 0 41
13 2 37
13 8 25
13 9 22
13 11 16
13 12 49
14 0 46
14 9 12
14 11 22
14 12 36
15 0 51
15 1 12
15 3 51
15 4 42
15 5 20
15 9 38
15 12 52
15 14 21
16 0 33
16 1 45
16 3 38
16 4 18
16 5 8
16 6 31
16 7 31
16 9 3
16 10 22
16 11 49
16 12 22
16 15 48
17 0 45
17 2 39
17 3 48
17 4 19
17 5 37
17 8 31
17 9 16
17 10 8
17 11 29
18 0 14
18 5 13
18 7 6
18 10 35
18 12 22
18 14 40
18 15 9
18 16 18
18 17 6
19 1 12
19 2 44
19 3 31
19 8 8
19 12 17
19 13 52
19 14 34
19 17 13
19 18 32
20 1 36
20 4 36
20 5 13
20 6 38
20 9 12
20 10 37
20 11 51
20 12 32
20 14 27
20 19 16
21 3 16
21 6 7
21 7 51
21 11 16
21 13 46
21 14 20
21 17 25
21 18 11
21 19 23
22 0 30
22 2 3
22 3 14
22 4 9
22 6 5
22 7 5
22 8 13
22 11 26
22 13 4
22 16 30
22 18 15
22 19 22
22 20 8
22 21 16
23 0 26
23 6 50
23 7 25
23 8 39
23 9 25
23 13 45
23 14 45
23 15 50
23 17 36
23 18 23
23 21 3
23 22 37
24 3 48
24 4 52
24 5 8
24 9 1
24 10 49
24 13 24
24 14 2
24 15 8
24 17 6
24 19 26
24 20 49
24 21 11
24 22 13
24 23 40
25 1 15
25 3 39
25 6 41
25 7 48
25 10 24
25 11 36
25 14 12
25 15 35
25 16 25
25 17 21
25 19 52
25 21 33
25 22 33
25 24 50
26 3 14
26 4 5
26 5 47
26 7 18
26 9 1
26 13 43
26 14 32
26 16 16
26 17 3
26 18 33
26 19 1
26 23 34
26 24 30
26 25 4
27 2 12
27 3 32
27 4 41
27 6 6
27 8 7
27 9 7
27 12 30
27 13 13
27 14 14
27 15 3
27 16 9
27 17 25
27 19 35
27 20 27
27 23 23
28 1 3
28 2 41
28 3 10
28 4 15
28 5 44
28 7 32
28 11 41
28 12 36
28 13 22
28 16 11
28 17 12
28 21 42
28 22 1
28 23 3
28 25 12
28 27 48
29 0 6
29 3 51
29 6 41
29 7 28
29 8 14
29 10 51
29 11 21
29 12 38
29 14 13
29 15 10
29 16 41
29 17 16
29 23 27
29 24 37
29 25 48
30 0 30
30 3 16
30 4 29
30 7 37
30 11 52
30 13 45
30 14 45
30 16 21
30 17 39
30 19 6
30 21 31
30 23 22
30 24 45
30 25 18
30 27 47
30 29 25
31 0 44
31 4 6
31 5 50
31 6 9
31 7 33
31 8 33
31 11 14
31 15 19
31 17 29
31 18 19
31 20 6
31 21 38
31 28 3
31 30 14
32 0 35
32 2 7
32 4 15
32 6 3
32 7 43
32 10 7
32 11 51
32 12 19
32 14 31
32 15 24
32 16 50
32 17 7
32 21 11
32 26 52
32 27 48
32 31 19
33 0 2
33 3 48
33 4 47
33 5 30
33 6 6
33 7 14
33 10 49
33 11 44
33 12 36
33 16 49
33 17 18
33 19 13
33 24 21
33 25 16
33 27 45
33 28 24
33 29 41
33 31 34
33 32 4
34 0 34
34 2 13
34 3 29
34 5 24
34 6 44
34 7 30
34 10 35
34 14 4
34 15 31
34 16 31
34 17 48
34 18 27
34 20 17
34 21 15
34 22 15
34 23 37
34 25 8
34 26 50
34 31 39
34 32 8
34 33 27
35 2 17
35 3 23
35 6 15
35 8 20
35 9 29
35 11 23
35 12 20
35 15 19
35 19 51
35 20 52
35 21 48
35 22 16
35 25 18
35 26 39
35 29 8
35 30 39
35 31 6
35 34 35
36 0 26
36 2 51
36 3 39
36 4 51
36 6 50
36 10 39
36 11 52
36 12 13
36 14 41
36 17 16
36 18 47
36 20 49
36 21 6
36 22 9
36 23 9
36 24 15
36 26 22
36 27 7
36 29 41
36 30 9
36 32 3
36 33 1
36 34 22
36 35 2
37 1 17
37 9 15
37 10 15
37 11 5
37 12 42
37 13 7
37 15 48
37 17 49
37 18 43
37 22 13
37 23 21
37 25 45
37 26 50
37 31 25
37 35 44
37 36 38
38 0 28
38 2 44
38 5 1
38 8 40
38 9 47
38 11 18
38 14 43
38 19 10
38 26 25
38 31 28
38 35 18
39 0 33
39 2 48
39 4 13
39 6 44
39 7 17
39 8 5
39 9 48
39 11 51
39 14 16
39 21 28
39 22 27
39 23 50
39 24 16
39 25 38
39 27 5
39 28 52
39 31 12
39 33 6
39 34 47
39 36 32
39 37 32
40 2 35
40 3 13
40 4 40
40 7 39
40 9 37
40 13 45
40 16 22
40 18 52
40 19 41
40 21 47
40 22 39
40 23 34
40 24 7
40 26 49
40 27 36
40 28 29
40 29 33
40 30 45
40 31 32
40 35 5
40 36 30
41 0 4
41 1 8
41 2 17
41 3 40
41 5 38
41 8 48
41 10 6
41 11 46
41 12 40
41 16 15
41 20 5
41 21 35
41 22 35
41 23 11
41 24 48
41 27 31
41 31 5
41 33 14
41 35 29
41 38 31
41 40 26
42 0 47
42 1 41
42 2 12
42 5 47
42 6 3
42 7 20
42 8 1
42 9 39
42 13 6
42 14 45
42 16 30
42 18 34
42 20 24
42 21 4
42 22 33
42 23 46
42 24 7
42 25 38
42 26 26
42 28 5
42 31 9
42 33 8
42 35 5
42 36 30
42 37 2
42 38 49
42 39 18
42 40 18
43 0 7
43 1 4
43 2 50
43 3 33
43 5 22
43 6 42
43 8 26
43 9 15
43 11 1
43 13 10
43 16 42
43 17 10
43 19 22
43 22 35
43 25 12
43 26 39
43 28 52
43 29 7
43 33 15
43 34 1
43 35 1
43 37 47
43 38 3
43 41 11
44 3 11
44 4 38
44 7 8
44 9 49
44 10 9
44 11 26
44 14 24
44 18 11
44 21 10
44 23 27
44 24 42
44 25 50
44 28 34
44 33 23
44 36 5
44 37 16
44 38 10
44 39 38
44 40 30
44 41 15
44 43 1
45 0 25
45 1 26
45 2 30
45 3 26
45 4 19
45 5 20
45 9 27
45 10 18
45 12 40
45 18 15
45 21 35
45 26 44
45 27 2
45 28 42
45 35 16
45 37 52
45 40 37
45 42 8
46 2 23
46 3 20
46 4 35
46 5 14
46 6 35
46 7 40
46 13 12
46 14 5
46 15 18
46 18 52
46 21 16
46 22 18
46 23 22
46 24 18
46 26 6
46 28 33
46 31 30
46 32 43
46 35 26
46 37 43
46 39 31
46 40 38
