64
2 0 29
2 1 47
3 1 34
3 2 15
4 1 51
4 2 34
4 3 24
5 0 45
5 3 58
6 2 2
6 4 52
6 5 13
7 1 48
7 4 22
8 1 60
8 2 56
8 3 15
8 4 36
8 6 42
9 0 43
9 1 23
9 2 12
9 4 51
9 6 20
9 7 8
9 8 60
10 0 25
10 2 56
10 6 41
10 8 56
11 2 54
11 3 35
11 4 19
11 5 14
11 8 3
11 9 14
11 10 34
12 1 50
12 3 58
12 5 10
12 7 36
12 10 11
12 11 22
13 3 40
13 5 20
13 6 12
13 8 16
14 1 56
14 2 24
14 3 23
14 5 20
14 7 50
14 8 6
14 12 4
15 1 10
15 3 56
15 4 35
15 5 50
15 6 40
15 8 59
15 11 17
15 12 19
16 1 39
16 2 48
16 3 20
16 7 52
16 9 13
16 10 20
16 13 6
17 1 39
17 3 49
17 4 50
17 5 56
17 6 16
17 10 37
17 11 43
17 12 10
17 15 26
17 16 19
18 3 16
18 5 15
18 6 9
18 7 25
18 12 40
18 13 43
18 14 45
18 15 4
18 17 53
19 0 49
19 1 13
19 2 26
19 4 6
19 5 54
19 6 51
19 9 44
19 14 41
19 17 34
19 18 17
20 0 44
20 1 14
20 2 35
20 3 60
20 4 39
20 6 32
20 7 2
20 11 13
20 12 22
20 13 30
20 14 17
20 17 57
20 18 8
20 19 54
21 1 43
21 2 17
21 4 10
21 5 43
21 7 6
21 8 56
21 9 26
21 10 5
21 13 49
21 14 50
21 15 50
21 16 4
21 19 40
21 20 40
22 0 8
22 2 17
22 8 56
22 11 42
22 12 18
22 15 38
22 19 52
22 21 40
23 4 28
23 5 1
23 6 12
23 7 40
23 9 5
23 15 17
23 17 25
23 18 16
24 2 35
24 3 13
24 4 56
24 6 31
24 9 8
24 12 3
24 13 22
24 14 35
24 17 41
24 18 55
24 19 59
24 20 19
24 21 31
24 23 28
25 0 55
25 3 22
25 6 15
25 8 58
25 9 35
25 10 13
25 11 13
25 14 56
25 16 43
25 17 56
25 19 57
25 21 52
25 22 8
25 23 47
26 3 1
26 5 17
26 7 11
26 8 28
26 12 13
26 13 13
26 17 3
26 18 22
26 22 20
26 23 33
26 25 52
27 2 49
27 4 32
27 5 33
27 7 3
27 8 10
27 12 24
27 15 54
27 16 21
27 17 37
27 19 1
27 22 14
27 25 24
27 26 57
28 0 42
28 3 16
28 4 34
28 8 43
28 9 15
28 10 49
28 11 37
28 12 46
28 17 5
28 18 7
28 19 13
28 22 23
28 23 12
28 24 4
28 25 26
28 27 41
29 1 48
29 2 46
29 3 40
29 5 30
29 6 29
29 7 18
29 10 53
29 12 53
29 15 26
29 18 36
29 21 34
29 24 1
29 26 20
29 27 15
30 0 31
30 3 26
30 4 24
30 5 9
30 8 2
30 10 12
30 14 49
30 16 24
30 17 3
30 19 5
30 23 58
30 24 40
30 25 7
30 26 23
30 27 20
30 28 22
31 0 58
31 6 47
31 11 54
31 17 43
31 18 12
31 28 44
31 30 21
32 0 3
32 1 18
32 3 47
32 6 12
32 7 27
32 8 26
32 10 39
32 11 31
32 21 45
32 23 11
32 24 53
32 25 42
32 27 60
32 28 9
32 29 39
32 30 12
32 31 13
33 0 22
33 4 26
33 5 23
33 6 60
33 7 14
33 8 55
33 9 28
33 10 15
33 11 33
33 12 60
33 16 37
33 23 29
33 26 6
33 27 54
33 30 54
33 32 9
34 2 58
34 3 23
34 4 18
34 5 39
34 6 27
34 8 17
34 9 24
34 10 43
34 11 14
34 13 26
34 14 10
34 16 43
34 18 33
34 19 13
34 20 6
34 21 20
34 22 4
34 24 6
34 28 58
34 29 4
34 31 5
34 32 27
35 1 11
35 6 39
35 8 29
35 9 39
35 10 27
35 11 56
35 12 20
35 13 25
35 16 31
35 17 30
35 20 48
35 21 53
35 23 35
35 26 16
35 27 28
35 30 38
35 32 16
35 33 54
35 34 50
36 1 36
36 2 39
36 3 59
36 5 25
36 7 58
36 9 33
36 10 20
36 12 44
36 14 6
36 20 31
36 21 23
36 26 13
36 28 44
36 29 17
36 30 7
36 31 54
36 32 16
36 33 53
36 35 50
37 1 22
37 3 60
37 4 10
37 9 16
37 11 57
37 12 39
37 14 8
37 15 28
37 17 4
37 20 52
37 21 6
37 22 26
37 23 1
37 24 8
37 25 33
37 27 47
37 31 29
38 1 21
38 2 26
38 3 28
38 4 55
38 5 25
38 7 52
38 9 38
38 10 2
38 12 23
38 13 60
38 14 9
38 16 35
38 18 32
38 20 45
38 21 8
38 22 36
38 23 48
38 25 47
38 27 51
38 28 20
38 32 28
38 33 60
38 35 54
38 36 4
38 37 18
39 0 25
39 1 55
39 2 39
39 4 18
39 6 58
39 9 49
39 10 25
39 13 11
39 14 7
39 16 36
39 17 13
39 18 57
39 19 18
39 20 58
39 21 23
39 22 31
39 24 25
39 25 24
39 26 10
39 28 5
39 29 42
39 30 38
39 31 9
39 34 19
39 35 41
39 37 20
40 2 28
40 4 47
40 6 1
40 8 31
40 9 47
40 10 54
40 15 53
40 16 22
40 20 42
40 21 18
40 22 38
40 25 40
40 26 47
40 28 14
40 29 23
40 31 9
40 33 40
40 35 53
40 38 55
40 39 53
41 0 35
41 1 16
41 3 17
41 8 4
41 11 57
41 12 14
41 18 12
41 20 27
41 21 56
41 22 9
41 23 57
41 24 44
41 28 39
41 29 20
41 31 57
41 34 37
41 37 9
41 40 59
42 7 15
42 10 32
42 11 17
42 13 58
42 15 19
42 17 56
42 19 38
42 21 9
42 23 54
42 27 16
42 28 3
42 29 49
42 30 2
42 35 42
42 36 37
42 38 60
42 39 10
42 40 34
42 41 3
43 1 48
43 3 32
43 8 36
43 9 36
43 12 26
43 13 8
43 17 27
43 20 51
43 22 54
43 23 34
43 24 34
43 25 56
43 30 35
43 31 9
43 32 58
43 34 9
43 35 21
43 36 35
43 39 35
43 40 5
44 1 45
44 3 54
44 4 33
44 6 47
44 8 3
44 11 37
44 12 5
44 15 16
44 16 50
44 17 20
44 18 28
44 19 40
44 20 38
44 21 25
44 26 37
44 28 42
44 29 56
44 30 9
44 31 4
44 33 6
44 36 12
44 37 48
45 5 56
45 7 4
45 8 21
45 10 4
45 12 41
45 14 10
45 15 15
45 17 9
45 20 58
45 24 48
45 26 31
45 27 11
45 29 19
45 30 20
45 31 48
45 32 56
45 35 2
45 37 20
45 40 56
45 42 48
45 43 13
46 0 3
46 3 12
46 7 35
46 9 50
46 12 55
46 14 4
46 16 45
46 17 32
46 18 16
46 23 57
46 24 43
46 25 42
46 26 56
46 27 31
46 31 14
46 32 56
46 34 57
46 35 53
46 36 36
46 38 56
46 39 10
47 1 56
47 2 23
47 4 52
47 5 32
47 6 4
47 7 57
47 9 52
47 11 3
47 12 20
47 13 32
47 14 19
47 16 60
47 19 27
47 20 34
47 22 28
47 24 32
47 26 50
47 28 30
47 30 3
47 33 21
47 34 38
47 37 49
47 38 21
47 39 60
47 41 60
48 0 49
48 1 9
48 2 59
48 3 60
48 4 27
48 7 10
48 10 32
48 11 4
48 14 1
48 17 59
48 19 50
48 20 38
48 21 13
48 22 51
48 27 29
48 28 20
48 30 52
48 33 21
48 34 23
48 40 19
49 2 34
49 6 56
49 7 6
49 10 18
49 12 55
49 14 23
49 16 59
49 20 25
49 22 35
49 23 22
49 24 30
49 25 57
49 26 12
49 30 26
49 31 57
49 34 54
49 35 57
49 36 55
49 38 60
49 39 53
49 40 42
49 42 20
49 43 40
49 46 55
49 47 44
49 48 42
50 0 11
50 1 49
50 4 13
50 6 6
50 7 22
50 8 43
50 10 46
50 11 53
50 12 14
50 15 14
50 16 56
50 17 13
50 19 52
50 20 20
50 21 50
50 26 43
50 28 17
50 29 19
50 30 52
50 31 5
50 32 49
50 34 10
50 35 46
50 42 46
50 43 34
50 44 9
50 47 10
50 48 3
50 49 54
51 1 26
51 3 20
51 5 47
51 6 45
51 7 29
51 9 52
51 12 58
51 15 11
51 16 5
51 17 30
51 21 29
51 22 34
51 23 32
51 29 15
51 31 48
51 32 11
51 37 30
51 38 20
51 39 52
51 44 38
51 45 5
51 47 47
51 49 37
51 50 3
52 0 50
52 1 4
52 3 54
52 7 34
52 8 43
52 15 55
52 17 26
52 18 8
52 19 58
52 21 5
52 22 38
52 23 6
52 25 47
52 27 28
52 29 2
52 32 58
52 33 56
52 36 59
52 39 57
52 42 4
52 43 37
52 45 2
52 46 36
52 47 27
52 49 33
52 51 44
53 4 26
53 6 40
53 10 15
53 13 51
53 19 19
53 20 42
53 21 14
53 26 51
53 27 42
53 28 47
53 31 51
53 33 1
53 36 17
53 40 35
53 41 21
53 42 49
53 44 58
53 47 13
53 50 11
53 51 25
53 52 41
54 1 19
54 3 25
54 5 49
54 6 37
54 8 18
54 9 56
54 11 60
54 12 8
54 14 9
54 19 31
54 21 45
54 22 59
54 23 14
54 25 23
54 26 33
54 28 53
54 29 5
54 33 17
54 34 24
54 40 59
54 41 36
54 42 10
54 44 44
54 45 8
54 46 29
54 47 19
54 49 26
54 52 39
55 0 55
55 2 19
55 4 35
55 7 1
55 12 15
55 17 1
55 19 18
55 21 9
55 23 21
55 25 23
55 26 32
55 27 18
55 28 17
55 30 37
55 35 27
55 36 14
55 38 14
55 39 40
55 40 7
55 42 58
55 44 54
55 45 29
55 46 26
55 48 14
55 49 9
55 51 7
55 52 15
56 1 52
56 3 36
56 6 15
56 7 32
56 8 52
56 9 33
56 14 32
56 17 15
56 19 4
56 20 32
56 21 38
56 23 35
56 26 7
56 28 48
56 31 51
56 33 48
56 37 33
56 38 37
56 40 1
56 41 59
56 42 12
56 43 13
56 44 51
56 46 32
56 50 1
56 54 44
57 1 14
57 2 54
57 6 54
57 8 57
57 9 38
57 10 43
57 13 12
57 16 16
57 17 3
57 18 53
57 19 11
57 20 37
57 21 15
57 23 21
57 24 39
57 26 1
57 28 7
57 31 42
57 32 52
57 33 14
57 34 3
57 36 1
57 38 22
57 41 54
57 42 51
57 45 3
57 46 21
57 47 53
57 51 60
57 52 47
57 53 14
58 0 13
58 1 41
58 2 53
58 3 3
58 5 5
58 10 52
58 11 24
58 13 8
58 17 45
58 18 47
58 19 48
58 20 31
58 22 53
58 24 10
58 25 32
58 26 6
58 27 53
58 28 40
58 32 19
58 33 37
58 34 41
58 37 24
58 38 2
58 39 12
58 44 10
58 45 16
58 46 44
58 48 58
58 50 2
58 51 34
58 52 7
58 54 3
58 57 19
59 0 4
59 1 37
59 5 8
59 6 10
59 7 26
59 8 7
59 9 47
59 12 44
59 15 38
59 16 10
59 18 55
59 20 28
59 21 11
59 22 13
59 24 34
59 25 8
59 27 41
59 34 11
59 36 38
59 37 56
59 40 42
59 43 27
59 45 20
59 46 41
59 47 60
59 48 52
59 50 29
59 51 27
59 52 35
59 55 44
59 56 28
59 57 50
59 58 38
60 0 17
60 6 48
60 9 44
60 10 28
60 11 21
60 12 53
60 13 26
60 16 9
60 17 34
60 18 8
60 19 36
60 21 5
60 22 13
60 29 55
60 30 46
60 33 13
60 34 27
60 35 21
60 37 20
60 39 44
60 43 23
60 46 59
60 47 32
60 51 47
60 52 9
60 54 4
60 58 36
60 59 20
61 0 3
61 2 38
61 3 46
61 4 4
61 5 25
61 6 59
61 9 52
61 10 48
61 11 47
61 12 4
61 14 10
61 15 54
61 18 33
61 19 18
61 21 24
61 23 43
61 24 3
61 25 3
61 28 28
61 30 6
61 34 56
61 35 21
61 38 35
61 39 45
61 40 57
61 41 39
61 42 51
61 45 36
61 46 7
61 47 11
61 48 53
61 49 8
61 50 14
61 51 31
61 54 16
61 57 6
61 58 3
62 1 10
62 3 53
62 8 54
62 10 23
62 17 29
62 23 24
62 24 43
62 25 30
62 29 52
62 30 22
62 31 20
62 33 26
62 35 30
62 36 7
62 38 25
62 41 54
62 43 16
62 44 7
62 45 4
62 46 27
62 48 36
62 50 45
62 52 53
62 53 25
62 54 35
62 57 30
62 60 10
63 4 34
63 7 23
63 9 30
63 10 42
63 11 1
63 13 53
63 14 32
63 15 35
63 16 47
63 18 2
63 19 45
63 21 14
63 22 2
63 23 23
63 30 38
63 34 16
63 37 10
63 38 18
63 40 11
63 41 10
63 42 54
63 43 11
63 44 16
63 47 45
63 48 29
63 50 19
63 51 60
63 52 40
63 53 46
63 54 39
63 60 21
63 61 1
