56
1 0 12
2 0 2
2 1 11
3 1 21
3 2 20
5 4 22
6 0 2
7 1 2
7 3 17
7 4 12
7 6 10
8 0 13
8 5 10
8 6 20
8 7 3
9 2 3
9 5 4
9 7 9
10 2 4
10 3 4
10 5 5
10 7 21
10 8 18
11 0 7
11 3 19
11 4 11
11 6 7
11 7 4
11 8 1
11 10 5
12 1 1
12 7 19
12 8 21
12 9 2
12 11 13
13 0 1
13 2 10
13 5 2
13 6 14
13 8 9
13 10 11
13 11 15
14 1 10
14 3 5
14 4 6
14 5 3
14 8 1
14 9 14
14 11 8
14 12 10
15 3 14
15 4 18
15 6 21
15 8 15
15 9 18
15 12 16
15 13 3
15 14 19
16 0 10
16 2 2
16 3 12
16 4 6
16 5 22
16 7 5
16 9 7
16 10 16
16 14 16
16 15 15
17 0 6
17 1 1
17 4 20
17 9 9
17 10 4
17 11 6
17 12 20
17 16 8
18 2 8
18 3 7
18 4 8
18 5 13
18 7 5
18 8 20
18 9 5
18 10 12
18 11 8
18 13 6
18 14 11
18 15 13
18 16 1
19 0 16
19 5 14
19 7 2
19 8 18
19 9 6
19 11 15
19 13 21
19 14 4
19 18 7
20 1 3
20 2 16
20 7 3
20 9 3
20 11 21
20 12 19
20 13 15
20 15 17
20 18 16
21 0 3
21 1 4
21 2 2
21 3 8
21 4 11
21 6 10
21 7 1
21 8 14
21 12 11
21 13 4
21 17 21
21 20 1
22 1 5
22 2 21
22 9 15
22 13 19
22 14 2
22 16 9
22 17 14
22 18 15
22 20 9
23 2 14
23 6 6
23 7 16
23 12 20
23 14 6
23 16 8
23 19 2
23 21 7
23 22 16
24 0 19
24 1 13
24 3 15
24 5 12
24 6 14
24 7 3
24 8 5
24 9 6
24 10 12
24 12 19
24 13 12
24 15 21
24 19 1
24 21 18
25 0 2
25 2 18
25 3 19
25 5 1
25 6 4
25 8 19
25 9 1
25 10 7
25 15 8
25 16 18
25 18 5
25 19 16
25 20 18
25 21 12
25 22 13
25 23 11
26 0 18
26 3 15
26 4 6
26 7 4
26 8 9
26 9 12
26 13 10
26 15 16
26 16 22
26 18 4
26 19 14
26 20 11
26 21 22
26 22 3
27 5 17
27 7 8
27 9 4
27 10 12
27 14 11
27 16 22
27 17 14
27 18 16
27 22 9
27 23 11
27 25 13
27 26 7
28 0 20
28 1 19
28 2 22
28 4 6
28 7 7
28 9 8
28 10 10
28 11 21
28 12 5
28 14 21
28 15 9
28 16 15
28 17 16
28 20 14
28 21 14
28 22 19
28 23 1
28 25 21
28 27 21
29 1 7
29 6 4
29 8 2
29 9 16
29 10 21
29 11 12
29 13 5
29 14 15
29 15 3
29 17 5
29 24 20
29 26 11
29 27 13
30 1 4
30 3 18
30 5 2
30 6 17
30 7 3
30 11 20
30 12 2
30 14 7
30 15 16
30 16 3
30 18 20
30 21 20
30 24 6
30 25 3
30 26 4
30 28 3
31 1 17
31 4 10
31 6 20
31 8 20
31 9 22
31 10 19
31 11 2
31 12 14
31 14 22
31 17 11
31 18 21
31 20 19
31 21 11
31 22 21
31 23 7
31 26 22
31 27 5
31 28 15
31 29 2
32 0 20
32 2 10
32 8 20
32 10 14
32 11 16
32 14 10
32 15 21
32 16 10
32 17 12
32 20 8
32 22 17
32 25 2
32 29 2
33 0 3
33 3 22
33 4 6
33 11 1
33 14 8
33 18 2
33 20 2
33 22 1
33 26 9
33 28 20
33 29 2
33 30 4
33 31 13
33 32 6
34 1 16
34 2 19
34 5 8
34 9 14
34 10 7
34 15 5
34 17 16
34 24 16
34 25 10
34 26 4
34 28 1
34 30 13
34 31 8
34 32 12
35 0 2
35 1 4
35 2 11
35 4 16
35 9 9
35 12 8
35 14 20
35 15 6
35 17 14
35 21 10
35 27 20
35 28 10
35 34 17
36 1 20
36 2 9
36 3 6
36 4 14
36 8 4
36 9 18
36 10 21
36 11 14
36 13 7
36 17 5
36 19 14
36 20 16
36 24 8
36 25 15
36 26 6
36 27 7
36 29 7
36 30 9
36 32 10
36 33 6
37 0 15
37 1 18
37 3 11
37 7 5
37 12 15
37 13 6
37 14 22
37 15 7
37 17 17
37 19 8
37 22 22
37 23 13
37 24 15
37 25 7
37 28 13
37 29 4
37 31 8
37 33 5
37 34 2
37 35 5
38 0 17
38 1 1
38 3 15
38 7 7
38 8 1
38 11 13
38 12 7
38 13 9
38 14 4
38 18 14
38 19 18
38 20 3
38 22 19
38 23 6
38 27 19
38 28 15
38 29 2
38 31 15
38 32 20
38 33 4
38 36 6
39 0 14
39 5 5
39 7 17
39 9 9
39 10 4
39 11 1
39 13 15
39 15 1
39 18 9
39 21 1
39 23 10
39 24 10
39 26 19
39 27 6
39 28 16
39 29 5
39 31 17
39 36 9
40 0 22
40 1 21
40 5 10
40 6 15
40 10 22
40 11 14
40 16 16
40 18 17
40 19 9
40 20 3
40 22 21
40 23 18
40 24 18
40 25 22
40 26 6
40 27 13
40 31 4
40 32 20
40 34 11
40 35 7
40 36 22
40 38 15
40 39 14
41 1 2
41 2 2
41 4 10
41 5 6
41 6 14
41 7 21
41 9 19
41 10 13
41 11 6
41 17 15
41 19 18
41 20 18
41 24 16
41 26 20
41 27 11
41 29 15
41 30 9
41 33 4
41 34 3
41 37 8
41 40 8
42 1 19
42 5 8
42 7 11
42 8 22
42 10 8
42 11 15
42 15 5
42 17 13
42 18 1
42 19 2
42 23 14
42 29 11
42 34 21
42 37 9
42 38 1
42 40 4
42 41 7
43 1 12
43 2 11
43 7 4
43 9 4
43 11 13
43 15 13
43 16 12
43 17 9
43 18 9
43 19 16
43 20 5
43 21 2
43 24 7
43 25 17
43 26 14
43 28 6
43 29 21
43 31 10
43 32 1
43 34 13
43 36 1
43 37 13
43 38 11
43 39 15
43 40 3
43 41 6
43 42 14
44 0 7
44 1 10
44 3 8
44 4 4
44 5 22
44 6 19
44 7 12
44 8 8
44 9 9
44 15 8
44 18 12
44 22 4
44 26 4
44 28 13
44 29 9
44 30 7
44 33 8
44 34 10
44 36 3
44 37 18
44 39 10
44 42 7
44 43 17
45 0 14
45 6 2
45 7 12
45 9 15
45 12 4
45 13 22
45 19 9
45 24 8
45 25 2
45 27 21
45 29 18
45 30 3
45 31 5
45 32 22
45 33 4
45 39 22
45 42 11
45 43 22
45 44 19
46 6 13
46 7 6
46 9 1
46 11 13
46 13 3
46 16 5
46 17 18
46 18 15
46 19 22
46 20 6
46 22 5
46 23 12
46 24 12
46 25 3
46 26 16
46 28 12
46 29 20
46 35 13
46 37 10
46 38 1
46 40 14
46 41 3
46 44 11
47 1 22
47 3 15
47 4 17
47 6 7
47 9 8
47 10 2
47 14 1
47 17 2
47 19 3
47 23 5
47 24 11
47 26 12
47 28 9
47 31 15
47 33 14
47 34 5
47 35 6
47 36 10
47 38 4
47 39 4
47 41 16
47 42 20
47 43 1
47 44 15
48 0 2
48 1 1
48 2 3
48 7 1
48 8 13
48 10 17
48 13 5
48 14 18
48 15 15
48 17 1
48 19 6
48 22 22
48 24 19
48 25 12
48 26 1
48 27 21
48 28 2
48 32 5
48 33 21
48 34 4
48 35 5
48 37 12
48 38 15
48 39 8
48 40 10
48 41 14
48 43 4
48 44 4
48 46 20
48 47 10
49 1 3
49 2 8
49 3 2
49 7 8
49 8 10
49 10 19
49 11 8
49 13 4
49 14 21
49 16 2
49 17 7
49 19 13
49 20 22
49 21 20
49 22 7
49 23 5
49 28 1
49 30 20
49 34 15
49 35 3
49 36 20
49 38 18
49 39 12
49 41 19
49 43 9
49 44 2
49 45 15
49 46 11
49 47 12
49 48 13
50 4 2
50 6 14
50 7 10
50 8 7
50 9 7
50 11 17
50 12 2
50 13 19
50 14 5
50 15 18
50 16 11
50 17 21
50 19 13
50 20 21
50 25 20
50 26 16
50 27 19
50 28 22
50 32 8
50 33 15
50 34 22
50 36 16
50 37 22
50 40 4
50 41 9
51 1 1
51 5 17
51 6 11
51 7 18
51 8 9
51 11 14
51 14 13
51 16 17
51 17 14
51 18 19
51 19 21
51 22 15
51 24 19
51 25 5
51 29 10
51 31 16
51 32 19
51 33 11
51 39 10
51 42 5
51 43 4
51 45 14
51 47 14
52 0 8
52 3 4
52 4 11
52 9 11
52 12 16
52 14 10
52 16 5
52 17 20
52 18 18
52 19 7
52 20 9
52 22 12
52 24 13
52 25 6
52 27 10
52 29 11
52 30 8
52 31 3
52 32 20
52 33 16
52 34 6
52 38 15
52 40 1
52 43 9
52 48 11
52 49 3
53 2 5
53 4 12
53 5 18
53 16 2
53 18 13
53 19 10
53 20 18
53 21 11
53 24 12
53 27 21
53 31 19
53 33 17
53 36 15
53 37 4
53 38 5
53 39 14
53 40 13
53 42 1
53 44 5
53 45 17
53 47 3
53 50 21
53 52 9
54 0 16
54 3 5
54 7 3
54 8 17
54 10 9
54 15 8
54 17 3
54 19 2
54 21 15
54 23 5
54 25 18
54 26 15
54 27 11
54 32 17
54 33 17
54 36 2
54 37 21
54 38 21
54 39 14
54 41 6
54 42 4
54 43 1
54 46 14
54 47 10
54 49 13
54 50 16
54 53 4
55 1 19
55 2 20
55 6 16
55 8 17
55 9 4
55 12 4
55 16 1
55 17 15
55 23 5
55 24 3
55 26 15
55 27 1
55 29 15
55 32 22
55 33 11
55 34 22
55 36 12
55 37 18
55 41 17
55 42 3
55 43 4
55 45 1
55 47 11
55 48 22
55 52 1
55 53 13
