42
2 0 12
2 1 6
3 0 9
4 0 18
4 2 15
4 3 14
5 2 8
5 4 8
6 1 6
6 3 8
7 0 9
7 2 10
7 6 9
8 0 9
8 4 9
8 6 17
8 7 13
9 0 10
9 2 17
9 3 9
9 4 13
9 5 4
9 7 12
10 1 3
10 2 10
10 7 16
11 1 2
11 2 13
11 3 1
11 4 15
11 7 14
11 10 16
12 2 15
12 3 17
12 5 4
12 6 14
12 7 4
12 8 16
12 10 17
12 11 4
13 1 11
13 2 2
13 6 3
13 7 13
13 8 17
13 10 6
14 0 16
14 4 4
14 5 5
14 6 11
14 7 7
14 10 6
14 11 10
14 13 8
15 3 1
15 4 6
15 6 12
15 7 2
15 8 16
15 10 8
15 11 2
15 12 2
15 13 5
15 14 1
16 0 15
16 1 15
16 2 1
16 5 13
16 8 6
16 10 11
16 12 3
16 13 9
16 14 13
16 15 1
17 4 1
17 6 5
17 8 15
17 10 13
17 15 12
17 16 8
18 1 14
18 4 3
18 6 18
18 7 10
18 8 18
18 10 5
18 12 12
18 13 10
18 15 11
18 16 15
18 17 9
19 8 4
19 12 13
19 14 11
19 16 8
19 17 18
19 18 8
20 1 3
20 3 11
20 4 17
20 5 1
20 7 12
20 8 17
20 14 6
20 15 17
20 16 15
20 17 9
20 18 5
21 0 18
21 1 15
21 3 6
21 5 11
21 6 5
21 9 7
21 11 13
21 14 12
21 15 12
21 17 8
21 20 18
22 3 12
22 4 10
22 5 18
22 10 15
22 11 5
22 12 14
22 15 10
22 16 1
22 17 9
22 19 11
23 3 9
23 4 9
23 7 13
23 9 4
23 12 14
23 13 11
23 16 17
23 18 14
23 19 3
23 20 13
23 21 13
23 22 4
24 4 16
24 5 6
24 7 5
24 8 5
24 9 18
24 10 16
24 12 17
24 15 4
24 16 14
24 18 10
24 19 3
24 21 11
25 2 15
25 3 15
25 9 4
25 10 2
25 11 16
25 13 10
25 15 8
25 16 15
25 17 8
25 18 13
25 19 14
25 23 2
26 0 15
26 1 12
26 3 16
26 4 8
26 6 10
26 8 10
26 10 16
26 11 13
26 13 13
26 16 10
26 19 5
26 20 8
26 23 11
26 24 13
27 0 7
27 1 2
27 3 17
27 4 8
27 7 9
27 8 7
27 9 15
27 10 2
27 12 5
27 13 9
27 15 3
27 17 10
27 18 2
27 22 8
27 24 15
27 25 9
28 9 17
28 11 7
28 12 18
28 14 17
28 15 7
28 23 9
28 24 17
28 25 11
28 26 16
29 1 2
29 2 8
29 7 7
29 15 4
29 18 6
29 20 18
29 24 10
29 26 15
29 27 10
30 1 15
30 2 14
30 3 5
30 4 1
30 5 5
30 6 18
30 7 4
30 8 15
30 9 12
30 16 13
30 22 4
30 23 18
30 24 14
31 1 4
31 5 13
31 8 7
31 9 12
31 11 18
31 12 2
31 18 11
31 19 17
31 22 6
31 25 2
31 26 13
31 27 7
32 0 8
32 1 10
32 2 6
32 7 16
32 8 5
32 10 9
32 12 2
32 13 4
32 14 16
32 16 2
32 17 13
32 18 11
32 20 8
32 21 13
32 22 12
32 23 17
32 27 14
32 28 8
33 1 18
33 2 7
33 4 8
33 5 5
33 6 9
33 8 17
33 10 6
33 12 11
33 15 9
33 16 9
33 17 12
33 18 18
33 19 8
33 21 15
33 25 1
33 27 2
33 29 17
33 32 1
34 0 14
34 1 18
34 5 3
34 9 8
34 10 5
34 13 2
34 15 5
34 19 2
34 22 11
34 24 16
34 25 9
34 27 5
34 29 11
34 31 9
34 32 10
34 33 13
35 0 13
35 1 1
35 2 6
35 3 3
35 4 5
35 6 8
35 7 12
35 8 6
35 10 10
35 12 2
35 13 4
35 14 2
35 16 11
35 19 7
35 22 16
35 26 1
35 27 6
35 31 1
36 2 7
36 3 7
36 5 17
36 6 6
36 9 18
36 10 5
36 12 11
36 14 10
36 15 16
36 16 12
36 18 16
36 19 16
36 21 1
36 25 7
36 28 2
36 31 6
36 33 13
36 34 16
37 0 10
37 2 16
37 4 8
37 5 3
37 9 12
37 10 4
37 14 10
37 15 1
37 18 7
37 20 12
37 21 12
37 23 11
37 24 10
37 25 4
37 27 3
37 28 5
37 29 7
37 31 18
37 32 16
37 34 9
38 1 14
38 3 15
38 4 1
38 5 8
38 7 15
38 9 14
38 10 9
38 11 1
38 13 9
38 14 1
38 16 3
38 17 5
38 24 16
38 25 10
38 28 13
38 30 11
38 31 14
38 32 9
38 37 14
39 2 11
39 3 17
39 4 4
39 5 4
39 8 9
39 9 5
39 13 10
39 14 1
39 16 2
39 17 3
39 18 17
39 20 17
39 22 3
39 25 10
39 26 10
39 29 9
39 32 1
39 33 14
39 36 11
39 38 18
40 0 13
40 2 4
40 3 5
40 4 1
40 8 3
40 9 15
40 10 6
40 17 4
40 22 11
40 25 13
40 27 8
40 30 5
40 31 3
40 35 6
40 36 15
41 4 13
41 7 12
41 8 5
41 9 3
41 10 8
41 11 8
41 12 12
41 13 18
41 15 12
41 16 3
41 20 4
41 21 18
41 22 1
41 24 11
41 25 7
41 26 13
41 27 12
41 30 6
41 33 9
41 34 17
41 36 11
41 37 12
41 39 13
