44
1 0 7
2 0 4
2 1 9
3 0 8
3 1 2
3 2 6
4 0 8
4 1 4
4 2 8
4 3 1
5 0 1
5 1 6
5 2 1
5 3 9
5 4 4
6 0 9
6 1 3
6 2 3
6 3 2
6 4 8
6 5 9
7 0 7
7 1 6
7 2 9
7 3 1
7 4 7
7 5 5
7 6 6
8 0 2
8 1 1
8 2 9
8 3 8
8 4 8
8 5 6
8 6 3
8 7 9
9 0 5
9 1 6
9 2 2
9 3 2
9 4 7
9 5 5
9 6 8
9 7 6
9 8 5
10 0 9
10 1 3
10 2 9
10 3 3
10 4 7
10 5 2
10 6 9
10 7 6
10 8 4
10 9 7
11 0 9
11 1 6
11 2 5
11 3 4
11 4 9
11 5 8
11 6 3
11 7 4
11 8 7
11 9 5
11 10 4
12 0 9
12 1 4
12 2 2
12 3 1
12 4 6
12 5 4
12 6 6
12 7 9
12 8 4
12 9 3
12 10 8
12 11 3
13 0 8
13 1 3
13 2 6
13 3 7
13 4 9
13 5 4
13 6 7
13 7 9
13 8 1
13 9 4
13 10 9
13 11 5
13 12 7
14 0 1
14 1 9
14 2 7
14 3 8
14 4 6
14 5 9
14 6 1
14 7 7
14 8 6
14 9 3
14 10 4
14 11 8
14 12 9
14 13 7
15 0 8
15 1 5
15 2 1
15 3 9
15 4 9
15 5 4
15 6 6
15 7 3
15 8 6
15 9 8
15 10 1
15 11 4
15 12 7
15 13 2
15 14 7
16 0 1
16 1 8
16 2 3
16 3 1
16 4 2
16 5 2
16 6 5
16 7 5
16 8 3
16 9 5
16 10 6
16 11 8
16 12 4
16 13 9
16 14 1
16 15 3
17 0 5
17 1 4
17 2 8
17 3 7
17 4 9
17 5 7
17 6 4
17 7 2
17 8 5
17 9 7
17 10 8
17 11 9
17 12 8
17 13 4
17 14 2
17 15 9
17 16 7
18 0 9
18 1 9
18 2 9
18 3 3
18 4 4
18 5 5
18 6 3
18 7 5
18 8 7
18 9 3
18 10 3
18 11 4
18 12 3
18 13 4
18 14 4
18 15 6
18 16 5
18 17 2
19 0 5
19 1 8
19 2 9
19 3 2
19 4 9
19 5 6
19 6 5
19 7 2
19 8 9
19 9 7
19 10 3
19 11 6
19 12 6
19 13 7
19 14 7
19 15 3
19 16 7
19 17 7
19 18 7
20 0 9
20 1 5
20 2 2
20 3 9
20 4 7
20 5 6
20 6 1
20 7 9
20 8 7
20 9 3
20 10 2
20 11 5
20 12 1
20 13 4
20 14 3
20 15 3
20 16 1
20 17 8
20 18 9
20 19 9
21 0 3
21 1 7
21 2 3
21 3 9
21 4 5
21 5 5
21 6 5
21 7 7
21 8 5
21 9 1
21 10 6
21 11 6
21 12 8
21 13 1
21 14 2
21 15 2
21 16 8
21 17 5
21 18 1
21 19 4
21 20 9
22 0 1
22 1 1
22 2 5
22 3 3
22 4 7
22 5 6
22 6 7
22 7 9
22 8 9
22 9 8
22 10 4
22 11 8
22 12 4
22 13 8
22 14 8
22 15 6
22 16 9
22 17 9
22 18 6
22 19 3
22 20 4
22 21 5
23 0 1
23 1 4
23 2 9
23 3 5
23 4 7
23 5 5
23 6 2
23 7 7
23 8 7
23 9 9
23 10 4
23 11 3
23 12 8
23 13 3
23 14 1
23 15 3
23 16 2
23 17 1
23 18 1
23 19 7
23 20 6
23 21 7
23 22 2
24 0 7
24 1 1
24 2 9
24 3 5
24 4 9
24 5 4
24 6 4
24 7 1
24 8 3
24 9 6
24 10 3
24 11 3
24 12 2
24 13 7
24 14 2
24 15 3
24 16 7
24 17 4
24 18 3
24 19 8
24 20 2
24 21 5
24 22 2
24 23 7
25 0 9
25 1 3
25 2 7
25 3 9
25 4 5
25 5 2
25 6 7
25 7 2
25 8 2
25 9 6
25 10 4
25 11 9
25 12 7
25 13 4
25 14 5
25 15 8
25 16 4
25 17 6
25 18 9
25 19 8
25 20 7
25 21 2
25 22 6
25 23 6
25 24 8
26 0 1
26 1 1
26 2 7
26 3 7
26 4 1
26 5 2
26 6 8
26 7 2
26 8 9
26 9 4
26 10 2
26 11 2
26 12 7
26 13 8
26 14 7
26 15 8
26 16 5
26 17 1
26 18 1
26 19 1
26 20 3
26 21 3
26 22 2
26 23 6
26 24 2
26 25 1
27 0 8
27 1 2
27 2 8
27 3 8
27 4 7
27 5 8
27 6 4
27 7 4
27 8 9
27 9 7
27 10 9
27 11 1
27 12 2
27 13 9
27 14 7
27 15 1
27 16 8
27 17 7
27 18 3
27 19 8
27 20 2
27 21 7
27 22 1
27 23 6
27 24 3
27 25 4
27 26 4
28 0 4
28 1 1
28 2 5
28 3 4
28 4 6
28 5 8
28 6 9
28 7 8
28 8 6
28 9 9
28 10 2
28 11 8
28 12 8
28 13 8
28 14 3
28 15 9
28 16 9
28 17 5
28 18 9
28 19 9
28 20 2
28 21 9
28 22 6
28 23 3
28 24 6
28 25 6
28 26 9
28 27 2
29 0 1
29 1 6
29 2 3
29 3 8
29 4 4
29 5 1
29 6 7
29 7 2
29 8 2
29 9 4
29 10 4
29 11 1
29 12 8
29 13 3
29 14 8
29 15 2
29 16 5
29 17 8
29 18 9
29 19 6
29 20 1
29 21 9
29 22 7
29 23 3
29 24 5
29 25 1
29 26 6
29 27 3
29 28 7
30 0 1
30 1 5
30 2 9
30 3 6
30 4 3
30 5 7
30 6 2
30 7 4
30 8 1
30 9 4
30 10 8
30 11 1
30 12 2
30 13 6
30 14 3
30 15 7
30 16 7
30 17 1
30 18 8
30 19 4
30 20 5
30 21 1
30 22 3
30 23 8
30 24 1
30 25 1
30 26 3
30 27 2
30 28 4
30 29 9
31 0 8
31 1 1
31 2 5
31 3 1
31 4 4
31 5 7
31 6 6
31 7 3
31 8 3
31 9 7
31 10 5
31 11 9
31 12 1
31 13 2
31 14 2
31 15 5
31 16 7
31 17 5
31 18 6
31 19 2
31 20 1
31 21 4
31 22 6
31 23 9
31 24 2
31 25 2
31 26 4
31 27 4
31 28 5
31 29 7
31 30 4
32 0 7
32 1 1
32 2 5
32 3 6
32 4 9
32 5 3
32 6 3
32 7 8
32 8 5
32 9 8
32 10 2
32 11 1
32 12 9
32 13 6
32 14 6
32 15 1
32 16 9
32 17 2
32 18 9
32 19 8
32 20 4
32 21 1
32 22 3
32 23 9
32 24 3
32 25 3
32 26 7
32 27 7
32 28 7
32 29 6
32 30 5
32 31 5
33 0 7
33 1 7
33 2 2
33 3 6
33 4 4
33 5 8
33 6 1
33 7 7
33 8 1
33 9 6
33 10 8
33 11 6
33 12 1
33 13 9
33 14 2
33 15 5
33 16 5
33 17 3
33 18 4
33 19 1
33 20 5
33 21 8
33 22 1
33 23 3
33 24 2
33 25 9
33 26 3
33 27 2
33 28 5
33 29 2
33 30 3
33 31 2
33 32 5
34 0 7
34 1 9
34 2 8
34 3 8
34 4 6
34 5 1
34 6 4
34 7 3
34 8 6
34 9 4
34 10 5
34 11 6
34 12 3
34 13 2
34 14 4
34 15 2
34 16 8
34 17 1
34 18 2
34 19 6
34 20 6
34 21 1
34 22 7
34 23 1
34 24 7
34 25 7
34 26 6
34 27 9
34 28 3
34 29 9
34 30 3
34 31 6
34 32 2
34 33 9
35 0 8
35 1 5
35 2 4
35 3 4
35 4 4
35 5 2
35 6 7
35 7 1
35 8 1
35 9 3
35 10 1
35 11 6
35 12 1
35 13 1
35 14 3
35 15 3
35 16 5
35 17 3
35 18 9
35 19 7
35 20 6
35 21 9
35 22 4
35 23 1
35 24 7
35 25 6
35 26 1
35 27 4
35 28 2
35 29 1
35 30 6
35 31 9
35 32 6
35 33 2
35 34 5
36 0 9
36 1 1
36 2 8
36 3 4
36 4 9
36 5 8
36 6 2
36 7 2
36 8 6
36 9 6
36 10 5
36 11 3
36 12 7
36 13 1
36 14 8
36 15 4
36 16 1
36 17 7
36 18 8
36 19 3
36 20 6
36 21 7
36 22 3
36 23 6
36 24 3
36 25 4
36 26 5
36 27 7
36 28 6
36 29 3
36 30 9
36 31 4
36 32 7
36 33 5
36 34 4
36 35 5
37 0 1
37 1 6
37 2 5
37 3 2
37 4 9
37 5 4
37 6 4
37 7 9
37 8 2
37 9 8
37 10 3
37 11 4
37 12 9
37 13 5
37 14 9
37 15 4
37 16 4
37 17 3
37 18 5
37 19 3
37 20 8
37 21 5
37 22 3
37 23 3
37 24 5
37 25 9
37 26 3
37 27 3
37 28 7
37 29 5
37 30 2
37 31 3
37 32 1
37 33 8
37 34 9
37 35 7
37 36 5
38 0 9
38 1 3
38 2 5
38 3 1
38 4 1
38 5 4
38 6 8
38 7 5
38 8 1
38 9 1
38 10 9
38 11 4
38 12 8
38 13 9
38 14 1
38 15 5
38 16 7
38 17 4
38 18 3
38 19 8
38 20 9
38 21 2
38 22 3
38 23 5
38 24 9
38 25 9
38 26 7
38 27 4
38 28 2
38 29 4
38 30 6
38 31 6
38 32 6
38 33 9
38 34 9
38 35 4
38 36 7
38 37 2
39 0 7
39 1 8
39 2 2
39 3 7
39 4 6
39 5 6
39 6 1
39 7 3
39 8 1
39 9 8
39 10 9
39 11 8
39 12 5
39 13 4
39 14 6
39 15 7
39 16 9
39 17 4
39 18 9
39 19 7
39 20 7
39 21 8
39 22 3
39 23 6
39 24 4
39 25 7
39 26 4
39 27 5
39 28 6
39 29 5
39 30 3
39 31 6
39 32 8
39 33 3
39 34 6
39 35 4
39 36 6
39 37 2
39 38 9
40 0 9
40 1 5
40 2 2
40 3 2
40 4 8
40 5 9
40 6 1
40 7 1
40 8 3
40 9 1
40 10 9
40 11 6
40 12 2
40 13 8
40 14 2
40 15 7
40 16 8
40 17 2
40 18 7
40 19 8
40 20 8
40 21 6
40 22 8
40 23 5
40 24 7
40 25 2
40 26 6
40 27 3
40 28 2
40 29 2
40 30 4
40 31 2
40 32 9
40 33 8
40 34 7
40 35 7
40 36 1
40 37 6
40 38 7
40 39 7
41 0 5
41 1 5
41 2 9
41 3 4
41 4 5
41 5 7
41 6 5
41 7 4
41 8 1
41 9 3
41 10 4
41 11 7
41 12 6
41 13 7
41 14 6
41 15 6
41 16 1
41 17 8
41 18 3
41 19 9
41 20 5
41 21 6
41 22 1
41 23 5
41 24 7
41 25 7
41 26 1
41 27 5
41 28 3
41 29 1
41 30 1
41 31 6
41 32 1
41 33 8
41 34 6
41 35 5
41 36 1
41 37 3
41 38 3
41 39 6
41 40 4
42 0 7
42 1 4
42 2 7
42 3 6
42 4 3
42 5 9
42 6 4
42 7 7
42 8 2
42 9 9
42 10 8
42 11 9
42 12 1
42 13 9
42 14 8
42 15 8
42 16 4
42 17 7
42 18 4
42 19 1
42 20 7
42 21 4
42 22 4
42 23 7
42 24 6
42 25 5
42 26 2
42 27 5
42 28 5
42 29 7
42 30 1
42 31 1
42 32 7
42 33 8
42 34 3
42 35 6
42 36 8
42 37 2
42 38 6
42 39 9
42 40 2
42 41 3
43 0 6
43 1 2
43 2 1
43 3 1
43 4 5
43 5 7
43 6 8
43 7 7
43 8 4
43 9 6
43 10 3
43 11 3
43 12 9
43 13 5
43 14 3
43 15 1
43 16 8
43 17 9
43 18 6
43 19 1
43 20 1
43 21 7
43 22 8
43 23 7
43 24 7
43 25 5
43 26 6
43 27 2
43 28 4
43 29 9
43 30 3
43 31 7
43 32 1
43 33 4
43 34 4
43 35 6
43 36 8
43 37 5
43 38 3
43 39 4
43 40 2
43 41 6
43 42 6
