30
1 0 18
2 0 15
2 1 64
3 2 34
4 0 15
4 2 1
5 2 33
5 3 13
5 4 21
6 1 11
6 2 22
6 3 37
6 4 57
6 5 30
7 0 37
7 2 36
7 3 40
7 4 20
7 5 16
7 6 1
8 0 15
8 2 19
8 6 57
8 7 43
9 0 46
9 1 9
9 2 11
9 3 11
9 4 50
10 0 37
10 2 39
10 3 52
10 4 62
10 5 27
10 6 42
10 8 58
10 9 45
11 0 42
11 4 47
11 5 62
11 6 39
11 9 22
11 10 50
12 6 1
12 9 45
12 10 26
12 11 1
13 0 24
13 2 52
13 3 2
13 6 29
13 10 60
13 11 46
14 1 19
14 3 33
14 5 12
14 6 46
14 7 59
14 11 3
14 13 60
15 1 57
15 4 54
15 7 5
15 8 63
15 10 24
15 12 46
15 13 5
16 1 21
16 2 47
16 4 41
16 7 35
16 8 48
16 9 36
16 10 3
16 11 10
16 12 39
17 0 52
17 1 37
17 2 28
17 3 26
17 6 20
17 9 10
17 11 31
17 15 34
17 16 27
18 1 8
18 2 42
18 3 27
18 7 55
18 8 50
18 10 65
18 14 51
18 16 47
19 3 6
19 13 30
19 15 17
19 16 51
20 0 30
20 1 24
20 2 54
20 7 49
20 9 42
20 10 11
20 13 47
20 14 5
20 16 50
20 17 27
21 0 19
21 1 4
21 4 43
21 8 12
21 9 3
21 10 63
21 12 28
21 13 57
21 16 33
21 19 13
21 20 63
22 3 15
22 6 3
22 9 40
22 11 1
22 12 49
22 13 9
22 14 62
22 16 2
22 19 8
22 20 48
23 0 3
23 1 64
23 2 48
23 5 18
23 10 4
23 11 17
23 13 9
23 14 59
23 15 14
23 19 63
23 20 39
23 22 63
24 1 14
24 2 31
24 6 29
24 7 20
24 11 58
24 12 57
24 13 44
24 15 2
24 17 49
24 18 28
24 21 8
24 23 27
25 0 62
25 1 9
25 3 2
25 4 38
25 8 25
25 10 7
25 14 29
25 17 35
25 19 61
26 0 65
26 1 52
26 4 63
26 8 64
26 12 63
26 13 13
26 14 62
26 17 11
26 18 44
26 19 9
26 20 28
26 22 42
26 23 40
26 24 35
26 25 2
27 2 55
27 6 44
27 8 48
27 9 14
27 10 43
27 17 52
27 19 30
27 21 19
27 22 33
27 24 18
28 0 44
28 1 15
28 3 24
28 4 11
28 6 19
28 8 34
28 9 21
28 10 12
28 11 48
28 12 64
28 13 33
28 17 7
28 18 27
28 19 34
28 20 3
28 24 10
28 25 20
29 0 3
29 1 30
29 2 61
29 4 10
29 5 12
29 9 10
29 10 7
29 11 10
29 13 7
29 14 35
29 17 65
29 18 42
29 23 31
29 25 40
29 27 28
