44
2 1 41
3 0 65
3 1 37
3 2 35
4 0 50
4 2 49
6 3 45
6 4 48
6 5 56
7 0 21
7 2 48
7 3 36
7 6 11
8 0 63
8 5 27
8 7 42
9 0 63
9 3 32
9 6 47
9 8 44
10 3 47
10 4 61
10 5 12
10 6 14
10 8 58
10 9 6
11 1 5
11 3 60
11 5 42
11 6 46
12 4 50
12 6 63
12 7 51
12 8 20
12 9 52
12 10 3
13 0 13
13 1 26
13 2 65
13 3 58
13 7 21
13 8 2
13 10 66
13 11 43
13 12 30
14 0 9
14 1 65
14 2 46
14 3 50
14 5 42
14 6 41
14 9 47
14 11 52
15 2 52
15 4 44
15 5 66
15 10 52
15 14 17
16 1 19
16 2 3
16 3 53
16 9 62
16 13 21
16 15 37
17 3 5
17 5 26
17 6 59
17 7 55
17 10 10
17 13 51
17 14 31
18 0 20
18 2 65
18 4 52
18 5 18
18 6 33
18 8 28
18 9 8
18 10 21
18 12 24
18 14 8
18 15 53
18 16 36
19 1 12
19 4 47
19 7 30
19 10 16
19 12 56
19 13 48
19 15 66
19 16 29
19 17 26
20 1 28
20 2 53
20 8 31
20 9 25
20 10 6
20 11 48
20 12 64
20 14 36
20 19 2
21 3 64
21 10 17
21 11 28
21 12 46
21 13 65
21 14 36
21 15 15
21 16 65
21 19 42
22 0 66
22 1 61
22 3 65
22 4 34
22 5 27
22 7 1
22 11 44
22 13 8
22 14 56
22 15 37
22 18 38
22 20 11
22 21 27
23 1 54
23 2 20
23 4 32
23 6 12
23 7 46
23 8 45
23 9 66
23 11 34
23 12 46
23 13 64
23 14 32
23 15 66
23 18 7
23 21 24
24 4 30
24 6 30
24 10 58
24 12 35
24 13 20
24 16 44
24 17 59
24 18 64
24 19 60
24 22 43
25 0 41
25 7 2
25 9 64
25 10 53
25 12 4
25 14 52
25 16 36
25 21 15
25 23 38
26 1 32
26 2 66
26 4 30
26 6 37
26 10 16
26 12 62
26 13 30
26 14 13
26 16 31
26 17 17
26 22 54
26 25 20
27 1 24
27 2 57
27 7 13
27 8 48
27 10 22
27 11 3
27 12 32
27 14 58
27 16 4
27 17 7
27 20 14
27 25 55
27 26 24
28 0 60
28 3 60
28 4 28
28 6 38
28 7 49
28 8 52
28 9 43
28 10 51
28 11 21
28 12 17
28 14 48
28 16 27
28 18 19
28 25 43
28 26 29
29 4 26
29 5 5
29 6 28
29 7 5
29 8 54
29 11 62
29 12 38
29 13 42
29 15 36
29 17 26
29 20 9
29 22 22
30 0 64
30 1 29
30 2 21
30 3 40
30 4 17
30 5 10
30 6 66
30 7 22
30 9 48
30 10 32
30 11 47
30 12 53
30 15 45
30 16 56
30 18 16
30 22 63
30 23 3
30 24 5
30 25 59
31 1 44
31 2 65
31 3 13
31 4 55
31 5 57
31 6 10
31 8 47
31 9 48
31 10 8
31 11 63
31 12 54
31 14 30
31 15 56
31 16 19
31 18 51
31 20 17
31 21 41
31 22 34
31 24 47
31 25 26
31 26 34
31 29 39
31 30 46
32 0 18
32 1 62
32 2 23
32 3 30
32 4 62
32 5 39
32 6 65
32 7 56
32 8 64
32 11 42
32 14 35
32 15 3
32 19 7
32 22 49
32 23 26
32 24 2
32 25 47
32 26 53
32 27 34
32 29 42
33 1 58
33 2 55
33 4 52
33 7 31
33 15 47
33 16 66
33 18 33
33 19 39
33 20 28
33 21 21
33 22 56
33 23 56
33 24 11
33 25 30
33 26 48
33 30 51
34 3 36
34 8 10
34 10 3
34 12 4
34 13 20
34 14 52
34 19 28
34 23 9
34 24 54
34 25 18
34 26 63
34 27 60
34 28 28
34 31 41
34 32 19
34 33 35
35 3 50
35 9 40
35 11 47
35 12 14
35 16 36
35 17 56
35 20 50
35 22 61
35 23 10
35 24 29
35 31 48
35 32 42
35 34 25
36 1 39
36 8 47
36 9 24
36 10 2
36 11 59
36 12 50
36 13 46
36 15 29
36 16 19
36 17 12
36 18 36
36 19 55
36 20 11
36 23 9
36 25 56
36 28 55
36 31 51
36 32 31
36 33 32
36 34 23
36 35 66
37 5 29
37 7 13
37 10 20
37 14 55
37 16 55
37 17 65
37 20 24
37 21 11
37 22 28
37 24 48
37 25 50
37 26 38
37 27 47
37 29 49
37 30 64
37 33 6
37 35 65
37 36 2
38 0 50
38 2 37
38 3 60
38 4 65
38 6 13
38 10 45
38 12 53
38 14 30
38 15 57
38 18 5
38 20 54
38 21 27
38 23 56
38 24 23
38 30 12
38 31 33
38 33 5
38 36 14
39 1 59
39 3 25
39 4 12
39 5 14
39 8 55
39 9 60
39 13 49
39 14 59
39 15 8
39 17 3
39 18 57
39 19 51
39 21 3
39 22 46
39 23 26
39 24 64
39 25 61
39 30 66
39 34 66
39 36 55
40 2 36
40 4 26
40 8 5
40 15 1
40 17 46
40 19 11
40 20 54
40 22 17
40 24 24
40 25 66
40 26 60
40 28 23
40 29 49
40 30 7
40 31 42
40 32 14
40 33 15
40 34 7
40 35 7
40 37 13
40 38 1
41 0 21
41 1 54
41 2 41
41 4 18
41 6 2
41 7 32
41 14 58
41 15 21
41 16 48
41 24 43
41 25 20
41 26 50
41 29 42
41 32 32
41 35 57
41 36 9
41 37 50
41 39 57
41 40 13
42 0 53
42 1 55
42 8 24
42 11 53
42 13 50
42 15 48
42 19 12
42 20 18
42 26 62
42 29 17
42 30 28
42 32 38
42 34 17
42 35 25
42 37 12
43 2 63
43 5 17
43 9 40
43 10 40
43 13 10
43 16 19
43 17 45
43 18 46
43 20 19
43 21 57
43 22 15
43 23 1
43 24 41
43 25 40
43 30 42
43 36 39
43 37 2
43 38 58
43 39 56
43 42 20
