23
1 0 29
2 0 2
2 1 8
3 0 27
3 1 4
3 2 32
4 0 43
4 1 10
4 2 32
4 3 3
5 0 12
5 1 15
5 2 33
5 3 44
5 4 22
6 0 8
6 1 48
6 2 19
6 3 37
6 4 18
6 5 36
7 0 42
7 1 42
7 2 25
7 3 43
7 4 11
7 5 13
7 6 6
8 0 51
8 1 34
8 2 9
8 3 5
8 4 34
8 5 4
8 6 6
8 7 7
9 0 31
9 1 7
9 2 53
9 3 9
9 4 22
9 5 18
9 6 12
9 7 49
9 8 22
10 0 25
10 1 29
10 2 51
10 3 3
10 4 28
10 5 46
10 6 49
10 7 4
10 8 20
10 9 5
11 0 18
11 1 52
11 2 26
11 3 51
11 4 10
11 5 18
11 6 2
11 7 14
11 8 14
11 9 42
11 10 56
12 0 43
12 1 52
12 2 19
12 3 8
12 4 10
12 5 2
12 6 43
12 7 22
12 8 10
12 9 33
12 10 22
12 11 19
13 0 41
13 1 48
13 2 31
13 3 15
13 4 8
13 5 2
13 6 16
13 7 19
13 8 1
13 9 21
13 10 49
13 11 33
13 12 1
14 0 24
14 1 16
14 2 10
14 3 1
14 4 11
14 5 8
14 6 46
14 7 8
14 8 48
14 9 46
14 10 11
14 11 39
14 12 34
14 13 56
15 0 14
15 1 3
15 2 44
15 3 29
15 4 9
15 5 56
15 6 11
15 7 31
15 8 36
15 9 1
15 10 25
15 11 16
15 12 56
15 13 29
15 14 35
16 0 41
16 1 41
16 2 13
16 3 40
16 4 27
16 5 48
16 6 53
16 7 22
16 8 9
16 9 16
16 10 21
16 11 13
16 12 11
16 13 39
16 14 8
16 15 37
17 0 12
17 1 1
17 2 42
17 3 45
17 4 44
17 5 10
17 6 10
17 7 10
17 8 42
17 9 53
17 10 42
17 11 8
17 12 11
17 13 4
17 14 48
17 15 12
17 16 44
18 0 38
18 1 8
18 2 49
18 3 48
18 4 3
18 5 9
18 6 25
18 7 53
18 8 5
18 9 21
18 10 51
18 11 13
18 12 54
18 13 16
18 14 11
18 15 1
18 16 53
18 17 47
19 0 2
19 1 45
19 2 21
19 3 34
19 4 18
19 5 51
19 6 2
19 7 13
19 8 45
19 9 1
19 10 45
19 11 9
19 12 27
19 13 4
19 14 2
19 15 42
19 16 50
19 17 24
19 18 4
20 0 5
20 1 15
20 2 8
20 3 1
20 4 23
20 5 24
20 6 44
20 7 23
20 8 32
20 9 28
20 10 6
20 11 41
20 12 13
20 13 4
20 14 32
20 15 35
20 16 41
20 17 24
20 18 38
20 19 21
21 0 32
21 1 50
21 2 12
21 3 4
21 4 9
21 5 13
21 6 7
21 7 17
21 8 14
21 9 56
21 10 44
21 11 37
21 12 11
21 13 10
21 14 27
21 15 4
21 16 47
21 17 9
21 18 33
21 19 41
21 20 49
22 0 20
22 1 54
22 2 30
22 3 45
22 4 50
22 5 2
22 6 49
22 7 49
22 8 51
22 9 4
22 10 17
22 11 44
22 12 41
22 13 22
22 14 35
22 15 44
22 16 44
22 17 32
22 18 7
22 19 35
22 20 55
22 21 51
