41
1 0 20
2 1 3
3 0 14
4 2 11
5 1 1
5 4 3
6 0 7
6 1 18
6 4 4
7 0 18
7 2 9
7 3 15
7 4 8
7 5 8
8 0 13
8 3 3
8 7 10
9 1 1
9 4 3
9 5 9
9 6 19
9 7 18
9 8 1
10 0 17
10 1 14
10 2 11
10 5 8
11 0 17
11 3 12
11 4 19
11 6 8
11 7 15
11 8 16
11 9 8
11 10 6
12 1 17
12 4 19
12 6 4
12 8 16
12 10 10
13 0 9
13 1 17
13 5 5
13 6 16
13 7 13
13 9 6
13 10 12
14 0 19
14 2 13
14 4 6
14 5 9
14 7 2
14 8 5
14 9 3
14 10 11
14 11 20
14 12 6
14 13 8
15 6 13
15 10 9
16 0 17
16 1 10
16 2 3
16 6 13
16 8 7
16 11 13
16 14 18
16 15 3
17 1 2
17 3 14
17 4 11
17 8 4
17 9 17
17 10 6
17 11 11
17 14 7
17 16 17
18 0 17
18 2 16
18 3 3
18 4 2
18 5 15
18 6 16
18 7 12
18 12 19
18 15 5
18 16 4
18 17 19
19 2 6
19 3 9
19 6 16
19 8 11
19 9 13
19 10 15
19 15 12
20 3 10
20 4 16
20 6 20
20 7 9
20 8 8
20 11 16
20 12 2
20 15 15
20 16 7
20 17 5
20 19 10
21 1 7
21 2 10
21 4 5
21 8 14
21 11 4
21 14 3
21 15 18
21 17 1
21 18 16
21 20 1
22 0 17
22 1 3
22 8 20
22 10 15
22 11 17
22 12 7
22 13 3
22 17 20
22 18 3
22 21 16
23 1 1
23 4 3
23 5 6
23 6 5
23 9 19
23 12 8
23 13 20
23 14 7
23 15 2
23 16 14
23 19 7
23 21 16
23 22 6
24 0 13
24 2 15
24 3 14
24 5 6
24 6 9
24 7 12
24 11 18
24 13 19
24 14 4
24 15 11
24 16 13
24 17 14
24 19 12
24 20 17
25 0 1
25 1 12
25 2 15
25 4 8
25 8 10
25 10 12
25 11 6
25 13 19
25 16 3
25 17 6
25 18 3
25 19 6
25 22 10
25 24 14
26 2 14
26 3 13
26 4 3
26 5 6
26 6 2
26 7 15
26 9 4
26 10 16
26 11 19
26 13 14
26 15 1
26 16 4
26 17 4
26 22 9
27 0 4
27 6 12
27 8 9
27 9 19
27 10 2
27 11 1
27 12 16
27 13 3
27 14 8
27 16 10
27 18 12
27 19 2
27 22 5
27 24 1
28 1 4
28 3 5
28 5 9
28 7 17
28 8 19
28 10 9
28 11 8
28 13 13
28 15 7
28 17 6
28 18 11
28 19 8
28 21 3
28 22 11
28 24 6
28 25 13
29 0 3
29 1 17
29 2 17
29 5 6
29 8 19
29 9 11
29 11 9
29 13 1
29 14 7
29 15 11
29 16 5
29 17 12
29 19 4
29 21 3
29 28 18
30 3 10
30 6 5
30 7 16
30 9 19
30 10 10
30 11 3
30 13 9
30 15 10
30 17 3
30 20 4
30 21 7
30 22 16
30 23 5
30 26 5
30 27 6
30 28 2
31 2 12
31 5 7
31 7 3
31 8 17
31 9 6
31 12 3
31 14 17
31 16 19
31 20 11
31 21 15
31 22 6
31 25 10
31 28 4
31 29 4
32 1 11
32 4 2
32 6 18
32 9 12
32 11 16
32 17 18
32 22 14
32 25 20
32 27 9
32 28 20
32 30 3
32 31 5
33 2 13
33 3 10
33 5 18
33 6 8
33 7 17
33 8 9
33 9 2
33 11 14
33 15 8
33 16 20
33 18 13
33 20 8
33 21 6
33 23 10
33 24 14
33 25 12
33 26 6
33 31 11
33 32 14
34 2 20
34 5 16
34 6 15
34 7 9
34 8 4
34 9 3
34 14 15
34 15 8
34 17 1
34 18 8
34 19 1
34 20 16
34 23 16
34 24 14
34 27 20
34 29 8
34 30 4
34 31 20
34 32 11
34 33 6
35 0 20
35 3 14
35 4 14
35 5 3
35 7 14
35 8 15
35 10 19
35 11 2
35 12 12
35 13 17
35 15 16
35 19 13
35 26 19
35 27 18
35 28 12
35 29 18
35 32 19
35 33 4
36 1 11
36 3 16
36 6 6
36 7 12
36 12 10
36 15 14
36 17 7
36 22 15
36 23 1
36 24 14
36 25 18
36 26 12
36 27 9
36 28 10
36 34 13
36 35 15
37 5 16
37 9 12
37 11 9
37 12 16
37 14 8
37 15 7
37 16 4
37 17 11
37 18 13
37 19 20
37 20 12
37 21 2
37 22 16
37 23 18
37 24 6
37 25 10
37 26 8
37 30 16
37 34 6
38 1 19
38 2 18
38 3 17
38 4 17
38 10 12
38 13 1
38 15 13
38 18 5
38 19 19
38 20 11
38 25 10
38 27 9
38 31 12
38 32 19
38 33 1
38 34 7
38 37 6
39 1 2
39 2 11
39 5 8
39 8 15
39 9 20
39 12 13
39 13 20
39 16 10
39 23 13
39 24 14
39 25 15
39 26 6
39 27 16
39 30 6
39 32 9
39 33 12
39 35 15
39 36 8
39 38 16
40 0 4
40 1 15
40 3 5
40 6 12
40 7 13
40 8 16
40 10 5
40 13 1
40 14 6
40 15 4
40 16 8
40 17 10
40 18 9
40 24 7
40 25 15
40 29 18
40 30 18
40 31 15
40 32 12
40 34 9
40 38 6
40 39 10
