55
1 0 41
4 1 29
4 3 11
5 2 13
5 4 24
6 0 46
6 1 42
6 5 49
7 1 42
7 2 39
7 4 48
7 5 13
7 6 8
8 1 42
8 6 49
9 1 12
9 2 34
9 3 27
9 4 43
9 6 7
10 0 3
10 1 5
10 3 54
10 4 6
10 5 10
10 9 53
11 0 35
11 1 17
11 2 20
11 4 47
11 6 25
11 9 17
12 1 41
12 5 37
12 6 53
12 7 23
12 8 39
12 10 28
13 5 1
13 6 38
13 7 35
13 8 13
13 11 51
13 12 36
14 0 1
14 1 11
14 3 5
14 4 45
14 7 9
14 8 46
14 9 49
14 10 51
14 11 12
14 12 26
14 13 40
15 0 1
15 1 21
15 2 52
15 3 22
15 5 39
15 6 29
15 7 29
15 8 23
15 9 28
15 11 1
15 13 29
15 14 41
16 4 3
16 5 32
16 8 16
16 12 35
17 0 14
17 2 29
17 5 6
17 7 40
17 12 8
17 14 5
17 15 34
18 4 44
18 5 7
18 8 22
18 9 47
18 11 46
18 13 29
18 17 53
19 1 50
19 3 22
19 4 46
19 8 34
19 9 48
19 11 19
19 12 31
19 13 39
19 14 52
19 16 17
19 17 13
20 0 18
20 2 5
20 4 28
20 5 50
20 6 34
20 12 31
20 13 24
20 15 48
21 2 15
21 8 14
21 10 18
21 12 39
21 13 22
21 14 21
21 15 50
21 16 11
21 17 39
21 18 12
21 20 4
22 2 8
22 3 20
22 5 48
22 6 18
22 7 34
22 8 6
22 10 29
22 13 29
22 14 3
22 16 20
22 18 7
22 21 1
23 0 2
23 2 42
23 3 40
23 5 17
23 6 48
23 9 1
23 10 12
23 11 37
23 14 33
23 15 5
23 21 39
23 22 46
24 2 25
24 3 45
24 4 43
24 10 34
24 15 8
24 18 8
24 19 9
24 20 31
24 22 14
25 1 14
25 3 16
25 4 14
25 5 18
25 9 30
25 10 18
25 16 31
25 18 15
25 19 15
25 22 31
25 23 26
25 24 37
26 2 44
26 5 16
26 7 33
26 8 21
26 9 49
26 11 4
26 12 40
26 14 31
26 16 6
26 17 33
26 18 47
26 19 46
26 21 42
26 24 47
27 0 37
27 5 1
27 6 17
27 10 39
27 11 53
27 14 20
27 16 17
27 19 43
27 21 37
27 22 22
27 24 23
27 26 51
28 1 45
28 3 6
28 4 41
28 8 6
28 10 48
28 11 24
28 15 8
28 16 17
28 20 52
28 23 51
28 24 5
29 0 4
29 1 29
29 2 45
29 6 7
29 12 22
29 14 10
29 15 19
29 18 22
29 20 19
29 21 16
29 23 12
29 25 8
29 27 50
30 1 54
30 2 24
30 4 17
30 5 48
30 6 22
30 9 29
30 10 3
30 11 27
30 17 19
30 18 16
30 19 13
30 20 39
30 21 41
30 22 16
30 23 5
30 24 46
30 27 34
31 2 3
31 3 52
31 4 5
31 5 10
31 6 23
31 7 18
31 8 30
31 11 17
31 14 30
31 15 12
31 18 34
31 22 25
31 23 9
31 27 45
31 30 45
32 2 36
32 3 49
32 4 48
32 7 6
32 8 16
32 9 35
32 10 32
32 11 42
32 12 49
32 13 17
32 16 23
32 17 6
32 18 44
32 21 38
32 23 14
32 24 50
32 27 14
32 28 52
32 30 1
32 31 2
33 1 13
33 5 3
33 8 18
33 9 43
33 10 10
33 13 53
33 14 10
33 15 29
33 16 53
33 18 4
33 20 33
33 21 45
33 23 22
33 26 22
33 31 1
34 0 36
34 2 21
34 3 31
34 5 44
34 7 40
34 10 42
34 13 14
34 14 46
34 18 40
34 24 36
34 25 11
34 27 36
34 32 47
35 1 48
35 4 6
35 5 25
35 7 22
35 8 38
35 9 27
35 10 50
35 11 23
35 12 32
35 13 8
35 16 46
35 18 28
35 19 40
35 20 1
35 27 6
35 29 46
35 32 47
36 2 47
36 4 45
36 5 51
36 6 49
36 8 2
36 10 43
36 11 16
36 12 39
36 15 40
36 16 18
36 17 7
36 18 47
36 20 29
36 24 15
36 25 23
36 27 26
36 31 37
37 1 37
37 2 6
37 5 50
37 7 5
37 10 23
37 11 26
37 18 17
37 20 44
37 23 17
37 25 9
37 26 2
37 29 29
37 33 22
37 34 27
37 36 14
38 1 13
38 3 5
38 6 11
38 10 54
38 11 25
38 13 40
38 15 5
38 16 14
38 17 42
38 18 50
38 19 51
38 21 10
38 22 9
38 23 11
38 24 37
38 26 20
38 27 51
38 31 16
38 33 12
38 34 1
38 37 32
39 0 1
39 1 16
39 4 16
39 7 41
39 9 50
39 12 49
39 13 27
39 16 22
39 17 8
39 20 14
39 23 42
39 25 13
39 26 26
39 29 40
39 32 10
39 33 53
39 35 53
40 0 24
40 2 26
40 3 49
40 4 7
40 5 15
40 6 47
40 7 20
40 8 6
40 9 9
40 11 50
40 12 23
40 15 3
40 16 2
40 22 6
40 23 38
40 27 27
40 28 38
40 29 39
40 32 4
40 33 29
40 35 10
40 38 32
40 39 18
41 1 15
41 9 3
41 10 40
41 12 10
41 14 43
41 19 16
41 22 4
41 24 25
41 26 52
41 28 24
41 29 39
41 30 31
41 31 33
41 34 27
41 35 36
42 0 21
42 5 15
42 7 17
42 8 39
42 10 50
42 15 50
42 16 1
42 18 13
42 19 13
42 20 36
42 22 39
42 23 37
42 24 10
42 25 12
42 26 2
42 28 22
42 31 35
42 33 39
42 36 15
42 37 1
42 38 11
42 40 21
42 41 3
43 2 30
43 5 41
43 9 28
43 12 2
43 15 45
43 16 11
43 18 13
43 19 41
43 20 31
43 22 31
43 23 12
43 24 50
43 25 50
43 26 52
43 28 27
43 30 49
43 31 17
43 33 44
43 34 23
43 36 48
43 37 21
43 38 34
43 40 36
43 41 34
44 2 21
44 9 46
44 11 49
44 12 20
44 17 32
44 21 28
44 22 6
44 24 54
44 27 7
44 28 21
44 30 36
44 31 48
44 33 38
44 35 33
44 36 11
44 38 10
44 40 21
44 41 9
44 42 1
44 43 17
45 0 27
45 3 25
45 5 52
45 9 47
45 12 35
45 13 15
45 14 20
45 15 14
45 16 33
45 18 16
45 19 28
45 20 35
45 21 20
45 22 15
45 23 43
45 24 7
45 26 25
45 28 4
45 30 5
45 31 4
45 32 47
45 34 33
45 35 45
45 36 42
45 39 9
45 42 35
45 44 15
46 0 34
46 2 18
46 3 1
46 4 32
46 8 32
46 10 28
46 13 30
46 14 33
46 15 52
46 17 43
46 19 28
46 21 32
46 22 49
46 25 54
46 27 12
46 28 1
46 29 21
46 35 16
46 40 29
46 41 40
47 0 15
47 1 20
47 3 39
47 4 36
47 14 2
47 16 39
47 17 34
47 18 50
47 19 52
47 22 37
47 26 25
47 27 1
47 28 44
47 31 30
47 38 10
47 40 52
47 42 3
47 43 7
47 44 37
48 2 15
48 3 41
48 4 41
48 5 53
48 7 26
48 8 26
48 13 10
48 18 39
48 19 35
48 20 22
48 21 46
48 22 50
48 25 25
48 26 47
48 27 2
48 28 39
48 29 13
48 31 30
48 33 8
48 34 11
48 36 6
48 41 41
48 44 12
48 45 30
48 46 16
49 1 8
49 2 36
49 3 51
49 9 27
49 10 19
49 14 20
49 15 13
49 16 20
49 18 15
49 19 30
49 21 53
49 22 5
49 24 1
49 27 19
49 28 33
49 31 42
49 32 16
49 34 39
49 36 10
49 37 34
49 40 50
49 44 28
49 45 31
49 46 35
49 47 18
49 48 31
50 1 20
50 2 8
50 3 48
50 4 53
50 5 18
50 6 33
50 9 21
50 11 34
50 12 25
50 14 25
50 17 52
50 19 19
50 21 6
50 22 25
50 26 2
50 27 20
50 30 7
50 32 43
50 37 45
50 38 45
50 39 39
50 44 33
50 45 24
50 48 22
50 49 53
51 0 29
51 4 33
51 7 31
51 8 8
51 9 36
51 10 44
51 12 28
51 13 48
51 14 19
51 15 3
51 17 13
51 19 54
51 21 4
51 23 27
51 25 29
51 26 41
51 30 38
51 34 2
51 36 9
51 37 25
51 39 38
51 42 43
51 45 27
51 46 53
51 47 33
52 1 20
52 2 15
52 6 11
52 7 52
52 8 3
52 11 46
52 14 15
52 15 19
52 16 33
52 17 21
52 18 14
52 20 22
52 25 18
52 26 44
52 33 2
52 35 51
52 38 46
52 41 23
52 42 10
52 43 7
52 45 19
52 46 20
52 47 49
52 48 46
52 49 41
53 0 15
53 1 33
53 4 53
53 6 28
53 7 31
53 8 32
53 12 43
53 13 2
53 15 11
53 18 54
53 19 11
53 25 54
53 26 35
53 27 17
53 28 27
53 29 46
53 32 39
53 34 8
53 35 19
53 38 29
53 40 7
53 42 27
53 43 19
53 44 43
53 45 28
53 46 22
53 47 38
53 48 31
53 49 36
54 2 50
54 3 51
54 7 31
54 10 19
54 11 21
54 18 14
54 19 7
54 21 10
54 24 38
54 28 28
54 29 18
54 30 39
54 31 39
54 32 32
54 33 46
54 35 29
54 39 25
54 41 39
54 43 26
54 44 41
54 45 49
54 47 43
54 52 43
54 53 46
