25
1 0 38
2 0 10
2 1 6
3 0 36
3 1 22
3 2 33
4 0 51
4 1 6
4 2 28
4 3 52
5 0 6
5 1 32
5 2 40
5 3 29
5 4 32
6 0 19
6 1 10
6 2 3
6 3 20
6 4 43
6 5 34
7 0 42
7 1 25
7 2 26
7 3 16
7 4 18
7 5 3
7 6 26
8 0 7
8 1 18
8 2 25
8 3 17
8 4 39
8 5 3
8 6 41
8 7 12
9 0 45
9 1 47
9 2 41
9 3 34
9 4 13
9 5 31
9 6 19
9 7 47
9 8 3
10 0 48
10 1 3
10 2 37
10 3 33
10 4 20
10 5 17
10 6 7
10 7 21
10 8 6
10 9 52
11 0 30
11 1 31
11 2 22
11 3 43
11 4 17
11 5 27
11 6 36
11 7 14
11 8 50
11 9 46
11 10 49
12 0 28
12 1 52
12 2 18
12 3 46
12 4 52
12 5 5
12 6 14
12 7 28
12 8 2
12 9 36
12 10 22
12 11 29
13 0 29
13 1 12
13 2 46
13 3 40
13 4 51
13 5 25
13 6 39
13 7 52
13 8 45
13 9 36
13 10 8
13 11 44
13 12 38
14 0 39
14 1 38
14 2 36
14 3 3
14 4 49
14 5 21
14 6 48
14 7 3
14 8 35
14 9 30
14 10 18
14 11 31
14 12 15
14 13 39
15 0 39
15 1 6
15 2 51
15 3 47
15 4 46
15 5 43
15 6 11
15 7 42
15 8 22
15 9 15
15 10 22
15 11 35
15 12 36
15 13 49
15 14 35
16 0 44
16 1 49
16 2 37
16 3 29
16 4 24
16 5 46
16 6 19
16 7 43
16 8 22
16 9 29
16 10 22
16 11 5
16 12 52
16 13 38
16 14 30
16 15 46
17 0 38
17 1 8
17 2 12
17 3 39
17 4 48
17 5 7
17 6 21
17 7 16
17 8 15
17 9 19
17 10 11
17 11 25
17 12 4
17 13 21
17 14 31
17 15 1
17 16 23
18 0 25
18 1 48
18 2 19
18 3 44
18 4 43
18 5 52
18 6 15
18 7 5
18 8 23
18 9 12
18 10 48
18 11 48
18 12 33
18 13 1
18 14 11
18 15 18
18 16 28
18 17 48
19 0 36
19 1 16
19 2 50
19 3 37
19 4 8
19 5 17
19 6 51
19 7 46
19 8 41
19 9 44
19 10 50
19 11 46
19 12 42
19 13 49
19 14 16
19 15 53
19 16 20
19 17 27
19 18 48
20 0 11
20 1 46
20 2 40
20 3 48
20 4 44
20 5 8
20 6 42
20 7 38
20 8 12
20 9 45
20 10 49
20 11 51
20 12 36
20 13 46
20 14 31
20 15 5
20 16 6
20 17 6
20 18 8
20 19 35
21 0 34
21 1 38
21 2 51
21 3 21
21 4 35
21 5 1
21 6 31
21 7 53
21 8 11
21 9 48
21 10 44
21 11 51
21 12 48
21 13 33
21 14 6
21 15 37
21 16 27
21 17 51
21 18 17
21 19 9
21 20 49
22 0 16
22 1 12
22 2 34
22 3 13
22 4 17
22 5 1
22 6 5
22 7 16
22 8 45
22 9 22
22 10 33
22 11 22
22 12 31
22 13 44
22 14 39
22 15 43
22 16 28
22 17 7
22 18 26
22 19 26
22 20 5
22 21 1
23 0 45
23 1 39
23 2 40
23 3 17
23 4 28
23 5 28
23 6 11
23 7 30
23 8 23
23 9 20
23 10 34
23 11 28
23 12 23
23 13 36
23 14 38
23 15 40
23 16 47
23 17 11
23 18 1
23 19 20
23 20 21
23 21 36
23 22 13
24 0 14
24 1 30
24 2 16
24 3 29
24 4 49
24 5 41
24 6 40
24 7 32
24 8 15
24 9 13
24 10 14
24 11 15
24 12 13
24 13 48
24 14 19
24 15 8
24 16 7
24 17 49
24 18 31
24 19 7
24 20 40
24 21 32
24 22 24
24 23 4
