60
3 1 6
3 2 33
4 0 33
4 1 11
4 2 1
5 0 15
5 1 41
5 4 26
6 1 1
6 2 36
6 3 44
7 0 47
7 1 35
7 2 12
7 4 36
7 6 49
8 1 2
8 2 15
8 4 15
8 6 47
8 7 3
9 0 4
9 2 19
9 3 12
9 4 28
9 5 15
9 7 43
9 8 48
10 1 49
10 2 5
10 4 34
10 5 16
10 6 36
10 7 11
11 0 39
11 1 49
11 3 11
11 6 19
11 8 50
12 0 29
12 3 44
12 4 18
12 10 16
12 11 18
13 0 12
13 2 50
13 3 11
13 4 2
13 5 41
13 6 27
13 9 44
13 11 6
13 12 9
14 0 42
14 2 35
14 3 26
14 4 30
14 10 17
14 11 6
14 12 3
15 0 39
15 1 37
15 2 10
15 3 27
15 4 9
15 9 17
15 12 14
15 14 39
16 0 5
16 1 15
16 2 47
16 3 24
16 5 3
16 6 13
16 7 40
16 11 23
16 12 27
16 13 39
17 1 37
17 6 30
17 8 24
17 9 48
17 11 50
17 12 36
17 16 17
18 1 46
18 2 33
18 6 25
18 8 41
18 9 21
18 14 8
18 15 10
18 16 18
19 0 18
19 1 9
19 3 29
19 4 30
19 6 18
19 7 2
19 8 43
19 9 7
19 11 11
19 13 17
19 14 19
19 18 45
20 0 15
20 2 34
20 6 12
20 15 42
20 17 32
20 18 37
21 1 33
21 2 42
21 4 34
21 9 18
21 10 1
21 11 23
21 14 48
21 15 25
21 19 4
21 20 15
22 0 50
22 5 36
22 7 34
22 8 24
22 10 23
22 12 31
22 13 4
22 16 19
22 17 22
22 19 11
22 20 35
23 0 35
23 1 9
23 2 31
23 5 10
23 6 37
23 7 40
23 8 4
23 9 31
23 11 17
23 12 18
23 13 11
23 14 44
23 15 37
23 17 47
23 18 24
23 19 14
23 21 48
23 22 1
24 2 39
24 3 45
24 4 14
24 6 10
24 8 50
24 9 44
24 10 31
24 11 9
24 12 26
24 13 9
24 15 22
24 18 5
24 19 16
25 0 48
25 1 27
25 2 48
25 5 43
25 7 18
25 9 47
25 10 11
25 11 46
25 13 46
25 16 4
25 20 18
25 21 13
25 22 16
25 24 19
26 2 14
26 4 49
26 6 13
26 7 1
26 9 39
26 11 34
26 12 47
26 14 19
26 17 1
26 21 24
26 22 45
27 0 48
27 1 15
27 2 35
27 3 2
27 5 33
27 9 2
27 10 8
27 14 29
27 15 47
27 19 34
27 22 38
27 23 46
27 25 5
27 26 48
28 0 3
28 1 3
28 2 9
28 3 1
28 5 42
28 6 29
28 10 16
28 12 33
28 13 35
28 14 5
28 16 40
28 20 31
28 23 15
28 24 40
28 26 5
28 27 10
29 1 43
29 3 12
29 4 33
29 5 46
29 8 3
29 9 7
29 14 13
29 15 35
29 16 25
29 18 15
29 21 36
29 27 12
30 0 39
30 1 3
30 2 14
30 5 6
30 6 2
30 7 17
30 8 44
30 9 50
30 11 15
30 17 6
30 18 50
30 19 3
30 21 36
30 23 47
30 25 44
30 28 41
31 2 16
31 4 11
31 5 42
31 6 24
31 9 41
31 10 7
31 12 19
31 13 17
31 15 26
31 16 18
31 17 19
31 19 2
31 20 8
31 25 19
31 26 25
31 27 25
31 29 46
31 30 20
32 2 5
32 4 42
32 5 23
32 8 13
32 11 5
32 12 41
32 15 48
32 16 23
32 17 47
32 18 24
32 25 38
32 28 9
32 29 6
32 30 4
33 2 15
33 5 29
33 6 30
33 11 5
33 14 25
33 15 1
33 17 36
33 18 18
33 19 18
33 20 50
33 22 7
33 28 2
33 29 48
33 32 22
34 0 37
34 6 8
34 8 45
34 9 17
34 10 4
34 12 26
34 13 13
34 15 32
34 18 35
34 19 33
34 20 24
34 22 35
34 24 42
34 25 33
34 28 21
34 29 36
34 30 30
34 31 36
34 32 49
35 1 46
35 2 6
35 3 20
35 5 45
35 6 21
35 7 14
35 9 45
35 10 44
35 15 50
35 17 35
35 18 43
35 20 43
35 24 22
35 25 32
35 27 26
35 30 2
35 31 27
35 32 14
35 33 26
36 0 32
36 2 16
36 3 46
36 4 8
36 7 20
36 9 50
36 10 46
36 13 35
36 15 2
36 17 23
36 18 22
36 20 50
36 24 27
36 25 18
36 26 17
36 32 38
36 35 50
37 0 36
37 2 10
37 5 3
37 6 10
37 7 23
37 8 17
37 9 36
37 14 8
37 20 18
37 21 35
37 23 20
37 24 46
37 25 36
37 27 27
37 28 43
37 29 14
37 31 10
37 34 49
38 1 12
38 7 28
38 9 39
38 10 38
38 12 7
38 14 6
38 17 7
38 23 47
38 24 28
38 25 27
38 27 25
38 30 38
38 31 41
38 33 6
38 34 4
38 35 13
38 36 37
38 37 25
39 0 40
39 2 37
39 3 33
39 4 17
39 5 26
39 9 44
39 10 46
39 12 33
39 14 12
39 19 14
39 20 45
39 21 26
39 22 3
39 25 15
39 29 12
39 30 1
39 34 7
39 35 46
39 36 42
39 37 1
39 38 49
40 1 3
40 2 8
40 4 24
40 6 28
40 7 37
40 11 31
40 13 4
40 14 46
40 16 28
40 17 50
40 18 1
40 19 13
40 21 20
40 25 30
40 28 1
40 30 7
40 31 28
40 32 25
40 33 11
40 34 30
40 36 20
40 37 32
40 38 48
40 39 15
41 1 30
41 5 30
41 8 31
41 11 4
41 15 43
41 16 35
41 17 30
41 19 7
41 24 4
41 25 26
41 26 7
41 29 20
41 30 26
41 31 40
41 32 37
41 33 19
41 35 27
41 37 8
41 40 24
42 0 20
42 1 26
42 5 7
42 6 33
42 8 1
42 10 49
42 16 32
42 17 27
42 18 18
42 19 35
42 21 36
42 23 19
42 25 43
42 26 11
42 27 50
42 28 30
42 29 7
42 30 2
42 31 9
42 35 9
42 38 12
43 1 21
43 9 18
43 13 26
43 15 44
43 16 46
43 18 14
43 19 25
43 21 33
43 23 22
43 24 18
43 27 33
43 28 46
43 29 40
43 30 4
43 32 34
43 37 3
43 39 48
43 40 45
43 41 31
44 0 30
44 1 28
44 3 10
44 4 42
44 5 7
44 6 49
44 7 36
44 9 25
44 10 47
44 11 38
44 12 20
44 13 26
44 16 17
44 18 4
44 19 22
44 21 10
44 25 42
44 29 29
44 32 40
44 36 43
44 37 40
44 39 41
44 41 35
44 42 12
45 0 14
45 1 48
45 2 50
45 4 3
45 6 14
45 7 5
45 10 6
45 13 20
45 16 28
45 20 32
45 22 48
45 23 13
45 24 49
45 25 15
45 26 20
45 27 31
45 30 44
45 31 48
45 38 31
45 39 19
45 41 26
45 44 7
46 0 27
46 4 32
46 7 43
46 8 44
46 12 10
46 13 41
46 15 28
46 16 36
46 18 37
46 21 38
46 27 29
46 29 50
46 32 24
46 34 47
46 37 16
46 41 44
46 42 29
47 0 33
47 1 45
47 2 25
47 3 31
47 4 39
47 5 16
47 10 30
47 11 37
47 21 50
47 23 6
47 26 24
47 27 18
47 30 4
47 34 39
47 35 42
47 37 11
47 38 18
47 41 44
47 43 3
47 44 4
48 1 25
48 2 28
48 3 39
48 5 46
48 8 5
48 9 26
48 10 19
48 12 35
48 15 16
48 17 22
48 18 39
48 21 42
48 24 25
48 28 32
48 29 8
48 32 41
48 34 8
48 35 45
48 38 15
48 40 16
48 42 31
48 43 34
48 45 37
49 0 1
49 2 11
49 3 49
49 4 45
49 5 39
49 11 43
49 13 27
49 17 27
49 20 4
49 21 12
49 23 20
49 27 16
49 29 39
49 32 21
49 33 18
49 34 14
49 35 33
49 37 28
49 39 50
49 40 16
49 41 45
49 42 35
49 44 5
49 45 32
49 46 38
49 48 2
50 0 23
50 3 1
50 5 2
50 6 1
50 7 40
50 10 46
50 13 35
50 14 48
50 16 34
50 17 7
50 18 23
50 20 23
50 23 31
50 25 39
50 26 10
50 29 14
50 30 12
50 31 47
50 33 10
50 37 43
50 40 1
50 41 3
50 42 40
50 45 18
50 46 2
50 49 7
51 4 49
51 8 46
51 10 14
51 16 2
51 17 47
51 18 47
51 19 46
51 22 23
51 23 7
51 25 34
51 26 44
51 27 22
51 31 16
51 32 12
51 36 5
51 39 34
51 40 14
51 42 20
51 43 3
51 44 47
51 46 33
51 47 24
51 50 39
52 1 5
52 2 13
52 4 10
52 5 31
52 9 10
52 10 47
52 11 17
52 13 44
52 14 16
52 16 19
52 18 35
52 19 38
52 21 4
52 26 25
52 27 6
52 29 28
52 30 32
52 31 1
52 32 15
52 34 5
52 35 39
52 38 26
52 41 49
52 42 40
52 44 27
52 46 35
52 48 37
52 50 29
52 51 25
53 2 33
53 3 16
53 5 14
53 6 48
53 11 13
53 12 10
53 13 38
53 14 23
53 19 18
53 21 44
53 22 2
53 23 44
53 24 14
53 26 20
53 29 8
53 30 43
53 33 41
53 35 9
53 38 22
53 41 13
53 42 24
53 43 28
53 47 40
53 51 46
53 52 7
54 0 8
54 2 14
54 3 12
54 4 37
54 5 46
54 6 20
54 7 27
54 9 49
54 11 23
54 13 24
54 14 5
54 16 14
54 20 34
54 21 32
54 22 4
54 23 29
54 24 3
54 26 1
54 27 30
54 28 10
54 30 13
54 32 21
54 33 16
54 34 29
54 38 37
54 39 48
54 41 7
54 43 45
54 44 16
54 48 23
54 49 46
54 50 48
54 53 30
55 0 1
55 1 43
55 2 7
55 4 9
55 5 13
55 6 6
55 7 2
55 8 36
55 9 46
55 12 41
55 13 24
55 16 34
55 17 45
55 18 24
55 20 11
55 21 11
55 22 22
55 24 4
55 25 20
55 27 16
55 32 50
55 35 38
55 36 42
55 37 15
55 39 33
55 40 18
55 42 26
55 44 13
55 47 43
55 49 27
55 50 9
55 51 36
55 53 28
55 54 2
56 0 44
56 1 31
56 4 36
56 5 19
56 8 3
56 11 30
56 14 21
56 16 35
56 17 37
56 18 36
56 20 13
56 23 28
56 25 3
56 27 50
56 28 11
56 30 25
56 31 34
56 33 13
56 35 41
56 37 40
56 41 16
56 42 27
56 46 8
56 47 42
56 48 4
56 49 46
56 50 31
56 52 23
56 54 30
56 55 15
57 0 36
57 3 17
57 4 17
57 6 46
57 8 38
57 10 26
57 11 34
57 12 47
57 14 26
57 16 12
57 18 41
57 21 14
57 23 40
57 25 4
57 26 21
57 27 44
57 30 42
57 32 40
57 33 27
57 34 45
57 35 10
57 36 28
57 37 33
57 38 9
57 41 38
57 42 21
57 45 39
57 46 43
57 48 6
57 53 49
57 55 16
58 0 15
58 3 47
58 4 42
58 6 21
58 9 6
58 10 18
58 12 48
58 13 41
58 15 49
58 20 6
58 24 7
58 25 4
58 26 22
58 27 16
58 29 22
58 32 30
58 34 46
58 35 7
58 36 31
58 37 14
58 40 35
58 41 8
58 43 11
58 48 22
58 50 44
58 55 35
58 56 13
58 57 46
59 1 7
59 3 26
59 7 50
59 8 29
59 10 45
59 11 42
59 12 46
59 13 50
59 15 47
59 16 49
59 17 22
59 18 5
59 19 46
59 21 8
59 23 10
59 25 28
59 26 40
59 28 6
59 29 41
59 31 3
59 34 23
59 38 7
59 39 10
59 41 22
59 44 23
59 45 19
59 47 45
59 49 40
59 50 27
59 55 39
59 56 44
59 57 8
59 58 6
