46
3 1 1
3 2 13
4 2 7
4 3 4
5 1 3
5 2 13
6 2 9
6 4 13
7 0 12
7 3 11
7 4 7
7 5 8
7 6 4
8 0 6
8 1 5
8 2 8
8 3 13
8 4 4
8 5 13
8 7 5
9 2 14
9 3 10
9 6 11
9 7 7
9 8 6
10 0 3
10 1 4
10 4 14
10 6 13
11 1 6
11 3 6
11 5 14
11 6 6
11 7 6
12 0 11
12 1 7
12 3 13
12 6 3
12 9 9
12 10 10
13 0 9
13 2 13
13 4 13
13 6 2
13 7 2
13 9 6
13 10 12
14 0 9
14 5 12
14 12 14
14 13 6
15 3 1
15 4 12
15 5 13
15 6 2
15 7 8
15 9 11
15 10 14
15 11 11
15 14 11
16 0 8
16 6 2
16 7 14
16 10 11
16 11 5
16 12 10
16 14 9
17 1 2
17 2 7
17 3 9
17 4 1
17 6 10
17 10 13
18 0 4
18 1 12
18 2 5
18 4 12
18 5 13
18 6 5
18 8 5
18 9 12
18 10 12
18 11 5
18 15 4
18 17 11
19 0 12
19 1 9
19 3 3
19 4 11
19 7 6
19 9 14
19 11 10
19 12 12
19 13 7
19 14 6
19 16 14
19 17 11
20 0 13
20 1 11
20 2 8
20 4 14
20 7 11
20 9 4
20 12 6
20 13 7
20 14 12
20 15 10
20 19 13
21 0 9
21 3 8
21 5 5
21 7 7
21 8 4
21 12 11
21 16 3
21 20 6
22 0 3
22 1 11
22 5 6
22 7 1
22 11 13
22 12 4
22 18 12
22 19 12
22 20 14
22 21 13
23 1 6
23 2 3
23 3 5
23 4 5
23 7 12
23 8 11
23 10 6
23 13 2
23 14 8
23 16 2
23 17 9
23 18 4
23 19 14
23 20 4
23 21 9
24 0 6
24 2 4
24 3 4
24 5 9
24 7 7
24 8 3
24 10 6
24 11 14
24 12 12
24 13 12
24 14 1
24 20 1
24 21 9
24 22 9
24 23 14
25 0 9
25 2 5
25 7 9
25 12 3
25 13 9
25 15 6
25 20 12
26 0 13
26 7 10
26 8 5
26 9 4
26 11 12
26 12 12
26 13 11
26 16 10
26 20 9
26 21 5
26 23 3
26 25 13
27 4 3
27 5 10
27 6 14
27 10 10
27 14 6
27 16 10
27 17 1
27 18 3
27 23 1
27 24 2
28 3 11
28 5 9
28 6 14
28 8 13
28 10 14
28 11 10
28 14 6
28 15 3
28 17 13
28 18 12
28 19 1
28 20 10
28 22 12
28 23 9
28 24 12
28 26 13
28 27 9
29 0 4
29 2 5
29 7 10
29 8 2
29 9 2
29 10 6
29 12 9
29 13 14
29 16 12
29 17 9
29 18 11
29 19 2
29 23 10
29 25 1
29 26 2
30 1 12
30 7 8
30 8 5
30 9 12
30 14 2
30 15 5
30 16 12
30 19 9
30 24 8
30 26 4
30 28 4
31 0 13
31 2 1
31 3 7
31 4 10
31 5 12
31 6 1
31 9 13
31 11 6
31 14 8
31 16 6
31 17 13
31 18 6
31 19 6
31 20 10
31 22 12
31 25 6
31 26 9
31 29 9
32 4 9
32 5 14
32 6 14
32 7 4
32 8 5
32 9 3
32 11 12
32 12 10
32 13 6
32 14 3
32 15 3
32 16 12
32 21 2
32 24 12
32 28 3
32 30 8
33 0 14
33 1 5
33 5 10
33 8 9
33 9 5
33 11 13
33 12 9
33 16 5
33 17 13
33 19 8
33 20 6
33 21 2
33 22 3
33 28 14
33 30 4
33 31 5
34 8 5
34 13 6
34 14 4
34 15 5
34 16 5
34 17 2
34 18 7
34 19 14
34 20 13
34 21 1
34 22 12
34 23 14
34 24 8
34 26 4
34 27 7
34 28 3
34 29 13
34 31 3
34 33 2
35 1 13
35 7 6
35 9 4
35 11 10
35 13 7
35 15 7
35 16 7
35 17 13
35 18 2
35 19 10
35 20 7
35 21 6
35 22 5
35 24 4
35 25 14
35 26 1
35 27 10
35 29 9
35 31 13
35 33 12
36 1 14
36 4 13
36 6 2
36 7 8
36 8 8
36 10 6
36 11 13
36 12 10
36 13 10
36 14 4
36 16 1
36 19 8
36 23 13
36 24 14
36 28 12
36 29 7
36 30 5
36 35 10
37 3 6
37 6 14
37 8 1
37 11 9
37 13 4
37 14 6
37 15 6
37 17 8
37 19 12
37 20 2
37 24 14
37 26 11
37 27 8
37 28 14
37 31 13
37 32 1
37 33 10
37 34 5
38 1 12
38 3 13
38 4 14
38 5 9
38 6 7
38 8 5
38 10 6
38 13 1
38 16 12
38 19 11
38 20 8
38 22 12
38 27 14
38 31 11
38 32 5
38 35 10
38 37 5
39 0 9
39 1 8
39 2 14
39 3 12
39 4 7
39 7 4
39 11 11
39 14 14
39 15 10
39 16 4
39 17 11
39 18 2
39 22 4
39 23 3
39 29 14
39 31 4
39 32 12
39 33 2
39 37 12
40 0 4
40 1 3
40 2 5
40 4 7
40 6 11
40 9 8
40 10 3
40 12 12
40 13 5
40 17 6
40 18 10
40 22 13
40 24 10
40 30 9
40 32 13
40 33 14
40 35 5
40 36 12
40 38 10
40 39 14
41 1 4
41 4 7
41 6 7
41 7 13
41 10 2
41 12 2
41 13 13
41 14 8
41 18 14
41 20 2
41 21 10
41 24 4
41 25 4
41 27 11
41 29 6
41 32 10
41 35 7
41 36 6
41 37 8
41 39 10
41 40 2
42 1 5
42 3 14
42 5 4
42 7 9
42 8 7
42 9 12
42 12 6
42 17 5
42 22 10
42 25 12
42 27 14
42 30 9
42 31 9
42 32 12
42 33 4
42 34 11
42 36 7
42 37 7
42 40 4
42 41 8
43 0 7
43 2 9
43 3 8
43 5 4
43 6 9
43 8 5
43 9 13
43 10 2
43 12 7
43 13 10
43 15 11
43 17 14
43 19 10
43 22 13
43 23 1
43 24 12
43 25 5
43 26 5
43 30 5
43 31 14
43 36 4
43 38 8
43 39 11
44 0 4
44 2 11
44 4 9
44 5 11
44 6 13
44 8 5
44 12 8
44 13 10
44 15 13
44 16 3
44 18 11
44 19 1
44 20 9
44 21 12
44 22 1
44 23 4
44 27 9
44 29 11
44 30 8
44 34 5
44 35 10
44 38 6
45 0 14
45 1 4
45 2 6
45 3 5
45 4 7
45 6 2
45 7 11
45 16 12
45 17 4
45 20 12
45 21 6
45 23 7
45 24 14
45 26 11
45 33 8
45 34 12
45 35 13
45 36 13
45 41 4
45 43 8
45 44 3
