69
1 0 4
3 1 3
3 2 17
4 0 26
4 1 20
4 2 2
4 3 29
5 2 6
5 3 13
6 0 8
6 1 15
6 2 2
6 3 6
6 4 12
7 0 5
7 1 14
7 3 17
7 5 10
8 0 11
8 3 16
8 6 8
9 0 21
9 1 1
9 3 15
9 7 20
10 0 22
10 2 25
10 4 3
10 5 4
10 7 32
11 2 5
11 3 19
11 4 5
11 6 14
12 0 28
12 2 6
12 3 3
12 4 5
12 5 19
12 6 31
12 7 13
12 8 26
12 10 3
12 11 4
13 1 26
13 3 22
13 7 20
13 10 8
13 12 17
14 1 9
14 2 33
14 3 8
14 4 25
14 6 30
14 10 6
15 0 12
15 3 24
15 4 15
15 6 19
15 7 16
15 9 1
15 10 4
15 11 23
15 14 29
16 1 22
16 2 27
16 4 7
16 7 21
16 11 23
16 14 22
16 15 24
17 0 8
17 1 1
17 3 24
17 5 10
17 7 4
17 10 28
17 12 33
17 13 23
17 15 17
18 2 21
18 6 11
18 8 23
18 11 28
18 15 9
18 17 14
19 0 31
19 1 2
19 3 29
19 5 9
19 7 21
19 9 4
19 11 4
19 12 1
19 14 29
20 2 7
20 3 14
20 4 1
20 5 10
20 8 28
20 10 33
20 11 32
20 12 27
20 17 1
21 0 10
21 1 23
21 4 11
21 5 26
21 7 6
21 8 23
21 9 12
21 12 31
21 15 17
21 16 21
22 0 8
22 2 14
22 3 30
22 6 16
22 7 20
22 8 14
22 10 28
22 12 23
22 15 24
22 16 18
22 21 27
23 2 2
23 3 7
23 4 22
23 8 27
23 10 23
23 11 25
23 12 4
23 14 2
23 16 31
23 20 5
24 1 23
24 2 22
24 3 30
24 7 9
24 8 18
24 11 14
24 16 31
24 17 2
24 19 23
24 20 20
24 21 29
24 23 16
25 0 33
25 4 24
25 5 14
25 7 18
25 9 8
25 10 14
25 11 20
25 12 8
25 14 8
25 15 22
25 17 13
25 19 5
26 1 29
26 2 14
26 5 25
26 6 32
26 7 16
26 10 14
26 11 26
26 14 24
26 17 17
26 20 24
26 25 14
27 0 6
27 2 20
27 3 29
27 6 33
27 8 4
27 9 8
27 10 25
27 14 6
27 15 12
27 17 30
27 19 24
27 21 13
27 22 12
27 23 31
27 25 19
27 26 5
28 0 27
28 1 11
28 2 2
28 4 6
28 6 27
28 7 19
28 8 9
28 11 20
28 20 21
28 22 20
28 23 6
28 24 19
28 25 7
28 26 11
29 2 29
29 4 8
29 7 6
29 9 21
29 10 9
29 11 4
29 14 12
29 16 8
29 18 29
29 19 5
29 21 31
29 22 32
29 25 33
29 28 14
30 3 20
30 5 9
30 6 6
30 7 30
30 8 8
30 9 8
30 11 19
30 14 12
30 16 14
30 18 32
30 22 7
30 24 4
30 26 1
30 27 31
30 29 2
31 3 12
31 6 24
31 7 10
31 9 6
31 12 3
31 13 27
31 14 9
31 15 8
31 16 19
31 18 20
31 19 7
31 21 29
31 23 11
31 24 19
31 26 31
32 1 10
32 2 30
32 3 26
32 4 7
32 5 3
32 6 32
32 7 22
32 8 19
32 9 3
32 10 29
32 14 5
32 16 30
32 17 3
32 19 31
32 22 25
32 23 6
32 24 11
32 28 5
32 30 27
32 31 5
33 1 28
33 3 10
33 5 19
33 7 25
33 10 32
33 12 20
33 13 30
33 14 20
33 16 26
33 19 10
33 20 13
33 22 27
33 26 10
33 28 1
33 30 28
34 1 19
34 3 2
34 4 12
34 6 9
34 8 17
34 9 15
34 12 8
34 14 16
34 15 30
34 18 1
34 19 21
34 20 27
34 22 26
34 23 25
34 24 8
34 26 14
34 28 18
34 33 21
35 2 18
35 4 16
35 8 4
35 10 13
35 11 31
35 15 29
35 19 5
35 21 5
35 25 32
35 32 3
35 34 5
36 0 22
36 3 1
36 5 27
36 6 29
36 7 29
36 10 10
36 11 18
36 14 14
36 15 13
36 20 18
36 21 29
36 23 7
36 26 8
36 27 24
36 28 7
36 30 17
36 31 22
36 32 8
37 1 19
37 2 4
37 3 11
37 5 9
37 6 4
37 7 24
37 8 32
37 16 21
37 21 9
37 23 8
37 25 2
37 28 30
37 29 1
37 30 10
37 31 30
37 33 7
37 36 27
38 0 25
38 5 3
38 8 24
38 11 11
38 12 16
38 13 26
38 14 29
38 16 31
38 17 30
38 18 24
38 19 10
38 21 9
38 23 4
38 25 26
38 27 14
38 29 17
38 30 23
38 32 5
38 34 31
38 36 10
39 1 18
39 2 19
39 3 10
39 4 33
39 6 23
39 7 31
39 8 12
39 10 3
39 11 4
39 12 32
39 14 32
39 15 33
39 17 25
39 20 8
39 21 10
39 24 20
39 25 4
39 26 9
39 27 5
39 28 22
39 30 25
39 32 27
39 33 26
40 0 30
40 1 10
40 5 12
40 7 33
40 9 13
40 11 14
40 12 14
40 16 12
40 17 25
40 18 15
40 19 30
40 20 23
40 21 32
40 22 24
40 23 6
40 26 33
40 27 17
40 28 33
40 30 15
40 31 16
40 33 15
40 35 12
40 36 30
40 37 29
40 38 17
40 39 10
41 0 29
41 1 4
41 2 21
41 6 20
41 7 21
41 8 32
41 12 28
41 13 6
41 14 18
41 15 10
41 16 19
41 20 17
41 22 32
41 23 10
41 24 29
41 30 31
41 32 9
41 34 13
41 37 21
41 38 27
42 0 23
42 1 16
42 5 30
42 7 2
42 9 6
42 10 7
42 11 2
42 14 8
42 16 4
42 22 17
42 24 14
42 25 21
42 26 8
42 30 9
42 32 15
42 35 10
42 37 1
42 38 30
42 39 26
42 40 19
43 1 6
43 2 17
43 3 13
43 4 2
43 6 7
43 11 28
43 13 14
43 16 15
43 24 5
43 25 7
43 28 32
43 29 24
43 30 33
43 32 18
43 34 5
43 36 23
43 38 6
43 39 17
43 40 8
43 42 10
44 1 30
44 7 20
44 8 24
44 9 24
44 11 20
44 13 20
44 17 25
44 20 22
44 21 18
44 27 5
44 31 5
44 35 28
44 36 22
44 40 22
44 42 28
44 43 4
45 3 2
45 4 32
45 5 23
45 6 5
45 7 4
45 9 3
45 10 20
45 11 17
45 12 5
45 14 29
45 15 9
45 16 32
45 18 7
45 19 19
45 23 20
45 25 11
45 26 24
45 28 10
45 30 33
45 31 32
45 34 4
45 35 12
45 36 25
45 38 29
45 40 33
45 41 14
45 43 4
45 44 33
46 3 2
46 5 14
46 6 10
46 8 8
46 10 8
46 13 30
46 14 8
46 18 28
46 19 11
46 21 25
46 24 20
46 26 16
46 28 18
46 29 21
46 30 23
46 31 24
46 32 2
46 33 3
46 41 11
46 44 24
46 45 13
47 0 15
47 2 26
47 3 11
47 4 23
47 8 25
47 9 4
47 10 33
47 11 28
47 15 15
47 16 4
47 17 4
47 18 15
47 21 30
47 23 24
47 27 3
47 28 22
47 30 33
47 34 28
47 41 24
47 42 27
47 43 27
47 44 20
47 45 24
48 1 5
48 2 4
48 4 32
48 5 23
48 7 6
48 8 14
48 11 14
48 14 13
48 17 15
48 18 27
48 19 18
48 20 33
48 21 24
48 23 15
48 24 8
48 25 2
48 29 31
48 32 20
48 33 17
48 34 32
48 36 9
48 38 20
48 39 9
48 42 9
48 44 20
49 0 2
49 1 31
49 2 13
49 5 18
49 6 14
49 7 26
49 8 15
49 10 22
49 13 15
49 15 20
49 17 4
49 19 9
49 22 11
49 26 12
49 27 22
49 28 4
49 29 1
49 31 18
49 32 27
49 33 19
49 34 11
49 35 29
49 38 19
49 39 11
49 41 24
49 42 11
49 44 23
49 45 25
49 48 14
50 1 29
50 5 1
50 6 31
50 7 18
50 9 28
50 11 33
50 13 10
50 14 7
50 15 11
50 17 22
50 19 5
50 23 19
50 24 15
50 25 27
50 28 32
50 29 16
50 35 8
50 39 6
50 41 18
50 42 25
50 43 14
50 46 13
50 47 14
50 48 18
50 49 17
51 0 8
51 5 25
51 6 15
51 9 22
51 10 14
51 11 21
51 13 22
51 14 3
51 15 27
51 17 28
51 19 11
51 20 14
51 21 7
51 22 11
51 23 11
51 26 19
51 27 12
51 28 12
51 32 21
51 37 20
51 38 2
51 39 5
51 40 33
51 41 8
51 42 23
51 45 31
51 47 17
51 49 29
51 50 3
52 0 30
52 1 11
52 2 4
52 3 2
52 6 32
52 8 23
52 12 28
52 15 19
52 16 25
52 17 7
52 19 10
52 20 25
52 24 13
52 25 4
52 27 32
52 28 21
52 29 10
52 30 28
52 33 9
52 34 27
52 37 18
52 39 12
52 40 29
52 42 19
52 44 25
52 47 28
52 49 12
52 51 7
53 0 12
53 2 4
53 3 11
53 4 33
53 5 15
53 6 1
53 8 28
53 13 6
53 14 21
53 17 32
53 18 32
53 23 5
53 24 11
53 26 29
53 27 26
53 28 4
53 32 21
53 33 26
53 34 3
53 37 20
53 38 1
53 39 10
53 41 12
53 42 9
53 43 16
53 44 25
53 45 21
53 47 2
53 48 33
53 49 33
53 50 14
53 51 9
54 0 32
54 5 21
54 10 22
54 12 30
54 13 16
54 17 2
54 20 28
54 23 12
54 24 22
54 25 25
54 26 28
54 27 23
54 29 20
54 30 11
54 31 32
54 33 7
54 35 29
54 36 7
54 37 5
54 39 20
54 40 25
54 43 20
54 44 3
54 47 10
54 49 1
54 53 13
55 1 29
55 2 30
55 3 10
55 6 18
55 7 3
55 9 23
55 11 18
55 15 22
55 17 33
55 19 25
55 20 31
55 21 4
55 22 11
55 23 16
55 25 3
55 26 2
55 28 19
55 29 29
55 30 23
55 34 16
55 36 14
55 40 8
55 43 27
55 44 17
55 45 25
55 49 28
55 51 29
55 52 28
56 0 15
56 2 13
56 5 19
56 7 33
56 8 33
56 10 8
56 11 25
56 12 26
56 14 9
56 16 28
56 17 29
56 19 30
56 21 25
56 24 19
56 25 2
56 27 31
56 30 16
56 32 6
56 36 22
56 38 9
56 41 12
56 44 25
56 46 21
56 47 26
56 48 22
56 50 3
56 51 19
56 52 11
56 53 22
56 55 9
57 0 29
57 2 9
57 3 33
57 7 26
57 8 33
57 9 14
57 10 15
57 12 25
57 13 28
57 15 11
57 17 18
57 18 1
57 19 16
57 21 27
57 22 11
57 25 29
57 26 33
57 29 29
57 31 20
57 33 33
57 34 1
57 35 4
57 37 16
57 38 28
57 40 17
57 41 23
57 42 9
57 44 19
57 45 10
57 46 29
57 55 18
57 56 33
58 1 1
58 2 27
58 3 17
58 6 17
58 13 14
58 15 25
58 17 18
58 21 16
58 22 33
58 24 31
58 25 12
58 26 31
58 28 7
58 30 18
58 31 19
58 32 8
58 33 30
58 35 15
58 37 1
58 40 15
58 42 13
58 44 11
58 47 18
58 49 1
58 50 23
58 51 18
58 52 20
58 53 16
58 54 3
58 55 16
58 57 33
59 1 6
59 2 31
59 5 14
59 7 12
59 10 18
59 14 15
59 15 29
59 16 4
59 17 1
59 18 25
59 19 3
59 24 11
59 26 23
59 30 29
59 32 18
59 36 33
59 41 31
59 43 18
59 44 18
59 45 19
59 46 6
59 51 20
59 54 12
59 55 31
60 1 9
60 3 29
60 5 18
60 6 31
60 7 9
60 13 13
60 16 29
60 17 30
60 18 18
60 19 13
60 20 29
60 21 31
60 22 21
60 24 5
60 25 18
60 30 12
60 32 13
60 33 30
60 36 15
60 38 5
60 39 18
60 41 3
60 44 12
60 45 31
60 47 16
60 50 28
60 52 15
60 54 30
60 57 4
60 58 1
60 59 32
61 0 29
61 1 14
61 2 29
61 3 7
61 5 1
61 7 6
61 8 8
61 10 13
61 14 3
61 20 12
61 28 6
61 29 20
61 31 29
61 32 13
61 34 17
61 36 22
61 37 16
61 38 13
61 39 4
61 40 14
61 41 21
61 42 18
61 43 3
61 45 14
61 50 28
61 52 25
61 54 4
61 59 19
62 4 25
62 5 30
62 7 17
62 9 9
62 11 31
62 17 3
62 18 16
62 23 13
62 25 29
62 26 18
62 28 9
62 29 3
62 36 14
62 37 18
62 38 12
62 39 2
62 42 30
62 43 32
62 46 20
62 47 27
62 50 14
62 51 13
62 54 4
62 56 32
62 58 9
62 59 30
62 60 4
63 2 15
63 5 20
63 6 21
63 7 12
63 9 17
63 11 18
63 14 24
63 15 18
63 17 5
63 20 8
63 26 1
63 28 4
63 29 5
63 30 33
63 31 11
63 32 30
63 33 12
63 38 18
63 41 21
63 42 19
63 45 1
63 46 18
63 47 30
63 48 23
63 53 23
63 54 20
63 55 24
63 56 26
63 58 14
63 59 2
63 61 5
63 62 6
64 0 29
64 1 15
64 2 30
64 4 21
64 5 31
64 7 3
64 9 28
64 12 19
64 13 18
64 14 25
64 17 31
64 18 30
64 20 21
64 24 25
64 25 1
64 28 31
64 29 24
64 31 24
64 36 24
64 38 27
64 39 32
64 41 30
64 42 28
64 44 15
64 45 28
64 49 10
64 51 22
64 55 8
64 58 25
64 59 15
64 60 32
65 1 4
65 2 22
65 3 29
65 4 11
65 5 23
65 7 4
65 8 6
65 9 29
65 14 11
65 15 21
65 16 1
65 17 1
65 18 26
65 19 19
65 20 16
65 21 18
65 22 22
65 24 30
65 27 6
65 30 1
65 32 24
65 33 3
65 36 14
65 37 21
65 38 12
65 39 11
65 41 27
65 43 23
65 44 1
65 46 15
65 48 26
65 49 7
65 51 19
65 52 20
65 53 22
65 55 2
65 57 8
65 58 27
65 61 32
66 0 20
66 1 23
66 2 16
66 3 13
66 4 6
66 6 3
66 7 28
66 8 18
66 9 16
66 13 23
66 14 17
66 15 1
66 16 29
66 18 30
66 21 24
66 24 30
66 26 24
66 27 10
66 32 29
66 33 30
66 35 5
66 36 27
66 38 11
66 40 30
66 43 21
66 44 30
66 47 28
66 48 26
66 49 10
66 50 3
66 52 27
66 56 24
66 57 31
66 62 24
67 0 4
67 5 2
67 6 22
67 8 26
67 11 12
67 12 20
67 14 14
67 15 17
67 18 32
67 20 29
67 23 27
67 24 28
67 26 2
67 28 5
67 30 2
67 31 27
67 34 4
67 36 6
67 39 13
67 41 1
67 42 33
67 44 12
67 47 4
67 49 28
67 55 31
67 57 21
67 58 8
67 61 20
67 63 25
67 64 7
67 66 29
68 0 31
68 1 17
68 4 32
68 6 21
68 7 20
68 8 27
68 11 28
68 18 5
68 22 28
68 23 22
68 24 31
68 25 30
68 26 18
68 30 33
68 31 29
68 32 4
68 34 33
68 35 5
68 36 18
68 38 9
68 40 2
68 42 30
68 43 9
68 47 19
68 49 13
68 53 24
68 54 12
68 55 29
68 56 28
68 57 22
68 58 9
68 59 29
68 61 23
68 63 24
68 66 20
68 67 11
