48
1 0 66
3 0 29
4 0 14
4 1 69
5 1 14
5 2 37
5 3 54
5 4 35
6 1 58
6 2 60
6 4 4
6 5 45
7 0 54
7 3 61
8 0 55
8 1 61
8 2 22
8 3 32
8 4 15
8 5 53
8 6 49
9 0 58
9 1 14
9 2 47
9 6 32
9 7 14
10 2 58
10 3 4
10 6 21
10 8 7
11 0 46
11 2 27
11 3 3
11 5 13
11 6 16
11 10 54
12 0 58
12 3 58
12 5 55
12 6 36
12 7 11
12 8 18
12 10 2
12 11 24
13 0 51
13 1 16
13 5 32
13 6 30
13 8 61
13 11 56
14 0 4
14 2 18
14 3 28
14 4 14
14 5 29
14 7 61
14 8 5
14 9 55
15 1 61
15 2 15
15 3 38
15 4 47
15 7 54
15 9 28
15 10 67
15 11 63
15 12 36
15 13 25
16 0 30
16 2 20
16 4 38
16 6 56
16 7 68
16 8 26
16 9 32
17 0 6
17 1 8
17 4 15
17 5 67
17 8 22
17 9 2
17 10 13
17 11 38
17 16 29
18 0 14
18 2 20
18 4 6
18 7 56
18 8 36
18 9 58
18 13 61
18 15 2
18 17 62
19 6 19
19 7 48
19 10 38
19 11 45
19 13 11
19 15 23
19 18 48
20 0 28
20 4 14
20 5 37
20 6 8
20 8 37
20 10 2
20 11 19
20 12 26
20 16 31
20 17 57
21 2 65
21 6 62
21 8 5
21 9 62
21 10 28
21 11 5
21 13 29
21 14 7
21 16 62
21 17 46
21 20 24
22 0 26
22 1 19
22 3 22
22 4 45
22 5 66
22 6 6
22 8 66
22 11 22
22 12 9
22 13 22
22 15 19
22 18 49
22 19 25
23 0 59
23 1 19
23 4 8
23 5 8
23 10 7
23 11 10
23 12 68
23 13 30
23 15 64
23 19 6
23 21 1
23 22 6
24 0 16
24 1 69
24 2 7
24 3 58
24 7 12
24 9 7
24 10 24
24 17 63
24 18 63
24 20 39
24 21 44
24 22 32
24 23 41
25 0 3
25 4 36
25 5 69
25 6 21
25 7 49
25 14 26
25 15 38
25 17 52
25 20 47
25 21 1
26 1 49
26 6 20
26 8 33
26 11 18
26 12 60
26 13 40
26 17 13
26 18 14
26 19 17
26 21 32
26 22 42
26 23 19
26 24 34
27 0 39
27 1 4
27 2 60
27 3 64
27 5 59
27 8 65
27 10 27
27 13 62
27 14 56
27 16 19
27 17 69
27 20 9
27 21 63
27 22 63
27 23 34
27 25 24
27 26 57
28 0 51
28 2 64
28 3 49
28 6 55
28 9 13
28 13 30
28 14 30
28 15 68
28 16 41
28 17 56
28 18 18
28 25 24
28 26 43
28 27 33
29 0 32
29 1 61
29 2 31
29 3 8
29 5 3
29 7 27
29 9 12
29 11 23
29 13 5
29 14 57
29 18 49
29 20 34
29 21 42
29 22 69
29 24 43
29 28 4
30 1 63
30 4 12
30 6 34
30 11 4
30 13 30
30 14 7
30 15 1
30 18 46
30 19 7
30 22 6
30 26 19
30 28 17
30 29 41
31 0 16
31 3 22
31 4 15
31 5 14
31 9 58
31 11 23
31 13 23
31 14 20
31 15 51
31 16 55
31 18 38
31 19 12
31 25 63
31 26 16
31 28 57
31 29 67
32 0 28
32 4 15
32 5 21
32 6 33
32 8 66
32 9 34
32 11 35
32 12 31
32 14 29
32 15 69
32 17 13
32 23 37
32 24 38
32 25 13
32 30 1
32 31 64
33 0 13
33 1 38
33 2 46
33 3 55
33 4 16
33 5 69
33 7 16
33 8 17
33 9 8
33 14 35
33 16 62
33 17 59
33 22 64
33 23 5
33 25 34
33 26 25
33 28 1
33 29 48
33 30 53
34 0 6
34 5 53
34 6 7
34 7 24
34 11 56
34 12 28
34 16 34
34 17 67
34 19 18
34 20 56
34 22 47
34 23 14
34 26 27
34 28 46
34 29 16
34 31 18
35 1 12
35 3 36
35 6 50
35 7 37
35 8 7
35 9 30
35 12 68
35 17 56
35 18 9
35 23 60
35 25 21
35 26 50
35 27 38
35 28 58
35 32 24
36 0 61
36 1 45
36 2 42
36 3 6
36 4 50
36 5 44
36 6 53
36 8 41
36 9 20
36 15 56
36 16 69
36 18 40
36 24 62
36 26 60
36 29 51
36 33 66
37 0 38
37 2 22
37 3 20
37 7 26
37 10 39
37 12 7
37 15 29
37 16 62
37 17 19
37 18 66
37 19 49
37 21 65
37 23 55
37 26 68
37 27 14
37 29 48
37 32 29
37 33 54
37 34 48
38 5 43
38 6 47
38 7 64
38 8 36
38 9 26
38 10 19
38 11 8
38 12 39
38 16 31
38 20 9
38 24 4
38 25 25
38 26 14
38 27 47
38 28 6
38 30 47
38 31 53
38 32 68
38 33 63
38 35 21
38 37 63
39 0 31
39 1 34
39 2 48
39 3 49
39 4 66
39 5 26
39 7 17
39 8 16
39 11 6
39 14 5
39 15 56
39 17 9
39 18 33
39 19 18
39 21 55
39 23 41
39 24 3
39 26 35
39 28 35
39 31 42
39 32 48
39 35 4
40 0 2
40 2 14
40 3 42
40 6 16
40 7 68
40 8 27
40 12 48
40 15 19
40 20 48
40 21 19
40 22 26
40 23 38
40 26 39
40 31 28
40 32 26
40 33 12
40 36 16
40 37 13
40 38 27
41 0 6
41 1 31
41 2 27
41 4 31
41 6 8
41 7 62
41 8 10
41 9 60
41 13 45
41 17 64
41 19 34
41 20 59
41 22 37
41 23 67
41 27 15
41 28 17
41 29 47
41 32 47
41 34 11
41 36 19
41 40 52
42 0 19
42 1 66
42 7 22
42 10 12
42 11 34
42 17 65
42 19 8
42 20 2
42 23 15
42 24 39
42 25 17
42 27 61
42 28 10
42 29 5
42 31 44
42 32 1
42 34 19
42 36 69
42 38 52
42 41 17
43 0 13
43 1 32
43 4 51
43 11 18
43 12 54
43 13 20
43 16 21
43 18 40
43 19 4
43 20 40
43 22 38
43 24 53
43 26 45
43 27 56
43 31 65
43 32 30
43 33 27
43 35 57
43 36 5
43 39 45
43 42 52
44 0 67
44 3 47
44 4 49
44 5 20
44 8 55
44 12 34
44 15 6
44 16 31
44 17 7
44 20 69
44 21 16
44 23 69
44 24 26
44 25 60
44 27 59
44 30 23
44 31 55
44 32 7
44 34 30
44 36 7
44 38 20
44 39 20
44 40 56
44 43 13
45 0 36
45 3 36
45 5 8
45 8 17
45 9 52
45 10 62
45 16 53
45 17 58
45 18 31
45 20 68
45 21 21
45 22 36
45 23 41
45 24 43
45 25 34
45 27 28
45 30 6
45 34 24
45 36 7
45 37 10
45 44 50
46 4 27
46 5 41
46 6 38
46 8 54
46 10 17
46 11 23
46 13 25
46 14 38
46 16 68
46 17 34
46 18 16
46 21 47
46 23 60
46 25 48
46 27 11
46 29 14
46 30 44
46 34 43
46 38 59
46 40 4
46 43 53
47 2 34
47 4 64
47 5 39
47 6 62
47 7 60
47 9 21
47 10 56
47 11 59
47 12 57
47 13 19
47 16 32
47 19 61
47 21 1
47 22 4
47 24 30
47 25 15
47 26 57
47 28 40
47 31 54
47 32 2
47 35 32
47 36 46
47 37 33
47 39 33
47 43 41
47 45 16
