70
1 0 6
2 0 45
2 1 18
3 0 49
3 1 12
4 3 5
5 0 39
5 1 54
5 4 26
6 0 18
6 4 60
7 1 67
7 2 60
7 3 48
7 6 36
8 1 28
8 7 52
9 0 68
9 1 61
9 3 36
9 5 5
10 3 1
10 5 3
10 6 35
10 8 38
11 0 31
11 2 18
11 3 61
11 4 47
11 7 69
11 9 52
12 1 31
12 2 15
12 3 29
12 4 8
12 5 21
12 6 67
12 10 13
12 11 12
13 1 26
13 3 29
13 5 30
13 7 15
13 9 19
13 12 21
14 3 53
14 5 60
14 6 3
14 10 49
14 12 30
15 0 62
15 2 15
15 3 63
15 4 40
15 5 33
15 7 4
15 8 2
15 10 28
15 12 29
15 14 25
16 6 57
16 10 64
16 11 24
16 15 31
17 1 26
17 2 40
17 3 59
17 6 32
17 12 3
17 16 25
18 6 4
18 7 16
18 9 4
18 10 26
18 13 25
18 14 62
18 15 62
18 16 41
19 0 10
19 1 11
19 4 42
19 7 40
19 10 56
19 11 15
19 13 11
19 17 47
20 1 27
20 2 51
20 3 57
20 5 56
20 6 61
20 7 20
20 12 65
20 13 44
20 16 65
20 17 20
20 19 27
21 0 58
21 1 38
21 4 58
21 5 48
21 6 47
21 10 25
21 12 53
21 16 57
21 18 17
21 20 10
22 4 29
22 5 57
22 6 41
22 8 51
22 10 20
22 13 16
22 15 24
22 21 7
23 0 27
23 1 2
23 3 10
23 4 17
23 6 14
23 7 37
23 9 59
23 10 4
23 14 17
23 15 22
23 18 61
23 20 37
23 21 42
23 22 16
24 0 26
24 2 29
24 4 32
24 5 7
24 6 49
24 7 39
24 8 30
24 9 35
24 10 56
24 12 1
24 13 28
24 14 46
24 15 35
24 16 20
24 19 36
24 20 57
24 21 40
24 22 25
25 1 48
25 2 55
25 3 27
25 4 48
25 8 13
25 9 52
25 11 55
25 16 53
25 20 34
25 23 39
25 24 61
26 0 30
26 3 4
26 4 63
26 5 3
26 11 62
26 13 6
26 14 10
26 15 24
26 17 18
26 20 54
26 22 35
26 24 61
26 25 37
27 1 50
27 2 47
27 3 42
27 4 21
27 6 46
27 7 2
27 8 31
27 12 29
27 13 35
27 15 33
27 16 6
27 18 21
27 23 10
27 24 38
27 25 62
27 26 12
28 0 57
28 1 19
28 2 31
28 3 49
28 5 24
28 9 22
28 11 6
28 12 26
28 14 8
28 15 9
28 18 18
28 20 9
28 21 6
28 24 47
28 25 7
28 27 11
29 2 2
29 4 44
29 11 3
29 12 32
29 13 24
29 14 45
29 15 4
29 17 34
29 25 62
29 28 13
30 0 35
30 1 8
30 3 9
30 4 2
30 7 54
30 8 42
30 9 35
30 10 56
30 13 1
30 14 35
30 15 23
30 17 68
30 19 16
30 20 40
30 21 62
30 23 65
30 24 54
30 27 38
30 28 25
30 29 22
31 3 41
31 4 46
31 9 55
31 11 3
31 12 52
31 13 10
31 15 58
31 16 55
31 17 30
31 18 57
31 19 20
31 22 60
31 23 31
31 26 5
31 30 20
32 0 67
32 1 30
32 3 31
32 7 40
32 8 68
32 9 33
32 10 50
32 11 12
32 12 68
32 14 43
32 16 54
32 23 19
32 24 62
32 27 47
32 28 68
32 29 37
32 31 57
33 1 52
33 4 27
33 6 18
33 9 35
33 13 3
33 14 55
33 15 64
33 17 17
33 18 63
33 21 46
33 22 17
33 24 12
33 25 5
33 26 12
33 27 52
33 28 69
33 30 37
33 32 57
34 1 44
34 3 30
34 4 49
34 8 3
34 11 61
34 13 60
34 14 43
34 15 2
34 17 23
34 18 3
34 20 66
34 23 61
34 25 30
34 26 68
34 28 47
34 29 25
34 30 29
34 31 42
34 32 60
34 33 28
35 0 42
35 2 51
35 3 22
35 4 35
35 5 63
35 6 55
35 7 45
35 8 28
35 9 62
35 10 66
35 11 14
35 12 48
35 14 54
35 16 17
35 23 54
35 25 37
35 26 12
35 30 61
35 32 47
35 34 52
36 4 61
36 7 15
36 8 10
36 9 66
36 14 6
36 15 39
36 17 20
36 28 64
36 29 60
36 32 25
36 33 55
37 1 14
37 2 21
37 3 62
37 4 57
37 7 46
37 8 23
37 9 56
37 10 5
37 11 9
37 13 57
37 14 50
37 15 68
37 18 29
37 19 56
37 23 49
37 27 42
37 31 50
37 32 37
37 35 2
37 36 46
38 1 45
38 2 60
38 3 28
38 5 66
38 6 12
38 10 42
38 12 49
38 15 62
38 16 41
38 17 14
38 18 11
38 21 6
38 22 31
38 23 19
38 25 53
38 26 3
38 31 19
38 34 20
38 35 54
38 37 32
39 1 55
39 4 11
39 5 47
39 6 51
39 7 16
39 8 18
39 11 33
39 12 60
39 16 21
39 17 14
39 18 39
39 21 34
39 23 35
39 25 29
39 28 35
39 30 50
39 32 10
39 34 32
39 35 25
39 37 44
39 38 44
40 1 2
40 2 43
40 3 65
40 4 51
40 7 39
40 9 39
40 10 56
40 12 55
40 14 1
40 15 69
40 16 64
40 17 9
40 19 61
40 20 27
40 21 49
40 22 25
40 25 8
40 26 52
40 28 30
40 30 13
40 32 43
40 33 52
40 36 56
40 38 27
40 39 24
41 1 4
41 2 61
41 5 68
41 7 28
41 8 62
41 15 67
41 16 17
41 17 14
41 18 7
41 22 5
41 23 26
41 24 51
41 25 8
41 26 11
41 27 24
41 31 48
41 33 69
41 34 69
41 35 17
41 38 26
41 39 63
42 2 17
42 3 69
42 4 23
42 5 10
42 6 41
42 8 40
42 9 6
42 10 32
42 19 41
42 20 43
42 21 22
42 22 49
42 24 47
42 25 61
42 26 39
42 31 34
42 33 61
42 36 22
42 37 56
42 38 30
42 40 45
42 41 65
43 1 34
43 2 56
43 3 29
43 8 20
43 11 9
43 15 66
43 19 51
43 20 61
43 23 64
43 24 56
43 26 2
43 29 22
43 36 64
43 38 6
43 39 58
44 0 35
44 2 34
44 3 41
44 4 24
44 12 49
44 14 48
44 16 49
44 18 40
44 19 4
44 20 42
44 21 4
44 22 11
44 27 39
44 28 40
44 29 30
44 30 46
44 33 28
44 35 9
44 36 47
44 40 9
44 41 34
44 43 34
45 0 47
45 2 15
45 3 68
45 5 56
45 6 34
45 13 61
45 15 21
45 16 56
45 18 2
45 19 11
45 24 52
45 28 37
45 29 45
45 34 39
45 35 42
45 39 50
45 42 62
45 43 28
46 0 19
46 1 54
46 2 30
46 3 20
46 4 47
46 6 3
46 7 24
46 9 60
46 12 14
46 21 64
46 24 14
46 25 25
46 26 55
46 27 28
46 28 51
46 29 32
46 32 20
46 33 37
46 34 51
46 37 42
46 38 1
46 39 59
46 41 69
46 42 60
46 43 36
46 44 25
46 45 54
47 3 2
47 4 3
47 5 23
47 9 10
47 11 8
47 13 37
47 15 21
47 17 28
47 18 12
47 19 29
47 20 46
47 23 22
47 25 54
47 28 11
47 30 65
47 32 29
47 35 29
47 36 39
47 39 29
47 40 31
47 43 44
47 44 40
47 46 48
48 1 29
48 2 46
48 7 21
48 14 58
48 15 55
48 16 57
48 17 32
48 19 14
48 20 36
48 22 42
48 24 64
48 25 57
48 27 9
48 30 27
48 34 14
48 35 21
48 45 43
48 46 7
48 47 37
49 2 25
49 7 42
49 8 27
49 11 14
49 14 51
49 15 16
49 18 57
49 21 25
49 26 30
49 29 67
49 31 47
49 33 56
49 37 11
49 38 41
49 39 23
49 40 39
49 41 16
49 46 11
49 47 9
50 0 54
50 1 41
50 5 8
50 6 4
50 8 31
50 11 54
50 12 40
50 14 28
50 16 34
50 17 60
50 18 29
50 20 39
50 21 12
50 24 27
50 25 65
50 26 40
50 27 14
50 29 55
50 30 2
50 31 56
50 32 7
50 33 13
50 35 59
50 37 17
50 44 59
50 45 40
50 47 68
50 49 7
51 1 10
51 2 28
51 5 38
51 7 60
51 13 9
51 14 3
51 15 68
51 17 63
51 21 52
51 23 38
51 24 17
51 26 27
51 30 43
51 31 8
51 32 57
51 36 69
51 37 56
51 38 63
51 41 46
51 42 14
51 44 56
51 45 13
51 46 67
51 47 44
51 50 59
52 0 20
52 4 55
52 5 7
52 6 18
52 10 8
52 12 65
52 13 69
52 15 7
52 17 7
52 18 22
52 20 16
52 23 4
52 25 3
52 26 37
52 28 13
52 31 10
52 32 44
52 33 2
52 35 46
52 37 19
52 43 63
52 45 18
52 49 18
52 50 63
53 0 30
53 1 8
53 3 32
53 4 11
53 5 57
53 6 10
53 11 64
53 14 52
53 15 65
53 18 35
53 19 58
53 20 60
53 21 2
53 23 67
53 24 53
53 25 27
53 26 20
53 27 52
53 28 10
53 30 40
53 32 20
53 33 29
53 36 40
53 38 4
53 40 10
53 41 38
53 42 47
53 43 11
53 46 4
53 51 9
53 52 31
54 1 41
54 3 37
54 5 40
54 7 40
54 10 54
54 15 15
54 16 65
54 17 23
54 18 16
54 20 3
54 21 39
54 28 20
54 29 47
54 31 48
54 33 31
54 35 41
54 36 64
54 38 17
54 39 45
54 40 21
54 42 28
54 43 25
54 44 43
54 45 66
54 46 1
54 47 33
54 48 31
54 49 42
54 51 7
54 52 41
54 53 16
55 4 25
55 5 47
55 7 37
55 8 51
55 9 59
55 17 62
55 18 54
55 19 2
55 20 9
55 21 67
55 22 17
55 23 48
55 26 12
55 27 28
55 30 31
55 32 19
55 33 44
55 34 38
55 37 45
55 38 28
55 39 67
55 41 23
55 43 44
55 44 20
55 45 5
55 48 43
55 49 30
55 53 52
55 54 38
56 1 31
56 3 34
56 4 15
56 8 24
56 11 13
56 13 15
56 17 11
56 18 24
56 19 26
56 21 53
56 22 36
56 23 52
56 24 29
56 25 51
56 26 25
56 27 42
56 32 1
56 34 51
56 35 30
56 36 47
56 38 13
56 39 15
56 40 50
56 42 54
56 47 36
56 48 45
56 54 35
57 1 10
57 3 44
57 4 45
57 6 22
57 7 34
57 9 67
57 17 38
57 21 5
57 24 37
57 26 43
57 27 32
57 28 67
57 30 15
57 35 5
57 36 55
57 42 54
57 44 48
57 46 3
57 48 36
57 54 53
57 56 36
58 1 34
58 3 32
58 6 15
58 8 33
58 9 22
58 10 53
58 13 43
58 16 58
58 18 61
58 19 57
58 21 18
58 23 29
58 24 25
58 25 37
58 27 63
58 30 69
58 35 55
58 36 24
58 37 8
58 38 12
58 41 40
58 44 68
58 45 31
58 46 34
58 47 68
58 52 59
58 53 40
58 54 16
58 55 49
59 2 31
59 4 53
59 7 25
59 8 66
59 9 67
59 11 28
59 12 1
59 13 57
59 15 14
59 16 2
59 17 13
59 21 8
59 22 28
59 25 13
59 27 7
59 31 26
59 35 62
59 36 64
59 37 57
59 39 20
59 40 1
59 43 42
59 44 40
59 46 62
59 47 11
59 50 15
59 51 10
59 52 55
59 53 67
59 55 38
59 56 31
59 58 56
60 0 39
60 2 58
60 5 36
60 6 1
60 7 12
60 8 45
60 9 2
60 10 62
60 13 10
60 14 60
60 17 15
60 22 54
60 23 24
60 25 19
60 28 17
60 29 33
60 30 20
60 32 42
60 34 53
60 38 53
60 42 65
60 43 64
60 45 50
60 46 37
60 47 65
60 48 42
60 49 41
60 50 61
60 51 14
60 58 26
60 59 31
61 1 60
61 3 13
61 4 46
61 6 22
61 7 38
61 10 7
61 11 25
61 14 31
61 15 58
61 16 51
61 17 7
61 21 56
61 22 41
61 23 5
61 24 24
61 27 32
61 31 17
61 33 7
61 34 67
61 37 41
61 38 43
61 41 58
61 45 21
61 46 37
61 49 10
61 50 15
61 54 28
61 58 54
61 59 31
62 0 46
62 1 64
62 2 43
62 3 32
62 4 64
62 5 27
62 7 13
62 9 2
62 11 33
62 17 64
62 18 31
62 21 52
62 23 63
62 25 48
62 26 51
62 27 49
62 30 61
62 32 52
62 34 32
62 35 32
62 37 15
62 38 61
62 40 35
62 42 14
62 43 57
62 45 3
62 49 32
62 50 55
62 51 64
62 52 24
62 56 44
62 57 60
62 58 48
62 59 24
63 0 25
63 5 69
63 6 20
63 7 62
63 9 68
63 10 56
63 11 4
63 12 19
63 16 14
63 17 38
63 18 32
63 19 64
63 20 7
63 21 1
63 23 43
63 26 20
63 28 36
63 29 60
63 30 58
63 31 32
63 33 37
63 34 2
63 35 42
63 36 23
63 37 59
63 38 42
63 44 30
63 51 69
63 53 41
63 55 59
64 0 55
64 1 30
64 2 50
64 5 51
64 6 49
64 8 10
64 9 61
64 11 2
64 13 52
64 15 7
64 18 9
64 23 64
64 25 6
64 28 24
64 31 58
64 32 69
64 34 68
64 37 21
64 38 31
64 39 65
64 40 62
64 41 60
64 42 13
64 43 29
64 45 10
64 47 11
64 51 16
64 52 42
64 53 60
64 55 37
64 56 41
64 57 48
64 58 24
64 59 21
64 60 42
64 61 50
64 62 31
65 2 8
65 4 69
65 5 10
65 7 4
65 8 31
65 9 53
65 10 18
65 12 20
65 16 22
65 21 26
65 23 9
65 24 23
65 26 40
65 27 28
65 32 14
65 33 2
65 34 9
65 35 65
65 36 26
65 41 69
65 43 20
65 44 4
65 45 50
65 46 12
65 49 57
65 53 1
65 54 57
65 57 45
65 58 8
65 62 18
65 64 34
66 0 63
66 5 57
66 6 6
66 7 23
66 12 65
66 17 50
66 18 37
66 19 43
66 21 33
66 22 67
66 24 4
66 25 16
66 27 10
66 29 10
66 32 28
66 33 35
66 34 11
66 37 20
66 40 20
66 41 8
66 42 59
66 45 1
66 47 29
66 49 20
66 55 45
66 56 26
66 57 68
66 59 3
66 62 55
66 63 69
66 64 50
66 65 3
67 1 42
67 4 39
67 5 14
67 6 8
67 9 12
67 11 64
67 12 60
67 21 23
67 22 45
67 24 12
67 26 2
67 28 46
67 29 34
67 30 48
67 31 56
67 32 37
67 38 24
67 40 24
67 41 57
67 42 69
67 43 39
67 44 54
67 45 58
67 46 58
67 47 10
67 50 3
67 54 56
67 60 21
67 61 63
67 65 52
68 1 20
68 2 40
68 3 64
68 4 53
68 7 24
68 11 42
68 12 68
68 14 68
68 20 51
68 21 12
68 23 46
68 26 27
68 27 58
68 28 38
68 31 61
68 32 53
68 35 22
68 36 34
68 38 44
68 40 21
68 41 29
68 43 31
68 45 40
68 47 21
68 48 53
68 49 47
68 56 55
68 57 65
68 63 56
69 3 8
69 4 58
69 11 30
69 12 7
69 13 31
69 22 37
69 23 6
69 24 29
69 27 37
69 28 37
69 29 58
69 30 11
69 31 38
69 33 1
69 34 51
69 39 13
69 40 54
69 42 68
69 44 9
69 46 56
69 49 30
69 50 4
69 52 41
69 53 39
69 57 42
69 58 14
69 64 65
69 65 69
69 68 62
