67
1 0 17
2 0 3
2 1 17
3 0 16
3 1 21
3 2 6
4 0 20
4 1 18
4 2 25
4 3 18
5 0 5
5 1 7
5 2 10
5 3 24
5 4 24
6 0 22
6 1 23
6 2 25
6 3 7
6 4 3
6 5 29
7 0 6
7 1 26
7 2 20
7 3 27
7 4 24
7 5 25
7 6 7
8 0 8
8 1 8
8 2 29
8 3 3
8 4 26
8 5 13
8 6 16
8 7 27
9 0 22
9 1 19
9 2 12
9 3 19
9 4 19
9 5 12
9 6 29
9 7 28
9 8 3
10 0 8
10 1 22
10 2 26
10 3 5
10 4 9
10 5 17
10 6 18
10 7 28
10 8 2
10 9 18
11 0 15
11 1 8
11 2 18
11 3 18
11 4 9
11 5 9
11 6 11
11 7 6
11 8 6
11 9 28
11 10 24
12 0 3
12 1 26
12 2 13
12 3 5
12 4 8
12 5 3
12 6 21
12 7 20
12 8 12
12 9 25
12 10 4
12 11 2
13 0 29
13 1 5
13 2 13
13 3 13
13 4 27
13 5 28
13 6 26
13 7 12
13 8 5
13 9 25
13 10 3
13 11 12
13 12 19
14 0 23
14 1 2
14 2 22
14 3 12
14 4 11
14 5 11
14 6 7
14 7 11
14 8 1
14 9 2
14 10 22
14 11 23
14 12 28
14 13 25
15 0 17
15 1 8
15 2 7
15 3 18
15 4 10
15 5 29
15 6 13
15 7 4
15 8 20
15 9 24
15 10 15
15 11 29
15 12 29
15 13 15
15 14 9
16 0 18
16 1 4
16 2 6
16 3 23
16 4 8
16 5 25
16 6 29
16 7 1
16 8 2
16 9 19
16 10 26
16 11 26
16 12 19
16 13 21
16 14 21
16 15 5
17 0 2
17 1 29
17 2 28
17 3 8
17 4 22
17 5 15
17 6 10
17 7 21
17 8 29
17 9 22
17 10 14
17 11 11
17 12 27
17 13 5
17 14 12
17 15 27
17 16 4
18 0 21
18 1 15
18 2 26
18 3 18
18 4 23
18 5 22
18 6 18
18 7 3
18 8 20
18 9 10
18 10 14
18 11 19
18 12 28
18 13 1
18 14 27
18 15 14
18 16 26
18 17 9
19 0 13
19 1 23
19 2 26
19 3 10
19 4 20
19 5 27
19 6 4
19 7 22
19 8 26
19 9 28
19 10 5
19 11 9
19 12 25
19 13 4
19 14 10
19 15 19
19 16 24
19 17 24
19 18 17
20 0 26
20 1 24
20 2 19
20 3 22
20 4 14
20 5 21
20 6 29
20 7 18
20 8 22
20 9 1
20 10 11
20 11 24
20 12 12
20 13 28
20 14 25
20 15 27
20 16 6
20 17 27
20 18 23
20 19 12
21 0 1
21 1 25
21 2 21
21 3 15
21 4 2
21 5 13
21 6 1
21 7 27
21 8 17
21 9 19
21 10 13
21 11 21
21 12 26
21 13 3
21 14 24
21 15 21
21 16 3
21 17 21
21 18 29
21 19 7
21 20 27
22 0 11
22 1 25
22 2 6
22 3 19
22 4 2
22 5 28
22 6 21
22 7 26
22 8 14
22 9 12
22 10 21
22 11 7
22 12 2
22 13 2
22 14 13
22 15 2
22 16 26
22 17 7
22 18 16
22 19 23
22 20 6
22 21 24
23 0 15
23 1 9
23 2 28
23 3 17
23 4 2
23 5 26
23 6 8
23 7 3
23 8 9
23 9 15
23 10 8
23 11 29
23 12 25
23 13 15
23 14 18
23 15 22
23 16 10
23 17 28
23 18 8
23 19 13
23 20 2
23 21 18
23 22 20
24 0 4
24 1 8
24 2 2
24 3 18
24 4 25
24 5 24
24 6 15
24 7 17
24 8 1
24 9 12
24 10 26
24 11 14
24 12 24
24 13 13
24 14 12
24 15 8
24 16 2
24 17 18
24 18 7
24 19 28
24 20 17
24 21 8
24 22 18
24 23 10
25 0 16
25 1 9
25 2 15
25 3 11
25 4 11
25 5 26
25 6 19
25 7 18
25 8 4
25 9 25
25 10 2
25 11 14
25 12 24
25 13 9
25 14 10
25 15 17
25 16 18
25 17 17
25 18 10
25 19 18
25 20 28
25 21 5
25 22 25
25 23 2
25 24 17
26 0 21
26 1 16
26 2 27
26 3 2
26 4 3
26 5 11
26 6 9
26 7 8
26 8 27
26 9 29
26 10 16
26 11 6
26 12 10
26 13 1
26 14 2
26 15 9
26 16 29
26 17 4
26 18 12
26 19 20
26 20 25
26 21 12
26 22 26
26 23 20
26 24 4
26 25 7
27 0 20
27 1 4
27 2 10
27 3 3
27 4 27
27 5 10
27 6 7
27 7 15
27 8 11
27 9 15
27 10 19
27 11 6
27 12 10
27 13 5
27 14 22
27 15 11
27 16 14
27 17 16
27 18 21
27 19 16
27 20 20
27 21 24
27 22 24
27 23 17
27 24 22
27 25 14
27 26 4
28 0 1
28 1 23
28 2 23
28 3 20
28 4 28
28 5 23
28 6 29
28 7 16
28 8 16
28 9 10
28 10 28
28 11 11
28 12 23
28 13 17
28 14 14
28 15 2
28 16 5
28 17 11
28 18 27
28 19 1
28 20 20
28 21 12
28 22 15
28 23 25
28 24 29
28 25 5
28 26 19
28 27 6
29 0 17
29 1 17
29 2 20
29 3 1
29 4 24
29 5 7
29 6 19
29 7 17
29 8 17
29 9 3
29 10 15
29 11 2
29 12 2
29 13 16
29 14 23
29 15 7
29 16 9
29 17 9
29 18 26
29 19 26
29 20 3
29 21 26
29 22 13
29 23 29
29 24 8
29 25 12
29 26 17
29 27 19
29 28 28
30 0 20
30 1 14
30 2 3
30 3 6
30 4 6
30 5 5
30 6 26
30 7 15
30 8 18
30 9 9
30 10 17
30 11 23
30 12 12
30 13 2
30 14 10
30 15 24
30 16 26
30 17 25
30 18 10
30 19 15
30 20 6
30 21 28
30 22 13
30 23 11
30 24 11
30 25 25
30 26 9
30 27 13
30 28 23
30 29 14
31 0 8
31 1 28
31 2 3
31 3 21
31 4 3
31 5 9
31 6 14
31 7 2
31 8 2
31 9 23
31 10 24
31 11 26
31 12 27
31 13 25
31 14 11
31 15 8
31 16 14
31 17 9
31 18 7
31 19 24
31 20 27
31 21 29
31 22 10
31 23 5
31 24 9
31 25 23
31 26 19
31 27 7
31 28 15
31 29 15
31 30 15
32 0 3
32 1 22
32 2 4
32 3 15
32 4 6
32 5 21
32 6 15
32 7 12
32 8 17
32 9 10
32 10 12
32 11 27
32 12 16
32 13 1
32 14 10
32 15 4
32 16 25
32 17 15
32 18 3
32 19 9
32 20 24
32 21 9
32 22 15
32 23 10
32 24 2
32 25 15
32 26 17
32 27 7
32 28 22
32 29 13
32 30 20
32 31 19
33 0 13
33 1 7
33 2 9
33 3 21
33 4 11
33 5 24
33 6 28
33 7 9
33 8 2
33 9 8
33 10 24
33 11 12
33 12 11
33 13 22
33 14 8
33 15 15
33 16 15
33 17 25
33 18 26
33 19 6
33 20 12
33 21 16
33 22 26
33 23 3
33 24 6
33 25 6
33 26 9
33 27 28
33 28 12
33 29 16
33 30 26
33 31 20
33 32 16
34 0 16
34 1 21
34 2 14
34 3 25
34 4 2
34 5 10
34 6 10
34 7 25
34 8 16
34 9 9
34 10 18
34 11 8
34 12 22
34 13 25
34 14 16
34 15 1
34 16 21
34 17 10
34 18 22
34 19 13
34 20 15
34 21 25
34 22 28
34 23 3
34 24 24
34 25 20
34 26 4
34 27 29
34 28 13
34 29 25
34 30 1
34 31 8
34 32 12
34 33 5
35 0 29
35 1 20
35 2 7
35 3 23
35 4 26
35 5 2
35 6 17
35 7 23
35 8 7
35 9 25
35 10 2
35 11 11
35 12 26
35 13 28
35 14 16
35 15 29
35 16 25
35 17 28
35 18 15
35 19 4
35 20 5
35 21 3
35 22 20
35 23 16
35 24 2
35 25 29
35 26 2
35 27 24
35 28 11
35 29 10
35 30 1
35 31 19
35 32 9
35 33 28
35 34 22
36 0 19
36 1 1
36 2 19
36 3 19
36 4 22
36 5 18
36 6 14
36 7 11
36 8 8
36 9 4
36 10 18
36 11 12
36 12 4
36 13 1
36 14 6
36 15 20
36 16 2
36 17 13
36 18 6
36 19 8
36 20 21
36 21 15
36 22 15
36 23 12
36 24 14
36 25 4
36 26 7
36 27 12
36 28 16
36 29 20
36 30 28
36 31 2
36 32 19
36 33 25
36 34 10
36 35 16
37 0 4
37 1 5
37 2 29
37 3 12
37 4 26
37 5 7
37 6 29
37 7 9
37 8 24
37 9 20
37 10 12
37 11 9
37 12 24
37 13 4
37 14 6
37 15 22
37 16 29
37 17 28
37 18 5
37 19 20
37 20 2
37 21 21
37 22 27
37 23 22
37 24 8
37 25 2
37 26 26
37 27 25
37 28 15
37 29 25
37 30 9
37 31 25
37 32 7
37 33 25
37 34 20
37 35 13
37 36 12
38 0 2
38 1 20
38 2 22
38 3 19
38 4 19
38 5 20
38 6 8
38 7 2
38 8 22
38 9 10
38 10 7
38 11 29
38 12 4
38 13 27
38 14 22
38 15 1
38 16 5
38 17 1
38 18 27
38 19 9
38 20 14
38 21 24
38 22 23
38 23 2
38 24 13
38 25 10
38 26 12
38 27 19
38 28 16
38 29 8
38 30 20
38 31 25
38 32 18
38 33 21
38 34 2
38 35 21
38 36 14
38 37 4
39 0 12
39 1 28
39 2 13
39 3 9
39 4 9
39 5 28
39 6 12
39 7 4
39 8 20
39 9 2
39 10 11
39 11 15
39 12 23
39 13 4
39 14 10
39 15 20
39 16 19
39 17 4
39 18 10
39 19 18
39 20 18
39 21 6
39 22 10
39 23 20
39 24 15
39 25 24
39 26 16
39 27 16
39 28 22
39 29 17
39 30 24
39 31 12
39 32 3
39 33 4
39 34 8
39 35 5
39 36 12
39 37 27
39 38 2
40 0 10
40 1 29
40 2 1
40 3 16
40 4 22
40 5 19
40 6 3
40 7 29
40 8 1
40 9 25
40 10 9
40 11 23
40 12 16
40 13 29
40 14 21
40 15 6
40 16 3
40 17 7
40 18 16
40 19 14
40 20 26
40 21 29
40 22 3
40 23 1
40 24 1
40 25 13
40 26 13
40 27 19
40 28 10
40 29 4
40 30 11
40 31 27
40 32 8
40 33 3
40 34 21
40 35 19
40 36 10
40 37 19
40 38 8
40 39 2
41 0 3
41 1 23
41 2 27
41 3 7
41 4 26
41 5 13
41 6 3
41 7 4
41 8 19
41 9 2
41 10 23
41 11 14
41 12 20
41 13 1
41 14 9
41 15 10
41 16 26
41 17 21
41 18 28
41 19 25
41 20 9
41 21 25
41 22 8
41 23 17
41 24 18
41 25 24
41 26 28
41 27 21
41 28 1
41 29 6
41 30 12
41 31 23
41 32 18
41 33 11
41 34 3
41 35 17
41 36 14
41 37 22
41 38 3
41 39 19
41 40 19
42 0 25
42 1 17
42 2 16
42 3 28
42 4 16
42 5 13
42 6 13
42 7 14
42 8 29
42 9 28
42 10 7
42 11 19
42 12 26
42 13 26
42 14 25
42 15 2
42 16 19
42 17 12
42 18 11
42 19 16
42 20 12
42 21 26
42 22 16
42 23 21
42 24 6
42 25 12
42 26 17
42 27 4
42 28 28
42 29 8
42 30 8
42 31 4
42 32 13
42 33 11
42 34 22
42 35 22
42 36 3
42 37 21
42 38 21
42 39 17
42 40 6
42 41 20
43 0 24
43 1 1
43 2 2
43 3 25
43 4 9
43 5 5
43 6 6
43 7 13
43 8 6
43 9 22
43 10 9
43 11 17
43 12 7
43 13 26
43 14 9
43 15 28
43 16 10
43 17 20
43 18 22
43 19 28
43 20 23
43 21 2
43 22 25
43 23 23
43 24 27
43 25 1
43 26 14
43 27 10
43 28 25
43 29 10
43 30 24
43 31 8
43 32 18
43 33 26
43 34 2
43 35 26
43 36 11
43 37 4
43 38 20
43 39 4
43 40 3
43 41 6
43 42 17
44 0 20
44 1 18
44 2 24
44 3 6
44 4 7
44 5 18
44 6 22
44 7 28
44 8 2
44 9 25
44 10 1
44 11 29
44 12 14
44 13 27
44 14 16
44 15 5
44 16 9
44 17 2
44 18 1
44 19 5
44 20 21
44 21 1
44 22 15
44 23 25
44 24 24
44 25 4
44 26 28
44 27 6
44 28 1
44 29 21
44 30 11
44 31 19
44 32 23
44 33 21
44 34 10
44 35 15
44 36 1
44 37 8
44 38 23
44 39 22
44 40 2
44 41 5
44 42 9
44 43 26
45 0 7
45 1 3
45 2 26
45 3 21
45 4 12
45 5 19
45 6 29
45 7 22
45 8 25
45 9 7
45 10 27
45 11 3
45 12 13
45 13 11
45 14 5
45 15 9
45 16 8
45 17 25
45 18 9
45 19 8
45 20 18
45 21 11
45 22 11
45 23 9
45 24 8
45 25 21
45 26 24
45 27 10
45 28 23
45 29 2
45 30 18
45 31 2
45 32 21
45 33 18
45 34 4
45 35 6
45 36 3
45 37 6
45 38 20
45 39 23
45 40 1
45 41 21
45 42 20
45 43 15
45 44 14
46 0 7
46 1 21
46 2 5
46 3 10
46 4 28
46 5 21
46 6 25
46 7 1
46 8 14
46 9 22
46 10 16
46 11 1
46 12 8
46 13 14
46 14 3
46 15 14
46 16 23
46 17 5
46 18 3
46 19 11
46 20 26
46 21 1
46 22 15
46 23 12
46 24 9
46 25 9
46 26 16
46 27 6
46 28 14
46 29 29
46 30 8
46 31 11
46 32 16
46 33 29
46 34 8
46 35 26
46 36 11
46 37 22
46 38 29
46 39 27
46 40 14
46 41 5
46 42 13
46 43 12
46 44 17
46 45 25
47 0 5
47 1 18
47 2 29
47 3 15
47 4 25
47 5 13
47 6 3
47 7 19
47 8 26
47 9 24
47 10 18
47 11 29
47 12 24
47 13 24
47 14 19
47 15 9
47 16 17
47 17 9
47 18 4
47 19 19
47 20 18
47 21 27
47 22 24
47 23 1
47 24 20
47 25 4
47 26 21
47 27 3
47 28 26
47 29 12
47 30 1
47 31 13
47 32 23
47 33 25
47 34 6
47 35 12
47 36 2
47 37 24
47 38 13
47 39 16
47 40 9
47 41 5
47 42 16
47 43 17
47 44 7
47 45 20
47 46 20
48 0 17
48 1 23
48 2 4
48 3 10
48 4 16
48 5 3
48 6 14
48 7 25
48 8 12
48 9 25
48 10 8
48 11 26
48 12 20
48 13 25
48 14 24
48 15 4
48 16 1
48 17 18
48 18 24
48 19 28
48 20 21
48 21 16
48 22 26
48 23 19
48 24 14
48 25 22
48 26 19
48 27 13
48 28 14
48 29 19
48 30 25
48 31 1
48 32 27
48 33 2
48 34 2
48 35 15
48 36 19
48 37 5
48 38 15
48 39 7
48 40 29
48 41 23
48 42 22
48 43 13
48 44 19
48 45 23
48 46 6
48 47 28
49 0 15
49 1 11
49 2 6
49 3 16
49 4 15
49 5 23
49 6 15
49 7 9
49 8 10
49 9 24
49 10 18
49 11 6
49 12 19
49 13 21
49 14 16
49 15 8
49 16 16
49 17 18
49 18 27
49 19 3
49 20 26
49 21 27
49 22 1
49 23 8
49 24 1
49 25 13
49 26 17
49 27 29
49 28 5
49 29 2
49 30 21
49 31 14
49 32 29
49 33 29
49 34 16
49 35 5
49 36 19
49 37 7
49 38 27
49 39 8
49 40 4
49 41 29
49 42 13
49 43 13
49 44 16
49 45 4
49 46 3
49 47 18
49 48 25
50 0 9
50 1 20
50 2 13
50 3 5
50 4 22
50 5 21
50 6 8
50 7 22
50 8 26
50 9 12
50 10 21
50 11 24
50 12 10
50 13 3
50 14 2
50 15 14
50 16 4
50 17 3
50 18 13
50 19 27
50 20 22
50 21 18
50 22 8
50 23 25
50 24 2
50 25 19
50 26 7
50 27 25
50 28 3
50 29 26
50 30 14
50 31 1
50 32 23
50 33 20
50 34 25
50 35 5
50 36 17
50 37 2
50 38 1
50 39 10
50 40 23
50 41 6
50 42 20
50 43 16
50 44 27
50 45 15
50 46 27
50 47 29
50 48 20
50 49 26
51 0 25
51 1 27
51 2 1
51 3 8
51 4 27
51 5 10
51 6 18
51 7 18
51 8 3
51 9 18
51 10 21
51 11 3
51 12 17
51 13 7
51 14 3
51 15 9
51 16 7
51 17 10
51 18 12
51 19 6
51 20 2
51 21 24
51 22 20
51 23 12
51 24 11
51 25 11
51 26 11
51 27 14
51 28 8
51 29 8
51 30 28
51 31 14
51 32 3
51 33 27
51 34 26
51 35 19
51 36 17
51 37 8
51 38 8
51 39 13
51 40 24
51 41 28
51 42 14
51 43 23
51 44 18
51 45 12
51 46 1
51 47 1
51 48 12
51 49 20
51 50 19
52 0 21
52 1 6
52 2 27
52 3 15
52 4 20
52 5 3
52 6 17
52 7 18
52 8 22
52 9 1
52 10 23
52 11 8
52 12 28
52 13 13
52 14 22
52 15 25
52 16 13
52 17 10
52 18 29
52 19 10
52 20 3
52 21 15
52 22 4
52 23 14
52 24 20
52 25 15
52 26 3
52 27 16
52 28 8
52 29 15
52 30 25
52 31 14
52 32 20
52 33 26
52 34 4
52 35 26
52 36 27
52 37 9
52 38 8
52 39 18
52 40 9
52 41 2
52 42 22
52 43 9
52 44 23
52 45 6
52 46 20
52 47 14
52 48 9
52 49 22
52 50 13
52 51 28
53 0 3
53 1 9
53 2 9
53 3 2
53 4 5
53 5 27
53 6 13
53 7 2
53 8 9
53 9 13
53 10 24
53 11 10
53 12 16
53 13 15
53 14 12
53 15 20
53 16 1
53 17 28
53 18 20
53 19 18
53 20 3
53 21 19
53 22 22
53 23 14
53 24 23
53 25 6
53 26 15
53 27 20
53 28 19
53 29 3
53 30 4
53 31 20
53 32 15
53 33 14
53 34 16
53 35 1
53 36 4
53 37 17
53 38 3
53 39 4
53 40 4
53 41 6
53 42 1
53 43 10
53 44 26
53 45 1
53 46 4
53 47 7
53 48 28
53 49 5
53 50 20
53 51 18
53 52 6
54 0 23
54 1 27
54 2 11
54 3 27
54 4 1
54 5 6
54 6 10
54 7 18
54 8 22
54 9 27
54 10 24
54 11 25
54 12 4
54 13 19
54 14 3
54 15 26
54 16 21
54 17 4
54 18 14
54 19 15
54 20 10
54 21 3
54 22 17
54 23 18
54 24 6
54 25 6
54 26 27
54 27 15
54 28 9
54 29 2
54 30 21
54 31 13
54 32 21
54 33 21
54 34 3
54 35 10
54 36 16
54 37 1
54 38 13
54 39 27
54 40 20
54 41 1
54 42 26
54 43 29
54 44 12
54 45 6
54 46 14
54 47 2
54 48 12
54 49 25
54 50 22
54 51 20
54 52 13
54 53 25
55 0 20
55 1 17
55 2 1
55 3 18
55 4 13
55 5 10
55 6 18
55 7 2
55 8 20
55 9 14
55 10 10
55 11 25
55 12 24
55 13 6
55 14 10
55 15 11
55 16 21
55 17 25
55 18 24
55 19 27
55 20 27
55 21 2
55 22 29
55 23 8
55 24 28
55 25 18
55 26 4
55 27 24
55 28 21
55 29 12
55 30 10
55 31 5
55 32 1
55 33 18
55 34 4
55 35 21
55 36 9
55 37 23
55 38 16
55 39 18
55 40 3
55 41 21
55 42 15
55 43 5
55 44 3
55 45 18
55 46 27
55 47 16
55 48 27
55 49 1
55 50 12
55 51 3
55 52 28
55 53 9
55 54 12
56 0 15
56 1 17
56 2 16
56 3 1
56 4 20
56 5 20
56 6 25
56 7 21
56 8 25
56 9 11
56 10 14
56 11 10
56 12 25
56 13 6
56 14 22
56 15 6
56 16 2
56 17 29
56 18 2
56 19 15
56 20 18
56 21 4
56 22 14
56 23 13
56 24 26
56 25 8
56 26 16
56 27 15
56 28 8
56 29 14
56 30 2
56 31 18
56 32 28
56 33 28
56 34 29
56 35 11
56 36 5
56 37 2
56 38 13
56 39 12
56 40 20
56 41 29
56 42 19
56 43 24
56 44 10
56 45 12
56 46 22
56 47 18
56 48 2
56 49 4
56 50 2
56 51 14
56 52 3
56 53 15
56 54 14
56 55 24
57 0 16
57 1 26
57 2 17
57 3 11
57 4 27
57 5 20
57 6 21
57 7 8
57 8 26
57 9 19
57 10 1
57 11 28
57 12 23
57 13 17
57 14 24
57 15 23
57 16 6
57 17 12
57 18 11
57 19 19
57 20 13
57 21 8
57 22 19
57 23 10
57 24 17
57 25 15
57 26 16
57 27 22
57 28 10
57 29 9
57 30 29
57 31 8
57 32 11
57 33 4
57 34 15
57 35 24
57 36 16
57 37 29
57 38 12
57 39 2
57 40 27
57 41 18
57 42 17
57 43 17
57 44 1
57 45 23
57 46 23
57 47 9
57 48 17
57 49 14
57 50 12
57 51 8
57 52 8
57 53 12
57 54 21
57 55 23
57 56 22
58 0 19
58 1 21
58 2 9
58 3 29
58 4 18
58 5 24
58 6 20
58 7 28
58 8 3
58 9 24
58 10 18
58 11 9
58 12 15
58 13 5
58 14 10
58 15 20
58 16 16
58 17 10
58 18 9
58 19 3
58 20 13
58 21 1
58 22 21
58 23 20
58 24 1
58 25 2
58 26 21
58 27 17
58 28 11
58 29 12
58 30 14
58 31 24
58 32 2
58 33 3
58 34 6
58 35 7
58 36 28
58 37 13
58 38 4
58 39 10
58 40 25
58 41 26
58 42 29
58 43 1
58 44 9
58 45 18
58 46 11
58 47 27
58 48 13
58 49 21
58 50 27
58 51 21
58 52 27
58 53 9
58 54 18
58 55 23
58 56 5
58 57 2
59 0 5
59 1 22
59 2 25
59 3 9
59 4 21
59 5 26
59 6 19
59 7 5
59 8 26
59 9 28
59 10 20
59 11 14
59 12 3
59 13 2
59 14 4
59 15 27
59 16 28
59 17 5
59 18 23
59 19 3
59 20 23
59 21 8
59 22 22
59 23 21
59 24 14
59 25 10
59 26 20
59 27 2
59 28 23
59 29 20
59 30 19
59 31 12
59 32 10
59 33 21
59 34 7
59 35 4
59 36 24
59 37 3
59 38 6
59 39 18
59 40 22
59 41 15
59 42 11
59 43 1
59 44 29
59 45 3
59 46 13
59 47 29
59 48 22
59 49 18
59 50 10
59 51 11
59 52 26
59 53 6
59 54 1
59 55 23
59 56 14
59 57 22
59 58 15
60 0 16
60 1 19
60 2 12
60 3 13
60 4 10
60 5 23
60 6 25
60 7 27
60 8 14
60 9 17
60 10 9
60 11 18
60 12 27
60 13 11
60 14 20
60 15 7
60 16 7
60 17 18
60 18 16
60 19 19
60 20 22
60 21 4
60 22 19
60 23 15
60 24 19
60 25 8
60 26 28
60 27 6
60 28 23
60 29 14
60 30 5
60 31 2
60 32 20
60 33 19
60 34 7
60 35 27
60 36 6
60 37 14
60 38 24
60 39 19
60 40 25
60 41 18
60 42 3
60 43 12
60 44 17
60 45 1
60 46 15
60 47 15
60 48 12
60 49 10
60 50 23
60 51 10
60 52 13
60 53 1
60 54 25
60 55 13
60 56 12
60 57 1
60 58 13
60 59 1
61 0 27
61 1 10
61 2 28
61 3 9
61 4 25
61 5 17
61 6 18
61 7 13
61 8 13
61 9 1
61 10 18
61 11 5
61 12 15
61 13 25
61 14 20
61 15 5
61 16 21
61 17 2
61 18 9
61 19 25
61 20 24
61 21 24
61 22 10
61 23 5
61 24 26
61 25 19
61 26 1
61 27 13
61 28 12
61 29 8
61 30 4
61 31 15
61 32 17
61 33 22
61 34 25
61 35 23
61 36 27
61 37 5
61 38 29
61 39 18
61 40 10
61 41 5
61 42 9
61 43 11
61 44 12
61 45 26
61 46 20
61 47 26
61 48 6
61 49 11
61 50 16
61 51 25
61 52 19
61 53 5
61 54 17
61 55 12
61 56 6
61 57 5
61 58 1
61 59 4
61 60 15
62 0 13
62 1 26
62 2 6
62 3 8
62 4 16
62 5 14
62 6 4
62 7 5
62 8 9
62 9 22
62 10 26
62 11 4
62 12 8
62 13 2
62 14 23
62 15 2
62 16 14
62 17 9
62 18 11
62 19 12
62 20 18
62 21 18
62 22 9
62 23 26
62 24 13
62 25 25
62 26 5
62 27 23
62 28 27
62 29 23
62 30 4
62 31 19
62 32 23
62 33 3
62 34 23
62 35 15
62 36 5
62 37 18
62 38 11
62 39 1
62 40 17
62 41 4
62 42 22
62 43 21
62 44 16
62 45 28
62 46 3
62 47 13
62 48 22
62 49 28
62 50 21
62 51 7
62 52 24
62 53 29
62 54 18
62 55 9
62 56 29
62 57 9
62 58 29
62 59 11
62 60 27
62 61 4
63 0 6
63 1 18
63 2 25
63 3 8
63 4 10
63 5 23
63 6 3
63 7 23
63 8 16
63 9 6
63 10 16
63 11 5
63 12 9
63 13 20
63 14 19
63 15 29
63 16 11
63 17 1
63 18 23
63 19 10
63 20 18
63 21 28
63 22 22
63 23 27
63 24 11
63 25 6
63 26 2
63 27 23
63 28 2
63 29 19
63 30 5
63 31 19
63 32 25
63 33 5
63 34 18
63 35 5
63 36 22
63 37 12
63 38 5
63 39 12
63 40 23
63 41 12
63 42 9
63 43 16
63 44 15
63 45 6
63 46 25
63 47 29
63 48 18
63 49 14
63 50 1
63 51 8
63 52 23
63 53 5
63 54 6
63 55 11
63 56 17
63 57 13
63 58 27
63 59 23
63 60 25
63 61 12
63 62 8
64 0 21
64 1 20
64 2 21
64 3 6
64 4 20
64 5 8
64 6 12
64 7 2
64 8 16
64 9 1
64 10 11
64 11 23
64 12 15
64 13 24
64 14 26
64 15 23
64 16 10
64 17 2
64 18 21
64 19 17
64 20 17
64 21 14
64 22 16
64 23 16
64 24 1
64 25 3
64 26 9
64 27 14
64 28 9
64 29 8
64 30 11
64 31 15
64 32 11
64 33 20
64 34 11
64 35 3
64 36 20
64 37 21
64 38 14
64 39 18
64 40 29
64 41 8
64 42 21
64 43 5
64 44 21
64 45 8
64 46 22
64 47 13
64 48 2
64 49 20
64 50 23
64 51 18
64 52 5
64 53 23
64 54 1
64 55 1
64 56 3
64 57 5
64 58 13
64 59 16
64 60 21
64 61 7
64 62 2
64 63 18
65 0 4
65 1 25
65 2 24
65 3 18
65 4 26
65 5 28
65 6 26
65 7 10
65 8 26
65 9 28
65 10 23
65 11 9
65 12 10
65 13 8
65 14 2
65 15 27
65 16 22
65 17 15
65 18 22
65 19 28
65 20 19
65 21 1
65 22 13
65 23 7
65 24 10
65 25 18
65 26 23
65 27 12
65 28 23
65 29 1
65 30 21
65 31 26
65 32 29
65 33 12
65 34 7
65 35 8
65 36 26
65 37 14
65 38 9
65 39 23
65 40 28
65 41 15
65 42 22
65 43 4
65 44 21
65 45 19
65 46 9
65 47 20
65 48 9
65 49 3
65 50 17
65 51 7
65 52 15
65 53 7
65 54 18
65 55 14
65 56 24
65 57 13
65 58 9
65 59 1
65 60 16
65 61 22
65 62 8
65 63 21
65 64 9
66 0 9
66 1 4
66 2 9
66 3 1
66 4 13
66 5 26
66 6 27
66 7 4
66 8 18
66 9 9
66 10 4
66 11 13
66 12 7
66 13 1
66 14 28
66 15 28
66 16 25
66 17 2
66 18 15
66 19 25
66 20 15
66 21 3
66 22 7
66 23 25
66 24 4
66 25 5
66 26 19
66 27 4
66 28 19
66 29 5
66 30 1
66 31 21
66 32 17
66 33 10
66 34 26
66 35 4
66 36 13
66 37 28
66 38 16
66 39 19
66 40 18
66 41 18
66 42 18
66 43 7
66 44 10
66 45 23
66 46 5
66 47 5
66 48 17
66 49 23
66 50 16
66 51 11
66 52 13
66 53 8
66 54 16
66 55 2
66 56 3
66 57 12
66 58 1
66 59 21
66 60 16
66 61 10
66 62 19
66 63 27
66 64 24
66 65 25
