47
1 0 1
3 2 6
4 1 7
4 3 6
5 0 6
5 4 5
6 1 1
6 2 4
6 3 7
6 5 7
7 0 6
7 1 5
7 2 6
7 3 5
7 6 6
8 0 2
8 3 7
8 5 4
8 6 6
9 1 6
9 8 2
10 1 6
10 2 5
10 5 7
10 8 5
10 9 6
11 1 4
11 2 5
11 4 5
11 5 4
11 7 1
11 9 5
12 1 7
12 3 2
12 9 7
12 10 3
12 11 7
13 0 4
13 1 1
13 2 6
13 4 3
13 5 4
13 6 6
13 7 7
13 8 5
13 9 5
13 10 2
13 11 7
13 12 4
14 2 6
14 3 4
14 5 6
14 7 1
14 9 7
14 10 4
14 13 1
15 2 2
15 4 2
15 6 1
15 8 5
15 10 3
15 14 7
16 1 1
16 3 7
16 5 3
16 6 1
16 10 3
16 15 2
17 1 4
17 2 3
17 5 4
17 6 1
17 9 2
17 10 1
17 11 5
17 14 3
18 0 7
18 5 4
18 6 7
18 9 5
18 11 3
18 12 2
18 14 3
18 15 4
18 16 6
18 17 1
19 0 7
19 2 2
19 3 4
19 5 4
19 6 6
19 8 2
19 10 7
19 12 3
19 14 6
19 15 6
19 16 6
19 17 6
20 1 2
20 3 4
20 7 2
20 11 5
20 12 7
20 13 7
20 14 4
20 16 1
21 0 2
21 1 1
21 2 4
21 3 2
21 4 3
21 5 6
21 6 1
21 7 6
21 9 3
21 11 4
21 15 7
21 17 7
21 19 6
21 20 4
22 0 1
22 2 6
22 3 6
22 6 1
22 9 5
22 12 5
22 14 5
22 19 4
22 21 3
23 1 5
23 2 7
23 4 5
23 5 1
23 6 1
23 10 2
23 16 6
23 18 3
23 19 2
23 20 2
24 1 7
24 5 5
24 6 5
24 15 7
24 18 6
24 19 3
24 20 6
24 22 5
24 23 4
25 0 2
25 2 6
25 3 3
25 5 4
25 7 4
25 9 4
25 12 2
25 15 4
25 16 3
25 17 3
25 18 6
25 21 6
25 23 6
26 1 6
26 2 4
26 3 2
26 4 1
26 7 2
26 10 6
26 13 2
26 15 3
26 19 3
26 21 1
26 22 2
26 23 2
26 24 4
26 25 3
27 3 1
27 6 6
27 9 3
27 10 2
27 13 5
27 14 4
27 18 3
27 21 3
27 23 7
27 24 5
27 25 4
27 26 1
28 1 3
28 7 5
28 8 5
28 10 6
28 13 2
28 15 7
28 18 3
28 25 7
28 26 2
29 0 2
29 3 4
29 5 5
29 7 3
29 8 7
29 10 3
29 13 4
29 14 3
29 15 1
29 16 7
29 21 6
29 22 5
29 23 4
29 25 7
29 27 6
30 0 1
30 2 7
30 4 1
30 6 5
30 10 1
30 13 1
30 14 1
30 15 4
30 17 7
30 20 7
30 21 2
30 22 6
30 23 5
30 25 3
30 26 2
30 27 4
30 29 7
31 0 7
31 2 4
31 4 7
31 7 7
31 11 6
31 13 2
31 14 3
31 15 7
31 16 1
31 18 7
31 22 7
31 25 6
31 27 4
31 28 7
32 2 5
32 3 1
32 5 1
32 6 3
32 8 4
32 9 1
32 14 6
32 16 1
32 17 6
32 18 7
32 19 3
32 25 2
32 26 3
32 27 2
32 31 7
33 1 2
33 3 2
33 4 6
33 5 4
33 6 6
33 7 6
33 8 4
33 9 4
33 10 1
33 14 1
33 15 7
33 18 5
33 21 3
33 22 3
33 24 7
33 31 4
34 0 6
34 3 4
34 8 1
34 9 4
34 11 7
34 12 5
34 14 4
34 15 2
34 16 5
34 17 2
34 18 7
34 19 5
34 20 6
34 23 6
34 24 2
34 25 1
34 27 4
34 30 1
34 31 3
35 0 7
35 1 5
35 2 5
35 3 4
35 4 5
35 6 2
35 7 3
35 8 3
35 13 1
35 14 7
35 16 4
35 21 2
35 24 3
35 25 6
35 28 2
35 31 5
35 32 5
35 34 1
36 2 7
36 3 2
36 4 1
36 5 1
36 9 5
36 12 7
36 13 7
36 14 5
36 16 1
36 20 1
36 24 7
36 27 1
36 28 3
36 32 7
36 34 5
37 1 5
37 3 7
37 4 6
37 5 2
37 6 6
37 7 1
37 16 5
37 18 2
37 19 4
37 21 1
37 22 7
37 23 2
37 24 6
37 26 2
37 28 1
37 29 5
37 31 1
37 32 3
37 33 7
37 34 4
38 0 4
38 2 5
38 3 5
38 5 3
38 8 2
38 11 6
38 12 7
38 13 2
38 15 1
38 16 3
38 18 4
38 21 4
38 23 2
38 24 4
38 25 1
38 31 7
38 37 1
39 4 3
39 5 3
39 6 3
39 7 6
39 9 7
39 11 4
39 16 6
39 19 4
39 20 2
39 23 1
39 25 5
39 30 4
39 31 5
39 32 6
39 35 1
40 2 4
40 4 5
40 5 2
40 6 4
40 9 3
40 11 7
40 12 2
40 13 1
40 14 1
40 16 4
40 17 5
40 19 3
40 21 1
40 22 6
40 24 6
40 26 5
40 28 6
40 29 6
40 32 1
40 34 3
40 35 5
40 36 5
40 39 3
41 0 5
41 1 2
41 2 2
41 5 2
41 6 5
41 8 2
41 10 7
41 13 6
41 14 6
41 15 5
41 17 7
41 19 7
41 20 5
41 22 4
41 23 2
41 24 1
41 27 3
41 28 6
41 29 7
41 30 4
41 31 2
41 32 1
41 34 3
41 35 6
41 36 2
41 38 3
41 40 1
42 0 6
42 1 7
42 2 4
42 4 7
42 6 5
42 8 2
42 9 6
42 13 6
42 18 5
42 21 1
42 22 6
42 24 2
42 26 1
42 27 3
42 30 7
42 31 7
42 32 7
42 34 4
42 35 5
42 36 6
42 39 1
42 40 4
43 0 7
43 3 2
43 5 2
43 12 5
43 13 4
43 14 2
43 15 3
43 20 7
43 21 2
43 25 1
43 27 6
43 30 3
43 33 4
43 34 1
43 39 2
43 40 1
43 41 2
44 3 3
44 5 2
44 6 4
44 8 7
44 9 4
44 12 4
44 13 1
44 14 5
44 15 4
44 20 2
44 22 4
44 23 6
44 25 6
44 26 7
44 27 4
44 28 5
44 31 2
44 32 3
44 34 3
44 35 2
44 38 6
44 39 5
44 43 3
45 0 3
45 2 7
45 3 1
45 5 5
45 6 7
45 7 1
45 9 2
45 12 6
45 13 5
45 14 5
45 17 5
45 18 4
45 20 4
45 24 6
45 25 1
45 27 4
45 28 3
45 30 1
45 31 3
45 35 4
45 37 3
45 38 4
45 40 4
45 41 6
45 42 2
46 0 1
46 3 5
46 4 1
46 7 2
46 8 3
46 9 6
46 11 7
46 14 4
46 16 2
46 17 3
46 18 7
46 19 7
46 23 1
46 26 3
46 27 2
46 30 2
46 31 6
46 37 7
46 40 4
46 41 5
46 42 7
46 43 3
46 45 6
