21
2 0 17
2 1 14
3 0 12
4 1 20
4 2 15
4 3 20
5 0 10
5 2 2
5 4 24
6 0 23
6 2 4
6 3 20
6 5 23
7 1 12
7 3 22
7 4 24
8 0 16
8 2 11
8 3 11
9 1 9
9 5 14
9 7 9
9 8 23
10 0 13
10 1 15
10 2 14
10 3 9
10 5 11
10 6 13
10 7 13
10 9 15
11 7 19
11 8 11
12 0 23
12 1 6
12 2 14
12 3 10
12 4 12
12 9 8
12 10 11
13 6 14
13 8 18
13 11 19
13 12 8
14 0 7
14 1 20
14 3 9
14 4 14
14 11 15
14 13 20
15 2 15
15 3 2
15 7 24
15 8 1
15 13 4
16 0 14
16 3 1
16 6 1
16 8 12
16 9 7
16 10 3
16 14 10
17 0 13
17 1 5
17 2 20
17 4 24
17 10 2
17 11 14
17 13 4
17 14 16
17 15 15
17 16 1
18 2 18
18 6 23
18 12 15
18 14 8
18 15 21
18 17 6
19 0 17
19 2 20
19 3 6
19 5 23
19 7 9
19 8 4
19 14 10
19 15 7
20 0 13
20 2 1
20 3 14
20 4 13
20 6 12
20 7 7
20 11 1
20 12 3
20 15 6
20 18 16
