58
2 0 44
2 1 7
3 0 10
3 2 6
4 1 7
4 2 4
5 0 33
5 1 25
7 5 4
7 6 11
8 0 21
8 1 11
8 2 30
8 6 9
8 7 17
9 0 34
9 1 32
9 2 13
9 3 41
9 4 25
9 5 38
9 6 41
9 8 38
10 0 1
10 1 10
10 2 25
10 5 30
10 6 19
10 7 41
11 4 3
11 7 23
11 10 29
12 0 21
12 1 10
12 2 3
12 3 11
12 4 3
12 5 7
12 6 28
12 7 11
12 8 22
12 11 13
13 0 36
13 4 30
13 9 33
13 10 9
13 11 19
13 12 41
14 0 20
14 5 9
14 6 13
14 7 42
14 9 35
14 12 12
15 0 7
15 1 26
15 3 1
15 4 21
15 5 31
15 7 34
15 8 12
15 11 42
15 13 20
16 0 4
16 4 25
16 6 29
16 7 42
16 8 9
16 10 40
16 11 9
16 12 25
16 15 45
17 0 26
17 1 15
17 2 45
17 3 27
17 4 41
17 5 18
17 6 41
17 7 5
17 8 11
17 9 20
17 15 8
17 16 12
18 0 21
18 5 24
18 6 21
18 7 16
18 8 22
18 10 24
18 13 1
18 16 18
19 1 17
19 5 13
19 6 11
19 7 16
19 9 3
19 11 35
19 12 32
19 13 45
19 14 12
20 0 14
20 1 12
20 2 27
20 3 12
20 4 17
20 5 14
20 6 11
20 7 22
20 8 10
20 11 2
20 12 15
20 13 35
20 14 28
20 15 31
20 16 11
20 17 11
20 18 20
20 19 22
21 1 42
21 4 23
21 5 3
21 6 7
21 7 36
21 9 11
21 10 45
21 11 7
21 12 38
21 14 31
21 15 21
21 16 9
21 17 10
21 18 5
21 19 26
21 20 25
22 0 22
22 1 45
22 4 34
22 5 24
22 6 25
22 10 28
22 12 24
22 14 12
22 15 26
22 17 15
22 18 43
22 20 12
23 0 15
23 1 30
23 2 4
23 4 35
23 5 27
23 7 6
23 8 30
23 9 37
23 12 38
23 13 22
23 14 26
23 21 5
24 0 9
24 3 5
24 5 43
24 6 12
24 7 34
24 8 10
24 9 39
24 10 7
24 11 42
24 15 23
24 16 29
24 18 29
24 20 10
24 21 20
25 0 10
25 4 24
25 8 23
25 10 14
25 12 13
25 13 12
25 16 19
25 17 2
25 18 9
25 19 11
25 21 9
25 22 40
25 24 38
26 0 45
26 2 17
26 5 36
26 6 37
26 7 6
26 8 10
26 10 39
26 16 14
26 20 14
26 21 18
26 24 28
26 25 19
27 0 13
27 1 2
27 7 13
27 12 44
27 13 15
27 15 32
27 17 29
27 20 44
27 23 13
27 26 12
28 1 26
28 2 33
28 4 12
28 7 2
28 8 18
28 9 44
28 12 11
28 13 24
28 14 1
28 16 8
28 17 11
28 21 31
28 22 45
28 23 1
28 24 38
28 26 25
29 0 30
29 2 11
29 5 34
29 8 2
29 9 35
29 12 5
29 15 16
29 18 7
29 22 12
29 23 23
29 24 16
29 26 45
29 27 30
29 28 32
30 3 36
30 6 32
30 7 21
30 8 44
30 9 1
30 11 10
30 15 3
30 16 30
30 17 8
30 22 21
30 24 39
30 27 9
30 29 10
31 3 22
31 6 36
31 7 43
31 8 39
31 10 15
31 11 6
31 12 44
31 15 42
31 19 31
31 20 30
31 21 27
31 22 10
31 24 15
31 25 6
31 26 23
31 27 29
31 28 10
31 29 31
31 30 16
32 0 30
32 2 28
32 7 32
32 8 25
32 9 18
32 10 30
32 11 26
32 12 33
32 14 11
32 16 4
32 17 20
32 18 41
32 19 31
32 24 34
32 30 6
32 31 2
33 4 45
33 5 31
33 7 25
33 9 23
33 10 18
33 13 40
33 14 8
33 16 39
33 19 41
33 20 31
33 23 44
33 27 34
33 28 17
33 30 19
33 32 28
34 1 22
34 2 15
34 3 22
34 5 26
34 7 42
34 10 8
34 11 5
34 12 36
34 15 21
34 19 45
34 22 26
34 25 25
34 28 41
35 2 13
35 3 16
35 4 11
35 5 21
35 6 31
35 7 2
35 13 29
35 14 3
35 15 33
35 17 43
35 20 9
35 22 31
35 25 17
35 31 43
35 32 2
35 33 22
36 1 34
36 6 14
36 8 26
36 10 44
36 11 37
36 12 21
36 13 45
36 15 38
36 18 32
36 21 26
36 22 45
36 23 40
36 24 19
36 25 16
36 28 14
36 29 23
36 30 34
36 33 38
36 34 35
37 0 20
37 2 22
37 4 28
37 10 15
37 11 12
37 13 36
37 16 28
37 18 33
37 19 42
37 26 38
37 28 19
37 31 32
37 33 29
37 35 3
38 0 12
38 4 17
38 5 7
38 7 43
38 9 18
38 12 32
38 13 9
38 14 1
38 15 41
38 16 31
38 17 7
38 19 43
38 24 41
38 25 28
38 27 15
38 28 26
38 29 30
38 30 12
38 31 11
38 34 40
38 35 37
38 36 39
39 4 20
39 6 7
39 8 35
39 10 17
39 11 21
39 12 31
39 16 26
39 19 24
39 20 41
39 22 16
39 23 17
39 24 5
39 25 3
39 26 25
39 27 12
39 29 24
39 30 30
39 33 26
39 34 34
39 35 5
39 38 19
40 3 10
40 5 42
40 9 1
40 10 19
40 11 2
40 12 9
40 14 41
40 15 40
40 16 29
40 18 10
40 19 35
40 23 32
40 26 2
40 27 11
40 33 7
40 34 16
40 37 15
40 38 34
41 0 6
41 4 24
41 5 35
41 7 11
41 9 35
41 11 31
41 12 17
41 13 37
41 14 3
41 15 42
41 19 23
41 20 41
41 21 20
41 22 21
41 23 15
41 24 28
41 27 16
41 28 31
41 29 19
41 31 1
41 33 12
41 34 14
41 35 19
41 37 8
41 38 31
41 39 40
42 3 32
42 4 17
42 6 44
42 7 9
42 11 24
42 14 8
42 15 37
42 16 14
42 18 10
42 20 45
42 22 45
42 23 16
42 26 12
42 28 25
42 29 7
42 31 15
42 32 32
42 34 1
42 38 31
42 39 5
42 41 36
43 2 5
43 3 21
43 5 5
43 6 2
43 9 42
43 14 39
43 16 42
43 18 23
43 22 11
43 24 35
43 25 33
43 26 20
43 27 31
43 30 6
43 34 12
43 39 15
44 0 12
44 1 34
44 2 1
44 3 7
44 4 35
44 5 12
44 7 22
44 10 29
44 11 27
44 13 38
44 14 16
44 15 7
44 21 21
44 22 41
44 24 20
44 28 18
44 29 43
44 32 40
44 35 15
44 37 16
44 39 16
44 40 22
44 41 38
44 42 18
44 43 34
45 0 21
45 3 29
45 4 27
45 6 29
45 7 22
45 9 16
45 11 2
45 13 38
45 14 29
45 15 38
45 16 44
45 18 7
45 23 23
45 25 10
45 26 22
45 27 30
45 30 34
45 31 30
45 35 30
45 38 33
45 40 21
45 42 7
45 43 15
46 0 37
46 1 2
46 3 31
46 4 39
46 5 13
46 6 34
46 7 31
46 8 22
46 9 43
46 10 25
46 11 18
46 12 15
46 13 8
46 14 42
46 15 29
46 16 27
46 19 33
46 20 23
46 21 13
46 24 35
46 28 45
46 29 38
46 33 23
46 34 20
46 35 45
46 37 25
46 38 43
46 39 1
46 41 3
46 43 31
47 0 43
47 2 23
47 3 24
47 8 3
47 9 26
47 10 42
47 13 36
47 14 26
47 15 1
47 16 3
47 20 44
47 21 2
47 25 44
47 26 42
47 29 12
47 30 38
47 33 37
47 34 24
47 35 27
47 36 41
47 37 31
47 38 38
47 39 28
47 40 15
47 41 2
47 44 34
48 1 13
48 5 41
48 10 38
48 13 23
48 17 29
48 19 27
48 21 4
48 22 1
48 24 29
48 25 1
48 26 36
48 27 1
48 28 29
48 29 18
48 32 5
48 33 43
48 35 12
48 36 38
48 37 16
48 43 31
48 46 42
48 47 25
49 0 34
49 1 16
49 4 19
49 9 19
49 10 10
49 11 7
49 12 35
49 13 31
49 20 27
49 21 26
49 23 11
49 27 11
49 28 10
49 30 3
49 31 4
49 33 8
49 34 37
49 35 4
49 39 26
49 41 5
49 45 24
49 47 43
50 0 36
50 1 40
50 3 14
50 9 21
50 12 30
50 16 19
50 17 28
50 18 2
50 19 9
50 20 40
50 22 28
50 24 12
50 25 27
50 27 40
50 34 17
50 36 36
50 38 23
50 39 13
50 40 24
50 41 44
50 42 5
50 43 3
50 44 42
50 46 14
50 48 19
50 49 21
51 0 8
51 2 37
51 3 39
51 4 35
51 8 11
51 9 10
51 10 38
51 11 28
51 14 3
51 15 17
51 19 21
51 21 20
51 22 25
51 24 33
51 25 14
51 26 22
51 27 20
51 31 35
51 32 3
51 33 35
51 34 41
51 39 43
51 40 3
51 42 42
51 43 29
51 45 22
51 46 7
51 49 20
52 0 39
52 5 4
52 7 42
52 11 30
52 12 10
52 15 24
52 17 2
52 18 28
52 20 30
52 21 45
52 24 39
52 26 7
52 30 17
52 31 30
52 32 43
52 34 30
52 36 21
52 38 40
52 41 39
52 42 13
52 43 32
52 44 19
52 45 5
52 49 20
52 50 37
52 51 29
53 2 30
53 3 33
53 6 7
53 10 33
53 11 11
53 12 12
53 13 19
53 14 44
53 15 30
53 17 6
53 19 6
53 21 36
53 23 36
53 24 1
53 25 31
53 28 4
53 29 41
53 30 13
53 32 18
53 37 37
53 39 33
53 40 2
53 46 17
53 48 4
53 49 8
53 50 14
53 51 19
53 52 24
54 0 35
54 1 7
54 3 29
54 7 11
54 8 39
54 9 15
54 10 8
54 11 37
54 13 14
54 14 17
54 15 42
54 19 40
54 20 10
54 23 2
54 30 29
54 31 17
54 32 3
54 34 45
54 35 16
54 36 20
54 39 1
54 42 35
54 44 19
54 45 35
54 46 36
54 47 11
54 48 29
54 49 2
54 52 10
55 0 32
55 2 39
55 4 41
55 8 11
55 9 3
55 10 11
55 11 29
55 12 34
55 13 21
55 15 14
55 16 15
55 19 20
55 20 37
55 21 1
55 24 16
55 25 42
55 29 45
55 35 23
55 37 2
55 38 10
55 39 19
55 40 16
55 42 1
55 45 6
55 46 33
55 47 12
55 48 2
55 49 34
55 50 41
55 52 32
56 0 17
56 1 30
56 3 15
56 9 22
56 10 27
56 11 25
56 14 4
56 16 44
56 17 19
56 18 18
56 23 34
56 25 15
56 26 11
56 29 38
56 31 7
56 32 30
56 33 29
56 34 44
56 39 38
56 41 1
56 43 44
56 44 3
56 46 5
56 53 27
56 54 12
56 55 29
57 2 36
57 4 14
57 6 42
57 7 37
57 11 32
57 13 44
57 24 13
57 25 28
57 26 27
57 27 10
57 28 2
57 29 44
57 30 10
57 31 17
57 33 17
57 34 23
57 35 24
57 36 20
57 37 6
57 40 18
57 41 23
57 42 21
57 44 4
57 47 2
57 49 18
57 50 6
57 51 9
57 53 34
57 54 40
57 55 26
57 56 41
