69
1 0 50
2 0 21
3 1 67
4 1 68
4 2 63
5 0 5
5 2 68
6 0 65
6 2 28
6 3 44
6 5 41
7 0 48
7 1 55
7 4 12
7 6 26
8 0 34
8 2 26
8 6 20
9 1 35
9 4 47
9 5 31
9 6 23
9 7 16
9 8 65
10 2 50
10 4 23
11 0 27
11 1 31
11 2 68
11 3 34
11 4 30
11 5 59
11 6 16
11 7 60
11 10 32
12 3 2
12 7 59
12 8 64
13 0 50
13 1 42
13 5 8
13 7 45
14 0 50
14 2 25
14 4 55
14 5 5
14 6 59
14 8 18
14 9 61
14 10 46
14 12 9
14 13 7
15 0 51
15 1 48
15 3 47
15 10 14
15 12 65
15 14 53
16 2 38
16 3 18
16 4 54
16 6 42
16 8 11
16 9 39
16 10 10
16 12 35
16 14 26
17 5 25
17 6 41
17 7 64
17 9 15
17 10 51
17 12 30
17 15 7
18 0 11
18 2 23
18 7 16
18 8 9
18 10 8
18 11 66
18 13 50
18 14 20
18 15 54
19 0 57
19 2 54
19 4 28
19 6 45
19 7 41
19 9 55
19 11 18
19 13 19
19 15 28
19 16 25
19 17 68
20 4 13
20 5 32
20 7 42
20 8 20
20 9 60
20 16 60
20 19 8
21 0 16
21 4 43
21 5 45
21 9 13
21 12 5
21 15 15
21 16 37
21 18 50
22 0 16
22 3 32
22 4 45
22 5 35
22 6 26
22 7 68
22 10 41
22 11 47
22 12 57
22 13 4
22 14 22
22 15 15
22 18 27
22 21 34
23 1 13
23 2 59
23 3 15
23 4 65
23 5 17
23 6 10
23 7 51
23 10 13
23 11 37
23 17 63
23 19 32
23 20 66
23 21 68
24 1 14
24 3 11
24 4 23
24 5 9
24 6 7
24 8 33
24 11 15
24 16 53
24 17 26
24 20 62
25 0 8
25 2 26
25 6 24
25 7 20
25 8 49
25 9 65
25 10 7
25 11 52
25 13 9
25 14 68
25 15 25
25 16 53
25 18 45
25 19 28
25 20 6
25 21 60
25 22 13
25 23 10
25 24 31
26 1 31
26 2 33
26 3 7
26 4 39
26 5 56
26 7 2
26 10 57
26 11 37
26 12 41
26 13 63
26 14 26
26 17 19
26 18 62
26 19 2
26 22 67
26 25 7
27 0 43
27 2 62
27 6 56
27 8 59
27 9 57
27 12 65
27 15 6
27 18 4
27 22 65
27 24 10
27 26 39
28 2 35
28 4 26
28 6 23
28 7 42
28 8 6
28 9 44
28 11 29
28 12 4
28 13 67
28 15 27
28 16 19
28 19 40
28 20 1
28 23 22
28 25 3
28 26 38
28 27 66
29 2 53
29 3 12
29 4 19
29 5 31
29 7 32
29 10 16
29 11 14
29 13 18
29 14 18
29 16 2
29 17 39
29 18 51
29 22 13
29 23 34
29 24 39
29 25 50
29 27 46
29 28 35
30 2 9
30 4 63
30 5 43
30 13 46
30 14 53
30 15 19
30 18 30
30 19 17
30 22 61
30 25 29
30 28 5
31 1 50
31 5 56
31 6 28
31 11 29
31 13 14
31 15 16
31 16 30
31 17 53
31 18 45
31 23 30
31 24 58
31 27 23
31 29 62
31 30 16
32 0 57
32 2 5
32 3 25
32 4 28
32 6 55
32 16 60
32 18 45
32 19 35
32 21 61
32 22 26
32 23 50
32 24 63
32 25 57
32 27 47
32 29 15
32 31 36
33 0 7
33 2 55
33 4 26
33 5 10
33 6 17
33 8 54
33 10 9
33 17 44
33 20 64
33 21 19
33 22 46
33 23 52
33 24 17
33 26 2
33 27 60
33 28 32
33 29 39
33 31 68
34 0 35
34 1 14
34 3 5
34 4 5
34 9 64
34 10 11
34 11 49
34 13 10
34 14 46
34 19 39
34 20 51
34 22 22
34 24 26
34 27 28
34 28 59
34 30 1
34 31 32
34 32 13
34 33 29
35 0 54
35 4 61
35 5 57
35 6 61
35 7 43
35 11 63
35 12 4
35 14 20
35 15 20
35 16 61
35 18 45
35 19 14
35 21 14
35 24 49
35 25 42
35 26 25
35 30 6
35 31 28
35 33 68
36 0 35
36 1 38
36 2 27
36 3 64
36 5 10
36 7 28
36 9 10
36 13 28
36 15 20
36 16 54
36 18 52
36 20 36
36 22 6
36 24 58
36 26 61
36 27 33
36 32 48
37 2 18
37 6 53
37 9 55
37 10 18
37 13 64
37 14 46
37 15 1
37 19 23
37 20 9
37 21 27
37 22 4
37 23 1
37 28 14
37 33 21
37 34 62
37 35 23
37 36 44
38 1 52
38 2 52
38 3 41
38 4 58
38 7 25
38 8 27
38 9 30
38 12 8
38 13 54
38 14 10
38 15 31
38 17 56
38 19 1
38 20 63
38 21 45
38 22 12
38 24 67
38 25 21
38 28 52
38 31 32
38 33 13
38 36 41
38 37 1
39 0 13
39 2 50
39 6 49
39 9 58
39 11 48
39 20 12
39 21 47
39 26 56
39 29 45
39 30 65
39 32 42
39 38 46
40 0 63
40 3 56
40 5 20
40 12 60
40 13 36
40 14 7
40 16 42
40 18 33
40 19 26
40 20 35
40 22 40
40 23 47
40 24 60
40 25 64
40 26 57
40 27 11
40 28 27
40 30 46
40 31 14
40 32 60
40 36 38
40 39 39
41 0 50
41 3 14
41 5 60
41 6 45
41 7 55
41 8 20
41 10 4
41 11 7
41 13 6
41 14 39
41 15 21
41 16 54
41 24 13
41 25 1
41 26 68
41 36 62
41 37 61
41 38 31
41 40 31
42 2 24
42 3 42
42 5 35
42 6 26
42 9 39
42 10 67
42 11 8
42 13 1
42 14 48
42 17 38
42 19 55
42 26 14
42 30 20
42 31 6
42 32 38
42 34 27
42 36 42
42 37 46
42 38 24
42 40 7
43 1 62
43 2 43
43 4 15
43 5 3
43 9 48
43 12 3
43 13 27
43 16 31
43 22 67
43 26 37
43 29 1
43 30 51
43 31 47
43 32 10
43 34 28
43 36 65
43 39 19
43 41 66
44 7 13
44 9 59
44 11 62
44 12 59
44 13 38
44 14 39
44 16 33
44 17 45
44 19 52
44 20 46
44 21 52
44 23 10
44 25 16
44 30 65
44 33 13
44 38 14
44 41 41
44 42 26
45 1 52
45 2 40
45 3 17
45 4 1
45 12 54
45 15 26
45 17 50
45 18 2
45 19 55
45 20 54
45 21 47
45 22 64
45 24 27
45 25 49
45 27 67
45 31 22
45 32 21
45 35 35
45 38 11
45 39 65
45 40 57
45 41 9
45 42 39
45 44 56
46 0 60
46 1 4
46 2 49
46 4 5
46 5 36
46 6 10
46 7 29
46 11 45
46 12 6
46 13 62
46 14 13
46 15 33
46 18 37
46 20 23
46 22 46
46 24 10
46 25 7
46 26 51
46 27 34
46 30 19
46 32 34
46 33 61
46 35 17
46 38 67
46 39 15
46 40 65
46 41 49
46 42 42
46 45 28
47 0 11
47 1 37
47 4 34
47 6 9
47 10 17
47 15 45
47 18 8
47 22 57
47 23 64
47 28 47
47 33 39
47 34 24
47 35 46
47 37 68
47 42 21
47 43 37
47 44 48
47 45 59
48 1 16
48 2 44
48 4 18
48 8 21
48 13 65
48 15 2
48 16 40
48 17 68
48 21 4
48 25 2
48 26 20
48 28 29
48 32 61
48 33 5
48 38 67
48 40 10
48 41 34
48 42 63
48 43 49
48 45 44
49 0 9
49 1 50
49 2 42
49 6 28
49 7 3
49 8 10
49 9 34
49 11 14
49 12 64
49 13 34
49 15 37
49 16 49
49 19 31
49 20 1
49 24 24
49 25 46
49 29 20
49 31 47
49 33 16
49 34 17
49 44 53
49 47 39
50 0 51
50 3 6
50 4 31
50 6 14
50 7 42
50 8 33
50 9 49
50 11 7
50 13 45
50 14 26
50 15 37
50 16 16
50 18 27
50 20 51
50 21 46
50 22 4
50 24 25
50 25 27
50 27 30
50 30 39
50 32 54
50 33 61
50 35 7
50 37 15
50 38 30
50 47 15
50 49 25
51 0 37
51 4 67
51 8 31
51 11 53
51 13 51
51 14 7
51 16 1
51 17 33
51 18 28
51 21 24
51 25 23
51 27 44
51 28 26
51 29 25
51 30 41
51 34 21
51 35 16
51 36 11
51 38 37
51 41 8
51 44 17
51 45 40
51 46 51
51 50 25
52 0 16
52 1 55
52 5 65
52 10 23
52 13 21
52 16 22
52 17 29
52 19 27
52 20 31
52 22 40
52 23 17
52 24 61
52 28 41
52 29 23
52 32 35
52 33 49
52 35 52
52 37 30
52 41 13
52 42 2
52 43 21
52 44 38
52 47 62
52 48 49
52 51 9
53 0 31
53 2 10
53 4 67
53 5 36
53 6 27
53 7 54
53 10 32
53 12 30
53 19 29
53 20 31
53 24 5
53 25 56
53 30 18
53 31 13
53 32 14
53 33 64
53 35 1
53 36 40
53 39 68
53 41 46
53 43 68
53 44 39
53 49 26
53 50 18
53 51 67
53 52 28
54 1 19
54 2 30
54 3 40
54 7 55
54 8 37
54 12 28
54 13 15
54 14 37
54 16 68
54 19 32
54 20 36
54 23 2
54 24 66
54 35 68
54 37 32
54 39 36
54 41 18
54 42 31
54 46 60
54 47 54
54 51 40
54 52 36
55 2 33
55 3 27
55 5 32
55 6 1
55 9 15
55 11 5
55 12 2
55 13 17
55 15 18
55 16 33
55 18 45
55 19 29
55 24 60
55 25 59
55 26 27
55 29 56
55 30 52
55 31 40
55 32 36
55 33 58
55 34 9
55 36 7
55 38 53
55 42 9
55 43 25
55 47 35
55 48 1
55 50 12
55 53 31
55 54 16
56 1 19
56 6 23
56 8 68
56 9 19
56 11 9
56 17 53
56 19 57
56 20 18
56 23 52
56 24 43
56 25 27
56 28 10
56 30 50
56 33 15
56 34 25
56 35 3
56 37 23
56 38 18
56 40 32
56 41 24
56 42 65
56 45 13
56 49 53
56 51 45
56 54 45
56 55 37
57 0 37
57 1 29
57 2 40
57 4 7
57 6 44
57 8 39
57 9 43
57 10 60
57 13 41
57 14 16
57 16 19
57 18 52
57 19 48
57 22 13
57 24 28
57 25 68
57 28 16
57 29 42
57 35 5
57 36 61
57 38 34
57 42 24
57 45 24
57 46 12
57 48 28
58 2 5
58 3 17
58 6 3
58 8 13
58 9 57
58 10 39
58 13 50
58 14 30
58 16 56
58 17 47
58 20 23
58 21 44
58 22 8
58 24 67
58 25 68
58 26 34
58 27 14
58 29 49
58 33 17
58 35 49
58 37 22
58 38 11
58 40 48
58 41 46
58 46 4
58 47 68
58 48 8
58 51 29
58 53 38
58 54 20
58 56 21
59 0 5
59 2 5
59 4 38
59 6 17
59 8 50
59 11 64
59 13 47
59 15 10
59 17 7
59 18 47
59 20 3
59 22 48
59 23 36
59 25 36
59 26 15
59 27 35
59 28 35
59 30 59
59 31 19
59 32 56
59 34 27
59 38 44
59 39 60
59 43 56
59 44 14
59 45 28
59 48 27
59 50 61
59 51 68
59 55 11
60 1 62
60 2 24
60 8 53
60 9 10
60 12 45
60 15 44
60 16 42
60 17 58
60 19 62
60 21 63
60 22 68
60 23 10
60 25 34
60 28 22
60 29 8
60 30 67
60 33 16
60 35 42
60 36 65
60 39 12
60 43 32
60 44 54
60 45 68
60 46 13
60 47 60
60 50 1
60 51 33
60 56 32
60 58 58
61 0 67
61 1 7
61 2 46
61 3 44
61 7 39
61 9 66
61 11 7
61 12 44
61 13 13
61 16 47
61 20 51
61 22 1
61 25 5
61 26 38
61 27 65
61 29 63
61 30 45
61 31 7
61 34 60
61 38 6
61 45 19
61 49 5
61 50 16
61 51 2
61 52 25
61 53 4
61 54 4
61 55 3
61 56 5
61 57 8
61 58 9
62 0 53
62 1 4
62 4 52
62 6 17
62 7 53
62 9 6
62 10 36
62 14 48
62 15 2
62 16 18
62 18 33
62 21 49
62 23 8
62 27 2
62 28 26
62 29 19
62 33 18
62 35 11
62 37 35
62 38 57
62 39 14
62 40 44
62 42 37
62 46 41
62 47 4
62 48 24
62 53 37
62 54 14
62 56 59
62 58 8
62 59 26
62 60 65
62 61 62
63 0 15
63 1 35
63 2 3
63 4 29
63 5 59
63 6 43
63 9 58
63 10 9
63 11 37
63 12 68
63 13 45
63 14 48
63 17 22
63 19 17
63 20 11
63 24 27
63 25 1
63 26 31
63 27 24
63 29 1
63 30 17
63 31 2
63 32 9
63 34 67
63 42 36
63 43 5
63 44 13
63 45 46
63 46 1
63 50 30
63 52 14
63 53 34
63 54 7
63 56 10
63 57 36
63 58 63
63 59 68
63 60 11
63 62 31
64 1 32
64 4 37
64 6 34
64 7 43
64 9 3
64 11 38
64 19 62
64 20 2
64 21 34
64 23 29
64 25 3
64 26 17
64 29 40
64 30 19
64 35 61
64 36 33
64 39 42
64 49 5
64 50 34
64 51 61
64 52 44
64 53 35
64 54 68
64 56 10
64 58 24
64 60 19
64 63 1
65 1 30
65 3 36
65 5 9
65 8 44
65 9 3
65 11 40
65 12 59
65 14 12
65 18 12
65 19 31
65 22 64
65 23 13
65 27 32
65 30 57
65 33 56
65 36 57
65 38 10
65 40 52
65 41 11
65 42 3
65 43 45
65 46 32
65 51 25
65 54 26
65 55 25
65 58 58
65 60 36
65 61 50
65 62 38
65 64 15
66 1 38
66 2 19
66 4 34
66 5 32
66 12 42
66 16 56
66 17 48
66 22 35
66 24 6
66 29 59
66 32 46
66 34 65
66 36 30
66 40 21
66 41 56
66 42 60
66 43 14
66 44 2
66 45 22
66 46 47
66 47 15
66 48 67
66 51 12
66 55 14
66 57 44
66 58 41
66 60 21
66 61 34
66 62 51
66 65 63
67 1 66
67 4 33
67 6 49
67 9 26
67 12 10
67 15 1
67 16 35
67 17 22
67 18 40
67 19 37
67 20 16
67 22 8
67 24 12
67 28 12
67 29 31
67 31 43
67 32 37
67 33 56
67 34 50
67 36 30
67 41 33
67 42 21
67 44 65
67 45 41
67 47 58
67 52 57
67 53 14
67 54 33
67 55 44
67 56 8
67 60 6
67 63 65
67 64 4
67 65 10
68 2 2
68 4 40
68 8 51
68 10 32
68 11 58
68 19 5
68 21 59
68 22 42
68 23 2
68 25 50
68 26 25
68 27 18
68 28 16
68 30 19
68 31 23
68 33 20
68 34 12
68 36 47
68 39 38
68 42 62
68 43 8
68 45 21
68 55 43
68 57 49
68 61 31
68 62 48
68 63 3
68 64 33
68 66 27
68 67 53
