41
2 1 50
4 0 28
4 2 2
5 3 39
6 0 50
6 4 23
6 5 53
7 0 8
7 2 35
8 1 12
8 3 10
8 6 2
9 0 21
9 2 11
9 3 57
9 4 45
9 5 51
9 6 48
10 1 9
10 2 45
10 8 58
11 0 55
11 2 10
11 6 46
11 7 24
12 2 55
12 3 39
12 4 1
12 8 56
12 11 35
13 2 36
13 3 57
13 4 7
13 7 50
13 8 53
13 9 12
13 10 4
13 11 31
13 12 5
14 3 57
14 5 25
14 6 12
14 10 25
14 12 26
15 0 39
15 1 4
15 2 56
15 3 25
15 6 45
15 11 48
15 12 39
15 14 14
16 0 21
16 1 3
16 2 18
16 3 17
16 7 60
16 8 55
16 10 5
16 11 7
16 13 32
16 14 7
16 15 36
17 1 43
17 2 10
17 3 14
17 4 21
17 5 38
17 6 10
17 7 39
17 9 19
17 11 58
17 12 3
17 14 32
17 15 7
17 16 45
18 1 56
18 2 34
18 4 40
18 5 37
18 6 3
18 7 34
18 9 47
18 10 26
18 15 4
19 1 12
19 6 36
19 7 53
19 8 51
19 10 15
19 13 42
19 17 47
19 18 31
20 1 8
20 2 34
20 3 8
20 4 37
20 6 18
20 14 16
20 15 6
20 18 35
21 0 28
21 1 14
21 2 35
21 3 18
21 5 31
21 6 31
21 16 8
21 17 3
21 20 37
22 0 53
22 2 25
22 3 51
22 6 13
22 8 15
22 9 36
22 10 34
22 15 16
22 16 59
22 17 60
23 0 20
23 1 2
23 3 34
23 6 13
23 9 10
23 11 33
23 12 28
23 13 14
23 14 54
23 16 7
23 18 8
23 19 2
23 20 49
23 21 42
24 0 40
24 3 19
24 4 33
24 5 19
24 6 23
24 7 58
24 9 48
24 13 54
24 17 44
24 20 33
24 23 41
25 4 56
25 6 11
25 7 56
25 13 47
25 14 38
25 16 48
25 17 27
25 18 32
25 20 11
26 1 21
26 3 58
26 5 22
26 7 4
26 8 46
26 11 13
26 12 41
26 15 21
26 17 36
26 18 23
26 21 54
26 22 17
26 23 48
26 24 43
26 25 23
27 0 13
27 2 48
27 3 43
27 7 3
27 10 47
27 13 42
27 18 6
27 21 43
27 22 50
27 23 51
27 25 51
28 1 40
28 2 18
28 5 30
28 8 24
28 9 36
28 10 42
28 11 43
28 12 57
28 14 5
28 15 22
28 16 40
28 18 50
28 21 54
28 24 43
28 26 8
29 0 58
29 1 32
29 2 13
29 3 48
29 4 54
29 5 3
29 6 46
29 8 27
29 9 19
29 10 8
29 11 31
29 13 26
29 14 38
29 17 10
29 18 19
30 1 32
30 2 5
30 3 52
30 4 9
30 6 46
30 7 24
30 8 49
30 9 1
30 10 36
30 12 45
30 13 45
30 15 3
30 17 6
30 18 28
30 19 42
30 20 31
30 22 7
30 23 31
30 25 37
30 27 2
31 0 18
31 1 27
31 3 24
31 7 25
31 8 52
31 11 34
31 13 20
31 17 24
31 18 40
31 19 23
31 25 29
31 27 58
32 1 43
32 3 41
32 4 27
32 6 44
32 11 7
32 12 17
32 13 26
32 14 56
32 17 42
32 25 58
32 26 26
32 28 22
32 29 22
32 31 41
33 0 6
33 2 41
33 3 21
33 6 2
33 8 38
33 9 43
33 10 4
33 15 11
33 24 44
33 26 36
33 27 47
33 28 6
33 30 28
33 31 38
33 32 27
34 1 44
34 5 49
34 6 12
34 7 12
34 8 58
34 9 29
34 10 12
34 14 46
34 17 24
34 18 29
34 22 2
34 26 40
34 29 12
34 33 15
35 1 12
35 2 7
35 4 21
35 5 23
35 6 12
35 7 17
35 13 44
35 15 59
35 19 7
35 20 55
35 21 51
35 22 25
35 24 59
35 25 44
35 28 33
35 30 52
35 31 10
35 32 55
35 34 39
36 1 58
36 2 45
36 11 46
36 13 30
36 15 3
36 16 29
36 17 24
36 18 54
36 20 37
36 21 8
36 22 50
36 24 51
36 26 31
36 30 38
36 33 55
36 35 51
37 0 8
37 1 57
37 6 10
37 7 18
37 8 46
37 9 2
37 10 25
37 15 17
37 16 56
37 17 18
37 19 18
37 20 19
37 21 56
37 22 49
37 24 29
37 25 17
37 26 37
37 28 12
37 30 58
37 32 51
37 34 17
38 2 3
38 4 28
38 6 58
38 8 18
38 10 41
38 11 52
38 12 5
38 13 39
38 15 2
38 22 37
38 24 47
38 26 56
38 27 13
38 29 48
38 31 18
38 33 29
38 35 16
38 36 2
39 0 43
39 2 38
39 5 16
39 6 22
39 9 60
39 10 8
39 13 22
39 15 26
39 16 6
39 19 58
39 20 46
39 25 16
39 26 28
39 28 40
39 34 27
39 35 36
39 36 54
39 37 39
39 38 23
40 2 54
40 7 14
40 10 8
40 11 60
40 12 42
40 14 19
40 16 29
40 18 19
40 19 5
40 21 3
40 22 21
40 26 49
40 27 16
40 30 35
40 31 5
40 32 33
40 33 18
40 34 57
40 35 55
40 38 48
40 39 7
