47
1 0 11
2 0 14
2 1 3
3 0 9
3 1 7
3 2 1
4 0 9
4 1 4
4 2 2
4 3 11
5 0 3
5 1 9
5 2 7
5 3 3
5 4 6
6 0 2
6 1 6
6 2 13
6 3 7
6 4 9
6 5 12
7 0 13
7 1 2
7 2 14
7 3 14
7 4 9
7 5 9
7 6 6
8 0 11
8 1 4
8 2 4
8 3 10
8 4 11
8 5 7
8 6 4
8 7 10
9 0 4
9 1 6
9 2 13
9 3 8
9 4 6
9 5 2
9 6 11
9 7 14
9 8 4
10 0 1
10 1 1
10 2 10
10 3 1
10 4 4
10 5 1
10 6 9
10 7 11
10 8 1
10 9 7
11 0 5
11 1 10
11 2 13
11 3 1
11 4 14
11 5 12
11 6 4
11 7 12
11 8 9
11 9 13
11 10 14
12 0 7
12 1 12
12 2 14
12 3 11
12 4 5
12 5 4
12 6 3
12 7 6
12 8 5
12 9 1
12 10 13
12 11 8
13 0 1
13 1 12
13 2 2
13 3 7
13 4 11
13 5 8
13 6 8
13 7 7
13 8 13
13 9 3
13 10 7
13 11 5
13 12 6
14 0 6
14 1 5
14 2 8
14 3 11
14 4 5
14 5 6
14 6 9
14 7 6
14 8 1
14 9 8
14 10 8
14 11 10
14 12 5
14 13 12
15 0 11
15 1 6
15 2 1
15 3 7
15 4 2
15 5 10
15 6 12
15 7 9
15 8 3
15 9 14
15 10 9
15 11 3
15 12 14
15 13 8
15 14 14
16 0 1
16 1 9
16 2 7
16 3 12
16 4 5
16 5 13
16 6 12
16 7 12
16 8 12
16 9 10
16 10 3
16 11 12
16 12 7
16 13 5
16 14 1
16 15 5
17 0 3
17 1 3
17 2 5
17 3 2
17 4 3
17 5 4
17 6 9
17 7 9
17 8 6
17 9 14
17 10 7
17 11 7
17 12 9
17 13 6
17 14 4
17 15 13
17 16 1
18 0 9
18 1 3
18 2 8
18 3 6
18 4 1
18 5 6
18 6 10
18 7 1
18 8 13
18 9 6
18 10 4
18 11 4
18 12 9
18 13 4
18 14 12
18 15 7
18 16 7
18 17 5
19 0 14
19 1 5
19 2 2
19 3 5
19 4 6
19 5 12
19 6 14
19 7 9
19 8 2
19 9 5
19 10 2
19 11 5
19 12 9
19 13 2
19 14 14
19 15 5
19 16 12
19 17 10
19 18 13
20 0 6
20 1 5
20 2 13
20 3 7
20 4 1
20 5 3
20 6 11
20 7 12
20 8 11
20 9 3
20 10 8
20 11 14
20 12 12
20 13 7
20 14 1
20 15 1
20 16 11
20 17 2
20 18 6
20 19 2
21 0 4
21 1 2
21 2 11
21 3 4
21 4 11
21 5 12
21 6 2
21 7 10
21 8 10
21 9 2
21 10 10
21 11 7
21 12 6
21 13 14
21 14 13
21 15 2
21 16 11
21 17 4
21 18 2
21 19 7
21 20 8
22 0 12
22 1 11
22 2 4
22 3 1
22 4 12
22 5 8
22 6 13
22 7 10
22 8 1
22 9 2
22 10 11
22 11 9
22 12 5
22 13 2
22 14 11
22 15 2
22 16 5
22 17 10
22 18 10
22 19 2
22 20 11
22 21 9
23 0 2
23 1 10
23 2 8
23 3 8
23 4 13
23 5 10
23 6 9
23 7 13
23 8 2
23 9 6
23 10 13
23 11 3
23 12 6
23 13 7
23 14 9
23 15 4
23 16 13
23 17 5
23 18 4
23 19 13
23 20 8
23 21 11
23 22 7
24 0 6
24 1 7
24 2 12
24 3 2
24 4 12
24 5 5
24 6 8
24 7 8
24 8 5
24 9 1
24 10 3
24 11 12
24 12 1
24 13 8
24 14 7
24 15 6
24 16 14
24 17 7
24 18 12
24 19 11
24 20 4
24 21 11
24 22 8
24 23 14
25 0 11
25 1 12
25 2 13
25 3 3
25 4 11
25 5 6
25 6 1
25 7 5
25 8 9
25 9 1
25 10 14
25 11 9
25 12 8
25 13 9
25 14 1
25 15 3
25 16 3
25 17 3
25 18 9
25 19 7
25 20 9
25 21 4
25 22 7
25 23 8
25 24 7
26 0 5
26 1 1
26 2 7
26 3 5
26 4 5
26 5 12
26 6 5
26 7 8
26 8 12
26 9 2
26 10 2
26 11 4
26 12 6
26 13 11
26 14 10
26 15 8
26 16 2
26 17 6
26 18 3
26 19 1
26 20 6
26 21 11
26 22 12
26 23 6
26 24 4
26 25 7
27 0 3
27 1 4
27 2 13
27 3 10
27 4 10
27 5 4
27 6 8
27 7 13
27 8 6
27 9 5
27 10 5
27 11 3
27 12 11
27 13 7
27 14 13
27 15 10
27 16 12
27 17 3
27 18 5
27 19 8
27 20 10
27 21 1
27 22 1
27 23 10
27 24 13
27 25 11
27 26 4
28 0 2
28 1 9
28 2 10
28 3 10
28 4 14
28 5 5
28 6 4
28 7 12
28 8 10
28 9 8
28 10 6
28 11 6
28 12 4
28 13 12
28 14 12
28 15 10
28 16 7
28 17 9
28 18 10
28 19 2
28 20 13
28 21 14
28 22 4
28 23 13
28 24 2
28 25 5
28 26 11
28 27 5
29 0 4
29 1 12
29 2 4
29 3 6
29 4 9
29 5 5
29 6 10
29 7 14
29 8 3
29 9 8
29 10 5
29 11 5
29 12 13
29 13 8
29 14 7
29 15 1
29 16 11
29 17 5
29 18 4
29 19 9
29 20 13
29 21 13
29 22 7
29 23 11
29 24 3
29 25 10
29 26 2
29 27 10
29 28 8
30 0 13
30 1 9
30 2 5
30 3 7
30 4 8
30 5 7
30 6 14
30 7 1
30 8 7
30 9 9
30 10 3
30 11 3
30 12 2
30 13 12
30 14 1
30 15 6
30 16 2
30 17 11
30 18 5
30 19 12
30 20 3
30 21 11
30 22 5
30 23 13
30 24 4
30 25 5
30 26 2
30 27 10
30 28 3
30 29 6
31 0 6
31 1 12
31 2 14
31 3 6
31 4 8
31 5 7
31 6 13
31 7 9
31 8 12
31 9 7
31 10 8
31 11 10
31 12 8
31 13 11
31 14 10
31 15 9
31 16 8
31 17 1
31 18 11
31 19 13
31 20 14
31 21 13
31 22 6
31 23 5
31 24 2
31 25 2
31 26 12
31 27 3
31 28 10
31 29 5
31 30 3
32 0 13
32 1 7
32 2 10
32 3 3
32 4 13
32 5 5
32 6 6
32 7 6
32 8 2
32 9 12
32 10 3
32 11 13
32 12 11
32 13 13
32 14 10
32 15 11
32 16 2
32 17 14
32 18 7
32 19 11
32 20 4
32 21 3
32 22 5
32 23 9
32 24 12
32 25 5
32 26 8
32 27 6
32 28 5
32 29 4
32 30 3
32 31 5
33 0 8
33 1 8
33 2 12
33 3 7
33 4 3
33 5 6
33 6 5
33 7 11
33 8 14
33 9 9
33 10 13
33 11 8
33 12 9
33 13 7
33 14 9
33 15 14
33 16 6
33 17 7
33 18 5
33 19 10
33 20 11
33 21 8
33 22 5
33 23 2
33 24 12
33 25 11
33 26 9
33 27 7
33 28 5
33 29 9
33 30 3
33 31 3
33 32 5
34 0 3
34 1 10
34 2 4
34 3 5
34 4 4
34 5 3
34 6 5
34 7 6
34 8 13
34 9 9
34 10 13
34 11 1
34 12 2
34 13 5
34 14 1
34 15 3
34 16 12
34 17 12
34 18 14
34 19 13
34 20 1
34 21 3
34 22 3
34 23 13
34 24 13
34 25 14
34 26 2
34 27 3
34 28 2
34 29 5
34 30 3
34 31 6
34 32 3
34 33 6
35 0 1
35 1 9
35 2 13
35 3 2
35 4 13
35 5 14
35 6 3
35 7 12
35 8 11
35 9 8
35 10 14
35 11 9
35 12 14
35 13 12
35 14 11
35 15 4
35 16 4
35 17 14
35 18 12
35 19 3
35 20 9
35 21 10
35 22 14
35 23 10
35 24 6
35 25 6
35 26 2
35 27 9
35 28 7
35 29 1
35 30 3
35 31 6
35 32 12
35 33 8
35 34 2
36 0 1
36 1 14
36 2 13
36 3 1
36 4 3
36 5 5
36 6 11
36 7 1
36 8 2
36 9 12
36 10 6
36 11 10
36 12 13
36 13 2
36 14 13
36 15 13
36 16 11
36 17 3
36 18 9
36 19 1
36 20 7
36 21 11
36 22 13
36 23 7
36 24 2
36 25 8
36 26 12
36 27 4
36 28 10
36 29 14
36 30 12
36 31 3
36 32 4
36 33 5
36 34 11
36 35 14
37 0 3
37 1 10
37 2 3
37 3 7
37 4 11
37 5 13
37 6 11
37 7 4
37 8 12
37 9 10
37 10 7
37 11 4
37 12 4
37 13 7
37 14 3
37 15 13
37 16 3
37 17 12
37 18 1
37 19 5
37 20 14
37 21 6
37 22 10
37 23 6
37 24 7
37 25 4
37 26 6
37 27 8
37 28 14
37 29 9
37 30 9
37 31 11
37 32 7
37 33 1
37 34 6
37 35 7
37 36 8
38 0 10
38 1 6
38 2 10
38 3 3
38 4 11
38 5 2
38 6 11
38 7 5
38 8 13
38 9 12
38 10 2
38 11 6
38 12 10
38 13 12
38 14 4
38 15 7
38 16 8
38 17 10
38 18 14
38 19 14
38 20 12
38 21 8
38 22 12
38 23 8
38 24 1
38 25 4
38 26 1
38 27 5
38 28 8
38 29 14
38 30 10
38 31 8
38 32 3
38 33 11
38 34 7
38 35 2
38 36 11
38 37 2
39 0 9
39 1 10
39 2 11
39 3 2
39 4 3
39 5 3
39 6 9
39 7 12
39 8 2
39 9 2
39 10 1
39 11 3
39 12 7
39 13 4
39 14 8
39 15 12
39 16 14
39 17 8
39 18 8
39 19 11
39 20 10
39 21 9
39 22 9
39 23 9
39 24 7
39 25 1
39 26 5
39 27 2
39 28 11
39 29 14
39 30 3
39 31 8
39 32 12
39 33 2
39 34 6
39 35 11
39 36 6
39 37 2
39 38 5
40 0 1
40 1 6
40 2 6
40 3 6
40 4 14
40 5 11
40 6 9
40 7 7
40 8 1
40 9 6
40 10 11
40 11 9
40 12 1
40 13 8
40 14 10
40 15 9
40 16 3
40 17 12
40 18 8
40 19 11
40 20 7
40 21 3
40 22 12
40 23 12
40 24 7
40 25 8
40 26 12
40 27 2
40 28 7
40 29 1
40 30 6
40 31 1
40 32 5
40 33 12
40 34 4
40 35 14
40 36 5
40 37 12
40 38 7
40 39 7
41 0 10
41 1 10
41 2 1
41 3 10
41 4 8
41 5 13
41 6 9
41 7 6
41 8 7
41 9 11
41 10 11
41 11 3
41 12 13
41 13 13
41 14 5
41 15 11
41 16 10
41 17 1
41 18 3
41 19 4
41 20 4
41 21 5
41 22 12
41 23 5
41 24 14
41 25 1
41 26 12
41 27 7
41 28 9
41 29 3
41 30 3
41 31 12
41 32 5
41 33 1
41 34 11
41 35 10
41 36 6
41 37 1
41 38 14
41 39 11
41 40 11
42 0 9
42 1 10
42 2 14
42 3 3
42 4 10
42 5 12
42 6 8
42 7 1
42 8 12
42 9 10
42 10 13
42 11 2
42 12 4
42 13 14
42 14 3
42 15 1
42 16 11
42 17 7
42 18 8
42 19 14
42 20 8
42 21 7
42 22 9
42 23 3
42 24 10
42 25 5
42 26 10
42 27 7
42 28 9
42 29 2
42 30 12
42 31 3
42 32 13
42 33 9
42 34 10
42 35 4
42 36 14
42 37 4
42 38 13
42 39 5
42 40 8
42 41 6
43 0 9
43 1 6
43 2 4
43 3 14
43 4 4
43 5 6
43 6 8
43 7 13
43 8 5
43 9 12
43 10 1
43 11 3
43 12 4
43 13 13
43 14 12
43 15 10
43 16 5
43 17 4
43 18 7
43 19 14
43 20 14
43 21 6
43 22 12
43 23 2
43 24 8
43 25 13
43 26 11
43 27 6
43 28 3
43 29 4
43 30 1
43 31 8
43 32 11
43 33 11
43 34 5
43 35 9
43 36 8
43 37 9
43 38 6
43 39 2
43 40 12
43 41 3
43 42 4
44 0 5
44 1 3
44 2 9
44 3 10
44 4 14
44 5 3
44 6 3
44 7 11
44 8 7
44 9 14
44 10 3
44 11 8
44 12 4
44 13 2
44 14 1
44 15 13
44 16 7
44 17 14
44 18 9
44 19 6
44 20 11
44 21 14
44 22 14
44 23 12
44 24 8
44 25 13
44 26 13
44 27 4
44 28 8
44 29 11
44 30 8
44 31 5
44 32 4
44 33 3
44 34 14
44 35 6
44 36 12
44 37 11
44 38 4
44 39 14
44 40 14
44 41 11
44 42 9
44 43 14
45 0 6
45 1 10
45 2 9
45 3 9
45 4 14
45 5 6
45 6 4
45 7 2
45 8 2
45 9 14
45 10 3
45 11 14
45 12 3
45 13 7
45 14 7
45 15 4
45 16 1
45 17 8
45 18 13
45 19 9
45 20 8
45 21 2
45 22 4
45 23 4
45 24 3
45 25 8
45 26 8
45 27 1
45 28 11
45 29 13
45 30 3
45 31 1
45 32 4
45 33 12
45 34 8
45 35 5
45 36 9
45 37 3
45 38 2
45 39 11
45 40 14
45 41 11
45 42 13
45 43 8
45 44 12
46 0 4
46 1 5
46 2 10
46 3 13
46 4 8
46 5 1
46 6 3
46 7 2
46 8 5
46 9 5
46 10 7
46 11 8
46 12 11
46 13 11
46 14 2
46 15 2
46 16 14
46 17 8
46 18 10
46 19 3
46 20 1
46 21 14
46 22 12
46 23 9
46 24 7
46 25 4
46 26 7
46 27 6
46 28 7
46 29 14
46 30 13
46 31 6
46 32 10
46 33 5
46 34 4
46 35 12
46 36 14
46 37 4
46 38 9
46 39 4
46 40 3
46 41 10
46 42 8
46 43 12
46 44 12
46 45 9
