33
1 0 3
2 0 1
2 1 2
3 0 2
3 1 3
3 2 5
4 0 6
4 1 4
4 2 2
4 3 5
5 0 1
5 1 2
5 2 1
5 3 1
5 4 1
6 0 6
6 1 1
6 2 6
6 3 4
6 4 5
6 5 2
7 0 4
7 1 6
7 2 2
7 3 4
7 4 5
7 5 6
7 6 3
8 0 1
8 1 1
8 2 3
8 3 1
8 4 1
8 5 4
8 6 2
8 7 1
9 0 1
9 1 2
9 2 6
9 3 4
9 4 4
9 5 5
9 6 4
9 7 4
9 8 4
10 0 4
10 1 4
10 2 5
10 3 2
10 4 6
10 5 6
10 6 4
10 7 4
10 8 5
10 9 2
11 0 5
11 1 2
11 2 3
11 3 2
11 4 6
11 5 1
11 6 3
11 7 6
11 8 5
11 9 4
11 10 1
12 0 5
12 1 5
12 2 2
12 3 5
12 4 2
12 5 5
12 6 1
12 7 5
12 8 5
12 9 2
12 10 6
12 11 3
13 0 3
13 1 1
13 2 5
13 3 3
13 4 4
13 5 5
13 6 1
13 7 1
13 8 1
13 9 2
13 10 5
13 11 3
13 12 5
14 0 5
14 1 5
14 2 4
14 3 2
14 4 4
14 5 5
14 6 3
14 7 4
14 8 3
14 9 1
14 10 1
14 11 2
14 12 5
14 13 4
15 0 5
15 1 2
15 2 6
15 3 3
15 4 6
15 5 6
15 6 6
15 7 2
15 8 3
15 9 2
15 10 4
15 11 1
15 12 1
15 13 1
15 14 1
16 0 4
16 1 5
16 2 2
16 3 1
16 4 5
16 5 5
16 6 3
16 7 2
16 8 5
16 9 5
16 10 2
16 11 6
16 12 4
16 13 4
16 14 6
16 15 1
17 0 5
17 1 5
17 2 5
17 3 6
17 4 4
17 5 2
17 6 4
17 7 6
17 8 4
17 9 4
17 10 2
17 11 5
17 12 6
17 13 5
17 14 3
17 15 6
17 16 1
18 0 3
18 1 1
18 2 6
18 3 4
18 4 2
18 5 1
18 6 3
18 7 5
18 8 1
18 9 3
18 10 6
18 11 5
18 12 6
18 13 2
18 14 4
18 15 6
18 16 1
18 17 2
19 0 2
19 1 6
19 2 5
19 3 2
19 4 6
19 5 5
19 6 6
19 7 5
19 8 3
19 9 3
19 10 2
19 11 4
19 12 1
19 13 3
19 14 5
19 15 4
19 16 3
19 17 5
19 18 4
20 0 3
20 1 6
20 2 2
20 3 6
20 4 4
20 5 1
20 6 4
20 7 1
20 8 3
20 9 6
20 10 5
20 11 6
20 12 5
20 13 4
20 14 4
20 15 2
20 16 2
20 17 1
20 18 4
20 19 2
21 0 2
21 1 6
21 2 1
21 3 2
21 4 2
21 5 5
21 6 5
21 7 1
21 8 6
21 9 6
21 10 6
21 11 5
21 12 6
21 13 3
21 14 4
21 15 2
21 16 6
21 17 6
21 18 3
21 19 5
21 20 1
22 0 2
22 1 2
22 2 5
22 3 6
22 4 3
22 5 5
22 6 5
22 7 3
22 8 1
22 9 3
22 10 3
22 11 1
22 12 4
22 13 1
22 14 2
22 15 5
22 16 6
22 17 5
22 18 6
22 19 4
22 20 3
22 21 4
23 0 4
23 1 3
23 2 4
23 3 4
23 4 2
23 5 1
23 6 2
23 7 2
23 8 5
23 9 6
23 10 1
23 11 4
23 12 2
23 13 6
23 14 6
23 15 1
23 16 3
23 17 4
23 18 3
23 19 2
23 20 2
23 21 4
23 22 2
24 0 1
24 1 4
24 2 6
24 3 6
24 4 2
24 5 1
24 6 5
24 7 1
24 8 4
24 9 1
24 10 1
24 11 5
24 12 4
24 13 3
24 14 2
24 15 4
24 16 5
24 17 5
24 18 4
24 19 5
24 20 2
24 21 3
24 22 2
24 23 4
25 0 4
25 1 2
25 2 6
25 3 4
25 4 4
25 5 6
25 6 2
25 7 4
25 8 1
25 9 4
25 10 2
25 11 2
25 12 5
25 13 5
25 14 1
25 15 5
25 16 5
25 17 5
25 18 6
25 19 6
25 20 3
25 21 6
25 22 6
25 23 4
25 24 4
26 0 6
26 1 2
26 2 2
26 3 1
26 4 2
26 5 4
26 6 4
26 7 4
26 8 6
26 9 2
26 10 6
26 11 2
26 12 2
26 13 6
26 14 3
26 15 1
26 16 2
26 17 1
26 18 1
26 19 5
26 20 1
26 21 5
26 22 3
26 23 2
26 24 1
26 25 4
27 0 3
27 1 1
27 2 1
27 3 4
27 4 5
27 5 4
27 6 6
27 7 3
27 8 6
27 9 2
27 10 3
27 11 1
27 12 6
27 13 1
27 14 4
27 15 4
27 16 3
27 17 1
27 18 5
27 19 3
27 20 4
27 21 5
27 22 5
27 23 1
27 24 2
27 25 6
27 26 5
28 0 4
28 1 2
28 2 1
28 3 5
28 4 1
28 5 3
28 6 4
28 7 5
28 8 6
28 9 6
28 10 3
28 11 5
28 12 3
28 13 1
28 14 3
28 15 4
28 16 3
28 17 3
28 18 1
28 19 4
28 20 2
28 21 3
28 22 1
28 23 4
28 24 4
28 25 2
28 26 5
28 27 2
29 0 5
29 1 5
29 2 4
29 3 5
29 4 3
29 5 6
29 6 5
29 7 2
29 8 3
29 9 4
29 10 6
29 11 6
29 12 2
29 13 2
29 14 2
29 15 6
29 16 3
29 17 5
29 18 4
29 19 6
29 20 2
29 21 6
29 22 5
29 23 5
29 24 1
29 25 2
29 26 6
29 27 1
29 28 6
30 0 1
30 1 3
30 2 3
30 3 5
30 4 3
30 5 2
30 6 2
30 7 2
30 8 4
30 9 2
30 10 5
30 11 2
30 12 1
30 13 1
30 14 1
30 15 6
30 16 4
30 17 6
30 18 4
30 19 6
30 20 2
30 21 2
30 22 6
30 23 3
30 24 6
30 25 6
30 26 6
30 27 5
30 28 4
30 29 3
31 0 4
31 1 5
31 2 6
31 3 2
31 4 4
31 5 1
31 6 5
31 7 4
31 8 2
31 9 3
31 10 5
31 11 2
31 12 6
31 13 6
31 14 1
31 15 2
31 16 6
31 17 5
31 18 2
31 19 6
31 20 1
31 21 6
31 22 3
31 23 1
31 24 4
31 25 4
31 26 2
31 27 5
31 28 5
31 29 5
31 30 6
32 0 5
32 1 1
32 2 6
32 3 6
32 4 2
32 5 6
32 6 4
32 7 4
32 8 3
32 9 5
32 10 1
32 11 3
32 12 2
32 13 3
32 14 3
32 15 3
32 16 1
32 17 6
32 18 6
32 19 6
32 20 4
32 21 5
32 22 6
32 23 4
32 24 1
32 25 2
32 26 2
32 27 2
32 28 4
32 29 1
32 30 6
32 31 4
