19
1 0 27
2 0 6
2 1 14
3 0 3
3 1 23
3 2 25
4 0 17
4 1 35
4 2 10
4 3 25
5 0 29
5 1 10
5 2 27
5 3 36
5 4 28
6 0 17
6 1 36
6 2 4
6 3 35
6 4 26
6 5 29
7 0 19
7 1 16
7 2 17
7 3 6
7 4 14
7 5 6
7 6 7
8 0 29
8 1 21
8 2 11
8 3 34
8 4 5
8 5 22
8 6 3
8 7 30
9 0 3
9 1 34
9 2 18
9 3 6
9 4 21
9 5 8
9 6 31
9 7 5
9 8 28
10 0 28
10 1 14
10 2 17
10 3 22
10 4 16
10 5 32
10 6 29
10 7 14
10 8 13
10 9 17
11 0 14
11 1 24
11 2 21
11 3 33
11 4 36
11 5 24
11 6 13
11 7 29
11 8 7
11 9 18
11 10 16
12 0 1
12 1 16
12 2 16
12 3 6
12 4 24
12 5 21
12 6 7
12 7 24
12 8 34
12 9 33
12 10 35
12 11 24
13 0 18
13 1 9
13 2 29
13 3 36
13 4 1
13 5 24
13 6 6
13 7 3
13 8 10
13 9 4
13 10 10
13 11 29
13 12 29
14 0 5
14 1 8
14 2 6
14 3 5
14 4 26
14 5 2
14 6 12
14 7 2
14 8 24
14 9 13
14 10 23
14 11 8
14 12 11
14 13 34
15 0 5
15 1 16
15 2 13
15 3 28
15 4 34
15 5 3
15 6 31
15 7 13
15 8 17
15 9 28
15 10 5
15 11 26
15 12 5
15 13 2
15 14 34
16 0 8
16 1 21
16 2 27
16 3 34
16 4 32
16 5 36
16 6 13
16 7 21
16 8 10
16 9 6
16 10 16
16 11 33
16 12 33
16 13 23
16 14 5
16 15 30
17 0 18
17 1 29
17 2 1
17 3 30
17 4 4
17 5 4
17 6 4
17 7 10
17 8 18
17 9 9
17 10 18
17 11 24
17 12 8
17 13 14
17 14 9
17 15 22
17 16 30
18 0 31
18 1 17
18 2 10
18 3 26
18 4 20
18 5 5
18 6 25
18 7 8
18 8 2
18 9 2
18 10 3
18 11 35
18 12 12
18 13 8
18 14 35
18 15 30
18 16 23
18 17 31
