34
1 0 29
2 0 40
2 1 38
3 0 23
3 1 36
3 2 33
4 0 39
4 1 41
4 2 47
4 3 30
5 0 8
5 1 10
5 2 47
5 3 17
5 4 10
6 0 36
6 1 42
6 2 11
6 3 1
6 4 13
6 5 47
7 0 43
7 1 4
7 2 28
7 3 1
7 4 22
7 5 47
7 6 30
8 0 14
8 1 16
8 2 7
8 3 35
8 4 16
8 5 12
8 6 44
8 7 18
9 0 8
9 1 13
9 2 38
9 3 26
9 4 8
9 5 26
9 6 3
9 7 33
9 8 4
10 0 26
10 1 21
10 2 34
10 3 34
10 4 25
10 5 39
10 6 25
10 7 24
10 8 33
10 9 23
11 0 6
11 1 37
11 2 29
11 3 41
11 4 2
11 5 21
11 6 10
11 7 41
11 8 8
11 9 29
11 10 44
12 0 34
12 1 31
12 2 9
12 3 30
12 4 24
12 5 27
12 6 18
12 7 21
12 8 23
12 9 41
12 10 45
12 11 25
13 0 45
13 1 26
13 2 22
13 3 25
13 4 14
13 5 42
13 6 34
13 7 11
13 8 12
13 9 25
13 10 22
13 11 20
13 12 43
14 0 30
14 1 38
14 2 23
14 3 38
14 4 13
14 5 4
14 6 37
14 7 41
14 8 43
14 9 39
14 10 40
14 11 24
14 12 24
14 13 28
15 0 17
15 1 42
15 2 41
15 3 13
15 4 47
15 5 3
15 6 46
15 7 16
15 8 38
15 9 38
15 10 23
15 11 20
15 12 35
15 13 7
15 14 40
16 0 32
16 1 19
16 2 38
16 3 22
16 4 8
16 5 6
16 6 11
16 7 43
16 8 4
16 9 4
16 10 5
16 11 10
16 12 37
16 13 46
16 14 46
16 15 35
17 0 27
17 1 16
17 2 45
17 3 3
17 4 41
17 5 34
17 6 13
17 7 38
17 8 17
17 9 16
17 10 10
17 11 30
17 12 6
17 13 31
17 14 45
17 15 29
17 16 39
18 0 5
18 1 47
18 2 30
18 3 17
18 4 13
18 5 11
18 6 35
18 7 36
18 8 33
18 9 7
18 10 23
18 11 14
18 12 17
18 13 26
18 14 37
18 15 37
18 16 28
18 17 30
19 0 26
19 1 29
19 2 43
19 3 17
19 4 19
19 5 9
19 6 2
19 7 38
19 8 12
19 9 38
19 10 42
19 11 18
19 12 10
19 13 43
19 14 28
19 15 28
19 16 29
19 17 11
19 18 38
20 0 21
20 1 29
20 2 37
20 3 31
20 4 27
20 5 44
20 6 4
20 7 7
20 8 10
20 9 34
20 10 13
20 11 4
20 12 43
20 13 27
20 14 15
20 15 31
20 16 10
20 17 2
20 18 3
20 19 4
21 0 10
21 1 7
21 2 42
21 3 18
21 4 45
21 5 14
21 6 21
21 7 38
21 8 14
21 9 35
21 10 27
21 11 29
21 12 9
21 13 4
21 14 19
21 15 18
21 16 39
21 17 19
21 18 10
21 19 30
21 20 11
22 0 30
22 1 25
22 2 41
22 3 42
22 4 42
22 5 33
22 6 14
22 7 32
22 8 13
22 9 33
22 10 17
22 11 16
22 12 27
22 13 6
22 14 19
22 15 44
22 16 8
22 17 21
22 18 46
22 19 11
22 20 25
22 21 45
23 0 5
23 1 6
23 2 31
23 3 13
23 4 14
23 5 47
23 6 40
23 7 6
23 8 33
23 9 5
23 10 45
23 11 25
23 12 23
23 13 25
23 14 9
23 15 8
23 16 39
23 17 26
23 18 22
23 19 8
23 20 39
23 21 11
23 22 26
24 0 25
24 1 3
24 2 10
24 3 12
24 4 13
24 5 3
24 6 46
24 7 9
24 8 31
24 9 24
24 10 18
24 11 13
24 12 19
24 13 3
24 14 36
24 15 33
24 16 17
24 17 10
24 18 18
24 19 44
24 20 23
24 21 17
24 22 30
24 23 23
25 0 40
25 1 19
25 2 20
25 3 3
25 4 39
25 5 47
25 6 46
25 7 14
25 8 10
25 9 28
25 10 11
25 11 22
25 12 24
25 13 5
25 14 14
25 15 44
25 16 29
25 17 19
25 18 13
25 19 37
25 20 45
25 21 4
25 22 19
25 23 13
25 24 29
26 0 19
26 1 31
26 2 46
26 3 40
26 4 13
26 5 36
26 6 27
26 7 20
26 8 28
26 9 31
26 10 4
26 11 11
26 12 12
26 13 30
26 14 27
26 15 19
26 16 38
26 17 45
26 18 28
26 19 45
26 20 33
26 21 11
26 22 19
26 23 13
26 24 2
26 25 17
27 0 12
27 1 17
27 2 41
27 3 23
27 4 11
27 5 28
27 6 16
27 7 17
27 8 5
27 9 11
27 10 34
27 11 6
27 12 15
27 13 5
27 14 42
27 15 9
27 16 22
27 17 2
27 18 15
27 19 9
27 20 9
27 21 12
27 22 28
27 23 29
27 24 36
27 25 21
27 26 15
28 0 43
28 1 8
28 2 23
28 3 34
28 4 12
28 5 16
28 6 46
28 7 22
28 8 2
28 9 41
28 10 41
28 11 11
28 12 39
28 13 18
28 14 10
28 15 13
28 16 22
28 17 12
28 18 21
28 19 4
28 20 26
28 21 26
28 22 44
28 23 31
28 24 15
28 25 18
28 26 37
28 27 8
29 0 35
29 1 36
29 2 39
29 3 36
29 4 20
29 5 46
29 6 25
29 7 15
29 8 29
29 9 41
29 10 11
29 11 39
29 12 12
29 13 31
29 14 43
29 15 45
29 16 2
29 17 11
29 18 16
29 19 4
29 20 47
29 21 36
29 22 14
29 23 32
29 24 32
29 25 18
29 26 21
29 27 41
29 28 21
30 0 7
30 1 38
30 2 27
30 3 3
30 4 26
30 5 38
30 6 30
30 7 39
30 8 13
30 9 40
30 10 27
30 11 43
30 12 2
30 13 16
30 14 13
30 15 20
30 16 25
30 17 40
30 18 16
30 19 30
30 20 44
30 21 45
30 22 11
30 23 14
30 24 34
30 25 35
30 26 12
30 27 43
30 28 12
30 29 47
31 0 2
31 1 26
31 2 35
31 3 37
31 4 4
31 5 16
31 6 26
31 7 43
31 8 28
31 9 44
31 10 29
31 11 4
31 12 27
31 13 24
31 14 47
31 15 14
31 16 39
31 17 46
31 18 18
31 19 21
31 20 32
31 21 38
31 22 45
31 23 11
31 24 6
31 25 9
31 26 31
31 27 44
31 28 47
31 29 37
31 30 46
32 0 30
32 1 12
32 2 6
32 3 3
32 4 36
32 5 29
32 6 18
32 7 7
32 8 15
32 9 43
32 10 16
32 11 45
32 12 44
32 13 4
32 14 19
32 15 6
32 16 38
32 17 32
32 18 10
32 19 20
32 20 2
32 21 3
32 22 6
32 23 21
32 24 42
32 25 45
32 26 34
32 27 18
32 28 5
32 29 43
32 30 3
32 31 17
33 0 7
33 1 45
33 2 4
33 3 46
33 4 17
33 5 2
33 6 40
33 7 3
33 8 40
33 9 36
33 10 11
33 11 11
33 12 2
33 13 2
33 14 14
33 15 24
33 16 5
33 17 29
33 18 15
33 19 28
33 20 19
33 21 39
33 22 27
33 23 25
33 24 14
33 25 1
33 26 47
33 27 10
33 28 15
33 29 21
33 30 25
33 31 28
33 32 36
