20
2 0 4
3 1 33
4 1 9
4 2 35
5 2 11
5 3 20
6 3 41
7 0 42
7 2 53
7 3 39
7 4 41
7 6 38
8 1 54
8 2 35
8 4 19
8 6 47
8 7 15
9 3 13
9 5 54
9 6 30
9 8 47
10 0 51
10 4 55
10 7 28
10 8 22
10 9 35
11 0 22
11 1 32
11 3 46
11 4 3
11 6 23
11 9 35
11 10 36
12 0 19
12 3 9
12 5 42
12 6 41
12 7 29
12 8 1
12 9 36
12 10 45
12 11 50
13 5 42
13 9 1
13 10 17
13 11 4
14 0 14
14 1 38
14 5 39
14 6 4
14 7 50
14 8 33
14 10 3
14 13 22
15 2 11
15 4 13
15 6 48
15 7 21
15 8 18
15 9 32
15 10 23
15 11 10
15 13 19
15 14 15
16 2 12
16 3 25
16 4 38
16 6 46
16 8 50
16 10 14
16 11 22
16 14 12
16 15 29
17 2 29
17 5 7
17 7 20
17 8 30
17 10 55
17 12 3
17 13 25
17 14 11
18 0 4
18 1 55
18 2 26
18 3 27
18 4 20
18 5 50
18 9 2
18 11 7
18 14 26
18 15 48
19 0 50
19 1 27
19 4 50
19 5 2
19 6 32
19 8 27
19 9 52
19 11 2
19 13 44
19 15 8
19 16 5
19 17 19
