42
1 0 1
2 0 13
2 1 1
3 0 1
3 1 13
3 2 4
4 0 1
4 1 6
4 2 23
4 3 23
5 0 3
5 1 20
5 2 17
5 3 9
5 4 4
6 0 13
6 1 4
6 2 14
6 3 4
6 4 19
6 5 15
7 0 1
7 1 20
7 2 4
7 3 10
7 4 10
7 5 13
7 6 3
8 0 15
8 1 8
8 2 19
8 3 14
8 4 21
8 5 13
8 6 10
8 7 5
9 0 13
9 1 6
9 2 4
9 3 2
9 4 11
9 5 6
9 6 18
9 7 2
9 8 15
10 0 10
10 1 13
10 2 16
10 3 14
10 4 5
10 5 8
10 6 1
10 7 21
10 8 20
10 9 8
11 0 11
11 1 22
11 2 4
11 3 23
11 4 20
11 5 20
11 6 13
11 7 11
11 8 2
11 9 13
11 10 13
12 0 15
12 1 1
12 2 14
12 3 2
12 4 17
12 5 13
12 6 19
12 7 9
12 8 20
12 9 14
12 10 5
12 11 5
13 0 17
13 1 12
13 2 19
13 3 8
13 4 1
13 5 3
13 6 18
13 7 10
13 8 1
13 9 21
13 10 10
13 11 2
13 12 23
14 0 1
14 1 9
14 2 7
14 3 5
14 4 2
14 5 4
14 6 16
14 7 9
14 8 7
14 9 22
14 10 19
14 11 22
14 12 4
14 13 10
15 0 8
15 1 18
15 2 10
15 3 1
15 4 19
15 5 4
15 6 21
15 7 13
15 8 3
15 9 17
15 10 15
15 11 7
15 12 7
15 13 1
15 14 6
16 0 8
16 1 3
16 2 5
16 3 15
16 4 7
16 5 6
16 6 6
16 7 9
16 8 12
16 9 14
16 10 7
16 11 9
16 12 9
16 13 10
16 14 21
16 15 11
17 0 6
17 1 14
17 2 4
17 3 10
17 4 12
17 5 17
17 6 21
17 7 16
17 8 2
17 9 5
17 10 23
17 11 12
17 12 21
17 13 20
17 14 16
17 15 3
17 16 15
18 0 18
18 1 19
18 2 5
18 3 8
18 4 18
18 5 18
18 6 5
18 7 18
18 8 13
18 9 19
18 10 11
18 11 21
18 12 22
18 13 13
18 14 10
18 15 15
18 16 6
18 17 12
19 0 17
19 1 19
19 2 3
19 3 13
19 4 19
19 5 22
19 6 1
19 7 19
19 8 2
19 9 2
19 10 21
19 11 14
19 12 6
19 13 11
19 14 10
19 15 12
19 16 6
19 17 23
19 18 20
20 0 22
20 1 16
20 2 7
20 3 19
20 4 23
20 5 21
20 6 11
20 7 21
20 8 5
20 9 16
20 10 23
20 11 14
20 12 6
20 13 20
20 14 13
20 15 23
20 16 22
20 17 22
20 18 18
20 19 7
21 0 21
21 1 14
21 2 7
21 3 17
21 4 5
21 5 13
21 6 20
21 7 18
21 8 22
21 9 4
21 10 23
21 11 18
21 12 9
21 13 3
21 14 9
21 15 20
21 16 2
21 17 13
21 18 22
21 19 10
21 20 15
22 0 22
22 1 13
22 2 5
22 3 4
22 4 2
22 5 13
22 6 18
22 7 18
22 8 7
22 9 21
22 10 21
22 11 21
22 12 5
22 13 14
22 14 8
22 15 16
22 16 15
22 17 19
22 18 19
22 19 19
22 20 20
22 21 3
23 0 1
23 1 4
23 2 3
23 3 23
23 4 18
23 5 14
23 6 21
23 7 15
23 8 12
23 9 15
23 10 2
23 11 8
23 12 5
23 13 10
23 14 16
23 15 15
23 16 8
23 17 15
23 18 7
23 19 9
23 20 13
23 21 19
23 22 14
24 0 14
24 1 22
24 2 15
24 3 1
24 4 17
24 5 10
24 6 11
24 7 23
24 8 6
24 9 20
24 10 14
24 11 4
24 12 16
24 13 11
24 14 21
24 15 11
24 16 6
24 17 13
24 18 21
24 19 10
24 20 17
24 21 16
24 22 7
24 23 10
25 0 11
25 1 6
25 2 17
25 3 16
25 4 17
25 5 21
25 6 23
25 7 22
25 8 2
25 9 1
25 10 23
25 11 7
25 12 11
25 13 11
25 14 19
25 15 1
25 16 17
25 17 10
25 18 20
25 19 15
25 20 5
25 21 19
25 22 22
25 23 23
25 24 16
26 0 7
26 1 16
26 2 5
26 3 9
26 4 19
26 5 21
26 6 11
26 7 5
26 8 7
26 9 11
26 10 20
26 11 11
26 12 19
26 13 19
26 14 10
26 15 20
26 16 18
26 17 15
26 18 15
26 19 22
26 20 2
26 21 20
26 22 17
26 23 14
26 24 3
26 25 21
27 0 4
27 1 10
27 2 5
27 3 6
27 4 18
27 5 15
27 6 9
27 7 19
27 8 19
27 9 22
27 10 8
27 11 2
27 12 21
27 13 12
27 14 14
27 15 11
27 16 1
27 17 4
27 18 16
27 19 13
27 20 8
27 21 14
27 22 7
27 23 10
27 24 18
27 25 22
27 26 23
28 0 20
28 1 8
28 2 22
28 3 19
28 4 5
28 5 22
28 6 3
28 7 16
28 8 13
28 9 2
28 10 14
28 11 11
28 12 5
28 13 19
28 14 21
28 15 15
28 16 22
28 17 23
28 18 2
28 19 20
28 20 7
28 21 16
28 22 3
28 23 17
28 24 3
28 25 12
28 26 12
28 27 22
29 0 16
29 1 15
29 2 2
29 3 21
29 4 17
29 5 23
29 6 2
29 7 4
29 8 12
29 9 2
29 10 12
29 11 4
29 12 15
29 13 3
29 14 12
29 15 14
29 16 19
29 17 13
29 18 6
29 19 3
29 20 1
29 21 11
29 22 12
29 23 17
29 24 3
29 25 18
29 26 5
29 27 5
29 28 19
30 0 12
30 1 5
30 2 10
30 3 3
30 4 7
30 5 5
30 6 13
30 7 3
30 8 19
30 9 21
30 10 22
30 11 16
30 12 15
30 13 11
30 14 20
30 15 23
30 16 14
30 17 13
30 18 11
30 19 11
30 20 9
30 21 9
30 22 12
30 23 18
30 24 18
30 25 6
30 26 3
30 27 14
30 28 23
30 29 13
31 0 17
31 1 4
31 2 23
31 3 10
31 4 11
31 5 17
31 6 12
31 7 16
31 8 4
31 9 22
31 10 7
31 11 3
31 12 4
31 13 10
31 14 7
31 15 20
31 16 10
31 17 18
31 18 20
31 19 22
31 20 14
31 21 9
31 22 15
31 23 19
31 24 3
31 25 8
31 26 6
31 27 1
31 28 8
31 29 17
31 30 2
32 0 7
32 1 16
32 2 13
32 3 19
32 4 19
32 5 14
32 6 8
32 7 19
32 8 16
32 9 16
32 10 9
32 11 14
32 12 17
32 13 13
32 14 3
32 15 4
32 16 15
32 17 9
32 18 12
32 19 6
32 20 18
32 21 19
32 22 5
32 23 9
32 24 23
32 25 3
32 26 13
32 27 15
32 28 1
32 29 13
32 30 11
32 31 1
33 0 13
33 1 5
33 2 7
33 3 14
33 4 18
33 5 20
33 6 13
33 7 20
33 8 7
33 9 2
33 10 14
33 11 19
33 12 20
33 13 17
33 14 12
33 15 12
33 16 11
33 17 5
33 18 20
33 19 7
33 20 16
33 21 8
33 22 16
33 23 9
33 24 1
33 25 17
33 26 11
33 27 6
33 28 9
33 29 21
33 30 13
33 31 13
33 32 1
34 0 18
34 1 3
34 2 16
34 3 4
34 4 20
34 5 12
34 6 20
34 7 4
34 8 12
34 9 8
34 10 4
34 11 14
34 12 12
34 13 14
34 14 16
34 15 13
34 16 20
34 17 8
34 18 4
34 19 18
34 20 5
34 21 13
34 22 8
34 23 14
34 24 16
34 25 11
34 26 3
34 27 1
34 28 22
34 29 10
34 30 3
34 31 21
34 32 7
34 33 4
35 0 16
35 1 4
35 2 2
35 3 13
35 4 13
35 5 9
35 6 19
35 7 23
35 8 11
35 9 18
35 10 4
35 11 8
35 12 15
35 13 10
35 14 18
35 15 8
35 16 15
35 17 3
35 18 12
35 19 2
35 20 12
35 21 13
35 22 11
35 23 13
35 24 11
35 25 14
35 26 16
35 27 18
35 28 10
35 29 12
35 30 11
35 31 13
35 32 15
35 33 22
35 34 5
36 0 5
36 1 18
36 2 1
36 3 12
36 4 5
36 5 6
36 6 16
36 7 16
36 8 11
36 9 5
36 10 17
36 11 11
36 12 13
36 13 19
36 14 23
36 15 13
36 16 2
36 17 14
36 18 20
36 19 9
36 20 16
36 21 1
36 22 2
36 23 6
36 24 14
36 25 14
36 26 4
36 27 2
36 28 9
36 29 7
36 30 15
36 31 9
36 32 19
36 33 13
36 34 8
36 35 10
37 0 18
37 1 1
37 2 21
37 3 4
37 4 8
37 5 2
37 6 22
37 7 13
37 8 2
37 9 22
37 10 6
37 11 10
37 12 14
37 13 7
37 14 5
37 15 3
37 16 2
37 17 1
37 18 13
37 19 17
37 20 16
37 21 12
37 22 23
37 23 3
37 24 9
37 25 9
37 26 19
37 27 12
37 28 7
37 29 12
37 30 1
37 31 16
37 32 4
37 33 17
37 34 3
37 35 21
37 36 12
38 0 13
38 1 6
38 2 2
38 3 1
38 4 2
38 5 6
38 6 20
38 7 17
38 8 10
38 9 23
38 10 20
38 11 9
38 12 20
38 13 5
38 14 18
38 15 16
38 16 22
38 17 16
38 18 8
38 19 18
38 20 23
38 21 13
38 22 12
38 23 2
38 24 3
38 25 13
38 26 3
38 27 16
38 28 21
38 29 20
38 30 23
38 31 17
38 32 9
38 33 6
38 34 23
38 35 8
38 36 3
38 37 16
39 0 1
39 1 9
39 2 9
39 3 22
39 4 16
39 5 3
39 6 22
39 7 20
39 8 18
39 9 14
39 10 3
39 11 6
39 12 8
39 13 21
39 14 17
39 15 3
39 16 14
39 17 16
39 18 19
39 19 10
39 20 13
39 21 22
39 22 20
39 23 6
39 24 4
39 25 15
39 26 9
39 27 19
39 28 2
39 29 13
39 30 5
39 31 8
39 32 7
39 33 23
39 34 3
39 35 23
39 36 17
39 37 16
39 38 11
40 0 21
40 1 4
40 2 20
40 3 15
40 4 18
40 5 20
40 6 5
40 7 1
40 8 17
40 9 14
40 10 18
40 11 14
40 12 8
40 13 22
40 14 18
40 15 7
40 16 18
40 17 11
40 18 13
40 19 11
40 20 16
40 21 16
40 22 15
40 23 23
40 24 18
40 25 23
40 26 10
40 27 20
40 28 1
40 29 10
40 30 3
40 31 7
40 32 21
40 33 12
40 34 21
40 35 4
40 36 6
40 37 3
40 38 21
40 39 13
41 0 7
41 1 4
41 2 13
41 3 23
41 4 19
41 5 22
41 6 2
41 7 3
41 8 4
41 9 9
41 10 4
41 11 3
41 12 14
41 13 12
41 14 18
41 15 20
41 16 6
41 17 5
41 18 16
41 19 21
41 20 14
41 21 2
41 22 17
41 23 8
41 24 16
41 25 5
41 26 22
41 27 7
41 28 9
41 29 4
41 30 17
41 31 7
41 32 8
41 33 4
41 34 22
41 35 14
41 36 1
41 37 22
41 38 9
41 39 4
41 40 4
