66
1 0 12
2 0 41
2 1 1
3 0 51
3 2 25
4 0 19
4 1 35
5 1 8
5 2 41
6 0 24
6 2 41
6 4 8
7 0 33
7 1 38
7 5 54
8 1 31
8 2 18
8 4 54
9 0 30
9 2 36
9 7 21
9 8 37
10 0 15
10 4 11
10 7 57
10 8 45
11 2 50
11 4 30
11 5 41
11 7 22
11 10 43
12 3 38
12 5 13
12 6 24
12 7 35
12 9 25
12 10 10
12 11 28
13 0 2
13 1 23
13 4 56
13 5 10
13 6 5
13 7 45
13 8 35
13 9 35
13 10 39
14 0 37
14 1 46
14 2 15
14 3 58
14 4 17
14 5 26
14 7 19
14 8 40
14 11 45
14 12 41
15 0 16
15 1 27
15 5 44
15 6 16
15 7 56
15 10 13
15 11 54
15 12 41
16 1 9
16 2 56
16 4 13
16 7 15
16 10 53
16 11 48
16 13 24
17 1 10
17 3 45
17 4 31
17 8 33
17 9 32
17 12 54
17 14 18
17 15 21
17 16 4
18 0 7
18 3 40
18 4 4
18 6 46
18 7 24
18 8 9
18 9 17
18 11 30
18 13 56
18 17 33
19 1 22
19 3 42
19 6 3
19 7 58
19 9 44
19 10 17
19 11 32
19 12 21
19 15 23
19 17 54
20 2 13
20 6 26
20 8 57
20 9 37
20 12 8
20 18 30
20 19 6
21 0 24
21 1 36
21 3 11
21 4 3
21 7 28
21 8 52
21 11 6
21 12 51
21 14 50
21 15 14
21 16 5
22 0 9
22 1 35
22 2 25
22 4 36
22 5 57
22 7 57
22 9 5
22 11 35
22 12 6
22 13 16
22 14 55
22 15 5
22 18 16
22 21 5
23 0 13
23 1 25
23 2 48
23 3 33
23 5 17
23 7 6
23 8 56
23 10 54
23 11 35
23 12 34
23 13 59
23 17 55
23 19 26
23 20 45
23 21 39
23 22 59
24 2 35
24 3 31
24 4 35
24 5 4
24 8 30
24 11 50
24 13 11
24 16 17
24 19 46
24 21 8
24 22 9
24 23 12
25 4 49
25 5 22
25 6 59
25 7 50
25 8 47
25 9 40
25 12 35
25 15 31
25 18 36
25 19 45
26 2 20
26 4 43
26 6 7
26 7 49
26 8 8
26 10 4
26 11 16
26 12 19
26 14 1
26 16 13
26 17 50
26 19 16
26 20 1
26 22 8
26 23 46
26 24 59
27 2 34
27 3 36
27 4 16
27 5 32
27 6 14
27 7 36
27 10 37
27 12 31
27 13 55
27 16 46
27 20 5
27 21 49
27 24 45
28 0 47
28 2 57
28 3 49
28 4 52
28 5 24
28 7 57
28 8 22
28 9 53
28 12 58
28 13 39
28 17 25
28 18 17
28 23 11
28 24 52
28 27 7
29 2 37
29 3 1
29 4 58
29 13 21
29 14 26
29 17 33
29 18 41
29 22 15
29 23 22
29 25 49
29 26 59
30 0 42
30 2 5
30 3 33
30 4 15
30 5 47
30 6 25
30 8 35
30 10 15
30 11 12
30 15 33
30 16 44
30 21 38
30 22 15
30 23 14
30 28 20
31 0 17
31 1 33
31 2 17
31 5 34
31 7 53
31 8 51
31 9 57
31 14 53
31 28 26
31 29 28
31 30 43
32 1 30
32 4 58
32 7 17
32 8 23
32 11 18
32 12 48
32 13 47
32 14 38
32 15 21
32 16 29
32 17 5
32 18 55
32 19 56
32 20 59
32 21 56
32 22 44
32 24 9
32 28 26
33 2 54
33 10 31
33 12 16
33 19 33
33 25 25
33 26 23
33 28 53
33 30 14
33 32 55
34 0 14
34 1 44
34 3 18
34 5 29
34 10 57
34 12 15
34 13 41
34 15 38
34 16 23
34 25 16
34 27 32
34 28 11
34 29 55
34 30 30
34 31 16
34 33 21
35 0 2
35 4 27
35 8 10
35 10 53
35 16 47
35 17 18
35 18 21
35 21 14
35 24 6
35 26 15
35 28 21
35 29 18
35 32 26
35 33 5
36 1 57
36 4 21
36 8 49
36 9 28
36 10 48
36 13 4
36 17 17
36 18 18
36 20 22
36 22 7
36 27 15
36 28 41
36 29 23
36 30 46
36 31 18
36 35 30
37 0 14
37 3 6
37 8 22
37 12 40
37 13 30
37 16 35
37 18 25
37 19 39
37 20 59
37 21 34
37 22 31
37 24 41
37 26 29
37 28 1
37 29 32
37 30 38
37 34 43
38 2 36
38 4 7
38 5 45
38 6 1
38 9 37
38 11 31
38 12 55
38 15 37
38 16 15
38 19 41
38 20 11
38 25 34
38 27 37
38 33 35
38 34 39
38 35 10
38 37 54
39 4 10
39 6 41
39 12 51
39 13 14
39 14 50
39 15 28
39 17 43
39 19 52
39 20 30
39 23 8
39 26 33
39 30 46
39 34 42
39 35 46
40 2 42
40 3 52
40 8 24
40 11 49
40 12 13
40 13 51
40 17 42
40 18 25
40 19 34
40 20 51
40 23 34
40 25 39
40 27 11
40 29 47
40 30 20
40 32 55
40 34 41
40 35 56
40 37 34
40 38 6
41 1 11
41 3 50
41 4 14
41 5 6
41 6 48
41 7 9
41 8 29
41 11 48
41 12 51
41 15 48
41 18 4
41 20 28
41 21 9
41 23 26
41 24 58
41 25 29
41 27 36
41 29 8
41 30 18
41 31 45
41 32 58
41 33 8
41 34 21
41 35 37
41 36 10
41 37 24
41 38 11
41 40 13
42 0 20
42 1 6
42 2 2
42 3 29
42 4 8
42 5 41
42 6 41
42 7 57
42 9 21
42 10 57
42 13 7
42 15 43
42 16 59
42 18 46
42 20 41
42 21 52
42 23 28
42 24 53
42 29 27
42 30 50
42 31 34
42 32 19
42 36 40
42 37 37
42 38 8
43 0 53
43 1 12
43 2 52
43 6 48
43 11 41
43 13 37
43 14 47
43 16 46
43 20 16
43 23 30
43 24 50
43 30 25
43 32 57
43 33 26
43 34 19
43 36 20
43 37 40
43 38 15
43 39 41
43 42 51
44 0 27
44 2 48
44 3 52
44 4 58
44 6 46
44 7 41
44 8 27
44 9 25
44 10 2
44 11 23
44 13 25
44 15 34
44 17 5
44 18 41
44 19 10
44 20 48
44 29 48
44 30 27
44 32 57
44 37 10
44 39 16
44 40 15
44 42 18
44 43 17
45 5 36
45 9 26
45 10 55
45 13 26
45 17 36
45 21 29
45 26 58
45 28 24
45 29 33
45 30 50
45 32 35
45 34 57
45 36 52
45 37 46
45 39 54
45 40 49
45 41 32
45 42 8
46 1 51
46 2 47
46 3 27
46 4 41
46 5 24
46 7 57
46 8 22
46 13 7
46 15 9
46 18 46
46 19 3
46 20 49
46 26 23
46 27 53
46 29 58
46 31 59
46 32 32
46 35 20
46 36 28
46 37 10
46 38 48
46 39 12
47 1 49
47 3 42
47 8 23
47 9 57
47 12 1
47 13 58
47 14 30
47 18 20
47 19 35
47 21 44
47 22 50
47 23 39
47 25 2
47 28 25
47 29 56
47 30 42
47 37 32
47 38 3
47 39 30
47 40 29
47 41 32
47 42 2
47 46 48
48 1 33
48 8 31
48 11 39
48 12 6
48 16 37
48 17 23
48 19 37
48 23 55
48 24 39
48 25 53
48 26 39
48 28 11
48 32 33
48 34 49
48 35 35
48 37 26
48 42 36
48 45 54
48 47 12
49 0 4
49 3 17
49 4 41
49 7 38
49 8 48
49 9 51
49 10 26
49 11 38
49 12 17
49 20 2
49 24 55
49 27 57
49 29 12
49 30 25
49 31 8
49 35 37
49 41 31
49 43 45
49 44 7
49 46 50
50 1 6
50 3 14
50 4 22
50 6 21
50 17 44
50 23 33
50 27 30
50 31 37
50 32 50
50 34 7
50 37 17
50 38 20
50 40 36
50 43 33
50 44 43
50 45 43
50 46 42
50 47 51
50 49 8
51 1 51
51 2 57
51 3 13
51 4 9
51 6 32
51 7 45
51 8 58
51 11 32
51 12 11
51 13 13
51 20 37
51 22 12
51 23 55
51 24 29
51 25 41
51 27 31
51 28 34
51 31 7
51 32 34
51 34 28
51 36 15
51 38 57
51 39 30
51 41 11
51 43 7
51 45 30
51 47 51
51 48 44
51 50 31
52 0 12
52 7 42
52 11 33
52 15 12
52 16 56
52 20 32
52 22 40
52 24 23
52 25 15
52 26 59
52 28 31
52 30 50
52 33 31
52 36 40
52 38 16
52 40 13
52 41 3
52 42 21
52 44 57
52 45 54
52 47 29
52 48 28
52 50 29
52 51 41
53 0 24
53 5 58
53 11 32
53 15 35
53 16 58
53 17 38
53 20 40
53 21 32
53 24 57
53 25 45
53 27 2
53 28 50
53 30 56
53 32 54
53 35 45
53 37 12
53 38 9
53 39 34
53 43 56
53 47 39
53 48 34
53 49 26
53 50 17
53 51 16
53 52 11
54 1 43
54 2 27
54 4 23
54 5 16
54 7 55
54 8 50
54 10 33
54 11 21
54 13 21
54 17 25
54 19 25
54 20 37
54 24 27
54 26 9
54 28 41
54 30 38
54 31 24
54 32 27
54 34 36
54 35 8
54 36 52
54 37 30
54 38 46
54 39 13
54 43 42
54 46 27
54 47 49
54 48 24
54 49 47
54 50 20
54 52 18
55 0 24
55 5 8
55 6 52
55 9 32
55 10 41
55 12 20
55 13 11
55 15 4
55 17 7
55 18 46
55 19 6
55 20 38
55 25 34
55 27 4
55 28 17
55 31 58
55 40 23
55 43 20
55 48 45
55 50 41
55 51 56
55 52 57
55 54 46
56 0 18
56 1 37
56 5 53
56 6 56
56 7 20
56 10 34
56 12 17
56 15 8
56 16 48
56 19 45
56 20 48
56 21 14
56 22 15
56 24 12
56 26 51
56 27 38
56 29 4
56 30 55
56 33 36
56 34 43
56 36 15
56 37 15
56 38 57
56 39 53
56 40 44
56 42 14
56 43 8
56 46 18
56 49 12
56 50 14
56 54 32
57 2 54
57 3 4
57 4 36
57 5 3
57 7 57
57 10 31
57 11 35
57 18 6
57 19 31
57 20 28
57 21 46
57 22 31
57 27 11
57 28 19
57 29 50
57 30 10
57 32 39
57 38 27
57 39 42
57 40 14
57 41 35
57 43 24
57 44 56
57 45 46
57 46 2
57 47 25
57 48 53
57 50 52
57 56 56
58 2 20
58 3 9
58 6 53
58 8 14
58 9 53
58 11 38
58 12 37
58 14 56
58 16 22
58 19 48
58 22 52
58 23 10
58 26 26
58 28 2
58 30 39
58 35 49
58 37 55
58 38 9
58 39 18
58 40 26
58 41 5
58 43 23
58 45 8
58 46 34
58 47 9
58 49 53
58 50 42
58 52 59
58 53 54
58 56 54
58 57 30
59 3 20
59 4 42
59 10 1
59 11 49
59 12 17
59 13 21
59 14 1
59 18 5
59 19 45
59 20 6
59 22 37
59 24 20
59 25 13
59 28 2
59 29 49
59 34 32
59 35 36
59 36 41
59 37 50
59 45 53
59 47 30
59 48 25
59 50 5
59 51 53
59 52 37
59 53 59
59 55 31
59 56 39
60 1 16
60 2 11
60 3 18
60 5 38
60 6 27
60 8 6
60 9 51
60 10 13
60 14 20
60 15 27
60 17 58
60 19 26
60 20 51
60 21 10
60 22 2
60 25 59
60 26 22
60 30 17
60 32 50
60 34 26
60 36 45
60 39 56
60 40 27
60 41 35
60 43 9
60 45 50
60 47 59
60 48 29
60 49 23
60 51 41
60 53 55
60 54 5
60 55 53
60 56 20
60 58 8
60 59 17
61 0 22
61 2 35
61 3 50
61 4 59
61 6 20
61 7 37
61 8 35
61 9 16
61 14 56
61 16 16
61 17 47
61 19 35
61 20 1
61 21 5
61 23 51
61 24 20
61 25 48
61 26 20
61 27 12
61 30 16
61 33 22
61 34 6
61 36 30
61 40 47
61 42 49
61 43 4
61 44 6
61 47 51
61 48 38
61 50 5
61 53 27
61 54 9
61 55 31
61 56 12
61 57 18
61 58 10
61 59 37
62 0 20
62 1 7
62 2 6
62 3 52
62 11 55
62 12 24
62 15 38
62 16 26
62 19 52
62 21 5
62 24 40
62 25 50
62 26 17
62 27 7
62 29 20
62 31 57
62 32 42
62 34 35
62 35 12
62 37 53
62 39 43
62 40 23
62 41 23
62 42 56
62 44 50
62 47 29
62 48 25
62 49 29
62 50 23
62 53 59
62 54 14
62 55 4
62 57 10
62 58 44
62 60 38
62 61 4
63 2 2
63 3 24
63 6 51
63 9 44
63 12 54
63 14 43
63 16 48
63 19 35
63 20 2
63 23 43
63 25 59
63 27 36
63 28 39
63 29 23
63 38 10
63 41 27
63 43 19
63 44 57
63 47 17
63 51 2
63 52 59
63 53 27
63 56 56
63 57 13
63 58 43
64 1 21
64 7 29
64 8 14
64 12 8
64 14 13
64 15 10
64 19 24
64 20 20
64 24 57
64 25 25
64 26 18
64 28 53
64 30 23
64 32 45
64 33 17
64 35 39
64 36 26
64 41 44
64 45 37
64 47 12
64 49 37
64 50 3
64 52 54
64 54 48
64 55 31
64 57 17
64 60 59
64 61 51
65 0 51
65 1 22
65 4 17
65 5 57
65 6 32
65 7 59
65 12 30
65 16 31
65 17 37
65 21 40
65 22 30
65 23 12
65 24 7
65 27 50
65 30 50
65 31 31
65 33 43
65 37 22
65 38 23
65 39 27
65 41 40
65 45 55
65 49 55
65 50 54
65 51 51
65 52 41
65 53 45
65 54 37
65 55 7
65 57 41
65 59 17
65 61 31
