59
1 0 20
2 0 18
2 1 49
3 0 6
3 1 5
3 2 9
4 0 13
4 1 3
4 2 38
4 3 51
5 0 34
5 1 55
5 2 21
5 3 47
5 4 51
6 0 18
6 1 39
6 2 37
6 3 37
6 4 15
6 5 20
7 0 41
7 1 39
7 2 11
7 3 5
7 4 8
7 5 20
7 6 51
8 0 8
8 1 42
8 2 54
8 3 24
8 4 50
8 5 2
8 6 8
8 7 12
9 0 51
9 1 9
9 2 35
9 3 58
9 4 40
9 5 18
9 6 14
9 7 34
9 8 34
10 0 46
10 1 37
10 2 54
10 3 17
10 4 24
10 5 50
10 6 27
10 7 54
10 8 7
10 9 24
11 0 6
11 1 48
11 2 34
11 3 4
11 4 8
11 5 33
11 6 1
11 7 1
11 8 54
11 9 11
11 10 9
12 0 24
12 1 19
12 2 26
12 3 39
12 4 21
12 5 2
12 6 30
12 7 3
12 8 50
12 9 18
12 10 36
12 11 50
13 0 10
13 1 49
13 2 24
13 3 4
13 4 47
13 5 49
13 6 2
13 7 27
13 8 56
13 9 11
13 10 25
13 11 41
13 12 15
14 0 39
14 1 51
14 2 25
14 3 43
14 4 36
14 5 23
14 6 26
14 7 2
14 8 54
14 9 54
14 10 51
14 11 41
14 12 4
14 13 52
15 0 45
15 1 16
15 2 54
15 3 18
15 4 44
15 5 40
15 6 57
15 7 30
15 8 33
15 9 50
15 10 55
15 11 24
15 12 30
15 13 44
15 14 49
16 0 25
16 1 13
16 2 11
16 3 27
16 4 8
16 5 25
16 6 14
16 7 13
16 8 34
16 9 18
16 10 50
16 11 16
16 12 19
16 13 53
16 14 11
16 15 7
17 0 20
17 1 36
17 2 42
17 3 8
17 4 32
17 5 27
17 6 10
17 7 56
17 8 36
17 9 6
17 10 44
17 11 17
17 12 57
17 13 33
17 14 21
17 15 49
17 16 34
18 0 2
18 1 27
18 2 25
18 3 42
18 4 21
18 5 14
18 6 20
18 7 49
18 8 4
18 9 55
18 10 37
18 11 12
18 12 6
18 13 25
18 14 40
18 15 1
18 16 28
18 17 34
19 0 41
19 1 58
19 2 29
19 3 3
19 4 25
19 5 1
19 6 26
19 7 20
19 8 30
19 9 41
19 10 47
19 11 20
19 12 28
19 13 37
19 14 21
19 15 42
19 16 45
19 17 19
19 18 42
20 0 51
20 1 44
20 2 51
20 3 15
20 4 22
20 5 34
20 6 36
20 7 17
20 8 50
20 9 58
20 10 24
20 11 16
20 12 12
20 13 44
20 14 57
20 15 12
20 16 5
20 17 19
20 18 2
20 19 12
21 0 21
21 1 43
21 2 20
21 3 30
21 4 58
21 5 56
21 6 4
21 7 6
21 8 27
21 9 10
21 10 31
21 11 31
21 12 28
21 13 38
21 14 50
21 15 52
21 16 57
21 17 21
21 18 40
21 19 3
21 20 35
22 0 17
22 1 13
22 2 14
22 3 40
22 4 10
22 5 6
22 6 2
22 7 8
22 8 11
22 9 50
22 10 9
22 11 11
22 12 47
22 13 10
22 14 25
22 15 10
22 16 36
22 17 52
22 18 8
22 19 46
22 20 10
22 21 44
23 0 27
23 1 20
23 2 56
23 3 11
23 4 46
23 5 11
23 6 2
23 7 34
23 8 2
23 9 7
23 10 4
23 11 1
23 12 9
23 13 35
23 14 40
23 15 13
23 16 44
23 17 52
23 18 24
23 19 21
23 20 26
23 21 43
23 22 34
24 0 51
24 1 55
24 2 58
24 3 14
24 4 27
24 5 31
24 6 13
24 7 22
24 8 53
24 9 14
24 10 30
24 11 35
24 12 18
24 13 47
24 14 45
24 15 48
24 16 11
24 17 15
24 18 9
24 19 26
24 20 7
24 21 42
24 22 48
24 23 20
25 0 4
25 1 50
25 2 41
25 3 30
25 4 42
25 5 55
25 6 6
25 7 16
25 8 14
25 9 27
25 10 39
25 11 17
25 12 15
25 13 52
25 14 27
25 15 44
25 16 15
25 17 52
25 18 35
25 19 45
25 20 27
25 21 5
25 22 36
25 23 25
25 24 52
26 0 18
26 1 22
26 2 21
26 3 18
26 4 45
26 5 19
26 6 38
26 7 6
26 8 42
26 9 19
26 10 26
26 11 23
26 12 26
26 13 25
26 14 37
26 15 56
26 16 37
26 17 17
26 18 15
26 19 35
26 20 36
26 21 10
26 22 57
26 23 10
26 24 1
26 25 27
27 0 15
27 1 26
27 2 25
27 3 31
27 4 16
27 5 23
27 6 40
27 7 13
27 8 51
27 9 39
27 10 34
27 11 54
27 12 55
27 13 17
27 14 57
27 15 43
27 16 52
27 17 45
27 18 3
27 19 36
27 20 16
27 21 27
27 22 36
27 23 35
27 24 52
27 25 31
27 26 11
28 0 43
28 1 35
28 2 53
28 3 4
28 4 6
28 5 39
28 6 25
28 7 32
28 8 3
28 9 44
28 10 29
28 11 6
28 12 39
28 13 31
28 14 21
28 15 8
28 16 4
28 17 37
28 18 52
28 19 43
28 20 52
28 21 27
28 22 58
28 23 21
28 24 13
28 25 57
28 26 35
28 27 25
29 0 44
29 1 31
29 2 27
29 3 23
29 4 9
29 5 25
29 6 24
29 7 38
29 8 23
29 9 45
29 10 43
29 11 16
29 12 7
29 13 33
29 14 49
29 15 40
29 16 1
29 17 28
29 18 20
29 19 24
29 20 37
29 21 26
29 22 12
29 23 53
29 24 30
29 25 7
29 26 45
29 27 48
29 28 6
30 0 55
30 1 30
30 2 11
30 3 9
30 4 17
30 5 8
30 6 42
30 7 36
30 8 43
30 9 2
30 10 45
30 11 50
30 12 40
30 13 36
30 14 55
30 15 56
30 16 1
30 17 44
30 18 19
30 19 39
30 20 54
30 21 13
30 22 40
30 23 41
30 24 46
30 25 22
30 26 26
30 27 51
30 28 16
30 29 4
31 0 55
31 1 16
31 2 6
31 3 22
31 4 22
31 5 9
31 6 27
31 7 12
31 8 32
31 9 29
31 10 35
31 11 24
31 12 10
31 13 26
31 14 17
31 15 2
31 16 36
31 17 51
31 18 11
31 19 55
31 20 54
31 21 54
31 22 18
31 23 57
31 24 43
31 25 18
31 26 57
31 27 11
31 28 38
31 29 33
31 30 15
32 0 57
32 1 38
32 2 42
32 3 19
32 4 9
32 5 9
32 6 53
32 7 41
32 8 10
32 9 25
32 10 1
32 11 9
32 12 10
32 13 32
32 14 21
32 15 22
32 16 22
32 17 21
32 18 54
32 19 21
32 20 22
32 21 42
32 22 43
32 23 33
32 24 47
32 25 15
32 26 17
32 27 32
32 28 48
32 29 26
32 30 18
32 31 27
33 0 29
33 1 30
33 2 5
33 3 47
33 4 28
33 5 36
33 6 7
33 7 23
33 8 7
33 9 26
33 10 1
33 11 51
33 12 42
33 13 51
33 14 45
33 15 1
33 16 23
33 17 32
33 18 47
33 19 10
33 20 56
33 21 29
33 22 28
33 23 31
33 24 49
33 25 1
33 26 57
33 27 27
33 28 38
33 29 40
33 30 40
33 31 39
33 32 14
34 0 1
34 1 30
34 2 16
34 3 17
34 4 5
34 5 48
34 6 47
34 7 27
34 8 24
34 9 47
34 10 49
34 11 6
34 12 39
34 13 37
34 14 47
34 15 48
34 16 10
34 17 33
34 18 58
34 19 26
34 20 54
34 21 47
34 22 6
34 23 57
34 24 11
34 25 6
34 26 29
34 27 57
34 28 23
34 29 58
34 30 22
34 31 18
34 32 53
34 33 26
35 0 16
35 1 44
35 2 23
35 3 11
35 4 30
35 5 43
35 6 10
35 7 53
35 8 4
35 9 37
35 10 17
35 11 29
35 12 9
35 13 15
35 14 1
35 15 26
35 16 10
35 17 2
35 18 49
35 19 20
35 20 32
35 21 36
35 22 38
35 23 24
35 24 28
35 25 54
35 26 3
35 27 56
35 28 58
35 29 55
35 30 25
35 31 20
35 32 28
35 33 53
35 34 10
36 0 15
36 1 36
36 2 25
36 3 55
36 4 49
36 5 42
36 6 49
36 7 11
36 8 14
36 9 34
36 10 51
36 11 3
36 12 34
36 13 16
36 14 21
36 15 28
36 16 30
36 17 48
36 18 30
36 19 13
36 20 36
36 21 30
36 22 5
36 23 53
36 24 30
36 25 12
36 26 29
36 27 34
36 28 30
36 29 56
36 30 35
36 31 7
36 32 45
36 33 57
36 34 42
36 35 29
37 0 51
37 1 27
37 2 8
37 3 13
37 4 48
37 5 57
37 6 17
37 7 41
37 8 53
37 9 25
37 10 8
37 11 47
37 12 18
37 13 49
37 14 27
37 15 56
37 16 4
37 17 21
37 18 23
37 19 15
37 20 40
37 21 10
37 22 2
37 23 28
37 24 50
37 25 28
37 26 7
37 27 15
37 28 55
37 29 36
37 30 14
37 31 30
37 32 52
37 33 41
37 34 38
37 35 52
37 36 11
38 0 51
38 1 16
38 2 3
38 3 46
38 4 34
38 5 55
38 6 45
38 7 6
38 8 42
38 9 8
38 10 30
38 11 32
38 12 37
38 13 49
38 14 38
38 15 12
38 16 50
38 17 11
38 18 31
38 19 43
38 20 43
38 21 5
38 22 16
38 23 13
38 24 49
38 25 52
38 26 49
38 27 4
38 28 51
38 29 57
38 30 40
38 31 53
38 32 44
38 33 31
38 34 10
38 35 54
38 36 45
38 37 7
39 0 34
39 1 20
39 2 7
39 3 52
39 4 15
39 5 6
39 6 9
39 7 21
39 8 17
39 9 28
39 10 21
39 11 56
39 12 47
39 13 35
39 14 41
39 15 8
39 16 46
39 17 3
39 18 39
39 19 38
39 20 46
39 21 42
39 22 41
39 23 1
39 24 19
39 25 5
39 26 20
39 27 30
39 28 26
39 29 3
39 30 26
39 31 21
39 32 3
39 33 27
39 34 25
39 35 28
39 36 41
39 37 44
39 38 9
40 0 28
40 1 13
40 2 11
40 3 5
40 4 27
40 5 17
40 6 53
40 7 47
40 8 48
40 9 32
40 10 42
40 11 2
40 12 17
40 13 22
40 14 4
40 15 30
40 16 39
40 17 58
40 18 57
40 19 48
40 20 14
40 21 46
40 22 44
40 23 38
40 24 39
40 25 44
40 26 31
40 27 10
40 28 51
40 29 42
40 30 21
40 31 36
40 32 10
40 33 39
40 34 12
40 35 4
40 36 44
40 37 9
40 38 51
40 39 21
41 0 17
41 1 49
41 2 5
41 3 4
41 4 11
41 5 37
41 6 1
41 7 31
41 8 39
41 9 44
41 10 58
41 11 12
41 12 55
41 13 54
41 14 18
41 15 27
41 16 4
41 17 27
41 18 8
41 19 12
41 20 4
41 21 49
41 22 20
41 23 32
41 24 38
41 25 16
41 26 18
41 27 20
41 28 31
41 29 1
41 30 11
41 31 40
41 32 6
41 33 40
41 34 22
41 35 24
41 36 7
41 37 53
41 38 55
41 39 6
41 40 22
42 0 40
42 1 15
42 2 31
42 3 1
42 4 42
42 5 17
42 6 6
42 7 22
42 8 16
42 9 5
42 10 1
42 11 47
42 12 30
42 13 26
42 14 14
42 15 7
42 16 24
42 17 57
42 18 4
42 19 58
42 20 16
42 21 50
42 22 31
42 23 2
42 24 8
42 25 57
42 26 28
42 27 57
42 28 5
42 29 26
42 30 2
42 31 33
42 32 15
42 33 32
42 34 11
42 35 39
42 36 24
42 37 34
42 38 19
42 39 57
42 40 2
42 41 17
43 0 1
43 1 23
43 2 26
43 3 35
43 4 32
43 5 33
43 6 26
43 7 12
43 8 54
43 9 35
43 10 21
43 11 58
43 12 15
43 13 46
43 14 34
43 15 11
43 16 43
43 17 40
43 18 55
43 19 10
43 20 48
43 21 6
43 22 33
43 23 56
43 24 14
43 25 45
43 26 54
43 27 56
43 28 41
43 29 38
43 30 28
43 31 23
43 32 46
43 33 29
43 34 44
43 35 36
43 36 13
43 37 30
43 38 1
43 39 13
43 40 23
43 41 47
43 42 1
44 0 32
44 1 10
44 2 51
44 3 58
44 4 2
44 5 58
44 6 50
44 7 22
44 8 34
44 9 58
44 10 52
44 11 36
44 12 49
44 13 35
44 14 35
44 15 10
44 16 1
44 17 50
44 18 19
44 19 38
44 20 43
44 21 26
44 22 50
44 23 25
44 24 2
44 25 6
44 26 50
44 27 21
44 28 19
44 29 54
44 30 55
44 31 34
44 32 8
44 33 43
44 34 20
44 35 15
44 36 3
44 37 39
44 38 34
44 39 41
44 40 42
44 41 19
44 42 30
44 43 37
45 0 22
45 1 23
45 2 39
45 3 14
45 4 47
45 5 42
45 6 47
45 7 5
45 8 57
45 9 47
45 10 10
45 11 26
45 12 50
45 13 29
45 14 36
45 15 30
45 16 35
45 17 22
45 18 51
45 19 17
45 20 45
45 21 1
45 22 30
45 23 23
45 24 57
45 25 7
45 26 17
45 27 54
45 28 1
45 29 9
45 30 5
45 31 21
45 32 30
45 33 13
45 34 26
45 35 46
45 36 44
45 37 53
45 38 39
45 39 6
45 40 56
45 41 44
45 42 45
45 43 10
45 44 21
46 0 21
46 1 40
46 2 39
46 3 46
46 4 9
46 5 51
46 6 30
46 7 41
46 8 42
46 9 50
46 10 50
46 11 41
46 12 47
46 13 28
46 14 4
46 15 1
46 16 41
46 17 1
46 18 14
46 19 43
46 20 25
46 21 12
46 22 15
46 23 23
46 24 54
46 25 57
46 26 9
46 27 28
46 28 30
46 29 29
46 30 33
46 31 49
46 32 40
46 33 40
46 34 24
46 35 2
46 36 36
46 37 22
46 38 5
46 39 10
46 40 41
46 41 41
46 42 52
46 43 53
46 44 44
46 45 28
47 0 20
47 1 15
47 2 16
47 3 47
47 4 46
47 5 44
47 6 23
47 7 43
47 8 9
47 9 6
47 10 29
47 11 1
47 12 2
47 13 3
47 14 51
47 15 23
47 16 29
47 17 27
47 18 41
47 19 40
47 20 1
47 21 34
47 22 16
47 23 45
47 24 31
47 25 10
47 26 6
47 27 2
47 28 39
47 29 50
47 30 37
47 31 17
47 32 35
47 33 54
47 34 34
47 35 47
47 36 52
47 37 21
47 38 48
47 39 10
47 40 22
47 41 54
47 42 44
47 43 9
47 44 10
47 45 41
47 46 31
48 0 32
48 1 2
48 2 56
48 3 11
48 4 58
48 5 42
48 6 41
48 7 3
48 8 7
48 9 23
48 10 14
48 11 40
48 12 18
48 13 41
48 14 17
48 15 12
48 16 15
48 17 26
48 18 44
48 19 3
48 20 57
48 21 57
48 22 11
48 23 58
48 24 44
48 25 27
48 26 22
48 27 39
48 28 36
48 29 55
48 30 44
48 31 20
48 32 50
48 33 38
48 34 28
48 35 43
48 36 57
48 37 2
48 38 23
48 39 38
48 40 2
48 41 31
48 42 17
48 43 8
48 44 11
48 45 4
48 46 4
48 47 31
49 0 2
49 1 35
49 2 43
49 3 1
49 4 43
49 5 23
49 6 30
49 7 5
49 8 38
49 9 50
49 10 10
49 11 12
49 12 14
49 13 56
49 14 34
49 15 36
49 16 48
49 17 39
49 18 18
49 19 4
49 20 45
49 21 57
49 22 7
49 23 47
49 24 23
49 25 20
49 26 17
49 27 16
49 28 21
49 29 40
49 30 1
49 31 13
49 32 8
49 33 12
49 34 55
49 35 7
49 36 42
49 37 40
49 38 2
49 39 25
49 40 37
49 41 14
49 42 2
49 43 37
49 44 12
49 45 16
49 46 26
49 47 24
49 48 17
50 0 20
50 1 41
50 2 16
50 3 8
50 4 22
50 5 40
50 6 30
50 7 8
50 8 4
50 9 9
50 10 25
50 11 15
50 12 35
50 13 44
50 14 46
50 15 55
50 16 1
50 17 16
50 18 30
50 19 28
50 20 48
50 21 33
50 22 45
50 23 1
50 24 44
50 25 26
50 26 50
50 27 54
50 28 43
50 29 13
50 30 43
50 31 15
50 32 16
50 33 39
50 34 7
50 35 13
50 36 10
50 37 56
50 38 22
50 39 4
50 40 5
50 41 26
50 42 36
50 43 53
50 44 17
50 45 22
50 46 52
50 47 18
50 48 46
50 49 13
51 0 9
51 1 23
51 2 29
51 3 57
51 4 37
51 5 16
51 6 19
51 7 31
51 8 37
51 9 45
51 10 15
51 11 10
51 12 55
51 13 39
51 14 38
51 15 40
51 16 19
51 17 16
51 18 38
51 19 41
51 20 49
51 21 34
51 22 11
51 23 13
51 24 54
51 25 42
51 26 53
51 27 17
51 28 37
51 29 25
51 30 28
51 31 42
51 32 5
51 33 21
51 34 25
51 35 48
51 36 27
51 37 55
51 38 54
51 39 41
51 40 53
51 41 48
51 42 5
51 43 46
51 44 56
51 45 12
51 46 33
51 47 32
51 48 51
51 49 32
51 50 48
52 0 16
52 1 29
52 2 31
52 3 49
52 4 41
52 5 42
52 6 12
52 7 35
52 8 58
52 9 45
52 10 36
52 11 33
52 12 52
52 13 43
52 14 36
52 15 39
52 16 14
52 17 4
52 18 20
52 19 50
52 20 29
52 21 2
52 22 42
52 23 4
52 24 33
52 25 30
52 26 56
52 27 12
52 28 8
52 29 12
52 30 56
52 31 32
52 32 27
52 33 21
52 34 54
52 35 29
52 36 13
52 37 55
52 38 45
52 39 45
52 40 52
52 41 9
52 42 4
52 43 19
52 44 46
52 45 12
52 46 30
52 47 47
52 48 38
52 49 44
52 50 24
52 51 2
53 0 23
53 1 8
53 2 23
53 3 56
53 4 41
53 5 31
53 6 24
53 7 13
53 8 9
53 9 33
53 10 56
53 11 56
53 12 17
53 13 10
53 14 45
53 15 52
53 16 49
53 17 24
53 18 32
53 19 20
53 20 57
53 21 47
53 22 36
53 23 6
53 24 15
53 25 28
53 26 15
53 27 17
53 28 33
53 29 43
53 30 22
53 31 17
53 32 33
53 33 18
53 34 48
53 35 42
53 36 57
53 37 18
53 38 1
53 39 56
53 40 57
53 41 19
53 42 15
53 43 40
53 44 42
53 45 37
53 46 46
53 47 14
53 48 14
53 49 5
53 50 8
53 51 5
53 52 41
54 0 23
54 1 34
54 2 34
54 3 36
54 4 47
54 5 43
54 6 43
54 7 24
54 8 17
54 9 40
54 10 35
54 11 37
54 12 54
54 13 53
54 14 42
54 15 26
54 16 50
54 17 5
54 18 48
54 19 23
54 20 10
54 21 36
54 22 7
54 23 32
54 24 42
54 25 16
54 26 34
54 27 28
54 28 22
54 29 23
54 30 49
54 31 42
54 32 20
54 33 29
54 34 7
54 35 31
54 36 53
54 37 20
54 38 9
54 39 13
54 40 10
54 41 39
54 42 24
54 43 29
54 44 57
54 45 11
54 46 8
54 47 19
54 48 10
54 49 34
54 50 23
54 51 21
54 52 25
54 53 40
55 0 42
55 1 2
55 2 57
55 3 47
55 4 7
55 5 42
55 6 21
55 7 11
55 8 51
55 9 42
55 10 15
55 11 52
55 12 56
55 13 45
55 14 17
55 15 37
55 16 16
55 17 29
55 18 44
55 19 21
55 20 52
55 21 4
55 22 16
55 23 34
55 24 5
55 25 39
55 26 29
55 27 49
55 28 53
55 29 50
55 30 22
55 31 40
55 32 17
55 33 49
55 34 43
55 35 6
55 36 21
55 37 6
55 38 8
55 39 14
55 40 4
55 41 6
55 42 7
55 43 8
55 44 33
55 45 54
55 46 31
55 47 13
55 48 47
55 49 56
55 50 25
55 51 18
55 52 16
55 53 6
55 54 42
56 0 16
56 1 4
56 2 13
56 3 36
56 4 24
56 5 22
56 6 36
56 7 25
56 8 17
56 9 16
56 10 41
56 11 29
56 12 40
56 13 29
56 14 24
56 15 5
56 16 51
56 17 17
56 18 51
56 19 35
56 20 7
56 21 50
56 22 18
56 23 32
56 24 29
56 25 42
56 26 18
56 27 49
56 28 17
56 29 4
56 30 54
56 31 42
56 32 25
56 33 8
56 34 10
56 35 10
56 36 43
56 37 56
56 38 52
56 39 32
56 40 18
56 41 1
56 42 14
56 43 5
56 44 49
56 45 39
56 46 56
56 47 5
56 48 46
56 49 37
56 50 20
56 51 19
56 52 6
56 53 32
56 54 35
56 55 50
57 0 26
57 1 32
57 2 4
57 3 8
57 4 11
57 5 19
57 6 16
57 7 16
57 8 55
57 9 12
57 10 52
57 11 49
57 12 5
57 13 14
57 14 16
57 15 26
57 16 34
57 17 2
57 18 46
57 19 4
57 20 11
57 21 14
57 22 21
57 23 53
57 24 47
57 25 38
57 26 55
57 27 10
57 28 29
57 29 22
57 30 43
57 31 53
57 32 22
57 33 37
57 34 16
57 35 17
57 36 38
57 37 1
57 38 2
57 39 25
57 40 19
57 41 20
57 42 49
57 43 43
57 44 13
57 45 24
57 46 28
57 47 49
57 48 37
57 49 18
57 50 5
57 51 53
57 52 38
57 53 4
57 54 12
57 55 25
57 56 44
58 0 42
58 1 3
58 2 30
58 3 36
58 4 22
58 5 37
58 6 20
58 7 45
58 8 25
58 9 21
58 10 23
58 11 58
58 12 14
58 13 58
58 14 27
58 15 22
58 16 3
58 17 13
58 18 38
58 19 11
58 20 42
58 21 6
58 22 49
58 23 32
58 24 36
58 25 8
58 26 22
58 27 6
58 28 46
58 29 57
58 30 52
58 31 10
58 32 19
58 33 38
58 34 34
58 35 27
58 36 15
58 37 1
58 38 13
58 39 2
58 40 47
58 41 48
58 42 51
58 43 52
58 44 29
58 45 44
58 46 10
58 47 2
58 48 32
58 49 47
58 50 15
58 51 10
58 52 34
58 53 22
58 54 5
58 55 44
58 56 41
58 57 56
