32
1 0 35
2 0 43
2 1 61
3 0 15
3 1 62
3 2 22
4 0 65
4 1 21
4 2 47
4 3 36
5 0 60
5 1 36
5 2 52
5 3 2
5 4 7
6 0 49
6 1 39
6 2 38
6 3 22
6 4 65
6 5 37
7 0 43
7 1 59
7 2 20
7 3 12
7 4 49
7 5 16
7 6 49
8 0 58
8 1 8
8 2 8
8 3 5
8 4 6
8 5 38
8 6 56
8 7 24
9 0 15
9 1 27
9 2 39
9 3 63
9 4 23
9 5 23
9 6 22
9 7 59
9 8 50
10 0 24
10 1 17
10 2 35
10 3 58
10 4 50
10 5 47
10 6 2
10 7 1
10 8 48
10 9 42
11 0 64
11 1 61
11 2 20
11 3 35
11 4 27
11 5 40
11 6 33
11 7 8
11 8 47
11 9 64
11 10 65
12 0 26
12 1 19
12 2 1
12 3 43
12 4 39
12 5 17
12 6 35
12 7 53
12 8 22
12 9 12
12 10 12
12 11 1
13 0 1
13 1 46
13 2 42
13 3 39
13 4 10
13 5 47
13 6 16
13 7 40
13 8 18
13 9 23
13 10 13
13 11 37
13 12 31
14 0 55
14 1 19
14 2 12
14 3 61
14 4 9
14 5 51
14 6 19
14 7 53
14 8 59
14 9 55
14 10 10
14 11 25
14 12 5
14 13 37
15 0 23
15 1 24
15 2 15
15 3 46
15 4 41
15 5 51
15 6 31
15 7 37
15 8 25
15 9 52
15 10 38
15 11 30
15 12 2
15 13 26
15 14 26
16 0 2
16 1 57
16 2 49
16 3 6
16 4 11
16 5 49
16 6 53
16 7 37
16 8 15
16 9 17
16 10 24
16 11 2
16 12 62
16 13 23
16 14 34
16 15 46
17 0 16
17 1 54
17 2 36
17 3 7
17 4 43
17 5 50
17 6 22
17 7 25
17 8 17
17 9 64
17 10 11
17 11 40
17 12 22
17 13 11
17 14 11
17 15 7
17 16 56
18 0 13
18 1 3
18 2 4
18 3 63
18 4 49
18 5 46
18 6 6
18 7 49
18 8 22
18 9 62
18 10 43
18 11 59
18 12 12
18 13 28
18 14 10
18 15 34
18 16 52
18 17 17
19 0 21
19 1 35
19 2 2
19 3 31
19 4 23
19 5 61
19 6 59
19 7 44
19 8 35
19 9 48
19 10 49
19 11 61
19 12 48
19 13 7
19 14 10
19 15 41
19 16 42
19 17 30
19 18 53
20 0 58
20 1 53
20 2 13
20 3 43
20 4 48
20 5 4
20 6 17
20 7 14
20 8 64
20 9 15
20 10 12
20 11 34
20 12 57
20 13 65
20 14 53
20 15 9
20 16 41
20 17 62
20 18 2
20 19 32
21 0 29
21 1 64
21 2 21
21 3 17
21 4 53
21 5 60
21 6 53
21 7 17
21 8 8
21 9 59
21 10 11
21 11 57
21 12 43
21 13 3
21 14 33
21 15 19
21 16 56
21 17 62
21 18 15
21 19 53
21 20 17
22 0 44
22 1 32
22 2 19
22 3 23
22 4 60
22 5 30
22 6 15
22 7 37
22 8 33
22 9 55
22 10 4
22 11 51
22 12 36
22 13 17
22 14 65
22 15 31
22 16 54
22 17 25
22 18 3
22 19 2
22 20 16
22 21 65
23 0 17
23 1 60
23 2 25
23 3 20
23 4 24
23 5 4
23 6 44
23 7 20
23 8 22
23 9 9
23 10 25
23 11 54
23 12 29
23 13 62
23 14 54
23 15 47
23 16 56
23 17 2
23 18 14
23 19 18
23 20 5
23 21 1
23 22 5
24 0 54
24 1 22
24 2 45
24 3 24
24 4 8
24 5 15
24 6 31
24 7 33
24 8 56
24 9 55
24 10 58
24 11 63
24 12 41
24 13 15
24 14 22
24 15 19
24 16 63
24 17 14
24 18 63
24 19 35
24 20 26
24 21 38
24 22 54
24 23 32
25 0 43
25 1 20
25 2 27
25 3 25
25 4 26
25 5 19
25 6 65
25 7 45
25 8 5
25 9 56
25 10 1
25 11 17
25 12 65
25 13 56
25 14 55
25 15 9
25 16 29
25 17 19
25 18 52
25 19 34
25 20 35
25 21 38
25 22 40
25 23 53
25 24 20
26 0 10
26 1 14
26 2 46
26 3 54
26 4 48
26 5 49
26 6 57
26 7 60
26 8 40
26 9 24
26 10 35
26 11 10
26 12 62
26 13 57
26 14 2
26 15 35
26 16 29
26 17 33
26 18 17
26 19 15
26 20 31
26 21 27
26 22 27
26 23 49
26 24 6
26 25 27
27 0 42
27 1 50
27 2 46
27 3 25
27 4 20
27 5 42
27 6 20
27 7 8
27 8 8
27 9 57
27 10 33
27 11 45
27 12 19
27 13 20
27 14 53
27 15 33
27 16 35
27 17 1
27 18 55
27 19 43
27 20 25
27 21 54
27 22 35
27 23 19
27 24 18
27 25 1
27 26 17
28 0 4
28 1 35
28 2 51
28 3 54
28 4 56
28 5 54
28 6 28
28 7 33
28 8 25
28 9 5
28 10 20
28 11 26
28 12 26
28 13 45
28 14 1
28 15 13
28 16 36
28 17 41
28 18 29
28 19 2
28 20 4
28 21 56
28 22 40
28 23 38
28 24 61
28 25 57
28 26 19
28 27 11
29 0 19
29 1 39
29 2 4
29 3 13
29 4 56
29 5 51
29 6 16
29 7 17
29 8 7
29 9 47
29 10 39
29 11 51
29 12 14
29 13 52
29 14 8
29 15 56
29 16 54
29 17 18
29 18 12
29 19 2
29 20 50
29 21 25
29 22 34
29 23 45
29 24 33
29 25 39
29 26 27
29 27 44
29 28 35
30 0 35
30 1 47
30 2 16
30 3 53
30 4 59
30 5 26
30 6 17
30 7 50
30 8 47
30 9 10
30 10 32
30 11 52
30 12 16
30 13 2
30 14 20
30 15 2
30 16 47
30 17 16
30 18 5
30 19 62
30 20 50
30 21 23
30 22 16
30 23 63
30 24 60
30 25 52
30 26 42
30 27 15
30 28 49
30 29 25
31 0 46
31 1 7
31 2 37
31 3 64
31 4 41
31 5 18
31 6 40
31 7 60
31 8 33
31 9 17
31 10 18
31 11 33
31 12 10
31 13 48
31 14 45
31 15 53
31 16 1
31 17 13
31 18 47
31 19 42
31 20 29
31 21 46
31 22 20
31 23 17
31 24 18
31 25 45
31 26 38
31 27 28
31 28 22
31 29 11
31 30 19
