68
1 0 7
2 0 9
3 2 45
4 0 8
4 2 1
4 3 22
5 4 20
6 1 43
6 5 27
7 0 35
7 1 12
7 4 3
8 0 49
8 1 37
8 4 17
8 5 46
8 7 39
9 1 55
9 2 18
9 3 31
9 5 43
9 6 19
9 7 46
9 8 40
10 0 43
10 3 8
11 0 54
11 1 51
11 6 1
11 7 52
11 8 17
11 9 1
11 10 24
12 1 28
12 2 24
12 3 32
12 4 36
12 5 21
12 6 38
12 10 33
12 11 48
13 1 54
13 6 12
13 11 47
13 12 47
14 0 32
14 1 7
14 4 16
14 8 6
14 13 53
15 1 44
15 5 12
15 6 4
15 7 53
15 8 6
15 9 45
15 10 37
15 11 4
15 13 8
15 14 46
16 1 9
16 2 9
16 3 55
16 4 50
16 5 38
16 6 10
16 9 23
16 12 2
16 13 17
16 14 45
17 3 21
17 7 27
17 8 52
17 9 33
17 10 3
18 1 6
18 2 46
18 3 49
18 4 5
18 5 16
18 11 38
18 13 24
18 15 49
18 16 51
19 0 24
19 1 2
19 4 41
19 6 34
19 7 55
19 8 19
19 11 5
19 13 55
19 14 23
19 15 36
19 16 50
19 18 10
20 2 51
20 3 18
20 5 14
20 7 36
20 8 7
20 9 14
20 13 47
20 16 7
20 17 5
20 19 44
21 3 41
21 6 5
21 8 39
21 9 47
21 13 27
21 15 48
21 16 17
21 19 46
21 20 17
22 1 36
22 2 53
22 7 11
22 8 48
22 10 20
22 11 16
22 12 42
22 13 40
22 14 37
22 16 5
22 18 45
22 19 3
22 20 3
23 4 16
23 9 5
23 10 37
23 11 3
23 12 34
23 15 41
23 16 41
23 17 13
23 19 29
23 21 29
24 0 27
24 1 24
24 3 23
24 5 35
24 10 10
24 11 15
24 12 34
24 21 17
24 22 4
25 7 20
25 8 27
25 10 10
25 11 31
25 13 36
25 14 32
25 17 45
25 18 3
25 22 5
25 23 51
26 2 53
26 3 44
26 5 9
26 6 25
26 7 31
26 8 5
26 9 13
26 10 17
26 11 47
26 12 2
26 14 46
26 16 46
26 18 49
27 2 17
27 3 8
27 4 17
27 5 43
27 7 9
27 13 40
27 14 42
27 15 30
27 16 1
27 17 25
27 18 40
27 20 8
27 21 24
27 24 37
28 1 21
28 3 1
28 4 2
28 8 55
28 9 14
28 14 45
28 15 36
28 17 38
28 19 19
28 21 4
28 22 5
28 24 27
28 25 53
28 27 19
29 1 7
29 3 55
29 4 37
29 5 10
29 6 18
29 8 30
29 10 32
29 12 29
29 14 1
29 16 28
29 19 46
29 20 55
30 2 52
30 3 22
30 4 39
30 6 27
30 7 14
30 14 53
30 17 50
30 21 6
30 24 13
30 25 32
30 26 53
30 29 14
31 0 53
31 2 30
31 4 19
31 6 46
31 16 52
31 17 4
31 19 3
31 20 20
31 22 44
31 25 38
31 27 5
31 29 19
31 30 33
32 0 55
32 2 53
32 5 12
32 6 31
32 9 22
32 11 36
32 12 54
32 13 2
32 14 25
32 19 50
32 20 53
32 21 36
32 22 28
32 23 48
32 24 40
32 26 55
32 27 39
32 28 48
32 29 35
32 30 53
32 31 25
33 0 38
33 1 28
33 4 5
33 5 32
33 6 53
33 9 8
33 12 44
33 15 39
33 17 7
33 26 24
33 29 18
33 30 43
33 31 23
34 0 11
34 1 22
34 4 22
34 5 9
34 6 7
34 7 21
34 9 35
34 10 11
34 12 36
34 13 36
34 14 25
34 20 42
34 21 6
34 24 17
34 25 32
34 28 34
34 30 45
34 31 28
34 32 20
34 33 7
35 0 42
35 1 29
35 2 55
35 6 21
35 8 32
35 9 55
35 11 16
35 13 30
35 15 2
35 18 5
35 19 7
35 20 36
35 21 42
35 22 35
35 23 27
35 24 10
35 26 26
35 27 14
35 29 37
35 30 24
35 33 22
35 34 14
36 0 53
36 1 26
36 2 4
36 9 53
36 14 19
36 16 40
36 17 31
36 19 46
36 22 14
36 24 28
36 29 35
36 30 42
36 34 17
37 1 43
37 5 48
37 6 55
37 7 37
37 8 43
37 9 21
37 11 32
37 12 4
37 13 20
37 14 12
37 15 27
37 16 55
37 17 7
37 18 45
37 21 4
37 22 40
37 24 8
37 28 15
37 29 31
37 30 16
37 31 55
37 33 46
37 36 44
38 2 15
38 3 30
38 4 16
38 5 33
38 6 40
38 8 23
38 12 50
38 14 7
38 15 15
38 16 23
38 19 19
38 20 47
38 22 30
38 23 12
38 25 55
38 28 10
38 30 54
38 31 50
38 32 28
38 33 20
39 0 12
39 2 7
39 7 11
39 8 1
39 11 20
39 13 37
39 14 29
39 16 23
39 18 29
39 20 35
39 22 45
39 23 17
39 24 39
39 25 29
39 27 46
39 29 31
39 32 49
39 33 45
39 35 22
39 37 44
39 38 5
40 1 55
40 3 34
40 4 16
40 6 36
40 7 16
40 11 13
40 12 54
40 15 12
40 18 48
40 19 6
40 21 6
40 22 49
40 23 10
40 26 2
40 27 34
40 31 32
40 33 46
40 34 11
40 35 13
41 2 30
41 3 12
41 4 47
41 5 8
41 6 31
41 8 5
41 11 50
41 14 47
41 15 14
41 16 42
41 21 5
41 22 11
41 23 37
41 24 51
41 25 14
41 28 55
41 34 55
41 36 46
41 38 53
41 39 41
41 40 42
42 5 41
42 9 8
42 10 4
42 12 10
42 13 47
42 14 29
42 15 37
42 17 25
42 18 2
42 20 7
42 23 52
42 28 4
42 29 14
42 30 31
42 31 38
42 32 4
42 33 46
42 36 6
42 37 48
42 40 46
42 41 2
43 0 54
43 1 11
43 2 49
43 3 36
43 6 37
43 8 50
43 10 24
43 13 46
43 14 49
43 15 1
43 20 12
43 21 36
43 22 15
43 25 51
43 26 42
43 27 54
43 30 25
43 32 54
43 33 23
43 34 23
43 36 38
43 37 6
43 39 10
43 40 5
43 41 13
43 42 43
44 1 35
44 2 44
44 5 7
44 6 20
44 7 18
44 8 52
44 10 31
44 12 5
44 14 36
44 15 3
44 16 9
44 20 52
44 21 17
44 23 40
44 25 26
44 26 42
44 27 36
44 28 22
44 30 39
44 31 47
44 32 17
44 33 4
44 35 48
44 36 33
44 37 44
44 40 52
44 41 28
44 42 10
44 43 1
45 1 52
45 4 27
45 5 19
45 6 31
45 11 25
45 14 33
45 16 43
45 18 21
45 20 28
45 22 12
45 23 34
45 25 55
45 26 14
45 35 40
45 37 48
45 38 7
45 39 8
45 41 8
45 42 20
45 43 16
45 44 36
46 1 39
46 3 18
46 4 53
46 5 6
46 9 6
46 11 54
46 12 47
46 13 44
46 14 30
46 16 35
46 17 52
46 18 21
46 20 17
46 22 5
46 25 47
46 26 2
46 27 55
46 30 37
46 31 35
46 32 50
46 33 18
46 36 37
46 40 25
46 41 36
46 42 50
46 45 17
47 0 54
47 1 45
47 2 25
47 6 36
47 7 44
47 8 14
47 10 47
47 15 32
47 17 51
47 20 49
47 21 52
47 22 53
47 24 43
47 29 51
47 32 15
47 33 23
47 35 1
47 40 14
47 42 18
47 46 18
48 6 51
48 7 10
48 9 54
48 12 50
48 13 46
48 14 16
48 15 39
48 16 5
48 18 20
48 19 45
48 20 10
48 22 15
48 23 32
48 25 12
48 28 17
48 30 7
48 31 37
48 33 44
48 36 15
48 37 50
48 38 11
48 40 54
48 43 44
48 45 5
48 46 25
49 1 24
49 2 7
49 4 15
49 7 14
49 10 46
49 17 2
49 18 31
49 20 10
49 22 6
49 23 3
49 24 29
49 25 13
49 26 33
49 27 6
49 28 11
49 34 34
49 35 7
49 36 28
49 37 12
49 40 1
49 41 31
49 42 24
49 44 14
49 46 8
49 47 3
50 0 46
50 1 3
50 2 6
50 3 8
50 4 1
50 5 3
50 6 52
50 7 38
50 11 1
50 13 39
50 14 29
50 15 37
50 16 54
50 17 7
50 18 4
50 22 1
50 24 1
50 25 16
50 27 14
50 28 30
50 37 20
50 42 40
50 44 28
50 46 37
50 48 13
50 49 11
51 2 5
51 4 55
51 7 19
51 10 39
51 11 12
51 13 2
51 16 33
51 18 31
51 19 19
51 20 2
51 21 27
51 22 47
51 25 14
51 26 3
51 27 45
51 28 41
51 29 11
51 31 3
51 32 8
51 33 11
51 34 7
51 36 49
51 37 16
51 38 2
51 42 11
51 43 12
51 48 54
51 49 35
51 50 45
52 0 41
52 1 37
52 2 2
52 3 25
52 9 45
52 11 36
52 12 38
52 13 5
52 16 11
52 17 18
52 18 29
52 19 7
52 20 49
52 21 6
52 22 8
52 27 4
52 28 33
52 29 15
52 30 29
52 32 51
52 33 40
52 36 15
52 37 29
52 38 50
52 42 38
52 43 13
52 45 50
52 47 49
52 48 3
53 0 2
53 2 7
53 3 13
53 4 32
53 9 15
53 10 19
53 11 51
53 12 18
53 13 13
53 15 10
53 17 21
53 20 18
53 22 30
53 24 44
53 25 41
53 27 52
53 28 3
53 33 13
53 35 20
53 37 1
53 39 54
53 40 22
53 42 22
53 43 5
53 46 35
53 47 41
53 49 15
53 50 41
53 51 39
53 52 54
54 1 17
54 4 31
54 6 38
54 7 40
54 8 46
54 9 39
54 11 20
54 12 2
54 13 26
54 14 12
54 15 46
54 17 36
54 23 33
54 25 40
54 26 52
54 27 14
54 29 39
54 32 40
54 34 19
54 35 4
54 36 38
54 38 42
54 40 5
54 41 23
54 43 5
54 44 2
54 47 33
54 48 33
54 52 16
54 53 51
55 0 53
55 5 4
55 6 31
55 7 43
55 8 7
55 9 35
55 10 48
55 11 33
55 12 51
55 13 14
55 18 21
55 20 5
55 22 21
55 30 41
55 31 17
55 33 54
55 36 37
55 38 50
55 42 10
55 43 12
55 45 52
55 46 30
55 47 28
55 48 20
55 50 18
55 53 2
55 54 25
56 0 43
56 3 1
56 5 29
56 6 30
56 7 42
56 9 55
56 11 34
56 12 13
56 17 53
56 18 35
56 19 15
56 20 45
56 22 19
56 23 11
56 25 47
56 34 8
56 35 16
56 38 55
56 43 42
56 44 42
56 49 19
56 52 9
57 0 3
57 1 14
57 2 19
57 4 25
57 6 42
57 10 24
57 11 44
57 12 1
57 19 19
57 21 32
57 23 1
57 24 32
57 25 15
57 26 14
57 30 25
57 33 53
57 35 46
57 37 28
57 42 3
57 46 40
57 50 35
57 51 45
57 55 30
58 1 2
58 3 51
58 4 50
58 9 45
58 15 11
58 16 28
58 17 3
58 18 53
58 20 26
58 22 16
58 24 30
58 26 17
58 27 29
58 31 31
58 32 2
58 33 47
58 34 17
58 36 29
58 38 51
58 45 10
58 46 53
58 47 34
58 49 16
58 53 30
58 54 11
58 55 20
58 56 17
59 6 23
59 8 9
59 9 53
59 10 30
59 12 25
59 14 19
59 15 8
59 21 25
59 28 53
59 30 9
59 32 17
59 33 24
59 35 13
59 36 33
59 39 32
59 40 26
59 41 50
59 42 47
59 43 7
59 45 12
59 46 31
59 48 49
59 49 54
59 50 31
59 51 10
59 52 35
59 53 40
59 54 25
59 55 28
59 56 3
60 4 12
60 7 55
60 9 2
60 10 44
60 12 37
60 17 34
60 21 25
60 22 50
60 23 12
60 25 3
60 27 1
60 28 16
60 30 3
60 31 45
60 33 15
60 34 53
60 36 21
60 37 38
60 39 15
60 40 12
60 42 46
60 43 23
60 44 51
60 45 5
60 47 43
60 49 24
60 53 23
60 59 15
61 1 13
61 2 47
61 5 1
61 6 45
61 7 37
61 8 38
61 12 54
61 13 13
61 14 45
61 16 23
61 19 12
61 21 2
61 27 41
61 29 38
61 30 11
61 32 31
61 34 45
61 37 13
61 38 19
61 42 26
61 45 48
61 46 30
61 48 46
61 55 44
61 56 16
61 57 10
61 60 21
62 0 53
62 2 3
62 6 24
62 10 50
62 11 37
62 15 45
62 17 6
62 18 42
62 19 37
62 21 6
62 22 53
62 24 32
62 26 43
62 27 44
62 30 12
62 32 23
62 35 21
62 37 55
62 39 39
62 40 27
62 43 19
62 44 17
62 45 53
62 46 14
62 48 46
62 49 15
62 51 29
62 53 55
62 54 42
62 55 6
62 56 43
62 57 38
62 60 26
63 1 18
63 2 51
63 3 22
63 5 39
63 6 2
63 10 18
63 13 11
63 14 38
63 15 53
63 17 50
63 18 33
63 20 9
63 23 41
63 27 24
63 31 20
63 34 47
63 37 49
63 38 18
63 40 22
63 42 50
63 44 8
63 45 29
63 46 40
63 47 27
63 48 30
63 55 40
63 56 19
63 57 45
63 58 29
63 60 11
64 1 3
64 2 55
64 3 3
64 4 29
64 8 28
64 9 52
64 12 26
64 14 21
64 15 42
64 16 47
64 18 31
64 19 27
64 25 13
64 27 29
64 29 38
64 30 47
64 31 1
64 32 40
64 37 2
64 40 3
64 41 37
64 43 16
64 46 17
64 47 14
64 49 6
64 52 31
64 53 28
64 55 43
64 57 46
64 58 55
64 59 24
64 60 51
64 61 38
65 0 21
65 2 54
65 3 28
65 7 39
65 8 44
65 9 47
65 12 19
65 14 9
65 15 11
65 16 52
65 17 48
65 18 20
65 19 36
65 21 17
65 22 25
65 23 47
65 24 9
65 25 47
65 34 30
65 38 36
65 39 44
65 43 36
65 44 22
65 45 9
65 46 16
65 50 21
65 53 21
65 56 16
65 60 17
65 63 13
66 3 15
66 4 44
66 6 52
66 7 33
66 11 5
66 12 6
66 16 34
66 17 20
66 21 44
66 22 44
66 24 32
66 25 42
66 27 35
66 28 38
66 32 53
66 34 1
66 37 21
66 39 7
66 40 26
66 41 6
66 42 25
66 43 31
66 44 32
66 46 11
66 50 44
66 51 54
66 55 12
66 57 1
66 59 5
66 60 53
66 61 31
66 62 45
66 63 46
67 2 20
67 4 30
67 5 17
67 8 6
67 15 12
67 16 21
67 18 8
67 26 44
67 28 14
67 30 37
67 31 26
67 32 14
67 33 45
67 35 30
67 37 33
67 39 42
67 40 17
67 41 37
67 48 16
67 51 32
67 52 6
67 55 5
67 57 30
67 63 28
67 65 10
67 66 17
