35
1 0 36
2 1 19
3 0 50
4 1 32
5 0 39
6 1 49
6 2 6
6 3 26
6 4 46
7 0 51
7 1 36
7 2 29
7 3 16
7 4 39
7 5 37
8 1 42
8 2 24
8 3 45
8 4 35
8 5 13
9 2 49
9 4 28
9 5 1
9 6 54
9 7 17
10 2 3
10 4 45
10 5 20
10 7 51
10 8 26
10 9 13
11 0 3
11 1 36
11 2 17
11 3 6
11 5 24
11 6 57
11 7 14
11 8 19
11 10 15
12 0 47
12 1 24
12 6 37
12 7 27
12 9 40
13 1 18
13 2 42
13 3 1
13 5 47
13 6 1
13 7 10
13 8 41
13 9 3
13 11 10
14 2 47
14 4 22
14 6 39
14 8 39
14 12 1
15 0 57
15 2 4
15 4 15
15 7 41
15 10 26
15 12 6
15 13 37
15 14 31
16 3 33
16 6 14
16 7 12
16 8 3
16 9 21
16 11 25
16 14 10
16 15 40
17 5 19
17 9 22
17 12 42
17 13 1
17 15 37
18 2 50
18 3 25
18 4 34
18 5 47
18 8 44
18 10 26
18 11 56
18 14 28
18 15 44
18 17 23
19 0 4
19 4 4
19 6 19
19 7 35
19 8 40
19 10 48
19 11 26
19 12 33
19 13 20
19 15 34
19 16 51
19 18 48
20 3 24
20 4 20
20 7 42
20 8 54
20 9 42
20 10 28
20 11 19
20 12 26
20 13 5
20 14 18
20 15 21
20 17 7
20 18 46
21 0 47
21 2 1
21 4 20
21 6 48
21 9 22
21 10 24
21 11 35
21 13 49
21 14 32
21 16 45
21 17 8
21 20 32
22 1 45
22 4 53
22 5 17
22 7 52
22 9 1
22 12 31
22 13 6
22 15 2
22 16 40
22 19 53
22 20 54
23 1 40
23 9 50
23 10 52
23 11 3
23 12 14
23 13 6
23 14 47
23 17 25
23 18 41
23 19 41
23 21 46
23 22 53
24 0 29
24 1 47
24 3 19
24 7 46
24 8 57
24 9 11
24 11 25
24 13 2
24 14 5
24 16 30
24 17 41
24 18 11
24 20 53
24 21 29
24 23 8
25 0 28
25 3 20
25 4 43
25 5 16
25 6 53
25 7 29
25 12 57
25 14 41
25 15 46
25 16 25
25 17 8
25 19 4
25 20 37
25 22 41
26 1 40
26 3 34
26 5 1
26 6 57
26 7 20
26 9 37
26 11 37
26 17 10
26 20 43
26 21 56
26 23 3
26 24 47
26 25 40
27 2 20
27 3 55
27 5 14
27 6 27
27 7 29
27 9 24
27 10 3
27 12 2
27 13 52
27 14 49
27 15 31
27 16 7
27 17 33
27 18 9
27 19 20
27 22 12
27 23 12
27 24 15
27 25 42
27 26 2
28 2 42
28 3 44
28 5 26
28 6 28
28 7 51
28 8 14
28 9 17
28 10 37
28 12 43
28 14 18
28 16 41
28 17 8
28 18 10
28 19 37
28 21 5
28 22 1
28 23 50
28 25 43
28 26 42
29 0 55
29 1 46
29 5 21
29 8 16
29 10 19
29 11 35
29 13 45
29 14 24
29 15 37
29 17 14
29 22 53
29 23 57
29 24 53
29 25 22
29 27 36
29 28 12
30 2 23
30 3 10
30 5 15
30 6 29
30 9 14
30 11 38
30 14 56
30 15 8
30 17 26
30 19 51
30 20 28
30 23 11
30 25 29
30 28 8
30 29 45
31 1 57
31 3 23
31 5 49
31 6 27
31 7 1
31 8 21
31 9 4
31 10 49
31 12 11
31 14 9
31 17 26
31 19 42
31 23 6
31 27 2
31 28 40
31 29 53
31 30 57
32 1 2
32 3 18
32 7 55
32 8 42
32 9 44
32 21 12
32 23 1
32 24 3
32 25 19
32 26 5
32 30 50
32 31 9
33 2 47
33 3 19
33 4 20
33 5 6
33 10 31
33 12 6
33 16 51
33 17 28
33 22 3
33 23 54
33 24 37
33 27 14
33 31 18
34 0 36
34 1 36
34 4 32
34 5 22
34 7 45
34 8 17
34 11 41
34 12 25
34 13 4
34 14 38
34 20 7
34 22 50
34 24 44
34 26 52
34 27 43
34 28 42
34 32 20
34 33 55
