45
1 0 17
2 0 16
2 1 6
3 0 9
3 1 12
3 2 5
4 0 12
4 1 6
4 2 10
4 3 16
5 0 2
5 1 11
5 2 5
5 3 12
5 4 15
6 0 6
6 1 5
6 2 13
6 3 17
6 4 8
6 5 6
7 0 1
7 1 4
7 2 15
7 3 18
7 4 18
7 5 16
7 6 8
8 0 4
8 1 2
8 2 2
8 3 14
8 4 9
8 5 8
8 6 12
8 7 16
9 0 8
9 1 9
9 2 4
9 3 8
9 4 10
9 5 17
9 6 17
9 7 12
9 8 5
10 0 17
10 1 18
10 2 7
10 3 4
10 4 7
10 5 7
10 6 2
10 7 7
10 8 2
10 9 7
11 0 13
11 1 6
11 2 4
11 3 4
11 4 17
11 5 14
11 6 17
11 7 3
11 8 6
11 9 6
11 10 10
12 0 1
12 1 18
12 2 11
12 3 4
12 4 4
12 5 11
12 6 14
12 7 16
12 8 3
12 9 18
12 10 3
12 11 12
13 0 8
13 1 7
13 2 11
13 3 6
13 4 3
13 5 12
13 6 15
13 7 14
13 8 4
13 9 1
13 10 3
13 11 18
13 12 7
14 0 6
14 1 3
14 2 11
14 3 10
14 4 2
14 5 4
14 6 17
14 7 8
14 8 18
14 9 3
14 10 10
14 11 2
14 12 11
14 13 12
15 0 7
15 1 7
15 2 16
15 3 6
15 4 7
15 5 17
15 6 5
15 7 18
15 8 5
15 9 17
15 10 14
15 11 17
15 12 8
15 13 9
15 14 9
16 0 17
16 1 11
16 2 18
16 3 5
16 4 10
16 5 12
16 6 18
16 7 2
16 8 6
16 9 4
16 10 7
16 11 7
16 12 3
16 13 7
16 14 12
16 15 12
17 0 5
17 1 4
17 2 6
17 3 13
17 4 18
17 5 8
17 6 11
17 7 12
17 8 18
17 9 12
17 10 5
17 11 15
17 12 12
17 13 1
17 14 9
17 15 10
17 16 6
18 0 6
18 1 17
18 2 16
18 3 6
18 4 10
18 5 11
18 6 7
18 7 8
18 8 8
18 9 4
18 10 13
18 11 12
18 12 5
18 13 1
18 14 6
18 15 14
18 16 4
18 17 3
19 0 8
19 1 4
19 2 11
19 3 2
19 4 14
19 5 7
19 6 2
19 7 10
19 8 13
19 9 14
19 10 3
19 11 18
19 12 7
19 13 12
19 14 7
19 15 14
19 16 5
19 17 13
19 18 18
20 0 6
20 1 14
20 2 6
20 3 18
20 4 12
20 5 4
20 6 6
20 7 3
20 8 8
20 9 1
20 10 9
20 11 16
20 12 15
20 13 11
20 14 9
20 15 3
20 16 5
20 17 15
20 18 12
20 19 12
21 0 10
21 1 7
21 2 1
21 3 11
21 4 17
21 5 9
21 6 3
21 7 11
21 8 16
21 9 10
21 10 13
21 11 1
21 12 2
21 13 14
21 14 15
21 15 6
21 16 12
21 17 17
21 18 10
21 19 3
21 20 17
22 0 3
22 1 6
22 2 5
22 3 5
22 4 17
22 5 15
22 6 5
22 7 13
22 8 5
22 9 18
22 10 2
22 11 11
22 12 15
22 13 14
22 14 2
22 15 6
22 16 14
22 17 3
22 18 4
22 19 16
22 20 7
22 21 12
23 0 14
23 1 4
23 2 5
23 3 9
23 4 12
23 5 18
23 6 18
23 7 14
23 8 5
23 9 4
23 10 11
23 11 18
23 12 13
23 13 14
23 14 7
23 15 1
23 16 5
23 17 16
23 18 3
23 19 17
23 20 2
23 21 1
23 22 16
24 0 14
24 1 9
24 2 16
24 3 17
24 4 10
24 5 10
24 6 12
24 7 1
24 8 6
24 9 16
24 10 10
24 11 7
24 12 9
24 13 18
24 14 8
24 15 16
24 16 10
24 17 6
24 18 8
24 19 12
24 20 4
24 21 11
24 22 2
24 23 11
25 0 3
25 1 16
25 2 14
25 3 4
25 4 4
25 5 14
25 6 5
25 7 13
25 8 16
25 9 18
25 10 1
25 11 9
25 12 15
25 13 18
25 14 1
25 15 16
25 16 2
25 17 14
25 18 14
25 19 1
25 20 1
25 21 11
25 22 2
25 23 18
25 24 6
26 0 10
26 1 16
26 2 14
26 3 4
26 4 5
26 5 17
26 6 18
26 7 10
26 8 9
26 9 7
26 10 8
26 11 7
26 12 12
26 13 17
26 14 1
26 15 5
26 16 6
26 17 5
26 18 10
26 19 11
26 20 14
26 21 13
26 22 7
26 23 13
26 24 3
26 25 16
27 0 2
27 1 14
27 2 1
27 3 10
27 4 6
27 5 4
27 6 11
27 7 17
27 8 7
27 9 13
27 10 11
27 11 3
27 12 4
27 13 6
27 14 12
27 15 1
27 16 2
27 17 17
27 18 5
27 19 14
27 20 10
27 21 7
27 22 8
27 23 9
27 24 8
27 25 13
27 26 8
28 0 11
28 1 14
28 2 1
28 3 17
28 4 4
28 5 15
28 6 16
28 7 14
28 8 6
28 9 9
28 10 9
28 11 1
28 12 10
28 13 10
28 14 11
28 15 16
28 16 17
28 17 5
28 18 10
28 19 18
28 20 13
28 21 5
28 22 11
28 23 18
28 24 3
28 25 15
28 26 13
28 27 3
29 0 6
29 1 13
29 2 13
29 3 18
29 4 7
29 5 16
29 6 10
29 7 15
29 8 15
29 9 14
29 10 9
29 11 2
29 12 2
29 13 5
29 14 18
29 15 9
29 16 8
29 17 16
29 18 14
29 19 14
29 20 5
29 21 18
29 22 8
29 23 16
29 24 5
29 25 13
29 26 13
29 27 16
29 28 17
30 0 3
30 1 11
30 2 2
30 3 4
30 4 14
30 5 15
30 6 9
30 7 8
30 8 16
30 9 13
30 10 5
30 11 15
30 12 12
30 13 17
30 14 15
30 15 15
30 16 13
30 17 2
30 18 2
30 19 9
30 20 5
30 21 13
30 22 14
30 23 3
30 24 3
30 25 17
30 26 4
30 27 10
30 28 13
30 29 6
31 0 9
31 1 8
31 2 5
31 3 18
31 4 8
31 5 16
31 6 13
31 7 10
31 8 17
31 9 5
31 10 3
31 11 2
31 12 5
31 13 10
31 14 18
31 15 16
31 16 2
31 17 5
31 18 7
31 19 6
31 20 7
31 21 15
31 22 13
31 23 13
31 24 2
31 25 13
31 26 16
31 27 13
31 28 7
31 29 17
31 30 14
32 0 13
32 1 9
32 2 17
32 3 2
32 4 4
32 5 10
32 6 9
32 7 18
32 8 13
32 9 16
32 10 16
32 11 16
32 12 14
32 13 17
32 14 18
32 15 18
32 16 17
32 17 2
32 18 4
32 19 14
32 20 8
32 21 2
32 22 6
32 23 16
32 24 1
32 25 13
32 26 13
32 27 13
32 28 9
32 29 16
32 30 10
32 31 8
33 0 9
33 1 10
33 2 13
33 3 12
33 4 12
33 5 1
33 6 3
33 7 7
33 8 18
33 9 6
33 10 15
33 11 2
33 12 9
33 13 9
33 14 17
33 15 6
33 16 9
33 17 18
33 18 10
33 19 10
33 20 12
33 21 1
33 22 12
33 23 5
33 24 7
33 25 12
33 26 15
33 27 5
33 28 7
33 29 1
33 30 8
33 31 2
33 32 15
34 0 3
34 1 8
34 2 12
34 3 16
34 4 6
34 5 14
34 6 12
34 7 16
34 8 11
34 9 15
34 10 5
34 11 2
34 12 18
34 13 4
34 14 14
34 15 9
34 16 9
34 17 15
34 18 13
34 19 4
34 20 14
34 21 14
34 22 12
34 23 18
34 24 7
34 25 12
34 26 17
34 27 4
34 28 1
34 29 18
34 30 14
34 31 18
34 32 8
34 33 10
35 0 8
35 1 18
35 2 9
35 3 16
35 4 7
35 5 4
35 6 17
35 7 12
35 8 18
35 9 13
35 10 1
35 11 5
35 12 2
35 13 5
35 14 17
35 15 8
35 16 3
35 17 6
35 18 6
35 19 1
35 20 2
35 21 3
35 22 17
35 23 6
35 24 18
35 25 14
35 26 9
35 27 1
35 28 14
35 29 7
35 30 11
35 31 8
35 32 13
35 33 12
35 34 17
36 0 7
36 1 13
36 2 7
36 3 7
36 4 14
36 5 3
36 6 1
36 7 13
36 8 2
36 9 1
36 10 2
36 11 12
36 12 14
36 13 9
36 14 11
36 15 1
36 16 14
36 17 10
36 18 3
36 19 4
36 20 11
36 21 18
36 22 17
36 23 4
36 24 6
36 25 11
36 26 18
36 27 4
36 28 11
36 29 4
36 30 15
36 31 9
36 32 4
36 33 3
36 34 11
36 35 10
37 0 5
37 1 6
37 2 10
37 3 3
37 4 12
37 5 11
37 6 9
37 7 3
37 8 12
37 9 18
37 10 9
37 11 8
37 12 2
37 13 13
37 14 17
37 15 9
37 16 4
37 17 12
37 18 4
37 19 3
37 20 13
37 21 15
37 22 9
37 23 12
37 24 5
37 25 14
37 26 12
37 27 16
37 28 10
37 29 6
37 30 3
37 31 6
37 32 11
37 33 12
37 34 1
37 35 8
37 36 5
38 0 7
38 1 3
38 2 13
38 3 11
38 4 1
38 5 4
38 6 17
38 7 11
38 8 15
38 9 18
38 10 7
38 11 3
38 12 16
38 13 17
38 14 1
38 15 8
38 16 11
38 17 14
38 18 18
38 19 6
38 20 14
38 21 16
38 22 9
38 23 17
38 24 14
38 25 14
38 26 15
38 27 7
38 28 16
38 29 11
38 30 9
38 31 13
38 32 17
38 33 15
38 34 2
38 35 2
38 36 6
38 37 7
39 0 10
39 1 7
39 2 9
39 3 18
39 4 7
39 5 15
39 6 5
39 7 5
39 8 6
39 9 8
39 10 10
39 11 16
39 12 14
39 13 15
39 14 2
39 15 4
39 16 8
39 17 11
39 18 14
39 19 15
39 20 1
39 21 16
39 22 12
39 23 1
39 24 11
39 25 10
39 26 13
39 27 17
39 28 10
39 29 14
39 30 4
39 31 2
39 32 14
39 33 11
39 34 7
39 35 17
39 36 15
39 37 10
39 38 17
40 0 18
40 1 13
40 2 10
40 3 14
40 4 12
40 5 13
40 6 3
40 7 1
40 8 8
40 9 2
40 10 18
40 11 2
40 12 12
40 13 13
40 14 9
40 15 13
40 16 4
40 17 7
40 18 10
40 19 18
40 20 7
40 21 6
40 22 15
40 23 14
40 24 4
40 25 7
40 26 7
40 27 18
40 28 6
40 29 13
40 30 12
40 31 7
40 32 7
40 33 3
40 34 17
40 35 5
40 36 15
40 37 12
40 38 6
40 39 12
41 0 15
41 1 18
41 2 14
41 3 13
41 4 15
41 5 15
41 6 12
41 7 12
41 8 4
41 9 11
41 10 15
41 11 6
41 12 10
41 13 12
41 14 3
41 15 11
41 16 13
41 17 1
41 18 9
41 19 9
41 20 11
41 21 5
41 22 16
41 23 6
41 24 11
41 25 10
41 26 4
41 27 17
41 28 4
41 29 3
41 30 7
41 31 3
41 32 8
41 33 10
41 34 3
41 35 13
41 36 8
41 37 16
41 38 8
41 39 7
41 40 12
42 0 14
42 1 1
42 2 12
42 3 11
42 4 10
42 5 17
42 6 8
42 7 18
42 8 7
42 9 4
42 10 10
42 11 5
42 12 18
42 13 11
42 14 4
42 15 2
42 16 10
42 17 15
42 18 6
42 19 4
42 20 9
42 21 8
42 22 1
42 23 5
42 24 17
42 25 5
42 26 18
42 27 6
42 28 6
42 29 9
42 30 3
42 31 1
42 32 1
42 33 18
42 34 14
42 35 17
42 36 5
42 37 9
42 38 1
42 39 18
42 40 9
42 41 1
43 0 17
43 1 6
43 2 4
43 3 1
43 4 6
43 5 14
43 6 6
43 7 5
43 8 8
43 9 18
43 10 1
43 11 3
43 12 7
43 13 11
43 14 11
43 15 8
43 16 18
43 17 8
43 18 5
43 19 15
43 20 8
43 21 17
43 22 1
43 23 10
43 24 9
43 25 5
43 26 10
43 27 16
43 28 15
43 29 13
43 30 14
43 31 13
43 32 11
43 33 11
43 34 18
43 35 13
43 36 6
43 37 3
43 38 6
43 39 9
43 40 7
43 41 13
43 42 13
44 0 2
44 1 8
44 2 8
44 3 8
44 4 5
44 5 12
44 6 3
44 7 13
44 8 9
44 9 7
44 10 6
44 11 11
44 12 3
44 13 2
44 14 1
44 15 2
44 16 1
44 17 18
44 18 5
44 19 17
44 20 8
44 21 2
44 22 14
44 23 16
44 24 11
44 25 5
44 26 17
44 27 2
44 28 18
44 29 5
44 30 15
44 31 18
44 32 13
44 33 5
44 34 7
44 35 5
44 36 6
44 37 17
44 38 7
44 39 13
44 40 7
44 41 17
44 42 16
44 43 7
