24
1 0 42
2 0 21
2 1 22
3 0 7
3 1 9
3 2 34
4 3 14
5 1 13
5 3 4
6 1 8
6 4 19
7 1 11
7 2 42
7 3 9
7 5 32
8 0 9
8 1 41
8 3 13
9 1 15
9 3 13
9 4 6
9 5 38
9 6 4
9 7 1
10 3 34
10 4 18
10 5 27
10 7 38
11 0 1
11 1 28
11 2 16
11 4 17
11 6 33
11 7 14
11 8 14
12 6 26
13 0 19
13 1 20
13 5 1
13 7 23
13 8 41
13 9 25
13 10 16
13 12 38
14 3 16
14 5 4
14 6 10
14 7 35
14 8 24
14 9 30
14 10 41
14 11 24
14 13 31
15 3 40
15 5 28
15 7 28
15 8 39
15 9 5
15 10 25
15 11 17
15 14 41
16 1 27
16 4 40
16 5 21
16 6 7
16 10 36
16 11 1
16 14 29
16 15 26
17 0 5
17 2 27
17 3 2
17 4 8
17 6 33
17 7 34
17 11 3
17 12 10
17 14 27
17 16 37
18 1 6
18 5 29
18 7 35
18 8 37
18 10 6
18 15 12
18 17 28
19 6 32
19 9 5
19 11 39
19 14 36
19 15 35
19 18 41
20 0 19
20 3 9
20 11 29
20 12 31
20 16 36
20 18 28
20 19 23
21 3 7
21 7 7
21 9 30
21 11 30
21 13 13
22 2 15
22 4 10
22 7 15
22 10 24
22 11 35
22 13 10
22 15 34
22 16 9
22 17 41
22 18 17
22 19 41
22 21 6
23 0 23
23 1 27
23 2 18
23 7 32
23 8 22
23 9 34
23 11 41
23 12 10
23 13 1
23 14 17
23 16 25
23 19 13
23 20 6
23 21 40
