44
1 0 13
2 0 18
2 1 16
3 0 1
3 1 30
3 2 30
4 0 7
4 1 10
4 2 8
4 3 32
5 0 14
5 1 20
5 2 3
5 3 8
5 4 12
6 0 26
6 1 30
6 2 9
6 3 9
6 4 29
6 5 23
7 0 7
7 1 13
7 2 27
7 3 25
7 4 2
7 5 21
7 6 32
8 0 20
8 1 7
8 2 7
8 3 12
8 4 19
8 5 28
8 6 26
8 7 3
9 0 5
9 1 18
9 2 2
9 3 17
9 4 11
9 5 10
9 6 3
9 7 24
9 8 34
10 0 33
10 1 31
10 2 30
10 3 9
10 4 6
10 5 10
10 6 17
10 7 26
10 8 30
10 9 11
11 0 4
11 1 16
11 2 3
11 3 21
11 4 4
11 5 2
11 6 27
11 7 3
11 8 20
11 9 9
11 10 26
12 0 15
12 1 9
12 2 34
12 3 24
12 4 10
12 5 3
12 6 2
12 7 13
12 8 7
12 9 32
12 10 34
12 11 12
13 0 30
13 1 24
13 2 8
13 3 13
13 4 28
13 5 11
13 6 10
13 7 26
13 8 3
13 9 30
13 10 10
13 11 10
13 12 1
14 0 28
14 1 19
14 2 16
14 3 32
14 4 21
14 5 8
14 6 34
14 7 15
14 8 24
14 9 9
14 10 34
14 11 33
14 12 20
14 13 32
15 0 6
15 1 21
15 2 32
15 3 8
15 4 9
15 5 28
15 6 25
15 7 3
15 8 1
15 9 24
15 10 16
15 11 31
15 12 31
15 13 30
15 14 22
16 0 27
16 1 5
16 2 9
16 3 29
16 4 26
16 5 26
16 6 13
16 7 13
16 8 31
16 9 29
16 10 12
16 11 16
16 12 15
16 13 3
16 14 31
16 15 1
17 0 8
17 1 16
17 2 34
17 3 23
17 4 33
17 5 9
17 6 24
17 7 30
17 8 33
17 9 11
17 10 2
17 11 27
17 12 33
17 13 31
17 14 12
17 15 12
17 16 14
18 0 16
18 1 9
18 2 10
18 3 23
18 4 17
18 5 3
18 6 5
18 7 25
18 8 1
18 9 22
18 10 7
18 11 29
18 12 21
18 13 27
18 14 22
18 15 6
18 16 22
18 17 11
19 0 5
19 1 33
19 2 19
19 3 10
19 4 8
19 5 6
19 6 8
19 7 17
19 8 25
19 9 29
19 10 19
19 11 20
19 12 33
19 13 26
19 14 33
19 15 26
19 16 2
19 17 27
19 18 15
20 0 6
20 1 10
20 2 13
20 3 18
20 4 33
20 5 32
20 6 34
20 7 27
20 8 16
20 9 23
20 10 12
20 11 17
20 12 2
20 13 9
20 14 22
20 15 23
20 16 13
20 17 27
20 18 11
20 19 12
21 0 15
21 1 32
21 2 9
21 3 27
21 4 20
21 5 16
21 6 1
21 7 7
21 8 23
21 9 31
21 10 20
21 11 5
21 12 14
21 13 32
21 14 34
21 15 7
21 16 12
21 17 33
21 18 28
21 19 14
21 20 14
22 0 5
22 1 33
22 2 1
22 3 12
22 4 19
22 5 17
22 6 12
22 7 1
22 8 11
22 9 25
22 10 22
22 11 17
22 12 6
22 13 15
22 14 11
22 15 15
22 16 13
22 17 33
22 18 9
22 19 13
22 20 4
22 21 21
23 0 24
23 1 19
23 2 30
23 3 22
23 4 27
23 5 23
23 6 18
23 7 1
23 8 13
23 9 24
23 10 23
23 11 3
23 12 5
23 13 18
23 14 32
23 15 9
23 16 8
23 17 31
23 18 2
23 19 23
23 20 7
23 21 19
23 22 3
24 0 18
24 1 18
24 2 25
24 3 26
24 4 17
24 5 22
24 6 30
24 7 7
24 8 30
24 9 17
24 10 18
24 11 10
24 12 14
24 13 18
24 14 25
24 15 19
24 16 7
24 17 25
24 18 21
24 19 6
24 20 31
24 21 19
24 22 6
24 23 18
25 0 10
25 1 24
25 2 21
25 3 21
25 4 22
25 5 2
25 6 6
25 7 32
25 8 28
25 9 8
25 10 21
25 11 32
25 12 27
25 13 31
25 14 6
25 15 28
25 16 6
25 17 2
25 18 27
25 19 20
25 20 26
25 21 33
25 22 24
25 23 20
25 24 12
26 0 6
26 1 22
26 2 26
26 3 5
26 4 16
26 5 17
26 6 15
26 7 27
26 8 19
26 9 27
26 10 20
26 11 23
26 12 1
26 13 31
26 14 14
26 15 32
26 16 12
26 17 10
26 18 7
26 19 19
26 20 20
26 21 17
26 22 17
26 23 5
26 24 25
26 25 20
27 0 3
27 1 29
27 2 25
27 3 8
27 4 15
27 5 33
27 6 5
27 7 33
27 8 13
27 9 6
27 10 12
27 11 21
27 12 19
27 13 2
27 14 32
27 15 21
27 16 16
27 17 20
27 18 12
27 19 15
27 20 15
27 21 12
27 22 30
27 23 8
27 24 22
27 25 14
27 26 29
28 0 24
28 1 14
28 2 27
28 3 22
28 4 10
28 5 30
28 6 24
28 7 16
28 8 33
28 9 34
28 10 13
28 11 11
28 12 22
28 13 25
28 14 14
28 15 28
28 16 29
28 17 9
28 18 27
28 19 3
28 20 31
28 21 14
28 22 8
28 23 20
28 24 1
28 25 28
28 26 14
28 27 17
29 0 14
29 1 33
29 2 5
29 3 14
29 4 12
29 5 4
29 6 24
29 7 9
29 8 19
29 9 20
29 10 21
29 11 11
29 12 19
29 13 4
29 14 4
29 15 21
29 16 29
29 17 32
29 18 19
29 19 11
29 20 32
29 21 10
29 22 17
29 23 33
29 24 17
29 25 32
29 26 30
29 27 12
29 28 23
30 0 10
30 1 27
30 2 15
30 3 20
30 4 8
30 5 33
30 6 6
30 7 7
30 8 15
30 9 8
30 10 11
30 11 24
30 12 4
30 13 13
30 14 1
30 15 6
30 16 6
30 17 2
30 18 26
30 19 11
30 20 16
30 21 28
30 22 33
30 23 13
30 24 17
30 25 19
30 26 10
30 27 19
30 28 28
30 29 14
31 0 2
31 1 15
31 2 1
31 3 23
31 4 8
31 5 24
31 6 22
31 7 24
31 8 4
31 9 11
31 10 6
31 11 30
31 12 21
31 13 34
31 14 17
31 15 18
31 16 16
31 17 21
31 18 4
31 19 26
31 20 11
31 21 16
31 22 24
31 23 13
31 24 11
31 25 25
31 26 19
31 27 21
31 28 1
31 29 25
31 30 27
32 0 21
32 1 27
32 2 27
32 3 17
32 4 3
32 5 20
32 6 33
32 7 10
32 8 11
32 9 1
32 10 18
32 11 31
32 12 21
32 13 22
32 14 30
32 15 21
32 16 23
32 17 20
32 18 25
32 19 34
32 20 27
32 21 8
32 22 24
32 23 31
32 24 15
32 25 2
32 26 27
32 27 29
32 28 32
32 29 16
32 30 19
32 31 11
33 0 18
33 1 3
33 2 25
33 3 14
33 4 7
33 5 32
33 6 12
33 7 3
33 8 32
33 9 11
33 10 17
33 11 25
33 12 33
33 13 18
33 14 8
33 15 1
33 16 28
33 17 5
33 18 21
33 19 33
33 20 33
33 21 27
33 22 28
33 23 33
33 24 21
33 25 33
33 26 33
33 27 8
33 28 18
33 29 27
33 30 23
33 31 15
33 32 20
34 0 18
34 1 8
34 2 8
34 3 18
34 4 19
34 5 25
34 6 10
34 7 9
34 8 26
34 9 6
34 10 6
34 11 17
34 12 26
34 13 26
34 14 24
34 15 18
34 16 13
34 17 30
34 18 31
34 19 21
34 20 9
34 21 3
34 22 5
34 23 11
34 24 19
34 25 20
34 26 25
34 27 18
34 28 32
34 29 4
34 30 19
34 31 3
34 32 28
34 33 14
35 0 7
35 1 9
35 2 34
35 3 6
35 4 18
35 5 30
35 6 9
35 7 1
35 8 26
35 9 1
35 10 31
35 11 7
35 12 28
35 13 10
35 14 34
35 15 34
35 16 10
35 17 30
35 18 28
35 19 24
35 20 26
35 21 29
35 22 29
35 23 1
35 24 14
35 25 16
35 26 12
35 27 21
35 28 3
35 29 10
35 30 11
35 31 30
35 32 34
35 33 21
35 34 5
36 0 10
36 1 15
36 2 15
36 3 25
36 4 9
36 5 34
36 6 30
36 7 18
36 8 21
36 9 20
36 10 26
36 11 28
36 12 19
36 13 30
36 14 1
36 15 7
36 16 1
36 17 8
36 18 26
36 19 10
36 20 7
36 21 4
36 22 19
36 23 29
36 24 30
36 25 14
36 26 28
36 27 32
36 28 34
36 29 15
36 30 32
36 31 28
36 32 16
36 33 17
36 34 33
36 35 26
37 0 7
37 1 1
37 2 5
37 3 29
37 4 21
37 5 33
37 6 3
37 7 17
37 8 17
37 9 21
37 10 22
37 11 18
37 12 27
37 13 21
37 14 7
37 15 11
37 16 23
37 17 10
37 18 30
37 19 9
37 20 28
37 21 19
37 22 32
37 23 31
37 24 5
37 25 16
37 26 7
37 27 24
37 28 6
37 29 28
37 30 8
37 31 16
37 32 17
37 33 18
37 34 2
37 35 18
37 36 27
38 0 16
38 1 6
38 2 18
38 3 15
38 4 11
38 5 2
38 6 5
38 7 16
38 8 15
38 9 3
38 10 15
38 11 33
38 12 24
38 13 29
38 14 11
38 15 31
38 16 34
38 17 26
38 18 18
38 19 2
38 20 27
38 21 2
38 22 32
38 23 6
38 24 31
38 25 32
38 26 9
38 27 16
38 28 11
38 29 8
38 30 19
38 31 27
38 32 34
38 33 32
38 34 26
38 35 34
38 36 18
38 37 16
39 0 11
39 1 18
39 2 20
39 3 14
39 4 23
39 5 32
39 6 8
39 7 11
39 8 15
39 9 15
39 10 15
39 11 18
39 12 1
39 13 34
39 14 24
39 15 13
39 16 3
39 17 32
39 18 14
39 19 34
39 20 20
39 21 9
39 22 12
39 23 30
39 24 32
39 25 29
39 26 17
39 27 20
39 28 15
39 29 34
39 30 8
39 31 11
39 32 2
39 33 22
39 34 34
39 35 22
39 36 20
39 37 34
39 38 26
40 0 34
40 1 14
40 2 26
40 3 21
40 4 1
40 5 8
40 6 4
40 7 28
40 8 9
40 9 28
40 10 25
40 11 32
40 12 30
40 13 27
40 14 12
40 15 8
40 16 6
40 17 17
40 18 27
40 19 31
40 20 32
40 21 24
40 22 25
40 23 23
40 24 20
40 25 30
40 26 5
40 27 14
40 28 29
40 29 33
40 30 13
40 31 26
40 32 20
40 33 10
40 34 21
40 35 1
40 36 25
40 37 14
40 38 27
40 39 33
41 0 19
41 1 25
41 2 6
41 3 30
41 4 29
41 5 28
41 6 19
41 7 12
41 8 17
41 9 23
41 10 20
41 11 28
41 12 25
41 13 22
41 14 13
41 15 4
41 16 32
41 17 21
41 18 4
41 19 9
41 20 1
41 21 22
41 22 14
41 23 8
41 24 6
41 25 2
41 26 14
41 27 25
41 28 3
41 29 4
41 30 25
41 31 28
41 32 32
41 33 4
41 34 7
41 35 4
41 36 9
41 37 2
41 38 18
41 39 10
41 40 24
42 0 9
42 1 12
42 2 7
42 3 26
42 4 31
42 5 5
42 6 22
42 7 8
42 8 7
42 9 26
42 10 12
42 11 14
42 12 7
42 13 28
42 14 16
42 15 17
42 16 20
42 17 15
42 18 8
42 19 30
42 20 27
42 21 16
42 22 27
42 23 13
42 24 22
42 25 20
42 26 29
42 27 27
42 28 2
42 29 32
42 30 30
42 31 17
42 32 9
42 33 31
42 34 15
42 35 11
42 36 19
42 37 21
42 38 33
42 39 19
42 40 14
42 41 24
43 0 23
43 1 27
43 2 30
43 3 2
43 4 25
43 5 7
43 6 6
43 7 8
43 8 3
43 9 17
43 10 26
43 11 15
43 12 26
43 13 10
43 14 13
43 15 5
43 16 11
43 17 28
43 18 11
43 19 27
43 20 29
43 21 18
43 22 20
43 23 30
43 24 26
43 25 15
43 26 26
43 27 32
43 28 4
43 29 24
43 30 21
43 31 8
43 32 8
43 33 22
43 34 8
43 35 18
43 36 6
43 37 5
43 38 18
43 39 29
43 40 28
43 41 5
43 42 29
