25
1 0 11
2 0 35
2 1 26
3 0 13
3 1 5
3 2 33
4 0 12
4 1 54
4 2 30
4 3 38
5 0 20
5 1 38
5 2 3
5 3 51
5 4 37
6 0 22
6 1 35
6 2 14
6 3 45
6 4 34
6 5 2
7 0 9
7 1 32
7 2 48
7 3 13
7 4 16
7 5 42
7 6 52
8 0 61
8 1 22
8 2 28
8 3 18
8 4 5
8 5 23
8 6 61
8 7 45
9 0 3
9 1 22
9 2 32
9 3 11
9 4 38
9 5 1
9 6 9
9 7 3
9 8 32
10 0 52
10 1 48
10 2 58
10 3 12
10 4 22
10 5 46
10 6 38
10 7 59
10 8 27
10 9 41
11 0 63
11 1 25
11 2 28
11 3 23
11 4 46
11 5 12
11 6 35
11 7 2
11 8 41
11 9 57
11 10 50
12 0 25
12 1 42
12 2 52
12 3 25
12 4 17
12 5 59
12 6 24
12 7 13
12 8 6
12 9 3
12 10 52
12 11 52
13 0 52
13 1 30
13 2 48
13 3 49
13 4 20
13 5 59
13 6 34
13 7 32
13 8 64
13 9 3
13 10 48
13 11 13
13 12 2
14 0 59
14 1 13
14 2 55
14 3 23
14 4 45
14 5 1
14 6 28
14 7 65
14 8 11
14 9 59
14 10 10
14 11 8
14 12 18
14 13 57
15 0 39
15 1 39
15 2 29
15 3 35
15 4 33
15 5 5
15 6 9
15 7 1
15 8 58
15 9 39
15 10 34
15 11 25
15 12 4
15 13 48
15 14 64
16 0 22
16 1 21
16 2 9
16 3 19
16 4 24
16 5 62
16 6 59
16 7 38
16 8 40
16 9 4
16 10 47
16 11 64
16 12 3
16 13 37
16 14 33
16 15 9
17 0 5
17 1 48
17 2 20
17 3 58
17 4 20
17 5 38
17 6 58
17 7 20
17 8 10
17 9 13
17 10 29
17 11 33
17 12 47
17 13 17
17 14 11
17 15 43
17 16 59
18 0 35
18 1 42
18 2 2
18 3 49
18 4 26
18 5 20
18 6 9
18 7 40
18 8 21
18 9 37
18 10 15
18 11 27
18 12 58
18 13 5
18 14 53
18 15 15
18 16 2
18 17 36
19 0 51
19 1 64
19 2 30
19 3 52
19 4 34
19 5 57
19 6 4
19 7 4
19 8 58
19 9 66
19 10 28
19 11 64
19 12 1
19 13 6
19 14 33
19 15 22
19 16 31
19 17 28
19 18 36
20 0 50
20 1 60
20 2 24
20 3 48
20 4 64
20 5 35
20 6 6
20 7 37
20 8 10
20 9 64
20 10 20
20 11 56
20 12 47
20 13 8
20 14 13
20 15 19
20 16 10
20 17 31
20 18 63
20 19 43
21 0 19
21 1 35
21 2 17
21 3 11
21 4 47
21 5 52
21 6 66
21 7 42
21 8 21
21 9 1
21 10 62
21 11 21
21 12 25
21 13 63
21 14 65
21 15 42
21 16 19
21 17 50
21 18 29
21 19 17
21 20 8
22 0 41
22 1 23
22 2 14
22 3 45
22 4 32
22 5 52
22 6 56
22 7 33
22 8 56
22 9 44
22 10 58
22 11 3
22 12 5
22 13 38
22 14 7
22 15 10
22 16 27
22 17 35
22 18 8
22 19 22
22 20 4
22 21 48
23 0 19
23 1 45
23 2 54
23 3 47
23 4 1
23 5 10
23 6 2
23 7 38
23 8 41
23 9 53
23 10 61
23 11 64
23 12 56
23 13 14
23 14 54
23 15 7
23 16 28
23 17 59
23 18 20
23 19 9
23 20 22
23 21 51
23 22 54
24 0 29
24 1 61
24 2 50
24 3 2
24 4 53
24 5 46
24 6 17
24 7 59
24 8 30
24 9 31
24 10 59
24 11 30
24 12 25
24 13 30
24 14 57
24 15 34
24 16 47
24 17 19
24 18 58
24 19 13
24 20 44
24 21 2
24 22 23
24 23 29
