40
1 0 51
2 0 42
2 1 56
3 0 1
3 1 57
3 2 24
4 0 12
4 1 24
4 2 6
4 3 6
5 0 41
5 1 28
5 2 13
5 3 12
5 4 36
6 0 35
6 1 43
6 2 55
6 3 24
6 4 6
6 5 30
7 0 5
7 1 45
7 2 26
7 3 35
7 4 51
7 5 21
7 6 50
8 0 21
8 1 12
8 2 39
8 3 8
8 4 12
8 5 1
8 6 4
8 7 9
9 0 39
9 1 48
9 2 23
9 3 18
9 4 11
9 5 17
9 6 39
9 7 9
9 8 23
10 0 12
10 1 9
10 2 42
10 3 47
10 4 29
10 5 8
10 6 16
10 7 33
10 8 24
10 9 7
11 0 33
11 1 2
11 2 49
11 3 28
11 4 17
11 5 2
11 6 11
11 7 56
11 8 16
11 9 36
11 10 23
12 0 4
12 1 17
12 2 41
12 3 40
12 4 18
12 5 3
12 6 7
12 7 50
12 8 49
12 9 22
12 10 37
12 11 4
13 0 27
13 1 39
13 2 33
13 3 33
13 4 31
13 5 16
13 6 20
13 7 7
13 8 28
13 9 12
13 10 18
13 11 31
13 12 49
14 0 38
14 1 11
14 2 44
14 3 29
14 4 49
14 5 20
14 6 42
14 7 36
14 8 17
14 9 55
14 10 26
14 11 9
14 12 41
14 13 48
15 0 31
15 1 10
15 2 57
15 3 25
15 4 31
15 5 19
15 6 51
15 7 21
15 8 23
15 9 12
15 10 23
15 11 13
15 12 34
15 13 10
15 14 14
16 0 52
16 1 37
16 2 16
16 3 28
16 4 26
16 5 28
16 6 17
16 7 31
16 8 3
16 9 23
16 10 38
16 11 53
16 12 56
16 13 42
16 14 11
16 15 29
17 0 32
17 1 46
17 2 40
17 3 17
17 4 14
17 5 18
17 6 57
17 7 50
17 8 21
17 9 18
17 10 45
17 11 53
17 12 37
17 13 48
17 14 21
17 15 36
17 16 50
18 0 16
18 1 32
18 2 47
18 3 42
18 4 21
18 5 40
18 6 12
18 7 35
18 8 27
18 9 55
18 10 1
18 11 43
18 12 16
18 13 25
18 14 41
18 15 19
18 16 10
18 17 22
19 0 6
19 1 2
19 2 57
19 3 49
19 4 21
19 5 21
19 6 54
19 7 35
19 8 15
19 9 45
19 10 41
19 11 47
19 12 37
19 13 26
19 14 7
19 15 7
19 16 21
19 17 46
19 18 56
20 0 3
20 1 1
20 2 46
20 3 53
20 4 50
20 5 33
20 6 19
20 7 16
20 8 16
20 9 6
20 10 41
20 11 16
20 12 32
20 13 2
20 14 2
20 15 23
20 16 5
20 17 27
20 18 15
20 19 20
21 0 27
21 1 6
21 2 15
21 3 56
21 4 29
21 5 56
21 6 40
21 7 33
21 8 40
21 9 39
21 10 57
21 11 37
21 12 18
21 13 33
21 14 51
21 15 39
21 16 55
21 17 1
21 18 27
21 19 23
21 20 10
22 0 49
22 1 26
22 2 5
22 3 42
22 4 33
22 5 22
22 6 39
22 7 19
22 8 51
22 9 47
22 10 8
22 11 7
22 12 31
22 13 37
22 14 31
22 15 13
22 16 51
22 17 11
22 18 52
22 19 55
22 20 14
22 21 49
23 0 34
23 1 42
23 2 9
23 3 18
23 4 50
23 5 37
23 6 12
23 7 19
23 8 2
23 9 15
23 10 48
23 11 8
23 12 57
23 13 11
23 14 18
23 15 41
23 16 23
23 17 20
23 18 57
23 19 20
23 20 41
23 21 3
23 22 19
24 0 16
24 1 30
24 2 20
24 3 23
24 4 39
24 5 26
24 6 11
24 7 41
24 8 47
24 9 5
24 10 28
24 11 46
24 12 19
24 13 53
24 14 50
24 15 45
24 16 4
24 17 21
24 18 57
24 19 44
24 20 47
24 21 57
24 22 36
24 23 1
25 0 50
25 1 47
25 2 38
25 3 1
25 4 12
25 5 20
25 6 5
25 7 55
25 8 49
25 9 29
25 10 23
25 11 25
25 12 42
25 13 39
25 14 55
25 15 3
25 16 47
25 17 34
25 18 20
25 19 27
25 20 38
25 21 43
25 22 44
25 23 7
25 24 32
26 0 37
26 1 52
26 2 17
26 3 42
26 4 50
26 5 49
26 6 48
26 7 33
26 8 53
26 9 12
26 10 12
26 11 38
26 12 23
26 13 4
26 14 46
26 15 5
26 16 37
26 17 44
26 18 54
26 19 21
26 20 27
26 21 41
26 22 37
26 23 56
26 24 56
26 25 21
27 0 15
27 1 12
27 2 52
27 3 18
27 4 36
27 5 1
27 6 13
27 7 9
27 8 14
27 9 50
27 10 20
27 11 26
27 12 25
27 13 1
27 14 41
27 15 3
27 16 56
27 17 22
27 18 22
27 19 29
27 20 18
27 21 19
27 22 47
27 23 19
27 24 7
27 25 43
27 26 8
28 0 31
28 1 27
28 2 14
28 3 34
28 4 27
28 5 26
28 6 36
28 7 42
28 8 54
28 9 50
28 10 36
28 11 44
28 12 12
28 13 39
28 14 41
28 15 11
28 16 20
28 17 10
28 18 32
28 19 13
28 20 53
28 21 7
28 22 12
28 23 15
28 24 12
28 25 10
28 26 17
28 27 44
29 0 5
29 1 28
29 2 47
29 3 41
29 4 39
29 5 17
29 6 5
29 7 29
29 8 10
29 9 46
29 10 3
29 11 30
29 12 15
29 13 39
29 14 15
29 15 25
29 16 33
29 17 9
29 18 50
29 19 23
29 20 32
29 21 15
29 22 24
29 23 45
29 24 57
29 25 48
29 26 41
29 27 25
29 28 55
30 0 26
30 1 39
30 2 19
30 3 50
30 4 8
30 5 57
30 6 1
30 7 19
30 8 46
30 9 5
30 10 32
30 11 11
30 12 32
30 13 40
30 14 37
30 15 38
30 16 21
30 17 6
30 18 57
30 19 18
30 20 46
30 21 38
30 22 24
30 23 49
30 24 51
30 25 14
30 26 7
30 27 28
30 28 57
30 29 53
31 0 4
31 1 11
31 2 41
31 3 46
31 4 28
31 5 1
31 6 46
31 7 42
31 8 46
31 9 11
31 10 43
31 11 37
31 12 37
31 13 7
31 14 44
31 15 33
31 16 45
31 17 1
31 18 49
31 19 18
31 20 56
31 21 50
31 22 31
31 23 51
31 24 10
31 25 18
31 26 22
31 27 49
31 28 29
31 29 18
31 30 18
32 0 56
32 1 6
32 2 37
32 3 16
32 4 17
32 5 37
32 6 50
32 7 5
32 8 17
32 9 1
32 10 11
32 11 6
32 12 38
32 13 44
32 14 8
32 15 17
32 16 4
32 17 56
32 18 18
32 19 47
32 20 37
32 21 50
32 22 31
32 23 9
32 24 25
32 25 20
32 26 6
32 27 25
32 28 49
32 29 56
32 30 41
32 31 21
33 0 42
33 1 29
33 2 54
33 3 14
33 4 43
33 5 38
33 6 39
33 7 31
33 8 19
33 9 49
33 10 7
33 11 14
33 12 7
33 13 14
33 14 31
33 15 2
33 16 39
33 17 50
33 18 16
33 19 51
33 20 9
33 21 15
33 22 18
33 23 31
33 24 50
33 25 27
33 26 1
33 27 7
33 28 16
33 29 26
33 30 2
33 31 52
33 32 25
34 0 22
34 1 20
34 2 44
34 3 20
34 4 6
34 5 2
34 6 52
34 7 32
34 8 55
34 9 15
34 10 3
34 11 43
34 12 49
34 13 30
34 14 7
34 15 35
34 16 49
34 17 7
34 18 43
34 19 48
34 20 54
34 21 21
34 22 46
34 23 14
34 24 4
34 25 15
34 26 13
34 27 15
34 28 49
34 29 13
34 30 55
34 31 25
34 32 9
34 33 23
35 0 8
35 1 31
35 2 19
35 3 37
35 4 12
35 5 24
35 6 33
35 7 4
35 8 10
35 9 44
35 10 57
35 11 43
35 12 54
35 13 28
35 14 8
35 15 4
35 16 19
35 17 17
35 18 10
35 19 49
35 20 24
35 21 32
35 22 50
35 23 57
35 24 13
35 25 40
35 26 18
35 27 34
35 28 52
35 29 44
35 30 39
35 31 28
35 32 54
35 33 42
35 34 41
36 0 56
36 1 53
36 2 43
36 3 38
36 4 48
36 5 3
36 6 25
36 7 46
36 8 4
36 9 28
36 10 54
36 11 3
36 12 10
36 13 56
36 14 21
36 15 40
36 16 26
36 17 25
36 18 34
36 19 52
36 20 2
36 21 34
36 22 53
36 23 18
36 24 23
36 25 45
36 26 49
36 27 28
36 28 37
36 29 18
36 30 50
36 31 43
36 32 51
36 33 10
36 34 23
36 35 7
37 0 20
37 1 10
37 2 44
37 3 23
37 4 7
37 5 20
37 6 18
37 7 4
37 8 45
37 9 31
37 10 45
37 11 3
37 12 6
37 13 32
37 14 28
37 15 42
37 16 30
37 17 49
37 18 19
37 19 47
37 20 35
37 21 18
37 22 7
37 23 47
37 24 5
37 25 53
37 26 10
37 27 14
37 28 17
37 29 48
37 30 53
37 31 53
37 32 28
37 33 10
37 34 12
37 35 54
37 36 3
38 0 52
38 1 18
38 2 2
38 3 24
38 4 36
38 5 49
38 6 34
38 7 34
38 8 21
38 9 21
38 10 29
38 11 32
38 12 47
38 13 1
38 14 30
38 15 26
38 16 6
38 17 41
38 18 51
38 19 52
38 20 16
38 21 39
38 22 24
38 23 46
38 24 42
38 25 13
38 26 14
38 27 1
38 28 1
38 29 13
38 30 48
38 31 5
38 32 32
38 33 38
38 34 17
38 35 11
38 36 39
38 37 7
39 0 42
39 1 19
39 2 26
39 3 4
39 4 12
39 5 50
39 6 38
39 7 28
39 8 49
39 9 5
39 10 48
39 11 6
39 12 57
39 13 43
39 14 47
39 15 4
39 16 9
39 17 25
39 18 42
39 19 13
39 20 36
39 21 2
39 22 9
39 23 57
39 24 51
39 25 17
39 26 47
39 27 43
39 28 51
39 29 37
39 30 9
39 31 56
39 32 4
39 33 47
39 34 32
39 35 42
39 36 43
39 37 27
39 38 8
