66
1 0 1
2 0 25
2 1 4
3 2 20
4 3 54
5 2 32
5 3 29
5 4 34
6 0 24
6 2 8
6 3 9
6 5 11
7 2 54
7 3 27
7 4 20
7 6 30
8 2 46
9 0 50
9 3 52
9 4 39
9 5 42
9 6 24
9 7 29
9 8 50
10 2 23
10 4 30
10 7 15
10 9 19
11 0 36
11 3 2
11 4 31
11 5 45
11 6 37
11 9 38
11 10 43
12 0 9
12 1 20
12 3 20
12 6 12
12 7 40
12 11 51
13 1 38
13 3 19
13 4 52
13 6 17
13 7 13
13 10 17
13 11 50
14 2 33
14 4 31
14 6 15
14 7 36
14 8 2
14 9 52
14 10 43
14 11 28
14 12 48
14 13 16
15 1 14
15 2 24
15 3 45
15 4 14
15 5 28
15 6 7
15 9 39
15 10 1
15 11 28
15 13 31
16 1 14
16 2 42
16 5 54
16 7 57
16 8 11
16 10 15
16 12 47
16 14 35
16 15 45
17 0 35
17 5 10
17 7 23
17 9 22
17 10 23
17 12 55
17 13 33
17 16 9
18 0 15
18 3 36
18 6 29
18 7 33
18 8 53
18 9 9
18 10 2
18 11 17
18 13 47
18 15 25
18 16 25
19 0 2
19 4 49
19 5 36
19 6 1
19 7 42
19 10 15
19 11 3
19 13 40
19 14 4
19 18 35
20 0 44
20 1 10
20 5 51
20 6 54
20 9 13
20 11 51
20 12 45
20 13 29
20 15 26
20 17 33
20 18 33
21 0 31
21 3 11
21 5 25
21 9 19
21 11 25
21 12 24
21 13 19
21 14 39
21 15 2
21 17 56
21 18 45
21 19 45
21 20 38
22 0 46
22 1 1
22 2 12
22 3 15
22 13 3
22 17 28
22 18 43
22 20 18
23 1 34
23 2 51
23 3 36
23 5 6
23 6 46
23 10 15
23 11 15
23 13 12
23 15 39
23 17 35
23 18 25
24 0 56
24 1 20
24 2 16
24 3 5
24 4 34
24 6 38
24 7 21
24 13 57
24 16 30
24 17 1
24 18 39
24 21 12
25 1 39
25 2 8
25 3 48
25 5 16
25 6 27
25 7 36
25 9 23
25 11 56
25 12 35
25 13 56
25 16 26
25 17 17
25 18 15
25 19 13
25 20 56
25 21 52
25 22 27
26 1 1
26 2 37
26 3 48
26 6 23
26 7 5
26 8 33
26 9 31
26 11 31
26 12 13
26 13 54
26 15 43
26 16 8
26 19 17
26 20 45
26 21 39
26 22 6
26 23 28
26 25 4
27 1 48
27 2 1
27 3 22
27 4 51
27 5 47
27 9 57
27 11 2
27 12 8
27 14 1
27 15 35
27 20 8
27 22 43
27 23 40
27 24 38
27 25 12
28 0 29
28 1 47
28 5 54
28 7 43
28 8 30
28 9 15
28 12 48
28 15 1
28 16 14
28 17 25
28 18 38
28 19 13
28 21 45
28 22 51
28 25 34
28 26 27
29 0 55
29 1 28
29 2 41
29 8 26
29 10 48
29 11 27
29 14 38
29 17 37
29 20 55
29 21 44
29 22 8
29 24 42
29 25 54
29 27 16
29 28 49
30 1 5
30 7 51
30 10 45
30 12 3
30 14 13
30 15 36
30 16 22
30 17 17
30 18 45
30 19 48
30 20 46
30 23 25
30 26 32
30 28 51
30 29 56
31 0 57
31 1 21
31 2 6
31 5 5
31 6 12
31 7 44
31 9 46
31 13 2
31 16 26
31 19 19
31 21 53
31 23 52
31 26 36
31 28 45
31 29 3
32 1 46
32 3 33
32 4 54
32 6 51
32 7 26
32 11 15
32 12 23
32 13 26
32 14 18
32 15 14
32 16 40
32 18 48
32 21 47
32 31 55
33 1 33
33 3 40
33 6 34
33 8 50
33 11 32
33 13 22
33 15 37
33 17 20
33 20 46
33 21 43
33 28 55
33 30 19
33 31 55
34 0 5
34 1 19
34 2 28
34 4 28
34 5 14
34 8 50
34 9 18
34 10 40
34 11 39
34 12 40
34 13 19
34 14 2
34 15 48
34 16 15
34 18 43
34 23 12
34 24 26
34 27 10
34 28 33
34 29 34
34 30 16
34 31 32
34 33 27
35 1 41
35 2 41
35 3 54
35 7 37
35 10 11
35 11 57
35 13 8
35 14 35
35 16 40
35 26 44
35 28 39
35 29 11
35 31 46
35 34 44
36 0 20
36 1 44
36 2 33
36 3 14
36 6 31
36 9 36
36 10 26
36 11 16
36 12 2
36 15 31
36 18 35
36 20 13
36 21 7
36 23 7
36 24 38
36 25 41
36 26 2
36 28 55
36 30 14
36 31 37
36 33 24
36 35 3
37 0 31
37 2 40
37 4 40
37 6 35
37 7 5
37 11 14
37 12 43
37 13 35
37 14 28
37 16 3
37 17 55
37 20 22
37 29 35
37 32 9
37 33 36
37 35 2
38 0 33
38 1 26
38 2 49
38 3 8
38 5 22
38 6 6
38 8 4
38 9 32
38 10 39
38 11 35
38 13 6
38 14 49
38 17 11
38 20 42
38 21 36
38 22 16
38 23 24
38 25 46
38 26 51
38 29 2
38 30 35
38 33 27
38 34 34
38 35 12
38 37 17
39 0 38
39 1 27
39 2 9
39 4 6
39 5 25
39 6 38
39 7 28
39 10 56
39 13 9
39 16 20
39 17 8
39 19 45
39 24 21
39 25 7
39 26 57
39 27 41
39 30 3
39 32 48
39 33 27
40 5 18
40 6 42
40 9 18
40 10 40
40 12 28
40 15 13
40 17 56
40 18 24
40 24 51
40 25 56
40 26 9
40 28 57
40 29 2
40 30 20
40 31 49
40 32 42
40 35 38
40 36 35
40 38 45
40 39 53
41 0 25
41 2 31
41 3 24
41 7 36
41 8 27
41 12 19
41 13 11
41 18 18
41 19 37
41 20 36
41 23 39
41 24 13
41 25 13
41 27 10
41 36 20
41 37 10
41 39 16
42 3 7
42 4 47
42 9 51
42 10 17
42 11 24
42 18 10
42 19 57
42 21 44
42 22 8
42 23 2
42 25 14
42 32 22
42 34 31
42 36 16
42 37 2
42 38 24
42 39 27
43 0 41
43 2 9
43 4 18
43 5 34
43 9 4
43 10 16
43 14 29
43 15 27
43 16 25
43 17 26
43 18 51
43 21 52
43 22 7
43 24 9
43 26 31
43 27 36
43 29 2
43 30 49
43 32 42
43 33 53
43 35 1
43 37 8
43 42 57
44 2 19
44 3 31
44 4 13
44 7 19
44 8 20
44 10 11
44 12 33
44 13 55
44 14 29
44 15 51
44 16 31
44 19 44
44 24 12
44 25 48
44 26 41
44 27 15
44 29 15
44 30 47
44 32 1
44 36 27
44 38 44
44 41 5
44 43 20
45 5 57
45 8 14
45 12 52
45 14 15
45 15 30
45 17 15
45 18 8
45 19 52
45 21 24
45 26 18
45 27 45
45 28 7
45 30 14
45 32 21
45 33 12
45 34 13
45 36 54
45 39 35
45 42 41
45 43 31
45 44 37
46 0 13
46 2 39
46 8 42
46 13 27
46 15 56
46 21 9
46 22 35
46 24 36
46 25 46
46 27 45
46 35 46
46 38 53
46 39 20
46 40 6
46 41 4
46 42 55
46 44 21
47 1 12
47 2 41
47 3 30
47 4 24
47 8 27
47 9 16
47 10 12
47 11 43
47 12 15
47 13 19
47 14 41
47 15 46
47 16 39
47 20 9
47 21 28
47 23 23
47 25 26
47 27 23
47 31 35
47 32 35
47 33 18
47 37 35
47 38 15
47 40 28
47 41 54
47 45 41
48 6 51
48 7 51
48 8 20
48 9 29
48 11 47
48 12 50
48 13 53
48 14 31
48 16 41
48 19 5
48 20 4
48 22 20
48 25 38
48 26 55
48 27 54
48 30 10
48 34 49
48 35 15
48 36 31
48 37 17
48 38 13
48 39 2
48 44 27
48 45 46
49 0 12
49 1 56
49 7 42
49 8 12
49 9 23
49 10 10
49 13 3
49 14 31
49 15 51
49 16 51
49 17 40
49 18 12
49 20 56
49 21 38
49 23 49
49 26 26
49 29 43
49 30 23
49 31 28
49 32 20
49 33 8
49 34 55
49 35 44
49 37 37
49 40 20
49 41 26
49 42 15
49 44 54
49 47 28
49 48 42
50 3 53
50 4 4
50 7 49
50 9 57
50 11 44
50 12 35
50 15 15
50 16 47
50 18 56
50 19 39
50 20 13
50 21 54
50 22 28
50 24 31
50 25 45
50 28 48
50 30 13
50 33 9
50 37 50
50 39 21
50 40 42
50 44 2
50 45 10
50 46 53
51 0 7
51 4 51
51 5 1
51 9 39
51 10 32
51 11 46
51 13 56
51 14 11
51 17 4
51 18 3
51 21 1
51 22 51
51 23 24
51 24 41
51 28 20
51 29 23
51 31 52
51 34 49
51 38 2
51 44 12
51 48 49
51 49 46
51 50 16
52 1 52
52 2 28
52 5 45
52 6 18
52 7 21
52 9 21
52 11 26
52 16 32
52 18 33
52 19 35
52 21 26
52 23 45
52 25 36
52 28 6
52 29 26
52 30 34
52 31 34
52 32 22
52 33 52
52 38 16
52 39 46
52 43 26
52 45 3
52 49 46
52 50 9
53 0 28
53 1 33
53 5 20
53 6 11
53 10 17
53 11 13
53 13 12
53 16 13
53 19 7
53 22 11
53 23 29
53 25 1
53 26 48
53 27 31
53 29 28
53 30 47
53 32 2
53 33 57
53 35 30
53 36 8
53 37 2
53 38 46
53 40 34
53 41 23
53 43 29
53 44 49
53 46 23
53 47 3
53 50 21
53 51 14
53 52 26
54 4 9
54 5 23
54 11 45
54 12 32
54 16 50
54 19 47
54 22 5
54 24 11
54 25 30
54 26 8
54 29 55
54 31 18
54 36 51
54 37 10
54 38 42
54 39 44
54 40 46
54 43 52
54 46 3
54 48 49
54 49 39
54 50 38
54 51 25
55 0 17
55 2 41
55 3 1
55 5 25
55 6 10
55 7 12
55 8 52
55 9 30
55 11 14
55 12 10
55 13 19
55 14 9
55 21 3
55 25 6
55 26 22
55 28 42
55 29 41
55 32 12
55 35 21
55 36 24
55 39 48
55 41 39
55 42 15
55 46 24
55 47 24
55 50 35
56 0 22
56 3 32
56 7 42
56 8 6
56 9 39
56 10 13
56 11 48
56 12 26
56 14 50
56 15 54
56 18 2
56 20 13
56 22 21
56 24 23
56 26 12
56 28 22
56 29 43
56 33 31
56 36 50
56 38 28
56 41 43
56 43 7
56 45 9
56 47 33
56 48 5
56 52 23
56 54 40
56 55 40
57 0 54
57 3 14
57 4 44
57 8 2
57 10 37
57 11 37
57 13 41
57 14 39
57 17 31
57 19 3
57 20 41
57 21 42
57 23 38
57 24 18
57 25 4
57 26 46
57 29 25
57 30 21
57 32 39
57 33 35
57 35 1
57 36 28
57 38 31
57 39 26
57 47 57
57 48 22
57 50 50
57 53 51
57 54 9
57 55 43
58 0 44
58 1 20
58 5 7
58 7 10
58 8 56
58 10 7
58 13 26
58 15 50
58 17 10
58 21 33
58 24 30
58 26 15
58 27 6
58 28 23
58 32 53
58 33 45
58 34 57
58 38 23
58 41 36
58 42 27
58 43 12
58 44 6
58 46 43
58 53 50
58 54 35
58 56 47
58 57 28
59 0 55
59 3 16
59 7 42
59 11 24
59 14 38
59 17 18
59 18 57
59 19 11
59 21 19
59 22 10
59 25 54
59 26 50
59 28 57
59 31 3
59 32 44
59 36 5
59 40 54
59 41 16
59 44 29
59 45 39
59 46 5
59 54 51
59 55 22
60 0 9
60 2 41
60 3 11
60 5 19
60 7 44
60 9 22
60 10 11
60 14 25
60 15 45
60 17 56
60 18 46
60 19 8
60 20 57
60 22 3
60 23 55
60 26 36
60 27 35
60 28 14
60 35 1
60 36 2
60 37 12
60 38 50
60 40 53
60 41 9
60 42 29
60 43 50
60 44 5
60 46 9
60 47 38
60 48 35
60 50 27
60 54 34
60 55 5
60 56 26
60 57 14
60 58 6
61 4 1
61 6 47
61 7 11
61 10 13
61 12 25
61 16 5
61 17 39
61 19 31
61 20 5
61 22 10
61 23 49
61 24 7
61 26 41
61 30 29
61 31 37
61 32 27
61 35 3
61 36 4
61 38 25
61 39 26
61 40 10
61 41 11
61 43 51
61 44 33
61 45 29
61 46 32
61 51 56
61 52 44
61 53 38
61 54 52
61 58 28
61 59 43
61 60 48
62 1 56
62 3 32
62 4 39
62 5 39
62 6 25
62 9 6
62 10 10
62 12 1
62 15 7
62 16 11
62 18 33
62 19 28
62 20 41
62 22 16
62 23 9
62 26 32
62 29 56
62 30 40
62 32 42
62 33 48
62 36 39
62 37 55
62 38 40
62 39 10
62 40 19
62 41 28
62 43 26
62 44 36
62 45 56
62 48 44
62 50 25
62 51 21
62 52 17
62 54 45
62 61 4
63 2 27
63 4 18
63 5 19
63 7 41
63 8 36
63 15 41
63 17 2
63 18 45
63 20 39
63 26 42
63 27 32
63 29 46
63 30 3
63 40 17
63 42 42
63 45 29
63 46 42
63 50 31
63 52 16
63 55 22
63 56 49
63 59 56
63 61 35
64 0 57
64 5 23
64 6 8
64 8 48
64 10 33
64 11 26
64 12 42
64 15 13
64 16 20
64 18 38
64 20 6
64 24 21
64 27 3
64 29 3
64 30 26
64 33 37
64 35 3
64 38 29
64 39 49
64 42 50
64 43 57
64 47 24
64 48 30
64 50 39
64 52 33
64 54 14
64 56 17
64 58 27
64 61 34
64 62 57
65 0 54
65 6 10
65 8 57
65 9 11
65 10 49
65 11 33
65 12 1
65 14 48
65 15 19
65 16 39
65 17 28
65 18 20
65 19 2
65 23 1
65 27 7
65 28 42
65 31 56
65 35 45
65 36 33
65 37 35
65 43 28
65 45 37
65 46 23
65 48 24
65 49 23
65 50 43
65 52 48
65 53 26
65 54 39
65 55 45
65 56 39
65 58 32
65 59 50
65 60 17
65 61 2
65 63 50
65 64 26
