27
1 0 12
2 0 9
2 1 9
3 0 16
3 1 16
3 2 14
4 0 10
4 1 4
4 2 6
4 3 5
5 0 6
5 1 15
5 2 5
5 3 1
5 4 12
6 0 9
6 1 12
6 2 5
6 3 2
6 4 5
6 5 5
7 0 17
7 1 14
7 2 15
7 3 17
7 4 12
7 5 8
7 6 15
8 0 7
8 1 3
8 2 1
8 3 3
8 4 5
8 5 6
8 6 17
8 7 3
9 0 9
9 1 3
9 2 15
9 3 9
9 4 16
9 5 10
9 6 10
9 7 4
9 8 1
10 0 16
10 1 12
10 2 14
10 3 8
10 4 11
10 5 7
10 6 2
10 7 13
10 8 5
10 9 3
11 0 16
11 1 11
11 2 14
11 3 2
11 4 13
11 5 4
11 6 17
11 7 2
11 8 15
11 9 8
11 10 2
12 0 8
12 1 15
12 2 13
12 3 11
12 4 11
12 5 4
12 6 14
12 7 3
12 8 3
12 9 10
12 10 4
12 11 11
13 0 4
13 1 3
13 2 1
13 3 10
13 4 2
13 5 8
13 6 6
13 7 14
13 8 6
13 9 9
13 10 11
13 11 14
13 12 15
14 0 10
14 1 3
14 2 1
14 3 7
14 4 7
14 5 5
14 6 12
14 7 14
14 8 4
14 9 3
14 10 9
14 11 7
14 12 11
14 13 3
15 0 11
15 1 13
15 2 6
15 3 2
15 4 2
15 5 10
15 6 8
15 7 7
15 8 3
15 9 5
15 10 9
15 11 11
15 12 5
15 13 12
15 14 3
16 0 8
16 1 10
16 2 17
16 3 1
16 4 16
16 5 5
16 6 13
16 7 7
16 8 7
16 9 5
16 10 11
16 11 7
16 12 10
16 13 10
16 14 1
16 15 16
17 0 5
17 1 2
17 2 3
17 3 9
17 4 1
17 5 14
17 6 11
17 7 14
17 8 16
17 9 9
17 10 4
17 11 13
17 12 2
17 13 1
17 14 4
17 15 6
17 16 3
18 0 5
18 1 17
18 2 15
18 3 14
18 4 3
18 5 9
18 6 13
18 7 8
18 8 13
18 9 8
18 10 6
18 11 5
18 12 1
18 13 16
18 14 8
18 15 11
18 16 12
18 17 11
19 0 9
19 1 10
19 2 10
19 3 12
19 4 11
19 5 4
19 6 2
19 7 12
19 8 11
19 9 3
19 10 8
19 11 5
19 12 1
19 13 6
19 14 16
19 15 14
19 16 6
19 17 14
19 18 2
20 0 10
20 1 4
20 2 3
20 3 17
20 4 13
20 5 3
20 6 17
20 7 14
20 8 1
20 9 13
20 10 16
20 11 3
20 12 14
20 13 12
20 14 8
20 15 11
20 16 11
20 17 7
20 18 10
20 19 6
21 0 12
21 1 1
21 2 17
21 3 7
21 4 13
21 5 13
21 6 6
21 7 16
21 8 15
21 9 13
21 10 11
21 11 12
21 12 4
21 13 12
21 14 16
21 15 15
21 16 14
21 17 13
21 18 15
21 19 1
21 20 13
22 0 10
22 1 1
22 2 6
22 3 13
22 4 11
22 5 10
22 6 10
22 7 14
22 8 5
22 9 10
22 10 3
22 11 16
22 12 17
22 13 17
22 14 13
22 15 4
22 16 5
22 17 7
22 18 8
22 19 14
22 20 4
22 21 12
23 0 13
23 1 8
23 2 1
23 3 4
23 4 7
23 5 16
23 6 5
23 7 9
23 8 14
23 9 3
23 10 12
23 11 17
23 12 14
23 13 17
23 14 15
23 15 2
23 16 11
23 17 6
23 18 7
23 19 6
23 20 11
23 21 4
23 22 16
24 0 5
24 1 2
24 2 13
24 3 16
24 4 4
24 5 5
24 6 1
24 7 15
24 8 3
24 9 6
24 10 15
24 11 8
24 12 12
24 13 6
24 14 6
24 15 10
24 16 2
24 17 9
24 18 15
24 19 7
24 20 3
24 21 5
24 22 9
24 23 7
25 0 9
25 1 4
25 2 13
25 3 9
25 4 9
25 5 4
25 6 6
25 7 7
25 8 4
25 9 1
25 10 1
25 11 12
25 12 9
25 13 1
25 14 5
25 15 11
25 16 17
25 17 13
25 18 10
25 19 16
25 20 13
25 21 16
25 22 5
25 23 17
25 24 5
26 0 9
26 1 4
26 2 1
26 3 4
26 4 3
26 5 15
26 6 3
26 7 8
26 8 13
26 9 6
26 10 11
26 11 7
26 12 11
26 13 1
26 14 9
26 15 3
26 16 17
26 17 9
26 18 15
26 19 13
26 20 12
26 21 13
26 22 10
26 23 17
26 24 12
26 25 9
