37
1 0 20
2 0 13
2 1 20
3 0 12
3 1 12
3 2 26
4 0 19
4 1 5
4 2 12
4 3 11
5 0 15
5 1 8
5 2 12
5 3 15
5 4 22
6 0 8
6 1 12
6 2 1
6 3 9
6 4 17
6 5 24
7 0 14
7 1 4
7 2 20
7 3 12
7 4 24
7 5 8
7 6 27
8 0 16
8 1 3
8 2 25
8 3 26
8 4 13
8 5 23
8 6 5
8 7 1
9 0 19
9 1 14
9 2 19
9 3 21
9 4 16
9 5 25
9 6 3
9 7 14
9 8 10
10 0 7
10 1 23
10 2 20
10 3 13
10 4 11
10 5 9
10 6 1
10 7 13
10 8 16
10 9 22
11 0 15
11 1 13
11 2 22
11 3 10
11 4 11
11 5 19
11 6 24
11 7 10
11 8 12
11 9 7
11 10 15
12 0 8
12 1 27
12 2 6
12 3 19
12 4 23
12 5 16
12 6 23
12 7 24
12 8 8
12 9 18
12 10 9
12 11 25
13 0 6
13 1 13
13 2 15
13 3 22
13 4 5
13 5 11
13 6 13
13 7 16
13 8 4
13 9 14
13 10 9
13 11 18
13 12 10
14 0 24
14 1 26
14 2 21
14 3 2
14 4 3
14 5 11
14 6 24
14 7 21
14 8 18
14 9 9
14 10 8
14 11 4
14 12 12
14 13 2
15 0 24
15 1 8
15 2 5
15 3 20
15 4 5
15 5 2
15 6 14
15 7 11
15 8 10
15 9 27
15 10 14
15 11 1
15 12 6
15 13 27
15 14 1
16 0 2
16 1 6
16 2 25
16 3 22
16 4 20
16 5 3
16 6 7
16 7 12
16 8 12
16 9 1
16 10 18
16 11 19
16 12 20
16 13 26
16 14 7
16 15 15
17 0 4
17 1 13
17 2 20
17 3 26
17 4 24
17 5 1
17 6 21
17 7 24
17 8 16
17 9 26
17 10 10
17 11 19
17 12 12
17 13 27
17 14 25
17 15 9
17 16 18
18 0 5
18 1 5
18 2 14
18 3 1
18 4 12
18 5 16
18 6 7
18 7 8
18 8 4
18 9 17
18 10 26
18 11 2
18 12 27
18 13 22
18 14 7
18 15 6
18 16 27
18 17 24
19 0 12
19 1 6
19 2 15
19 3 8
19 4 13
19 5 21
19 6 7
19 7 15
19 8 2
19 9 8
19 10 26
19 11 22
19 12 2
19 13 24
19 14 23
19 15 4
19 16 3
19 17 13
19 18 8
20 0 11
20 1 19
20 2 20
20 3 21
20 4 6
20 5 10
20 6 24
20 7 4
20 8 23
20 9 25
20 10 3
20 11 4
20 12 26
20 13 3
20 14 13
20 15 16
20 16 13
20 17 23
20 18 4
20 19 8
21 0 25
21 1 25
21 2 27
21 3 12
21 4 22
21 5 10
21 6 20
21 7 27
21 8 24
21 9 5
21 10 20
21 11 24
21 12 3
21 13 23
21 14 15
21 15 25
21 16 3
21 17 12
21 18 4
21 19 6
21 20 23
22 0 14
22 1 11
22 2 3
22 3 13
22 4 11
22 5 1
22 6 20
22 7 10
22 8 24
22 9 12
22 10 10
22 11 2
22 12 20
22 13 24
22 14 24
22 15 24
22 16 10
22 17 23
22 18 14
22 19 22
22 20 19
22 21 22
23 0 26
23 1 10
23 2 20
23 3 24
23 4 19
23 5 12
23 6 8
23 7 11
23 8 6
23 9 8
23 10 15
23 11 24
23 12 26
23 13 11
23 14 14
23 15 7
23 16 24
23 17 8
23 18 20
23 19 13
23 20 24
23 21 6
23 22 27
24 0 16
24 1 16
24 2 27
24 3 3
24 4 13
24 5 6
24 6 2
24 7 20
24 8 7
24 9 19
24 10 11
24 11 22
24 12 13
24 13 3
24 14 2
24 15 10
24 16 4
24 17 19
24 18 18
24 19 22
24 20 23
24 21 21
24 22 13
24 23 2
25 0 20
25 1 8
25 2 12
25 3 15
25 4 8
25 5 24
25 6 14
25 7 21
25 8 5
25 9 12
25 10 9
25 11 9
25 12 3
25 13 20
25 14 16
25 15 8
25 16 12
25 17 7
25 18 7
25 19 25
25 20 27
25 21 23
25 22 23
25 23 3
25 24 26
26 0 24
26 1 25
26 2 3
26 3 4
26 4 5
26 5 16
26 6 3
26 7 15
26 8 3
26 9 22
26 10 3
26 11 11
26 12 5
26 13 2
26 14 17
26 15 18
26 16 22
26 17 17
26 18 5
26 19 14
26 20 7
26 21 20
26 22 27
26 23 26
26 24 20
26 25 5
27 0 5
27 1 6
27 2 3
27 3 27
27 4 25
27 5 26
27 6 7
27 7 20
27 8 5
27 9 21
27 10 7
27 11 25
27 12 15
27 13 14
27 14 6
27 15 24
27 16 22
27 17 7
27 18 22
27 19 17
27 20 11
27 21 3
27 22 9
27 23 14
27 24 27
27 25 2
27 26 6
28 0 4
28 1 23
28 2 20
28 3 21
28 4 20
28 5 13
28 6 11
28 7 9
28 8 4
28 9 21
28 10 27
28 11 12
28 12 19
28 13 8
28 14 25
28 15 8
28 16 9
28 17 8
28 18 16
28 19 3
28 20 14
28 21 10
28 22 8
28 23 27
28 24 15
28 25 26
28 26 25
28 27 16
29 0 20
29 1 7
29 2 4
29 3 4
29 4 11
29 5 8
29 6 14
29 7 17
29 8 6
29 9 12
29 10 17
29 11 25
29 12 26
29 13 3
29 14 26
29 15 25
29 16 20
29 17 3
29 18 10
29 19 15
29 20 17
29 21 21
29 22 26
29 23 16
29 24 12
29 25 16
29 26 11
29 27 24
29 28 4
30 0 1
30 1 7
30 2 23
30 3 10
30 4 4
30 5 7
30 6 13
30 7 2
30 8 15
30 9 24
30 10 18
30 11 25
30 12 7
30 13 23
30 14 7
30 15 3
30 16 17
30 17 26
30 18 24
30 19 7
30 20 16
30 21 19
30 22 1
30 23 19
30 24 25
30 25 16
30 26 15
30 27 15
30 28 5
30 29 2
31 0 11
31 1 2
31 2 23
31 3 3
31 4 3
31 5 7
31 6 11
31 7 12
31 8 6
31 9 3
31 10 22
31 11 23
31 12 7
31 13 10
31 14 9
31 15 12
31 16 5
31 17 18
31 18 24
31 19 22
31 20 24
31 21 14
31 22 14
31 23 18
31 24 9
31 25 2
31 26 22
31 27 6
31 28 23
31 29 2
31 30 11
32 0 22
32 1 23
32 2 13
32 3 5
32 4 22
32 5 15
32 6 4
32 7 4
32 8 11
32 9 26
32 10 27
32 11 21
32 12 22
32 13 15
32 14 16
32 15 3
32 16 8
32 17 26
32 18 14
32 19 9
32 20 3
32 21 21
32 22 23
32 23 14
32 24 10
32 25 8
32 26 25
32 27 12
32 28 23
32 29 24
32 30 25
32 31 2
33 0 6
33 1 23
33 2 11
33 3 21
33 4 3
33 5 16
33 6 1
33 7 18
33 8 27
33 9 11
33 10 7
33 11 13
33 12 3
33 13 8
33 14 12
33 15 23
33 16 6
33 17 1
33 18 11
33 19 25
33 20 17
33 21 10
33 22 1
33 23 19
33 24 19
33 25 26
33 26 13
33 27 17
33 28 25
33 29 18
33 30 1
33 31 5
33 32 16
34 0 3
34 1 26
34 2 13
34 3 16
34 4 12
34 5 14
34 6 3
34 7 11
34 8 6
34 9 13
34 10 5
34 11 4
34 12 16
34 13 25
34 14 14
34 15 3
34 16 21
34 17 10
34 18 27
34 19 16
34 20 9
34 21 12
34 22 13
34 23 10
34 24 5
34 25 11
34 26 19
34 27 18
34 28 9
34 29 12
34 30 20
34 31 22
34 32 3
34 33 19
35 0 21
35 1 25
35 2 1
35 3 24
35 4 10
35 5 8
35 6 26
35 7 22
35 8 26
35 9 19
35 10 16
35 11 9
35 12 10
35 13 8
35 14 7
35 15 27
35 16 24
35 17 23
35 18 22
35 19 12
35 20 11
35 21 13
35 22 14
35 23 24
35 24 6
35 25 6
35 26 1
35 27 24
35 28 15
35 29 27
35 30 27
35 31 22
35 32 18
35 33 2
35 34 23
36 0 16
36 1 21
36 2 10
36 3 17
36 4 2
36 5 17
36 6 8
36 7 12
36 8 19
36 9 23
36 10 24
36 11 2
36 12 19
36 13 27
36 14 11
36 15 12
36 16 16
36 17 23
36 18 13
36 19 27
36 20 25
36 21 26
36 22 5
36 23 22
36 24 19
36 25 24
36 26 13
36 27 8
36 28 12
36 29 12
36 30 19
36 31 12
36 32 11
36 33 26
36 34 10
36 35 18
