70
1 0 42
2 0 35
2 1 2
3 0 12
3 1 14
3 2 6
4 0 37
4 1 23
4 2 29
4 3 27
5 0 11
5 1 6
5 2 24
5 3 28
5 4 17
6 0 5
6 1 27
6 2 15
6 3 42
6 4 35
6 5 21
7 0 1
7 1 38
7 2 46
7 3 22
7 4 23
7 5 32
7 6 32
8 0 16
8 1 24
8 2 30
8 3 3
8 4 31
8 5 23
8 6 32
8 7 15
9 0 39
9 1 22
9 2 34
9 3 24
9 4 39
9 5 42
9 6 34
9 7 23
9 8 35
10 0 37
10 1 10
10 2 20
10 3 11
10 4 17
10 5 34
10 6 16
10 7 13
10 8 2
10 9 41
11 0 28
11 1 33
11 2 34
11 3 19
11 4 6
11 5 28
11 6 17
11 7 14
11 8 44
11 9 18
11 10 12
12 0 22
12 1 19
12 2 10
12 3 8
12 4 8
12 5 4
12 6 9
12 7 27
12 8 2
12 9 5
12 10 13
12 11 28
13 0 32
13 1 24
13 2 40
13 3 45
13 4 12
13 5 2
13 6 39
13 7 34
13 8 6
13 9 5
13 10 43
13 11 22
13 12 31
14 0 11
14 1 12
14 2 23
14 3 13
14 4 42
14 5 4
14 6 3
14 7 16
14 8 34
14 9 9
14 10 28
14 11 13
14 12 24
14 13 27
15 0 41
15 1 41
15 2 12
15 3 2
15 4 41
15 5 10
15 6 30
15 7 7
15 8 21
15 9 14
15 10 11
15 11 34
15 12 35
15 13 45
15 14 18
16 0 29
16 1 44
16 2 30
16 3 38
16 4 9
16 5 4
16 6 6
16 7 17
16 8 18
16 9 18
16 10 25
16 11 5
16 12 2
16 13 11
16 14 46
16 15 43
17 0 19
17 1 1
17 2 24
17 3 25
17 4 36
17 5 27
17 6 28
17 7 7
17 8 1
17 9 23
17 10 9
17 11 20
17 12 33
17 13 38
17 14 43
17 15 27
17 16 21
18 0 15
18 1 9
18 2 23
18 3 40
18 4 11
18 5 1
18 6 14
18 7 46
18 8 6
18 9 6
18 10 40
18 11 36
18 12 24
18 13 20
18 14 13
18 15 44
18 16 2
18 17 3
19 0 37
19 1 21
19 2 23
19 3 23
19 4 14
19 5 10
19 6 4
19 7 13
19 8 46
19 9 1
19 10 28
19 11 41
19 12 5
19 13 29
19 14 24
19 15 13
19 16 27
19 17 26
19 18 46
20 0 7
20 1 2
20 2 44
20 3 17
20 4 13
20 5 35
20 6 34
20 7 35
20 8 15
20 9 5
20 10 34
20 11 36
20 12 41
20 13 2
20 14 26
20 15 17
20 16 31
20 17 13
20 18 25
20 19 20
21 0 10
21 1 11
21 2 37
21 3 25
21 4 24
21 5 18
21 6 17
21 7 9
21 8 15
21 9 45
21 10 38
21 11 12
21 12 3
21 13 14
21 14 11
21 15 19
21 16 37
21 17 37
21 18 38
21 19 3
21 20 19
22 0 24
22 1 46
22 2 29
22 3 3
22 4 13
22 5 27
22 6 31
22 7 28
22 8 2
22 9 19
22 10 41
22 11 25
22 12 11
22 13 30
22 14 40
22 15 34
22 16 44
22 17 13
22 18 25
22 19 29
22 20 2
22 21 44
23 0 26
23 1 8
23 2 3
23 3 45
23 4 30
23 5 22
23 6 15
23 7 2
23 8 9
23 9 40
23 10 4
23 11 3
23 12 28
23 13 34
23 14 24
23 15 20
23 16 25
23 17 33
23 18 11
23 19 5
23 20 38
23 21 42
23 22 32
24 0 36
24 1 19
24 2 1
24 3 9
24 4 35
24 5 16
24 6 36
24 7 28
24 8 15
24 9 4
24 10 2
24 11 17
24 12 2
24 13 18
24 14 24
24 15 35
24 16 37
24 17 28
24 18 29
24 19 37
24 20 36
24 21 9
24 22 26
24 23 26
25 0 37
25 1 32
25 2 40
25 3 7
25 4 16
25 5 26
25 6 28
25 7 45
25 8 31
25 9 27
25 10 44
25 11 16
25 12 20
25 13 33
25 14 6
25 15 37
25 16 37
25 17 25
25 18 44
25 19 18
25 20 14
25 21 41
25 22 39
25 23 24
25 24 18
26 0 6
26 1 43
26 2 41
26 3 42
26 4 8
26 5 4
26 6 4
26 7 27
26 8 13
26 9 36
26 10 24
26 11 26
26 12 10
26 13 42
26 14 42
26 15 14
26 16 12
26 17 21
26 18 17
26 19 25
26 20 7
26 21 2
26 22 43
26 23 9
26 24 4
26 25 7
27 0 11
27 1 4
27 2 9
27 3 32
27 4 3
27 5 17
27 6 4
27 7 28
27 8 35
27 9 21
27 10 31
27 11 9
27 12 15
27 13 16
27 14 43
27 15 16
27 16 24
27 17 16
27 18 34
27 19 24
27 20 31
27 21 29
27 22 30
27 23 17
27 24 39
27 25 14
27 26 16
28 0 21
28 1 23
28 2 27
28 3 10
28 4 15
28 5 39
28 6 30
28 7 1
28 8 39
28 9 29
28 10 44
28 11 5
28 12 23
28 13 43
28 14 12
28 15 43
28 16 22
28 17 9
28 18 27
28 19 23
28 20 9
28 21 29
28 22 41
28 23 29
28 24 43
28 25 39
28 26 45
28 27 11
29 0 32
29 1 44
29 2 18
29 3 5
29 4 9
29 5 45
29 6 38
29 7 29
29 8 2
29 9 45
29 10 20
29 11 35
29 12 5
29 13 12
29 14 20
29 15 1
29 16 44
29 17 42
29 18 8
29 19 17
29 20 27
29 21 46
29 22 15
29 23 2
29 24 42
29 25 27
29 26 15
29 27 2
29 28 41
30 0 6
30 1 22
30 2 32
30 3 9
30 4 14
30 5 14
30 6 16
30 7 21
30 8 38
30 9 40
30 10 11
30 11 3
30 12 1
30 13 30
30 14 11
30 15 34
30 16 28
30 17 27
30 18 37
30 19 7
30 20 5
30 21 31
30 22 13
30 23 36
30 24 25
30 25 15
30 26 33
30 27 25
30 28 9
30 29 11
31 0 25
31 1 35
31 2 20
31 3 20
31 4 35
31 5 25
31 6 37
31 7 35
31 8 38
31 9 5
31 10 13
31 11 11
31 12 45
31 13 40
31 14 46
31 15 26
31 16 35
31 17 38
31 18 45
31 19 5
31 20 21
31 21 22
31 22 34
31 23 5
31 24 44
31 25 11
31 26 37
31 27 31
31 28 35
31 29 4
31 30 17
32 0 43
32 1 5
32 2 42
32 3 27
32 4 32
32 5 9
32 6 1
32 7 32
32 8 8
32 9 12
32 10 9
32 11 19
32 12 16
32 13 34
32 14 45
32 15 18
32 16 41
32 17 43
32 18 31
32 19 3
32 20 43
32 21 42
32 22 4
32 23 35
32 24 11
32 25 20
32 26 20
32 27 4
32 28 1
32 29 10
32 30 32
32 31 42
33 0 43
33 1 44
33 2 10
33 3 20
33 4 9
33 5 27
33 6 30
33 7 17
33 8 42
33 9 2
33 10 13
33 11 41
33 12 1
33 13 14
33 14 17
33 15 4
33 16 16
33 17 27
33 18 12
33 19 46
33 20 34
33 21 44
33 22 4
33 23 33
33 24 24
33 25 22
33 26 29
33 27 33
33 28 7
33 29 3
33 30 11
33 31 22
33 32 19
34 0 25
34 1 16
34 2 29
34 3 10
34 4 19
34 5 38
34 6 13
34 7 42
34 8 11
34 9 41
34 10 46
34 11 37
34 12 10
34 13 40
34 14 11
34 15 39
34 16 34
34 17 26
34 18 10
34 19 15
34 20 7
34 21 7
34 22 33
34 23 27
34 24 21
34 25 10
34 26 3
34 27 13
34 28 42
34 29 31
34 30 25
34 31 22
34 32 17
34 33 11
35 0 25
35 1 39
35 2 35
35 3 25
35 4 41
35 5 41
35 6 25
35 7 42
35 8 20
35 9 19
35 10 34
35 11 30
35 12 13
35 13 4
35 14 18
35 15 4
35 16 14
35 17 43
35 18 32
35 19 37
35 20 12
35 21 30
35 22 14
35 23 8
35 24 21
35 25 21
35 26 3
35 27 21
35 28 7
35 29 32
35 30 45
35 31 23
35 32 12
35 33 20
35 34 18
36 0 43
36 1 23
36 2 40
36 3 3
36 4 46
36 5 14
36 6 6
36 7 30
36 8 26
36 9 33
36 10 40
36 11 25
36 12 6
36 13 44
36 14 36
36 15 17
36 16 40
36 17 11
36 18 40
36 19 15
36 20 19
36 21 46
36 22 1
36 23 17
36 24 40
36 25 45
36 26 21
36 27 35
36 28 36
36 29 17
36 30 41
36 31 28
36 32 29
36 33 11
36 34 24
36 35 15
37 0 42
37 1 45
37 2 9
37 3 14
37 4 22
37 5 2
37 6 24
37 7 1
37 8 16
37 9 43
37 10 20
37 11 17
37 12 37
37 13 34
37 14 37
37 15 9
37 16 10
37 17 27
37 18 1
37 19 4
37 20 27
37 21 6
37 22 18
37 23 45
37 24 11
37 25 42
37 26 11
37 27 2
37 28 5
37 29 44
37 30 28
37 31 5
37 32 5
37 33 2
37 34 13
37 35 19
37 36 39
38 0 34
38 1 12
38 2 21
38 3 45
38 4 39
38 5 6
38 6 16
38 7 13
38 8 2
38 9 36
38 10 38
38 11 32
38 12 31
38 13 25
38 14 40
38 15 41
38 16 6
38 17 34
38 18 27
38 19 42
38 20 17
38 21 39
38 22 35
38 23 10
38 24 4
38 25 18
38 26 20
38 27 41
38 28 8
38 29 36
38 30 1
38 31 46
38 32 4
38 33 34
38 34 6
38 35 18
38 36 8
38 37 13
39 0 10
39 1 18
39 2 22
39 3 15
39 4 13
39 5 4
39 6 16
39 7 9
39 8 29
39 9 10
39 10 36
39 11 35
39 12 7
39 13 3
39 14 18
39 15 45
39 16 1
39 17 21
39 18 25
39 19 1
39 20 17
39 21 2
39 22 1
39 23 16
39 24 15
39 25 26
39 26 5
39 27 11
39 28 40
39 29 21
39 30 3
39 31 39
39 32 3
39 33 8
39 34 15
39 35 26
39 36 31
39 37 11
39 38 6
40 0 22
40 1 18
40 2 25
40 3 3
40 4 11
40 5 36
40 6 34
40 7 41
40 8 6
40 9 10
40 10 22
40 11 33
40 12 43
40 13 2
40 14 5
40 15 8
40 16 8
40 17 34
40 18 43
40 19 23
40 20 13
40 21 2
40 22 41
40 23 16
40 24 33
40 25 3
40 26 45
40 27 35
40 28 27
40 29 3
40 30 45
40 31 39
40 32 8
40 33 14
40 34 34
40 35 3
40 36 33
40 37 2
40 38 45
40 39 39
41 0 22
41 1 36
41 2 21
41 3 13
41 4 12
41 5 21
41 6 39
41 7 46
41 8 23
41 9 28
41 10 25
41 11 22
41 12 42
41 13 16
41 14 35
41 15 18
41 16 8
41 17 19
41 18 41
41 19 33
41 20 44
41 21 19
41 22 28
41 23 31
41 24 37
41 25 23
41 26 45
41 27 41
41 28 4
41 29 37
41 30 20
41 31 11
41 32 11
41 33 8
41 34 22
41 35 8
41 36 13
41 37 21
41 38 26
41 39 29
41 40 45
42 0 14
42 1 21
42 2 33
42 3 6
42 4 39
42 5 37
42 6 1
42 7 9
42 8 10
42 9 6
42 10 38
42 11 46
42 12 18
42 13 6
42 14 41
42 15 45
42 16 46
42 17 11
42 18 24
42 19 39
42 20 10
42 21 26
42 22 43
42 23 3
42 24 29
42 25 45
42 26 21
42 27 36
42 28 27
42 29 31
42 30 36
42 31 1
42 32 43
42 33 28
42 34 12
42 35 14
42 36 35
42 37 42
42 38 16
42 39 2
42 40 20
42 41 20
43 0 14
43 1 13
43 2 19
43 3 38
43 4 42
43 5 39
43 6 26
43 7 25
43 8 36
43 9 26
43 10 27
43 11 11
43 12 26
43 13 25
43 14 9
43 15 6
43 16 10
43 17 21
43 18 3
43 19 42
43 20 34
43 21 17
43 22 21
43 23 15
43 24 21
43 25 27
43 26 20
43 27 20
43 28 38
43 29 20
43 30 30
43 31 23
43 32 41
43 33 46
43 34 21
43 35 28
43 36 4
43 37 23
43 38 32
43 39 26
43 40 10
43 41 17
43 42 12
44 0 46
44 1 27
44 2 23
44 3 28
44 4 13
44 5 25
44 6 15
44 7 28
44 8 43
44 9 9
44 10 14
44 11 18
44 12 28
44 13 36
44 14 16
44 15 9
44 16 34
44 17 1
44 18 7
44 19 7
44 20 19
44 21 32
44 22 18
44 23 46
44 24 19
44 25 32
44 26 14
44 27 23
44 28 40
44 29 1
44 30 7
44 31 26
44 32 24
44 33 43
44 34 21
44 35 6
44 36 13
44 37 14
44 38 8
44 39 18
44 40 25
44 41 9
44 42 8
44 43 41
45 0 32
45 1 37
45 2 21
45 3 15
45 4 19
45 5 28
45 6 15
45 7 35
45 8 44
45 9 6
45 10 5
45 11 40
45 12 25
45 13 37
45 14 21
45 15 28
45 16 18
45 17 41
45 18 9
45 19 31
45 20 46
45 21 9
45 22 1
45 23 27
45 24 45
45 25 10
45 26 42
45 27 45
45 28 10
45 29 4
45 30 36
45 31 23
45 32 17
45 33 6
45 34 41
45 35 43
45 36 40
45 37 9
45 38 41
45 39 33
45 40 5
45 41 39
45 42 30
45 43 12
45 44 10
46 0 8
46 1 9
46 2 46
46 3 37
46 4 45
46 5 19
46 6 28
46 7 28
46 8 14
46 9 14
46 10 7
46 11 27
46 12 27
46 13 45
46 14 5
46 15 22
46 16 12
46 17 35
46 18 9
46 19 16
46 20 9
46 21 42
46 22 39
46 23 30
46 24 15
46 25 45
46 26 28
46 27 19
46 28 29
46 29 36
46 30 26
46 31 41
46 32 9
46 33 19
46 34 3
46 35 2
46 36 37
46 37 41
46 38 46
46 39 39
46 40 25
46 41 16
46 42 14
46 43 4
46 44 17
46 45 39
47 0 34
47 1 14
47 2 14
47 3 2
47 4 9
47 5 34
47 6 13
47 7 32
47 8 25
47 9 38
47 10 12
47 11 17
47 12 12
47 13 18
47 14 12
47 15 44
47 16 11
47 17 30
47 18 34
47 19 41
47 20 18
47 21 24
47 22 5
47 23 7
47 24 7
47 25 44
47 26 23
47 27 22
47 28 32
47 29 30
47 30 43
47 31 11
47 32 42
47 33 23
47 34 32
47 35 7
47 36 42
47 37 21
47 38 17
47 39 24
47 40 3
47 41 19
47 42 3
47 43 37
47 44 32
47 45 44
47 46 22
48 0 29
48 1 38
48 2 30
48 3 7
48 4 38
48 5 31
48 6 31
48 7 38
48 8 31
48 9 35
48 10 18
48 11 38
48 12 32
48 13 8
48 14 46
48 15 4
48 16 33
48 17 27
48 18 7
48 19 35
48 20 35
48 21 39
48 22 26
48 23 2
48 24 19
48 25 39
48 26 38
48 27 13
48 28 21
48 29 46
48 30 37
48 31 40
48 32 35
48 33 36
48 34 23
48 35 3
48 36 6
48 37 31
48 38 16
48 39 43
48 40 12
48 41 3
48 42 6
48 43 13
48 44 11
48 45 24
48 46 42
48 47 43
49 0 1
49 1 32
49 2 1
49 3 33
49 4 43
49 5 23
49 6 35
49 7 18
49 8 15
49 9 34
49 10 12
49 11 3
49 12 16
49 13 9
49 14 37
49 15 34
49 16 10
49 17 17
49 18 31
49 19 17
49 20 43
49 21 5
49 22 8
49 23 18
49 24 20
49 25 22
49 26 5
49 27 27
49 28 34
49 29 24
49 30 23
49 31 33
49 32 20
49 33 39
49 34 43
49 35 17
49 36 32
49 37 12
49 38 33
49 39 46
49 40 30
49 41 39
49 42 1
49 43 44
49 44 33
49 45 10
49 46 21
49 47 3
49 48 3
50 0 28
50 1 45
50 2 4
50 3 44
50 4 24
50 5 44
50 6 2
50 7 40
50 8 33
50 9 30
50 10 14
50 11 40
50 12 32
50 13 32
50 14 39
50 15 11
50 16 19
50 17 9
50 18 7
50 19 14
50 20 15
50 21 24
50 22 32
50 23 32
50 24 21
50 25 3
50 26 36
50 27 20
50 28 35
50 29 12
50 30 17
50 31 8
50 32 9
50 33 38
50 34 13
50 35 41
50 36 12
50 37 8
50 38 24
50 39 33
50 40 28
50 41 43
50 42 36
50 43 28
50 44 19
50 45 32
50 46 33
50 47 6
50 48 17
50 49 46
51 0 2
51 1 33
51 2 30
51 3 3
51 4 28
51 5 42
51 6 39
51 7 14
51 8 28
51 9 19
51 10 9
51 11 6
51 12 31
51 13 18
51 14 16
51 15 37
51 16 1
51 17 38
51 18 15
51 19 11
51 20 7
51 21 8
51 22 46
51 23 11
51 24 4
51 25 30
51 26 27
51 27 12
51 28 31
51 29 27
51 30 9
51 31 38
51 32 15
51 33 1
51 34 34
51 35 20
51 36 1
51 37 21
51 38 20
51 39 2
51 40 32
51 41 3
51 42 26
51 43 37
51 44 15
51 45 7
51 46 34
51 47 41
51 48 7
51 49 31
51 50 11
52 0 3
52 1 39
52 2 34
52 3 31
52 4 22
52 5 37
52 6 42
52 7 34
52 8 7
52 9 40
52 10 13
52 11 34
52 12 41
52 13 33
52 14 37
52 15 31
52 16 20
52 17 9
52 18 26
52 19 17
52 20 18
52 21 12
52 22 28
52 23 16
52 24 11
52 25 1
52 26 36
52 27 19
52 28 3
52 29 17
52 30 23
52 31 4
52 32 16
52 33 1
52 34 30
52 35 12
52 36 26
52 37 3
52 38 37
52 39 38
52 40 30
52 41 7
52 42 24
52 43 10
52 44 21
52 45 2
52 46 24
52 47 43
52 48 36
52 49 19
52 50 40
52 51 32
53 0 32
53 1 24
53 2 25
53 3 20
53 4 2
53 5 25
53 6 41
53 7 33
53 8 27
53 9 44
53 10 3
53 11 13
53 12 46
53 13 25
53 14 16
53 15 6
53 16 39
53 17 18
53 18 35
53 19 8
53 20 36
53 21 2
53 22 28
53 23 2
53 24 16
53 25 17
53 26 46
53 27 18
53 28 33
53 29 38
53 30 43
53 31 6
53 32 40
53 33 24
53 34 1
53 35 2
53 36 38
53 37 39
53 38 38
53 39 8
53 40 17
53 41 39
53 42 5
53 43 26
53 44 30
53 45 24
53 46 38
53 47 16
53 48 20
53 49 27
53 50 25
53 51 18
53 52 39
54 0 29
54 1 14
54 2 37
54 3 13
54 4 32
54 5 35
54 6 6
54 7 14
54 8 15
54 9 26
54 10 46
54 11 41
54 12 4
54 13 14
54 14 30
54 15 31
54 16 40
54 17 4
54 18 15
54 19 25
54 20 21
54 21 36
54 22 38
54 23 42
54 24 18
54 25 4
54 26 21
54 27 33
54 28 31
54 29 32
54 30 11
54 31 39
54 32 19
54 33 8
54 34 3
54 35 15
54 36 46
54 37 22
54 38 16
54 39 37
54 40 23
54 41 12
54 42 7
54 43 5
54 44 31
54 45 6
54 46 36
54 47 25
54 48 19
54 49 30
54 50 36
54 51 33
54 52 25
54 53 5
55 0 5
55 1 39
55 2 28
55 3 22
55 4 26
55 5 32
55 6 38
55 7 46
55 8 26
55 9 34
55 10 13
55 11 46
55 12 18
55 13 10
55 14 5
55 15 16
55 16 17
55 17 10
55 18 23
55 19 27
55 20 38
55 21 35
55 22 17
55 23 3
55 24 4
55 25 27
55 26 6
55 27 24
55 28 46
55 29 19
55 30 9
55 31 14
55 32 21
55 33 20
55 34 35
55 35 6
55 36 5
55 37 19
55 38 10
55 39 36
55 40 9
55 41 1
55 42 15
55 43 11
55 44 7
55 45 42
55 46 28
55 47 23
55 48 20
55 49 26
55 50 45
55 51 30
55 52 30
55 53 13
55 54 31
56 0 4
56 1 4
56 2 31
56 3 17
56 4 43
56 5 14
56 6 25
56 7 32
56 8 14
56 9 38
56 10 39
56 11 14
56 12 21
56 13 36
56 14 14
56 15 44
56 16 17
56 17 41
56 18 1
56 19 41
56 20 19
56 21 25
56 22 39
56 23 33
56 24 21
56 25 31
56 26 15
56 27 46
56 28 20
56 29 19
56 30 35
56 31 23
56 32 35
56 33 9
56 34 34
56 35 5
56 36 46
56 37 30
56 38 34
56 39 21
56 40 1
56 41 44
56 42 45
56 43 26
56 44 17
56 45 24
56 46 32
56 47 45
56 48 24
56 49 7
56 50 17
56 51 15
56 52 21
56 53 15
56 54 21
56 55 10
57 0 20
57 1 1
57 2 40
57 3 41
57 4 9
57 5 5
57 6 18
57 7 2
57 8 38
57 9 25
57 10 8
57 11 39
57 12 41
57 13 30
57 14 36
57 15 41
57 16 40
57 17 19
57 18 36
57 19 31
57 20 38
57 21 13
57 22 9
57 23 45
57 24 35
57 25 11
57 26 16
57 27 1
57 28 8
57 29 41
57 30 22
57 31 18
57 32 40
57 33 1
57 34 40
57 35 11
57 36 44
57 37 33
57 38 33
57 39 34
57 40 24
57 41 43
57 42 13
57 43 25
57 44 17
57 45 21
57 46 46
57 47 16
57 48 6
57 49 14
57 50 33
57 51 17
57 52 12
57 53 5
57 54 1
57 55 13
57 56 41
58 0 46
58 1 15
58 2 9
58 3 30
58 4 6
58 5 20
58 6 41
58 7 33
58 8 41
58 9 29
58 10 32
58 11 38
58 12 10
58 13 12
58 14 2
58 15 46
58 16 34
58 17 27
58 18 22
58 19 10
58 20 28
58 21 33
58 22 45
58 23 16
58 24 16
58 25 5
58 26 45
58 27 39
58 28 41
58 29 22
58 30 36
58 31 13
58 32 37
58 33 8
58 34 41
58 35 31
58 36 11
58 37 3
58 38 29
58 39 45
58 40 13
58 41 28
58 42 44
58 43 21
58 44 20
58 45 33
58 46 23
58 47 34
58 48 38
58 49 19
58 50 7
58 51 24
58 52 1
58 53 29
58 54 32
58 55 33
58 56 29
58 57 27
59 0 12
59 1 1
59 2 15
59 3 15
59 4 38
59 5 17
59 6 20
59 7 30
59 8 40
59 9 2
59 10 37
59 11 27
59 12 32
59 13 43
59 14 12
59 15 34
59 16 30
59 17 19
59 18 44
59 19 24
59 20 24
59 21 43
59 22 18
59 23 4
59 24 13
59 25 10
59 26 38
59 27 8
59 28 2
59 29 26
59 30 31
59 31 23
59 32 20
59 33 39
59 34 40
59 35 11
59 36 8
59 37 45
59 38 1
59 39 40
59 40 21
59 41 5
59 42 22
59 43 13
59 44 16
59 45 34
59 46 10
59 47 39
59 48 11
59 49 29
59 50 2
59 51 8
59 52 16
59 53 45
59 54 44
59 55 24
59 56 27
59 57 17
59 58 14
60 0 1
60 1 6
60 2 31
60 3 11
60 4 13
60 5 43
60 6 21
60 7 26
60 8 7
60 9 37
60 10 39
60 11 44
60 12 28
60 13 25
60 14 3
60 15 7
60 16 35
60 17 34
60 18 33
60 19 35
60 20 4
60 21 41
60 22 35
60 23 24
60 24 30
60 25 45
60 26 34
60 27 9
60 28 23
60 29 36
60 30 32
60 31 37
60 32 17
60 33 22
60 34 35
60 35 10
60 36 40
60 37 19
60 38 18
60 39 1
60 40 32
60 41 40
60 42 42
60 43 32
60 44 34
60 45 18
60 46 21
60 47 28
60 48 23
60 49 1
60 50 36
60 51 27
60 52 15
60 53 22
60 54 27
60 55 32
60 56 38
60 57 46
60 58 4
60 59 43
61 0 7
61 1 20
61 2 39
61 3 28
61 4 21
61 5 1
61 6 36
61 7 29
61 8 9
61 9 30
61 10 4
61 11 11
61 12 27
61 13 31
61 14 36
61 15 39
61 16 32
61 17 28
61 18 22
61 19 29
61 20 4
61 21 5
61 22 39
61 23 21
61 24 26
61 25 17
61 26 24
61 27 14
61 28 42
61 29 26
61 30 9
61 31 45
61 32 13
61 33 43
61 34 45
61 35 42
61 36 44
61 37 43
61 38 22
61 39 19
61 40 20
61 41 18
61 42 9
61 43 28
61 44 4
61 45 22
61 46 5
61 47 42
61 48 39
61 49 1
61 50 21
61 51 35
61 52 36
61 53 30
61 54 11
61 55 2
61 56 16
61 57 20
61 58 40
61 59 15
61 60 35
62 0 14
62 1 4
62 2 46
62 3 40
62 4 14
62 5 45
62 6 29
62 7 11
62 8 26
62 9 29
62 10 20
62 11 25
62 12 13
62 13 2
62 14 34
62 15 15
62 16 19
62 17 1
62 18 11
62 19 41
62 20 29
62 21 13
62 22 13
62 23 38
62 24 43
62 25 6
62 26 39
62 27 5
62 28 41
62 29 15
62 30 46
62 31 18
62 32 5
62 33 40
62 34 24
62 35 21
62 36 9
62 37 45
62 38 18
62 39 1
62 40 15
62 41 28
62 42 17
62 43 28
62 44 39
62 45 4
62 46 18
62 47 35
62 48 21
62 49 25
62 50 1
62 51 12
62 52 21
62 53 32
62 54 7
62 55 40
62 56 36
62 57 42
62 58 6
62 59 32
62 60 9
62 61 18
63 0 28
63 1 15
63 2 11
63 3 12
63 4 38
63 5 23
63 6 33
63 7 34
63 8 18
63 9 26
63 10 30
63 11 32
63 12 25
63 13 12
63 14 13
63 15 8
63 16 19
63 17 26
63 18 13
63 19 43
63 20 1
63 21 25
63 22 21
63 23 37
63 24 36
63 25 20
63 26 18
63 27 26
63 28 38
63 29 29
63 30 1
63 31 32
63 32 23
63 33 1
63 34 1
63 35 45
63 36 35
63 37 36
63 38 19
63 39 4
63 40 16
63 41 8
63 42 38
63 43 21
63 44 42
63 45 4
63 46 19
63 47 5
63 48 28
63 49 4
63 50 10
63 51 8
63 52 32
63 53 39
63 54 22
63 55 22
63 56 6
63 57 10
63 58 19
63 59 8
63 60 18
63 61 30
63 62 6
64 0 23
64 1 43
64 2 11
64 3 44
64 4 4
64 5 34
64 6 41
64 7 7
64 8 10
64 9 15
64 10 26
64 11 45
64 12 12
64 13 43
64 14 3
64 15 29
64 16 44
64 17 31
64 18 7
64 19 2
64 20 16
64 21 42
64 22 14
64 23 4
64 24 31
64 25 19
64 26 28
64 27 30
64 28 9
64 29 36
64 30 2
64 31 12
64 32 1
64 33 45
64 34 23
64 35 19
64 36 23
64 37 28
64 38 26
64 39 44
64 40 12
64 41 34
64 42 16
64 43 42
64 44 28
64 45 24
64 46 39
64 47 36
64 48 21
64 49 1
64 50 26
64 51 1
64 52 45
64 53 44
64 54 18
64 55 25
64 56 42
64 57 8
64 58 44
64 59 6
64 60 45
64 61 12
64 62 2
64 63 1
65 0 44
65 1 20
65 2 22
65 3 34
65 4 13
65 5 25
65 6 5
65 7 3
65 8 24
65 9 9
65 10 16
65 11 3
65 12 24
65 13 39
65 14 17
65 15 45
65 16 23
65 17 39
65 18 20
65 19 35
65 20 25
65 21 18
65 22 15
65 23 33
65 24 33
65 25 3
65 26 7
65 27 41
65 28 7
65 29 20
65 30 12
65 31 40
65 32 32
65 33 36
65 34 17
65 35 1
65 36 7
65 37 2
65 38 36
65 39 29
65 40 46
65 41 18
65 42 1
65 43 15
65 44 46
65 45 16
65 46 4
65 47 32
65 48 21
65 49 39
65 50 32
65 51 4
65 52 38
65 53 2
65 54 25
65 55 41
65 56 43
65 57 39
65 58 42
65 59 46
65 60 43
65 61 4
65 62 6
65 63 43
65 64 42
66 0 46
66 1 17
66 2 2
66 3 37
66 4 31
66 5 13
66 6 39
66 7 35
66 8 5
66 9 42
66 10 5
66 11 20
66 12 28
66 13 20
66 14 23
66 15 29
66 16 13
66 17 17
66 18 44
66 19 15
66 20 37
66 21 2
66 22 36
66 23 8
66 24 11
66 25 8
66 26 16
66 27 31
66 28 1
66 29 10
66 30 45
66 31 42
66 32 26
66 33 1
66 34 10
66 35 17
66 36 5
66 37 1
66 38 32
66 39 15
66 40 1
66 41 2
66 42 2
66 43 44
66 44 12
66 45 12
66 46 2
66 47 28
66 48 36
66 49 3
66 50 20
66 51 29
66 52 26
66 53 38
66 54 18
66 55 10
66 56 39
66 57 27
66 58 29
66 59 9
66 60 7
66 61 34
66 62 12
66 63 45
66 64 12
66 65 28
67 0 20
67 1 36
67 2 1
67 3 32
67 4 41
67 5 6
67 6 29
67 7 12
67 8 5
67 9 41
67 10 37
67 11 9
67 12 44
67 13 36
67 14 15
67 15 19
67 16 24
67 17 42
67 18 10
67 19 13
67 20 42
67 21 21
67 22 3
67 23 40
67 24 10
67 25 7
67 26 8
67 27 40
67 28 23
67 29 39
67 30 8
67 31 28
67 32 1
67 33 12
67 34 42
67 35 24
67 36 39
67 37 38
67 38 8
67 39 34
67 40 17
67 41 6
67 42 33
67 43 4
67 44 34
67 45 29
67 46 3
67 47 17
67 48 4
67 49 11
67 50 19
67 51 30
67 52 31
67 53 11
67 54 45
67 55 10
67 56 6
67 57 24
67 58 30
67 59 9
67 60 34
67 61 6
67 62 26
67 63 5
67 64 29
67 65 29
67 66 5
68 0 35
68 1 23
68 2 37
68 3 26
68 4 14
68 5 41
68 6 26
68 7 7
68 8 18
68 9 33
68 10 6
68 11 14
68 12 32
68 13 34
68 14 2
68 15 26
68 16 15
68 17 45
68 18 15
68 19 13
68 20 32
68 21 37
68 22 46
68 23 41
68 24 6
68 25 12
68 26 27
68 27 34
68 28 6
68 29 6
68 30 34
68 31 28
68 32 5
68 33 12
68 34 25
68 35 12
68 36 40
68 37 37
68 38 23
68 39 44
68 40 25
68 41 39
68 42 13
68 43 17
68 44 15
68 45 40
68 46 23
68 47 35
68 48 15
68 49 3
68 50 13
68 51 8
68 52 31
68 53 7
68 54 14
68 55 36
68 56 13
68 57 22
68 58 34
68 59 46
68 60 7
68 61 23
68 62 43
68 63 45
68 64 1
68 65 43
68 66 2
68 67 8
69 0 41
69 1 46
69 2 1
69 3 25
69 4 21
69 5 33
69 6 19
69 7 24
69 8 38
69 9 15
69 10 42
69 11 27
69 12 33
69 13 46
69 14 38
69 15 11
69 16 12
69 17 16
69 18 35
69 19 32
69 20 43
69 21 39
69 22 5
69 23 27
69 24 19
69 25 38
69 26 17
69 27 17
69 28 12
69 29 28
69 30 8
69 31 27
69 32 30
69 33 8
69 34 20
69 35 37
69 36 39
69 37 19
69 38 28
69 39 40
69 40 34
69 41 25
69 42 9
69 43 5
69 44 46
69 45 26
69 46 17
69 47 20
69 48 27
69 49 39
69 50 23
69 51 25
69 52 16
69 53 39
69 54 31
69 55 20
69 56 17
69 57 4
69 58 24
69 59 11
69 60 8
69 61 22
69 62 5
69 63 2
69 64 38
69 65 33
69 66 31
69 67 3
69 68 30
