42
1 0 6
2 0 2
2 1 4
3 0 8
3 1 10
3 2 5
4 0 1
4 1 2
4 2 6
4 3 2
5 0 7
5 1 6
5 2 5
5 3 5
5 4 2
6 0 3
6 1 4
6 2 10
6 3 1
6 4 4
6 5 3
7 0 9
7 1 9
7 2 1
7 3 4
7 4 10
7 5 5
7 6 7
8 0 8
8 1 3
8 2 1
8 3 3
8 4 11
8 5 11
8 6 6
8 7 3
9 0 8
9 1 11
9 2 7
9 3 4
9 4 4
9 5 3
9 6 8
9 7 7
9 8 3
10 0 4
10 1 8
10 2 3
10 3 9
10 4 2
10 5 5
10 6 8
10 7 11
10 8 3
10 9 5
11 0 6
11 1 7
11 2 10
11 3 11
11 4 2
11 5 6
11 6 7
11 7 7
11 8 10
11 9 8
11 10 11
12 0 3
12 1 5
12 2 9
12 3 10
12 4 7
12 5 2
12 6 2
12 7 5
12 8 3
12 9 10
12 10 8
12 11 4
13 0 10
13 1 9
13 2 9
13 3 10
13 4 5
13 5 7
13 6 5
13 7 3
13 8 7
13 9 4
13 10 6
13 11 7
13 12 9
14 0 5
14 1 2
14 2 6
14 3 8
14 4 8
14 5 1
14 6 7
14 7 3
14 8 3
14 9 5
14 10 3
14 11 1
14 12 11
14 13 2
15 0 5
15 1 7
15 2 10
15 3 1
15 4 5
15 5 8
15 6 8
15 7 2
15 8 5
15 9 8
15 10 7
15 11 7
15 12 8
15 13 2
15 14 3
16 0 3
16 1 3
16 2 3
16 3 10
16 4 2
16 5 5
16 6 5
16 7 6
16 8 7
16 9 6
16 10 9
16 11 6
16 12 4
16 13 6
16 14 6
16 15 11
17 0 2
17 1 3
17 2 2
17 3 1
17 4 7
17 5 8
17 6 3
17 7 3
17 8 5
17 9 6
17 10 10
17 11 8
17 12 9
17 13 9
17 14 2
17 15 4
17 16 9
18 0 4
18 1 1
18 2 11
18 3 5
18 4 10
18 5 10
18 6 8
18 7 7
18 8 4
18 9 5
18 10 3
18 11 2
18 12 11
18 13 11
18 14 8
18 15 8
18 16 9
18 17 6
19 0 8
19 1 3
19 2 4
19 3 1
19 4 10
19 5 1
19 6 2
19 7 4
19 8 10
19 9 3
19 10 7
19 11 1
19 12 10
19 13 9
19 14 6
19 15 11
19 16 3
19 17 6
19 18 10
20 0 2
20 1 10
20 2 10
20 3 8
20 4 3
20 5 11
20 6 9
20 7 5
20 8 6
20 9 2
20 10 1
20 11 9
20 12 1
20 13 5
20 14 1
20 15 1
20 16 2
20 17 1
20 18 9
20 19 1
21 0 1
21 1 10
21 2 1
21 3 3
21 4 5
21 5 9
21 6 6
21 7 6
21 8 6
21 9 9
21 10 3
21 11 11
21 12 4
21 13 11
21 14 8
21 15 4
21 16 11
21 17 10
21 18 6
21 19 5
21 20 5
22 0 1
22 1 8
22 2 8
22 3 4
22 4 3
22 5 4
22 6 3
22 7 6
22 8 2
22 9 9
22 10 8
22 11 7
22 12 1
22 13 11
22 14 3
22 15 9
22 16 10
22 17 1
22 18 10
22 19 8
22 20 1
22 21 4
23 0 7
23 1 9
23 2 10
23 3 5
23 4 9
23 5 4
23 6 1
23 7 5
23 8 5
23 9 5
23 10 1
23 11 1
23 12 5
23 13 7
23 14 4
23 15 5
23 16 7
23 17 4
23 18 3
23 19 11
23 20 3
23 21 7
23 22 4
24 0 11
24 1 8
24 2 1
24 3 3
24 4 9
24 5 6
24 6 1
24 7 8
24 8 6
24 9 5
24 10 6
24 11 2
24 12 3
24 13 4
24 14 7
24 15 2
24 16 6
24 17 3
24 18 2
24 19 4
24 20 7
24 21 9
24 22 2
24 23 6
25 0 3
25 1 11
25 2 5
25 3 5
25 4 4
25 5 6
25 6 6
25 7 6
25 8 6
25 9 6
25 10 9
25 11 2
25 12 7
25 13 8
25 14 2
25 15 7
25 16 11
25 17 8
25 18 5
25 19 1
25 20 2
25 21 4
25 22 4
25 23 1
25 24 2
26 0 2
26 1 1
26 2 6
26 3 5
26 4 10
26 5 8
26 6 6
26 7 3
26 8 9
26 9 1
26 10 6
26 11 5
26 12 2
26 13 8
26 14 8
26 15 6
26 16 11
26 17 7
26 18 1
26 19 2
26 20 1
26 21 6
26 22 2
26 23 4
26 24 3
26 25 4
27 0 11
27 1 8
27 2 9
27 3 3
27 4 8
27 5 5
27 6 4
27 7 4
27 8 1
27 9 11
27 10 4
27 11 3
27 12 1
27 13 2
27 14 5
27 15 10
27 16 9
27 17 1
27 18 11
27 19 10
27 20 5
27 21 11
27 22 8
27 23 4
27 24 10
27 25 3
27 26 6
28 0 5
28 1 5
28 2 5
28 3 11
28 4 9
28 5 5
28 6 5
28 7 2
28 8 10
28 9 1
28 10 10
28 11 1
28 12 4
28 13 9
28 14 10
28 15 5
28 16 11
28 17 6
28 18 9
28 19 6
28 20 6
28 21 6
28 22 2
28 23 7
28 24 4
28 25 11
28 26 4
28 27 2
29 0 3
29 1 5
29 2 9
29 3 5
29 4 7
29 5 7
29 6 10
29 7 3
29 8 9
29 9 9
29 10 4
29 11 11
29 12 8
29 13 6
29 14 7
29 15 9
29 16 9
29 17 9
29 18 9
29 19 7
29 20 10
29 21 10
29 22 9
29 23 2
29 24 6
29 25 3
29 26 10
29 27 2
29 28 1
30 0 7
30 1 3
30 2 9
30 3 6
30 4 5
30 5 8
30 6 10
30 7 1
30 8 6
30 9 4
30 10 11
30 11 8
30 12 3
30 13 9
30 14 11
30 15 3
30 16 3
30 17 10
30 18 3
30 19 3
30 20 10
30 21 4
30 22 6
30 23 8
30 24 3
30 25 4
30 26 1
30 27 1
30 28 2
30 29 8
31 0 9
31 1 3
31 2 1
31 3 5
31 4 4
31 5 4
31 6 3
31 7 5
31 8 8
31 9 11
31 10 3
31 11 7
31 12 9
31 13 9
31 14 2
31 15 1
31 16 8
31 17 8
31 18 4
31 19 11
31 20 3
31 21 10
31 22 1
31 23 4
31 24 6
31 25 7
31 26 10
31 27 2
31 28 11
31 29 9
31 30 3
32 0 9
32 1 6
32 2 6
32 3 7
32 4 6
32 5 2
32 6 2
32 7 7
32 8 10
32 9 4
32 10 1
32 11 1
32 12 1
32 13 8
32 14 11
32 15 5
32 16 9
32 17 2
32 18 1
32 19 11
32 20 7
32 21 8
32 22 7
32 23 4
32 24 2
32 25 10
32 26 10
32 27 8
32 28 1
32 29 2
32 30 6
32 31 5
33 0 8
33 1 3
33 2 10
33 3 5
33 4 7
33 5 6
33 6 5
33 7 4
33 8 4
33 9 4
33 10 11
33 11 5
33 12 11
33 13 1
33 14 2
33 15 6
33 16 8
33 17 8
33 18 3
33 19 1
33 20 4
33 21 3
33 22 5
33 23 6
33 24 3
33 25 1
33 26 10
33 27 5
33 28 9
33 29 3
33 30 10
33 31 3
33 32 11
34 0 2
34 1 9
34 2 10
34 3 5
34 4 9
34 5 1
34 6 6
34 7 10
34 8 7
34 9 6
34 10 1
34 11 6
34 12 1
34 13 3
34 14 2
34 15 5
34 16 11
34 17 6
34 18 3
34 19 11
34 20 2
34 21 5
34 22 2
34 23 1
34 24 9
34 25 9
34 26 10
34 27 10
34 28 9
34 29 5
34 30 9
34 31 9
34 32 1
34 33 5
35 0 8
35 1 8
35 2 10
35 3 6
35 4 5
35 5 6
35 6 7
35 7 10
35 8 9
35 9 6
35 10 8
35 11 6
35 12 2
35 13 5
35 14 4
35 15 10
35 16 5
35 17 3
35 18 11
35 19 9
35 20 11
35 21 5
35 22 9
35 23 4
35 24 6
35 25 5
35 26 7
35 27 4
35 28 1
35 29 2
35 30 4
35 31 11
35 32 6
35 33 4
35 34 2
36 0 6
36 1 5
36 2 9
36 3 7
36 4 1
36 5 4
36 6 4
36 7 5
36 8 11
36 9 2
36 10 7
36 11 2
36 12 3
36 13 6
36 14 10
36 15 3
36 16 11
36 17 1
36 18 11
36 19 8
36 20 8
36 21 2
36 22 9
36 23 8
36 24 11
36 25 6
36 26 6
36 27 9
36 28 10
36 29 9
36 30 8
36 31 5
36 32 9
36 33 9
36 34 5
36 35 2
37 0 10
37 1 7
37 2 3
37 3 3
37 4 8
37 5 5
37 6 4
37 7 8
37 8 6
37 9 4
37 10 2
37 11 8
37 12 1
37 13 2
37 14 4
37 15 4
37 16 10
37 17 9
37 18 4
37 19 1
37 20 9
37 21 8
37 22 4
37 23 3
37 24 2
37 25 4
37 26 11
37 27 4
37 28 10
37 29 3
37 30 6
37 31 3
37 32 8
37 33 6
37 34 8
37 35 11
37 36 10
38 0 6
38 1 9
38 2 3
38 3 5
38 4 8
38 5 9
38 6 3
38 7 3
38 8 1
38 9 3
38 10 5
38 11 2
38 12 8
38 13 6
38 14 7
38 15 2
38 16 4
38 17 3
38 18 6
38 19 9
38 20 7
38 21 5
38 22 5
38 23 10
38 24 9
38 25 1
38 26 5
38 27 1
38 28 5
38 29 10
38 30 7
38 31 1
38 32 5
38 33 3
38 34 7
38 35 11
38 36 6
38 37 9
39 0 10
39 1 8
39 2 10
39 3 3
39 4 2
39 5 4
39 6 6
39 7 2
39 8 4
39 9 3
39 10 2
39 11 5
39 12 1
39 13 9
39 14 11
39 15 8
39 16 10
39 17 3
39 18 9
39 19 7
39 20 6
39 21 8
39 22 3
39 23 6
39 24 5
39 25 2
39 26 10
39 27 5
39 28 7
39 29 6
39 30 3
39 31 1
39 32 3
39 33 5
39 34 1
39 35 6
39 36 3
39 37 7
39 38 11
40 0 9
40 1 11
40 2 4
40 3 1
40 4 7
40 5 8
40 6 7
40 7 8
40 8 10
40 9 2
40 10 7
40 11 5
40 12 2
40 13 4
40 14 2
40 15 1
40 16 7
40 17 8
40 18 5
40 19 5
40 20 7
40 21 6
40 22 9
40 23 1
40 24 5
40 25 6
40 26 10
40 27 1
40 28 6
40 29 5
40 30 7
40 31 8
40 32 10
40 33 2
40 34 5
40 35 8
40 36 1
40 37 8
40 38 6
40 39 9
41 0 3
41 1 10
41 2 5
41 3 6
41 4 1
41 5 6
41 6 8
41 7 11
41 8 3
41 9 3
41 10 3
41 11 2
41 12 2
41 13 3
41 14 10
41 15 3
41 16 10
41 17 2
41 18 8
41 19 5
41 20 10
41 21 7
41 22 10
41 23 9
41 24 2
41 25 5
41 26 11
41 27 9
41 28 10
41 29 4
41 30 6
41 31 8
41 32 1
41 33 8
41 34 1
41 35 7
41 36 9
41 37 5
41 38 1
41 39 10
41 40 6
