57
1 0 18
2 0 30
2 1 39
3 0 49
3 1 20
3 2 11
4 0 3
4 1 48
4 2 56
4 3 45
5 0 27
5 1 44
5 2 16
5 3 20
5 4 11
6 0 21
6 1 53
6 2 43
6 3 19
6 4 51
6 5 17
7 0 7
7 1 1
7 2 28
7 3 41
7 4 19
7 5 42
7 6 23
8 0 12
8 1 10
8 2 27
8 3 24
8 4 11
8 5 22
8 6 53
8 7 7
9 0 30
9 1 19
9 2 43
9 3 42
9 4 30
9 5 36
9 6 1
9 7 2
9 8 7
10 0 31
10 1 47
10 2 6
10 3 37
10 4 2
10 5 18
10 6 22
10 7 13
10 8 51
10 9 47
11 0 2
11 1 3
11 2 24
11 3 35
11 4 20
11 5 28
11 6 8
11 7 11
11 8 21
11 9 51
11 10 1
12 0 36
12 1 19
12 2 13
12 3 3
12 4 28
12 5 46
12 6 50
12 7 53
12 8 11
12 9 46
12 10 43
12 11 25
13 0 20
13 1 56
13 2 1
13 3 36
13 4 46
13 5 52
13 6 5
13 7 2
13 8 39
13 9 44
13 10 14
13 11 23
13 12 3
14 0 21
14 1 26
14 2 44
14 3 9
14 4 54
14 5 17
14 6 42
14 7 4
14 8 18
14 9 25
14 10 17
14 11 9
14 12 15
14 13 51
15 0 45
15 1 1
15 2 24
15 3 44
15 4 33
15 5 37
15 6 49
15 7 29
15 8 35
15 9 44
15 10 56
15 11 42
15 12 50
15 13 48
15 14 53
16 0 22
16 1 38
16 2 19
16 3 8
16 4 19
16 5 51
16 6 37
16 7 50
16 8 4
16 9 55
16 10 33
16 11 6
16 12 56
16 13 3
16 14 39
16 15 38
17 0 22
17 1 29
17 2 48
17 3 45
17 4 7
17 5 10
17 6 30
17 7 39
17 8 36
17 9 21
17 10 41
17 11 7
17 12 55
17 13 10
17 14 16
17 15 44
17 16 27
18 0 5
18 1 35
18 2 40
18 3 42
18 4 12
18 5 14
18 6 46
18 7 53
18 8 40
18 9 38
18 10 34
18 11 33
18 12 47
18 13 13
18 14 24
18 15 4
18 16 9
18 17 26
19 0 3
19 1 56
19 2 31
19 3 37
19 4 12
19 5 47
19 6 8
19 7 50
19 8 22
19 9 23
19 10 20
19 11 28
19 12 13
19 13 31
19 14 28
19 15 1
19 16 8
19 17 34
19 18 48
20 0 55
20 1 54
20 2 35
20 3 5
20 4 56
20 5 53
20 6 41
20 7 14
20 8 2
20 9 18
20 10 43
20 11 2
20 12 54
20 13 54
20 14 7
20 15 45
20 16 36
20 17 24
20 18 33
20 19 33
21 0 6
21 1 54
21 2 30
21 3 16
21 4 42
21 5 20
21 6 37
21 7 18
21 8 28
21 9 50
21 10 17
21 11 55
21 12 16
21 13 28
21 14 48
21 15 51
21 16 21
21 17 12
21 18 52
21 19 28
21 20 33
22 0 5
22 1 15
22 2 15
22 3 56
22 4 35
22 5 30
22 6 14
22 7 2
22 8 9
22 9 23
22 10 18
22 11 53
22 12 36
22 13 43
22 14 38
22 15 1
22 16 51
22 17 50
22 18 2
22 19 4
22 20 26
22 21 34
23 0 11
23 1 4
23 2 15
23 3 24
23 4 10
23 5 50
23 6 44
23 7 31
23 8 52
23 9 33
23 10 50
23 11 27
23 12 16
23 13 38
23 14 47
23 15 42
23 16 54
23 17 21
23 18 33
23 19 50
23 20 19
23 21 41
23 22 20
24 0 29
24 1 36
24 2 53
24 3 48
24 4 23
24 5 38
24 6 38
24 7 51
24 8 46
24 9 11
24 10 43
24 11 7
24 12 16
24 13 35
24 14 48
24 15 2
24 16 2
24 17 31
24 18 54
24 19 50
24 20 21
24 21 24
24 22 31
24 23 41
25 0 45
25 1 20
25 2 12
25 3 39
25 4 42
25 5 41
25 6 30
25 7 41
25 8 10
25 9 12
25 10 3
25 11 53
25 12 32
25 13 25
25 14 19
25 15 18
25 16 37
25 17 12
25 18 17
25 19 35
25 20 23
25 21 14
25 22 49
25 23 43
25 24 41
26 0 33
26 1 54
26 2 44
26 3 6
26 4 21
26 5 46
26 6 14
26 7 12
26 8 37
26 9 8
26 10 51
26 11 47
26 12 3
26 13 14
26 14 35
26 15 8
26 16 52
26 17 33
26 18 10
26 19 44
26 20 11
26 21 5
26 22 21
26 23 25
26 24 34
26 25 12
27 0 25
27 1 56
27 2 46
27 3 48
27 4 41
27 5 4
27 6 55
27 7 9
27 8 16
27 9 53
27 10 43
27 11 10
27 12 42
27 13 2
27 14 24
27 15 47
27 16 33
27 17 11
27 18 52
27 19 32
27 20 34
27 21 49
27 22 18
27 23 36
27 24 20
27 25 40
27 26 53
28 0 4
28 1 52
28 2 1
28 3 19
28 4 33
28 5 55
28 6 24
28 7 26
28 8 3
28 9 12
28 10 32
28 11 54
28 12 25
28 13 38
28 14 22
28 15 38
28 16 53
28 17 24
28 18 51
28 19 11
28 20 6
28 21 30
28 22 1
28 23 33
28 24 5
28 25 31
28 26 51
28 27 22
29 0 13
29 1 37
29 2 11
29 3 27
29 4 31
29 5 25
29 6 46
29 7 31
29 8 8
29 9 47
29 10 18
29 11 7
29 12 8
29 13 31
29 14 44
29 15 30
29 16 7
29 17 22
29 18 9
29 19 10
29 20 5
29 21 51
29 22 5
29 23 48
29 24 47
29 25 32
29 26 45
29 27 20
29 28 14
30 0 8
30 1 49
30 2 16
30 3 10
30 4 8
30 5 18
30 6 45
30 7 54
30 8 36
30 9 51
30 10 4
30 11 15
30 12 23
30 13 27
30 14 9
30 15 8
30 16 37
30 17 27
30 18 3
30 19 51
30 20 26
30 21 12
30 22 48
30 23 13
30 24 47
30 25 25
30 26 17
30 27 9
30 28 1
30 29 16
31 0 13
31 1 27
31 2 22
31 3 35
31 4 39
31 5 18
31 6 13
31 7 27
31 8 40
31 9 50
31 10 49
31 11 56
31 12 53
31 13 2
31 14 20
31 15 3
31 16 45
31 17 31
31 18 30
31 19 29
31 20 38
31 21 53
31 22 8
31 23 47
31 24 20
31 25 40
31 26 14
31 27 31
31 28 49
31 29 21
31 30 13
32 0 27
32 1 21
32 2 6
32 3 11
32 4 5
32 5 24
32 6 22
32 7 19
32 8 18
32 9 17
32 10 8
32 11 47
32 12 28
32 13 56
32 14 13
32 15 8
32 16 27
32 17 45
32 18 21
32 19 47
32 20 54
32 21 56
32 22 49
32 23 19
32 24 35
32 25 49
32 26 33
32 27 17
32 28 37
32 29 55
32 30 55
32 31 12
33 0 43
33 1 38
33 2 26
33 3 47
33 4 27
33 5 55
33 6 10
33 7 16
33 8 49
33 9 31
33 10 45
33 11 53
33 12 30
33 13 18
33 14 22
33 15 35
33 16 32
33 17 47
33 18 1
33 19 21
33 20 8
33 21 31
33 22 45
33 23 13
33 24 28
33 25 43
33 26 37
33 27 35
33 28 43
33 29 32
33 30 46
33 31 3
33 32 47
34 0 14
34 1 53
34 2 30
34 3 13
34 4 56
34 5 24
34 6 53
34 7 28
34 8 44
34 9 10
34 10 55
34 11 54
34 12 48
34 13 47
34 14 29
34 15 26
34 16 5
34 17 30
34 18 37
34 19 35
34 20 15
34 21 25
34 22 42
34 23 45
34 24 55
34 25 32
34 26 54
34 27 34
34 28 37
34 29 53
34 30 25
34 31 47
34 32 1
34 33 51
35 0 55
35 1 1
35 2 50
35 3 55
35 4 40
35 5 56
35 6 14
35 7 51
35 8 31
35 9 23
35 10 48
35 11 39
35 12 54
35 13 41
35 14 45
35 15 27
35 16 25
35 17 12
35 18 6
35 19 56
35 20 6
35 21 15
35 22 38
35 23 41
35 24 39
35 25 41
35 26 50
35 27 46
35 28 20
35 29 17
35 30 10
35 31 49
35 32 49
35 33 47
35 34 15
36 0 42
36 1 2
36 2 32
36 3 34
36 4 1
36 5 36
36 6 21
36 7 26
36 8 52
36 9 1
36 10 23
36 11 46
36 12 1
36 13 14
36 14 6
36 15 28
36 16 20
36 17 20
36 18 4
36 19 40
36 20 24
36 21 17
36 22 30
36 23 4
36 24 11
36 25 22
36 26 12
36 27 43
36 28 25
36 29 23
36 30 2
36 31 30
36 32 44
36 33 53
36 34 50
36 35 31
37 0 46
37 1 8
37 2 6
37 3 14
37 4 23
37 5 15
37 6 53
37 7 1
37 8 53
37 9 48
37 10 45
37 11 53
37 12 54
37 13 53
37 14 51
37 15 10
37 16 48
37 17 55
37 18 11
37 19 37
37 20 15
37 21 23
37 22 3
37 23 14
37 24 20
37 25 50
37 26 18
37 27 24
37 28 13
37 29 35
37 30 7
37 31 11
37 32 5
37 33 22
37 34 46
37 35 40
37 36 50
38 0 15
38 1 20
38 2 55
38 3 40
38 4 52
38 5 11
38 6 30
38 7 54
38 8 9
38 9 53
38 10 51
38 11 5
38 12 6
38 13 50
38 14 18
38 15 34
38 16 4
38 17 45
38 18 50
38 19 30
38 20 9
38 21 43
38 22 29
38 23 27
38 24 50
38 25 55
38 26 43
38 27 1
38 28 41
38 29 31
38 30 48
38 31 2
38 32 7
38 33 8
38 34 23
38 35 27
38 36 23
38 37 32
39 0 26
39 1 12
39 2 40
39 3 50
39 4 5
39 5 11
39 6 44
39 7 34
39 8 27
39 9 16
39 10 19
39 11 2
39 12 27
39 13 7
39 14 12
39 15 51
39 16 41
39 17 6
39 18 43
39 19 38
39 20 56
39 21 14
39 22 53
39 23 18
39 24 37
39 25 30
39 26 1
39 27 22
39 28 41
39 29 6
39 30 11
39 31 40
39 32 30
39 33 15
39 34 18
39 35 2
39 36 39
39 37 10
39 38 25
40 0 20
40 1 48
40 2 45
40 3 54
40 4 49
40 5 41
40 6 26
40 7 38
40 8 40
40 9 50
40 10 50
40 11 56
40 12 5
40 13 43
40 14 52
40 15 51
40 16 6
40 17 36
40 18 1
40 19 40
40 20 43
40 21 34
40 22 12
40 23 32
40 24 46
40 25 41
40 26 25
40 27 8
40 28 16
40 29 3
40 30 4
40 31 15
40 32 6
40 33 51
40 34 13
40 35 7
40 36 1
40 37 47
40 38 11
40 39 22
41 0 38
41 1 17
41 2 54
41 3 31
41 4 36
41 5 29
41 6 42
41 7 2
41 8 49
41 9 22
41 10 12
41 11 8
41 12 32
41 13 23
41 14 11
41 15 43
41 16 34
41 17 44
41 18 47
41 19 20
41 20 8
41 21 25
41 22 54
41 23 44
41 24 47
41 25 27
41 26 9
41 27 49
41 28 49
41 29 2
41 30 15
41 31 50
41 32 42
41 33 12
41 34 37
41 35 11
41 36 25
41 37 52
41 38 53
41 39 48
41 40 36
42 0 8
42 1 46
42 2 49
42 3 44
42 4 48
42 5 17
42 6 29
42 7 20
42 8 33
42 9 22
42 10 39
42 11 46
42 12 29
42 13 55
42 14 21
42 15 33
42 16 15
42 17 41
42 18 38
42 19 28
42 20 8
42 21 53
42 22 54
42 23 28
42 24 19
42 25 42
42 26 2
42 27 17
42 28 16
42 29 18
42 30 28
42 31 25
42 32 10
42 33 41
42 34 37
42 35 1
42 36 26
42 37 33
42 38 30
42 39 51
42 40 48
42 41 50
43 0 54
43 1 11
43 2 51
43 3 23
43 4 47
43 5 25
43 6 20
43 7 43
43 8 1
43 9 35
43 10 1
43 11 47
43 12 8
43 13 4
43 14 27
43 15 17
43 16 54
43 17 39
43 18 10
43 19 19
43 20 16
43 21 26
43 22 28
43 23 50
43 24 2
43 25 38
43 26 7
43 27 1
43 28 7
43 29 37
43 30 32
43 31 55
43 32 34
43 33 49
43 34 39
43 35 35
43 36 50
43 37 34
43 38 43
43 39 36
43 40 44
43 41 42
43 42 9
44 0 56
44 1 20
44 2 9
44 3 54
44 4 46
44 5 16
44 6 49
44 7 49
44 8 6
44 9 12
44 10 53
44 11 17
44 12 25
44 13 42
44 14 49
44 15 33
44 16 23
44 17 35
44 18 39
44 19 31
44 20 14
44 21 9
44 22 15
44 23 2
44 24 11
44 25 40
44 26 26
44 27 55
44 28 27
44 29 54
44 30 8
44 31 14
44 32 49
44 33 15
44 34 11
44 35 12
44 36 11
44 37 13
44 38 47
44 39 55
44 40 21
44 41 29
44 42 19
44 43 27
45 0 38
45 1 19
45 2 29
45 3 1
45 4 34
45 5 55
45 6 41
45 7 54
45 8 12
45 9 49
45 10 28
45 11 33
45 12 48
45 13 25
45 14 27
45 15 27
45 16 3
45 17 5
45 18 48
45 19 33
45 20 19
45 21 55
45 22 12
45 23 16
45 24 47
45 25 24
45 26 25
45 27 50
45 28 36
45 29 10
45 30 14
45 31 12
45 32 8
45 33 37
45 34 17
45 35 31
45 36 20
45 37 17
45 38 11
45 39 48
45 40 21
45 41 10
45 42 33
45 43 7
45 44 35
46 0 44
46 1 24
46 2 14
46 3 50
46 4 41
46 5 43
46 6 41
46 7 46
46 8 27
46 9 56
46 10 22
46 11 35
46 12 27
46 13 18
46 14 19
46 15 9
46 16 25
46 17 28
46 18 25
46 19 34
46 20 26
46 21 45
46 22 44
46 23 25
46 24 20
46 25 11
46 26 42
46 27 12
46 28 13
46 29 21
46 30 56
46 31 41
46 32 25
46 33 12
46 34 18
46 35 17
46 36 7
46 37 35
46 38 56
46 39 13
46 40 11
46 41 5
46 42 23
46 43 52
46 44 29
46 45 2
47 0 55
47 1 53
47 2 22
47 3 11
47 4 25
47 5 8
47 6 47
47 7 26
47 8 20
47 9 38
47 10 5
47 11 37
47 12 3
47 13 17
47 14 29
47 15 32
47 16 42
47 17 41
47 18 42
47 19 4
47 20 19
47 21 20
47 22 36
47 23 5
47 24 52
47 25 1
47 26 28
47 27 40
47 28 25
47 29 39
47 30 39
47 31 54
47 32 47
47 33 46
47 34 27
47 35 37
47 36 20
47 37 7
47 38 45
47 39 35
47 40 22
47 41 51
47 42 11
47 43 14
47 44 38
47 45 14
47 46 13
48 0 46
48 1 30
48 2 27
48 3 7
48 4 28
48 5 3
48 6 55
48 7 19
48 8 39
48 9 51
48 10 13
48 11 16
48 12 1
48 13 22
48 14 26
48 15 39
48 16 29
48 17 48
48 18 25
48 19 56
48 20 33
48 21 36
48 22 14
48 23 46
48 24 33
48 25 8
48 26 9
48 27 36
48 28 26
48 29 31
48 30 43
48 31 53
48 32 40
48 33 42
48 34 11
48 35 37
48 36 20
48 37 47
48 38 53
48 39 26
48 40 54
48 41 36
48 42 30
48 43 26
48 44 49
48 45 19
48 46 23
48 47 19
49 0 56
49 1 29
49 2 20
49 3 38
49 4 54
49 5 42
49 6 36
49 7 19
49 8 33
49 9 24
49 10 27
49 11 10
49 12 37
49 13 11
49 14 38
49 15 6
49 16 46
49 17 31
49 18 28
49 19 33
49 20 45
49 21 16
49 22 51
49 23 1
49 24 23
49 25 42
49 26 13
49 27 28
49 28 5
49 29 15
49 30 17
49 31 4
49 32 40
49 33 14
49 34 56
49 35 9
49 36 11
49 37 30
49 38 43
49 39 17
49 40 50
49 41 12
49 42 10
49 43 49
49 44 4
49 45 6
49 46 1
49 47 29
49 48 40
50 0 17
50 1 22
50 2 49
50 3 24
50 4 37
50 5 26
50 6 17
50 7 31
50 8 9
50 9 16
50 10 54
50 11 20
50 12 26
50 13 35
50 14 25
50 15 2
50 16 3
50 17 41
50 18 34
50 19 2
50 20 46
50 21 32
50 22 40
50 23 45
50 24 9
50 25 37
50 26 37
50 27 47
50 28 27
50 29 55
50 30 51
50 31 1
50 32 13
50 33 21
50 34 39
50 35 14
50 36 28
50 37 9
50 38 21
50 39 54
50 40 47
50 41 22
50 42 2
50 43 15
50 44 5
50 45 32
50 46 42
50 47 18
50 48 53
50 49 51
51 0 8
51 1 41
51 2 54
51 3 26
51 4 6
51 5 36
51 6 4
51 7 35
51 8 48
51 9 2
51 10 35
51 11 1
51 12 27
51 13 22
51 14 47
51 15 22
51 16 3
51 17 38
51 18 5
51 19 29
51 20 38
51 21 15
51 22 8
51 23 54
51 24 3
51 25 21
51 26 40
51 27 4
51 28 27
51 29 5
51 30 32
51 31 46
51 32 24
51 33 54
51 34 18
51 35 19
51 36 10
51 37 50
51 38 29
51 39 56
51 40 39
51 41 40
51 42 27
51 43 44
51 44 23
51 45 37
51 46 29
51 47 50
51 48 10
51 49 38
51 50 1
52 0 4
52 1 28
52 2 15
52 3 26
52 4 12
52 5 1
52 6 15
52 7 47
52 8 47
52 9 49
52 10 53
52 11 41
52 12 49
52 13 14
52 14 51
52 15 49
52 16 35
52 17 11
52 18 7
52 19 18
52 20 56
52 21 48
52 22 54
52 23 13
52 24 15
52 25 22
52 26 42
52 27 4
52 28 50
52 29 11
52 30 38
52 31 41
52 32 22
52 33 28
52 34 46
52 35 38
52 36 6
52 37 10
52 38 28
52 39 25
52 40 20
52 41 27
52 42 35
52 43 46
52 44 25
52 45 51
52 46 15
52 47 36
52 48 18
52 49 35
52 50 3
52 51 5
53 0 8
53 1 1
53 2 48
53 3 44
53 4 44
53 5 9
53 6 40
53 7 11
53 8 55
53 9 32
53 10 38
53 11 1
53 12 9
53 13 18
53 14 1
53 15 43
53 16 27
53 17 30
53 18 40
53 19 28
53 20 56
53 21 34
53 22 3
53 23 26
53 24 3
53 25 50
53 26 19
53 27 17
53 28 2
53 29 36
53 30 35
53 31 43
53 32 18
53 33 21
53 34 32
53 35 18
53 36 53
53 37 2
53 38 50
53 39 3
53 40 20
53 41 36
53 42 13
53 43 33
53 44 8
53 45 1
53 46 8
53 47 15
53 48 2
53 49 17
53 50 35
53 51 28
53 52 53
54 0 53
54 1 23
54 2 1
54 3 18
54 4 18
54 5 55
54 6 40
54 7 53
54 8 34
54 9 55
54 10 9
54 11 43
54 12 6
54 13 21
54 14 45
54 15 46
54 16 26
54 17 42
54 18 44
54 19 45
54 20 11
54 21 29
54 22 30
54 23 15
54 24 39
54 25 41
54 26 48
54 27 18
54 28 33
54 29 3
54 30 1
54 31 19
54 32 4
54 33 4
54 34 3
54 35 2
54 36 29
54 37 38
54 38 23
54 39 53
54 40 37
54 41 28
54 42 23
54 43 9
54 44 3
54 45 37
54 46 29
54 47 47
54 48 28
54 49 6
54 50 3
54 51 47
54 52 56
54 53 19
55 0 54
55 1 33
55 2 52
55 3 29
55 4 46
55 5 48
55 6 45
55 7 55
55 8 12
55 9 10
55 10 52
55 11 40
55 12 54
55 13 8
55 14 31
55 15 32
55 16 8
55 17 32
55 18 14
55 19 49
55 20 35
55 21 34
55 22 5
55 23 56
55 24 35
55 25 49
55 26 22
55 27 55
55 28 34
55 29 36
55 30 15
55 31 10
55 32 25
55 33 22
55 34 20
55 35 35
55 36 39
55 37 6
55 38 11
55 39 30
55 40 19
55 41 27
55 42 25
55 43 17
55 44 24
55 45 46
55 46 39
55 47 26
55 48 25
55 49 7
55 50 36
55 51 5
55 52 20
55 53 37
55 54 43
56 0 8
56 1 36
56 2 17
56 3 5
56 4 45
56 5 40
56 6 8
56 7 15
56 8 12
56 9 32
56 10 13
56 11 14
56 12 25
56 13 38
56 14 29
56 15 26
56 16 7
56 17 20
56 18 14
56 19 54
56 20 8
56 21 56
56 22 28
56 23 3
56 24 53
56 25 6
56 26 34
56 27 22
56 28 27
56 29 6
56 30 24
56 31 45
56 32 3
56 33 3
56 34 56
56 35 43
56 36 17
56 37 44
56 38 56
56 39 43
56 40 21
56 41 27
56 42 49
56 43 52
56 44 42
56 45 13
56 46 31
56 47 14
56 48 17
56 49 21
56 50 26
56 51 50
56 52 51
56 53 32
56 54 49
56 55 1
