26
2 0 1
4 1 4
4 2 5
5 0 6
5 3 6
6 1 4
6 3 2
6 4 9
6 5 4
7 0 9
7 3 8
7 5 9
7 6 4
8 1 4
8 3 4
8 4 1
8 5 8
8 6 3
9 2 3
9 3 6
9 4 7
9 5 7
9 8 4
10 2 4
10 3 2
10 4 2
10 7 3
10 8 7
11 0 5
11 2 7
11 4 3
11 5 4
11 6 9
11 10 7
12 5 1
12 6 4
12 9 6
13 0 4
13 3 2
13 6 2
13 7 7
13 9 3
13 10 8
13 12 3
14 0 6
14 1 4
14 2 9
14 10 6
14 11 9
14 12 1
14 13 7
15 0 9
15 1 1
15 3 3
15 4 3
15 6 3
15 7 2
15 9 2
15 13 9
15 14 3
16 1 3
16 3 2
16 4 5
16 5 3
16 7 6
16 8 9
16 10 4
16 12 5
16 15 9
17 1 6
17 2 3
17 3 5
17 7 9
17 9 3
17 10 9
17 14 2
17 15 7
17 16 8
18 0 3
18 1 4
18 2 7
18 4 6
18 5 1
18 7 4
18 8 1
18 10 4
18 11 2
18 12 4
18 14 5
19 0 3
19 1 8
19 2 5
19 3 1
19 5 6
19 7 5
19 8 3
19 9 4
19 10 4
19 15 5
19 17 8
20 0 2
20 2 7
20 3 5
20 4 8
20 5 1
20 7 9
20 10 9
20 16 3
20 17 3
21 0 7
21 1 1
21 3 1
21 4 4
21 6 9
21 7 3
21 9 2
21 11 5
21 12 6
21 16 4
21 17 3
21 19 6
22 0 9
22 1 4
22 3 6
22 4 1
22 6 5
22 7 7
22 8 7
22 9 4
22 12 3
22 19 2
22 20 6
22 21 8
23 1 7
23 3 6
23 5 8
23 6 9
23 8 8
23 9 2
23 14 9
23 15 8
23 17 2
23 18 8
23 21 3
24 0 9
24 2 1
24 5 9
24 6 9
24 7 2
24 8 1
24 11 9
24 12 8
24 13 4
24 14 1
24 15 2
24 17 2
24 19 8
24 20 8
24 22 7
25 0 6
25 3 4
25 5 8
25 10 5
25 11 6
25 13 7
25 15 6
25 16 4
25 18 4
25 19 3
25 22 9
25 23 1
