47
2 0 30
3 0 28
3 1 9
4 0 30
4 1 12
4 2 5
4 3 12
6 1 24
6 2 10
6 3 35
6 4 26
6 5 13
7 0 28
7 1 25
7 4 9
7 5 30
7 6 13
8 1 28
8 2 29
8 3 10
8 4 22
8 6 24
9 0 11
9 1 20
9 3 20
9 5 21
9 7 22
10 2 19
10 3 33
10 6 28
10 7 6
10 8 10
11 0 5
11 1 21
11 2 30
11 7 5
11 8 32
11 10 20
12 0 12
12 1 6
12 3 8
12 4 24
12 6 16
12 7 1
12 8 14
12 9 30
13 0 11
13 2 13
13 4 4
13 5 17
13 6 5
13 9 4
13 12 19
14 0 6
14 4 29
14 6 6
14 9 20
14 10 20
14 12 17
14 13 16
15 1 36
15 2 9
15 3 30
15 7 25
15 8 34
15 9 16
15 12 33
15 14 28
16 1 35
16 8 27
16 11 30
16 12 15
17 3 22
17 9 13
17 10 20
17 16 32
18 0 4
18 1 24
18 2 5
18 5 4
18 6 23
18 8 3
18 11 7
18 12 17
18 13 7
18 16 30
19 0 26
19 3 15
19 4 18
19 5 13
19 6 36
19 9 13
19 11 23
19 12 22
19 13 14
19 14 13
19 16 24
19 17 1
19 18 17
20 1 26
20 2 16
20 3 25
20 6 22
20 8 13
20 16 6
20 17 4
20 19 17
21 1 5
21 2 9
21 5 27
21 9 5
21 12 28
21 13 18
21 15 30
21 17 29
21 18 34
21 19 12
22 0 31
22 2 8
22 4 6
22 5 19
22 6 18
22 7 16
22 8 4
22 12 18
22 14 32
22 19 21
22 20 27
23 0 21
23 2 15
23 3 2
23 4 18
23 5 22
23 6 2
23 7 18
23 10 12
23 11 11
23 18 22
23 20 4
23 22 17
24 0 24
24 1 34
24 2 5
24 3 33
24 7 36
24 10 16
24 13 1
24 14 2
24 15 15
24 16 14
24 17 26
24 20 3
24 21 25
25 0 35
25 4 3
25 5 25
25 7 29
25 10 18
25 12 29
25 15 1
25 17 18
25 22 8
25 23 11
25 24 15
26 4 1
26 5 3
26 7 6
26 8 32
26 11 24
26 13 35
26 14 4
26 16 30
26 22 9
26 23 19
26 25 31
27 0 23
27 2 16
27 4 15
27 8 25
27 12 8
27 14 10
27 18 4
27 20 36
27 21 23
27 22 2
27 23 19
27 24 5
27 25 4
27 26 16
28 0 19
28 4 2
28 5 26
28 6 20
28 7 11
28 9 18
28 10 28
28 11 11
28 12 29
28 13 20
28 17 17
28 18 14
28 19 24
28 23 6
28 24 8
28 25 19
28 26 17
28 27 20
29 2 25
29 3 10
29 4 24
29 5 8
29 10 21
29 11 10
29 12 12
29 14 5
29 15 34
29 16 28
29 19 33
29 20 22
29 22 36
29 23 36
29 25 7
29 28 32
30 0 6
30 2 20
30 9 23
30 10 11
30 11 6
30 13 20
30 14 19
30 15 4
30 16 14
30 23 23
30 24 15
30 28 13
31 1 8
31 2 22
31 3 19
31 5 10
31 8 2
31 14 31
31 15 21
31 18 35
31 19 7
31 21 13
31 22 30
31 27 2
31 28 23
31 29 3
32 2 12
32 3 25
32 4 17
32 9 15
32 11 28
32 14 27
32 15 15
32 17 33
32 18 1
32 20 21
32 21 15
32 24 7
32 25 14
33 0 1
33 2 13
33 4 16
33 5 21
33 6 12
33 7 2
33 9 18
33 10 28
33 11 22
33 12 32
33 15 17
33 16 25
33 22 25
33 23 21
33 24 21
33 26 11
33 27 24
33 28 4
33 29 13
34 1 6
34 3 25
34 5 25
34 6 6
34 8 11
34 9 12
34 10 13
34 11 36
34 14 29
34 15 19
34 16 2
34 17 18
34 19 11
34 21 7
34 22 32
34 24 19
34 26 10
34 33 26
35 0 26
35 1 10
35 2 34
35 3 15
35 4 30
35 5 18
35 7 19
35 8 22
35 11 2
35 13 3
35 14 26
35 15 23
35 16 15
35 18 36
35 19 16
35 21 9
35 23 23
35 24 9
35 25 10
35 26 27
35 28 5
35 30 9
35 31 17
35 32 9
35 34 11
36 2 5
36 4 26
36 10 14
36 11 4
36 12 1
36 14 36
36 16 23
36 17 15
36 20 22
36 23 34
36 24 29
36 25 33
36 30 4
36 32 20
37 0 1
37 2 12
37 3 14
37 4 29
37 5 11
37 8 21
37 9 30
37 13 18
37 15 14
37 17 33
37 18 20
37 20 19
37 21 34
37 22 22
37 24 11
37 25 33
37 27 2
37 28 23
37 33 16
37 34 11
38 3 31
38 9 10
38 11 11
38 12 22
38 16 9
38 17 16
38 21 17
38 22 18
38 23 31
38 25 14
38 26 36
38 27 25
38 28 10
38 31 15
38 32 8
38 33 28
38 34 35
38 35 34
38 36 12
39 0 5
39 1 35
39 2 20
39 5 23
39 8 11
39 9 21
39 13 33
39 16 32
39 22 10
39 23 25
39 24 27
39 28 10
39 29 31
39 32 4
39 33 3
39 35 13
39 37 4
40 0 22
40 2 6
40 3 13
40 4 35
40 5 19
40 6 18
40 9 3
40 10 25
40 11 3
40 15 36
40 16 4
40 22 15
40 26 32
40 27 25
40 29 18
40 30 8
40 31 18
40 35 27
40 36 11
40 38 7
41 0 30
41 4 26
41 8 30
41 14 12
41 16 22
41 19 18
41 23 8
41 25 5
41 26 14
41 29 18
41 30 35
41 31 35
41 35 14
41 37 14
42 0 21
42 4 35
42 5 13
42 8 1
42 12 24
42 13 1
42 15 30
42 18 7
42 19 34
42 20 36
42 21 36
42 24 26
42 25 18
42 28 2
42 29 7
42 31 19
42 36 33
42 39 25
42 41 30
43 0 15
43 1 25
43 2 5
43 5 9
43 6 28
43 9 30
43 10 26
43 11 24
43 12 4
43 13 22
43 15 19
43 21 19
43 22 33
43 24 28
43 25 32
43 26 33
43 28 32
43 29 29
43 31 8
43 32 11
43 33 18
43 35 29
43 36 21
43 37 20
43 38 35
43 39 32
43 40 2
44 0 22
44 1 5
44 2 23
44 5 13
44 7 3
44 10 15
44 11 29
44 12 16
44 13 30
44 14 20
44 16 23
44 19 3
44 20 6
44 23 13
44 25 8
44 27 11
44 28 10
44 30 7
44 33 19
44 35 9
44 37 24
44 39 27
44 40 18
44 41 18
44 43 36
45 1 9
45 3 36
45 4 17
45 8 8
45 10 4
45 11 2
45 12 23
45 13 17
45 14 13
45 16 35
45 17 13
45 22 13
45 23 33
45 24 34
45 30 31
45 31 5
45 32 13
45 43 34
45 44 26
46 1 4
46 2 5
46 3 34
46 4 23
46 6 34
46 9 10
46 10 7
46 11 27
46 13 36
46 14 22
46 16 19
46 19 5
46 23 17
46 24 4
46 26 23
46 27 18
46 28 2
46 33 18
46 35 10
46 37 28
46 38 4
46 39 8
46 40 2
46 41 24
46 43 11
46 45 30
