32
1 0 54
2 0 63
2 1 36
3 0 23
3 1 50
3 2 62
4 0 6
4 1 3
4 2 15
4 3 50
5 0 37
5 1 34
5 2 49
5 3 23
5 4 26
6 0 19
6 1 6
6 2 24
6 3 31
6 4 66
6 5 5
7 0 60
7 1 39
7 2 58
7 3 32
7 4 26
7 5 54
7 6 7
8 0 41
8 1 8
8 2 62
8 3 59
8 4 35
8 5 47
8 6 36
8 7 36
9 0 64
9 1 31
9 2 43
9 3 31
9 4 40
9 5 9
9 6 49
9 7 14
9 8 66
10 0 66
10 1 39
10 2 64
10 3 31
10 4 64
10 5 30
10 6 60
10 7 43
10 8 8
10 9 16
11 0 35
11 1 48
11 2 5
11 3 62
11 4 48
11 5 16
11 6 63
11 7 25
11 8 24
11 9 14
11 10 55
12 0 63
12 1 30
12 2 63
12 3 2
12 4 7
12 5 25
12 6 47
12 7 38
12 8 37
12 9 37
12 10 3
12 11 43
13 0 39
13 1 43
13 2 42
13 3 63
13 4 61
13 5 14
13 6 63
13 7 19
13 8 65
13 9 13
13 10 60
13 11 46
13 12 38
14 0 63
14 1 20
14 2 62
14 3 14
14 4 35
14 5 64
14 6 25
14 7 49
14 8 21
14 9 54
14 10 26
14 11 62
14 12 38
14 13 63
15 0 43
15 1 11
15 2 9
15 3 66
15 4 27
15 5 22
15 6 28
15 7 58
15 8 18
15 9 56
15 10 51
15 11 60
15 12 66
15 13 4
15 14 20
16 0 5
16 1 49
16 2 31
16 3 6
16 4 34
16 5 23
16 6 65
16 7 31
16 8 47
16 9 53
16 10 38
16 11 25
16 12 15
16 13 1
16 14 19
16 15 25
17 0 30
17 1 24
17 2 36
17 3 52
17 4 4
17 5 52
17 6 8
17 7 44
17 8 10
17 9 26
17 10 17
17 11 1
17 12 61
17 13 48
17 14 44
17 15 26
17 16 59
18 0 19
18 1 37
18 2 27
18 3 33
18 4 62
18 5 61
18 6 17
18 7 59
18 8 9
18 9 36
18 10 8
18 11 19
18 12 28
18 13 45
18 14 62
18 15 53
18 16 24
18 17 21
19 0 1
19 1 18
19 2 54
19 3 22
19 4 29
19 5 56
19 6 34
19 7 65
19 8 25
19 9 48
19 10 7
19 11 58
19 12 35
19 13 25
19 14 14
19 15 58
19 16 27
19 17 43
19 18 10
20 0 51
20 1 16
20 2 20
20 3 21
20 4 62
20 5 45
20 6 18
20 7 30
20 8 57
20 9 34
20 10 62
20 11 22
20 12 38
20 13 12
20 14 19
20 15 30
20 16 16
20 17 48
20 18 39
20 19 57
21 0 35
21 1 29
21 2 7
21 3 13
21 4 22
21 5 32
21 6 48
21 7 31
21 8 14
21 9 9
21 10 57
21 11 32
21 12 37
21 13 24
21 14 55
21 15 30
21 16 6
21 17 64
21 18 29
21 19 33
21 20 36
22 0 49
22 1 51
22 2 10
22 3 36
22 4 56
22 5 12
22 6 54
22 7 56
22 8 47
22 9 66
22 10 2
22 11 48
22 12 20
22 13 46
22 14 54
22 15 66
22 16 6
22 17 7
22 18 31
22 19 64
22 20 32
22 21 22
23 0 48
23 1 25
23 2 24
23 3 18
23 4 10
23 5 8
23 6 6
23 7 51
23 8 55
23 9 16
23 10 61
23 11 9
23 12 15
23 13 32
23 14 65
23 15 14
23 16 27
23 17 36
23 18 5
23 19 33
23 20 11
23 21 43
23 22 56
24 0 50
24 1 52
24 2 4
24 3 31
24 4 26
24 5 14
24 6 60
24 7 25
24 8 21
24 9 16
24 10 11
24 11 12
24 12 6
24 13 46
24 14 46
24 15 34
24 16 50
24 17 60
24 18 62
24 19 22
24 20 28
24 21 53
24 22 25
24 23 23
25 0 42
25 1 34
25 2 66
25 3 18
25 4 3
25 5 20
25 6 19
25 7 1
25 8 66
25 9 15
25 10 40
25 11 21
25 12 65
25 13 49
25 14 66
25 15 10
25 16 64
25 17 17
25 18 33
25 19 7
25 20 15
25 21 30
25 22 56
25 23 28
25 24 15
26 0 37
26 1 1
26 2 29
26 3 31
26 4 14
26 5 54
26 6 45
26 7 26
26 8 26
26 9 58
26 10 52
26 11 63
26 12 44
26 13 26
26 14 4
26 15 20
26 16 53
26 17 28
26 18 15
26 19 38
26 20 16
26 21 5
26 22 53
26 23 3
26 24 8
26 25 24
27 0 10
27 1 55
27 2 3
27 3 50
27 4 1
27 5 5
27 6 26
27 7 59
27 8 17
27 9 18
27 10 10
27 11 43
27 12 2
27 13 2
27 14 38
27 15 44
27 16 29
27 17 47
27 18 58
27 19 16
27 20 57
27 21 35
27 22 4
27 23 55
27 24 62
27 25 61
27 26 31
28 0 48
28 1 17
28 2 49
28 3 44
28 4 59
28 5 18
28 6 7
28 7 46
28 8 31
28 9 45
28 10 5
28 11 62
28 12 62
28 13 38
28 14 53
28 15 64
28 16 57
28 17 66
28 18 23
28 19 13
28 20 28
28 21 46
28 22 45
28 23 22
28 24 27
28 25 14
28 26 19
28 27 45
29 0 25
29 1 41
29 2 44
29 3 64
29 4 4
29 5 43
29 6 32
29 7 23
29 8 17
29 9 47
29 10 3
29 11 33
29 12 50
29 13 26
29 14 43
29 15 4
29 16 9
29 17 18
29 18 52
29 19 62
29 20 23
29 21 7
29 22 20
29 23 13
29 24 36
29 25 58
29 26 59
29 27 26
29 28 36
30 0 4
30 1 49
30 2 47
30 3 46
30 4 11
30 5 4
30 6 22
30 7 28
30 8 41
30 9 43
30 10 45
30 11 23
30 12 16
30 13 14
30 14 46
30 15 59
30 16 61
30 17 42
30 18 10
30 19 62
30 20 36
30 21 31
30 22 39
30 23 43
30 24 62
30 25 43
30 26 44
30 27 41
30 28 33
30 29 59
31 0 49
31 1 12
31 2 54
31 3 26
31 4 65
31 5 18
31 6 30
31 7 51
31 8 36
31 9 16
31 10 40
31 11 25
31 12 27
31 13 38
31 14 29
31 15 36
31 16 63
31 17 23
31 18 11
31 19 6
31 20 30
31 21 3
31 22 19
31 23 26
31 24 61
31 25 50
31 26 38
31 27 58
31 28 7
31 29 8
31 30 36
