50
1 0 3
2 0 5
2 1 3
3 0 2
3 1 1
3 2 7
4 0 3
4 1 5
4 2 7
4 3 4
5 0 5
5 1 5
5 2 5
5 3 4
5 4 4
6 0 3
6 1 2
6 2 2
6 3 2
6 4 1
6 5 3
7 0 5
7 1 5
7 2 3
7 3 4
7 4 3
7 5 5
7 6 7
8 0 4
8 1 6
8 2 4
8 3 5
8 4 6
8 5 2
8 6 2
8 7 5
9 0 2
9 1 5
9 2 7
9 3 2
9 4 4
9 5 7
9 6 6
9 7 4
9 8 7
10 0 5
10 1 4
10 2 6
10 3 2
10 4 1
10 5 1
10 6 1
10 7 6
10 8 1
10 9 5
11 0 7
11 1 5
11 2 6
11 3 4
11 4 3
11 5 4
11 6 6
11 7 4
11 8 7
11 9 3
11 10 3
12 0 3
12 1 3
12 2 3
12 3 2
12 4 7
12 5 1
12 6 1
12 7 1
12 8 3
12 9 4
12 10 4
12 11 4
13 0 2
13 1 1
13 2 1
13 3 7
13 4 1
13 5 5
13 6 6
13 7 7
13 8 3
13 9 2
13 10 3
13 11 7
13 12 5
14 0 2
14 1 6
14 2 6
14 3 4
14 4 3
14 5 6
14 6 2
14 7 6
14 8 2
14 9 2
14 10 4
14 11 4
14 12 7
14 13 2
15 0 3
15 1 3
15 2 2
15 3 3
15 4 3
15 5 7
15 6 6
15 7 5
15 8 3
15 9 5
15 10 3
15 11 1
15 12 1
15 13 6
15 14 1
16 0 4
16 1 5
16 2 3
16 3 6
16 4 5
16 5 4
16 6 5
16 7 3
16 8 6
16 9 2
16 10 7
16 11 6
16 12 3
16 13 3
16 14 3
16 15 5
17 0 5
17 1 1
17 2 4
17 3 1
17 4 5
17 5 6
17 6 1
17 7 3
17 8 2
17 9 5
17 10 2
17 11 7
17 12 7
17 13 3
17 14 7
17 15 1
17 16 2
18 0 4
18 1 3
18 2 5
18 3 1
18 4 5
18 5 4
18 6 2
18 7 4
18 8 2
18 9 7
18 10 1
18 11 7
18 12 6
18 13 3
18 14 3
18 15 5
18 16 4
18 17 2
19 0 7
19 1 6
19 2 3
19 3 4
19 4 5
19 5 3
19 6 1
19 7 1
19 8 2
19 9 6
19 10 3
19 11 6
19 12 6
19 13 3
19 14 5
19 15 1
19 16 5
19 17 1
19 18 2
20 0 7
20 1 2
20 2 4
20 3 5
20 4 4
20 5 1
20 6 3
20 7 1
20 8 6
20 9 5
20 10 1
20 11 7
20 12 4
20 13 5
20 14 7
20 15 7
20 16 7
20 17 6
20 18 5
20 19 3
21 0 4
21 1 7
21 2 7
21 3 2
21 4 2
21 5 4
21 6 4
21 7 5
21 8 3
21 9 6
21 10 1
21 11 4
21 12 1
21 13 3
21 14 6
21 15 4
21 16 7
21 17 1
21 18 2
21 19 6
21 20 4
22 0 6
22 1 7
22 2 7
22 3 3
22 4 1
22 5 2
22 6 5
22 7 4
22 8 6
22 9 3
22 10 1
22 11 1
22 12 7
22 13 3
22 14 5
22 15 3
22 16 2
22 17 3
22 18 7
22 19 2
22 20 4
22 21 5
23 0 1
23 1 6
23 2 6
23 3 2
23 4 6
23 5 3
23 6 4
23 7 7
23 8 6
23 9 3
23 10 5
23 11 3
23 12 3
23 13 4
23 14 4
23 15 5
23 16 3
23 17 3
23 18 5
23 19 6
23 20 3
23 21 5
23 22 6
24 0 5
24 1 3
24 2 2
24 3 7
24 4 3
24 5 1
24 6 3
24 7 2
24 8 7
24 9 1
24 10 3
24 11 2
24 12 2
24 13 4
24 14 6
24 15 3
24 16 5
24 17 6
24 18 4
24 19 6
24 20 2
24 21 5
24 22 1
24 23 3
25 0 3
25 1 2
25 2 4
25 3 6
25 4 1
25 5 7
25 6 4
25 7 7
25 8 7
25 9 1
25 10 2
25 11 3
25 12 4
25 13 1
25 14 6
25 15 5
25 16 3
25 17 6
25 18 7
25 19 7
25 20 7
25 21 2
25 22 4
25 23 7
25 24 5
26 0 6
26 1 3
26 2 2
26 3 1
26 4 5
26 5 1
26 6 4
26 7 4
26 8 1
26 9 2
26 10 3
26 11 1
26 12 7
26 13 2
26 14 7
26 15 7
26 16 4
26 17 2
26 18 6
26 19 3
26 20 6
26 21 3
26 22 5
26 23 4
26 24 3
26 25 5
27 0 1
27 1 7
27 2 2
27 3 4
27 4 3
27 5 1
27 6 1
27 7 3
27 8 2
27 9 7
27 10 7
27 11 2
27 12 4
27 13 6
27 14 7
27 15 5
27 16 1
27 17 2
27 18 1
27 19 4
27 20 3
27 21 6
27 22 2
27 23 3
27 24 3
27 25 5
27 26 5
28 0 4
28 1 7
28 2 1
28 3 3
28 4 4
28 5 5
28 6 4
28 7 5
28 8 6
28 9 1
28 10 3
28 11 3
28 12 6
28 13 6
28 14 7
28 15 6
28 16 1
28 17 3
28 18 1
28 19 3
28 20 5
28 21 7
28 22 7
28 23 4
28 24 2
28 25 3
28 26 6
28 27 5
29 0 5
29 1 1
29 2 6
29 3 6
29 4 7
29 5 6
29 6 2
29 7 4
29 8 3
29 9 4
29 10 2
29 11 2
29 12 6
29 13 5
29 14 3
29 15 4
29 16 3
29 17 7
29 18 7
29 19 6
29 20 3
29 21 7
29 22 7
29 23 1
29 24 1
29 25 5
29 26 7
29 27 3
29 28 2
30 0 2
30 1 7
30 2 2
30 3 6
30 4 6
30 5 4
30 6 6
30 7 1
30 8 4
30 9 6
30 10 1
30 11 6
30 12 7
30 13 1
30 14 2
30 15 3
30 16 5
30 17 1
30 18 5
30 19 4
30 20 2
30 21 7
30 22 6
30 23 1
30 24 3
30 25 5
30 26 3
30 27 4
30 28 3
30 29 3
31 0 5
31 1 7
31 2 5
31 3 4
31 4 1
31 5 1
31 6 5
31 7 5
31 8 6
31 9 3
31 10 2
31 11 5
31 12 7
31 13 4
31 14 7
31 15 6
31 16 2
31 17 3
31 18 4
31 19 1
31 20 2
31 21 3
31 22 2
31 23 7
31 24 4
31 25 2
31 26 7
31 27 7
31 28 6
31 29 1
31 30 3
32 0 4
32 1 1
32 2 7
32 3 3
32 4 4
32 5 7
32 6 1
32 7 7
32 8 2
32 9 3
32 10 6
32 11 1
32 12 3
32 13 3
32 14 4
32 15 2
32 16 6
32 17 5
32 18 5
32 19 7
32 20 6
32 21 5
32 22 4
32 23 1
32 24 6
32 25 5
32 26 3
32 27 7
32 28 6
32 29 3
32 30 6
32 31 2
33 0 3
33 1 7
33 2 6
33 3 2
33 4 7
33 5 2
33 6 3
33 7 1
33 8 2
33 9 2
33 10 5
33 11 5
33 12 4
33 13 6
33 14 3
33 15 1
33 16 1
33 17 1
33 18 6
33 19 1
33 20 1
33 21 1
33 22 5
33 23 3
33 24 1
33 25 1
33 26 3
33 27 3
33 28 6
33 29 1
33 30 3
33 31 2
33 32 6
34 0 4
34 1 1
34 2 5
34 3 2
34 4 2
34 5 4
34 6 3
34 7 3
34 8 1
34 9 4
34 10 3
34 11 1
34 12 2
34 13 6
34 14 5
34 15 1
34 16 4
34 17 4
34 18 1
34 19 1
34 20 4
34 21 4
34 22 5
34 23 4
34 24 3
34 25 1
34 26 6
34 27 7
34 28 5
34 29 6
34 30 3
34 31 6
34 32 1
34 33 5
35 0 4
35 1 3
35 2 3
35 3 5
35 4 2
35 5 6
35 6 2
35 7 6
35 8 5
35 9 5
35 10 6
35 11 3
35 12 3
35 13 6
35 14 3
35 15 3
35 16 7
35 17 3
35 18 1
35 19 7
35 20 1
35 21 6
35 22 6
35 23 5
35 24 1
35 25 1
35 26 3
35 27 6
35 28 5
35 29 7
35 30 1
35 31 1
35 32 6
35 33 1
35 34 6
36 0 2
36 1 7
36 2 7
36 3 2
36 4 3
36 5 6
36 6 5
36 7 6
36 8 5
36 9 5
36 10 7
36 11 2
36 12 2
36 13 4
36 14 1
36 15 1
36 16 5
36 17 3
36 18 1
36 19 7
36 20 4
36 21 1
36 22 1
36 23 5
36 24 3
36 25 7
36 26 3
36 27 2
36 28 7
36 29 7
36 30 4
36 31 3
36 32 7
36 33 4
36 34 3
36 35 5
37 0 1
37 1 2
37 2 3
37 3 5
37 4 4
37 5 7
37 6 6
37 7 6
37 8 3
37 9 4
37 10 2
37 11 6
37 12 3
37 13 7
37 14 5
37 15 5
37 16 4
37 17 4
37 18 3
37 19 6
37 20 2
37 21 3
37 22 3
37 23 3
37 24 6
37 25 4
37 26 6
37 27 1
37 28 4
37 29 3
37 30 4
37 31 1
37 32 5
37 33 7
37 34 4
37 35 3
37 36 1
38 0 4
38 1 2
38 2 3
38 3 2
38 4 4
38 5 4
38 6 3
38 7 3
38 8 5
38 9 4
38 10 3
38 11 1
38 12 6
38 13 4
38 14 6
38 15 1
38 16 3
38 17 4
38 18 7
38 19 5
38 20 4
38 21 2
38 22 1
38 23 5
38 24 6
38 25 2
38 26 1
38 27 7
38 28 6
38 29 5
38 30 7
38 31 6
38 32 3
38 33 7
38 34 5
38 35 1
38 36 5
38 37 5
39 0 1
39 1 4
39 2 1
39 3 2
39 4 6
39 5 5
39 6 7
39 7 6
39 8 5
39 9 3
39 10 3
39 11 7
39 12 1
39 13 6
39 14 3
39 15 7
39 16 3
39 17 1
39 18 3
39 19 1
39 20 4
39 21 6
39 22 5
39 23 5
39 24 6
39 25 5
39 26 7
39 27 1
39 28 7
39 29 6
39 30 6
39 31 2
39 32 7
39 33 4
39 34 1
39 35 6
39 36 5
39 37 7
39 38 6
40 0 7
40 1 6
40 2 1
40 3 4
40 4 5
40 5 5
40 6 6
40 7 3
40 8 1
40 9 5
40 10 3
40 11 4
40 12 4
40 13 7
40 14 5
40 15 4
40 16 2
40 17 7
40 18 5
40 19 6
40 20 2
40 21 3
40 22 4
40 23 6
40 24 4
40 25 4
40 26 3
40 27 5
40 28 5
40 29 1
40 30 6
40 31 3
40 32 5
40 33 3
40 34 3
40 35 7
40 36 6
40 37 6
40 38 2
40 39 3
41 0 7
41 1 1
41 2 6
41 3 5
41 4 1
41 5 1
41 6 6
41 7 2
41 8 2
41 9 1
41 10 7
41 11 2
41 12 4
41 13 2
41 14 7
41 15 3
41 16 1
41 17 6
41 18 5
41 19 6
41 20 3
41 21 5
41 22 4
41 23 5
41 24 1
41 25 5
41 26 6
41 27 4
41 28 7
41 29 3
41 30 4
41 31 3
41 32 1
41 33 1
41 34 6
41 35 1
41 36 1
41 37 3
41 38 5
41 39 5
41 40 7
42 0 4
42 1 1
42 2 7
42 3 5
42 4 7
42 5 4
42 6 3
42 7 7
42 8 5
42 9 3
42 10 1
42 11 1
42 12 1
42 13 5
42 14 5
42 15 5
42 16 4
42 17 1
42 18 6
42 19 3
42 20 5
42 21 7
42 22 2
42 23 3
42 24 7
42 25 4
42 26 6
42 27 3
42 28 1
42 29 6
42 30 5
42 31 3
42 32 4
42 33 2
42 34 4
42 35 1
42 36 7
42 37 5
42 38 6
42 39 1
42 40 2
42 41 2
43 0 5
43 1 2
43 2 2
43 3 6
43 4 3
43 5 7
43 6 3
43 7 5
43 8 7
43 9 3
43 10 3
43 11 7
43 12 5
43 13 2
43 14 7
43 15 1
43 16 7
43 17 7
43 18 1
43 19 6
43 20 3
43 21 4
43 22 5
43 23 7
43 24 1
43 25 3
43 26 4
43 27 1
43 28 1
43 29 2
43 30 1
43 31 5
43 32 1
43 33 1
43 34 2
43 35 6
43 36 3
43 37 3
43 38 3
43 39 7
43 40 7
43 41 4
43 42 4
44 0 1
44 1 6
44 2 4
44 3 6
44 4 3
44 5 2
44 6 3
44 7 5
44 8 6
44 9 2
44 10 4
44 11 7
44 12 6
44 13 1
44 14 6
44 15 1
44 16 7
44 17 2
44 18 5
44 19 1
44 20 7
44 21 3
44 22 4
44 23 3
44 24 4
44 25 4
44 26 7
44 27 2
44 28 7
44 29 2
44 30 7
44 31 2
44 32 4
44 33 4
44 34 2
44 35 5
44 36 1
44 37 6
44 38 3
44 39 6
44 40 3
44 41 3
44 42 7
44 43 1
45 0 7
45 1 4
45 2 6
45 3 5
45 4 5
45 5 4
45 6 6
45 7 7
45 8 2
45 9 2
45 10 1
45 11 7
45 12 6
45 13 7
45 14 2
45 15 3
45 16 5
45 17 6
45 18 4
45 19 3
45 20 2
45 21 3
45 22 5
45 23 5
45 24 6
45 25 6
45 26 7
45 27 5
45 28 5
45 29 1
45 30 4
45 31 7
45 32 3
45 33 1
45 34 2
45 35 2
45 36 3
45 37 1
45 38 7
45 39 5
45 40 1
45 41 1
45 42 5
45 43 1
45 44 4
46 0 4
46 1 6
46 2 2
46 3 4
46 4 1
46 5 2
46 6 4
46 7 4
46 8 1
46 9 4
46 10 1
46 11 3
46 12 5
46 13 2
46 14 5
46 15 2
46 16 3
46 17 7
46 18 1
46 19 4
46 20 2
46 21 1
46 22 4
46 23 6
46 24 6
46 25 2
46 26 5
46 27 7
46 28 5
46 29 2
46 30 1
46 31 5
46 32 2
46 33 4
46 34 3
46 35 6
46 36 7
46 37 5
46 38 5
46 39 4
46 40 6
46 41 1
46 42 6
46 43 3
46 44 4
46 45 4
47 0 3
47 1 1
47 2 4
47 3 1
47 4 1
47 5 7
47 6 1
47 7 6
47 8 6
47 9 5
47 10 3
47 11 4
47 12 3
47 13 7
47 14 6
47 15 2
47 16 7
47 17 3
47 18 2
47 19 4
47 20 7
47 21 6
47 22 3
47 23 7
47 24 5
47 25 7
47 26 4
47 27 1
47 28 1
47 29 2
47 30 1
47 31 3
47 32 6
47 33 4
47 34 3
47 35 5
47 36 1
47 37 6
47 38 5
47 39 6
47 40 1
47 41 1
47 42 6
47 43 4
47 44 4
47 45 2
47 46 4
48 0 3
48 1 6
48 2 5
48 3 3
48 4 1
48 5 5
48 6 3
48 7 3
48 8 2
48 9 4
48 10 5
48 11 7
48 12 5
48 13 5
48 14 5
48 15 2
48 16 6
48 17 3
48 18 1
48 19 4
48 20 2
48 21 6
48 22 6
48 23 5
48 24 3
48 25 2
48 26 1
48 27 6
48 28 3
48 29 5
48 30 7
48 31 3
48 32 2
48 33 2
48 34 2
48 35 7
48 36 2
48 37 1
48 38 5
48 39 3
48 40 5
48 41 3
48 42 1
48 43 3
48 44 2
48 45 7
48 46 4
48 47 2
49 0 5
49 1 7
49 2 4
49 3 1
49 4 6
49 5 7
49 6 3
49 7 1
49 8 3
49 9 3
49 10 5
49 11 5
49 12 1
49 13 4
49 14 4
49 15 3
49 16 7
49 17 6
49 18 4
49 19 6
49 20 5
49 21 2
49 22 7
49 23 4
49 24 1
49 25 3
49 26 2
49 27 5
49 28 4
49 29 4
49 30 6
49 31 1
49 32 1
49 33 4
49 34 1
49 35 5
49 36 4
49 37 6
49 38 4
49 39 2
49 40 3
49 41 6
49 42 2
49 43 7
49 44 1
49 45 6
49 46 4
49 47 1
49 48 3
