31
1 0 39
2 0 15
2 1 23
3 0 5
3 1 29
3 2 12
4 0 25
4 1 37
4 2 3
4 3 24
5 0 9
5 1 24
5 2 13
5 3 38
5 4 35
6 0 30
6 1 25
6 2 21
6 3 35
6 4 16
6 5 14
7 0 19
7 1 27
7 2 30
7 3 28
7 4 26
7 5 4
7 6 18
8 0 23
8 1 37
8 2 7
8 3 4
8 4 19
8 5 26
8 6 34
8 7 21
9 0 12
9 1 18
9 2 38
9 3 5
9 4 32
9 5 40
9 6 11
9 7 8
9 8 23
10 0 24
10 1 19
10 2 1
10 3 19
10 4 38
10 5 11
10 6 14
10 7 31
10 8 4
10 9 40
11 0 7
11 1 1
11 2 21
11 3 26
11 4 18
11 5 25
11 6 38
11 7 40
11 8 27
11 9 8
11 10 22
12 0 4
12 1 22
12 2 5
12 3 37
12 4 31
12 5 27
12 6 23
12 7 34
12 8 20
12 9 4
12 10 7
12 11 10
13 0 30
13 1 37
13 2 5
13 3 26
13 4 11
13 5 7
13 6 8
13 7 35
13 8 39
13 9 1
13 10 4
13 11 31
13 12 7
14 0 37
14 1 10
14 2 35
14 3 4
14 4 33
14 5 23
14 6 9
14 7 29
14 8 11
14 9 10
14 10 15
14 11 27
14 12 27
14 13 12
15 0 30
15 1 17
15 2 23
15 3 23
15 4 26
15 5 9
15 6 33
15 7 16
15 8 22
15 9 23
15 10 40
15 11 38
15 12 27
15 13 2
15 14 24
16 0 13
16 1 36
16 2 27
16 3 24
16 4 24
16 5 4
16 6 10
16 7 27
16 8 22
16 9 9
16 10 26
16 11 39
16 12 27
16 13 14
16 14 18
16 15 9
17 0 27
17 1 38
17 2 25
17 3 36
17 4 39
17 5 10
17 6 17
17 7 9
17 8 6
17 9 23
17 10 13
17 11 22
17 12 39
17 13 2
17 14 31
17 15 18
17 16 15
18 0 31
18 1 8
18 2 15
18 3 6
18 4 21
18 5 16
18 6 29
18 7 25
18 8 35
18 9 13
18 10 33
18 11 18
18 12 29
18 13 39
18 14 39
18 15 7
18 16 36
18 17 26
19 0 31
19 1 14
19 2 34
19 3 5
19 4 11
19 5 11
19 6 13
19 7 9
19 8 22
19 9 29
19 10 28
19 11 35
19 12 37
19 13 12
19 14 15
19 15 35
19 16 35
19 17 26
19 18 6
20 0 24
20 1 18
20 2 35
20 3 35
20 4 29
20 5 15
20 6 30
20 7 15
20 8 11
20 9 24
20 10 4
20 11 34
20 12 4
20 13 36
20 14 20
20 15 40
20 16 10
20 17 14
20 18 29
20 19 20
21 0 21
21 1 18
21 2 13
21 3 39
21 4 10
21 5 27
21 6 16
21 7 2
21 8 32
21 9 2
21 10 11
21 11 21
21 12 6
21 13 29
21 14 37
21 15 32
21 16 14
21 17 2
21 18 34
21 19 24
21 20 26
22 0 17
22 1 25
22 2 10
22 3 29
22 4 20
22 5 7
22 6 24
22 7 36
22 8 20
22 9 27
22 10 20
22 11 4
22 12 32
22 13 17
22 14 21
22 15 1
22 16 11
22 17 20
22 18 11
22 19 11
22 20 22
22 21 20
23 0 12
23 1 20
23 2 18
23 3 5
23 4 27
23 5 16
23 6 29
23 7 4
23 8 29
23 9 24
23 10 32
23 11 33
23 12 18
23 13 11
23 14 36
23 15 38
23 16 19
23 17 19
23 18 3
23 19 13
23 20 33
23 21 16
23 22 36
24 0 15
24 1 29
24 2 24
24 3 24
24 4 27
24 5 4
24 6 26
24 7 17
24 8 11
24 9 32
24 10 18
24 11 40
24 12 18
24 13 19
24 14 27
24 15 7
24 16 3
24 17 23
24 18 34
24 19 32
24 20 26
24 21 2
24 22 29
24 23 39
25 0 13
25 1 33
25 2 26
25 3 8
25 4 7
25 5 32
25 6 22
25 7 9
25 8 10
25 9 9
25 10 24
25 11 20
25 12 21
25 13 25
25 14 19
25 15 22
25 16 39
25 17 20
25 18 1
25 19 34
25 20 21
25 21 28
25 22 24
25 23 29
25 24 23
26 0 1
26 1 20
26 2 26
26 3 3
26 4 24
26 5 10
26 6 29
26 7 31
26 8 31
26 9 13
26 10 10
26 11 33
26 12 38
26 13 15
26 14 1
26 15 32
26 16 22
26 17 1
26 18 8
26 19 6
26 20 27
26 21 20
26 22 8
26 23 18
26 24 23
26 25 25
27 0 1
27 1 33
27 2 31
27 3 15
27 4 29
27 5 23
27 6 23
27 7 38
27 8 13
27 9 2
27 10 40
27 11 6
27 12 33
27 13 33
27 14 37
27 15 34
27 16 21
27 17 9
27 18 23
27 19 16
27 20 34
27 21 20
27 22 20
27 23 9
27 24 1
27 25 3
27 26 6
28 0 27
28 1 24
28 2 2
28 3 17
28 4 38
28 5 26
28 6 18
28 7 32
28 8 36
28 9 1
28 10 15
28 11 31
28 12 38
28 13 39
28 14 19
28 15 4
28 16 40
28 17 6
28 18 37
28 19 36
28 20 34
28 21 27
28 22 22
28 23 13
28 24 35
28 25 2
28 26 27
28 27 32
29 0 34
29 1 27
29 2 17
29 3 28
29 4 9
29 5 14
29 6 26
29 7 11
29 8 5
29 9 22
29 10 16
29 11 35
29 12 32
29 13 25
29 14 20
29 15 35
29 16 26
29 17 24
29 18 17
29 19 9
29 20 29
29 21 9
29 22 26
29 23 33
29 24 17
29 25 10
29 26 11
29 27 28
29 28 35
30 0 14
30 1 17
30 2 24
30 3 40
30 4 39
30 5 35
30 6 9
30 7 25
30 8 4
30 9 30
30 10 23
30 11 26
30 12 26
30 13 17
30 14 28
30 15 22
30 16 3
30 17 35
30 18 12
30 19 24
30 20 19
30 21 37
30 22 28
30 23 16
30 24 37
30 25 25
30 26 37
30 27 1
30 28 11
30 29 9
