49
1 0 9
2 0 34
2 1 14
3 0 50
3 1 26
3 2 19
4 0 51
4 1 36
4 2 2
4 3 11
5 0 51
5 1 4
5 2 11
5 3 30
5 4 36
6 0 56
6 1 53
6 2 45
6 3 52
6 4 52
6 5 31
7 0 36
7 1 52
7 2 34
7 3 22
7 4 55
7 5 5
7 6 9
8 0 23
8 1 49
8 2 29
8 3 45
8 4 34
8 5 31
8 6 52
8 7 40
9 0 42
9 1 54
9 2 13
9 3 7
9 4 50
9 5 56
9 6 52
9 7 58
9 8 30
10 0 4
10 1 2
10 2 24
10 3 25
10 4 35
10 5 42
10 6 50
10 7 26
10 8 45
10 9 46
11 0 8
11 1 52
11 2 30
11 3 49
11 4 22
11 5 24
11 6 27
11 7 17
11 8 18
11 9 8
11 10 50
12 0 50
12 1 4
12 2 45
12 3 3
12 4 47
12 5 50
12 6 52
12 7 51
12 8 33
12 9 27
12 10 28
12 11 13
13 0 52
13 1 27
13 2 37
13 3 30
13 4 30
13 5 27
13 6 48
13 7 42
13 8 49
13 9 46
13 10 15
13 11 31
13 12 28
14 0 27
14 1 11
14 2 19
14 3 17
14 4 24
14 5 6
14 6 25
14 7 22
14 8 14
14 9 22
14 10 45
14 11 24
14 12 53
14 13 36
15 0 38
15 1 53
15 2 20
15 3 52
15 4 29
15 5 24
15 6 40
15 7 27
15 8 45
15 9 51
15 10 34
15 11 49
15 12 17
15 13 33
15 14 7
16 0 16
16 1 49
16 2 12
16 3 48
16 4 47
16 5 36
16 6 25
16 7 15
16 8 48
16 9 48
16 10 27
16 11 50
16 12 20
16 13 58
16 14 47
16 15 56
17 0 52
17 1 8
17 2 18
17 3 40
17 4 22
17 5 7
17 6 45
17 7 29
17 8 25
17 9 10
17 10 15
17 11 51
17 12 13
17 13 48
17 14 23
17 15 35
17 16 31
18 0 10
18 1 29
18 2 14
18 3 41
18 4 54
18 5 33
18 6 7
18 7 41
18 8 54
18 9 56
18 10 38
18 11 36
18 12 54
18 13 38
18 14 55
18 15 50
18 16 45
18 17 24
19 0 9
19 1 25
19 2 27
19 3 4
19 4 37
19 5 38
19 6 30
19 7 53
19 8 14
19 9 22
19 10 46
19 11 43
19 12 13
19 13 33
19 14 36
19 15 13
19 16 24
19 17 39
19 18 52
20 0 33
20 1 49
20 2 21
20 3 22
20 4 32
20 5 51
20 6 14
20 7 39
20 8 34
20 9 31
20 10 8
20 11 14
20 12 15
20 13 35
20 14 24
20 15 42
20 16 23
20 17 41
20 18 53
20 19 11
21 0 56
21 1 23
21 2 16
21 3 15
21 4 2
21 5 55
21 6 45
21 7 16
21 8 35
21 9 27
21 10 55
21 11 34
21 12 16
21 13 25
21 14 27
21 15 9
21 16 47
21 17 50
21 18 26
21 19 38
21 20 18
22 0 36
22 1 39
22 2 52
22 3 15
22 4 34
22 5 38
22 6 18
22 7 49
22 8 43
22 9 36
22 10 38
22 11 25
22 12 25
22 13 37
22 14 28
22 15 40
22 16 17
22 17 27
22 18 38
22 19 15
22 20 29
22 21 9
23 0 9
23 1 32
23 2 31
23 3 57
23 4 5
23 5 13
23 6 32
23 7 39
23 8 17
23 9 29
23 10 56
23 11 54
23 12 19
23 13 15
23 14 52
23 15 23
23 16 26
23 17 35
23 18 38
23 19 56
23 20 57
23 21 15
23 22 16
24 0 49
24 1 21
24 2 12
24 3 49
24 4 57
24 5 17
24 6 15
24 7 9
24 8 24
24 9 18
24 10 21
24 11 1
24 12 1
24 13 23
24 14 11
24 15 1
24 16 31
24 17 25
24 18 55
24 19 34
24 20 48
24 21 53
24 22 32
24 23 7
25 0 51
25 1 42
25 2 52
25 3 52
25 4 47
25 5 25
25 6 21
25 7 17
25 8 4
25 9 4
25 10 9
25 11 43
25 12 33
25 13 17
25 14 6
25 15 5
25 16 20
25 17 50
25 18 44
25 19 28
25 20 56
25 21 13
25 22 8
25 23 58
25 24 55
26 0 52
26 1 31
26 2 24
26 3 46
26 4 18
26 5 53
26 6 7
26 7 21
26 8 34
26 9 4
26 10 48
26 11 47
26 12 53
26 13 36
26 14 43
26 15 12
26 16 28
26 17 13
26 18 17
26 19 34
26 20 46
26 21 49
26 22 29
26 23 6
26 24 16
26 25 51
27 0 45
27 1 30
27 2 9
27 3 26
27 4 27
27 5 6
27 6 2
27 7 16
27 8 45
27 9 45
27 10 2
27 11 35
27 12 35
27 13 8
27 14 50
27 15 36
27 16 23
27 17 25
27 18 33
27 19 56
27 20 22
27 21 58
27 22 45
27 23 15
27 24 27
27 25 23
27 26 31
28 0 1
28 1 43
28 2 23
28 3 9
28 4 3
28 5 30
28 6 39
28 7 44
28 8 34
28 9 5
28 10 30
28 11 14
28 12 20
28 13 51
28 14 21
28 15 55
28 16 27
28 17 37
28 18 33
28 19 19
28 20 12
28 21 34
28 22 56
28 23 16
28 24 22
28 25 56
28 26 57
28 27 57
29 0 18
29 1 23
29 2 27
29 3 22
29 4 43
29 5 45
29 6 31
29 7 47
29 8 46
29 9 40
29 10 44
29 11 6
29 12 2
29 13 47
29 14 3
29 15 28
29 16 7
29 17 25
29 18 38
29 19 46
29 20 53
29 21 13
29 22 10
29 23 13
29 24 41
29 25 56
29 26 31
29 27 12
29 28 52
30 0 45
30 1 35
30 2 22
30 3 33
30 4 55
30 5 24
30 6 50
30 7 42
30 8 40
30 9 25
30 10 44
30 11 50
30 12 6
30 13 28
30 14 20
30 15 23
30 16 23
30 17 54
30 18 49
30 19 12
30 20 7
30 21 28
30 22 46
30 23 55
30 24 42
30 25 32
30 26 43
30 27 13
30 28 14
30 29 13
31 0 18
31 1 39
31 2 8
31 3 10
31 4 13
31 5 32
31 6 15
31 7 55
31 8 42
31 9 16
31 10 18
31 11 38
31 12 19
31 13 12
31 14 57
31 15 58
31 16 10
31 17 25
31 18 52
31 19 49
31 20 3
31 21 28
31 22 6
31 23 17
31 24 4
31 25 13
31 26 31
31 27 30
31 28 38
31 29 7
31 30 44
32 0 57
32 1 53
32 2 4
32 3 58
32 4 54
32 5 7
32 6 58
32 7 12
32 8 58
32 9 23
32 10 24
32 11 40
32 12 30
32 13 5
32 14 6
32 15 24
32 16 50
32 17 22
32 18 2
32 19 14
32 20 52
32 21 57
32 22 6
32 23 38
32 24 13
32 25 16
32 26 3
32 27 28
32 28 3
32 29 44
32 30 5
32 31 1
33 0 42
33 1 13
33 2 30
33 3 23
33 4 7
33 5 35
33 6 58
33 7 1
33 8 42
33 9 34
33 10 44
33 11 35
33 12 57
33 13 25
33 14 9
33 15 56
33 16 7
33 17 24
33 18 16
33 19 44
33 20 37
33 21 15
33 22 31
33 23 34
33 24 9
33 25 2
33 26 27
33 27 26
33 28 24
33 29 26
33 30 6
33 31 17
33 32 23
34 0 45
34 1 44
34 2 4
34 3 54
34 4 42
34 5 53
34 6 45
34 7 29
34 8 46
34 9 42
34 10 9
34 11 46
34 12 7
34 13 16
34 14 13
34 15 18
34 16 51
34 17 29
34 18 39
34 19 10
34 20 41
34 21 35
34 22 49
34 23 44
34 24 33
34 25 12
34 26 50
34 27 6
34 28 13
34 29 32
34 30 3
34 31 52
34 32 7
34 33 43
35 0 52
35 1 34
35 2 29
35 3 31
35 4 52
35 5 57
35 6 47
35 7 25
35 8 13
35 9 27
35 10 46
35 11 44
35 12 12
35 13 31
35 14 6
35 15 16
35 16 40
35 17 7
35 18 54
35 19 32
35 20 58
35 21 26
35 22 11
35 23 46
35 24 12
35 25 52
35 26 14
35 27 9
35 28 32
35 29 14
35 30 15
35 31 37
35 32 29
35 33 21
35 34 29
36 0 2
36 1 43
36 2 8
36 3 18
36 4 46
36 5 4
36 6 20
36 7 31
36 8 19
36 9 1
36 10 23
36 11 37
36 12 25
36 13 26
36 14 39
36 15 48
36 16 56
36 17 47
36 18 28
36 19 44
36 20 31
36 21 38
36 22 54
36 23 48
36 24 7
36 25 22
36 26 28
36 27 8
36 28 57
36 29 42
36 30 37
36 31 19
36 32 1
36 33 5
36 34 17
36 35 17
37 0 30
37 1 49
37 2 34
37 3 17
37 4 7
37 5 20
37 6 11
37 7 44
37 8 10
37 9 10
37 10 38
37 11 6
37 12 56
37 13 43
37 14 58
37 15 20
37 16 33
37 17 25
37 18 40
37 19 4
37 20 4
37 21 54
37 22 46
37 23 16
37 24 36
37 25 14
37 26 52
37 27 11
37 28 30
37 29 42
37 30 7
37 31 42
37 32 10
37 33 4
37 34 14
37 35 34
37 36 45
38 0 56
38 1 43
38 2 5
38 3 1
38 4 5
38 5 27
38 6 51
38 7 5
38 8 28
38 9 58
38 10 38
38 11 51
38 12 30
38 13 2
38 14 12
38 15 7
38 16 57
38 17 29
38 18 15
38 19 44
38 20 57
38 21 44
38 22 26
38 23 7
38 24 53
38 25 41
38 26 57
38 27 10
38 28 14
38 29 16
38 30 52
38 31 23
38 32 15
38 33 36
38 34 1
38 35 50
38 36 57
38 37 12
39 0 6
39 1 23
39 2 29
39 3 22
39 4 38
39 5 21
39 6 4
39 7 16
39 8 20
39 9 52
39 10 12
39 11 6
39 12 14
39 13 1
39 14 43
39 15 3
39 16 6
39 17 51
39 18 53
39 19 33
39 20 26
39 21 51
39 22 18
39 23 34
39 24 14
39 25 38
39 26 49
39 27 2
39 28 21
39 29 2
39 30 45
39 31 39
39 32 11
39 33 30
39 34 33
39 35 1
39 36 57
39 37 47
39 38 57
40 0 9
40 1 48
40 2 34
40 3 41
40 4 18
40 5 29
40 6 25
40 7 41
40 8 46
40 9 19
40 10 27
40 11 37
40 12 39
40 13 55
40 14 33
40 15 16
40 16 1
40 17 41
40 18 45
40 19 55
40 20 53
40 21 45
40 22 17
40 23 2
40 24 21
40 25 29
40 26 34
40 27 16
40 28 45
40 29 34
40 30 56
40 31 25
40 32 53
40 33 51
40 34 56
40 35 34
40 36 4
40 37 56
40 38 28
40 39 55
41 0 14
41 1 1
41 2 5
41 3 1
41 4 29
41 5 24
41 6 26
41 7 37
41 8 25
41 9 58
41 10 31
41 11 7
41 12 56
41 13 19
41 14 51
41 15 29
41 16 32
41 17 49
41 18 25
41 19 32
41 20 30
41 21 12
41 22 34
41 23 23
41 24 16
41 25 3
41 26 23
41 27 23
41 28 33
41 29 44
41 30 9
41 31 56
41 32 55
41 33 20
41 34 33
41 35 37
41 36 3
41 37 17
41 38 45
41 39 56
41 40 43
42 0 56
42 1 24
42 2 35
42 3 40
42 4 4
42 5 30
42 6 33
42 7 18
42 8 6
42 9 25
42 10 17
42 11 7
42 12 54
42 13 22
42 14 11
42 15 32
42 16 48
42 17 53
42 18 41
42 19 20
42 20 41
42 21 55
42 22 15
42 23 42
42 24 14
42 25 26
42 26 15
42 27 52
42 28 8
42 29 48
42 30 26
42 31 50
42 32 5
42 33 29
42 34 55
42 35 21
42 36 30
42 37 29
42 38 53
42 39 30
42 40 39
42 41 39
43 0 43
43 1 33
43 2 39
43 3 10
43 4 57
43 5 35
43 6 8
43 7 10
43 8 41
43 9 13
43 10 52
43 11 55
43 12 45
43 13 44
43 14 55
43 15 50
43 16 18
43 17 11
43 18 10
43 19 52
43 20 22
43 21 51
43 22 4
43 23 33
43 24 32
43 25 8
43 26 11
43 27 38
43 28 56
43 29 52
43 30 2
43 31 55
43 32 8
43 33 56
43 34 45
43 35 47
43 36 20
43 37 52
43 38 47
43 39 34
43 40 35
43 41 25
43 42 12
44 0 44
44 1 31
44 2 36
44 3 33
44 4 41
44 5 26
44 6 40
44 7 43
44 8 24
44 9 43
44 10 54
44 11 18
44 12 8
44 13 7
44 14 3
44 15 9
44 16 26
44 17 26
44 18 4
44 19 16
44 20 44
44 21 12
44 22 29
44 23 29
44 24 17
44 25 47
44 26 34
44 27 12
44 28 16
44 29 17
44 30 31
44 31 45
44 32 38
44 33 6
44 34 12
44 35 34
44 36 37
44 37 5
44 38 47
44 39 51
44 40 53
44 41 41
44 42 22
44 43 29
45 0 27
45 1 18
45 2 1
45 3 34
45 4 54
45 5 52
45 6 31
45 7 36
45 8 20
45 9 39
45 10 33
45 11 33
45 12 40
45 13 17
45 14 26
45 15 42
45 16 9
45 17 43
45 18 35
45 19 36
45 20 31
45 21 8
45 22 54
45 23 21
45 24 1
45 25 53
45 26 40
45 27 51
45 28 6
45 29 8
45 30 41
45 31 7
45 32 34
45 33 7
45 34 54
45 35 12
45 36 49
45 37 13
45 38 47
45 39 58
45 40 47
45 41 48
45 42 45
45 43 40
45 44 18
46 0 45
46 1 57
46 2 17
46 3 52
46 4 39
46 5 5
46 6 7
46 7 57
46 8 55
46 9 34
46 10 41
46 11 6
46 12 25
46 13 7
46 14 43
46 15 49
46 16 13
46 17 38
46 18 54
46 19 22
46 20 32
46 21 36
46 22 53
46 23 37
46 24 13
46 25 18
46 26 28
46 27 57
46 28 1
46 29 52
46 30 4
46 31 37
46 32 43
46 33 23
46 34 54
46 35 3
46 36 57
46 37 56
46 38 32
46 39 15
46 40 54
46 41 30
46 42 23
46 43 53
46 44 30
46 45 39
47 0 45
47 1 15
47 2 51
47 3 12
47 4 35
47 5 30
47 6 3
47 7 56
47 8 15
47 9 25
47 10 6
47 11 29
47 12 55
47 13 36
47 14 14
47 15 2
47 16 58
47 17 22
47 18 40
47 19 40
47 20 17
47 21 57
47 22 19
47 23 43
47 24 37
47 25 25
47 26 14
47 27 33
47 28 43
47 29 21
47 30 50
47 31 40
47 32 7
47 33 37
47 34 20
47 35 36
47 36 8
47 37 34
47 38 6
47 39 47
47 40 1
47 41 10
47 42 2
47 43 50
47 44 28
47 45 19
47 46 35
48 0 32
48 1 19
48 2 30
48 3 44
48 4 39
48 5 9
48 6 57
48 7 36
48 8 25
48 9 4
48 10 16
48 11 12
48 12 8
48 13 3
48 14 17
48 15 38
48 16 19
48 17 15
48 18 38
48 19 43
48 20 28
48 21 28
48 22 5
48 23 42
48 24 8
48 25 39
48 26 30
48 27 39
48 28 57
48 29 58
48 30 37
48 31 53
48 32 9
48 33 2
48 34 18
48 35 10
48 36 54
48 37 57
48 38 14
48 39 35
48 40 39
48 41 1
48 42 22
48 43 54
48 44 12
48 45 11
48 46 26
48 47 55
