38
1 0 6
2 0 7
2 1 15
3 0 27
3 1 8
3 2 1
4 0 7
4 1 8
4 2 6
4 3 5
5 0 2
5 1 12
5 2 16
5 3 20
5 4 29
6 0 23
6 1 22
6 2 1
6 3 1
6 4 16
6 5 3
7 0 24
7 1 14
7 2 1
7 3 3
7 4 28
7 5 16
7 6 7
8 0 29
8 1 28
8 2 29
8 3 11
8 4 5
8 5 15
8 6 15
8 7 10
9 0 5
9 1 1
9 2 8
9 3 26
9 4 12
9 5 18
9 6 3
9 7 12
9 8 14
10 0 29
10 1 1
10 2 14
10 3 5
10 4 17
10 5 25
10 6 8
10 7 17
10 8 28
10 9 14
11 0 20
11 1 3
11 2 28
11 3 4
11 4 7
11 5 29
11 6 14
11 7 1
11 8 25
11 9 7
11 10 23
12 0 2
12 1 2
12 2 5
12 3 12
12 4 4
12 5 20
12 6 23
12 7 19
12 8 17
12 9 18
12 10 12
12 11 21
13 0 9
13 1 9
13 2 26
13 3 3
13 4 8
13 5 7
13 6 2
13 7 1
13 8 10
13 9 24
13 10 22
13 11 22
13 12 7
14 0 25
14 1 14
14 2 7
14 3 14
14 4 10
14 5 2
14 6 2
14 7 20
14 8 19
14 9 9
14 10 17
14 11 27
14 12 10
14 13 23
15 0 14
15 1 18
15 2 17
15 3 11
15 4 28
15 5 12
15 6 18
15 7 25
15 8 8
15 9 2
15 10 21
15 11 29
15 12 22
15 13 26
15 14 19
16 0 20
16 1 4
16 2 23
16 3 25
16 4 4
16 5 18
16 6 16
16 7 11
16 8 11
16 9 26
16 10 6
16 11 12
16 12 13
16 13 2
16 14 15
16 15 13
17 0 21
17 1 12
17 2 21
17 3 16
17 4 19
17 5 2
17 6 11
17 7 1
17 8 29
17 9 16
17 10 22
17 11 8
17 12 20
17 13 4
17 14 8
17 15 29
17 16 13
18 0 29
18 1 20
18 2 3
18 3 24
18 4 14
18 5 10
18 6 13
18 7 21
18 8 16
18 9 15
18 10 19
18 11 6
18 12 29
18 13 13
18 14 26
18 15 24
18 16 5
18 17 27
19 0 14
19 1 24
19 2 1
19 3 21
19 4 25
19 5 1
19 6 8
19 7 15
19 8 9
19 9 1
19 10 27
19 11 18
19 12 22
19 13 13
19 14 29
19 15 20
19 16 6
19 17 22
19 18 15
20 0 27
20 1 15
20 2 16
20 3 20
20 4 22
20 5 5
20 6 26
20 7 11
20 8 22
20 9 12
20 10 4
20 11 12
20 12 13
20 13 24
20 14 17
20 15 25
20 16 3
20 17 14
20 18 13
20 19 12
21 0 29
21 1 10
21 2 20
21 3 2
21 4 5
21 5 8
21 6 22
21 7 25
21 8 9
21 9 19
21 10 4
21 11 22
21 12 28
21 13 10
21 14 25
21 15 18
21 16 26
21 17 16
21 18 10
21 19 18
21 20 1
22 0 25
22 1 9
22 2 29
22 3 23
22 4 17
22 5 19
22 6 1
22 7 16
22 8 24
22 9 14
22 10 21
22 11 8
22 12 15
22 13 22
22 14 2
22 15 1
22 16 22
22 17 5
22 18 23
22 19 20
22 20 11
22 21 6
23 0 22
23 1 24
23 2 26
23 3 13
23 4 21
23 5 24
23 6 22
23 7 27
23 8 26
23 9 6
23 10 19
23 11 20
23 12 17
23 13 15
23 14 29
23 15 21
23 16 27
23 17 1
23 18 23
23 19 22
23 20 9
23 21 24
23 22 24
24 0 21
24 1 9
24 2 6
24 3 22
24 4 28
24 5 26
24 6 18
24 7 7
24 8 2
24 9 6
24 10 14
24 11 23
24 12 15
24 13 26
24 14 9
24 15 10
24 16 10
24 17 16
24 18 15
24 19 7
24 20 28
24 21 25
24 22 7
24 23 22
25 0 10
25 1 4
25 2 19
25 3 15
25 4 16
25 5 28
25 6 11
25 7 22
25 8 15
25 9 19
25 10 10
25 11 10
25 12 25
25 13 15
25 14 8
25 15 5
25 16 19
25 17 9
25 18 10
25 19 17
25 20 19
25 21 25
25 22 22
25 23 28
25 24 18
26 0 13
26 1 9
26 2 10
26 3 11
26 4 28
26 5 16
26 6 15
26 7 25
26 8 29
26 9 10
26 10 28
26 11 12
26 12 16
26 13 21
26 14 15
26 15 7
26 16 20
26 17 23
26 18 25
26 19 27
26 20 24
26 21 7
26 22 24
26 23 20
26 24 2
26 25 4
27 0 10
27 1 26
27 2 22
27 3 4
27 4 23
27 5 27
27 6 14
27 7 4
27 8 16
27 9 12
27 10 1
27 11 22
27 12 7
27 13 6
27 14 26
27 15 27
27 16 4
27 17 6
27 18 13
27 19 23
27 20 16
27 21 4
27 22 5
27 23 13
27 24 29
27 25 17
27 26 28
28 0 12
28 1 27
28 2 12
28 3 23
28 4 27
28 5 29
28 6 13
28 7 11
28 8 29
28 9 24
28 10 17
28 11 28
28 12 13
28 13 19
28 14 21
28 15 14
28 16 28
28 17 20
28 18 29
28 19 19
28 20 26
28 21 18
28 22 28
28 23 28
28 24 13
28 25 25
28 26 17
28 27 14
29 0 19
29 1 12
29 2 10
29 3 20
29 4 25
29 5 17
29 6 19
29 7 16
29 8 26
29 9 20
29 10 20
29 11 17
29 12 9
29 13 12
29 14 26
29 15 27
29 16 20
29 17 29
29 18 5
29 19 13
29 20 29
29 21 22
29 22 7
29 23 2
29 24 11
29 25 1
29 26 25
29 27 22
29 28 14
30 0 13
30 1 23
30 2 29
30 3 3
30 4 1
30 5 21
30 6 18
30 7 22
30 8 22
30 9 19
30 10 13
30 11 12
30 12 6
30 13 29
30 14 26
30 15 9
30 16 18
30 17 3
30 18 19
30 19 2
30 20 28
30 21 18
30 22 5
30 23 3
30 24 25
30 25 12
30 26 6
30 27 4
30 28 6
30 29 1
31 0 4
31 1 10
31 2 21
31 3 27
31 4 13
31 5 22
31 6 15
31 7 12
31 8 21
31 9 7
31 10 22
31 11 1
31 12 1
31 13 21
31 14 12
31 15 22
31 16 17
31 17 15
31 18 18
31 19 7
31 20 28
31 21 16
31 22 9
31 23 23
31 24 12
31 25 2
31 26 12
31 27 6
31 28 24
31 29 7
31 30 24
32 0 15
32 1 17
32 2 9
32 3 28
32 4 27
32 5 14
32 6 22
32 7 19
32 8 22
32 9 21
32 10 12
32 11 12
32 12 18
32 13 27
32 14 1
32 15 18
32 16 6
32 17 13
32 18 16
32 19 29
32 20 2
32 21 24
32 22 19
32 23 20
32 24 9
32 25 27
32 26 1
32 27 5
32 28 17
32 29 24
32 30 6
32 31 22
33 0 7
33 1 5
33 2 5
33 3 18
33 4 11
33 5 23
33 6 11
33 7 21
33 8 3
33 9 14
33 10 6
33 11 22
33 12 12
33 13 27
33 14 11
33 15 2
33 16 9
33 17 25
33 18 5
33 19 13
33 20 29
33 21 14
33 22 15
33 23 25
33 24 17
33 25 24
33 26 12
33 27 21
33 28 18
33 29 18
33 30 23
33 31 11
33 32 23
34 0 24
34 1 5
34 2 21
34 3 13
34 4 26
34 5 21
34 6 26
34 7 10
34 8 11
34 9 7
34 10 8
34 11 15
34 12 18
34 13 14
34 14 6
34 15 23
34 16 12
34 17 27
34 18 25
34 19 28
34 20 2
34 21 19
34 22 10
34 23 18
34 24 24
34 25 21
34 26 21
34 27 8
34 28 15
34 29 26
34 30 4
34 31 11
34 32 25
34 33 3
35 0 14
35 1 24
35 2 4
35 3 29
35 4 23
35 5 2
35 6 21
35 7 22
35 8 7
35 9 27
35 10 20
35 11 18
35 12 6
35 13 25
35 14 10
35 15 11
35 16 26
35 17 10
35 18 27
35 19 28
35 20 17
35 21 28
35 22 29
35 23 20
35 24 17
35 25 19
35 26 6
35 27 15
35 28 23
35 29 21
35 30 11
35 31 26
35 32 12
35 33 17
35 34 14
36 0 29
36 1 19
36 2 10
36 3 8
36 4 15
36 5 11
36 6 16
36 7 11
36 8 21
36 9 9
36 10 9
36 11 19
36 12 22
36 13 10
36 14 26
36 15 3
36 16 17
36 17 16
36 18 20
36 19 25
36 20 27
36 21 16
36 22 13
36 23 3
36 24 17
36 25 26
36 26 3
36 27 19
36 28 24
36 29 26
36 30 3
36 31 16
36 32 12
36 33 27
36 34 19
36 35 14
37 0 24
37 1 28
37 2 2
37 3 25
37 4 2
37 5 10
37 6 7
37 7 26
37 8 28
37 9 17
37 10 17
37 11 16
37 12 23
37 13 1
37 14 5
37 15 26
37 16 1
37 17 10
37 18 8
37 19 20
37 20 29
37 21 9
37 22 2
37 23 12
37 24 7
37 25 19
37 26 28
37 27 11
37 28 11
37 29 19
37 30 22
37 31 28
37 32 7
37 33 13
37 34 25
37 35 19
37 36 8
