44
1 0 11
2 0 15
2 1 42
3 0 6
3 1 34
3 2 39
4 0 42
4 1 8
4 2 11
4 3 43
5 0 12
5 1 25
5 2 25
5 3 20
5 4 11
6 0 15
6 1 41
6 2 26
6 3 37
6 4 20
6 5 33
7 0 47
7 1 33
7 2 28
7 3 24
7 4 35
7 5 30
7 6 36
8 0 47
8 1 4
8 2 42
8 3 10
8 4 45
8 5 48
8 6 3
8 7 11
9 0 1
9 1 43
9 2 20
9 3 45
9 4 45
9 5 1
9 6 31
9 7 47
9 8 17
10 0 30
10 1 41
10 2 5
10 3 32
10 4 3
10 5 19
10 6 23
10 7 12
10 8 41
10 9 5
11 0 33
11 1 20
11 2 46
11 3 17
11 4 24
11 5 13
11 6 30
11 7 4
11 8 7
11 9 40
11 10 23
12 0 41
12 1 15
12 2 24
12 3 10
12 4 49
12 5 14
12 6 22
12 7 34
12 8 11
12 9 2
12 10 27
12 11 45
13 0 25
13 1 1
13 2 5
13 3 17
13 4 22
13 5 6
13 6 16
13 7 16
13 8 39
13 9 44
13 10 17
13 11 3
13 12 46
14 0 1
14 1 15
14 2 33
14 3 19
14 4 40
14 5 34
14 6 48
14 7 12
14 8 49
14 9 45
14 10 33
14 11 48
14 12 13
14 13 5
15 0 2
15 1 14
15 2 4
15 3 10
15 4 25
15 5 42
15 6 48
15 7 6
15 8 30
15 9 7
15 10 14
15 11 26
15 12 10
15 13 26
15 14 46
16 0 14
16 1 44
16 2 23
16 3 40
16 4 44
16 5 8
16 6 37
16 7 38
16 8 14
16 9 29
16 10 25
16 11 27
16 12 48
16 13 7
16 14 43
16 15 35
17 0 12
17 1 18
17 2 30
17 3 35
17 4 44
17 5 13
17 6 30
17 7 36
17 8 42
17 9 31
17 10 28
17 11 30
17 12 34
17 13 34
17 14 1
17 15 15
17 16 29
18 0 4
18 1 17
18 2 26
18 3 27
18 4 12
18 5 49
18 6 23
18 7 39
18 8 23
18 9 24
18 10 47
18 11 37
18 12 22
18 13 48
18 14 16
18 15 43
18 16 15
18 17 1
19 0 35
19 1 14
19 2 40
19 3 4
19 4 42
19 5 11
19 6 33
19 7 13
19 8 22
19 9 16
19 10 27
19 11 24
19 12 20
19 13 25
19 14 47
19 15 37
19 16 7
19 17 9
19 18 16
20 0 18
20 1 10
20 2 23
20 3 38
20 4 13
20 5 49
20 6 14
20 7 25
20 8 42
20 9 34
20 10 4
20 11 37
20 12 48
20 13 8
20 14 31
20 15 31
20 16 38
20 17 44
20 18 21
20 19 28
21 0 35
21 1 46
21 2 7
21 3 3
21 4 10
21 5 25
21 6 34
21 7 36
21 8 11
21 9 41
21 10 25
21 11 6
21 12 46
21 13 8
21 14 4
21 15 37
21 16 31
21 17 9
21 18 5
21 19 15
21 20 41
22 0 15
22 1 34
22 2 47
22 3 49
22 4 21
22 5 14
22 6 48
22 7 40
22 8 11
22 9 20
22 10 36
22 11 44
22 12 2
22 13 29
22 14 7
22 15 48
22 16 41
22 17 34
22 18 22
22 19 8
22 20 8
22 21 31
23 0 35
23 1 16
23 2 25
23 3 21
23 4 35
23 5 32
23 6 44
23 7 37
23 8 45
23 9 30
23 10 31
23 11 34
23 12 23
23 13 13
23 14 11
23 15 11
23 16 48
23 17 29
23 18 13
23 19 25
23 20 7
23 21 42
23 22 26
24 0 21
24 1 15
24 2 35
24 3 29
24 4 29
24 5 47
24 6 20
24 7 48
24 8 30
24 9 28
24 10 4
24 11 18
24 12 48
24 13 7
24 14 10
24 15 16
24 16 15
24 17 26
24 18 34
24 19 3
24 20 41
24 21 12
24 22 7
24 23 28
25 0 31
25 1 34
25 2 11
25 3 17
25 4 45
25 5 24
25 6 8
25 7 2
25 8 12
25 9 34
25 10 47
25 11 46
25 12 20
25 13 3
25 14 37
25 15 26
25 16 43
25 17 26
25 18 11
25 19 40
25 20 15
25 21 32
25 22 22
25 23 28
25 24 46
26 0 25
26 1 49
26 2 4
26 3 5
26 4 35
26 5 34
26 6 44
26 7 21
26 8 2
26 9 5
26 10 43
26 11 12
26 12 6
26 13 24
26 14 7
26 15 44
26 16 7
26 17 21
26 18 3
26 19 38
26 20 26
26 21 20
26 22 22
26 23 44
26 24 44
26 25 44
27 0 2
27 1 32
27 2 2
27 3 21
27 4 31
27 5 21
27 6 21
27 7 21
27 8 6
27 9 15
27 10 32
27 11 11
27 12 5
27 13 35
27 14 45
27 15 19
27 16 12
27 17 49
27 18 2
27 19 7
27 20 13
27 21 8
27 22 11
27 23 23
27 24 12
27 25 16
27 26 49
28 0 32
28 1 40
28 2 30
28 3 22
28 4 37
28 5 11
28 6 23
28 7 17
28 8 29
28 9 22
28 10 33
28 11 4
28 12 11
28 13 36
28 14 29
28 15 21
28 16 40
28 17 23
28 18 20
28 19 11
28 20 32
28 21 49
28 22 9
28 23 3
28 24 26
28 25 43
28 26 13
28 27 10
29 0 35
29 1 41
29 2 16
29 3 10
29 4 12
29 5 10
29 6 1
29 7 20
29 8 28
29 9 35
29 10 45
29 11 42
29 12 13
29 13 46
29 14 12
29 15 25
29 16 35
29 17 30
29 18 48
29 19 41
29 20 41
29 21 39
29 22 36
29 23 41
29 24 14
29 25 36
29 26 38
29 27 36
29 28 40
30 0 17
30 1 13
30 2 8
30 3 24
30 4 13
30 5 7
30 6 42
30 7 3
30 8 30
30 9 33
30 10 29
30 11 36
30 12 45
30 13 21
30 14 8
30 15 13
30 16 1
30 17 46
30 18 3
30 19 33
30 20 24
30 21 40
30 22 11
30 23 24
30 24 19
30 25 34
30 26 35
30 27 2
30 28 11
30 29 14
31 0 20
31 1 16
31 2 8
31 3 38
31 4 46
31 5 22
31 6 8
31 7 40
31 8 35
31 9 26
31 10 32
31 11 11
31 12 17
31 13 41
31 14 22
31 15 11
31 16 6
31 17 16
31 18 33
31 19 13
31 20 19
31 21 48
31 22 17
31 23 22
31 24 28
31 25 18
31 26 4
31 27 35
31 28 44
31 29 34
31 30 19
32 0 14
32 1 12
32 2 8
32 3 38
32 4 18
32 5 13
32 6 2
32 7 17
32 8 27
32 9 31
32 10 12
32 11 21
32 12 48
32 13 31
32 14 6
32 15 4
32 16 42
32 17 49
32 18 38
32 19 44
32 20 1
32 21 23
32 22 2
32 23 15
32 24 31
32 25 20
32 26 45
32 27 16
32 28 5
32 29 23
32 30 21
32 31 19
33 0 46
33 1 15
33 2 34
33 3 37
33 4 8
33 5 35
33 6 3
33 7 39
33 8 17
33 9 31
33 10 21
33 11 33
33 12 18
33 13 49
33 14 5
33 15 40
33 16 36
33 17 19
33 18 46
33 19 40
33 20 38
33 21 36
33 22 19
33 23 38
33 24 7
33 25 45
33 26 3
33 27 6
33 28 28
33 29 36
33 30 19
33 31 28
33 32 24
34 0 26
34 1 5
34 2 41
34 3 16
34 4 36
34 5 8
34 6 38
34 7 18
34 8 40
34 9 27
34 10 36
34 11 26
34 12 34
34 13 1
34 14 44
34 15 30
34 16 15
34 17 35
34 18 35
34 19 20
34 20 47
34 21 12
34 22 18
34 23 13
34 24 46
34 25 31
34 26 7
34 27 41
34 28 7
34 29 16
34 30 29
34 31 45
34 32 39
34 33 43
35 0 39
35 1 30
35 2 35
35 3 21
35 4 39
35 5 29
35 6 26
35 7 35
35 8 31
35 9 42
35 10 31
35 11 21
35 12 43
35 13 11
35 14 12
35 15 5
35 16 49
35 17 34
35 18 20
35 19 45
35 20 49
35 21 14
35 22 2
35 23 47
35 24 37
35 25 4
35 26 16
35 27 47
35 28 19
35 29 14
35 30 44
35 31 21
35 32 33
35 33 45
35 34 2
36 0 43
36 1 35
36 2 17
36 3 14
36 4 19
36 5 1
36 6 24
36 7 22
36 8 33
36 9 29
36 10 35
36 11 5
36 12 38
36 13 14
36 14 38
36 15 39
36 16 23
36 17 46
36 18 7
36 19 24
36 20 21
36 21 47
36 22 23
36 23 7
36 24 32
36 25 12
36 26 21
36 27 32
36 28 27
36 29 34
36 30 39
36 31 2
36 32 48
36 33 33
36 34 38
36 35 42
37 0 35
37 1 16
37 2 39
37 3 24
37 4 24
37 5 13
37 6 9
37 7 18
37 8 27
37 9 20
37 10 36
37 11 18
37 12 11
37 13 39
37 14 42
37 15 15
37 16 47
37 17 28
37 18 40
37 19 38
37 20 43
37 21 38
37 22 20
37 23 44
37 24 48
37 25 15
37 26 47
37 27 5
37 28 12
37 29 12
37 30 19
37 31 16
37 32 11
37 33 33
37 34 2
37 35 48
37 36 21
38 0 22
38 1 15
38 2 47
38 3 46
38 4 22
38 5 4
38 6 43
38 7 10
38 8 25
38 9 3
38 10 17
38 11 25
38 12 4
38 13 45
38 14 31
38 15 36
38 16 1
38 17 5
38 18 25
38 19 44
38 20 11
38 21 43
38 22 31
38 23 31
38 24 16
38 25 31
38 26 3
38 27 15
38 28 49
38 29 40
38 30 42
38 31 28
38 32 6
38 33 36
38 34 23
38 35 34
38 36 38
38 37 17
39 0 33
39 1 38
39 2 26
39 3 31
39 4 13
39 5 35
39 6 42
39 7 13
39 8 25
39 9 26
39 10 20
39 11 30
39 12 22
39 13 24
39 14 26
39 15 10
39 16 7
39 17 14
39 18 16
39 19 17
39 20 36
39 21 32
39 22 3
39 23 27
39 24 46
39 25 40
39 26 36
39 27 36
39 28 49
39 29 15
39 30 6
39 31 25
39 32 34
39 33 7
39 34 33
39 35 3
39 36 27
39 37 16
39 38 1
40 0 22
40 1 26
40 2 12
40 3 41
40 4 47
40 5 39
40 6 24
40 7 26
40 8 22
40 9 14
40 10 41
40 11 3
40 12 21
40 13 22
40 14 47
40 15 20
40 16 8
40 17 45
40 18 30
40 19 6
40 20 33
40 21 16
40 22 30
40 23 24
40 24 32
40 25 25
40 26 39
40 27 14
40 28 9
40 29 31
40 30 38
40 31 30
40 32 36
40 33 10
40 34 8
40 35 35
40 36 25
40 37 37
40 38 32
40 39 49
41 0 19
41 1 41
41 2 4
41 3 41
41 4 9
41 5 33
41 6 14
41 7 26
41 8 22
41 9 21
41 10 21
41 11 36
41 12 26
41 13 44
41 14 12
41 15 16
41 16 20
41 17 18
41 18 11
41 19 9
41 20 25
41 21 40
41 22 34
41 23 26
41 24 32
41 25 23
41 26 13
41 27 46
41 28 24
41 29 35
41 30 17
41 31 3
41 32 32
41 33 35
41 34 24
41 35 26
41 36 49
41 37 16
41 38 34
41 39 36
41 40 35
42 0 48
42 1 10
42 2 22
42 3 22
42 4 39
42 5 7
42 6 24
42 7 27
42 8 9
42 9 13
42 10 37
42 11 44
42 12 17
42 13 22
42 14 27
42 15 20
42 16 35
42 17 45
42 18 46
42 19 30
42 20 13
42 21 4
42 22 12
42 23 12
42 24 6
42 25 35
42 26 27
42 27 41
42 28 37
42 29 39
42 30 18
42 31 13
42 32 3
42 33 2
42 34 39
42 35 16
42 36 43
42 37 12
42 38 11
42 39 21
42 40 31
42 41 36
43 0 46
43 1 1
43 2 23
43 3 35
43 4 25
43 5 25
43 6 40
43 7 13
43 8 38
43 9 26
43 10 14
43 11 48
43 12 29
43 13 3
43 14 22
43 15 4
43 16 43
43 17 35
43 18 42
43 19 8
43 20 31
43 21 46
43 22 10
43 23 28
43 24 40
43 25 11
43 26 36
43 27 38
43 28 14
43 29 31
43 30 6
43 31 44
43 32 13
43 33 45
43 34 23
43 35 46
43 36 6
43 37 13
43 38 9
43 39 40
43 40 4
43 41 19
43 42 42
