47
1 0 8
2 1 12
4 0 12
4 1 4
4 3 18
5 2 9
6 0 24
6 3 9
7 3 24
7 5 26
8 0 24
8 2 10
8 5 25
8 6 4
8 7 17
9 0 2
9 1 24
9 2 10
9 5 19
9 8 2
10 2 1
10 3 25
10 4 9
10 5 4
10 7 22
10 8 26
10 9 24
11 3 7
11 4 24
11 5 21
11 9 26
11 10 9
12 1 10
12 2 10
12 6 21
12 11 1
13 0 25
13 2 11
13 3 5
13 4 7
13 11 18
14 0 6
14 2 16
14 6 4
14 7 15
14 8 24
14 9 13
14 11 7
14 12 5
14 13 16
15 1 20
15 2 13
15 3 12
15 5 8
15 8 14
15 11 5
15 12 17
15 14 23
16 1 5
16 4 26
16 6 1
16 9 21
16 12 12
16 13 4
16 14 17
17 1 5
17 2 4
17 4 4
17 6 14
17 9 26
17 12 17
17 13 19
17 14 11
17 16 24
18 3 17
18 4 23
18 7 4
18 8 11
18 9 3
18 12 7
18 13 23
18 17 19
19 1 6
19 8 7
19 9 8
19 11 23
19 12 3
19 13 24
19 14 9
19 15 25
19 16 26
20 0 3
20 2 19
20 5 6
20 6 12
20 8 14
20 9 8
20 10 16
20 11 9
20 12 16
20 14 24
20 15 21
20 16 13
20 17 3
20 18 18
21 2 13
21 3 1
21 4 9
21 5 13
21 6 11
21 7 7
21 9 4
21 10 13
21 14 22
21 15 23
21 16 26
21 17 12
21 20 21
22 0 8
22 2 13
22 5 19
22 6 14
22 7 19
22 8 26
22 9 14
22 10 3
22 14 23
22 15 14
22 17 1
22 20 2
22 21 25
23 4 19
23 5 9
23 6 22
23 7 9
23 8 3
23 10 6
23 11 15
23 12 14
23 14 23
23 18 23
23 21 17
24 0 18
24 1 3
24 3 26
24 6 14
24 8 10
24 9 24
24 13 14
24 14 18
24 20 15
24 22 15
24 23 7
25 0 9
25 2 6
25 5 10
25 6 23
25 8 12
25 9 25
25 13 13
25 16 20
25 17 10
25 18 22
25 19 19
25 22 17
25 23 14
26 1 26
26 2 17
26 3 20
26 5 10
26 7 18
26 9 16
26 12 5
26 13 9
26 14 9
26 15 14
26 16 7
26 23 12
26 25 8
27 1 4
27 3 15
27 8 12
27 9 5
27 13 18
27 14 13
27 16 26
27 17 16
27 18 22
27 19 2
27 22 8
27 24 10
27 26 22
28 1 2
28 4 20
28 6 16
28 7 9
28 9 26
28 10 4
28 12 6
28 14 25
28 17 17
28 18 9
28 19 21
28 20 1
28 24 15
28 25 21
28 26 11
29 1 14
29 2 7
29 3 26
29 9 18
29 10 20
29 12 1
29 13 22
29 18 17
29 20 23
29 21 18
29 24 15
29 26 13
29 27 7
29 28 16
30 0 17
30 1 18
30 3 25
30 11 12
30 12 12
30 13 15
30 14 5
30 15 12
30 19 20
30 20 24
30 21 2
30 26 16
30 27 25
30 29 13
31 2 21
31 3 23
31 5 3
31 7 2
31 8 12
31 9 2
31 11 19
31 14 16
31 17 2
31 20 15
31 24 1
31 25 3
31 27 3
31 29 9
31 30 4
32 1 17
32 3 5
32 5 23
32 7 17
32 14 4
32 16 10
32 19 16
32 23 20
32 24 24
32 26 22
32 28 1
32 30 18
33 1 18
33 3 20
33 4 2
33 13 8
33 15 26
33 16 7
33 17 25
33 18 15
33 20 21
33 22 22
33 23 6
33 25 12
33 28 2
33 29 11
33 30 9
34 0 9
34 3 20
34 4 15
34 6 4
34 7 4
34 8 9
34 12 14
34 16 1
34 18 15
34 21 22
34 24 3
34 25 14
34 32 23
35 0 7
35 1 25
35 2 1
35 3 26
35 8 25
35 9 14
35 10 23
35 12 9
35 13 12
35 17 22
35 18 25
35 23 25
35 25 18
35 26 13
35 27 5
35 28 23
35 29 13
35 32 25
35 34 4
36 2 9
36 3 22
36 5 24
36 7 7
36 13 4
36 15 21
36 19 13
36 20 9
36 22 24
36 24 6
36 25 3
36 26 24
36 29 7
36 33 10
37 0 8
37 1 17
37 2 11
37 3 7
37 5 12
37 6 9
37 10 17
37 11 14
37 15 22
37 16 3
37 22 24
37 25 1
37 26 21
37 33 11
37 34 14
37 36 12
38 0 3
38 4 25
38 5 15
38 6 8
38 7 4
38 10 11
38 12 8
38 14 14
38 16 8
38 18 20
38 21 21
38 27 6
38 28 24
38 29 7
38 32 10
38 33 4
38 35 4
39 2 25
39 3 4
39 4 12
39 5 11
39 7 25
39 9 22
39 10 6
39 11 16
39 14 25
39 16 12
39 17 20
39 18 13
39 23 14
39 24 17
39 25 3
39 26 21
39 27 4
39 28 6
39 29 9
39 30 12
39 31 6
39 32 23
39 37 12
39 38 3
40 1 20
40 2 15
40 3 1
40 5 21
40 6 13
40 8 6
40 9 7
40 15 14
40 16 14
40 20 23
40 21 22
40 22 9
40 23 6
40 26 15
40 27 1
40 29 1
40 36 12
40 38 4
41 2 15
41 3 20
41 4 6
41 5 10
41 6 23
41 9 18
41 11 25
41 13 6
41 14 17
41 15 7
41 16 26
41 21 4
41 23 14
41 26 23
41 28 15
41 29 13
41 30 9
41 31 10
41 34 24
41 35 4
41 36 25
41 37 4
42 0 5
42 1 26
42 4 26
42 5 18
42 8 24
42 9 23
42 14 11
42 18 18
42 20 1
42 21 21
42 22 3
42 23 2
42 25 24
42 26 2
42 27 17
42 31 2
42 37 6
42 39 8
42 40 7
42 41 21
43 0 18
43 2 4
43 4 20
43 5 24
43 6 24
43 9 7
43 11 10
43 14 12
43 16 5
43 18 6
43 21 19
43 22 22
43 23 13
43 27 26
43 29 9
43 30 6
43 31 9
43 33 23
43 34 2
43 36 18
43 37 20
43 40 2
43 41 17
44 2 15
44 3 6
44 4 20
44 6 12
44 9 17
44 10 4
44 13 15
44 14 16
44 18 7
44 23 10
44 24 10
44 25 19
44 26 3
44 29 20
44 33 17
44 35 24
44 37 16
44 38 23
44 39 25
44 42 16
44 43 20
45 2 21
45 6 5
45 10 9
45 12 18
45 13 3
45 16 9
45 17 6
45 21 24
45 22 3
45 24 8
45 26 19
45 28 20
45 29 14
45 30 21
45 31 10
45 32 10
45 33 23
45 36 7
45 38 8
45 42 17
45 43 13
46 2 3
46 5 2
46 6 26
46 7 25
46 10 23
46 11 25
46 12 13
46 14 10
46 16 16
46 17 14
46 19 8
46 21 23
46 22 1
46 24 4
46 27 9
46 28 9
46 30 25
46 32 4
46 33 19
46 34 9
46 40 24
46 41 4
46 43 3
46 44 14
