24
2 0 5
2 1 12
3 0 12
3 2 6
4 3 5
5 0 11
5 3 10
5 4 13
6 1 6
6 5 2
7 1 5
7 3 12
7 5 14
8 1 2
8 2 11
8 3 3
8 5 2
8 7 5
9 1 2
9 3 7
9 4 13
9 5 6
9 6 1
9 7 6
9 8 14
10 5 2
11 6 14
11 7 3
11 9 11
11 10 7
12 2 12
12 3 4
12 5 10
12 6 14
12 7 7
12 8 4
12 9 1
12 10 5
12 11 4
13 0 6
13 3 9
13 6 9
13 11 5
13 12 7
14 1 14
14 3 12
14 6 5
14 7 8
14 9 10
14 11 6
14 12 6
14 13 8
15 1 13
15 3 5
15 5 11
15 6 14
15 7 10
15 9 4
15 11 2
15 12 9
15 14 10
16 0 12
16 1 10
16 2 6
16 5 13
16 7 11
16 8 10
16 12 1
16 13 11
16 14 12
16 15 13
17 0 7
17 2 1
17 5 2
17 6 6
17 10 11
17 11 14
17 14 3
17 16 6
18 1 11
18 5 13
18 6 1
18 7 14
18 8 9
18 10 2
18 12 4
18 13 2
18 14 14
18 15 6
18 16 2
18 17 3
19 0 4
19 3 13
19 5 7
19 9 14
19 12 5
19 13 7
19 14 6
19 16 14
20 0 10
20 1 14
20 3 7
20 4 11
20 6 9
20 7 4
20 9 13
20 11 6
20 12 12
20 14 6
20 15 8
20 16 14
20 18 7
20 19 12
21 1 1
21 6 4
21 7 12
21 8 6
21 9 3
21 10 4
21 11 5
21 13 8
21 14 3
21 17 2
21 18 12
21 20 13
22 2 2
22 3 11
22 5 4
22 6 14
22 11 10
22 13 12
22 14 10
22 16 11
22 17 7
22 20 6
23 0 12
23 1 5
23 4 6
23 6 6
23 7 8
23 15 6
23 17 4
23 18 10
23 20 1
