41
1 0 26
2 0 28
2 1 10
3 0 38
3 1 17
3 2 61
4 0 11
4 1 16
4 2 10
4 3 50
5 0 11
5 1 24
5 2 56
5 3 62
5 4 60
6 0 55
6 1 4
6 2 17
6 3 29
6 4 16
6 5 41
7 0 19
7 1 52
7 2 20
7 3 22
7 4 33
7 5 58
7 6 18
8 0 52
8 1 35
8 2 63
8 3 55
8 4 59
8 5 41
8 6 67
8 7 67
9 0 13
9 1 27
9 2 23
9 3 23
9 4 14
9 5 49
9 6 54
9 7 4
9 8 67
10 0 17
10 1 7
10 2 66
10 3 21
10 4 53
10 5 13
10 6 53
10 7 34
10 8 61
10 9 56
11 0 37
11 1 19
11 2 10
11 3 44
11 4 34
11 5 65
11 6 49
11 7 20
11 8 65
11 9 57
11 10 52
12 0 45
12 1 38
12 2 47
12 3 26
12 4 9
12 5 64
12 6 42
12 7 9
12 8 24
12 9 16
12 10 63
12 11 44
13 0 2
13 1 23
13 2 25
13 3 38
13 4 51
13 5 18
13 6 12
13 7 62
13 8 53
13 9 55
13 10 56
13 11 42
13 12 24
14 0 19
14 1 15
14 2 61
14 3 60
14 4 25
14 5 49
14 6 44
14 7 20
14 8 66
14 9 39
14 10 61
14 11 4
14 12 67
14 13 15
15 0 24
15 1 58
15 2 63
15 3 50
15 4 13
15 5 11
15 6 14
15 7 38
15 8 52
15 9 37
15 10 28
15 11 54
15 12 12
15 13 14
15 14 52
16 0 18
16 1 10
16 2 34
16 3 49
16 4 53
16 5 38
16 6 49
16 7 18
16 8 25
16 9 4
16 10 33
16 11 37
16 12 32
16 13 21
16 14 6
16 15 56
17 0 21
17 1 44
17 2 13
17 3 54
17 4 65
17 5 37
17 6 22
17 7 54
17 8 57
17 9 11
17 10 14
17 11 38
17 12 39
17 13 20
17 14 60
17 15 33
17 16 37
18 0 17
18 1 12
18 2 31
18 3 39
18 4 18
18 5 58
18 6 55
18 7 29
18 8 60
18 9 48
18 10 5
18 11 20
18 12 19
18 13 12
18 14 14
18 15 9
18 16 7
18 17 30
19 0 64
19 1 67
19 2 61
19 3 11
19 4 13
19 5 12
19 6 65
19 7 58
19 8 34
19 9 11
19 10 47
19 11 15
19 12 24
19 13 51
19 14 46
19 15 21
19 16 37
19 17 36
19 18 35
20 0 55
20 1 1
20 2 52
20 3 67
20 4 45
20 5 54
20 6 34
20 7 43
20 8 35
20 9 11
20 10 16
20 11 25
20 12 20
20 13 59
20 14 27
20 15 59
20 16 29
20 17 15
20 18 61
20 19 55
21 0 46
21 1 25
21 2 1
21 3 27
21 4 41
21 5 67
21 6 34
21 7 24
21 8 14
21 9 28
21 10 1
21 11 49
21 12 66
21 13 33
21 14 58
21 15 2
21 16 52
21 17 17
21 18 45
21 19 22
21 20 6
22 0 59
22 1 56
22 2 53
22 3 33
22 4 25
22 5 30
22 6 22
22 7 33
22 8 23
22 9 16
22 10 47
22 11 9
22 12 38
22 13 58
22 14 64
22 15 62
22 16 11
22 17 19
22 18 12
22 19 57
22 20 46
22 21 17
23 0 4
23 1 1
23 2 35
23 3 12
23 4 31
23 5 32
23 6 13
23 7 53
23 8 19
23 9 65
23 10 42
23 11 23
23 12 6
23 13 10
23 14 28
23 15 29
23 16 29
23 17 46
23 18 41
23 19 38
23 20 51
23 21 36
23 22 47
24 0 5
24 1 27
24 2 54
24 3 43
24 4 63
24 5 67
24 6 27
24 7 13
24 8 47
24 9 22
24 10 17
24 11 60
24 12 45
24 13 26
24 14 50
24 15 35
24 16 47
24 17 22
24 18 50
24 19 48
24 20 42
24 21 32
24 22 17
24 23 8
25 0 5
25 1 29
25 2 47
25 3 35
25 4 62
25 5 18
25 6 22
25 7 29
25 8 5
25 9 7
25 10 10
25 11 12
25 12 2
25 13 36
25 14 34
25 15 52
25 16 34
25 17 64
25 18 10
25 19 56
25 20 4
25 21 33
25 22 28
25 23 11
25 24 33
26 0 8
26 1 66
26 2 19
26 3 36
26 4 26
26 5 2
26 6 39
26 7 67
26 8 42
26 9 3
26 10 66
26 11 25
26 12 37
26 13 40
26 14 28
26 15 49
26 16 47
26 17 36
26 18 23
26 19 18
26 20 16
26 21 55
26 22 19
26 23 55
26 24 58
26 25 41
27 0 56
27 1 23
27 2 62
27 3 42
27 4 65
27 5 63
27 6 67
27 7 39
27 8 21
27 9 17
27 10 34
27 11 24
27 12 56
27 13 4
27 14 19
27 15 30
27 16 8
27 17 29
27 18 56
27 19 27
27 20 13
27 21 53
27 22 67
27 23 37
27 24 33
27 25 60
27 26 14
28 0 18
28 1 26
28 2 22
28 3 24
28 4 33
28 5 47
28 6 11
28 7 17
28 8 14
28 9 45
28 10 59
28 11 64
28 12 12
28 13 34
28 14 46
28 15 41
28 16 9
28 17 47
28 18 55
28 19 31
28 20 13
28 21 21
28 22 30
28 23 13
28 24 13
28 25 9
28 26 20
28 27 60
29 0 16
29 1 42
29 2 7
29 3 9
29 4 40
29 5 39
29 6 37
29 7 2
29 8 61
29 9 22
29 10 13
29 11 19
29 12 7
29 13 48
29 14 42
29 15 34
29 16 40
29 17 11
29 18 61
29 19 34
29 20 51
29 21 53
29 22 60
29 23 3
29 24 41
29 25 66
29 26 3
29 27 31
29 28 18
30 0 19
30 1 64
30 2 16
30 3 34
30 4 21
30 5 31
30 6 11
30 7 47
30 8 1
30 9 21
30 10 48
30 11 49
30 12 45
30 13 38
30 14 4
30 15 53
30 16 15
30 17 25
30 18 41
30 19 13
30 20 7
30 21 37
30 22 60
30 23 31
30 24 19
30 25 26
30 26 34
30 27 28
30 28 39
30 29 33
31 0 5
31 1 7
31 2 21
31 3 36
31 4 54
31 5 38
31 6 41
31 7 18
31 8 54
31 9 2
31 10 29
31 11 6
31 12 21
31 13 61
31 14 41
31 15 22
31 16 47
31 17 42
31 18 61
31 19 41
31 20 36
31 21 22
31 22 38
31 23 15
31 24 23
31 25 51
31 26 64
31 27 19
31 28 63
31 29 13
31 30 31
32 0 9
32 1 6
32 2 55
32 3 28
32 4 23
32 5 8
32 6 17
32 7 65
32 8 67
32 9 58
32 10 67
32 11 5
32 12 33
32 13 54
32 14 63
32 15 64
32 16 47
32 17 25
32 18 23
32 19 62
32 20 35
32 21 55
32 22 48
32 23 11
32 24 59
32 25 9
32 26 58
32 27 67
32 28 59
32 29 61
32 30 47
32 31 52
33 0 52
33 1 65
33 2 38
33 3 13
33 4 36
33 5 29
33 6 34
33 7 6
33 8 49
33 9 23
33 10 30
33 11 39
33 12 40
33 13 4
33 14 18
33 15 14
33 16 46
33 17 7
33 18 23
33 19 54
33 20 25
33 21 10
33 22 57
33 23 49
33 24 19
33 25 13
33 26 4
33 27 66
33 28 13
33 29 21
33 30 25
33 31 26
33 32 8
34 0 39
34 1 62
34 2 40
34 3 42
34 4 41
34 5 50
34 6 60
34 7 33
34 8 22
34 9 63
34 10 60
34 11 29
34 12 52
34 13 42
34 14 39
34 15 18
34 16 54
34 17 16
34 18 25
34 19 65
34 20 18
34 21 29
34 22 16
34 23 23
34 24 66
34 25 5
34 26 49
34 27 21
34 28 27
34 29 45
34 30 55
34 31 9
34 32 4
34 33 22
35 0 55
35 1 53
35 2 1
35 3 20
35 4 28
35 5 47
35 6 61
35 7 20
35 8 14
35 9 21
35 10 27
35 11 37
35 12 56
35 13 1
35 14 4
35 15 9
35 16 44
35 17 2
35 18 61
35 19 52
35 20 47
35 21 40
35 22 31
35 23 41
35 24 14
35 25 58
35 26 38
35 27 33
35 28 7
35 29 32
35 30 47
35 31 30
35 32 11
35 33 24
35 34 29
36 0 51
36 1 44
36 2 40
36 3 5
36 4 60
36 5 52
36 6 16
36 7 4
36 8 47
36 9 17
36 10 21
36 11 7
36 12 8
36 13 52
36 14 37
36 15 44
36 16 9
36 17 10
36 18 37
36 19 60
36 20 43
36 21 33
36 22 27
36 23 22
36 24 41
36 25 47
36 26 63
36 27 60
36 28 40
36 29 2
36 30 10
36 31 65
36 32 32
36 33 38
36 34 38
36 35 43
37 0 9
37 1 63
37 2 27
37 3 25
37 4 19
37 5 33
37 6 60
37 7 49
37 8 40
37 9 55
37 10 21
37 11 57
37 12 15
37 13 27
37 14 9
37 15 57
37 16 55
37 17 41
37 18 53
37 19 12
37 20 3
37 21 28
37 22 52
37 23 4
37 24 11
37 25 50
37 26 64
37 27 66
37 28 58
37 29 61
37 30 44
37 31 10
37 32 56
37 33 61
37 34 32
37 35 30
37 36 32
38 0 31
38 1 13
38 2 12
38 3 54
38 4 56
38 5 12
38 6 38
38 7 38
38 8 9
38 9 5
38 10 3
38 11 64
38 12 33
38 13 43
38 14 38
38 15 33
38 16 22
38 17 12
38 18 32
38 19 2
38 20 33
38 21 59
38 22 64
38 23 60
38 24 11
38 25 60
38 26 50
38 27 42
38 28 53
38 29 6
38 30 52
38 31 56
38 32 24
38 33 48
38 34 67
38 35 5
38 36 44
38 37 40
39 0 30
39 1 60
39 2 42
39 3 21
39 4 21
39 5 24
39 6 58
39 7 47
39 8 48
39 9 47
39 10 43
39 11 42
39 12 15
39 13 60
39 14 16
39 15 50
39 16 27
39 17 27
39 18 29
39 19 49
39 20 8
39 21 24
39 22 28
39 23 14
39 24 6
39 25 45
39 26 28
39 27 38
39 28 4
39 29 24
39 30 56
39 31 62
39 32 41
39 33 38
39 34 53
39 35 27
39 36 29
39 37 19
39 38 9
40 0 17
40 1 42
40 2 61
40 3 43
40 4 25
40 5 9
40 6 52
40 7 42
40 8 39
40 9 55
40 10 42
40 11 26
40 12 30
40 13 27
40 14 34
40 15 17
40 16 39
40 17 20
40 18 35
40 19 61
40 20 46
40 21 23
40 22 40
40 23 39
40 24 60
40 25 41
40 26 67
40 27 67
40 28 64
40 29 7
40 30 21
40 31 23
40 32 38
40 33 57
40 34 18
40 35 38
40 36 50
40 37 41
40 38 26
40 39 60
