55
2 1 32
3 0 14
3 1 6
3 2 16
4 0 23
4 2 18
4 3 32
5 0 20
5 3 31
5 4 11
6 1 9
6 3 27
6 4 13
7 0 8
7 6 32
8 0 8
8 2 33
8 3 18
8 4 26
8 5 18
8 6 22
8 7 23
9 1 33
9 3 17
9 4 6
9 5 26
9 6 18
9 7 19
9 8 5
10 0 26
10 1 13
10 3 26
10 7 14
10 8 10
11 1 13
11 4 8
11 5 21
11 8 2
11 9 3
12 0 10
12 1 9
12 4 23
12 6 30
13 0 22
13 2 1
13 5 4
13 6 23
13 7 30
13 11 2
13 12 4
14 1 4
14 2 32
14 5 2
14 6 33
14 8 6
14 13 26
15 2 1
15 4 3
15 6 13
15 11 8
15 12 6
15 13 25
16 0 33
16 1 2
16 5 29
16 6 33
16 7 25
16 8 32
16 11 27
16 12 24
16 13 25
16 14 27
16 15 11
17 0 5
17 2 17
17 3 33
17 6 17
17 12 17
17 14 24
17 16 8
18 0 1
18 1 11
18 2 6
18 5 24
18 6 8
18 7 21
18 8 28
18 12 17
18 13 16
18 14 5
18 16 13
19 1 27
19 2 29
19 3 13
19 4 18
19 5 8
19 11 30
19 12 29
19 13 11
19 18 15
20 1 7
20 3 18
20 4 27
20 6 1
20 7 11
20 8 21
20 9 32
20 10 3
20 11 13
20 13 27
20 15 13
20 17 26
20 18 16
21 0 9
21 1 17
21 3 30
21 8 28
21 9 26
21 12 24
21 14 12
21 16 11
21 17 26
21 19 25
21 20 16
22 1 28
22 5 2
22 7 4
22 8 4
22 9 33
22 16 32
22 17 28
22 18 28
22 19 18
22 21 2
23 0 23
23 1 1
23 2 23
23 7 28
23 10 30
23 12 32
23 13 9
23 14 19
23 15 3
23 16 28
23 17 25
23 18 29
23 22 5
24 4 12
24 5 1
24 6 1
24 7 20
24 8 30
24 12 16
24 14 4
24 19 4
24 20 31
24 21 15
24 22 10
25 0 29
25 1 8
25 2 8
25 3 24
25 4 25
25 5 7
25 9 3
25 10 10
25 11 24
25 13 26
25 14 33
25 19 3
25 20 23
25 22 24
25 23 22
26 0 28
26 1 33
26 2 15
26 6 11
26 8 1
26 13 1
26 15 2
26 17 4
26 18 23
26 20 6
26 23 32
26 24 9
27 0 6
27 2 26
27 4 4
27 5 10
27 6 31
27 9 7
27 14 11
27 15 11
27 16 31
27 20 5
27 22 24
27 23 18
27 25 16
27 26 2
28 2 12
28 3 10
28 4 30
28 6 21
28 8 12
28 9 21
28 10 17
28 11 23
28 14 8
28 16 32
28 17 7
28 19 3
28 20 20
28 21 1
28 24 29
28 25 22
28 27 33
29 0 7
29 4 14
29 5 24
29 9 21
29 12 12
29 13 24
29 14 30
29 15 24
29 16 13
29 19 15
29 20 13
29 21 26
29 23 28
29 27 2
29 28 6
30 2 2
30 4 26
30 5 16
30 10 2
30 14 29
30 19 19
30 20 33
30 23 7
30 24 31
30 27 5
30 28 12
30 29 18
31 0 10
31 1 14
31 2 14
31 4 16
31 5 9
31 6 23
31 7 9
31 9 28
31 16 28
31 18 33
31 20 9
31 23 26
31 24 14
31 28 3
32 0 30
32 1 10
32 3 22
32 5 4
32 10 15
32 11 8
32 12 13
32 16 15
32 17 14
32 20 5
32 22 28
32 23 21
32 24 15
32 25 23
32 27 12
32 28 14
32 29 29
32 30 25
32 31 32
33 0 15
33 1 23
33 2 17
33 3 4
33 4 3
33 6 20
33 8 15
33 9 29
33 11 15
33 14 27
33 17 3
33 18 24
33 19 2
33 20 23
33 22 25
33 23 30
33 24 20
33 26 16
33 27 11
33 29 18
33 32 10
34 0 14
34 1 31
34 4 22
34 7 17
34 8 20
34 10 30
34 12 16
34 13 11
34 14 29
34 15 21
34 16 20
34 18 29
34 19 31
34 22 14
34 23 12
34 27 27
34 28 28
34 33 5
35 1 20
35 2 25
35 3 24
35 6 12
35 7 5
35 8 29
35 11 10
35 12 13
35 14 22
35 16 7
35 17 19
35 18 18
35 19 9
35 21 16
35 24 9
35 26 15
35 28 1
35 29 23
35 30 16
35 31 20
35 32 31
35 33 14
36 2 18
36 6 19
36 10 8
36 12 19
36 15 9
36 16 31
36 18 19
36 19 27
36 21 12
36 32 30
37 1 6
37 2 16
37 3 21
37 4 13
37 8 22
37 10 26
37 12 7
37 13 11
37 14 24
37 15 7
37 16 3
37 17 11
37 20 16
37 29 33
37 33 18
37 34 18
37 36 23
38 2 2
38 3 23
38 4 7
38 6 23
38 7 6
38 9 24
38 11 9
38 15 14
38 16 19
38 18 2
38 22 24
38 24 6
38 25 31
38 27 1
38 30 21
38 32 31
38 34 15
38 35 5
38 36 10
39 0 28
39 1 27
39 2 8
39 5 7
39 6 32
39 7 25
39 9 3
39 10 23
39 11 12
39 14 31
39 16 24
39 17 6
39 23 27
39 26 29
39 30 25
39 31 15
39 33 2
39 35 28
39 38 31
40 1 5
40 3 14
40 4 26
40 6 16
40 7 12
40 9 25
40 11 26
40 12 28
40 13 1
40 14 18
40 15 25
40 18 14
40 20 5
40 22 20
40 23 24
40 25 5
40 27 2
40 28 30
40 29 20
40 30 32
40 31 23
40 34 28
40 35 22
40 39 24
41 2 9
41 5 31
41 8 9
41 10 32
41 11 17
41 12 2
41 13 9
41 14 18
41 15 5
41 16 18
41 19 27
41 20 2
41 22 6
41 24 14
41 26 1
41 30 26
41 32 16
41 33 19
41 34 23
41 38 31
41 40 18
42 0 15
42 1 16
42 2 5
42 4 13
42 6 29
42 7 32
42 8 23
42 9 1
42 12 24
42 13 23
42 14 28
42 15 31
42 17 23
42 18 7
42 20 27
42 22 16
42 23 13
42 26 17
42 27 3
42 30 14
42 32 16
42 33 6
42 36 24
42 38 4
42 40 14
43 3 4
43 6 25
43 7 13
43 9 28
43 10 21
43 11 11
43 16 7
43 18 5
43 20 13
43 21 2
43 22 3
43 23 3
43 29 28
43 30 27
43 31 2
43 33 27
43 35 20
43 36 28
43 37 14
43 38 7
43 39 22
43 40 19
43 41 3
44 0 3
44 1 23
44 2 22
44 6 9
44 9 5
44 10 33
44 11 32
44 12 21
44 17 33
44 21 3
44 23 9
44 25 26
44 26 29
44 28 1
44 29 11
44 30 4
44 36 4
44 39 29
44 43 13
45 1 10
45 4 27
45 5 13
45 17 12
45 19 4
45 22 4
45 27 15
45 28 16
45 31 9
45 33 22
45 34 3
45 35 26
45 36 5
45 39 21
45 40 6
45 43 24
45 44 2
46 0 4
46 2 27
46 3 8
46 7 9
46 8 19
46 10 33
46 11 27
46 15 21
46 16 26
46 17 10
46 19 19
46 20 31
46 21 18
46 23 1
46 24 18
46 25 27
46 29 6
46 32 11
46 38 22
46 40 30
46 41 21
46 42 24
46 43 30
46 45 15
47 1 25
47 2 18
47 4 10
47 6 24
47 7 1
47 8 13
47 9 11
47 10 30
47 13 22
47 18 23
47 21 17
47 22 3
47 25 12
47 27 27
47 29 29
47 35 25
47 36 24
47 40 1
47 41 32
47 42 4
47 43 3
47 45 5
48 0 31
48 5 11
48 7 31
48 9 33
48 11 25
48 14 8
48 18 28
48 19 1
48 22 33
48 23 18
48 25 7
48 26 16
48 30 9
48 32 20
48 33 23
48 34 25
48 36 29
48 37 6
48 41 10
48 42 20
48 44 33
48 46 15
48 47 27
49 2 32
49 4 12
49 7 3
49 8 10
49 9 6
49 10 32
49 11 12
49 12 31
49 13 21
49 14 17
49 15 8
49 18 28
49 19 2
49 20 18
49 21 24
49 25 7
49 26 2
49 27 16
49 30 19
49 31 16
49 33 23
49 34 18
49 35 30
49 38 31
49 40 33
49 42 23
49 44 19
49 46 33
50 2 21
50 6 10
50 7 2
50 8 21
50 11 13
50 12 29
50 13 15
50 17 6
50 18 32
50 19 33
50 21 33
50 23 26
50 24 19
50 25 20
50 26 2
50 31 4
50 33 9
50 34 22
50 35 6
50 37 32
50 39 20
50 42 10
50 43 8
50 46 13
50 48 26
51 4 8
51 6 22
51 8 11
51 9 1
51 11 17
51 13 28
51 14 7
51 15 28
51 16 5
51 18 5
51 19 17
51 20 11
51 23 29
51 26 15
51 30 17
51 31 20
51 32 24
51 34 4
51 36 2
51 41 25
51 42 17
51 43 2
51 45 14
51 47 4
51 49 23
52 0 16
52 1 23
52 2 14
52 3 21
52 4 21
52 6 32
52 7 27
52 9 26
52 10 3
52 12 17
52 18 22
52 20 11
52 27 25
52 33 25
52 36 6
52 37 18
52 38 2
52 39 14
52 41 30
52 42 14
52 44 21
52 46 2
52 47 22
53 0 21
53 2 27
53 3 9
53 5 28
53 7 28
53 9 17
53 10 6
53 11 12
53 15 29
53 16 27
53 17 1
53 20 29
53 23 25
53 24 27
53 25 10
53 28 22
53 29 10
53 30 4
53 32 17
53 33 33
53 34 32
53 35 25
53 36 22
53 37 33
53 38 26
53 40 5
53 42 2
53 44 25
53 46 15
53 47 6
53 48 27
53 50 31
53 52 31
54 1 19
54 6 16
54 8 1
54 9 24
54 10 13
54 13 21
54 15 1
54 17 25
54 18 2
54 21 28
54 25 10
54 27 17
54 34 1
54 37 19
54 40 32
54 41 23
54 42 1
54 47 33
54 49 26
54 52 5
