58
1 0 27
2 0 31
2 1 4
3 0 5
3 1 25
3 2 29
4 0 25
4 1 17
4 2 19
4 3 24
5 0 4
5 1 23
5 2 34
5 3 8
5 4 16
6 0 11
6 1 7
6 2 9
6 3 2
6 4 19
6 5 12
7 0 25
7 1 23
7 2 13
7 3 31
7 4 14
7 5 10
7 6 23
8 0 10
8 1 25
8 2 3
8 3 5
8 4 1
8 5 4
8 6 12
8 7 22
9 0 1
9 1 14
9 2 19
9 3 16
9 4 7
9 5 13
9 6 27
9 7 10
9 8 11
10 0 13
10 1 19
10 2 27
10 3 17
10 4 10
10 5 11
10 6 6
10 7 5
10 8 8
10 9 8
11 0 17
11 1 16
11 2 20
11 3 17
11 4 22
11 5 33
11 6 4
11 7 25
11 8 15
11 9 4
11 10 32
12 0 1
12 1 6
12 2 28
12 3 9
12 4 27
12 5 20
12 6 26
12 7 4
12 8 19
12 9 2
12 10 30
12 11 15
13 0 25
13 1 20
13 2 28
13 3 26
13 4 2
13 5 20
13 6 30
13 7 16
13 8 18
13 9 29
13 10 23
13 11 1
13 12 28
14 0 13
14 1 34
14 2 29
14 3 14
14 4 9
14 5 6
14 6 26
14 7 29
14 8 11
14 9 27
14 10 2
14 11 24
14 12 12
14 13 12
15 0 24
15 1 30
15 2 22
15 3 10
15 4 7
15 5 30
15 6 15
15 7 30
15 8 3
15 9 1
15 10 18
15 11 8
15 12 9
15 13 2
15 14 34
16 0 20
16 1 11
16 2 31
16 3 34
16 4 22
16 5 27
16 6 19
16 7 30
16 8 24
16 9 3
16 10 7
16 11 5
16 12 14
16 13 5
16 14 5
16 15 1
17 0 11
17 1 18
17 2 4
17 3 28
17 4 6
17 5 2
17 6 4
17 7 32
17 8 14
17 9 25
17 10 28
17 11 20
17 12 7
17 13 31
17 14 4
17 15 18
17 16 6
18 0 16
18 1 7
18 2 4
18 3 24
18 4 10
18 5 31
18 6 29
18 7 33
18 8 6
18 9 13
18 10 29
18 11 2
18 12 8
18 13 25
18 14 8
18 15 15
18 16 2
18 17 13
19 0 6
19 1 14
19 2 24
19 3 24
19 4 7
19 5 10
19 6 23
19 7 31
19 8 26
19 9 12
19 10 32
19 11 23
19 12 25
19 13 10
19 14 15
19 15 6
19 16 17
19 17 28
19 18 26
20 0 15
20 1 19
20 2 30
20 3 24
20 4 21
20 5 17
20 6 4
20 7 34
20 8 34
20 9 21
20 10 2
20 11 24
20 12 32
20 13 28
20 14 5
20 15 24
20 16 15
20 17 17
20 18 30
20 19 7
21 0 30
21 1 10
21 2 26
21 3 21
21 4 30
21 5 7
21 6 2
21 7 31
21 8 12
21 9 24
21 10 18
21 11 13
21 12 25
21 13 28
21 14 13
21 15 14
21 16 13
21 17 18
21 18 8
21 19 27
21 20 20
22 0 14
22 1 10
22 2 11
22 3 8
22 4 33
22 5 1
22 6 8
22 7 25
22 8 33
22 9 33
22 10 18
22 11 20
22 12 3
22 13 12
22 14 27
22 15 28
22 16 22
22 17 28
22 18 29
22 19 21
22 20 26
22 21 14
23 0 23
23 1 2
23 2 25
23 3 16
23 4 29
23 5 14
23 6 21
23 7 14
23 8 10
23 9 8
23 10 10
23 11 2
23 12 30
23 13 3
23 14 20
23 15 15
23 16 22
23 17 25
23 18 9
23 19 2
23 20 11
23 21 8
23 22 20
24 0 34
24 1 14
24 2 3
24 3 10
24 4 16
24 5 7
24 6 9
24 7 27
24 8 11
24 9 11
24 10 17
24 11 6
24 12 15
24 13 31
24 14 33
24 15 4
24 16 6
24 17 6
24 18 8
24 19 30
24 20 14
24 21 8
24 22 27
24 23 5
25 0 17
25 1 9
25 2 18
25 3 5
25 4 17
25 5 20
25 6 22
25 7 11
25 8 24
25 9 8
25 10 18
25 11 26
25 12 15
25 13 19
25 14 8
25 15 25
25 16 18
25 17 22
25 18 5
25 19 16
25 20 33
25 21 17
25 22 33
25 23 29
25 24 25
26 0 25
26 1 8
26 2 13
26 3 19
26 4 21
26 5 15
26 6 5
26 7 12
26 8 30
26 9 7
26 10 6
26 11 20
26 12 6
26 13 12
26 14 21
26 15 22
26 16 18
26 17 27
26 18 21
26 19 34
26 20 27
26 21 5
26 22 30
26 23 26
26 24 13
26 25 8
27 0 3
27 1 10
27 2 10
27 3 3
27 4 26
27 5 4
27 6 18
27 7 25
27 8 14
27 9 2
27 10 17
27 11 28
27 12 32
27 13 7
27 14 19
27 15 6
27 16 14
27 17 28
27 18 16
27 19 25
27 20 4
27 21 17
27 22 19
27 23 5
27 24 2
27 25 11
27 26 26
28 0 21
28 1 24
28 2 20
28 3 9
28 4 10
28 5 11
28 6 14
28 7 11
28 8 32
28 9 17
28 10 13
28 11 3
28 12 33
28 13 15
28 14 34
28 15 34
28 16 27
28 17 5
28 18 22
28 19 7
28 20 7
28 21 1
28 22 32
28 23 33
28 24 8
28 25 22
28 26 16
28 27 17
29 0 30
29 1 20
29 2 24
29 3 31
29 4 9
29 5 10
29 6 11
29 7 26
29 8 11
29 9 30
29 10 5
29 11 20
29 12 11
29 13 4
29 14 24
29 15 17
29 16 8
29 17 20
29 18 6
29 19 25
29 20 13
29 21 21
29 22 20
29 23 5
29 24 19
29 25 32
29 26 6
29 27 6
29 28 16
30 0 23
30 1 18
30 2 29
30 3 11
30 4 21
30 5 22
30 6 30
30 7 34
30 8 8
30 9 12
30 10 22
30 11 1
30 12 19
30 13 14
30 14 27
30 15 8
30 16 26
30 17 20
30 18 7
30 19 32
30 20 8
30 21 5
30 22 15
30 23 28
30 24 27
30 25 22
30 26 1
30 27 9
30 28 17
30 29 14
31 0 32
31 1 13
31 2 6
31 3 17
31 4 10
31 5 1
31 6 4
31 7 4
31 8 11
31 9 1
31 10 4
31 11 7
31 12 23
31 13 25
31 14 33
31 15 10
31 16 1
31 17 4
31 18 9
31 19 34
31 20 14
31 21 29
31 22 24
31 23 16
31 24 17
31 25 32
31 26 20
31 27 3
31 28 8
31 29 7
31 30 7
32 0 8
32 1 12
32 2 16
32 3 2
32 4 8
32 5 4
32 6 34
32 7 13
32 8 20
32 9 14
32 10 6
32 11 8
32 12 26
32 13 10
32 14 28
32 15 3
32 16 8
32 17 9
32 18 34
32 19 28
32 20 16
32 21 2
32 22 7
32 23 29
32 24 29
32 25 27
32 26 2
32 27 29
32 28 6
32 29 22
32 30 7
32 31 6
33 0 7
33 1 11
33 2 27
33 3 32
33 4 28
33 5 5
33 6 26
33 7 21
33 8 8
33 9 19
33 10 32
33 11 10
33 12 13
33 13 9
33 14 25
33 15 32
33 16 6
33 17 6
33 18 21
33 19 25
33 20 14
33 21 5
33 22 28
33 23 28
33 24 10
33 25 7
33 26 11
33 27 8
33 28 6
33 29 10
33 30 11
33 31 3
33 32 32
34 0 7
34 1 11
34 2 29
34 3 23
34 4 6
34 5 18
34 6 17
34 7 6
34 8 3
34 9 22
34 10 34
34 11 3
34 12 11
34 13 5
34 14 13
34 15 24
34 16 25
34 17 21
34 18 29
34 19 2
34 20 25
34 21 14
34 22 21
34 23 8
34 24 12
34 25 29
34 26 23
34 27 21
34 28 33
34 29 31
34 30 18
34 31 10
34 32 16
34 33 32
35 0 28
35 1 25
35 2 26
35 3 12
35 4 33
35 5 17
35 6 28
35 7 23
35 8 23
35 9 23
35 10 25
35 11 4
35 12 18
35 13 9
35 14 31
35 15 23
35 16 17
35 17 28
35 18 8
35 19 17
35 20 27
35 21 26
35 22 8
35 23 26
35 24 5
35 25 12
35 26 33
35 27 28
35 28 31
35 29 19
35 30 13
35 31 22
35 32 18
35 33 21
35 34 25
36 0 14
36 1 32
36 2 18
36 3 27
36 4 17
36 5 2
36 6 30
36 7 7
36 8 11
36 9 21
36 10 8
36 11 6
36 12 24
36 13 32
36 14 10
36 15 14
36 16 26
36 17 5
36 18 23
36 19 29
36 20 16
36 21 8
36 22 28
36 23 23
36 24 17
36 25 31
36 26 18
36 27 24
36 28 26
36 29 32
36 30 24
36 31 3
36 32 32
36 33 23
36 34 30
36 35 31
37 0 33
37 1 27
37 2 21
37 3 8
37 4 3
37 5 19
37 6 5
37 7 12
37 8 33
37 9 1
37 10 16
37 11 26
37 12 5
37 13 8
37 14 24
37 15 30
37 16 28
37 17 29
37 18 6
37 19 8
37 20 9
37 21 10
37 22 26
37 23 7
37 24 2
37 25 3
37 26 13
37 27 12
37 28 20
37 29 27
37 30 23
37 31 19
37 32 14
37 33 10
37 34 33
37 35 33
37 36 21
38 0 21
38 1 28
38 2 6
38 3 6
38 4 2
38 5 33
38 6 14
38 7 34
38 8 8
38 9 23
38 10 13
38 11 4
38 12 33
38 13 10
38 14 6
38 15 10
38 16 18
38 17 21
38 18 15
38 19 28
38 20 20
38 21 9
38 22 16
38 23 15
38 24 23
38 25 24
38 26 12
38 27 26
38 28 5
38 29 18
38 30 28
38 31 7
38 32 1
38 33 17
38 34 33
38 35 28
38 36 7
38 37 1
39 0 17
39 1 8
39 2 16
39 3 22
39 4 12
39 5 16
39 6 3
39 7 5
39 8 6
39 9 31
39 10 12
39 11 17
39 12 14
39 13 4
39 14 13
39 15 3
39 16 13
39 17 8
39 18 7
39 19 20
39 20 22
39 21 25
39 22 32
39 23 15
39 24 4
39 25 10
39 26 27
39 27 2
39 28 9
39 29 6
39 30 8
39 31 29
39 32 3
39 33 15
39 34 2
39 35 2
39 36 17
39 37 26
39 38 34
40 0 30
40 1 21
40 2 25
40 3 19
40 4 1
40 5 5
40 6 34
40 7 10
40 8 6
40 9 23
40 10 20
40 11 14
40 12 29
40 13 11
40 14 1
40 15 32
40 16 20
40 17 23
40 18 21
40 19 3
40 20 3
40 21 17
40 22 15
40 23 11
40 24 19
40 25 25
40 26 6
40 27 21
40 28 30
40 29 26
40 30 34
40 31 18
40 32 32
40 33 8
40 34 26
40 35 17
40 36 4
40 37 13
40 38 17
40 39 28
41 0 13
41 1 5
41 2 31
41 3 6
41 4 8
41 5 13
41 6 14
41 7 20
41 8 24
41 9 20
41 10 16
41 11 8
41 12 4
41 13 23
41 14 1
41 15 15
41 16 19
41 17 34
41 18 33
41 19 33
41 20 27
41 21 5
41 22 11
41 23 34
41 24 5
41 25 29
41 26 18
41 27 33
41 28 6
41 29 10
41 30 29
41 31 24
41 32 12
41 33 24
41 34 31
41 35 29
41 36 23
41 37 22
41 38 31
41 39 9
41 40 21
42 0 28
42 1 26
42 2 34
42 3 25
42 4 33
42 5 22
42 6 7
42 7 18
42 8 14
42 9 19
42 10 21
42 11 11
42 12 7
42 13 6
42 14 1
42 15 3
42 16 34
42 17 14
42 18 20
42 19 8
42 20 34
42 21 24
42 22 21
42 23 22
42 24 25
42 25 14
42 26 30
42 27 20
42 28 12
42 29 34
42 30 1
42 31 12
42 32 29
42 33 8
42 34 21
42 35 27
42 36 16
42 37 14
42 38 17
42 39 23
42 40 26
42 41 1
43 0 21
43 1 2
43 2 25
43 3 17
43 4 6
43 5 2
43 6 17
43 7 18
43 8 23
43 9 8
43 10 14
43 11 10
43 12 27
43 13 29
43 14 34
43 15 26
43 16 18
43 17 32
43 18 30
43 19 23
43 20 2
43 21 10
43 22 12
43 23 20
43 24 6
43 25 15
43 26 24
43 27 3
43 28 2
43 29 27
43 30 2
43 31 32
43 32 2
43 33 24
43 34 19
43 35 33
43 36 17
43 37 10
43 38 10
43 39 6
43 40 28
43 41 31
43 42 24
44 0 14
44 1 23
44 2 29
44 3 5
44 4 30
44 5 15
44 6 16
44 7 11
44 8 23
44 9 17
44 10 13
44 11 29
44 12 21
44 13 12
44 14 15
44 15 16
44 16 7
44 17 9
44 18 20
44 19 1
44 20 19
44 21 30
44 22 10
44 23 2
44 24 34
44 25 11
44 26 5
44 27 31
44 28 26
44 29 17
44 30 9
44 31 3
44 32 27
44 33 21
44 34 29
44 35 12
44 36 12
44 37 14
44 38 30
44 39 6
44 40 23
44 41 34
44 42 4
44 43 12
45 0 16
45 1 5
45 2 8
45 3 11
45 4 5
45 5 21
45 6 22
45 7 29
45 8 33
45 9 14
45 10 14
45 11 27
45 12 31
45 13 30
45 14 8
45 15 8
45 16 3
45 17 27
45 18 16
45 19 15
45 20 5
45 21 18
45 22 22
45 23 5
45 24 25
45 25 32
45 26 28
45 27 4
45 28 11
45 29 17
45 30 33
45 31 34
45 32 20
45 33 13
45 34 2
45 35 12
45 36 16
45 37 19
45 38 24
45 39 24
45 40 5
45 41 34
45 42 5
45 43 10
45 44 9
46 0 29
46 1 17
46 2 4
46 3 16
46 4 3
46 5 5
46 6 32
46 7 12
46 8 17
46 9 24
46 10 31
46 11 21
46 12 34
46 13 8
46 14 14
46 15 16
46 16 24
46 17 9
46 18 27
46 19 6
46 20 19
46 21 7
46 22 26
46 23 31
46 24 33
46 25 25
46 26 18
46 27 11
46 28 27
46 29 18
46 30 22
46 31 27
46 32 7
46 33 19
46 34 3
46 35 29
46 36 19
46 37 19
46 38 26
46 39 18
46 40 17
46 41 12
46 42 17
46 43 26
46 44 20
46 45 14
47 0 28
47 1 11
47 2 30
47 3 20
47 4 6
47 5 2
47 6 12
47 7 5
47 8 18
47 9 21
47 10 2
47 11 8
47 12 23
47 13 31
47 14 11
47 15 15
47 16 5
47 17 24
47 18 24
47 19 24
47 20 32
47 21 1
47 22 34
47 23 22
47 24 22
47 25 13
47 26 33
47 27 32
47 28 4
47 29 11
47 30 13
47 31 6
47 32 4
47 33 21
47 34 17
47 35 26
47 36 24
47 37 34
47 38 10
47 39 21
47 40 6
47 41 9
47 42 25
47 43 6
47 44 16
47 45 28
47 46 6
48 0 32
48 1 30
48 2 26
48 3 21
48 4 2
48 5 14
48 6 27
48 7 15
48 8 8
48 9 24
48 10 5
48 11 18
48 12 32
48 13 24
48 14 34
48 15 16
48 16 2
48 17 24
48 18 26
48 19 28
48 20 2
48 21 26
48 22 27
48 23 18
48 24 30
48 25 9
48 26 8
48 27 17
48 28 12
48 29 34
48 30 18
48 31 21
48 32 9
48 33 20
48 34 18
48 35 14
48 36 29
48 37 30
48 38 1
48 39 24
48 40 9
48 41 31
48 42 30
48 43 23
48 44 7
48 45 29
48 46 3
48 47 1
49 0 13
49 1 15
49 2 31
49 3 22
49 4 14
49 5 4
49 6 19
49 7 10
49 8 26
49 9 4
49 10 28
49 11 32
49 12 14
49 13 21
49 14 9
49 15 9
49 16 5
49 17 4
49 18 14
49 19 11
49 20 15
49 21 34
49 22 34
49 23 7
49 24 29
49 25 30
49 26 19
49 27 11
49 28 1
49 29 7
49 30 28
49 31 28
49 32 17
49 33 4
49 34 10
49 35 28
49 36 14
49 37 22
49 38 21
49 39 26
49 40 33
49 41 19
49 42 8
49 43 17
49 44 3
49 45 27
49 46 7
49 47 26
49 48 30
50 0 6
50 1 30
50 2 3
50 3 21
50 4 9
50 5 10
50 6 18
50 7 16
50 8 16
50 9 10
50 10 20
50 11 12
50 12 10
50 13 11
50 14 2
50 15 32
50 16 9
50 17 7
50 18 4
50 19 25
50 20 33
50 21 33
50 22 21
50 23 2
50 24 13
50 25 31
50 26 3
50 27 12
50 28 20
50 29 18
50 30 16
50 31 15
50 32 32
50 33 22
50 34 20
50 35 19
50 36 28
50 37 7
50 38 3
50 39 5
50 40 15
50 41 12
50 42 9
50 43 30
50 44 7
50 45 31
50 46 28
50 47 16
50 48 23
50 49 8
51 0 24
51 1 33
51 2 4
51 3 7
51 4 22
51 5 25
51 6 7
51 7 22
51 8 23
51 9 16
51 10 12
51 11 24
51 12 2
51 13 26
51 14 26
51 15 26
51 16 14
51 17 6
51 18 34
51 19 25
51 20 25
51 21 17
51 22 4
51 23 19
51 24 26
51 25 10
51 26 2
51 27 7
51 28 33
51 29 15
51 30 5
51 31 16
51 32 28
51 33 3
51 34 7
51 35 26
51 36 18
51 37 33
51 38 1
51 39 24
51 40 2
51 41 9
51 42 17
51 43 20
51 44 3
51 45 28
51 46 27
51 47 28
51 48 25
51 49 5
51 50 3
52 0 29
52 1 19
52 2 4
52 3 3
52 4 4
52 5 15
52 6 13
52 7 29
52 8 9
52 9 22
52 10 24
52 11 3
52 12 18
52 13 20
52 14 11
52 15 1
52 16 5
52 17 12
52 18 4
52 19 29
52 20 31
52 21 17
52 22 10
52 23 1
52 24 15
52 25 31
52 26 24
52 27 22
52 28 1
52 29 22
52 30 7
52 31 30
52 32 18
52 33 14
52 34 15
52 35 25
52 36 4
52 37 18
52 38 6
52 39 34
52 40 26
52 41 31
52 42 32
52 43 8
52 44 29
52 45 15
52 46 20
52 47 27
52 48 32
52 49 13
52 50 3
52 51 16
53 0 34
53 1 11
53 2 30
53 3 6
53 4 13
53 5 3
53 6 32
53 7 3
53 8 18
53 9 6
53 10 4
53 11 11
53 12 2
53 13 20
53 14 5
53 15 2
53 16 14
53 17 21
53 18 5
53 19 3
53 20 6
53 21 17
53 22 27
53 23 9
53 24 25
53 25 32
53 26 13
53 27 24
53 28 3
53 29 23
53 30 20
53 31 31
53 32 19
53 33 18
53 34 12
53 35 9
53 36 10
53 37 4
53 38 19
53 39 20
53 40 14
53 41 22
53 42 33
53 43 11
53 44 34
53 45 19
53 46 7
53 47 6
53 48 32
53 49 13
53 50 10
53 51 15
53 52 30
54 0 14
54 1 32
54 2 15
54 3 19
54 4 15
54 5 4
54 6 22
54 7 31
54 8 24
54 9 3
54 10 12
54 11 14
54 12 22
54 13 9
54 14 1
54 15 2
54 16 6
54 17 8
54 18 5
54 19 30
54 20 15
54 21 11
54 22 7
54 23 20
54 24 17
54 25 34
54 26 4
54 27 27
54 28 9
54 29 14
54 30 26
54 31 10
54 32 21
54 33 13
54 34 11
54 35 33
54 36 20
54 37 9
54 38 30
54 39 16
54 40 2
54 41 8
54 42 19
54 43 17
54 44 6
54 45 12
54 46 21
54 47 25
54 48 23
54 49 16
54 50 25
54 51 17
54 52 26
54 53 8
55 0 18
55 1 23
55 2 3
55 3 20
55 4 13
55 5 15
55 6 2
55 7 2
55 8 33
55 9 4
55 10 21
55 11 15
55 12 10
55 13 33
55 14 6
55 15 14
55 16 23
55 17 17
55 18 4
55 19 26
55 20 23
55 21 10
55 22 12
55 23 31
55 24 1
55 25 23
55 26 31
55 27 28
55 28 6
55 29 10
55 30 3
55 31 21
55 32 22
55 33 33
55 34 34
55 35 26
55 36 21
55 37 28
55 38 20
55 39 34
55 40 19
55 41 16
55 42 8
55 43 2
55 44 15
55 45 2
55 46 22
55 47 15
55 48 30
55 49 25
55 50 21
55 51 26
55 52 27
55 53 27
55 54 28
56 0 28
56 1 28
56 2 26
56 3 28
56 4 29
56 5 22
56 6 28
56 7 1
56 8 9
56 9 14
56 10 7
56 11 25
56 12 7
56 13 11
56 14 20
56 15 14
56 16 2
56 17 20
56 18 33
56 19 5
56 20 30
56 21 34
56 22 18
56 23 28
56 24 29
56 25 24
56 26 33
56 27 14
56 28 31
56 29 23
56 30 25
56 31 6
56 32 25
56 33 27
56 34 16
56 35 19
56 36 19
56 37 13
56 38 17
56 39 26
56 40 34
56 41 27
56 42 11
56 43 6
56 44 27
56 45 15
56 46 4
56 47 16
56 48 17
56 49 1
56 50 33
56 51 20
56 52 13
56 53 3
56 54 14
56 55 19
57 0 22
57 1 13
57 2 9
57 3 1
57 4 16
57 5 14
57 6 26
57 7 27
57 8 9
57 9 21
57 10 34
57 11 5
57 12 9
57 13 11
57 14 23
57 15 33
57 16 31
57 17 21
57 18 18
57 19 8
57 20 17
57 21 1
57 22 27
57 23 21
57 24 1
57 25 22
57 26 23
57 27 3
57 28 5
57 29 13
57 30 29
57 31 12
57 32 24
57 33 23
57 34 2
57 35 17
57 36 18
57 37 33
57 38 20
57 39 11
57 40 2
57 41 17
57 42 21
57 43 5
57 44 33
57 45 27
57 46 24
57 47 7
57 48 14
57 49 2
57 50 18
57 51 18
57 52 29
57 53 33
57 54 6
57 55 16
57 56 3
