65
1 0 35
2 1 43
3 2 17
4 0 50
4 3 13
5 2 5
6 1 2
6 2 5
6 3 51
6 4 32
7 0 37
7 1 35
7 2 1
7 3 14
7 4 44
7 6 18
8 0 1
8 5 5
9 1 16
9 4 1
9 5 35
9 6 45
10 0 5
10 4 14
10 5 3
10 7 24
10 9 40
11 0 17
11 1 29
11 2 37
11 5 3
11 6 15
11 8 40
11 9 17
12 3 31
12 4 42
12 7 16
12 9 41
13 2 38
13 6 7
13 10 20
13 11 39
13 12 34
14 0 31
14 2 10
14 3 4
14 5 45
14 8 27
14 9 31
14 13 29
15 0 23
15 1 49
15 6 44
15 8 45
15 9 25
15 11 22
15 12 34
15 13 11
16 3 32
16 6 32
16 8 34
16 10 44
16 11 2
16 13 23
16 15 37
17 2 41
17 3 38
17 4 30
17 5 13
17 7 9
17 8 28
17 11 9
17 12 37
18 0 7
18 1 22
18 2 5
18 4 27
18 5 30
18 6 5
18 9 15
18 10 23
18 11 34
18 12 41
18 13 10
18 15 23
18 17 35
19 1 3
19 4 48
19 7 28
19 8 22
19 10 27
19 12 12
19 13 39
19 14 15
19 17 25
19 18 1
20 1 21
20 6 38
20 7 26
20 8 38
20 9 23
20 13 49
20 15 15
20 16 27
20 17 27
20 18 47
20 19 33
21 1 50
21 2 23
21 3 47
21 5 32
21 6 1
21 8 43
21 11 12
21 13 6
21 14 48
21 15 10
21 16 33
21 17 41
21 18 28
22 1 30
22 3 32
22 5 32
22 6 24
22 8 16
22 12 42
22 14 6
22 15 48
22 17 30
22 18 48
22 19 24
22 21 43
23 0 1
23 1 10
23 2 16
23 6 2
23 7 27
23 8 33
23 9 11
23 12 21
23 14 21
23 15 39
23 19 22
24 1 22
24 2 25
24 3 37
24 7 8
24 8 45
24 11 21
24 12 40
24 13 17
24 15 19
24 17 16
24 18 8
24 19 50
24 20 44
24 21 2
24 22 5
24 23 50
25 0 50
25 3 37
25 5 49
25 6 37
25 7 19
25 9 1
25 10 37
25 11 12
25 14 2
25 15 35
25 19 44
25 20 20
25 22 32
25 23 50
26 0 34
26 1 28
26 7 13
26 8 3
26 9 30
26 12 38
26 15 26
26 16 3
26 17 47
26 20 25
26 21 17
26 24 36
27 0 43
27 1 7
27 3 34
27 5 5
27 7 6
27 8 6
27 9 48
27 13 4
27 14 11
27 16 9
27 20 4
27 21 2
27 25 2
27 26 1
28 1 6
28 2 24
28 3 20
28 4 35
28 6 14
28 11 13
28 13 46
28 15 42
28 17 8
28 18 7
28 20 9
28 21 25
28 23 38
28 25 43
28 26 47
28 27 34
29 0 46
29 1 41
29 2 6
29 3 50
29 6 35
29 9 12
29 14 36
29 15 27
29 16 45
29 17 28
29 18 17
29 23 24
29 25 36
30 5 1
30 7 17
30 8 30
30 10 44
30 11 26
30 12 44
30 13 8
30 14 25
30 15 33
30 17 23
30 21 18
30 22 40
30 23 31
30 24 50
30 25 23
30 28 16
30 29 48
31 0 47
31 2 44
31 4 3
31 5 38
31 6 35
31 9 4
31 10 7
31 11 34
31 15 5
31 17 36
31 19 22
31 22 6
31 25 45
31 26 31
31 27 44
32 0 5
32 1 14
32 2 37
32 3 9
32 5 38
32 7 5
32 11 24
32 12 4
32 15 23
32 19 25
32 20 5
32 21 27
32 23 20
32 27 11
32 29 37
33 2 13
33 3 25
33 5 20
33 6 29
33 8 25
33 11 1
33 12 16
33 13 27
33 16 22
33 19 38
33 20 16
33 26 5
33 27 14
33 28 18
33 30 31
33 31 15
33 32 2
34 0 1
34 3 14
34 4 15
34 5 39
34 8 50
34 9 13
34 11 6
34 12 11
34 14 19
34 15 2
34 19 28
34 21 30
34 22 9
34 23 17
34 24 16
34 25 9
34 26 47
34 28 7
34 29 20
34 30 21
34 31 1
34 33 24
35 3 49
35 4 16
35 5 28
35 6 36
35 10 47
35 12 43
35 14 45
35 15 43
35 16 23
35 17 27
35 18 27
35 21 25
35 23 5
35 27 26
35 30 22
35 31 17
36 1 45
36 9 21
36 10 33
36 12 4
36 14 49
36 15 15
36 16 2
36 17 21
36 18 4
36 19 7
36 20 8
36 21 37
36 23 44
36 24 36
36 27 47
36 29 17
36 31 36
36 32 20
36 33 37
36 34 23
37 3 20
37 5 16
37 6 13
37 11 8
37 16 22
37 18 26
37 21 48
37 23 29
37 25 49
37 26 43
37 27 31
37 28 43
37 30 9
37 31 32
37 34 32
37 35 39
38 2 17
38 3 40
38 4 33
38 5 14
38 7 6
38 8 50
38 9 48
38 10 44
38 11 19
38 13 30
38 14 27
38 15 19
38 16 24
38 17 5
38 19 31
38 21 41
38 24 25
38 30 1
38 36 19
39 0 18
39 1 45
39 2 9
39 3 17
39 8 34
39 10 44
39 14 37
39 18 5
39 25 28
39 26 19
39 27 3
39 28 10
39 34 23
39 35 10
39 38 28
40 2 22
40 3 23
40 5 20
40 9 12
40 12 39
40 17 5
40 18 49
40 20 34
40 22 36
40 24 7
40 25 30
40 27 50
40 28 8
40 29 18
40 30 8
40 31 48
40 37 41
40 39 21
41 2 16
41 4 46
41 5 35
41 9 14
41 11 28
41 12 45
41 15 51
41 16 27
41 19 20
41 20 21
41 22 21
41 23 44
41 24 10
41 25 26
41 27 47
41 28 23
41 29 28
41 30 24
41 35 51
41 36 2
42 2 19
42 3 6
42 4 8
42 6 46
42 7 34
42 8 7
42 11 37
42 16 6
42 17 3
42 19 7
42 22 8
42 23 17
42 28 3
42 30 18
42 31 1
42 33 20
42 34 7
42 35 46
42 38 40
42 39 38
43 0 22
43 1 24
43 3 48
43 4 24
43 11 48
43 13 39
43 16 3
43 17 47
43 20 40
43 21 12
43 31 22
43 32 13
43 33 48
43 34 4
43 35 39
43 36 19
43 37 12
43 38 25
43 41 12
44 2 51
44 3 14
44 6 38
44 8 5
44 9 1
44 10 18
44 11 40
44 13 17
44 14 37
44 17 26
44 18 29
44 19 51
44 20 16
44 22 16
44 23 13
44 25 46
44 27 41
44 28 6
44 31 37
44 33 48
44 34 18
44 38 45
44 39 14
44 41 14
45 1 25
45 3 27
45 5 35
45 7 25
45 8 20
45 9 48
45 10 3
45 12 30
45 17 18
45 19 44
45 20 31
45 24 38
45 27 24
45 29 43
45 32 1
45 34 28
45 35 19
45 36 8
45 37 30
45 38 2
45 39 11
45 40 30
45 41 41
46 0 37
46 3 3
46 4 7
46 7 20
46 10 10
46 12 9
46 15 27
46 17 23
46 18 44
46 21 51
46 22 7
46 23 42
46 24 10
46 25 30
46 27 1
46 29 7
46 30 4
46 31 50
46 35 48
46 36 6
46 37 21
46 38 26
46 40 18
46 41 25
46 42 7
46 44 11
47 2 46
47 3 2
47 5 24
47 7 15
47 8 45
47 10 45
47 12 32
47 15 36
47 16 6
47 18 31
47 19 2
47 25 2
47 30 33
47 31 3
47 32 49
47 34 6
47 37 22
47 41 34
47 44 30
47 45 49
47 46 11
48 1 15
48 2 19
48 4 43
48 5 21
48 6 19
48 7 2
48 8 23
48 9 39
48 13 47
48 15 44
48 16 41
48 21 9
48 24 11
48 25 18
48 27 40
48 31 12
48 32 13
48 35 11
48 36 2
48 37 44
48 39 11
48 40 51
48 42 50
48 43 40
48 46 12
49 2 19
49 3 46
49 4 27
49 8 51
49 11 46
49 14 17
49 17 51
49 19 26
49 21 42
49 28 6
49 29 13
49 30 8
49 31 18
49 34 35
49 35 10
49 40 7
49 42 22
49 43 5
49 44 18
49 45 6
49 46 42
49 48 46
50 0 31
50 1 26
50 4 33
50 6 10
50 9 35
50 10 14
50 12 20
50 17 6
50 20 48
50 25 8
50 26 24
50 27 5
50 28 12
50 31 6
50 34 7
50 35 49
50 40 7
50 42 31
50 43 6
50 45 37
50 46 18
50 47 18
51 0 42
51 1 42
51 3 31
51 4 30
51 7 20
51 10 16
51 12 1
51 13 43
51 14 44
51 15 29
51 16 34
51 19 19
51 22 17
51 23 22
51 24 13
51 26 34
51 31 34
51 32 29
51 33 47
51 34 27
51 37 33
51 41 49
51 42 32
51 46 13
51 47 25
51 48 11
51 49 19
52 1 5
52 5 18
52 7 14
52 8 44
52 9 39
52 10 42
52 16 48
52 18 12
52 21 44
52 23 3
52 24 14
52 25 31
52 26 22
52 27 27
52 28 34
52 29 27
52 30 29
52 31 42
52 35 42
52 36 37
52 37 48
52 38 18
52 39 42
52 40 25
52 41 8
52 42 28
52 45 45
52 49 25
52 50 41
52 51 3
53 6 46
53 8 11
53 10 5
53 11 25
53 13 32
53 14 15
53 15 32
53 16 44
53 18 35
53 21 3
53 24 10
53 25 34
53 27 30
53 28 17
53 32 13
53 33 12
53 35 19
53 38 50
53 39 40
53 40 18
53 42 21
53 43 41
53 44 43
53 45 5
53 47 41
53 48 8
53 49 26
53 52 33
54 1 37
54 3 27
54 4 46
54 8 40
54 10 26
54 11 29
54 13 18
54 14 25
54 15 1
54 16 18
54 17 9
54 18 31
54 23 39
54 24 43
54 25 28
54 26 20
54 27 14
54 30 37
54 33 34
54 34 34
54 35 10
54 37 11
54 39 23
54 43 16
54 51 28
54 52 6
55 1 51
55 2 18
55 8 46
55 9 16
55 10 42
55 11 27
55 12 35
55 14 33
55 16 18
55 17 12
55 22 14
55 24 17
55 28 13
55 29 7
55 30 32
55 34 13
55 35 19
55 40 9
55 41 38
55 44 46
55 45 39
55 48 8
55 50 31
55 51 50
55 53 27
56 2 1
56 4 33
56 6 2
56 10 21
56 12 21
56 14 46
56 15 16
56 20 35
56 21 47
56 22 8
56 25 48
56 29 43
56 30 17
56 32 8
56 35 7
56 39 26
56 41 28
56 42 10
56 43 47
56 44 18
56 45 1
56 46 49
56 47 47
56 53 17
56 54 30
57 0 35
57 1 47
57 2 12
57 5 15
57 11 5
57 12 45
57 17 16
57 18 22
57 21 38
57 22 14
57 23 19
57 24 32
57 26 37
57 27 31
57 28 34
57 30 1
57 31 36
57 34 10
57 35 2
57 36 50
57 37 41
57 43 32
57 44 38
57 45 15
57 47 9
57 48 29
57 51 30
57 55 2
58 3 22
58 5 48
58 10 17
58 11 27
58 12 32
58 13 5
58 15 29
58 17 43
58 19 17
58 22 6
58 24 11
58 25 24
58 28 50
58 30 4
58 31 31
58 33 2
58 35 19
58 40 40
58 43 31
58 45 39
58 47 33
58 49 12
58 50 37
58 51 41
58 52 10
58 54 30
59 2 16
59 3 49
59 4 9
59 5 13
59 6 42
59 7 33
59 8 29
59 10 33
59 16 19
59 21 37
59 23 25
59 24 14
59 26 28
59 29 38
59 31 13
59 34 28
59 36 26
59 40 32
59 41 51
59 42 25
59 43 35
59 46 47
59 47 35
59 48 4
59 50 28
59 51 29
59 52 42
59 53 15
59 54 2
59 55 10
59 56 41
59 57 41
60 0 7
60 3 12
60 5 22
60 7 27
60 8 51
60 9 35
60 10 17
60 12 44
60 13 25
60 14 46
60 15 22
60 18 45
60 20 18
60 21 20
60 24 10
60 25 3
60 26 35
60 30 16
60 31 30
60 35 50
60 36 41
60 37 33
60 38 43
60 39 35
60 41 33
60 42 3
60 45 40
60 46 25
60 47 24
60 48 9
60 49 37
60 54 49
60 56 18
61 2 12
61 7 33
61 8 7
61 13 9
61 14 8
61 17 31
61 19 24
61 22 40
61 23 29
61 27 5
61 31 4
61 37 47
61 39 35
61 41 43
61 43 27
61 44 40
61 45 31
61 46 31
61 49 24
61 50 24
61 54 47
61 55 48
61 56 21
61 58 23
61 59 25
62 0 51
62 2 1
62 3 39
62 8 25
62 12 25
62 14 47
62 16 14
62 21 40
62 24 19
62 25 47
62 27 33
62 29 24
62 34 41
62 35 22
62 37 35
62 38 30
62 41 12
62 42 40
62 44 36
62 47 50
62 48 46
62 49 5
62 50 28
62 51 2
62 52 26
62 54 31
62 55 39
62 58 30
62 59 19
62 60 2
63 0 14
63 2 45
63 3 36
63 6 18
63 8 2
63 9 18
63 16 6
63 18 13
63 19 32
63 20 6
63 23 37
63 24 18
63 25 11
63 27 29
63 30 14
63 33 17
63 34 5
63 35 46
63 37 30
63 38 13
63 39 3
63 41 51
63 46 16
63 47 10
63 49 11
63 50 13
63 54 15
63 55 21
63 56 42
63 57 46
63 61 47
63 62 15
64 2 43
64 3 20
64 5 28
64 8 10
64 9 30
64 11 21
64 12 13
64 15 25
64 17 10
64 19 11
64 21 41
64 25 40
64 26 3
64 29 45
64 34 35
64 35 1
64 36 28
64 39 15
64 41 26
64 43 37
64 44 11
64 47 27
64 48 14
64 50 3
