50
1 0 2
2 1 5
3 0 17
3 2 11
4 0 18
4 2 15
5 0 2
5 3 15
5 4 7
6 1 18
6 2 12
6 3 19
6 4 9
6 5 7
7 1 1
7 3 16
7 5 2
7 6 14
8 1 10
9 0 12
9 2 11
9 4 4
9 6 6
10 0 2
10 2 4
10 5 14
10 6 15
10 8 17
11 2 11
12 0 13
12 1 5
12 7 6
12 8 19
13 0 5
13 1 6
13 2 3
13 5 11
13 7 15
13 11 12
14 0 15
14 2 9
14 7 4
14 9 1
14 11 15
15 0 16
15 2 17
15 3 18
15 7 15
15 8 21
15 9 6
15 11 18
15 14 14
16 1 11
16 3 19
16 4 1
16 7 20
16 9 6
16 10 9
16 11 9
16 12 9
17 0 5
17 2 13
17 3 13
17 4 17
17 5 12
17 6 16
17 11 13
17 12 20
17 13 1
17 14 11
17 16 10
18 2 7
18 5 4
18 8 8
18 9 17
18 12 6
18 13 13
18 15 7
18 17 13
19 2 10
19 4 5
19 5 16
19 6 17
19 7 1
19 9 4
19 10 8
19 12 17
19 14 1
19 15 9
20 1 11
20 2 18
20 3 20
20 6 6
20 8 5
20 10 3
20 13 11
20 14 17
20 15 4
20 16 3
20 19 14
21 0 14
21 1 1
21 2 20
21 3 15
21 4 14
21 5 11
21 6 10
21 7 17
21 8 7
21 10 6
21 12 14
21 14 4
21 15 21
21 18 9
21 19 5
21 20 4
22 0 15
22 3 21
22 6 12
22 7 12
22 8 20
22 9 15
22 11 7
22 12 3
22 13 13
22 15 3
22 16 14
22 18 18
22 19 1
22 21 12
23 0 15
23 3 15
23 4 10
23 5 4
23 8 20
23 11 8
23 17 20
23 18 20
23 19 2
24 0 9
24 2 12
24 3 11
24 6 12
24 8 7
24 11 2
24 13 19
24 18 14
24 20 12
25 2 10
25 4 17
25 10 10
25 12 3
25 13 7
25 14 8
25 15 16
25 16 1
25 17 16
25 19 3
25 20 6
25 22 9
25 24 1
26 2 19
26 4 15
26 6 18
26 9 13
26 11 11
26 12 10
26 15 10
26 17 3
26 18 7
26 19 7
26 23 20
26 25 6
27 5 17
27 8 19
27 10 5
27 14 9
27 16 14
27 17 14
27 18 3
27 20 4
27 24 16
28 0 7
28 1 8
28 2 18
28 3 16
28 4 11
28 5 11
28 6 17
28 8 9
28 12 12
28 14 1
28 16 7
28 17 21
28 22 4
28 23 12
28 24 11
28 25 6
28 26 13
28 27 1
29 0 5
29 2 7
29 4 17
29 5 14
29 7 4
29 8 13
29 10 3
29 17 21
29 19 11
29 22 16
29 24 5
29 25 12
30 0 9
30 2 21
30 5 13
30 6 12
30 7 18
30 8 21
30 9 2
30 10 4
30 11 16
30 13 20
30 14 3
30 15 21
30 18 20
30 19 19
30 20 19
30 23 12
30 25 17
30 26 15
30 27 20
30 28 7
31 0 4
31 2 10
31 6 3
31 7 14
31 9 15
31 10 5
31 11 7
31 12 1
31 15 15
31 17 10
31 18 9
31 20 11
31 21 12
31 23 14
31 25 6
31 27 15
31 28 19
31 30 16
32 0 11
32 1 17
32 4 18
32 6 21
32 7 10
32 8 14
32 9 18
32 10 1
32 11 8
32 12 3
32 15 19
32 19 5
32 20 7
32 22 3
32 24 15
33 0 3
33 3 15
33 4 5
33 12 16
33 13 7
33 15 17
33 18 20
33 20 15
33 21 8
33 22 9
33 23 17
33 27 12
33 28 7
33 31 9
33 32 11
34 0 7
34 2 9
34 4 14
34 5 21
34 6 14
34 7 2
34 9 7
34 11 21
34 12 3
34 14 19
34 19 3
34 21 5
34 24 20
34 27 11
34 30 9
34 33 17
35 1 14
35 2 9
35 3 11
35 4 10
35 7 17
35 9 1
35 10 12
35 11 11
35 12 3
35 13 17
35 15 7
35 16 15
35 18 2
35 22 10
35 25 10
35 26 2
35 28 4
35 29 18
35 30 20
35 31 5
35 33 11
35 34 19
36 5 7
36 6 7
36 10 11
36 11 13
36 12 14
36 13 14
36 16 19
36 17 13
36 18 4
36 21 9
36 23 1
36 25 18
36 27 15
36 28 21
36 29 10
36 32 4
36 34 21
36 35 2
37 0 15
37 4 21
37 5 20
37 9 1
37 12 6
37 13 9
37 17 2
37 18 21
37 19 15
37 20 12
37 24 9
37 25 1
37 26 13
37 27 4
37 29 3
37 30 16
37 32 16
37 33 16
37 34 18
38 0 20
38 1 14
38 3 21
38 5 4
38 6 7
38 7 6
38 9 12
38 10 15
38 11 3
38 12 21
38 14 17
38 17 14
38 18 16
38 19 10
38 20 10
38 21 9
38 22 5
38 23 13
38 24 17
38 25 10
38 26 3
38 27 8
38 31 12
38 35 9
38 36 19
38 37 6
39 0 8
39 1 13
39 2 9
39 3 12
39 5 1
39 6 17
39 10 2
39 15 14
39 18 13
39 19 14
39 20 3
39 22 9
39 25 7
39 26 14
39 28 18
39 32 20
39 33 9
39 37 15
39 38 13
40 1 16
40 5 21
40 8 19
40 9 12
40 10 6
40 11 10
40 13 15
40 14 11
40 15 20
40 16 13
40 20 1
40 22 8
40 25 14
40 26 11
40 27 6
40 28 7
40 30 18
40 32 1
40 38 19
40 39 2
41 4 16
41 6 2
41 7 7
41 8 6
41 12 19
41 15 5
41 17 17
41 20 4
41 22 2
41 25 11
41 27 4
41 28 6
41 29 18
41 32 5
41 35 6
41 36 10
41 38 12
42 0 19
42 2 18
42 5 15
42 8 5
42 10 7
42 12 12
42 15 4
42 16 18
42 17 13
42 18 17
42 19 6
42 21 21
42 23 15
42 24 20
42 25 8
42 28 6
42 30 15
42 32 11
42 33 11
42 34 3
42 35 19
42 37 5
42 39 2
42 40 14
42 41 4
43 0 9
43 3 4
43 4 19
43 5 8
43 9 16
43 12 2
43 17 3
43 18 21
43 19 13
43 22 14
43 24 16
43 26 12
43 27 1
43 30 16
43 31 10
43 33 1
43 34 20
43 35 12
43 36 16
43 37 16
43 39 11
43 42 1
44 0 7
44 4 6
44 5 13
44 13 5
44 14 19
44 15 10
44 16 16
44 21 4
44 22 2
44 23 21
44 24 2
44 25 2
44 26 18
44 32 21
44 34 10
44 43 20
45 3 15
45 4 4
45 5 7
45 8 4
45 9 8
45 10 19
45 12 17
45 13 13
45 15 3
45 20 13
45 21 14
45 23 6
45 26 10
45 27 2
45 28 2
45 32 4
45 33 17
45 37 21
45 41 20
45 42 4
45 43 16
45 44 2
46 1 4
46 2 7
46 3 7
46 4 15
46 5 3
46 6 16
46 11 2
46 14 11
46 18 10
46 19 20
46 23 9
46 24 4
46 27 13
46 31 15
46 32 13
46 34 20
46 35 19
46 37 18
46 41 4
46 44 13
46 45 15
47 0 10
47 1 6
47 3 8
47 7 18
47 10 8
47 12 21
47 13 14
47 16 10
47 18 19
47 19 8
47 21 16
47 23 15
47 25 7
47 27 21
47 28 7
47 30 10
47 31 6
47 32 20
47 35 21
47 36 1
47 37 3
47 38 12
47 39 2
47 41 10
47 42 20
48 0 3
48 2 12
48 3 3
48 7 7
48 8 21
48 9 18
48 12 9
48 14 20
48 16 11
48 18 18
48 19 12
48 20 8
48 21 15
48 23 7
48 24 10
48 25 16
48 27 11
48 28 10
48 33 16
48 35 12
48 37 7
48 42 21
48 43 8
49 0 11
49 2 9
49 3 11
49 5 18
49 7 10
49 10 6
49 11 17
49 12 2
49 15 16
49 16 9
49 18 9
49 20 6
49 25 9
49 26 8
49 27 13
49 28 11
49 31 7
49 33 14
49 34 13
49 37 14
49 38 14
49 39 7
49 40 3
49 41 5
49 43 1
49 45 1
49 46 4
49 47 1
49 48 21
