61
1 0 7
2 0 3
2 1 5
3 0 6
3 1 31
3 2 7
4 0 12
4 1 17
4 2 22
4 3 13
5 0 32
5 1 32
5 2 26
5 3 14
5 4 17
6 0 7
6 1 26
6 2 21
6 3 1
6 4 13
6 5 32
7 0 5
7 1 17
7 2 16
7 3 4
7 4 30
7 5 31
7 6 25
8 0 8
8 1 11
8 2 24
8 3 5
8 4 16
8 5 20
8 6 29
8 7 16
9 0 32
9 1 5
9 2 27
9 3 25
9 4 3
9 5 30
9 6 17
9 7 12
9 8 22
10 0 23
10 1 21
10 2 32
10 3 26
10 4 5
10 5 27
10 6 23
10 7 29
10 8 12
10 9 2
11 0 24
11 1 22
11 2 3
11 3 7
11 4 2
11 5 18
11 6 31
11 7 24
11 8 7
11 9 13
11 10 9
12 0 11
12 1 9
12 2 27
12 3 19
12 4 9
12 5 20
12 6 5
12 7 9
12 8 31
12 9 14
12 10 32
12 11 2
13 0 28
13 1 3
13 2 14
13 3 26
13 4 15
13 5 6
13 6 6
13 7 10
13 8 14
13 9 26
13 10 3
13 11 31
13 12 29
14 0 25
14 1 4
14 2 6
14 3 15
14 4 21
14 5 15
14 6 8
14 7 11
14 8 15
14 9 18
14 10 4
14 11 3
14 12 5
14 13 25
15 0 25
15 1 12
15 2 26
15 3 26
15 4 19
15 5 30
15 6 20
15 7 15
15 8 2
15 9 28
15 10 11
15 11 3
15 12 4
15 13 12
15 14 27
16 0 27
16 1 11
16 2 7
16 3 27
16 4 23
16 5 32
16 6 8
16 7 27
16 8 31
16 9 5
16 10 17
16 11 6
16 12 7
16 13 26
16 14 9
16 15 9
17 0 9
17 1 16
17 2 14
17 3 28
17 4 13
17 5 22
17 6 25
17 7 25
17 8 27
17 9 16
17 10 24
17 11 2
17 12 8
17 13 3
17 14 4
17 15 5
17 16 14
18 0 15
18 1 29
18 2 7
18 3 27
18 4 14
18 5 16
18 6 12
18 7 27
18 8 10
18 9 5
18 10 6
18 11 25
18 12 16
18 13 11
18 14 6
18 15 15
18 16 20
18 17 15
19 0 6
19 1 5
19 2 10
19 3 9
19 4 3
19 5 25
19 6 3
19 7 12
19 8 2
19 9 23
19 10 30
19 11 14
19 12 16
19 13 3
19 14 9
19 15 10
19 16 7
19 17 18
19 18 27
20 0 17
20 1 10
20 2 21
20 3 6
20 4 32
20 5 8
20 6 4
20 7 7
20 8 7
20 9 27
20 10 12
20 11 27
20 12 12
20 13 32
20 14 19
20 15 17
20 16 5
20 17 29
20 18 12
20 19 20
21 0 18
21 1 8
21 2 26
21 3 11
21 4 12
21 5 18
21 6 30
21 7 2
21 8 9
21 9 2
21 10 16
21 11 12
21 12 17
21 13 28
21 14 12
21 15 28
21 16 10
21 17 19
21 18 24
21 19 20
21 20 5
22 0 7
22 1 11
22 2 23
22 3 13
22 4 18
22 5 3
22 6 28
22 7 32
22 8 24
22 9 25
22 10 8
22 11 16
22 12 8
22 13 2
22 14 10
22 15 12
22 16 9
22 17 23
22 18 18
22 19 2
22 20 6
22 21 21
23 0 9
23 1 13
23 2 19
23 3 16
23 4 11
23 5 23
23 6 8
23 7 27
23 8 12
23 9 20
23 10 29
23 11 24
23 12 7
23 13 7
23 14 17
23 15 1
23 16 25
23 17 2
23 18 26
23 19 31
23 20 24
23 21 23
23 22 20
24 0 32
24 1 17
24 2 29
24 3 12
24 4 24
24 5 22
24 6 6
24 7 20
24 8 10
24 9 13
24 10 24
24 11 26
24 12 24
24 13 32
24 14 3
24 15 16
24 16 6
24 17 18
24 18 7
24 19 11
24 20 3
24 21 30
24 22 22
24 23 16
25 0 14
25 1 27
25 2 7
25 3 8
25 4 21
25 5 30
25 6 29
25 7 16
25 8 9
25 9 27
25 10 20
25 11 21
25 12 28
25 13 23
25 14 9
25 15 15
25 16 3
25 17 19
25 18 22
25 19 6
25 20 2
25 21 1
25 22 18
25 23 10
25 24 29
26 0 4
26 1 18
26 2 9
26 3 24
26 4 21
26 5 27
26 6 7
26 7 1
26 8 15
26 9 27
26 10 23
26 11 9
26 12 6
26 13 31
26 14 23
26 15 11
26 16 20
26 17 6
26 18 16
26 19 8
26 20 23
26 21 8
26 22 11
26 23 19
26 24 3
26 25 27
27 0 29
27 1 16
27 2 23
27 3 6
27 4 20
27 5 18
27 6 7
27 7 9
27 8 9
27 9 31
27 10 22
27 11 24
27 12 4
27 13 7
27 14 2
27 15 24
27 16 21
27 17 24
27 18 21
27 19 26
27 20 16
27 21 18
27 22 5
27 23 3
27 24 4
27 25 12
27 26 3
28 0 29
28 1 20
28 2 18
28 3 29
28 4 6
28 5 7
28 6 6
28 7 3
28 8 4
28 9 30
28 10 30
28 11 21
28 12 25
28 13 30
28 14 23
28 15 8
28 16 15
28 17 24
28 18 24
28 19 19
28 20 3
28 21 22
28 22 18
28 23 30
28 24 8
28 25 21
28 26 29
28 27 4
29 0 21
29 1 6
29 2 32
29 3 25
29 4 31
29 5 32
29 6 22
29 7 7
29 8 31
29 9 28
29 10 4
29 11 1
29 12 14
29 13 17
29 14 2
29 15 9
29 16 8
29 17 14
29 18 21
29 19 32
29 20 30
29 21 1
29 22 28
29 23 28
29 24 6
29 25 7
29 26 16
29 27 7
29 28 31
30 0 3
30 1 1
30 2 29
30 3 30
30 4 1
30 5 30
30 6 28
30 7 2
30 8 27
30 9 13
30 10 27
30 11 21
30 12 12
30 13 5
30 14 29
30 15 29
30 16 1
30 17 29
30 18 13
30 19 18
30 20 31
30 21 32
30 22 7
30 23 27
30 24 28
30 25 4
30 26 1
30 27 19
30 28 18
30 29 24
31 0 26
31 1 13
31 2 6
31 3 4
31 4 2
31 5 19
31 6 6
31 7 32
31 8 28
31 9 13
31 10 19
31 11 1
31 12 20
31 13 25
31 14 18
31 15 30
31 16 28
31 17 2
31 18 22
31 19 17
31 20 7
31 21 4
31 22 32
31 23 14
31 24 15
31 25 18
31 26 11
31 27 6
31 28 31
31 29 27
31 30 19
32 0 18
32 1 18
32 2 22
32 3 8
32 4 25
32 5 24
32 6 24
32 7 24
32 8 30
32 9 5
32 10 32
32 11 6
32 12 15
32 13 25
32 14 29
32 15 28
32 16 22
32 17 10
32 18 3
32 19 28
32 20 27
32 21 3
32 22 27
32 23 26
32 24 1
32 25 27
32 26 2
32 27 10
32 28 30
32 29 20
32 30 14
32 31 32
33 0 12
33 1 7
33 2 14
33 3 24
33 4 30
33 5 2
33 6 2
33 7 23
33 8 12
33 9 12
33 10 11
33 11 14
33 12 6
33 13 13
33 14 14
33 15 28
33 16 8
33 17 6
33 18 20
33 19 13
33 20 18
33 21 7
33 22 1
33 23 25
33 24 4
33 25 12
33 26 26
33 27 21
33 28 7
33 29 16
33 30 24
33 31 24
33 32 20
34 0 30
34 1 27
34 2 1
34 3 27
34 4 15
34 5 14
34 6 17
34 7 19
34 8 27
34 9 9
34 10 13
34 11 6
34 12 25
34 13 22
34 14 18
34 15 27
34 16 18
34 17 24
34 18 3
34 19 4
34 20 24
34 21 7
34 22 30
34 23 7
34 24 17
34 25 23
34 26 26
34 27 27
34 28 2
34 29 29
34 30 16
34 31 22
34 32 14
34 33 13
35 0 12
35 1 26
35 2 7
35 3 2
35 4 12
35 5 19
35 6 32
35 7 5
35 8 32
35 9 25
35 10 26
35 11 18
35 12 26
35 13 5
35 14 29
35 15 28
35 16 30
35 17 16
35 18 12
35 19 6
35 20 9
35 21 31
35 22 16
35 23 28
35 24 2
35 25 13
35 26 1
35 27 22
35 28 30
35 29 21
35 30 24
35 31 29
35 32 21
35 33 8
35 34 25
36 0 9
36 1 20
36 2 27
36 3 22
36 4 17
36 5 2
36 6 20
36 7 15
36 8 24
36 9 25
36 10 3
36 11 17
36 12 22
36 13 24
36 14 7
36 15 21
36 16 26
36 17 4
36 18 31
36 19 24
36 20 24
36 21 3
36 22 9
36 23 30
36 24 17
36 25 10
36 26 16
36 27 11
36 28 10
36 29 21
36 30 17
36 31 5
36 32 16
36 33 8
36 34 12
36 35 25
37 0 2
37 1 2
37 2 16
37 3 5
37 4 10
37 5 12
37 6 24
37 7 30
37 8 32
37 9 11
37 10 9
37 11 16
37 12 31
37 13 22
37 14 25
37 15 10
37 16 26
37 17 7
37 18 15
37 19 16
37 20 7
37 21 24
37 22 22
37 23 22
37 24 25
37 25 16
37 26 29
37 27 15
37 28 32
37 29 6
37 30 14
37 31 10
37 32 17
37 33 12
37 34 12
37 35 6
37 36 27
38 0 16
38 1 9
38 2 12
38 3 19
38 4 7
38 5 29
38 6 13
38 7 15
38 8 10
38 9 25
38 10 5
38 11 19
38 12 30
38 13 18
38 14 28
38 15 2
38 16 20
38 17 10
38 18 20
38 19 11
38 20 31
38 21 14
38 22 4
38 23 1
38 24 26
38 25 22
38 26 4
38 27 25
38 28 22
38 29 4
38 30 2
38 31 8
38 32 22
38 33 30
38 34 3
38 35 11
38 36 20
38 37 20
39 0 5
39 1 27
39 2 31
39 3 31
39 4 25
39 5 18
39 6 8
39 7 17
39 8 8
39 9 19
39 10 2
39 11 28
39 12 21
39 13 1
39 14 32
39 15 25
39 16 13
39 17 18
39 18 10
39 19 28
39 20 4
39 21 12
39 22 13
39 23 20
39 24 31
39 25 22
39 26 8
39 27 23
39 28 27
39 29 29
39 30 10
39 31 3
39 32 28
39 33 16
39 34 19
39 35 3
39 36 14
39 37 2
39 38 3
40 0 26
40 1 7
40 2 17
40 3 10
40 4 9
40 5 19
40 6 21
40 7 5
40 8 10
40 9 25
40 10 8
40 11 1
40 12 27
40 13 25
40 14 26
40 15 4
40 16 17
40 17 6
40 18 16
40 19 28
40 20 18
40 21 8
40 22 22
40 23 21
40 24 31
40 25 24
40 26 12
40 27 21
40 28 11
40 29 18
40 30 4
40 31 25
40 32 32
40 33 3
40 34 25
40 35 4
40 36 20
40 37 24
40 38 24
40 39 26
41 0 24
41 1 14
41 2 12
41 3 1
41 4 14
41 5 14
41 6 6
41 7 30
41 8 6
41 9 14
41 10 2
41 11 1
41 12 1
41 13 5
41 14 27
41 15 7
41 16 30
41 17 7
41 18 31
41 19 10
41 20 14
41 21 11
41 22 14
41 23 10
41 24 31
41 25 13
41 26 7
41 27 5
41 28 7
41 29 13
41 30 15
41 31 26
41 32 11
41 33 14
41 34 20
41 35 10
41 36 11
41 37 28
41 38 10
41 39 30
41 40 21
42 0 13
42 1 22
42 2 8
42 3 11
42 4 6
42 5 2
42 6 4
42 7 14
42 8 16
42 9 8
42 10 2
42 11 10
42 12 28
42 13 10
42 14 30
42 15 20
42 16 7
42 17 19
42 18 14
42 19 12
42 20 9
42 21 18
42 22 21
42 23 19
42 24 14
42 25 6
42 26 12
42 27 4
42 28 14
42 29 12
42 30 17
42 31 14
42 32 31
42 33 19
42 34 19
42 35 9
42 36 31
42 37 16
42 38 15
42 39 25
42 40 28
42 41 16
43 0 30
43 1 9
43 2 26
43 3 13
43 4 12
43 5 28
43 6 21
43 7 18
43 8 23
43 9 16
43 10 27
43 11 3
43 12 3
43 13 8
43 14 28
43 15 15
43 16 16
43 17 32
43 18 26
43 19 3
43 20 29
43 21 17
43 22 24
43 23 27
43 24 2
43 25 30
43 26 23
43 27 23
43 28 21
43 29 27
43 30 10
43 31 9
43 32 5
43 33 24
43 34 18
43 35 28
43 36 11
43 37 16
43 38 6
43 39 15
43 40 29
43 41 25
43 42 26
44 0 19
44 1 12
44 2 5
44 3 14
44 4 4
44 5 8
44 6 26
44 7 4
44 8 14
44 9 15
44 10 9
44 11 16
44 12 2
44 13 2
44 14 29
44 15 14
44 16 21
44 17 31
44 18 6
44 19 19
44 20 11
44 21 7
44 22 7
44 23 26
44 24 3
44 25 32
44 26 4
44 27 5
44 28 11
44 29 13
44 30 8
44 31 16
44 32 26
44 33 26
44 34 6
44 35 14
44 36 30
44 37 26
44 38 29
44 39 14
44 40 21
44 41 4
44 42 10
44 43 14
45 0 17
45 1 23
45 2 28
45 3 18
45 4 12
45 5 25
45 6 24
45 7 31
45 8 13
45 9 19
45 10 4
45 11 31
45 12 18
45 13 6
45 14 1
45 15 2
45 16 21
45 17 21
45 18 20
45 19 5
45 20 21
45 21 32
45 22 5
45 23 10
45 24 21
45 25 17
45 26 2
45 27 10
45 28 4
45 29 26
45 30 10
45 31 22
45 32 3
45 33 9
45 34 24
45 35 6
45 36 1
45 37 3
45 38 30
45 39 12
45 40 10
45 41 32
45 42 25
45 43 15
45 44 32
46 0 32
46 1 6
46 2 1
46 3 15
46 4 13
46 5 6
46 6 19
46 7 2
46 8 13
46 9 24
46 10 31
46 11 2
46 12 2
46 13 12
46 14 29
46 15 7
46 16 27
46 17 5
46 18 24
46 19 28
46 20 20
46 21 16
46 22 16
46 23 28
46 24 28
46 25 13
46 26 32
46 27 21
46 28 25
46 29 10
46 30 6
46 31 32
46 32 3
46 33 31
46 34 8
46 35 4
46 36 6
46 37 26
46 38 10
46 39 31
46 40 20
46 41 10
46 42 4
46 43 21
46 44 1
46 45 6
47 0 22
47 1 9
47 2 11
47 3 19
47 4 27
47 5 13
47 6 18
47 7 2
47 8 8
47 9 2
47 10 16
47 11 1
47 12 17
47 13 28
47 14 12
47 15 17
47 16 29
47 17 4
47 18 5
47 19 11
47 20 9
47 21 7
47 22 24
47 23 22
47 24 4
47 25 8
47 26 30
47 27 31
47 28 28
47 29 24
47 30 11
47 31 1
47 32 21
47 33 19
47 34 20
47 35 11
47 36 9
47 37 12
47 38 9
47 39 7
47 40 6
47 41 17
47 42 5
47 43 24
47 44 23
47 45 4
47 46 24
48 0 27
48 1 24
48 2 23
48 3 7
48 4 14
48 5 18
48 6 17
48 7 11
48 8 13
48 9 15
48 10 14
48 11 17
48 12 10
48 13 30
48 14 9
48 15 17
48 16 12
48 17 27
48 18 1
48 19 21
48 20 28
48 21 30
48 22 21
48 23 27
48 24 16
48 25 9
48 26 31
48 27 8
48 28 19
48 29 21
48 30 5
48 31 21
48 32 4
48 33 16
48 34 28
48 35 7
48 36 23
48 37 25
48 38 31
48 39 8
48 40 24
48 41 26
48 42 27
48 43 4
48 44 13
48 45 4
48 46 25
48 47 9
49 0 24
49 1 19
49 2 10
49 3 11
49 4 9
49 5 21
49 6 3
49 7 11
49 8 6
49 9 10
49 10 26
49 11 25
49 12 15
49 13 7
49 14 5
49 15 7
49 16 21
49 17 31
49 18 8
49 19 8
49 20 25
49 21 8
49 22 12
49 23 6
49 24 20
49 25 4
49 26 12
49 27 4
49 28 23
49 29 26
49 30 5
49 31 23
49 32 16
49 33 5
49 34 20
49 35 2
49 36 12
49 37 19
49 38 16
49 39 19
49 40 2
49 41 8
49 42 28
49 43 26
49 44 2
49 45 19
49 46 26
49 47 8
49 48 3
50 0 18
50 1 2
50 2 32
50 3 9
50 4 12
50 5 15
50 6 19
50 7 1
50 8 4
50 9 14
50 10 8
50 11 1
50 12 6
50 13 25
50 14 29
50 15 23
50 16 28
50 17 20
50 18 32
50 19 12
50 20 23
50 21 18
50 22 11
50 23 16
50 24 17
50 25 18
50 26 25
50 27 29
50 28 14
50 29 3
50 30 22
50 31 9
50 32 19
50 33 30
50 34 9
50 35 26
50 36 32
50 37 25
50 38 6
50 39 27
50 40 29
50 41 25
50 42 28
50 43 6
50 44 28
50 45 6
50 46 8
50 47 7
50 48 27
50 49 14
51 0 19
51 1 32
51 2 3
51 3 19
51 4 27
51 5 6
51 6 22
51 7 19
51 8 32
51 9 2
51 10 17
51 11 6
51 12 28
51 13 5
51 14 20
51 15 29
51 16 10
51 17 27
51 18 26
51 19 19
51 20 8
51 21 28
51 22 6
51 23 18
51 24 11
51 25 8
51 26 3
51 27 7
51 28 24
51 29 11
51 30 2
51 31 13
51 32 30
51 33 6
51 34 14
51 35 24
51 36 3
51 37 6
51 38 16
51 39 30
51 40 32
51 41 5
51 42 1
51 43 13
51 44 7
51 45 24
51 46 1
51 47 5
51 48 2
51 49 19
51 50 26
52 0 24
52 1 3
52 2 18
52 3 24
52 4 4
52 5 15
52 6 6
52 7 9
52 8 22
52 9 22
52 10 31
52 11 1
52 12 3
52 13 5
52 14 6
52 15 13
52 16 19
52 17 9
52 18 23
52 19 19
52 20 25
52 21 1
52 22 11
52 23 30
52 24 5
52 25 12
52 26 31
52 27 8
52 28 4
52 29 29
52 30 32
52 31 23
52 32 18
52 33 16
52 34 6
52 35 29
52 36 29
52 37 29
52 38 31
52 39 11
52 40 16
52 41 23
52 42 10
52 43 1
52 44 6
52 45 25
52 46 11
52 47 1
52 48 7
52 49 10
52 50 4
52 51 25
53 0 12
53 1 9
53 2 1
53 3 15
53 4 24
53 5 23
53 6 19
53 7 10
53 8 6
53 9 24
53 10 17
53 11 8
53 12 27
53 13 32
53 14 14
53 15 25
53 16 14
53 17 21
53 18 9
53 19 7
53 20 11
53 21 18
53 22 30
53 23 20
53 24 12
53 25 8
53 26 32
53 27 4
53 28 3
53 29 1
53 30 27
53 31 14
53 32 30
53 33 16
53 34 30
53 35 16
53 36 10
53 37 25
53 38 5
53 39 4
53 40 25
53 41 19
53 42 7
53 43 22
53 44 23
53 45 15
53 46 19
53 47 28
53 48 5
53 49 7
53 50 18
53 51 3
53 52 26
54 0 7
54 1 20
54 2 32
54 3 7
54 4 10
54 5 15
54 6 25
54 7 30
54 8 27
54 9 4
54 10 30
54 11 19
54 12 8
54 13 32
54 14 31
54 15 26
54 16 20
54 17 28
54 18 1
54 19 6
54 20 31
54 21 13
54 22 5
54 23 17
54 24 10
54 25 8
54 26 11
54 27 11
54 28 11
54 29 28
54 30 30
54 31 5
54 32 12
54 33 5
54 34 14
54 35 7
54 36 9
54 37 32
54 38 18
54 39 22
54 40 28
54 41 6
54 42 4
54 43 9
54 44 12
54 45 4
54 46 8
54 47 25
54 48 10
54 49 15
54 50 2
54 51 14
54 52 7
54 53 25
55 0 4
55 1 24
55 2 2
55 3 10
55 4 14
55 5 2
55 6 4
55 7 26
55 8 29
55 9 8
55 10 32
55 11 15
55 12 20
55 13 15
55 14 20
55 15 14
55 16 5
55 17 12
55 18 20
55 19 28
55 20 17
55 21 21
55 22 14
55 23 9
55 24 20
55 25 13
55 26 7
55 27 6
55 28 13
55 29 10
55 30 31
55 31 9
55 32 26
55 33 30
55 34 22
55 35 29
55 36 31
55 37 31
55 38 19
55 39 13
55 40 22
55 41 16
55 42 17
55 43 11
55 44 4
55 45 25
55 46 10
55 47 13
55 48 19
55 49 1
55 50 4
55 51 24
55 52 2
55 53 29
55 54 32
56 0 9
56 1 17
56 2 11
56 3 14
56 4 19
56 5 28
56 6 2
56 7 18
56 8 27
56 9 16
56 10 17
56 11 1
56 12 9
56 13 21
56 14 13
56 15 2
56 16 32
56 17 30
56 18 25
56 19 13
56 20 13
56 21 25
56 22 15
56 23 3
56 24 1
56 25 25
56 26 18
56 27 19
56 28 29
56 29 3
56 30 28
56 31 8
56 32 24
56 33 7
56 34 17
56 35 11
56 36 20
56 37 8
56 38 18
56 39 13
56 40 18
56 41 31
56 42 29
56 43 6
56 44 18
56 45 16
56 46 1
56 47 18
56 48 7
56 49 24
56 50 6
56 51 12
56 52 1
56 53 4
56 54 11
56 55 5
57 0 32
57 1 27
57 2 22
57 3 21
57 4 30
57 5 5
57 6 23
57 7 4
57 8 2
57 9 29
57 10 11
57 11 25
57 12 10
57 13 20
57 14 32
57 15 14
57 16 11
57 17 1
57 18 6
57 19 30
57 20 31
57 21 9
57 22 1
57 23 5
57 24 27
57 25 30
57 26 6
57 27 2
57 28 6
57 29 24
57 30 17
57 31 10
57 32 8
57 33 17
57 34 29
57 35 27
57 36 24
57 37 4
57 38 30
57 39 32
57 40 3
57 41 12
57 42 8
57 43 20
57 44 27
57 45 30
57 46 29
57 47 16
57 48 32
57 49 24
57 50 3
57 51 5
57 52 14
57 53 30
57 54 25
57 55 17
57 56 22
58 0 16
58 1 10
58 2 7
58 3 16
58 4 25
58 5 13
58 6 15
58 7 5
58 8 19
58 9 9
58 10 31
58 11 18
58 12 24
58 13 10
58 14 28
58 15 11
58 16 8
58 17 26
58 18 4
58 19 12
58 20 10
58 21 2
58 22 22
58 23 1
58 24 30
58 25 2
58 26 6
58 27 20
58 28 28
58 29 28
58 30 5
58 31 17
58 32 3
58 33 6
58 34 6
58 35 28
58 36 7
58 37 18
58 38 4
58 39 4
58 40 9
58 41 13
58 42 15
58 43 24
58 44 1
58 45 24
58 46 28
58 47 20
58 48 16
58 49 22
58 50 10
58 51 31
58 52 16
58 53 10
58 54 29
58 55 22
58 56 21
58 57 28
59 0 8
59 1 28
59 2 16
59 3 32
59 4 30
59 5 2
59 6 10
59 7 12
59 8 9
59 9 25
59 10 10
59 11 20
59 12 19
59 13 25
59 14 23
59 15 10
59 16 1
59 17 26
59 18 21
59 19 7
59 20 21
59 21 4
59 22 24
59 23 12
59 24 16
59 25 18
59 26 6
59 27 16
59 28 4
59 29 19
59 30 12
59 31 24
59 32 30
59 33 1
59 34 20
59 35 27
59 36 14
59 37 23
59 38 6
59 39 10
59 40 10
59 41 25
59 42 4
59 43 7
59 44 20
59 45 24
59 46 7
59 47 14
59 48 22
59 49 7
59 50 10
59 51 19
59 52 28
59 53 10
59 54 24
59 55 6
59 56 14
59 57 22
59 58 16
60 0 17
60 1 28
60 2 1
60 3 20
60 4 9
60 5 15
60 6 13
60 7 23
60 8 1
60 9 11
60 10 19
60 11 19
60 12 7
60 13 25
60 14 24
60 15 24
60 16 27
60 17 20
60 18 15
60 19 26
60 20 13
60 21 14
60 22 9
60 23 7
60 24 21
60 25 14
60 26 24
60 27 26
60 28 7
60 29 3
60 30 21
60 31 15
60 32 32
60 33 19
60 34 15
60 35 10
60 36 4
60 37 7
60 38 21
60 39 15
60 40 31
60 41 30
60 42 15
60 43 17
60 44 32
60 45 15
60 46 16
60 47 26
60 48 26
60 49 6
60 50 10
60 51 19
60 52 32
60 53 22
60 54 8
60 55 12
60 56 32
60 57 32
60 58 32
60 59 4
