40
1 0 1
2 0 4
2 1 7
5 1 6
5 2 16
6 0 1
6 1 15
6 2 21
6 3 7
6 5 16
7 0 9
7 1 21
7 2 4
7 3 11
7 5 7
7 6 15
8 1 12
8 3 7
8 5 16
8 6 16
8 7 19
9 2 15
9 3 2
9 6 5
9 8 19
10 1 20
10 3 1
10 4 13
10 5 6
10 6 20
10 7 21
10 8 12
11 3 4
11 6 18
12 0 14
12 2 12
12 4 12
12 5 21
12 10 5
12 11 9
13 0 5
13 1 20
13 3 12
13 5 1
13 6 14
13 8 13
13 10 9
13 11 17
13 12 5
14 0 13
14 3 11
14 5 1
14 6 2
14 8 18
14 9 21
14 10 5
14 11 6
14 12 17
14 13 1
15 0 15
15 6 1
15 9 17
15 12 21
15 13 16
16 2 13
16 3 20
16 8 9
16 15 19
17 3 13
17 4 17
17 5 7
17 8 13
17 9 13
17 10 9
17 12 19
18 2 12
18 4 13
18 5 19
18 11 13
18 12 17
18 14 9
19 1 17
19 3 11
19 4 8
19 5 17
19 6 9
19 7 12
19 9 21
19 10 16
19 12 19
19 13 4
19 14 13
20 7 6
20 13 1
20 15 2
20 18 3
20 19 12
21 1 4
21 3 17
21 5 20
21 6 2
21 8 8
21 9 14
21 10 4
21 12 13
21 16 4
21 17 7
21 19 1
22 6 6
22 7 2
22 17 8
22 18 21
22 19 3
22 21 16
23 1 11
23 2 1
23 8 15
23 12 17
23 14 16
23 16 13
23 17 4
23 20 14
23 22 1
24 1 5
24 3 1
24 4 10
24 5 9
24 6 16
24 7 1
24 10 2
24 12 10
24 14 21
24 15 9
24 23 8
25 0 20
25 1 18
25 4 9
25 5 19
25 8 2
25 9 5
25 14 2
25 15 17
25 16 9
25 17 8
25 18 11
25 19 4
26 1 21
26 4 2
26 5 5
26 7 7
26 9 13
26 10 5
26 11 12
26 12 18
26 15 4
26 18 15
26 19 2
26 22 20
26 25 16
27 2 20
27 6 1
27 9 17
27 10 5
27 15 17
27 17 19
27 19 4
27 20 10
27 21 6
27 22 14
27 23 13
27 24 20
27 25 3
27 26 1
28 0 21
28 1 8
28 2 18
28 4 17
28 6 20
28 7 3
28 11 4
28 12 17
28 17 11
28 19 1
28 20 8
28 22 6
28 25 19
29 0 16
29 1 7
29 4 5
29 5 7
29 7 16
29 9 20
29 12 2
29 13 20
29 17 13
29 18 17
29 20 20
29 22 1
29 24 15
29 25 7
29 27 20
30 2 13
30 3 15
30 4 18
30 5 4
30 7 3
30 8 11
30 11 7
30 12 9
30 16 3
30 17 6
30 19 21
30 22 11
30 24 2
30 27 5
30 28 20
30 29 6
31 0 1
31 1 21
31 2 12
31 4 21
31 7 17
31 10 7
31 11 1
31 12 19
31 14 13
31 17 18
31 18 21
31 19 8
31 21 11
31 25 18
31 26 1
31 28 4
31 29 4
32 4 12
32 5 17
32 6 8
32 7 1
32 8 19
32 10 13
32 11 12
32 12 19
32 13 13
32 15 1
32 17 21
32 18 8
32 20 5
32 21 7
32 24 2
32 25 4
32 27 3
32 29 16
32 30 17
32 31 2
33 2 15
33 3 8
33 5 7
33 6 18
33 8 19
33 11 20
33 12 20
33 19 14
33 20 1
33 23 1
33 24 10
33 25 11
33 26 18
33 27 3
34 0 21
34 1 21
34 2 1
34 3 18
34 4 1
34 7 6
34 8 18
34 11 4
34 14 12
34 19 20
34 20 2
34 23 20
34 25 14
34 27 16
34 33 8
35 0 2
35 1 11
35 3 9
35 6 4
35 7 11
35 12 4
35 14 9
35 17 2
35 20 14
35 21 16
35 22 12
35 25 20
35 27 19
35 28 11
35 29 11
35 30 7
35 32 4
35 33 8
35 34 2
36 0 13
36 1 10
36 2 7
36 9 5
36 10 18
36 11 16
36 12 2
36 13 16
36 19 15
36 21 4
36 22 3
36 23 11
36 26 5
36 27 8
36 28 11
37 0 19
37 8 3
37 11 6
37 12 8
37 13 15
37 15 9
37 16 20
37 17 6
37 18 19
37 19 16
37 20 1
37 21 2
37 26 7
37 27 13
37 30 19
37 32 14
37 36 5
38 1 9
38 4 6
38 5 21
38 7 17
38 12 16
38 13 17
38 15 18
38 18 1
38 24 7
38 25 5
38 26 16
38 28 10
38 29 21
38 30 21
38 34 5
38 35 8
39 5 14
39 8 6
39 10 11
39 11 8
39 13 4
39 15 6
39 16 4
39 17 11
39 18 10
39 19 9
39 20 14
39 21 3
39 23 14
39 24 18
39 26 13
39 29 13
39 30 20
39 33 19
39 34 18
39 36 5
