50
1 0 9
3 0 2
3 1 4
4 0 5
4 3 9
5 2 8
5 3 3
7 0 6
7 2 1
7 6 8
8 0 8
8 2 9
9 6 3
9 7 5
10 0 4
10 1 1
10 2 9
10 4 7
10 5 3
10 7 8
10 8 7
10 9 2
11 1 4
11 2 1
11 6 2
11 9 4
12 5 3
12 6 1
12 9 5
12 10 7
12 11 5
13 0 3
13 1 2
13 4 2
13 6 2
13 8 6
13 9 8
13 10 4
14 1 1
14 2 4
14 3 9
14 5 3
14 6 2
14 7 5
14 10 7
15 1 3
15 4 1
15 5 5
15 6 3
15 7 8
15 8 1
15 9 8
15 12 7
15 14 4
16 1 2
16 4 4
16 5 8
16 7 7
16 8 5
16 12 8
16 14 4
16 15 4
17 0 2
17 1 1
17 2 5
17 3 9
17 4 3
17 13 3
17 14 9
18 0 9
18 2 6
18 3 1
18 4 1
18 6 3
18 7 7
18 8 6
18 9 7
18 10 9
18 11 1
18 12 8
18 14 8
18 15 5
18 16 3
19 0 7
19 2 6
19 3 4
19 5 1
19 6 3
19 7 3
19 10 9
19 13 5
19 15 9
19 16 5
19 18 9
20 0 9
20 1 7
20 2 9
20 3 5
20 4 5
20 7 2
20 8 1
20 9 8
20 10 1
20 14 9
20 15 8
20 16 2
20 17 9
21 2 4
21 3 8
21 4 1
21 6 2
21 7 8
21 8 1
21 9 6
21 12 4
21 13 8
21 14 1
21 16 2
21 18 4
21 19 8
21 20 6
22 0 3
22 2 2
22 3 6
22 8 9
22 19 3
23 1 2
23 4 3
23 7 9
23 8 8
23 10 1
23 12 6
23 13 9
23 14 4
23 18 9
23 20 2
23 21 8
23 22 9
24 5 9
24 6 9
24 7 9
24 8 2
24 14 8
24 15 7
24 19 6
24 20 1
24 21 3
24 23 5
25 0 9
25 1 3
25 2 7
25 5 2
25 6 9
25 7 3
25 8 8
25 9 7
25 10 9
25 11 2
25 14 8
25 15 6
25 16 4
25 17 2
25 19 3
25 23 3
26 5 4
26 6 1
26 7 9
26 8 6
26 9 3
26 10 5
26 15 2
26 16 1
26 17 2
26 18 9
26 19 3
26 21 3
26 24 6
27 0 3
27 5 9
27 6 1
27 7 1
27 8 9
27 13 9
27 15 9
27 18 4
27 20 1
28 0 1
28 1 2
28 2 1
28 3 1
28 4 4
28 5 2
28 6 4
28 8 2
28 9 2
28 14 8
28 17 6
28 18 8
28 23 6
29 6 4
29 8 2
29 11 1
29 12 3
29 15 6
29 18 3
29 19 7
29 20 7
29 22 3
29 24 2
29 25 3
29 26 9
29 27 2
30 0 9
30 2 1
30 4 9
30 6 9
30 7 6
30 8 9
30 10 5
30 11 4
30 12 4
30 13 7
30 15 6
30 16 4
30 17 3
30 18 7
30 21 7
30 22 5
30 23 8
30 25 5
30 26 7
30 29 6
31 0 2
31 1 7
31 4 8
31 5 3
31 6 5
31 9 6
31 10 3
31 13 1
31 15 4
31 16 6
31 17 6
31 18 2
31 21 5
31 24 7
31 27 3
31 30 1
32 0 6
32 1 2
32 2 4
32 5 4
32 6 5
32 7 6
32 8 9
32 10 1
32 11 1
32 12 9
32 14 6
32 19 9
32 22 4
32 24 1
32 25 8
32 28 1
32 29 2
32 31 7
33 0 6
33 2 9
33 6 8
33 7 3
33 8 7
33 9 3
33 10 9
33 12 6
33 17 9
33 20 3
33 21 1
33 23 4
33 24 2
33 25 4
33 27 5
33 28 9
33 30 1
33 32 6
34 2 9
34 4 9
34 5 1
34 6 6
34 7 1
34 9 9
34 11 3
34 12 2
34 14 1
34 15 2
34 19 1
34 20 3
34 22 4
34 25 5
34 27 5
34 28 9
34 30 8
34 33 1
35 0 6
35 3 5
35 4 7
35 5 2
35 6 9
35 10 6
35 11 9
35 18 7
35 19 1
35 21 1
35 22 9
35 25 4
35 33 5
36 1 1
36 2 8
36 3 7
36 4 9
36 7 1
36 10 8
36 11 8
36 13 1
36 14 7
36 15 5
36 16 2
36 19 8
36 21 1
36 26 2
36 32 7
36 33 2
37 7 1
37 14 4
37 16 7
37 17 4
37 19 3
37 20 9
37 22 2
37 24 9
37 25 2
37 26 6
37 28 7
37 29 1
37 32 6
37 34 2
37 36 1
38 0 4
38 1 8
38 2 3
38 3 4
38 8 6
38 9 7
38 11 1
38 12 6
38 16 6
38 17 4
38 18 1
38 20 6
38 22 4
38 25 8
38 29 8
38 30 1
38 31 7
38 33 5
38 34 2
39 2 2
39 3 6
39 4 5
39 7 3
39 8 3
39 10 6
39 13 6
39 14 5
39 16 8
39 17 2
39 18 7
39 21 1
39 23 6
39 26 8
39 27 7
39 28 2
39 29 5
39 30 7
39 31 7
39 33 7
40 1 9
40 3 8
40 7 4
40 8 8
40 10 9
40 12 3
40 14 9
40 15 4
40 19 3
40 21 9
40 23 8
40 26 8
40 27 4
40 28 3
40 32 5
40 33 3
40 35 4
40 36 7
40 37 1
40 38 8
41 2 9
41 3 6
41 4 5
41 5 3
41 7 2
41 11 7
41 12 3
41 13 2
41 14 5
41 15 9
41 16 1
41 17 6
41 19 3
41 26 5
41 28 3
41 29 5
41 31 9
41 32 6
41 36 6
41 39 2
41 40 3
42 0 5
42 1 1
42 4 6
42 7 6
42 9 1
42 10 9
42 12 4
42 15 6
42 16 8
42 18 7
42 19 3
42 20 2
42 22 8
42 28 5
42 31 2
42 32 9
42 33 2
42 34 2
42 36 7
42 37 3
42 38 5
42 39 8
42 40 2
42 41 7
43 1 9
43 3 7
43 4 1
43 6 1
43 8 1
43 9 4
43 11 5
43 13 4
43 16 2
43 17 2
43 19 2
43 20 8
43 21 3
43 23 2
43 25 4
43 26 6
43 27 2
43 28 1
43 30 5
43 34 9
43 35 4
44 0 2
44 2 1
44 7 3
44 9 3
44 10 9
44 18 3
44 19 4
44 22 5
44 24 8
44 26 3
44 29 8
44 30 1
44 37 2
44 39 5
44 42 8
44 43 5
45 0 9
45 3 2
45 6 1
45 9 5
45 12 2
45 15 7
45 18 3
45 19 2
45 25 5
45 28 4
45 29 8
45 32 3
45 34 8
45 35 6
45 36 8
45 37 7
45 38 5
45 39 5
45 41 6
45 42 8
45 43 2
45 44 7
46 1 8
46 3 5
46 4 1
46 7 9
46 8 6
46 10 8
46 11 6
46 12 8
46 14 9
46 15 4
46 16 4
46 17 9
46 19 7
46 24 7
46 25 1
46 26 7
46 27 3
46 28 8
46 29 5
46 31 6
46 32 8
46 35 6
46 36 2
46 42 4
46 43 6
47 0 6
47 2 7
47 5 5
47 6 8
47 12 6
47 13 9
47 14 2
47 18 3
47 20 2
47 21 9
47 24 7
47 27 2
47 30 6
47 32 2
47 33 7
47 44 2
47 46 7
48 0 3
48 3 2
48 4 8
48 5 6
48 6 9
48 7 1
48 10 5
48 11 3
48 12 3
48 13 1
48 16 6
48 18 2
48 21 5
48 23 8
48 24 5
48 25 5
48 27 1
48 28 8
48 31 5
48 32 1
48 34 8
48 35 3
48 36 3
48 39 7
48 40 1
48 42 2
48 47 9
49 0 9
49 1 7
49 7 9
49 10 9
49 11 1
49 13 8
49 15 3
49 17 5
49 19 1
49 20 9
49 21 5
49 25 8
49 28 1
49 30 2
49 33 9
49 34 1
49 35 7
49 36 5
49 39 1
49 42 8
49 46 3
