17
2 0 23
2 1 1
3 0 39
4 1 40
4 2 13
4 3 15
5 0 35
5 4 9
6 0 17
6 1 39
6 2 36
6 4 48
6 5 26
7 4 17
7 5 16
8 0 21
8 2 47
8 3 19
8 5 39
8 6 36
9 0 37
9 2 30
9 3 33
9 4 17
9 5 4
9 6 51
10 0 26
10 4 19
10 7 4
11 0 17
11 1 39
11 2 24
11 6 32
11 8 15
12 3 51
12 5 27
12 6 2
12 7 53
12 9 38
13 0 28
13 2 28
13 5 21
13 6 17
13 7 33
13 8 36
13 12 7
14 1 7
14 5 34
14 11 27
14 12 36
14 13 39
15 0 52
15 3 4
15 6 38
15 8 17
15 11 4
15 13 41
15 14 26
16 0 47
16 1 8
16 2 3
16 4 34
16 5 21
16 7 35
16 10 18
16 12 13
16 14 22
