25
1 0 20
2 0 19
2 1 31
3 0 18
3 1 5
3 2 24
4 0 1
4 1 23
4 2 5
4 3 33
5 0 9
5 1 23
5 2 27
5 3 21
5 4 21
6 0 31
6 1 6
6 2 33
6 3 27
6 4 21
6 5 3
7 0 18
7 1 2
7 2 29
7 3 14
7 4 18
7 5 31
7 6 7
8 0 3
8 1 16
8 2 10
8 3 27
8 4 15
8 5 23
8 6 19
8 7 9
9 0 22
9 1 24
9 2 28
9 3 13
9 4 24
9 5 21
9 6 25
9 7 5
9 8 22
10 0 4
10 1 15
10 2 10
10 3 20
10 4 2
10 5 33
10 6 31
10 7 11
10 8 1
10 9 16
11 0 32
11 1 23
11 2 1
11 3 17
11 4 13
11 5 10
11 6 2
11 7 21
11 8 32
11 9 12
11 10 17
12 0 33
12 1 16
12 2 33
12 3 21
12 4 23
12 5 21
12 6 13
12 7 11
12 8 26
12 9 18
12 10 20
12 11 9
13 0 15
13 1 6
13 2 28
13 3 21
13 4 9
13 5 6
13 6 8
13 7 20
13 8 11
13 9 1
13 10 13
13 11 32
13 12 18
14 0 18
14 1 30
14 2 12
14 3 22
14 4 28
14 5 15
14 6 22
14 7 22
14 8 24
14 9 19
14 10 26
14 11 19
14 12 23
14 13 26
15 0 6
15 1 29
15 2 10
15 3 1
15 4 5
15 5 7
15 6 22
15 7 9
15 8 11
15 9 20
15 10 28
15 11 32
15 12 27
15 13 31
15 14 31
16 0 28
16 1 19
16 2 8
16 3 30
16 4 22
16 5 8
16 6 22
16 7 9
16 8 20
16 9 22
16 10 27
16 11 25
16 12 31
16 13 16
16 14 7
16 15 25
17 0 10
17 1 20
17 2 19
17 3 24
17 4 28
17 5 30
17 6 28
17 7 1
17 8 25
17 9 15
17 10 6
17 11 6
17 12 15
17 13 6
17 14 23
17 15 33
17 16 26
18 0 15
18 1 33
18 2 4
18 3 18
18 4 13
18 5 20
18 6 24
18 7 2
18 8 22
18 9 1
18 10 16
18 11 11
18 12 27
18 13 22
18 14 30
18 15 15
18 16 8
18 17 23
19 0 1
19 1 30
19 2 12
19 3 5
19 4 24
19 5 7
19 6 4
19 7 18
19 8 33
19 9 31
19 10 30
19 11 9
19 12 27
19 13 28
19 14 10
19 15 27
19 16 6
19 17 6
19 18 14
20 0 11
20 1 8
20 2 25
20 3 19
20 4 17
20 5 28
20 6 30
20 7 24
20 8 16
20 9 3
20 10 8
20 11 28
20 12 31
20 13 7
20 14 14
20 15 6
20 16 8
20 17 3
20 18 30
20 19 31
21 0 7
21 1 21
21 2 12
21 3 33
21 4 10
21 5 10
21 6 29
21 7 29
21 8 19
21 9 10
21 10 5
21 11 16
21 12 6
21 13 11
21 14 21
21 15 26
21 16 21
21 17 25
21 18 8
21 19 24
21 20 11
22 0 27
22 1 24
22 2 8
22 3 4
22 4 30
22 5 11
22 6 22
22 7 26
22 8 16
22 9 30
22 10 3
22 11 32
22 12 26
22 13 26
22 14 4
22 15 17
22 16 13
22 17 13
22 18 33
22 19 23
22 20 27
22 21 20
23 0 13
23 1 11
23 2 28
23 3 8
23 4 7
23 5 7
23 6 1
23 7 22
23 8 33
23 9 7
23 10 9
23 11 8
23 12 4
23 13 23
23 14 13
23 15 25
23 16 19
23 17 16
23 18 2
23 19 17
23 20 5
23 21 8
23 22 17
24 0 25
24 1 11
24 2 12
24 3 8
24 4 30
24 5 10
24 6 9
24 7 5
24 8 16
24 9 16
24 10 4
24 11 32
24 12 33
24 13 2
24 14 31
24 15 5
24 16 26
24 17 4
24 18 1
24 19 6
24 20 29
24 21 2
24 22 5
24 23 14
