56
1 0 9
2 0 2
2 1 27
3 0 14
3 1 10
3 2 27
4 0 25
4 1 7
4 2 13
4 3 42
5 0 27
5 1 35
5 2 2
5 3 20
5 4 32
6 0 7
6 1 2
6 2 43
6 3 47
6 4 31
6 5 36
7 0 5
7 1 5
7 2 27
7 3 12
7 4 47
7 5 23
7 6 16
8 0 5
8 1 25
8 2 30
8 3 44
8 4 11
8 5 41
8 6 20
8 7 19
9 0 10
9 1 10
9 2 19
9 3 14
9 4 15
9 5 47
9 6 6
9 7 10
9 8 45
10 0 46
10 1 4
10 2 29
10 3 22
10 4 11
10 5 13
10 6 48
10 7 35
10 8 32
10 9 38
11 0 36
11 1 23
11 2 36
11 3 5
11 4 15
11 5 22
11 6 16
11 7 33
11 8 24
11 9 18
11 10 22
12 0 2
12 1 17
12 2 23
12 3 15
12 4 27
12 5 22
12 6 25
12 7 48
12 8 40
12 9 37
12 10 37
12 11 41
13 0 48
13 1 30
13 2 38
13 3 7
13 4 16
13 5 4
13 6 22
13 7 32
13 8 24
13 9 1
13 10 22
13 11 27
13 12 36
14 0 29
14 1 6
14 2 2
14 3 13
14 4 45
14 5 13
14 6 17
14 7 15
14 8 8
14 9 33
14 10 38
14 11 39
14 12 13
14 13 7
15 0 33
15 1 38
15 2 11
15 3 7
15 4 38
15 5 21
15 6 24
15 7 47
15 8 13
15 9 7
15 10 39
15 11 28
15 12 22
15 13 15
15 14 34
16 0 13
16 1 45
16 2 5
16 3 32
16 4 19
16 5 30
16 6 25
16 7 9
16 8 34
16 9 48
16 10 46
16 11 26
16 12 27
16 13 26
16 14 37
16 15 8
17 0 27
17 1 46
17 2 5
17 3 27
17 4 6
17 5 8
17 6 1
17 7 13
17 8 8
17 9 30
17 10 45
17 11 28
17 12 43
17 13 30
17 14 31
17 15 37
17 16 7
18 0 40
18 1 26
18 2 40
18 3 9
18 4 46
18 5 37
18 6 33
18 7 31
18 8 26
18 9 28
18 10 23
18 11 43
18 12 47
18 13 44
18 14 47
18 15 17
18 16 21
18 17 3
19 0 18
19 1 20
19 2 23
19 3 46
19 4 8
19 5 34
19 6 2
19 7 18
19 8 43
19 9 10
19 10 27
19 11 15
19 12 10
19 13 27
19 14 10
19 15 47
19 16 44
19 17 1
19 18 17
20 0 20
20 1 43
20 2 15
20 3 8
20 4 30
20 5 38
20 6 28
20 7 28
20 8 30
20 9 17
20 10 20
20 11 2
20 12 5
20 13 22
20 14 17
20 15 45
20 16 7
20 17 11
20 18 9
20 19 36
21 0 25
21 1 36
21 2 26
21 3 48
21 4 24
21 5 37
21 6 12
21 7 25
21 8 4
21 9 30
21 10 48
21 11 2
21 12 5
21 13 37
21 14 11
21 15 37
21 16 24
21 17 29
21 18 33
21 19 23
21 20 10
22 0 19
22 1 40
22 2 20
22 3 40
22 4 19
22 5 44
22 6 47
22 7 9
22 8 34
22 9 24
22 10 43
22 11 42
22 12 15
22 13 48
22 14 24
22 15 43
22 16 12
22 17 12
22 18 15
22 19 10
22 20 9
22 21 46
23 0 38
23 1 29
23 2 15
23 3 7
23 4 18
23 5 28
23 6 48
23 7 22
23 8 40
23 9 45
23 10 5
23 11 4
23 12 29
23 13 2
23 14 46
23 15 35
23 16 39
23 17 16
23 18 36
23 19 40
23 20 3
23 21 19
23 22 17
24 0 45
24 1 3
24 2 31
24 3 13
24 4 43
24 5 32
24 6 18
24 7 40
24 8 21
24 9 19
24 10 47
24 11 6
24 12 10
24 13 37
24 14 9
24 15 16
24 16 16
24 17 25
24 18 4
24 19 46
24 20 43
24 21 19
24 22 40
24 23 34
25 0 10
25 1 44
25 2 32
25 3 39
25 4 37
25 5 41
25 6 28
25 7 41
25 8 44
25 9 25
25 10 17
25 11 28
25 12 42
25 13 38
25 14 21
25 15 17
25 16 30
25 17 6
25 18 25
25 19 45
25 20 43
25 21 47
25 22 35
25 23 48
25 24 48
26 0 29
26 1 43
26 2 22
26 3 20
26 4 2
26 5 25
26 6 27
26 7 22
26 8 28
26 9 48
26 10 13
26 11 10
26 12 14
26 13 21
26 14 20
26 15 37
26 16 13
26 17 11
26 18 37
26 19 14
26 20 27
26 21 48
26 22 31
26 23 28
26 24 22
26 25 41
27 0 6
27 1 4
27 2 36
27 3 27
27 4 40
27 5 20
27 6 40
27 7 36
27 8 31
27 9 9
27 10 31
27 11 38
27 12 11
27 13 18
27 14 23
27 15 47
27 16 41
27 17 23
27 18 27
27 19 26
27 20 46
27 21 27
27 22 28
27 23 48
27 24 33
27 25 31
27 26 48
28 0 26
28 1 9
28 2 5
28 3 18
28 4 43
28 5 11
28 6 2
28 7 9
28 8 11
28 9 29
28 10 39
28 11 10
28 12 2
28 13 28
28 14 9
28 15 38
28 16 29
28 17 42
28 18 33
28 19 7
28 20 4
28 21 15
28 22 17
28 23 16
28 24 3
28 25 4
28 26 35
28 27 16
29 0 3
29 1 2
29 2 41
29 3 40
29 4 15
29 5 30
29 6 38
29 7 2
29 8 44
29 9 24
29 10 26
29 11 12
29 12 16
29 13 35
29 14 39
29 15 26
29 16 16
29 17 45
29 18 40
29 19 48
29 20 16
29 21 24
29 22 46
29 23 24
29 24 31
29 25 40
29 26 4
29 27 19
29 28 39
30 0 37
30 1 2
30 2 19
30 3 18
30 4 41
30 5 19
30 6 1
30 7 25
30 8 12
30 9 8
30 10 17
30 11 31
30 12 22
30 13 39
30 14 10
30 15 30
30 16 26
30 17 18
30 18 45
30 19 15
30 20 26
30 21 3
30 22 16
30 23 36
30 24 28
30 25 28
30 26 21
30 27 46
30 28 28
30 29 18
31 0 9
31 1 12
31 2 36
31 3 32
31 4 11
31 5 28
31 6 3
31 7 7
31 8 16
31 9 12
31 10 29
31 11 27
31 12 16
31 13 7
31 14 18
31 15 30
31 16 13
31 17 1
31 18 5
31 19 39
31 20 16
31 21 39
31 22 40
31 23 16
31 24 41
31 25 2
31 26 27
31 27 44
31 28 17
31 29 10
31 30 16
32 0 26
32 1 17
32 2 26
32 3 8
32 4 7
32 5 19
32 6 1
32 7 3
32 8 30
32 9 39
32 10 28
32 11 44
32 12 15
32 13 39
32 14 47
32 15 40
32 16 13
32 17 5
32 18 32
32 19 24
32 20 45
32 21 2
32 22 46
32 23 23
32 24 30
32 25 9
32 26 42
32 27 20
32 28 10
32 29 28
32 30 27
32 31 43
33 0 20
33 1 6
33 2 26
33 3 48
33 4 23
33 5 4
33 6 38
33 7 8
33 8 41
33 9 14
33 10 26
33 11 35
33 12 32
33 13 41
33 14 9
33 15 12
33 16 30
33 17 13
33 18 45
33 19 24
33 20 47
33 21 15
33 22 3
33 23 39
33 24 26
33 25 4
33 26 19
33 27 5
33 28 34
33 29 3
33 30 9
33 31 31
33 32 20
34 0 5
34 1 42
34 2 32
34 3 7
34 4 34
34 5 34
34 6 7
34 7 24
34 8 1
34 9 7
34 10 18
34 11 39
34 12 15
34 13 15
34 14 19
34 15 9
34 16 42
34 17 23
34 18 4
34 19 32
34 20 38
34 21 33
34 22 24
34 23 15
34 24 44
34 25 15
34 26 10
34 27 30
34 28 36
34 29 13
34 30 8
34 31 29
34 32 25
34 33 48
35 0 27
35 1 8
35 2 15
35 3 19
35 4 40
35 5 40
35 6 7
35 7 24
35 8 25
35 9 1
35 10 20
35 11 23
35 12 48
35 13 4
35 14 1
35 15 11
35 16 43
35 17 12
35 18 5
35 19 36
35 20 43
35 21 38
35 22 8
35 23 40
35 24 17
35 25 12
35 26 11
35 27 4
35 28 31
35 29 34
35 30 47
35 31 5
35 32 26
35 33 1
35 34 11
36 0 13
36 1 29
36 2 38
36 3 9
36 4 36
36 5 33
36 6 27
36 7 13
36 8 16
36 9 7
36 10 7
36 11 20
36 12 23
36 13 42
36 14 25
36 15 19
36 16 23
36 17 35
36 18 24
36 19 4
36 20 40
36 21 39
36 22 42
36 23 11
36 24 47
36 25 24
36 26 5
36 27 43
36 28 13
36 29 22
36 30 39
36 31 26
36 32 30
36 33 42
36 34 3
36 35 32
37 0 7
37 1 38
37 2 38
37 3 14
37 4 9
37 5 43
37 6 41
37 7 39
37 8 40
37 9 34
37 10 42
37 11 38
37 12 24
37 13 28
37 14 35
37 15 4
37 16 35
37 17 3
37 18 44
37 19 4
37 20 22
37 21 41
37 22 47
37 23 1
37 24 23
37 25 34
37 26 11
37 27 28
37 28 31
37 29 35
37 30 47
37 31 28
37 32 6
37 33 32
37 34 10
37 35 45
37 36 46
38 0 41
38 1 23
38 2 28
38 3 17
38 4 19
38 5 15
38 6 2
38 7 37
38 8 17
38 9 23
38 10 17
38 11 30
38 12 11
38 13 43
38 14 19
38 15 5
38 16 6
38 17 7
38 18 47
38 19 28
38 20 38
38 21 28
38 22 28
38 23 19
38 24 17
38 25 33
38 26 44
38 27 12
38 28 31
38 29 19
38 30 2
38 31 12
38 32 30
38 33 2
38 34 14
38 35 24
38 36 38
38 37 22
39 0 45
39 1 35
39 2 43
39 3 23
39 4 18
39 5 16
39 6 32
39 7 25
39 8 21
39 9 37
39 10 21
39 11 15
39 12 41
39 13 18
39 14 39
39 15 41
39 16 5
39 17 43
39 18 30
39 19 6
39 20 12
39 21 12
39 22 48
39 23 6
39 24 22
39 25 16
39 26 15
39 27 16
39 28 6
39 29 8
39 30 5
39 31 32
39 32 44
39 33 14
39 34 23
39 35 18
39 36 20
39 37 16
39 38 23
40 0 32
40 1 37
40 2 23
40 3 17
40 4 45
40 5 31
40 6 31
40 7 47
40 8 35
40 9 27
40 10 9
40 11 28
40 12 1
40 13 11
40 14 7
40 15 26
40 16 18
40 17 28
40 18 14
40 19 8
40 20 1
40 21 25
40 22 37
40 23 22
40 24 45
40 25 27
40 26 38
40 27 18
40 28 25
40 29 5
40 30 43
40 31 3
40 32 19
40 33 34
40 34 26
40 35 9
40 36 16
40 37 40
40 38 9
40 39 9
41 0 29
41 1 40
41 2 13
41 3 3
41 4 47
41 5 5
41 6 10
41 7 8
41 8 17
41 9 40
41 10 43
41 11 4
41 12 28
41 13 31
41 14 11
41 15 21
41 16 3
41 17 8
41 18 8
41 19 14
41 20 12
41 21 45
41 22 1
41 23 30
41 24 3
41 25 45
41 26 24
41 27 33
41 28 34
41 29 45
41 30 39
41 31 26
41 32 29
41 33 36
41 34 8
41 35 5
41 36 24
41 37 12
41 38 46
41 39 14
41 40 26
42 0 10
42 1 35
42 2 48
42 3 21
42 4 47
42 5 48
42 6 24
42 7 27
42 8 10
42 9 42
42 10 2
42 11 36
42 12 42
42 13 27
42 14 37
42 15 14
42 16 44
42 17 12
42 18 24
42 19 8
42 20 47
42 21 19
42 22 41
42 23 34
42 24 29
42 25 1
42 26 30
42 27 46
42 28 36
42 29 13
42 30 23
42 31 34
42 32 40
42 33 12
42 34 31
42 35 44
42 36 37
42 37 7
42 38 35
42 39 39
42 40 44
42 41 44
43 0 46
43 1 5
43 2 35
43 3 9
43 4 43
43 5 47
43 6 28
43 7 1
43 8 35
43 9 36
43 10 3
43 11 45
43 12 11
43 13 31
43 14 33
43 15 3
43 16 37
43 17 34
43 18 42
43 19 19
43 20 46
43 21 44
43 22 25
43 23 35
43 24 44
43 25 13
43 26 29
43 27 17
43 28 5
43 29 47
43 30 41
43 31 48
43 32 23
43 33 21
43 34 41
43 35 20
43 36 41
43 37 19
43 38 34
43 39 19
43 40 22
43 41 22
43 42 44
44 0 25
44 1 26
44 2 2
44 3 43
44 4 30
44 5 31
44 6 4
44 7 31
44 8 45
44 9 4
44 10 32
44 11 9
44 12 15
44 13 20
44 14 37
44 15 46
44 16 43
44 17 13
44 18 4
44 19 15
44 20 20
44 21 32
44 22 38
44 23 27
44 24 35
44 25 23
44 26 10
44 27 25
44 28 20
44 29 13
44 30 16
44 31 18
44 32 20
44 33 48
44 34 17
44 35 7
44 36 11
44 37 32
44 38 20
44 39 16
44 40 44
44 41 46
44 42 35
44 43 25
45 0 6
45 1 4
45 2 33
45 3 34
45 4 38
45 5 44
45 6 5
45 7 47
45 8 6
45 9 35
45 10 13
45 11 34
45 12 23
45 13 1
45 14 20
45 15 13
45 16 23
45 17 37
45 18 20
45 19 47
45 20 5
45 21 32
45 22 1
45 23 47
45 24 28
45 25 11
45 26 3
45 27 2
45 28 41
45 29 43
45 30 20
45 31 20
45 32 10
45 33 30
45 34 17
45 35 30
45 36 34
45 37 17
45 38 41
45 39 19
45 40 42
45 41 28
45 42 2
45 43 12
45 44 48
46 0 35
46 1 26
46 2 31
46 3 24
46 4 7
46 5 39
46 6 21
46 7 12
46 8 48
46 9 16
46 10 4
46 11 32
46 12 6
46 13 23
46 14 7
46 15 32
46 16 2
46 17 19
46 18 26
46 19 29
46 20 4
46 21 9
46 22 48
46 23 4
46 24 3
46 25 10
46 26 25
46 27 2
46 28 17
46 29 17
46 30 34
46 31 32
46 32 21
46 33 25
46 34 22
46 35 44
46 36 34
46 37 35
46 38 9
46 39 38
46 40 17
46 41 32
46 42 40
46 43 30
46 44 10
46 45 11
47 0 45
47 1 40
47 2 36
47 3 43
47 4 43
47 5 16
47 6 19
47 7 33
47 8 3
47 9 6
47 10 8
47 11 46
47 12 12
47 13 43
47 14 43
47 15 26
47 16 34
47 17 39
47 18 1
47 19 37
47 20 47
47 21 31
47 22 19
47 23 25
47 24 45
47 25 46
47 26 27
47 27 14
47 28 36
47 29 46
47 30 37
47 31 47
47 32 3
47 33 19
47 34 12
47 35 28
47 36 13
47 37 24
47 38 42
47 39 25
47 40 31
47 41 39
47 42 3
47 43 45
47 44 44
47 45 19
47 46 20
48 0 7
48 1 28
48 2 42
48 3 46
48 4 13
48 5 33
48 6 10
48 7 14
48 8 31
48 9 9
48 10 14
48 11 20
48 12 29
48 13 7
48 14 23
48 15 9
48 16 27
48 17 7
48 18 44
48 19 9
48 20 35
48 21 42
48 22 13
48 23 38
48 24 25
48 25 26
48 26 48
48 27 40
48 28 3
48 29 44
48 30 21
48 31 41
48 32 41
48 33 40
48 34 17
48 35 39
48 36 27
48 37 30
48 38 34
48 39 8
48 40 38
48 41 36
48 42 31
48 43 11
48 44 48
48 45 27
48 46 16
48 47 21
49 0 3
49 1 10
49 2 28
49 3 48
49 4 6
49 5 36
49 6 45
49 7 39
49 8 34
49 9 10
49 10 18
49 11 43
49 12 12
49 13 4
49 14 35
49 15 25
49 16 27
49 17 33
49 18 43
49 19 43
49 20 37
49 21 1
49 22 40
49 23 3
49 24 42
49 25 14
49 26 15
49 27 17
49 28 1
49 29 16
49 30 3
49 31 27
49 32 36
49 33 14
49 34 13
49 35 31
49 36 12
49 37 21
49 38 44
49 39 33
49 40 19
49 41 9
49 42 25
49 43 22
49 44 30
49 45 19
49 46 42
49 47 30
49 48 20
50 0 29
50 1 14
50 2 30
50 3 29
50 4 38
50 5 46
50 6 36
50 7 3
50 8 43
50 9 46
50 10 35
50 11 16
50 12 9
50 13 30
50 14 13
50 15 6
50 16 45
50 17 21
50 18 47
50 19 6
50 20 18
50 21 38
50 22 30
50 23 4
50 24 32
50 25 45
50 26 2
50 27 21
50 28 19
50 29 21
50 30 37
50 31 41
50 32 40
50 33 23
50 34 10
50 35 25
50 36 3
50 37 9
50 38 14
50 39 36
50 40 25
50 41 33
50 42 19
50 43 34
50 44 29
50 45 20
50 46 21
50 47 1
50 48 36
50 49 14
51 0 17
51 1 24
51 2 26
51 3 17
51 4 43
51 5 30
51 6 2
51 7 6
51 8 3
51 9 2
51 10 34
51 11 44
51 12 22
51 13 29
51 14 47
51 15 33
51 16 4
51 17 27
51 18 37
51 19 14
51 20 27
51 21 35
51 22 28
51 23 3
51 24 48
51 25 10
51 26 25
51 27 14
51 28 31
51 29 29
51 30 44
51 31 36
51 32 9
51 33 40
51 34 42
51 35 31
51 36 19
51 37 9
51 38 20
51 39 25
51 40 17
51 41 5
51 42 33
51 43 38
51 44 35
51 45 36
51 46 21
51 47 14
51 48 21
51 49 25
51 50 4
52 0 37
52 1 39
52 2 3
52 3 23
52 4 11
52 5 20
52 6 2
52 7 38
52 8 31
52 9 34
52 10 18
52 11 34
52 12 25
52 13 19
52 14 13
52 15 46
52 16 45
52 17 4
52 18 15
52 19 6
52 20 29
52 21 31
52 22 22
52 23 40
52 24 28
52 25 28
52 26 33
52 27 1
52 28 1
52 29 39
52 30 47
52 31 48
52 32 46
52 33 7
52 34 11
52 35 8
52 36 36
52 37 7
52 38 33
52 39 34
52 40 19
52 41 10
52 42 9
52 43 4
52 44 3
52 45 48
52 46 37
52 47 18
52 48 41
52 49 30
52 50 44
52 51 13
53 0 43
53 1 8
53 2 11
53 3 16
53 4 43
53 5 26
53 6 14
53 7 21
53 8 44
53 9 30
53 10 12
53 11 44
53 12 47
53 13 5
53 14 6
53 15 26
53 16 41
53 17 1
53 18 46
53 19 26
53 20 2
53 21 1
53 22 17
53 23 7
53 24 33
53 25 31
53 26 2
53 27 18
53 28 13
53 29 39
53 30 16
53 31 14
53 32 1
53 33 7
53 34 42
53 35 33
53 36 18
53 37 11
53 38 39
53 39 39
53 40 14
53 41 29
53 42 22
53 43 1
53 44 38
53 45 9
53 46 2
53 47 8
53 48 15
53 49 25
53 50 44
53 51 5
53 52 31
54 0 41
54 1 30
54 2 34
54 3 27
54 4 4
54 5 30
54 6 15
54 7 24
54 8 9
54 9 18
54 10 22
54 11 33
54 12 13
54 13 6
54 14 6
54 15 38
54 16 39
54 17 47
54 18 13
54 19 42
54 20 21
54 21 29
54 22 47
54 23 13
54 24 17
54 25 38
54 26 32
54 27 26
54 28 24
54 29 48
54 30 9
54 31 46
54 32 37
54 33 11
54 34 39
54 35 35
54 36 37
54 37 46
54 38 13
54 39 9
54 40 25
54 41 15
54 42 18
54 43 37
54 44 19
54 45 7
54 46 11
54 47 3
54 48 31
54 49 1
54 50 21
54 51 39
54 52 11
54 53 25
55 0 20
55 1 6
55 2 26
55 3 32
55 4 14
55 5 30
55 6 30
55 7 3
55 8 12
55 9 17
55 10 35
55 11 42
55 12 14
55 13 7
55 14 19
55 15 16
55 16 23
55 17 21
55 18 17
55 19 46
55 20 28
55 21 14
55 22 43
55 23 21
55 24 18
55 25 16
55 26 33
55 27 34
55 28 47
55 29 31
55 30 5
55 31 46
55 32 17
55 33 2
55 34 13
55 35 22
55 36 24
55 37 15
55 38 42
55 39 16
55 40 38
55 41 44
55 42 5
55 43 41
55 44 13
55 45 35
55 46 17
55 47 46
55 48 47
55 49 37
55 50 25
55 51 32
55 52 4
55 53 25
55 54 12
