51
1 0 33
2 0 49
3 0 30
3 1 2
3 2 14
4 2 51
5 1 48
5 2 25
5 4 21
6 0 25
6 1 40
6 2 59
6 3 47
6 5 29
7 1 60
7 2 56
7 5 21
7 6 18
8 0 13
8 1 19
8 5 28
8 7 41
9 0 49
9 2 63
9 6 65
9 7 37
9 8 14
10 3 49
10 7 24
10 8 48
10 9 20
11 1 31
11 2 64
11 4 54
11 7 42
11 10 4
12 0 46
12 2 39
12 4 28
12 7 66
12 8 63
13 0 39
13 1 56
13 4 56
13 6 66
13 9 37
13 11 24
14 0 5
14 4 12
14 5 48
14 6 14
14 7 19
14 8 10
14 9 33
14 11 45
14 12 2
14 13 8
15 3 8
15 4 29
15 5 6
15 6 35
15 7 9
15 8 19
15 11 14
15 13 21
15 14 9
16 0 65
16 2 46
16 5 30
16 6 43
16 8 15
16 9 41
16 10 42
16 11 48
16 12 23
16 13 57
17 0 45
17 1 39
17 2 8
17 4 25
17 6 27
17 7 20
17 9 43
17 10 21
17 11 30
17 15 4
18 0 67
18 2 45
18 4 12
18 6 56
18 7 46
18 8 6
18 9 55
18 10 24
18 16 18
19 0 7
19 1 63
19 3 42
19 5 18
19 6 14
19 7 69
19 9 47
19 18 61
20 0 55
20 3 43
20 4 57
20 7 10
20 9 62
20 10 61
20 12 52
20 13 2
20 15 39
20 18 31
20 19 17
21 0 24
21 1 61
21 2 67
21 3 53
21 6 41
21 8 63
21 15 30
21 16 61
21 17 11
21 18 45
21 19 54
21 20 1
22 6 44
22 9 60
22 10 10
22 12 54
22 13 7
22 16 23
22 17 50
22 19 13
22 20 34
22 21 20
23 1 22
23 2 48
23 3 11
23 6 51
23 7 26
23 8 1
23 9 8
23 12 47
23 13 10
23 14 57
23 19 3
23 21 67
23 22 66
24 1 41
24 2 57
24 4 48
24 5 38
24 6 25
24 11 48
24 12 47
24 14 57
24 16 35
24 18 65
24 19 4
24 23 69
25 0 5
25 1 6
25 5 34
25 8 20
25 9 13
25 10 28
25 13 14
25 18 6
25 20 41
25 21 21
25 22 56
25 24 6
26 4 8
26 7 46
26 8 30
26 13 18
26 14 59
26 18 31
26 19 11
26 20 51
26 21 48
26 23 45
26 24 18
27 1 53
27 3 28
27 5 22
27 11 53
27 12 45
27 13 42
27 16 68
27 17 54
27 18 66
27 19 13
27 20 14
27 23 39
27 24 9
27 25 3
27 26 48
28 0 28
28 2 45
28 3 10
28 4 1
28 5 66
28 6 32
28 7 38
28 9 14
28 10 54
28 11 54
28 13 10
28 18 69
28 20 61
28 21 18
28 22 62
28 23 32
28 24 68
28 25 17
28 26 40
28 27 18
29 0 15
29 2 25
29 4 41
29 8 61
29 9 29
29 11 22
29 12 1
29 13 43
29 14 6
29 15 16
29 16 21
29 17 15
29 19 12
29 20 36
29 21 17
29 22 60
29 23 37
29 26 9
29 27 39
30 0 35
30 2 6
30 4 22
30 7 55
30 9 1
30 10 51
30 11 24
30 13 28
30 17 28
30 19 31
30 21 12
30 24 60
30 26 5
30 27 40
30 28 31
31 0 15
31 1 5
31 3 68
31 6 46
31 8 5
31 11 17
31 12 66
31 13 12
31 14 34
31 15 57
31 17 5
31 19 21
31 21 27
31 22 22
31 25 58
31 26 19
31 27 7
31 28 8
31 29 22
32 0 41
32 1 38
32 2 22
32 3 37
32 5 20
32 8 17
32 17 59
32 18 30
32 19 36
32 22 57
32 24 58
32 25 50
32 26 10
32 27 69
32 29 55
32 30 26
33 0 58
33 1 60
33 4 11
33 5 55
33 6 43
33 7 62
33 11 67
33 12 26
33 13 17
33 15 35
33 16 49
33 20 50
33 21 18
33 22 31
33 23 30
33 25 18
33 27 66
33 29 5
33 31 53
33 32 42
34 1 51
34 4 8
34 7 48
34 9 27
34 10 16
34 11 21
34 12 7
34 13 32
34 14 39
34 15 15
34 16 15
34 17 42
34 20 55
34 21 54
34 25 3
34 26 53
34 28 16
34 29 63
34 30 27
34 31 56
35 4 68
35 5 4
35 8 64
35 9 37
35 10 4
35 15 16
35 16 62
35 17 26
35 18 61
35 20 65
35 22 43
35 24 53
35 26 33
35 28 58
35 32 50
35 33 45
35 34 12
36 0 57
36 3 50
36 5 58
36 7 25
36 9 49
36 11 45
36 12 29
36 18 3
36 21 39
36 28 58
36 29 55
36 31 12
36 32 37
36 35 61
37 0 18
37 3 21
37 5 63
37 6 3
37 7 68
37 10 64
37 11 33
37 12 9
37 13 5
37 17 20
37 18 54
37 20 63
37 21 15
37 22 58
37 23 58
37 24 64
37 26 40
37 27 51
37 31 20
37 32 26
37 33 18
37 34 26
37 35 9
38 0 11
38 3 10
38 4 68
38 6 55
38 8 66
38 9 14
38 10 18
38 11 35
38 12 33
38 14 34
38 15 12
38 17 5
38 18 54
38 20 40
38 21 59
38 23 13
38 24 37
38 27 14
38 30 37
38 31 56
38 32 11
38 34 20
38 35 4
39 1 53
39 4 53
39 10 45
39 11 16
39 12 30
39 13 35
39 14 2
39 15 12
39 17 17
39 18 27
39 19 19
39 20 2
39 23 65
39 24 69
39 29 44
39 33 14
39 34 17
39 35 15
39 37 18
40 3 28
40 5 58
40 6 30
40 7 25
40 8 8
40 9 29
40 10 4
40 12 40
40 15 33
40 21 31
40 23 12
40 24 56
40 27 14
40 28 21
40 29 30
40 32 26
40 34 23
40 37 1
40 38 39
41 2 3
41 4 19
41 6 20
41 9 1
41 11 38
41 12 52
41 13 33
41 15 30
41 17 3
41 18 64
41 19 10
41 21 34
41 22 54
41 25 34
41 26 21
41 29 48
41 32 24
41 33 37
41 35 50
41 36 54
41 39 58
41 40 53
42 1 17
42 4 12
42 5 2
42 6 1
42 7 3
42 8 68
42 11 8
42 14 51
42 15 47
42 16 47
42 18 53
42 23 12
42 25 19
42 27 64
42 28 46
42 30 32
42 31 61
42 41 33
43 0 46
43 1 32
43 2 11
43 3 40
43 4 42
43 5 18
43 6 27
43 7 32
43 8 32
43 9 10
43 10 16
43 11 67
43 13 51
43 14 38
43 15 42
43 17 28
43 19 30
43 21 66
43 22 68
43 27 46
43 28 57
43 30 45
43 33 35
43 35 19
43 37 12
43 38 61
43 40 48
43 41 38
43 42 3
44 1 31
44 2 57
44 3 53
44 5 44
44 6 30
44 9 60
44 10 63
44 11 27
44 12 45
44 16 29
44 17 3
44 18 23
44 19 13
44 20 38
44 22 48
44 23 57
44 26 60
44 27 40
44 28 7
44 30 22
44 31 40
44 33 27
44 35 20
44 38 2
44 41 58
44 43 51
45 5 26
45 7 18
45 8 26
45 9 34
45 11 7
45 12 66
45 13 31
45 15 29
45 17 42
45 23 28
45 24 3
45 25 5
45 26 30
45 29 2
45 30 10
45 33 68
45 35 11
45 36 26
45 37 57
45 38 27
45 42 6
45 44 9
46 2 49
46 4 27
46 5 59
46 6 50
46 7 33
46 10 43
46 11 3
46 12 2
46 18 34
46 19 41
46 21 15
46 23 59
46 26 15
46 27 43
46 28 56
46 29 12
46 31 35
46 32 47
46 35 5
46 37 12
46 38 10
46 39 58
46 40 46
46 42 29
46 43 29
47 0 47
47 1 54
47 3 49
47 4 64
47 5 51
47 7 61
47 8 47
47 9 44
47 10 68
47 14 39
47 17 11
47 18 43
47 19 57
47 21 38
47 24 62
47 26 15
47 28 55
47 31 21
47 35 43
47 36 10
47 37 30
47 39 19
47 43 63
47 44 3
47 45 65
47 46 16
48 1 40
48 3 55
48 4 28
48 5 48
48 6 21
48 10 22
48 15 5
48 17 56
48 21 2
48 22 32
48 25 10
48 26 20
48 32 18
48 34 46
48 36 30
48 37 7
48 41 12
48 42 38
48 43 30
48 44 17
48 45 55
48 46 4
48 47 26
49 1 23
49 2 27
49 5 9
49 6 20
49 8 69
49 9 58
49 12 41
49 13 54
49 15 18
49 16 61
49 17 50
49 21 55
49 24 13
49 26 11
49 27 1
49 28 59
49 30 47
49 32 50
49 39 34
49 43 36
49 44 27
49 45 28
49 46 30
49 48 52
50 2 45
50 4 9
50 10 40
50 11 67
50 12 39
50 13 20
50 14 42
50 15 44
50 17 36
50 18 67
50 19 48
50 20 50
50 22 63
50 24 55
50 27 30
50 28 27
50 29 21
50 30 51
50 31 15
50 33 52
50 35 7
50 36 25
50 37 40
50 39 42
50 40 40
50 41 29
50 43 34
50 44 35
50 46 46
50 47 53
50 48 69
