58
1 0 5
2 0 3
2 1 11
3 0 3
3 1 11
3 2 10
4 0 4
4 1 1
4 2 11
4 3 8
5 0 8
5 1 4
5 2 3
5 3 3
5 4 1
6 0 4
6 1 9
6 2 12
6 3 12
6 4 6
6 5 5
7 0 10
7 1 8
7 2 1
7 3 13
7 4 1
7 5 10
7 6 14
8 0 5
8 1 13
8 2 4
8 3 1
8 4 4
8 5 7
8 6 10
8 7 7
9 0 4
9 1 11
9 2 13
9 3 5
9 4 14
9 5 13
9 6 10
9 7 8
9 8 5
10 0 5
10 1 12
10 2 9
10 3 1
10 4 1
10 5 9
10 6 11
10 7 10
10 8 1
10 9 8
11 0 3
11 1 14
11 2 2
11 3 11
11 4 8
11 5 6
11 6 8
11 7 12
11 8 1
11 9 5
11 10 6
12 0 8
12 1 7
12 2 14
12 3 11
12 4 10
12 5 9
12 6 7
12 7 10
12 8 3
12 9 13
12 10 12
12 11 10
13 0 3
13 1 6
13 2 11
13 3 1
13 4 4
13 5 14
13 6 8
13 7 8
13 8 10
13 9 3
13 10 8
13 11 8
13 12 6
14 0 10
14 1 12
14 2 2
14 3 4
14 4 14
14 5 7
14 6 11
14 7 2
14 8 1
14 9 8
14 10 2
14 11 11
14 12 12
14 13 11
15 0 8
15 1 6
15 2 4
15 3 3
15 4 7
15 5 7
15 6 8
15 7 4
15 8 1
15 9 5
15 10 12
15 11 9
15 12 2
15 13 11
15 14 8
16 0 4
16 1 3
16 2 3
16 3 8
16 4 1
16 5 14
16 6 3
16 7 5
16 8 6
16 9 11
16 10 12
16 11 10
16 12 4
16 13 3
16 14 2
16 15 13
17 0 8
17 1 8
17 2 11
17 3 7
17 4 13
17 5 11
17 6 14
17 7 7
17 8 5
17 9 7
17 10 14
17 11 5
17 12 10
17 13 3
17 14 3
17 15 8
17 16 8
18 0 8
18 1 6
18 2 3
18 3 14
18 4 1
18 5 11
18 6 5
18 7 12
18 8 6
18 9 4
18 10 6
18 11 9
18 12 3
18 13 2
18 14 12
18 15 10
18 16 3
18 17 10
19 0 10
19 1 9
19 2 2
19 3 2
19 4 2
19 5 2
19 6 2
19 7 8
19 8 13
19 9 4
19 10 11
19 11 1
19 12 14
19 13 5
19 14 8
19 15 7
19 16 6
19 17 2
19 18 5
20 0 9
20 1 2
20 2 14
20 3 9
20 4 11
20 5 8
20 6 4
20 7 11
20 8 10
20 9 2
20 10 13
20 11 2
20 12 6
20 13 11
20 14 13
20 15 14
20 16 3
20 17 12
20 18 1
20 19 11
21 0 12
21 1 10
21 2 9
21 3 1
21 4 8
21 5 3
21 6 1
21 7 11
21 8 5
21 9 13
21 10 6
21 11 4
21 12 10
21 13 1
21 14 2
21 15 1
21 16 7
21 17 11
21 18 4
21 19 7
21 20 4
22 0 4
22 1 12
22 2 4
22 3 10
22 4 12
22 5 4
22 6 11
22 7 7
22 8 5
22 9 7
22 10 2
22 11 12
22 12 3
22 13 9
22 14 10
22 15 7
22 16 13
22 17 6
22 18 13
22 19 12
22 20 10
22 21 3
23 0 6
23 1 6
23 2 8
23 3 10
23 4 5
23 5 2
23 6 1
23 7 8
23 8 3
23 9 3
23 10 4
23 11 2
23 12 7
23 13 3
23 14 7
23 15 13
23 16 9
23 17 11
23 18 9
23 19 1
23 20 13
23 21 10
23 22 8
24 0 8
24 1 8
24 2 10
24 3 6
24 4 4
24 5 3
24 6 5
24 7 9
24 8 12
24 9 5
24 10 3
24 11 13
24 12 13
24 13 5
24 14 3
24 15 4
24 16 1
24 17 4
24 18 6
24 19 9
24 20 11
24 21 10
24 22 1
24 23 4
25 0 13
25 1 12
25 2 12
25 3 9
25 4 2
25 5 11
25 6 5
25 7 13
25 8 3
25 9 9
25 10 5
25 11 12
25 12 13
25 13 12
25 14 8
25 15 7
25 16 1
25 17 9
25 18 10
25 19 4
25 20 4
25 21 12
25 22 5
25 23 6
25 24 10
26 0 5
26 1 9
26 2 5
26 3 10
26 4 7
26 5 12
26 6 1
26 7 10
26 8 13
26 9 9
26 10 8
26 11 14
26 12 11
26 13 14
26 14 13
26 15 11
26 16 10
26 17 6
26 18 13
26 19 6
26 20 2
26 21 13
26 22 14
26 23 8
26 24 11
26 25 10
27 0 9
27 1 9
27 2 9
27 3 14
27 4 5
27 5 14
27 6 6
27 7 11
27 8 11
27 9 3
27 10 8
27 11 6
27 12 10
27 13 7
27 14 4
27 15 14
27 16 6
27 17 11
27 18 12
27 19 6
27 20 2
27 21 8
27 22 13
27 23 1
27 24 12
27 25 1
27 26 4
28 0 13
28 1 7
28 2 1
28 3 13
28 4 9
28 5 5
28 6 12
28 7 2
28 8 6
28 9 14
28 10 4
28 11 5
28 12 7
28 13 7
28 14 14
28 15 13
28 16 14
28 17 14
28 18 11
28 19 8
28 20 11
28 21 14
28 22 1
28 23 6
28 24 4
28 25 5
28 26 14
28 27 12
29 0 1
29 1 6
29 2 11
29 3 10
29 4 4
29 5 13
29 6 1
29 7 2
29 8 14
29 9 9
29 10 2
29 11 13
29 12 8
29 13 8
29 14 7
29 15 4
29 16 6
29 17 4
29 18 4
29 19 7
29 20 13
29 21 5
29 22 4
29 23 1
29 24 6
29 25 2
29 26 2
29 27 4
29 28 11
30 0 13
30 1 10
30 2 1
30 3 4
30 4 11
30 5 8
30 6 2
30 7 14
30 8 12
30 9 12
30 10 10
30 11 14
30 12 14
30 13 8
30 14 10
30 15 13
30 16 5
30 17 1
30 18 2
30 19 11
30 20 11
30 21 4
30 22 7
30 23 9
30 24 3
30 25 1
30 26 1
30 27 2
30 28 14
30 29 10
31 0 8
31 1 11
31 2 8
31 3 2
31 4 8
31 5 12
31 6 2
31 7 12
31 8 6
31 9 14
31 10 3
31 11 7
31 12 11
31 13 4
31 14 7
31 15 3
31 16 3
31 17 10
31 18 12
31 19 10
31 20 12
31 21 7
31 22 14
31 23 7
31 24 9
31 25 8
31 26 7
31 27 5
31 28 5
31 29 13
31 30 8
32 0 12
32 1 12
32 2 8
32 3 5
32 4 9
32 5 2
32 6 10
32 7 2
32 8 11
32 9 11
32 10 1
32 11 5
32 12 8
32 13 10
32 14 4
32 15 1
32 16 13
32 17 3
32 18 3
32 19 4
32 20 9
32 21 13
32 22 12
32 23 5
32 24 6
32 25 12
32 26 1
32 27 11
32 28 5
32 29 9
32 30 13
32 31 2
33 0 14
33 1 8
33 2 11
33 3 2
33 4 5
33 5 12
33 6 5
33 7 5
33 8 1
33 9 14
33 10 1
33 11 11
33 12 1
33 13 3
33 14 11
33 15 6
33 16 4
33 17 2
33 18 5
33 19 13
33 20 2
33 21 11
33 22 11
33 23 6
33 24 8
33 25 5
33 26 2
33 27 14
33 28 3
33 29 11
33 30 1
33 31 7
33 32 9
34 0 8
34 1 4
34 2 3
34 3 2
34 4 3
34 5 6
34 6 7
34 7 10
34 8 3
34 9 5
34 10 5
34 11 8
34 12 4
34 13 13
34 14 10
34 15 7
34 16 8
34 17 2
34 18 10
34 19 9
34 20 1
34 21 7
34 22 2
34 23 4
34 24 6
34 25 10
34 26 7
34 27 14
34 28 4
34 29 4
34 30 9
34 31 7
34 32 3
34 33 3
35 0 10
35 1 3
35 2 14
35 3 1
35 4 12
35 5 14
35 6 2
35 7 2
35 8 10
35 9 12
35 10 13
35 11 3
35 12 9
35 13 6
35 14 3
35 15 9
35 16 5
35 17 11
35 18 4
35 19 5
35 20 7
35 21 10
35 22 8
35 23 1
35 24 12
35 25 6
35 26 13
35 27 12
35 28 13
35 29 1
35 30 4
35 31 11
35 32 8
35 33 8
35 34 4
36 0 8
36 1 11
36 2 10
36 3 5
36 4 14
36 5 10
36 6 12
36 7 3
36 8 3
36 9 5
36 10 4
36 11 14
36 12 1
36 13 12
36 14 13
36 15 13
36 16 13
36 17 6
36 18 9
36 19 12
36 20 4
36 21 12
36 22 14
36 23 10
36 24 4
36 25 6
36 26 14
36 27 12
36 28 1
36 29 7
36 30 6
36 31 12
36 32 3
36 33 4
36 34 5
36 35 12
37 0 3
37 1 14
37 2 11
37 3 3
37 4 9
37 5 3
37 6 8
37 7 10
37 8 8
37 9 1
37 10 5
37 11 1
37 12 12
37 13 10
37 14 6
37 15 7
37 16 8
37 17 6
37 18 9
37 19 10
37 20 13
37 21 11
37 22 9
37 23 1
37 24 3
37 25 1
37 26 4
37 27 13
37 28 6
37 29 1
37 30 12
37 31 7
37 32 3
37 33 1
37 34 9
37 35 10
37 36 2
38 0 13
38 1 3
38 2 1
38 3 2
38 4 14
38 5 1
38 6 12
38 7 11
38 8 3
38 9 13
38 10 5
38 11 10
38 12 5
38 13 13
38 14 3
38 15 4
38 16 1
38 17 1
38 18 5
38 19 1
38 20 3
38 21 14
38 22 4
38 23 6
38 24 14
38 25 12
38 26 3
38 27 12
38 28 12
38 29 9
38 30 7
38 31 4
38 32 2
38 33 2
38 34 9
38 35 7
38 36 14
38 37 12
39 0 10
39 1 2
39 2 1
39 3 5
39 4 13
39 5 9
39 6 5
39 7 10
39 8 4
39 9 6
39 10 6
39 11 12
39 12 14
39 13 3
39 14 9
39 15 4
39 16 11
39 17 6
39 18 11
39 19 13
39 20 10
39 21 2
39 22 4
39 23 8
39 24 9
39 25 6
39 26 10
39 27 8
39 28 9
39 29 14
39 30 9
39 31 13
39 32 9
39 33 2
39 34 8
39 35 6
39 36 2
39 37 4
39 38 2
40 0 3
40 1 1
40 2 7
40 3 8
40 4 6
40 5 3
40 6 12
40 7 1
40 8 2
40 9 11
40 10 4
40 11 3
40 12 5
40 13 8
40 14 1
40 15 7
40 16 2
40 17 1
40 18 10
40 19 4
40 20 7
40 21 12
40 22 11
40 23 9
40 24 1
40 25 1
40 26 11
40 27 1
40 28 11
40 29 11
40 30 12
40 31 11
40 32 9
40 33 2
40 34 14
40 35 2
40 36 3
40 37 14
40 38 10
40 39 12
41 0 5
41 1 5
41 2 5
41 3 7
41 4 2
41 5 11
41 6 12
41 7 2
41 8 10
41 9 1
41 10 11
41 11 5
41 12 12
41 13 10
41 14 1
41 15 8
41 16 4
41 17 11
41 18 8
41 19 9
41 20 5
41 21 8
41 22 5
41 23 5
41 24 9
41 25 14
41 26 4
41 27 12
41 28 6
41 29 3
41 30 13
41 31 6
41 32 8
41 33 14
41 34 12
41 35 10
41 36 10
41 37 3
41 38 6
41 39 1
41 40 1
42 0 5
42 1 12
42 2 3
42 3 7
42 4 14
42 5 12
42 6 3
42 7 14
42 8 11
42 9 7
42 10 8
42 11 1
42 12 11
42 13 10
42 14 14
42 15 8
42 16 10
42 17 13
42 18 5
42 19 2
42 20 3
42 21 14
42 22 7
42 23 1
42 24 12
42 25 1
42 26 3
42 27 3
42 28 1
42 29 9
42 30 10
42 31 7
42 32 10
42 33 8
42 34 12
42 35 12
42 36 11
42 37 3
42 38 10
42 39 11
42 40 2
42 41 13
43 0 8
43 1 11
43 2 8
43 3 8
43 4 10
43 5 13
43 6 10
43 7 1
43 8 3
43 9 12
43 10 1
43 11 10
43 12 6
43 13 13
43 14 1
43 15 13
43 16 3
43 17 13
43 18 13
43 19 13
43 20 1
43 21 11
43 22 7
43 23 13
43 24 9
43 25 13
43 26 6
43 27 7
43 28 7
43 29 5
43 30 1
43 31 9
43 32 3
43 33 1
43 34 9
43 35 5
43 36 8
43 37 11
43 38 12
43 39 14
43 40 9
43 41 13
43 42 12
44 0 11
44 1 14
44 2 10
44 3 6
44 4 7
44 5 13
44 6 9
44 7 9
44 8 7
44 9 11
44 10 11
44 11 11
44 12 1
44 13 9
44 14 5
44 15 6
44 16 14
44 17 3
44 18 5
44 19 9
44 20 8
44 21 7
44 22 6
44 23 4
44 24 13
44 25 14
44 26 3
44 27 5
44 28 4
44 29 10
44 30 13
44 31 8
44 32 4
44 33 7
44 34 7
44 35 6
44 36 2
44 37 1
44 38 2
44 39 5
44 40 1
44 41 12
44 42 11
44 43 12
45 0 5
45 1 14
45 2 1
45 3 6
45 4 4
45 5 3
45 6 6
45 7 10
45 8 11
45 9 13
45 10 13
45 11 12
45 12 10
45 13 7
45 14 10
45 15 9
45 16 8
45 17 11
45 18 14
45 19 1
45 20 1
45 21 1
45 22 7
45 23 1
45 24 14
45 25 4
45 26 6
45 27 2
45 28 9
45 29 9
45 30 12
45 31 11
45 32 3
45 33 6
45 34 6
45 35 10
45 36 8
45 37 3
45 38 12
45 39 1
45 40 5
45 41 6
45 42 1
45 43 6
45 44 7
46 0 9
46 1 5
46 2 2
46 3 6
46 4 1
46 5 5
46 6 7
46 7 13
46 8 7
46 9 7
46 10 12
46 11 7
46 12 8
46 13 7
46 14 6
46 15 11
46 16 13
46 17 5
46 18 9
46 19 14
46 20 9
46 21 1
46 22 12
46 23 2
46 24 8
46 25 11
46 26 1
46 27 4
46 28 3
46 29 14
46 30 1
46 31 5
46 32 14
46 33 12
46 34 4
46 35 7
46 36 9
46 37 9
46 38 14
46 39 4
46 40 2
46 41 3
46 42 8
46 43 11
46 44 9
46 45 2
47 0 1
47 1 2
47 2 4
47 3 4
47 4 13
47 5 13
47 6 7
47 7 7
47 8 11
47 9 10
47 10 6
47 11 1
47 12 10
47 13 5
47 14 8
47 15 2
47 16 14
47 17 10
47 18 1
47 19 13
47 20 9
47 21 1
47 22 7
47 23 3
47 24 11
47 25 6
47 26 10
47 27 9
47 28 6
47 29 13
47 30 5
47 31 2
47 32 3
47 33 8
47 34 10
47 35 10
47 36 1
47 37 13
47 38 11
47 39 9
47 40 7
47 41 13
47 42 7
47 43 11
47 44 4
47 45 5
47 46 2
48 0 3
48 1 7
48 2 11
48 3 11
48 4 13
48 5 4
48 6 4
48 7 3
48 8 1
48 9 12
48 10 2
48 11 8
48 12 8
48 13 9
48 14 8
48 15 2
48 16 13
48 17 5
48 18 1
48 19 1
48 20 2
48 21 11
48 22 10
48 23 5
48 24 1
48 25 3
48 26 11
48 27 6
48 28 12
48 29 9
48 30 5
48 31 1
48 32 1
48 33 10
48 34 2
48 35 3
48 36 2
48 37 6
48 38 11
48 39 13
48 40 3
48 41 3
48 42 10
48 43 14
48 44 11
48 45 9
48 46 14
48 47 6
49 0 7
49 1 14
49 2 7
49 3 14
49 4 13
49 5 5
49 6 7
49 7 8
49 8 5
49 9 14
49 10 11
49 11 11
49 12 2
49 13 11
49 14 4
49 15 1
49 16 9
49 17 9
49 18 1
49 19 10
49 20 13
49 21 6
49 22 13
49 23 7
49 24 6
49 25 1
49 26 11
49 27 10
49 28 13
49 29 11
49 30 14
49 31 11
49 32 7
49 33 11
49 34 8
49 35 14
49 36 12
49 37 4
49 38 1
49 39 12
49 40 11
49 41 12
49 42 11
49 43 1
49 44 2
49 45 2
49 46 5
49 47 1
49 48 12
50 0 2
50 1 10
50 2 3
50 3 10
50 4 9
50 5 4
50 6 13
50 7 6
50 8 11
50 9 6
50 10 6
50 11 2
50 12 5
50 13 12
50 14 12
50 15 13
50 16 3
50 17 12
50 18 5
50 19 2
50 20 8
50 21 7
50 22 14
50 23 5
50 24 9
50 25 12
50 26 9
50 27 2
50 28 12
50 29 3
50 30 2
50 31 9
50 32 7
50 33 14
50 34 14
50 35 10
50 36 7
50 37 14
50 38 12
50 39 14
50 40 12
50 41 11
50 42 14
50 43 7
50 44 6
50 45 14
50 46 3
50 47 3
50 48 9
50 49 9
51 0 10
51 1 3
51 2 1
51 3 3
51 4 6
51 5 9
51 6 12
51 7 5
51 8 7
51 9 11
51 10 7
51 11 12
51 12 10
51 13 9
51 14 12
51 15 7
51 16 10
51 17 1
51 18 3
51 19 3
51 20 10
51 21 3
51 22 6
51 23 2
51 24 12
51 25 3
51 26 11
51 27 5
51 28 2
51 29 13
51 30 4
51 31 11
51 32 8
51 33 1
51 34 14
51 35 12
51 36 13
51 37 9
51 38 7
51 39 7
51 40 3
51 41 8
51 42 4
51 43 4
51 44 12
51 45 3
51 46 7
51 47 3
51 48 2
51 49 7
51 50 11
52 0 8
52 1 8
52 2 12
52 3 8
52 4 12
52 5 8
52 6 3
52 7 10
52 8 10
52 9 12
52 10 13
52 11 14
52 12 6
52 13 6
52 14 7
52 15 2
52 16 3
52 17 10
52 18 11
52 19 6
52 20 10
52 21 13
52 22 12
52 23 5
52 24 10
52 25 1
52 26 3
52 27 5
52 28 11
52 29 5
52 30 6
52 31 12
52 32 6
52 33 2
52 34 10
52 35 2
52 36 3
52 37 3
52 38 9
52 39 4
52 40 1
52 41 13
52 42 2
52 43 1
52 44 7
52 45 6
52 46 9
52 47 8
52 48 13
52 49 1
52 50 11
52 51 8
53 0 1
53 1 3
53 2 11
53 3 6
53 4 5
53 5 3
53 6 4
53 7 5
53 8 2
53 9 2
53 10 9
53 11 9
53 12 4
53 13 3
53 14 2
53 15 9
53 16 4
53 17 10
53 18 12
53 19 11
53 20 5
53 21 12
53 22 4
53 23 8
53 24 14
53 25 10
53 26 4
53 27 12
53 28 11
53 29 10
53 30 8
53 31 6
53 32 9
53 33 11
53 34 2
53 35 1
53 36 5
53 37 5
53 38 4
53 39 13
53 40 4
53 41 7
53 42 6
53 43 12
53 44 8
53 45 7
53 46 4
53 47 13
53 48 14
53 49 2
53 50 6
53 51 13
53 52 4
54 0 3
54 1 2
54 2 7
54 3 2
54 4 11
54 5 6
54 6 6
54 7 4
54 8 1
54 9 2
54 10 7
54 11 1
54 12 14
54 13 7
54 14 4
54 15 7
54 16 11
54 17 7
54 18 5
54 19 10
54 20 1
54 21 7
54 22 9
54 23 6
54 24 6
54 25 11
54 26 7
54 27 10
54 28 6
54 29 13
54 30 7
54 31 5
54 32 3
54 33 2
54 34 8
54 35 4
54 36 14
54 37 9
54 38 3
54 39 9
54 40 13
54 41 7
54 42 10
54 43 10
54 44 12
54 45 11
54 46 7
54 47 7
54 48 10
54 49 4
54 50 14
54 51 11
54 52 5
54 53 8
55 0 4
55 1 9
55 2 14
55 3 12
55 4 13
55 5 8
55 6 7
55 7 12
55 8 11
55 9 12
55 10 2
55 11 9
55 12 6
55 13 13
55 14 10
55 15 2
55 16 9
55 17 11
55 18 7
55 19 10
55 20 11
55 21 3
55 22 11
55 23 3
55 24 6
55 25 8
55 26 8
55 27 6
55 28 1
55 29 12
55 30 6
55 31 9
55 32 8
55 33 10
55 34 13
55 35 12
55 36 7
55 37 14
55 38 13
55 39 9
55 40 10
55 41 6
55 42 8
55 43 5
55 44 1
55 45 6
55 46 1
55 47 12
55 48 8
55 49 3
55 50 2
55 51 6
55 52 9
55 53 13
55 54 12
56 0 9
56 1 4
56 2 5
56 3 5
56 4 9
56 5 10
56 6 4
56 7 14
56 8 11
56 9 1
56 10 7
56 11 3
56 12 10
56 13 2
56 14 14
56 15 12
56 16 6
56 17 7
56 18 5
56 19 2
56 20 8
56 21 3
56 22 13
56 23 2
56 24 2
56 25 4
56 26 11
56 27 9
56 28 4
56 29 10
56 30 3
56 31 5
56 32 11
56 33 2
56 34 3
56 35 2
56 36 6
56 37 8
56 38 1
56 39 1
56 40 12
56 41 8
56 42 6
56 43 8
56 44 5
56 45 3
56 46 8
56 47 1
56 48 1
56 49 14
56 50 4
56 51 6
56 52 1
56 53 11
56 54 5
56 55 5
57 0 12
57 1 13
57 2 10
57 3 9
57 4 4
57 5 9
57 6 13
57 7 13
57 8 10
57 9 5
57 10 9
57 11 5
57 12 5
57 13 3
57 14 1
57 15 3
57 16 11
57 17 9
57 18 2
57 19 9
57 20 10
57 21 12
57 22 1
57 23 14
57 24 14
57 25 14
57 26 1
57 27 13
57 28 11
57 29 3
57 30 6
57 31 2
57 32 13
57 33 4
57 34 9
57 35 13
57 36 4
57 37 4
57 38 13
57 39 3
57 40 8
57 41 1
57 42 4
57 43 6
57 44 11
57 45 4
57 46 10
57 47 1
57 48 1
57 49 12
57 50 8
57 51 7
57 52 1
57 53 3
57 54 13
57 55 14
57 56 1
