69
2 1 43
3 0 14
3 2 3
4 0 37
4 1 42
4 2 4
5 1 24
5 2 39
5 4 44
6 5 2
7 0 44
7 2 3
7 3 3
7 6 45
8 0 28
8 1 2
8 6 29
8 7 27
9 2 44
9 3 30
9 4 14
9 6 9
9 7 21
9 8 13
10 0 12
10 2 44
10 4 41
10 5 42
10 6 3
10 8 11
11 2 1
11 3 40
11 4 10
11 5 34
11 6 5
11 7 42
11 8 20
11 9 7
11 10 41
12 0 6
12 1 3
12 5 3
12 6 7
12 7 34
12 8 44
12 10 1
12 11 20
13 1 10
13 2 15
13 5 11
13 7 20
13 10 2
13 11 10
13 12 43
14 0 43
14 2 13
14 7 20
14 9 37
14 13 39
15 1 20
15 3 8
15 6 42
15 7 25
15 8 38
15 11 10
16 3 5
16 5 2
16 8 27
16 10 18
16 14 9
16 15 29
17 3 16
17 4 16
17 7 12
17 8 45
17 10 1
17 11 38
17 16 8
18 0 40
18 5 31
18 6 7
18 7 3
18 9 14
18 10 12
18 11 39
18 14 44
18 16 39
19 0 39
19 1 10
19 2 13
19 3 24
19 5 43
19 6 19
19 7 27
19 8 31
19 9 37
19 11 12
19 12 10
19 13 30
19 17 39
19 18 30
20 1 30
20 7 27
20 10 34
20 12 16
20 16 41
20 17 22
20 18 26
21 0 18
21 1 21
21 3 7
21 4 5
21 6 32
21 10 10
21 11 6
21 12 14
21 14 7
21 15 38
21 16 7
21 20 13
22 0 23
22 1 41
22 3 10
22 6 45
22 8 21
22 10 31
22 12 39
22 13 6
22 14 13
22 15 23
22 17 33
22 19 11
23 1 23
23 2 18
23 5 3
23 6 19
23 8 2
23 9 26
23 11 42
23 12 14
23 16 25
23 18 16
23 19 34
23 20 15
23 22 34
24 2 45
24 3 24
24 4 20
24 8 25
24 9 39
24 11 36
24 12 12
24 14 35
24 16 36
24 19 45
24 22 28
24 23 35
25 0 45
25 3 3
25 8 26
25 9 28
25 10 41
25 12 19
25 13 15
25 14 25
25 18 4
25 19 12
25 21 41
25 24 45
26 2 31
26 4 42
26 7 37
26 8 8
26 9 35
26 10 42
26 11 23
26 12 2
26 15 43
26 17 42
26 18 28
26 22 35
26 24 33
27 0 1
27 4 25
27 6 34
27 7 37
27 8 1
27 9 37
27 10 24
27 11 29
27 18 8
27 20 22
27 23 1
27 26 4
28 5 19
28 8 39
28 11 39
28 15 14
28 16 8
28 27 13
29 0 14
29 2 1
29 3 3
29 4 31
29 7 29
29 11 25
29 13 21
29 15 4
29 16 5
29 18 10
29 19 17
29 20 12
29 21 31
29 22 39
29 24 3
29 26 32
29 27 17
30 0 13
30 1 2
30 3 24
30 5 23
30 9 29
30 11 36
30 12 33
30 14 43
30 15 41
30 16 7
30 17 14
30 18 23
30 21 3
30 22 21
30 23 8
30 24 28
30 25 14
30 26 33
30 27 1
30 29 34
31 0 11
31 3 1
31 4 37
31 5 34
31 9 32
31 13 28
31 17 15
31 22 17
31 24 33
31 25 36
31 27 37
31 28 29
32 0 34
32 1 32
32 3 32
32 4 1
32 5 43
32 6 39
32 8 21
32 10 41
32 13 32
32 14 29
32 16 17
32 19 6
32 20 39
32 21 4
32 23 19
32 28 40
32 29 16
32 30 18
33 1 42
33 3 43
33 4 39
33 5 2
33 6 43
33 7 45
33 9 19
33 10 11
33 12 26
33 13 28
33 14 41
33 15 17
33 16 24
33 18 26
33 22 5
33 23 2
33 28 34
33 29 14
33 32 31
34 0 29
34 3 42
34 4 13
34 9 40
34 10 3
34 11 45
34 12 4
34 13 1
34 16 23
34 18 45
34 21 44
34 22 26
34 24 24
34 29 23
34 30 16
34 32 26
35 0 35
35 4 6
35 5 36
35 6 1
35 7 26
35 10 23
35 12 23
35 13 20
35 14 42
35 20 45
35 21 34
35 23 32
35 24 11
35 25 45
35 26 41
35 27 2
35 31 31
35 33 44
36 1 3
36 5 18
36 9 19
36 11 16
36 12 18
36 16 19
36 18 41
36 19 19
36 20 45
36 21 14
36 23 40
36 24 18
36 25 41
36 26 22
36 27 8
36 29 21
36 30 42
36 31 29
36 34 26
37 0 34
37 1 33
37 2 35
37 3 39
37 4 35
37 7 7
37 8 38
37 9 9
37 10 42
37 13 11
37 14 33
37 16 8
37 17 28
37 18 11
37 22 41
37 23 2
37 24 45
37 26 26
37 31 34
37 32 5
37 33 43
37 35 44
37 36 43
38 3 12
38 4 23
38 5 41
38 7 1
38 8 21
38 10 33
38 12 5
38 15 14
38 17 23
38 18 3
38 19 19
38 20 42
38 21 15
38 25 2
38 29 44
38 30 18
38 31 13
38 32 23
38 35 19
38 36 27
38 37 43
39 1 29
39 5 39
39 8 18
39 10 4
39 11 45
39 14 38
39 16 9
39 17 22
39 19 36
39 20 8
39 21 28
39 22 13
39 24 41
39 26 12
39 29 33
39 31 31
39 34 23
39 35 8
39 36 40
39 37 5
39 38 28
40 0 4
40 2 21
40 3 43
40 6 15
40 7 17
40 9 43
40 11 5
40 13 40
40 14 11
40 15 40
40 16 29
40 17 8
40 19 8
40 20 8
40 21 3
40 25 43
40 28 21
40 29 43
40 31 24
40 33 31
40 35 1
40 36 16
40 37 26
40 38 29
40 39 13
41 2 1
41 6 34
41 7 34
41 10 29
41 11 6
41 12 30
41 13 32
41 16 17
41 19 45
41 20 33
41 22 44
41 23 18
41 24 23
41 26 5
41 27 3
41 28 23
41 33 7
41 39 31
42 5 28
42 7 41
42 13 7
42 14 44
42 15 15
42 17 26
42 18 13
42 19 14
42 28 9
42 29 26
42 30 4
42 31 5
42 33 27
42 35 37
42 36 42
42 37 8
42 38 18
42 39 13
42 40 4
43 0 3
43 1 2
43 4 14
43 7 17
43 8 36
43 13 23
43 14 8
43 15 25
43 16 45
43 19 15
43 20 10
43 23 1
43 24 39
43 30 39
43 31 32
43 33 4
43 35 8
43 38 45
43 40 26
43 41 1
44 0 4
44 1 16
44 3 18
44 6 27
44 9 7
44 10 15
44 14 12
44 15 15
44 21 21
44 22 34
44 23 33
44 24 24
44 26 31
44 27 38
44 28 22
44 32 14
44 33 21
44 34 35
44 35 11
44 36 7
44 37 39
44 38 35
44 39 41
44 40 13
44 42 14
45 0 3
45 1 3
45 3 38
45 5 22
45 7 36
45 9 39
45 11 20
45 12 24
45 13 14
45 14 17
45 15 34
45 18 26
45 19 32
45 20 36
45 23 44
45 24 44
45 26 11
45 27 43
45 28 45
45 29 45
45 34 16
45 35 1
45 36 23
45 37 20
45 38 4
45 39 17
45 40 37
45 41 8
45 42 20
45 43 26
46 1 36
46 2 16
46 4 13
46 7 39
46 8 20
46 10 15
46 12 16
46 13 13
46 16 32
46 17 17
46 18 3
46 19 44
46 20 5
46 21 38
46 22 20
46 26 36
46 27 5
46 31 13
46 32 24
46 33 42
46 34 2
46 35 8
46 36 17
46 38 5
46 40 8
46 42 24
46 43 23
46 45 19
47 1 7
47 5 35
47 7 4
47 8 35
47 9 20
47 10 21
47 11 29
47 13 12
47 15 3
47 17 16
47 18 7
47 20 3
47 21 18
47 25 17
47 26 5
47 27 11
47 31 3
47 32 35
47 33 25
47 37 33
47 38 28
47 39 39
47 40 20
47 42 38
47 43 7
48 1 14
48 2 6
48 4 12
48 5 21
48 6 28
48 9 15
48 11 41
48 13 4
48 14 33
48 16 28
48 19 34
48 20 28
48 21 42
48 22 32
48 25 44
48 28 5
48 29 7
48 30 26
48 33 2
48 34 32
48 36 43
48 38 20
48 41 20
48 43 13
48 44 30
48 46 40
49 0 16
49 4 21
49 5 16
49 6 28
49 7 15
49 9 29
49 11 32
49 12 39
49 13 1
49 14 19
49 15 39
49 17 10
49 18 10
49 19 44
49 23 31
49 24 32
49 25 5
49 26 3
49 27 22
49 29 3
49 31 1
49 33 16
49 34 32
49 35 44
49 38 29
49 42 1
49 44 36
50 0 16
50 1 35
50 2 30
50 3 29
50 6 31
50 7 31
50 8 5
50 9 42
50 11 16
50 13 11
50 15 13
50 17 41
50 18 13
50 21 13
50 22 19
50 23 3
50 24 28
50 26 25
50 27 39
50 30 4
50 31 45
50 34 15
50 36 38
50 41 36
50 42 34
50 46 28
50 47 42
50 49 17
51 1 12
51 9 42
51 12 17
51 13 27
51 17 42
51 19 14
51 21 6
51 25 16
51 26 1
51 27 25
51 28 29
51 34 45
51 35 7
51 41 10
51 42 37
51 44 11
51 45 39
51 46 20
51 48 39
52 1 9
52 2 21
52 3 24
52 5 22
52 8 5
52 9 45
52 11 43
52 14 12
52 15 36
52 16 4
52 17 44
52 21 8
52 23 25
52 24 27
52 26 42
52 27 14
52 30 33
52 31 39
52 32 44
52 36 23
52 39 42
52 40 24
52 41 18
52 44 7
52 46 42
52 47 19
52 48 12
52 49 38
53 1 43
53 2 23
53 5 39
53 7 1
53 8 44
53 11 26
53 12 40
53 15 24
53 16 18
53 19 36
53 20 9
53 22 19
53 27 39
53 28 24
53 31 11
53 32 45
53 33 17
53 35 2
53 37 23
53 39 6
53 41 24
53 43 44
53 44 4
53 45 18
53 47 3
53 48 21
53 49 43
53 50 35
53 51 19
53 52 34
54 0 11
54 4 18
54 5 20
54 7 10
54 10 15
54 13 18
54 14 45
54 17 15
54 19 35
54 25 33
54 27 43
54 28 23
54 29 22
54 31 37
54 34 16
54 36 8
54 37 43
54 38 8
54 39 4
54 40 30
54 41 27
54 42 27
54 49 37
54 52 33
54 53 2
55 0 5
55 1 7
55 3 19
55 4 41
55 9 28
55 10 3
55 11 17
55 13 28
55 15 4
55 16 33
55 17 36
55 18 44
55 19 9
55 20 30
55 25 5
55 35 13
55 36 35
55 38 5
55 39 2
55 45 31
55 52 22
56 4 2
56 6 40
56 8 21
56 9 9
56 12 2
56 13 42
56 14 21
56 15 38
56 17 35
56 19 1
56 24 34
56 28 37
56 32 6
56 35 7
56 37 30
56 39 21
56 44 38
56 45 20
56 48 38
56 53 5
56 54 17
56 55 22
57 0 25
57 4 37
57 5 2
57 6 27
57 9 35
57 11 3
57 12 19
57 13 16
57 16 13
57 20 28
57 21 12
57 24 36
57 25 9
57 27 24
57 28 19
57 29 17
57 30 33
57 37 10
57 39 33
57 41 20
57 44 44
57 45 43
57 48 22
57 50 30
57 52 12
57 55 24
57 56 6
58 0 45
58 1 44
58 3 19
58 5 19
58 9 15
58 14 30
58 17 7
58 18 26
58 21 4
58 23 27
58 26 9
58 28 21
58 29 43
58 30 5
58 31 14
58 32 29
58 34 22
58 35 10
58 41 39
58 42 30
58 43 26
58 47 29
58 48 36
58 50 15
58 52 11
58 53 45
58 54 34
58 55 26
58 56 8
59 0 43
59 4 3
59 5 10
59 6 9
59 10 30
59 11 27
59 12 15
59 13 33
59 20 28
59 21 1
59 22 24
59 25 43
59 27 8
59 28 8
59 31 1
59 33 22
59 36 25
59 40 8
59 41 16
59 42 39
59 44 6
59 45 42
59 51 45
59 54 36
59 55 29
59 57 39
59 58 3
60 1 25
60 2 39
60 4 3
60 9 35
60 13 30
60 14 37
60 15 32
60 18 23
60 20 1
60 24 10
60 25 44
60 26 35
60 28 45
60 32 2
60 33 3
60 35 10
60 37 38
60 39 11
60 41 28
60 42 30
60 43 41
60 44 24
60 45 21
60 51 22
60 53 9
60 56 35
60 57 3
60 59 24
61 1 43
61 4 38
61 5 33
61 6 16
61 7 5
61 12 4
61 13 14
61 15 29
61 16 1
61 17 10
61 25 41
61 30 17
61 31 32
61 33 38
61 34 14
61 35 1
61 37 2
61 39 31
61 43 27
61 52 21
61 54 14
61 55 42
61 58 40
61 59 37
61 60 42
62 1 16
62 2 18
62 4 31
62 6 20
62 7 33
62 8 33
62 10 30
62 11 40
62 12 38
62 13 27
62 17 1
62 18 31
62 19 24
62 24 18
62 26 6
62 27 43
62 28 11
62 29 41
62 30 20
62 31 21
62 34 3
62 36 44
62 39 10
62 43 10
62 44 25
62 45 15
62 46 25
62 48 32
62 51 13
62 52 27
62 55 36
62 57 30
62 59 34
63 0 34
63 1 44
63 3 44
63 5 15
63 6 19
63 7 37
63 9 41
63 13 2
63 16 35
63 20 24
63 22 37
63 23 4
63 27 12
63 28 24
63 29 6
63 30 11
63 31 19
63 34 42
63 36 15
63 38 44
63 39 10
63 40 15
63 41 10
63 44 13
63 48 37
63 51 38
63 52 4
63 56 20
63 57 27
63 62 1
64 0 16
64 3 26
64 5 36
64 6 45
64 7 31
64 10 40
64 12 2
64 13 10
64 14 38
64 15 39
64 16 25
64 17 8
64 19 45
64 23 42
64 24 2
64 26 8
64 27 18
64 28 26
64 29 8
64 31 6
64 32 6
64 34 45
64 36 36
64 39 18
64 40 19
64 42 18
64 43 42
64 44 43
64 45 35
64 47 29
64 48 12
64 50 44
64 51 35
64 54 3
64 55 12
64 57 42
64 58 29
64 60 33
64 62 5
65 4 12
65 5 7
65 6 15
65 7 3
65 8 34
65 9 39
65 12 19
65 14 36
65 15 14
65 16 43
65 18 30
65 26 15
65 28 23
65 29 3
65 33 36
65 37 22
65 39 35
65 40 25
65 41 44
65 43 16
65 46 10
65 47 8
65 48 7
65 51 42
65 52 20
65 53 18
65 56 26
65 57 32
65 60 19
65 63 33
65 64 6
66 0 44
66 2 3
66 11 26
66 17 12
66 18 7
66 19 27
66 21 36
66 26 43
66 31 30
66 33 19
66 35 14
66 36 38
66 38 17
66 39 13
66 41 30
66 44 1
66 47 41
66 48 9
66 51 18
66 52 19
66 54 29
66 57 6
66 59 19
66 61 25
66 62 3
67 2 44
67 4 35
67 10 23
67 12 37
67 13 40
67 14 33
67 15 30
67 19 3
67 20 6
67 21 20
67 25 16
67 26 7
67 27 40
67 28 26
67 29 27
67 31 4
67 32 45
67 35 20
67 37 23
67 42 30
67 44 24
67 45 3
67 48 28
67 49 20
67 52 16
67 53 16
67 55 3
67 56 23
67 58 18
67 59 11
67 62 1
67 63 43
68 0 40
68 1 17
68 2 31
68 4 35
68 8 14
68 9 19
68 14 43
68 15 15
68 16 33
68 17 32
68 18 16
68 19 31
68 20 37
68 25 40
68 27 14
68 30 25
68 32 5
68 33 34
68 34 20
68 36 39
68 37 23
68 40 3
68 41 32
68 44 44
68 46 7
68 49 37
68 51 27
68 52 30
68 53 40
68 54 4
68 55 18
68 57 41
68 60 39
68 61 14
68 63 27
68 65 8
