35
1 0 26
2 0 9
2 1 26
3 0 15
3 1 13
3 2 4
4 0 3
4 1 23
4 2 20
4 3 22
5 0 25
5 1 16
5 2 16
5 3 6
5 4 21
6 0 23
6 1 5
6 2 9
6 3 26
6 4 22
6 5 15
7 0 2
7 1 20
7 2 26
7 3 19
7 4 8
7 5 26
7 6 15
8 0 12
8 1 17
8 2 14
8 3 15
8 4 12
8 5 7
8 6 9
8 7 22
9 0 22
9 1 26
9 2 2
9 3 17
9 4 12
9 5 8
9 6 5
9 7 4
9 8 5
10 0 8
10 1 13
10 2 12
10 3 10
10 4 23
10 5 19
10 6 16
10 7 7
10 8 3
10 9 21
11 0 24
11 1 20
11 2 9
11 3 18
11 4 3
11 5 1
11 6 1
11 7 15
11 8 2
11 9 16
11 10 1
12 0 23
12 1 26
12 2 12
12 3 14
12 4 9
12 5 12
12 6 19
12 7 23
12 8 3
12 9 10
12 10 2
12 11 3
13 0 23
13 1 9
13 2 7
13 3 12
13 4 21
13 5 10
13 6 4
13 7 24
13 8 18
13 9 5
13 10 5
13 11 2
13 12 1
14 0 20
14 1 24
14 2 19
14 3 21
14 4 14
14 5 19
14 6 16
14 7 20
14 8 15
14 9 4
14 10 19
14 11 26
14 12 13
14 13 21
15 0 24
15 1 1
15 2 4
15 3 21
15 4 10
15 5 15
15 6 11
15 7 18
15 8 21
15 9 6
15 10 2
15 11 8
15 12 2
15 13 2
15 14 8
16 0 5
16 1 12
16 2 19
16 3 19
16 4 15
16 5 5
16 6 1
16 7 13
16 8 11
16 9 18
16 10 10
16 11 13
16 12 23
16 13 15
16 14 9
16 15 19
17 0 3
17 1 10
17 2 12
17 3 17
17 4 8
17 5 8
17 6 17
17 7 21
17 8 7
17 9 24
17 10 7
17 11 4
17 12 6
17 13 20
17 14 20
17 15 18
17 16 12
18 0 20
18 1 14
18 2 20
18 3 2
18 4 26
18 5 16
18 6 21
18 7 13
18 8 25
18 9 4
18 10 6
18 11 12
18 12 8
18 13 11
18 14 2
18 15 23
18 16 1
18 17 19
19 0 20
19 1 17
19 2 14
19 3 14
19 4 8
19 5 7
19 6 11
19 7 25
19 8 19
19 9 20
19 10 2
19 11 3
19 12 23
19 13 1
19 14 14
19 15 26
19 16 11
19 17 1
19 18 20
20 0 26
20 1 3
20 2 21
20 3 9
20 4 6
20 5 3
20 6 13
20 7 19
20 8 2
20 9 21
20 10 26
20 11 18
20 12 4
20 13 6
20 14 18
20 15 16
20 16 19
20 17 13
20 18 5
20 19 23
21 0 2
21 1 23
21 2 24
21 3 8
21 4 6
21 5 23
21 6 24
21 7 3
21 8 9
21 9 7
21 10 9
21 11 21
21 12 19
21 13 2
21 14 23
21 15 7
21 16 12
21 17 16
21 18 26
21 19 10
21 20 13
22 0 18
22 1 22
22 2 12
22 3 10
22 4 3
22 5 26
22 6 6
22 7 18
22 8 1
22 9 22
22 10 25
22 11 23
22 12 2
22 13 12
22 14 5
22 15 10
22 16 9
22 17 25
22 18 21
22 19 7
22 20 8
22 21 1
23 0 2
23 1 26
23 2 13
23 3 21
23 4 1
23 5 26
23 6 18
23 7 6
23 8 1
23 9 26
23 10 8
23 11 26
23 12 5
23 13 11
23 14 23
23 15 18
23 16 13
23 17 11
23 18 2
23 19 21
23 20 22
23 21 23
23 22 8
24 0 22
24 1 5
24 2 1
24 3 23
24 4 19
24 5 7
24 6 16
24 7 4
24 8 22
24 9 15
24 10 16
24 11 23
24 12 24
24 13 25
24 14 4
24 15 25
24 16 13
24 17 19
24 18 3
24 19 10
24 20 1
24 21 14
24 22 12
24 23 22
25 0 25
25 1 6
25 2 11
25 3 12
25 4 11
25 5 10
25 6 16
25 7 9
25 8 26
25 9 21
25 10 12
25 11 10
25 12 1
25 13 16
25 14 5
25 15 9
25 16 6
25 17 20
25 18 19
25 19 11
25 20 22
25 21 22
25 22 3
25 23 1
25 24 1
26 0 5
26 1 23
26 2 3
26 3 11
26 4 13
26 5 12
26 6 9
26 7 2
26 8 6
26 9 10
26 10 23
26 11 16
26 12 14
26 13 12
26 14 6
26 15 25
26 16 22
26 17 18
26 18 9
26 19 2
26 20 21
26 21 16
26 22 15
26 23 25
26 24 16
26 25 14
27 0 13
27 1 22
27 2 2
27 3 22
27 4 20
27 5 12
27 6 3
27 7 4
27 8 7
27 9 2
27 10 12
27 11 1
27 12 1
27 13 5
27 14 15
27 15 1
27 16 12
27 17 10
27 18 14
27 19 9
27 20 8
27 21 22
27 22 19
27 23 3
27 24 25
27 25 21
27 26 1
28 0 26
28 1 2
28 2 4
28 3 2
28 4 6
28 5 24
28 6 26
28 7 26
28 8 21
28 9 17
28 10 26
28 11 11
28 12 24
28 13 17
28 14 8
28 15 13
28 16 8
28 17 6
28 18 23
28 19 22
28 20 23
28 21 18
28 22 25
28 23 4
28 24 18
28 25 17
28 26 13
28 27 18
29 0 11
29 1 17
29 2 1
29 3 21
29 4 21
29 5 22
29 6 19
29 7 7
29 8 14
29 9 2
29 10 21
29 11 5
29 12 16
29 13 25
29 14 24
29 15 15
29 16 10
29 17 7
29 18 16
29 19 24
29 20 14
29 21 5
29 22 6
29 23 13
29 24 25
29 25 26
29 26 8
29 27 1
29 28 23
30 0 8
30 1 9
30 2 3
30 3 6
30 4 4
30 5 2
30 6 7
30 7 16
30 8 22
30 9 12
30 10 20
30 11 21
30 12 10
30 13 24
30 14 19
30 15 3
30 16 1
30 17 11
30 18 19
30 19 17
30 20 18
30 21 9
30 22 5
30 23 1
30 24 7
30 25 9
30 26 1
30 27 17
30 28 22
30 29 1
31 0 1
31 1 12
31 2 16
31 3 3
31 4 23
31 5 26
31 6 23
31 7 16
31 8 17
31 9 24
31 10 13
31 11 15
31 12 23
31 13 11
31 14 12
31 15 1
31 16 12
31 17 22
31 18 18
31 19 13
31 20 5
31 21 13
31 22 6
31 23 14
31 24 11
31 25 23
31 26 9
31 27 8
31 28 12
31 29 14
31 30 1
32 0 3
32 1 9
32 2 14
32 3 9
32 4 19
32 5 15
32 6 21
32 7 5
32 8 8
32 9 9
32 10 21
32 11 19
32 12 17
32 13 1
32 14 25
32 15 12
32 16 18
32 17 8
32 18 26
32 19 10
32 20 15
32 21 16
32 22 2
32 23 10
32 24 22
32 25 19
32 26 18
32 27 2
32 28 24
32 29 10
32 30 26
32 31 4
33 0 20
33 1 24
33 2 21
33 3 5
33 4 23
33 5 16
33 6 25
33 7 17
33 8 19
33 9 7
33 10 22
33 11 9
33 12 11
33 13 22
33 14 18
33 15 8
33 16 23
33 17 15
33 18 4
33 19 15
33 20 11
33 21 7
33 22 24
33 23 24
33 24 26
33 25 5
33 26 11
33 27 1
33 28 11
33 29 8
33 30 5
33 31 16
33 32 1
34 0 19
34 1 6
34 2 24
34 3 1
34 4 24
34 5 26
34 6 11
34 7 4
34 8 6
34 9 23
34 10 11
34 11 9
34 12 16
34 13 14
34 14 1
34 15 1
34 16 4
34 17 3
34 18 22
34 19 23
34 20 7
34 21 14
34 22 9
34 23 22
34 24 13
34 25 5
34 26 6
34 27 8
34 28 2
34 29 18
34 30 2
34 31 23
34 32 23
34 33 22
