37
1 0 38
2 0 31
2 1 31
3 0 36
3 1 31
3 2 2
4 0 28
4 1 35
4 2 47
5 4 17
6 0 37
6 2 26
6 3 46
6 4 19
6 5 1
7 0 5
7 1 41
7 2 3
7 6 9
8 2 5
8 4 2
8 6 32
8 7 35
9 0 37
9 1 1
9 2 42
9 3 1
9 4 32
10 0 35
10 1 39
10 3 27
10 6 9
11 0 31
11 1 31
11 2 23
11 3 7
11 4 22
11 7 43
11 8 8
11 9 43
11 10 32
12 2 22
12 3 27
12 5 12
12 7 47
12 10 15
13 3 4
13 5 5
13 6 18
13 8 11
13 9 24
13 10 20
13 12 33
14 3 23
14 7 16
14 8 3
14 9 19
14 10 27
14 11 36
14 13 32
15 0 25
15 1 21
15 2 32
15 4 11
15 5 27
15 6 25
15 7 26
15 8 8
15 12 14
16 2 1
16 4 24
16 7 1
16 9 4
16 12 4
16 13 34
17 1 6
17 4 35
17 6 37
17 7 26
17 8 34
17 13 17
17 16 12
18 0 41
18 3 9
18 4 39
18 5 37
18 7 23
18 8 12
18 9 8
18 11 16
18 13 7
18 16 40
19 4 2
19 5 37
19 6 1
19 7 20
19 8 42
19 9 3
19 10 13
19 11 29
19 13 33
19 16 31
19 18 36
20 0 39
20 1 8
20 3 30
20 4 15
20 5 38
20 8 40
20 9 6
20 14 44
20 16 12
20 18 33
21 0 44
21 2 30
21 5 36
21 6 38
21 7 31
21 10 1
21 12 11
21 14 3
21 15 10
21 16 42
21 18 15
21 20 27
22 1 21
22 2 2
22 3 33
22 7 36
22 9 25
22 10 37
22 11 17
22 12 27
22 13 40
22 16 21
22 19 5
22 20 18
23 2 24
23 4 21
23 5 41
23 7 38
23 9 26
23 10 32
23 11 2
23 12 21
23 15 38
23 17 7
23 19 18
23 20 14
23 22 35
24 1 47
24 4 25
24 7 7
24 8 25
24 12 33
24 16 13
24 17 8
24 19 33
25 0 34
25 1 3
25 3 4
25 5 3
25 6 40
25 7 14
25 10 11
25 11 31
25 12 6
25 15 4
25 16 26
25 17 45
25 21 42
25 22 33
25 23 24
26 0 25
26 1 5
26 3 19
26 4 4
26 5 2
26 8 43
26 9 32
26 11 11
26 12 31
26 18 22
26 20 6
26 21 37
26 23 8
26 25 18
27 0 43
27 1 35
27 2 5
27 3 34
27 11 41
27 12 2
27 16 5
27 19 4
27 21 41
27 25 6
27 26 32
28 0 47
28 1 47
28 2 15
28 4 21
28 6 27
28 14 19
28 17 19
28 18 2
28 19 18
28 20 1
28 21 12
28 22 13
29 4 33
29 7 43
29 8 3
29 9 25
29 11 13
29 13 37
29 15 26
29 16 10
29 18 10
29 19 20
29 21 47
29 22 30
29 23 26
29 24 21
29 25 9
29 26 46
29 27 18
29 28 11
30 1 2
30 5 33
30 6 39
30 7 29
30 9 28
30 10 5
30 11 35
30 19 34
30 20 21
30 21 12
30 23 42
30 25 26
30 26 26
30 27 22
30 29 9
31 1 32
31 2 25
31 4 45
31 6 10
31 7 22
31 8 37
31 9 24
31 10 1
31 11 32
31 12 3
31 13 18
31 14 8
31 15 8
31 16 20
31 19 38
31 26 9
31 27 45
31 28 2
32 0 28
32 4 9
32 5 32
32 6 23
32 7 45
32 9 23
32 12 42
32 15 9
32 16 24
32 18 8
32 19 44
32 21 34
32 27 42
32 30 44
33 0 6
33 3 43
33 5 16
33 6 46
33 9 32
33 10 38
33 11 18
33 12 20
33 13 35
33 14 39
33 15 18
33 16 40
33 19 1
33 20 24
33 22 4
33 24 8
33 26 24
33 27 45
33 29 1
33 30 2
33 31 25
33 32 39
34 3 44
34 4 28
34 5 10
34 7 11
34 10 25
34 14 17
34 15 32
34 16 29
34 18 15
34 21 35
34 22 5
34 23 37
34 24 33
34 26 9
34 27 14
34 28 47
35 2 15
35 4 7
35 5 39
35 8 39
35 11 12
35 13 41
35 15 44
35 17 25
35 20 28
35 24 20
35 26 1
35 29 5
35 31 12
35 32 28
36 2 17
36 3 44
36 7 47
36 9 39
36 10 1
36 13 18
36 15 40
36 17 33
36 18 36
36 19 10
36 23 16
36 25 42
36 29 32
36 33 40
36 34 44
