48
1 0 17
2 0 38
2 1 5
3 0 15
3 1 31
3 2 30
4 0 26
4 1 12
4 2 29
4 3 16
5 0 9
5 1 15
5 2 25
5 3 30
5 4 35
6 0 27
6 1 21
6 2 27
6 3 13
6 4 19
6 5 19
7 0 16
7 1 1
7 2 34
7 3 1
7 4 3
7 5 24
7 6 1
8 0 23
8 1 7
8 2 45
8 3 22
8 4 25
8 5 12
8 6 43
8 7 4
9 0 9
9 1 5
9 2 8
9 3 19
9 4 25
9 5 34
9 6 22
9 7 9
9 8 19
10 0 2
10 1 19
10 2 21
10 3 38
10 4 7
10 5 18
10 6 4
10 7 5
10 8 33
10 9 36
11 0 36
11 1 45
11 2 44
11 3 27
11 4 25
11 5 4
11 6 17
11 7 2
11 8 34
11 9 19
11 10 15
12 0 17
12 1 2
12 2 3
12 3 35
12 4 15
12 5 15
12 6 41
12 7 19
12 8 6
12 9 27
12 10 12
12 11 7
13 0 15
13 1 20
13 2 38
13 3 1
13 4 19
13 5 12
13 6 1
13 7 29
13 8 6
13 9 43
13 10 37
13 11 37
13 12 5
14 0 7
14 1 39
14 2 5
14 3 1
14 4 24
14 5 45
14 6 15
14 7 29
14 8 34
14 9 35
14 10 5
14 11 7
14 12 44
14 13 32
15 0 12
15 1 31
15 2 1
15 3 44
15 4 35
15 5 15
15 6 29
15 7 4
15 8 1
15 9 31
15 10 26
15 11 31
15 12 1
15 13 24
15 14 9
16 0 29
16 1 35
16 2 36
16 3 39
16 4 25
16 5 36
16 6 19
16 7 26
16 8 45
16 9 33
16 10 42
16 11 15
16 12 43
16 13 13
16 14 36
16 15 11
17 0 32
17 1 43
17 2 42
17 3 21
17 4 2
17 5 26
17 6 45
17 7 20
17 8 41
17 9 17
17 10 1
17 11 1
17 12 37
17 13 1
17 14 3
17 15 8
17 16 14
18 0 7
18 1 14
18 2 2
18 3 23
18 4 4
18 5 8
18 6 37
18 7 45
18 8 32
18 9 25
18 10 2
18 11 17
18 12 1
18 13 26
18 14 21
18 15 21
18 16 28
18 17 5
19 0 1
19 1 35
19 2 41
19 3 36
19 4 10
19 5 27
19 6 16
19 7 2
19 8 26
19 9 17
19 10 24
19 11 24
19 12 42
19 13 30
19 14 2
19 15 11
19 16 42
19 17 44
19 18 28
20 0 31
20 1 42
20 2 23
20 3 37
20 4 6
20 5 3
20 6 14
20 7 4
20 8 4
20 9 12
20 10 29
20 11 17
20 12 1
20 13 26
20 14 16
20 15 17
20 16 17
20 17 41
20 18 23
20 19 45
21 0 6
21 1 44
21 2 38
21 3 40
21 4 28
21 5 23
21 6 31
21 7 38
21 8 17
21 9 21
21 10 8
21 11 31
21 12 1
21 13 2
21 14 10
21 15 34
21 16 31
21 17 1
21 18 21
21 19 4
21 20 16
22 0 2
22 1 1
22 2 8
22 3 8
22 4 20
22 5 4
22 6 25
22 7 26
22 8 32
22 9 9
22 10 35
22 11 34
22 12 12
22 13 14
22 14 26
22 15 2
22 16 28
22 17 26
22 18 5
22 19 35
22 20 33
22 21 22
23 0 35
23 1 5
23 2 17
23 3 7
23 4 39
23 5 39
23 6 36
23 7 14
23 8 44
23 9 4
23 10 33
23 11 36
23 12 12
23 13 43
23 14 44
23 15 21
23 16 26
23 17 28
23 18 33
23 19 29
23 20 7
23 21 25
23 22 21
24 0 27
24 1 36
24 2 32
24 3 13
24 4 43
24 5 3
24 6 44
24 7 36
24 8 28
24 9 16
24 10 37
24 11 38
24 12 34
24 13 41
24 14 3
24 15 1
24 16 7
24 17 40
24 18 31
24 19 19
24 20 26
24 21 45
24 22 38
24 23 16
25 0 20
25 1 38
25 2 16
25 3 31
25 4 14
25 5 15
25 6 20
25 7 13
25 8 25
25 9 8
25 10 40
25 11 27
25 12 4
25 13 13
25 14 5
25 15 14
25 16 34
25 17 19
25 18 9
25 19 38
25 20 4
25 21 33
25 22 27
25 23 38
25 24 13
26 0 28
26 1 24
26 2 1
26 3 33
26 4 19
26 5 22
26 6 2
26 7 22
26 8 30
26 9 14
26 10 24
26 11 19
26 12 40
26 13 40
26 14 33
26 15 1
26 16 18
26 17 15
26 18 9
26 19 39
26 20 19
26 21 5
26 22 3
26 23 30
26 24 10
26 25 25
27 0 35
27 1 1
27 2 35
27 3 36
27 4 25
27 5 10
27 6 19
27 7 5
27 8 39
27 9 16
27 10 41
27 11 38
27 12 30
27 13 34
27 14 41
27 15 39
27 16 1
27 17 45
27 18 17
27 19 42
27 20 35
27 21 6
27 22 42
27 23 22
27 24 4
27 25 8
27 26 35
28 0 38
28 1 38
28 2 44
28 3 43
28 4 30
28 5 34
28 6 14
28 7 40
28 8 11
28 9 11
28 10 34
28 11 25
28 12 3
28 13 23
28 14 24
28 15 38
28 16 20
28 17 22
28 18 13
28 19 30
28 20 22
28 21 24
28 22 5
28 23 3
28 24 22
28 25 2
28 26 19
28 27 24
29 0 26
29 1 8
29 2 40
29 3 45
29 4 11
29 5 39
29 6 9
29 7 12
29 8 41
29 9 12
29 10 36
29 11 40
29 12 42
29 13 20
29 14 9
29 15 2
29 16 23
29 17 9
29 18 23
29 19 15
29 20 21
29 21 9
29 22 7
29 23 40
29 24 34
29 25 29
29 26 43
29 27 24
29 28 17
30 0 17
30 1 44
30 2 4
30 3 38
30 4 1
30 5 5
30 6 34
30 7 23
30 8 28
30 9 44
30 10 3
30 11 20
30 12 39
30 13 29
30 14 15
30 15 15
30 16 36
30 17 20
30 18 11
30 19 4
30 20 30
30 21 36
30 22 33
30 23 40
30 24 19
30 25 27
30 26 5
30 27 30
30 28 33
30 29 3
31 0 17
31 1 24
31 2 27
31 3 27
31 4 5
31 5 28
31 6 20
31 7 12
31 8 15
31 9 11
31 10 18
31 11 7
31 12 5
31 13 15
31 14 33
31 15 14
31 16 45
31 17 28
31 18 31
31 19 11
31 20 25
31 21 7
31 22 34
31 23 13
31 24 21
31 25 32
31 26 25
31 27 8
31 28 44
31 29 30
31 30 32
32 0 20
32 1 36
32 2 8
32 3 7
32 4 43
32 5 24
32 6 25
32 7 9
32 8 15
32 9 17
32 10 25
32 11 2
32 12 3
32 13 32
32 14 31
32 15 19
32 16 39
32 17 31
32 18 38
32 19 43
32 20 11
32 21 1
32 22 40
32 23 45
32 24 25
32 25 22
32 26 1
32 27 13
32 28 42
32 29 2
32 30 38
32 31 30
33 0 34
33 1 16
33 2 42
33 3 30
33 4 35
33 5 11
33 6 33
33 7 26
33 8 43
33 9 19
33 10 15
33 11 22
33 12 24
33 13 13
33 14 41
33 15 21
33 16 3
33 17 38
33 18 1
33 19 23
33 20 10
33 21 4
33 22 26
33 23 19
33 24 39
33 25 7
33 26 9
33 27 13
33 28 26
33 29 15
33 30 7
33 31 24
33 32 19
34 0 23
34 1 1
34 2 32
34 3 42
34 4 37
34 5 36
34 6 7
34 7 27
34 8 31
34 9 13
34 10 26
34 11 8
34 12 5
34 13 35
34 14 2
34 15 25
34 16 6
34 17 16
34 18 45
34 19 9
34 20 5
34 21 27
34 22 2
34 23 18
34 24 32
34 25 6
34 26 39
34 27 28
34 28 2
34 29 22
34 30 30
34 31 36
34 32 16
34 33 19
35 0 19
35 1 28
35 2 7
35 3 11
35 4 18
35 5 31
35 6 30
35 7 8
35 8 25
35 9 19
35 10 43
35 11 24
35 12 31
35 13 44
35 14 11
35 15 15
35 16 19
35 17 30
35 18 8
35 19 32
35 20 28
35 21 20
35 22 1
35 23 11
35 24 31
35 25 23
35 26 7
35 27 37
35 28 27
35 29 18
35 30 12
35 31 41
35 32 6
35 33 27
35 34 5
36 0 17
36 1 12
36 2 39
36 3 34
36 4 43
36 5 38
36 6 34
36 7 32
36 8 11
36 9 36
36 10 9
36 11 19
36 12 41
36 13 39
36 14 28
36 15 27
36 16 7
36 17 16
36 18 19
36 19 9
36 20 33
36 21 15
36 22 36
36 23 7
36 24 21
36 25 29
36 26 42
36 27 25
36 28 20
36 29 2
36 30 10
36 31 9
36 32 29
36 33 1
36 34 43
36 35 43
37 0 39
37 1 29
37 2 41
37 3 5
37 4 34
37 5 23
37 6 17
37 7 6
37 8 33
37 9 5
37 10 37
37 11 33
37 12 36
37 13 17
37 14 8
37 15 13
37 16 34
37 17 1
37 18 16
37 19 28
37 20 7
37 21 25
37 22 26
37 23 3
37 24 4
37 25 42
37 26 30
37 27 9
37 28 30
37 29 31
37 30 15
37 31 24
37 32 30
37 33 25
37 34 39
37 35 13
37 36 42
38 0 7
38 1 8
38 2 38
38 3 6
38 4 12
38 5 42
38 6 23
38 7 16
38 8 26
38 9 6
38 10 42
38 11 22
38 12 10
38 13 19
38 14 43
38 15 9
38 16 9
38 17 45
38 18 43
38 19 13
38 20 31
38 21 4
38 22 39
38 23 21
38 24 39
38 25 43
38 26 29
38 27 36
38 28 16
38 29 8
38 30 23
38 31 38
38 32 2
38 33 40
38 34 23
38 35 21
38 36 23
38 37 28
39 0 5
39 1 21
39 2 9
39 3 14
39 4 44
39 5 16
39 6 15
39 7 38
39 8 44
39 9 30
39 10 9
39 11 31
39 12 8
39 13 2
39 14 6
39 15 34
39 16 24
39 17 27
39 18 14
39 19 23
39 20 44
39 21 22
39 22 23
39 23 3
39 24 37
39 25 38
39 26 1
39 27 30
39 28 15
39 29 6
39 30 29
39 31 34
39 32 32
39 33 39
39 34 18
39 35 28
39 36 6
39 37 7
39 38 16
40 0 10
40 1 26
40 2 24
40 3 28
40 4 44
40 5 16
40 6 45
40 7 23
40 8 9
40 9 36
40 10 14
40 11 29
40 12 29
40 13 21
40 14 41
40 15 43
40 16 22
40 17 30
40 18 36
40 19 10
40 20 26
40 21 18
40 22 37
40 23 36
40 24 28
40 25 45
40 26 27
40 27 6
40 28 44
40 29 32
40 30 12
40 31 25
40 32 1
40 33 19
40 34 36
40 35 25
40 36 9
40 37 10
40 38 28
40 39 12
41 0 18
41 1 9
41 2 33
41 3 42
41 4 3
41 5 42
41 6 16
41 7 29
41 8 22
41 9 25
41 10 9
41 11 30
41 12 36
41 13 16
41 14 26
41 15 5
41 16 42
41 17 44
41 18 6
41 19 24
41 20 19
41 21 9
41 22 32
41 23 1
41 24 36
41 25 27
41 26 34
41 27 39
41 28 43
41 29 20
41 30 18
41 31 29
41 32 42
41 33 36
41 34 43
41 35 17
41 36 34
41 37 31
41 38 19
41 39 12
41 40 6
42 0 36
42 1 14
42 2 43
42 3 37
42 4 44
42 5 3
42 6 16
42 7 6
42 8 22
42 9 23
42 10 36
42 11 17
42 12 41
42 13 18
42 14 20
42 15 11
42 16 10
42 17 44
42 18 35
42 19 6
42 20 7
42 21 41
42 22 15
42 23 5
42 24 41
42 25 10
42 26 2
42 27 45
42 28 11
42 29 5
42 30 43
42 31 39
42 32 2
42 33 19
42 34 39
42 35 24
42 36 43
42 37 30
42 38 27
42 39 20
42 40 43
42 41 23
43 0 32
43 1 29
43 2 32
43 3 12
43 4 34
43 5 22
43 6 7
43 7 29
43 8 24
43 9 7
43 10 30
43 11 3
43 12 7
43 13 6
43 14 33
43 15 7
43 16 17
43 17 33
43 18 44
43 19 1
43 20 36
43 21 22
43 22 45
43 23 38
43 24 3
43 25 19
43 26 20
43 27 26
43 28 39
43 29 6
43 30 2
43 31 37
43 32 17
43 33 31
43 34 28
43 35 15
43 36 31
43 37 7
43 38 28
43 39 27
43 40 7
43 41 5
43 42 9
44 0 11
44 1 34
44 2 13
44 3 1
44 4 37
44 5 44
44 6 23
44 7 32
44 8 23
44 9 27
44 10 20
44 11 3
44 12 9
44 13 34
44 14 32
44 15 35
44 16 3
44 17 33
44 18 23
44 19 10
44 20 7
44 21 35
44 22 35
44 23 22
44 24 2
44 25 23
44 26 24
44 27 40
44 28 22
44 29 42
44 30 41
44 31 16
44 32 18
44 33 8
44 34 2
44 35 31
44 36 39
44 37 10
44 38 36
44 39 20
44 40 36
44 41 25
44 42 42
44 43 1
45 0 24
45 1 13
45 2 23
45 3 4
45 4 29
45 5 6
45 6 11
45 7 24
45 8 21
45 9 24
45 10 4
45 11 28
45 12 11
45 13 33
45 14 33
45 15 40
45 16 44
45 17 10
45 18 20
45 19 43
45 20 13
45 21 24
45 22 13
45 23 24
45 24 36
45 25 39
45 26 2
45 27 1
45 28 8
45 29 37
45 30 2
45 31 30
45 32 19
45 33 40
45 34 2
45 35 45
45 36 3
45 37 38
45 38 20
45 39 8
45 40 3
45 41 24
45 42 40
45 43 23
45 44 21
46 0 27
46 1 39
46 2 42
46 3 42
46 4 45
46 5 31
46 6 27
46 7 25
46 8 34
46 9 17
46 10 38
46 11 2
46 12 36
46 13 40
46 14 32
46 15 9
46 16 11
46 17 44
46 18 20
46 19 9
46 20 11
46 21 29
46 22 12
46 23 31
46 24 13
46 25 37
46 26 10
46 27 34
46 28 25
46 29 33
46 30 18
46 31 1
46 32 43
46 33 10
46 34 13
46 35 22
46 36 28
46 37 45
46 38 16
46 39 42
46 40 4
46 41 19
46 42 3
46 43 6
46 44 27
46 45 13
47 0 41
47 1 32
47 2 43
47 3 4
47 4 7
47 5 6
47 6 12
47 7 5
47 8 18
47 9 19
47 10 2
47 11 38
47 12 8
47 13 3
47 14 41
47 15 24
47 16 45
47 17 6
47 18 31
47 19 15
47 20 42
47 21 10
47 22 17
47 23 4
47 24 18
47 25 20
47 26 42
47 27 12
47 28 23
47 29 36
47 30 13
47 31 32
47 32 36
47 33 6
47 34 5
47 35 6
47 36 26
47 37 21
47 38 25
47 39 31
47 40 19
47 41 5
47 42 29
47 43 41
47 44 33
47 45 15
47 46 9
