54
1 0 3
2 0 2
2 1 2
3 0 1
3 1 1
3 2 2
4 0 3
4 1 2
4 2 3
4 3 1
5 0 3
5 1 3
5 2 2
5 3 3
5 4 3
6 0 2
6 1 3
6 2 3
6 3 1
6 4 2
6 5 3
7 0 2
7 1 2
7 2 1
7 3 1
7 4 2
7 5 3
7 6 2
8 0 3
8 1 2
8 2 3
8 3 2
8 4 3
8 5 2
8 6 3
8 7 3
9 0 2
9 1 2
9 2 1
9 3 3
9 4 3
9 5 3
9 6 2
9 7 1
9 8 3
10 0 2
10 1 3
10 2 3
10 3 1
10 4 2
10 5 1
10 6 3
10 7 1
10 8 2
10 9 1
11 0 2
11 1 2
11 2 1
11 3 1
11 4 3
11 5 1
11 6 2
11 7 1
11 8 1
11 9 3
11 10 3
12 0 2
12 1 1
12 2 3
12 3 2
12 4 1
12 5 1
12 6 2
12 7 1
12 8 1
12 9 3
12 10 2
12 11 3
13 0 1
13 1 1
13 2 2
13 3 2
13 4 1
13 5 1
13 6 2
13 7 3
13 8 3
13 9 3
13 10 3
13 11 1
13 12 1
14 0 1
14 1 1
14 2 3
14 3 3
14 4 3
14 5 2
14 6 1
14 7 3
14 8 1
14 9 3
14 10 2
14 11 3
14 12 1
14 13 3
15 0 3
15 1 1
15 2 1
15 3 3
15 4 1
15 5 3
15 6 3
15 7 3
15 8 1
15 9 2
15 10 1
15 11 3
15 12 1
15 13 3
15 14 1
16 0 3
16 1 2
16 2 3
16 3 3
16 4 1
16 5 3
16 6 1
16 7 3
16 8 2
16 9 3
16 10 2
16 11 1
16 12 1
16 13 1
16 14 3
16 15 1
17 0 3
17 1 1
17 2 3
17 3 3
17 4 3
17 5 3
17 6 2
17 7 1
17 8 3
17 9 1
17 10 3
17 11 1
17 12 3
17 13 1
17 14 1
17 15 3
17 16 2
18 0 2
18 1 1
18 2 1
18 3 2
18 4 3
18 5 2
18 6 2
18 7 1
18 8 1
18 9 2
18 10 1
18 11 3
18 12 1
18 13 2
18 14 2
18 15 1
18 16 1
18 17 1
19 0 2
19 1 1
19 2 3
19 3 1
19 4 2
19 5 1
19 6 1
19 7 3
19 8 3
19 9 2
19 10 2
19 11 3
19 12 1
19 13 3
19 14 3
19 15 3
19 16 3
19 17 2
19 18 2
20 0 3
20 1 3
20 2 2
20 3 2
20 4 2
20 5 3
20 6 1
20 7 2
20 8 1
20 9 3
20 10 2
20 11 3
20 12 2
20 13 2
20 14 3
20 15 2
20 16 2
20 17 2
20 18 3
20 19 3
21 0 1
21 1 3
21 2 2
21 3 2
21 4 1
21 5 3
21 6 1
21 7 1
21 8 2
21 9 1
21 10 2
21 11 2
21 12 2
21 13 1
21 14 1
21 15 3
21 16 1
21 17 1
21 18 3
21 19 3
21 20 1
22 0 3
22 1 2
22 2 1
22 3 2
22 4 3
22 5 3
22 6 3
22 7 2
22 8 3
22 9 2
22 10 3
22 11 1
22 12 3
22 13 1
22 14 3
22 15 2
22 16 3
22 17 3
22 18 2
22 19 2
22 20 2
22 21 2
23 0 2
23 1 3
23 2 3
23 3 2
23 4 2
23 5 2
23 6 2
23 7 3
23 8 2
23 9 2
23 10 1
23 11 1
23 12 2
23 13 3
23 14 3
23 15 2
23 16 1
23 17 3
23 18 2
23 19 1
23 20 1
23 21 3
23 22 1
24 0 1
24 1 3
24 2 2
24 3 3
24 4 3
24 5 3
24 6 2
24 7 2
24 8 2
24 9 3
24 10 2
24 11 2
24 12 3
24 13 2
24 14 3
24 15 1
24 16 1
24 17 3
24 18 1
24 19 3
24 20 1
24 21 2
24 22 2
24 23 3
25 0 3
25 1 2
25 2 1
25 3 1
25 4 1
25 5 3
25 6 3
25 7 1
25 8 1
25 9 1
25 10 2
25 11 1
25 12 2
25 13 2
25 14 1
25 15 3
25 16 3
25 17 3
25 18 2
25 19 3
25 20 1
25 21 2
25 22 3
25 23 3
25 24 1
26 0 2
26 1 2
26 2 2
26 3 3
26 4 3
26 5 3
26 6 1
26 7 3
26 8 2
26 9 1
26 10 2
26 11 2
26 12 3
26 13 3
26 14 2
26 15 1
26 16 2
26 17 3
26 18 3
26 19 1
26 20 1
26 21 3
26 22 3
26 23 1
26 24 1
26 25 3
27 0 3
27 1 2
27 2 2
27 3 3
27 4 2
27 5 2
27 6 3
27 7 3
27 8 2
27 9 3
27 10 1
27 11 2
27 12 2
27 13 1
27 14 1
27 15 2
27 16 2
27 17 1
27 18 2
27 19 3
27 20 1
27 21 1
27 22 1
27 23 3
27 24 2
27 25 2
27 26 1
28 0 3
28 1 3
28 2 2
28 3 2
28 4 1
28 5 3
28 6 1
28 7 3
28 8 2
28 9 2
28 10 3
28 11 2
28 12 2
28 13 3
28 14 2
28 15 1
28 16 1
28 17 3
28 18 1
28 19 1
28 20 1
28 21 3
28 22 1
28 23 3
28 24 1
28 25 1
28 26 2
28 27 2
29 0 2
29 1 3
29 2 2
29 3 2
29 4 2
29 5 3
29 6 3
29 7 2
29 8 2
29 9 2
29 10 2
29 11 2
29 12 2
29 13 3
29 14 2
29 15 3
29 16 3
29 17 2
29 18 1
29 19 1
29 20 1
29 21 1
29 22 1
29 23 3
29 24 1
29 25 3
29 26 3
29 27 3
29 28 3
30 0 1
30 1 3
30 2 1
30 3 2
30 4 3
30 5 3
30 6 3
30 7 1
30 8 3
30 9 3
30 10 2
30 11 1
30 12 3
30 13 2
30 14 3
30 15 1
30 16 3
30 17 1
30 18 1
30 19 2
30 20 3
30 21 1
30 22 3
30 23 2
30 24 3
30 25 3
30 26 2
30 27 1
30 28 2
30 29 2
31 0 2
31 1 2
31 2 3
31 3 3
31 4 3
31 5 2
31 6 2
31 7 1
31 8 2
31 9 1
31 10 2
31 11 1
31 12 1
31 13 3
31 14 1
31 15 1
31 16 1
31 17 2
31 18 1
31 19 3
31 20 1
31 21 2
31 22 2
31 23 3
31 24 1
31 25 3
31 26 2
31 27 1
31 28 2
31 29 1
31 30 2
32 0 2
32 1 1
32 2 1
32 3 3
32 4 3
32 5 3
32 6 2
32 7 3
32 8 1
32 9 2
32 10 1
32 11 1
32 12 3
32 13 3
32 14 1
32 15 1
32 16 2
32 17 3
32 18 3
32 19 2
32 20 3
32 21 2
32 22 2
32 23 3
32 24 3
32 25 2
32 26 1
32 27 1
32 28 1
32 29 3
32 30 3
32 31 2
33 0 2
33 1 3
33 2 1
33 3 2
33 4 2
33 5 1
33 6 3
33 7 2
33 8 2
33 9 1
33 10 1
33 11 1
33 12 2
33 13 1
33 14 3
33 15 3
33 16 1
33 17 3
33 18 2
33 19 2
33 20 1
33 21 3
33 22 2
33 23 2
33 24 3
33 25 3
33 26 3
33 27 2
33 28 2
33 29 2
33 30 3
33 31 3
33 32 1
34 0 3
34 1 3
34 2 3
34 3 2
34 4 3
34 5 3
34 6 3
34 7 3
34 8 2
34 9 1
34 10 2
34 11 2
34 12 3
34 13 1
34 14 3
34 15 1
34 16 3
34 17 1
34 18 3
34 19 3
34 20 1
34 21 1
34 22 3
34 23 2
34 24 3
34 25 1
34 26 3
34 27 1
34 28 1
34 29 2
34 30 3
34 31 1
34 32 1
34 33 2
35 0 1
35 1 2
35 2 1
35 3 3
35 4 1
35 5 2
35 6 2
35 7 1
35 8 3
35 9 3
35 10 1
35 11 1
35 12 2
35 13 2
35 14 2
35 15 3
35 16 1
35 17 3
35 18 3
35 19 3
35 20 2
35 21 3
35 22 2
35 23 1
35 24 3
35 25 3
35 26 1
35 27 2
35 28 2
35 29 2
35 30 3
35 31 1
35 32 3
35 33 1
35 34 2
36 0 2
36 1 3
36 2 2
36 3 1
36 4 1
36 5 2
36 6 3
36 7 3
36 8 1
36 9 2
36 10 2
36 11 2
36 12 3
36 13 3
36 14 2
36 15 2
36 16 3
36 17 2
36 18 3
36 19 2
36 20 1
36 21 2
36 22 2
36 23 2
36 24 1
36 25 3
36 26 3
36 27 3
36 28 1
36 29 3
36 30 3
36 31 3
36 32 1
36 33 3
36 34 3
36 35 3
37 0 2
37 1 2
37 2 1
37 3 3
37 4 3
37 5 3
37 6 1
37 7 1
37 8 3
37 9 2
37 10 2
37 11 2
37 12 2
37 13 3
37 14 2
37 15 2
37 16 1
37 17 3
37 18 3
37 19 3
37 20 2
37 21 3
37 22 2
37 23 3
37 24 1
37 25 2
37 26 1
37 27 3
37 28 1
37 29 3
37 30 3
37 31 3
37 32 3
37 33 1
37 34 1
37 35 3
37 36 1
38 0 2
38 1 1
38 2 3
38 3 3
38 4 2
38 5 2
38 6 2
38 7 3
38 8 1
38 9 2
38 10 1
38 11 2
38 12 3
38 13 3
38 14 1
38 15 1
38 16 1
38 17 2
38 18 2
38 19 3
38 20 1
38 21 1
38 22 1
38 23 2
38 24 3
38 25 1
38 26 1
38 27 2
38 28 3
38 29 2
38 30 3
38 31 3
38 32 2
38 33 1
38 34 3
38 35 1
38 36 3
38 37 1
39 0 3
39 1 2
39 2 2
39 3 2
39 4 3
39 5 3
39 6 2
39 7 2
39 8 3
39 9 3
39 10 2
39 11 1
39 12 3
39 13 3
39 14 1
39 15 3
39 16 2
39 17 1
39 18 1
39 19 2
39 20 2
39 21 3
39 22 2
39 23 2
39 24 2
39 25 1
39 26 2
39 27 2
39 28 2
39 29 2
39 30 2
39 31 3
39 32 1
39 33 1
39 34 3
39 35 2
39 36 2
39 37 3
39 38 1
40 0 1
40 1 2
40 2 3
40 3 1
40 4 3
40 5 2
40 6 2
40 7 3
40 8 2
40 9 1
40 10 3
40 11 3
40 12 3
40 13 2
40 14 3
40 15 2
40 16 3
40 17 3
40 18 3
40 19 3
40 20 2
40 21 3
40 22 3
40 23 1
40 24 2
40 25 3
40 26 3
40 27 1
40 28 3
40 29 2
40 30 3
40 31 1
40 32 1
40 33 3
40 34 1
40 35 1
40 36 3
40 37 2
40 38 2
40 39 1
41 0 3
41 1 3
41 2 3
41 3 2
41 4 2
41 5 3
41 6 3
41 7 2
41 8 3
41 9 1
41 10 3
41 11 3
41 12 3
41 13 3
41 14 1
41 15 1
41 16 2
41 17 3
41 18 2
41 19 1
41 20 3
41 21 3
41 22 2
41 23 2
41 24 3
41 25 1
41 26 3
41 27 3
41 28 3
41 29 3
41 30 2
41 31 3
41 32 1
41 33 3
41 34 2
41 35 1
41 36 3
41 37 1
41 38 3
41 39 1
41 40 1
42 0 1
42 1 1
42 2 1
42 3 1
42 4 1
42 5 3
42 6 2
42 7 2
42 8 3
42 9 1
42 10 2
42 11 1
42 12 3
42 13 3
42 14 1
42 15 3
42 16 1
42 17 2
42 18 1
42 19 1
42 20 3
42 21 1
42 22 1
42 23 1
42 24 3
42 25 3
42 26 2
42 27 2
42 28 2
42 29 3
42 30 1
42 31 2
42 32 2
42 33 3
42 34 3
42 35 1
42 36 2
42 37 3
42 38 2
42 39 1
42 40 1
42 41 1
43 0 2
43 1 1
43 2 1
43 3 2
43 4 3
43 5 1
43 6 1
43 7 3
43 8 1
43 9 3
43 10 2
43 11 3
43 12 3
43 13 2
43 14 3
43 15 1
43 16 3
43 17 1
43 18 2
43 19 3
43 20 1
43 21 3
43 22 1
43 23 2
43 24 1
43 25 2
43 26 2
43 27 2
43 28 2
43 29 1
43 30 3
43 31 3
43 32 2
43 33 1
43 34 3
43 35 1
43 36 3
43 37 2
43 38 1
43 39 1
43 40 1
43 41 2
43 42 1
44 0 1
44 1 3
44 2 3
44 3 1
44 4 1
44 5 2
44 6 2
44 7 2
44 8 1
44 9 1
44 10 1
44 11 3
44 12 1
44 13 3
44 14 2
44 15 2
44 16 3
44 17 2
44 18 1
44 19 2
44 20 2
44 21 1
44 22 3
44 23 2
44 24 2
44 25 3
44 26 1
44 27 3
44 28 2
44 29 3
44 30 3
44 31 3
44 32 1
44 33 1
44 34 3
44 35 2
44 36 1
44 37 1
44 38 2
44 39 2
44 40 1
44 41 3
44 42 3
44 43 1
45 0 2
45 1 3
45 2 3
45 3 3
45 4 1
45 5 1
45 6 1
45 7 2
45 8 2
45 9 1
45 10 2
45 11 2
45 12 2
45 13 1
45 14 3
45 15 3
45 16 2
45 17 3
45 18 3
45 19 3
45 20 3
45 21 1
45 22 1
45 23 1
45 24 2
45 25 1
45 26 1
45 27 2
45 28 1
45 29 1
45 30 2
45 31 1
45 32 3
45 33 1
45 34 1
45 35 2
45 36 3
45 37 2
45 38 3
45 39 2
45 40 3
45 41 3
45 42 2
45 43 1
45 44 1
46 0 2
46 1 3
46 2 1
46 3 3
46 4 1
46 5 2
46 6 2
46 7 3
46 8 1
46 9 1
46 10 3
46 11 1
46 12 2
46 13 3
46 14 3
46 15 3
46 16 3
46 17 1
46 18 1
46 19 3
46 20 1
46 21 2
46 22 1
46 23 2
46 24 3
46 25 1
46 26 2
46 27 1
46 28 1
46 29 3
46 30 3
46 31 3
46 32 3
46 33 3
46 34 3
46 35 3
46 36 3
46 37 3
46 38 2
46 39 3
46 40 3
46 41 3
46 42 2
46 43 3
46 44 1
46 45 2
47 0 1
47 1 1
47 2 3
47 3 1
47 4 2
47 5 2
47 6 2
47 7 2
47 8 1
47 9 2
47 10 3
47 11 1
47 12 2
47 13 3
47 14 2
47 15 1
47 16 2
47 17 1
47 18 1
47 19 1
47 20 1
47 21 1
47 22 3
47 23 1
47 24 2
47 25 1
47 26 3
47 27 2
47 28 3
47 29 3
47 30 1
47 31 1
47 32 1
47 33 3
47 34 3
47 35 1
47 36 2
47 37 2
47 38 1
47 39 1
47 40 2
47 41 3
47 42 1
47 43 3
47 44 2
47 45 2
47 46 1
48 0 3
48 1 3
48 2 2
48 3 2
48 4 3
48 5 3
48 6 3
48 7 2
48 8 2
48 9 1
48 10 2
48 11 1
48 12 2
48 13 3
48 14 2
48 15 2
48 16 2
48 17 1
48 18 1
48 19 2
48 20 3
48 21 3
48 22 3
48 23 2
48 24 2
48 25 3
48 26 2
48 27 1
48 28 3
48 29 1
48 30 2
48 31 3
48 32 1
48 33 2
48 34 3
48 35 2
48 36 1
48 37 3
48 38 3
48 39 3
48 40 1
48 41 2
48 42 1
48 43 3
48 44 2
48 45 1
48 46 1
48 47 2
49 0 3
49 1 3
49 2 2
49 3 1
49 4 2
49 5 3
49 6 2
49 7 3
49 8 3
49 9 2
49 10 2
49 11 3
49 12 2
49 13 2
49 14 3
49 15 2
49 16 3
49 17 3
49 18 2
49 19 1
49 20 3
49 21 3
49 22 3
49 23 2
49 24 2
49 25 2
49 26 3
49 27 1
49 28 3
49 29 3
49 30 3
49 31 3
49 32 2
49 33 3
49 34 3
49 35 3
49 36 1
49 37 2
49 38 1
49 39 3
49 40 3
49 41 2
49 42 1
49 43 3
49 44 2
49 45 3
49 46 3
49 47 2
49 48 1
50 0 1
50 1 3
50 2 1
50 3 2
50 4 2
50 5 3
50 6 3
50 7 3
50 8 1
50 9 3
50 10 3
50 11 3
50 12 2
50 13 2
50 14 1
50 15 3
50 16 1
50 17 3
50 18 3
50 19 2
50 20 1
50 21 3
50 22 1
50 23 1
50 24 2
50 25 3
50 26 3
50 27 3
50 28 2
50 29 3
50 30 2
50 31 3
50 32 1
50 33 3
50 34 2
50 35 3
50 36 1
50 37 3
50 38 3
50 39 3
50 40 2
50 41 1
50 42 3
50 43 3
50 44 1
50 45 3
50 46 2
50 47 2
50 48 2
50 49 2
51 0 1
51 1 2
51 2 3
51 3 2
51 4 1
51 5 3
51 6 2
51 7 1
51 8 1
51 9 3
51 10 2
51 11 2
51 12 3
51 13 3
51 14 3
51 15 2
51 16 3
51 17 1
51 18 2
51 19 3
51 20 1
51 21 2
51 22 1
51 23 3
51 24 1
51 25 1
51 26 1
51 27 1
51 28 2
51 29 2
51 30 2
51 31 3
51 32 2
51 33 3
51 34 1
51 35 1
51 36 1
51 37 2
51 38 3
51 39 1
51 40 1
51 41 2
51 42 3
51 43 1
51 44 3
51 45 1
51 46 2
51 47 1
51 48 3
51 49 1
51 50 1
52 0 3
52 1 3
52 2 3
52 3 1
52 4 1
52 5 2
52 6 3
52 7 3
52 8 2
52 9 3
52 10 1
52 11 3
52 12 1
52 13 2
52 14 1
52 15 3
52 16 3
52 17 1
52 18 1
52 19 1
52 20 2
52 21 3
52 22 2
52 23 2
52 24 3
52 25 3
52 26 3
52 27 2
52 28 3
52 29 3
52 30 2
52 31 2
52 32 2
52 33 2
52 34 2
52 35 1
52 36 2
52 37 1
52 38 2
52 39 3
52 40 1
52 41 3
52 42 3
52 43 3
52 44 3
52 45 2
52 46 3
52 47 2
52 48 2
52 49 2
52 50 2
52 51 1
53 0 3
53 1 1
53 2 3
53 3 2
53 4 2
53 5 1
53 6 3
53 7 2
53 8 3
53 9 1
53 10 1
53 11 2
53 12 1
53 13 2
53 14 3
53 15 1
53 16 2
53 17 2
53 18 1
53 19 1
53 20 3
53 21 3
53 22 3
53 23 1
53 24 2
53 25 1
53 26 1
53 27 1
53 28 2
53 29 1
53 30 2
53 31 2
53 32 3
53 33 2
53 34 3
53 35 3
53 36 1
53 37 3
53 38 2
53 39 1
53 40 3
53 41 3
53 42 1
53 43 1
53 44 3
53 45 1
53 46 1
53 47 1
53 48 3
53 49 1
53 50 2
53 51 2
53 52 2
