25
1 0 30
2 0 31
2 1 17
3 0 31
3 1 5
3 2 5
4 0 47
4 1 38
4 2 12
4 3 3
5 0 8
5 1 15
5 2 25
5 3 40
5 4 26
6 0 22
6 1 22
6 2 30
6 3 33
6 4 21
6 5 46
7 0 37
7 1 7
7 2 35
7 3 16
7 4 25
7 5 32
7 6 17
8 0 33
8 1 26
8 2 17
8 3 30
8 4 16
8 5 44
8 6 9
8 7 44
9 0 8
9 1 4
9 2 18
9 3 20
9 4 7
9 5 45
9 6 30
9 7 38
9 8 27
10 0 18
10 1 2
10 2 34
10 3 27
10 4 28
10 5 18
10 6 6
10 7 44
10 8 14
10 9 42
11 0 36
11 1 20
11 2 17
11 3 44
11 4 39
11 5 10
11 6 28
11 7 47
11 8 6
11 9 30
11 10 43
12 0 1
12 1 23
12 2 4
12 3 43
12 4 46
12 5 15
12 6 8
12 7 21
12 8 6
12 9 16
12 10 32
12 11 47
13 0 28
13 1 1
13 2 9
13 3 2
13 4 42
13 5 11
13 6 40
13 7 5
13 8 32
13 9 10
13 10 8
13 11 40
13 12 47
14 0 32
14 1 27
14 2 9
14 3 26
14 4 41
14 5 7
14 6 4
14 7 44
14 8 34
14 9 39
14 10 32
14 11 36
14 12 25
14 13 41
15 0 44
15 1 11
15 2 41
15 3 26
15 4 43
15 5 20
15 6 20
15 7 10
15 8 16
15 9 26
15 10 4
15 11 10
15 12 3
15 13 36
15 14 30
16 0 20
16 1 28
16 2 16
16 3 33
16 4 13
16 5 41
16 6 17
16 7 32
16 8 27
16 9 40
16 10 10
16 11 11
16 12 19
16 13 33
16 14 23
16 15 4
17 0 47
17 1 20
17 2 46
17 3 20
17 4 24
17 5 27
17 6 10
17 7 19
17 8 37
17 9 6
17 10 17
17 11 45
17 12 29
17 13 25
17 14 30
17 15 20
17 16 16
18 0 6
18 1 18
18 2 23
18 3 23
18 4 34
18 5 36
18 6 27
18 7 46
18 8 9
18 9 21
18 10 19
18 11 1
18 12 47
18 13 33
18 14 28
18 15 28
18 16 8
18 17 3
19 0 32
19 1 27
19 2 20
19 3 15
19 4 20
19 5 17
19 6 42
19 7 15
19 8 34
19 9 43
19 10 45
19 11 10
19 12 16
19 13 21
19 14 28
19 15 40
19 16 13
19 17 6
19 18 7
20 0 18
20 1 20
20 2 40
20 3 17
20 4 36
20 5 2
20 6 11
20 7 6
20 8 47
20 9 46
20 10 12
20 11 14
20 12 46
20 13 33
20 14 31
20 15 23
20 16 41
20 17 32
20 18 47
20 19 37
21 0 20
21 1 26
21 2 18
21 3 28
21 4 1
21 5 17
21 6 40
21 7 15
21 8 35
21 9 17
21 10 7
21 11 24
21 12 9
21 13 28
21 14 12
21 15 22
21 16 41
21 17 3
21 18 6
21 19 33
21 20 7
22 0 5
22 1 8
22 2 25
22 3 5
22 4 27
22 5 34
22 6 6
22 7 46
22 8 32
22 9 17
22 10 6
22 11 45
22 12 25
22 13 43
22 14 5
22 15 18
22 16 6
22 17 20
22 18 26
22 19 31
22 20 47
22 21 26
23 0 37
23 1 34
23 2 32
23 3 4
23 4 13
23 5 18
23 6 6
23 7 18
23 8 6
23 9 10
23 10 17
23 11 17
23 12 40
23 13 44
23 14 2
23 15 44
23 16 26
23 17 41
23 18 45
23 19 2
23 20 7
23 21 26
23 22 16
24 0 4
24 1 13
24 2 19
24 3 35
24 4 41
24 5 6
24 6 38
24 7 40
24 8 32
24 9 8
24 10 7
24 11 3
24 12 4
24 13 31
24 14 35
24 15 16
24 16 25
24 17 10
24 18 37
24 19 22
24 20 37
24 21 2
24 22 12
24 23 9
