15
1 0 11
2 0 41
2 1 14
3 0 30
3 1 30
3 2 25
4 0 50
4 1 15
4 2 52
4 3 15
5 0 37
5 1 37
5 2 52
5 3 51
5 4 32
6 0 5
6 1 26
6 2 13
6 3 35
6 4 29
6 5 43
7 0 46
7 1 13
7 2 40
7 3 25
7 4 40
7 5 13
7 6 35
8 0 4
8 1 44
8 2 27
8 3 3
8 4 11
8 5 5
8 6 20
8 7 34
9 0 5
9 1 24
9 2 13
9 3 4
9 4 14
9 5 42
9 6 38
9 7 45
9 8 37
10 0 34
10 1 36
10 2 16
10 3 12
10 4 18
10 5 18
10 6 44
10 7 36
10 8 31
10 9 50
11 0 20
11 1 44
11 2 37
11 3 3
11 4 33
11 5 34
11 6 5
11 7 15
11 8 15
11 9 5
11 10 26
12 0 43
12 1 44
12 2 19
12 3 27
12 4 34
12 5 15
12 6 31
12 7 49
12 8 31
12 9 40
12 10 30
12 11 4
13 0 5
13 1 17
13 2 3
13 3 20
13 4 12
13 5 3
13 6 49
13 7 36
13 8 15
13 9 12
13 10 50
13 11 48
13 12 52
14 0 31
14 1 44
14 2 13
14 3 4
14 4 16
14 5 17
14 6 8
14 7 2
14 8 44
14 9 4
14 10 21
14 11 3
14 12 30
14 13 39
